nnodes nedges type
30 50 graph
nodename posx posy weight
0 0.004632049760863223 2.293534737173152 186
1 0.7885244719963552 0.043531458535357025 4
2 -0.23047802871558806 1.6332356985896093 159
3 1.63454030142012 2.042167975441184 253
4 -0.7457863797854583 2.3027358695710523 480
5 -0.5234650141199945 0.046199292973928205 239
6 1.1596883143922174 0.8316070016465901 123
7 -0.6343423693677458 -1.0807882188465527 453
8 -2.5852923949874502 1.0835836248323232 496
9 0.6064308502787478 0.7198390851857768 370
10 3.624180357911803 1.7384202830369746 282
11 1.680385750427015 -0.4097934047808113 212
12 0.5725068411168234 1.208788359309361 34
13 1.8714322686868394 0.2911992861971353 4
14 1.1927773112742266 -0.8491727578977558 237
15 2.585042892948331 1.2109374158216772 478
16 -1.1631513566851193 -0.16459506725093015 215
17 0.8103643170531051 2.066029201869019 470
18 0.6765846894519648 2.8436121284826874 195
19 -1.407682598194971 2.249425395375902 348
20 0.38620919016290856 -0.8518886814003344 13
21 3.507922767560254 0.6188765766894654 300
22 0.1477560451100555 0.016902254566083925 490
23 -0.028622196249324588 2.947305895856202 416
24 2.410865089302965 2.904847924292936 97
25 -0.6206020176736509 0.8180445492746794 319
26 2.8120781355499593 0.05021248977999432 282
27 -1.442473805820178 1.1602380426028238 11
28 0.4016084099631115 -2.004400179174256 101
29 1.260867615940228 3.1355351010358743 266
endpoint1 endpoint2
5 9
3 15
4 18
9 22
4 27
10 15
1 6
3 17
1 20
14 22
3 24
7 20
15 26
2 23
5 25
16 22
0 17
9 17
17 23
16 25
0 29
2 6
21 26
6 11
13 15
12 25
0 12
11 26
3 29
6 12
14 20
12 22
17 18
9 13
3 12
1 12
5 16
13 14
0 19
5 7
15 21
19 27
3 18
20 28
11 20
5 20
2 25
5 27
8 27
2 4
