nnodes nedges type
30 50 graph
nodename posx posy weight
0 -2.347700180689859 0.8546850982088539 348
1 0.6718774053318886 -3.1805948566336486 457
2 -0.048798979051311496 -2.3439140777933947 449
3 -0.44629768500424405 -0.7101584440716707 61
4 -2.0093403436229993 -1.4466001608617836 439
5 0.05817883170694561 -1.1034433107813204 66
6 -0.004160537783490389 -3.992985604888322 351
7 1.770247626129805 -1.011589393177048 4
8 -0.5068665982584742 -3.093414965533532 423
9 -0.04247819217585217 1.715801360566864 279
10 0.9946941527007324 1.1021830130376917 273
11 -3.0154571415562326 -0.9953515027169095 201
12 -1.5205979738815507 -2.6377102038910514 327
13 1.063124597543205 -2.8115201074651788 229
14 -1.0790154242823355 -2.6207396028231575 420
15 1.131972801047941 -1.7723865326415584 393
16 -1.1816319366829542 -0.17930257984416523 209
17 2.6832758420947793 -0.41043703425076455 254
18 0.08346930335579424 -0.5210105488646427 437
19 0.650713453213764 -0.8537114826618907 243
20 1.7848190477655095 0.31495774861557324 348
21 -0.9611682985682007 -1.182397024831449 259
22 0.40667988208623845 -2.0376091661969014 124
23 -1.238033613828396 1.2194957724245379 345
24 -0.7528836810519921 -1.995073446711482 287
25 -1.1218889405937167 -1.5050328548079321 61
26 -2.3241969299990783 -0.29990908303815805 225
27 1.3605542578722762 -0.4028760660699142 161
28 -0.135034443576391 0.5624110611217054 224
29 -2.5618736664395794 -2.4297169840584174 398
endpoint1 endpoint2
13 22
3 25
2 8
5 19
1 15
1 6
3 28
7 20
8 24
7 15
5 18
9 28
12 24
7 19
2 13
15 18
4 24
5 22
20 27
19 21
15 22
22 24
12 25
14 24
5 24
11 26
2 3
16 26
18 28
12 29
2 14
17 27
10 28
4 11
0 23
3 5
4 29
0 26
18 25
6 8
8 12
23 28
14 25
5 16
4 26
1 8
10 20
5 27
4 21
21 24
