nnodes nedges type
30 50 graph
nodename posx posy weight
0 0.9713761435664683 -2.0142951748051927 390
1 2.023313334971182 -0.047275765198771885 328
2 4.052107107162831 0.8768342920826322 139
3 2.0163052594767144 2.7446683724873093 160
4 4.47041487358823 -0.1499300696197228 56
5 3.054547510471002 -1.2602395523991197 62
6 5.291359815113383 0.4398629285408638 119
7 3.33173744923818 0.2713971421952666 54
8 2.6048598849465883 1.7253830797185015 70
9 2.989992177755674 1.304325608576998 48
10 4.943527909859549 2.6758452046256824 216
11 1.7808428454279919 -1.5425481613295757 120
12 3.8286149650155963 -0.5076056346170161 162
13 1.5276873466041974 0.3366441801233864 345
14 2.135306342398655 0.7923550868421969 55
15 1.528518605071807 -0.9324456335432421 54
16 1.2048103898723832 2.055544340108106 474
17 2.123745045787229 1.441876319238432 407
18 3.0738140843881525 3.0041019447293373 137
19 2.993946774801362 -2.0045922363508817 104
20 3.0339273814839087 0.29108270925715 96
21 3.691384084144703 -2.3593107554474586 355
22 1.319998364856605 1.0648535256031961 99
23 4.924093440507572 -0.9960228266774674 414
24 2.8352379444050895 -0.705418210272492 260
25 3.959647551319718 0.3661755737122034 85
26 4.159207983901456 1.8861009654226375 423
27 0.9389364138786437 -0.276776997609079 191
28 0.30672418472876817 -1.226166089009209 310
29 3.4350076440314297 1.8082768610960576 289
endpoint1 endpoint2
13 22
15 27
9 26
14 17
17 29
9 22
1 17
7 25
1 15
8 9
2 12
10 26
2 26
16 17
8 14
12 20
2 9
0 15
22 27
26 29
1 14
12 24
16 22
6 25
4 23
9 17
11 27
3 16
13 20
25 29
1 24
9 20
5 11
1 13
5 24
19 24
4 25
5 21
14 20
4 20
2 7
15 24
5 7
15 28
3 8
18 29
3 18
24 25
12 23
7 8
