nnodes nedges type
30 50 graph
nodename posx posy weight
0 -0.3610870288084028 -1.9129374818401579 207
1 2.5077250043749872 -1.124431301104154 106
2 1.6388647622216583 -2.692215179749058 281
3 2.2107165478914164 -0.20977339142392462 118
4 0.7351792290876041 -0.04665888870485682 238
5 1.2246528359702202 -2.5510414962917882 271
6 2.6285743958323033 -2.0607157058367767 207
7 3.6421939337550855 -0.40140158802317844 419
8 1.9968355009614285 1.2470538558743218 64
9 3.5360958370812896 0.40672506689887417 427
10 1.2136741006516323 1.026579759945154 241
11 2.757561926092237 0.04077231316268827 316
12 -1.514534796934214 -0.1687463539552236 496
13 3.925419744591171 -1.2596606538752444 450
14 3.778032827355866 -2.5015415122921416 465
15 3.185008971591415 -0.5177965577221258 63
16 1.3190080304035379 0.02241147900509347 43
17 -0.4696926301169807 -0.5814818812613087 101
18 0.08101831088548833 -0.007971752709435396 20
19 1.6781087999629545 -1.4101543798529301 256
20 2.451702705026784 -2.701424621379877 380
21 2.1918491912664027 0.5315246433958537 439
22 2.752607557582786 -1.4806995061405057 400
23 1.9536464468684736 2.380999167465041 337
24 1.1059757944462492 -3.6989389277279177 471
25 4.281703732712295 0.07038373361811953 413
26 0.13326364655782438 -1.2341884484779253 207
27 1.2113499909257075 -1.7596494778308744 426
28 0.7358677758262462 -2.5119796543278468 100
29 3.0393565506809397 0.7183034984957346 231
endpoint1 endpoint2
13 22
8 23
5 19
1 15
18 26
10 21
1 6
16 21
19 22
7 29
1 11
0 28
2 19
9 15
13 25
0 17
8 29
12 17
8 16
27 28
2 27
16 18
1 7
25 29
20 22
13 15
5 24
4 16
3 9
11 21
2 24
5 28
14 20
16 19
17 18
6 19
26 27
3 22
5 27
13 14
10 16
15 21
4 17
21 29
1 27
11 29
6 20
20 28
3 29
3 4
