nnodes nedges type
30 50 graph
nodename posx posy weight
0 2.4972773516432816 -0.5443442893655708 220
1 2.9402851938021577 1.4667526993010904 284
2 2.5674982536729605 2.357489587694595 33
3 2.19834801062229 3.341486323728036 268
4 1.9592986645020316 0.987449062877492 483
5 -1.0416547012801665 2.607582853447067 196
6 1.8775100081906968 -0.2418183332710782 111
7 0.6925146294834976 0.9093206946997798 329
8 5.7582957679752695 -1.3221746871406141 418
9 1.1617754777626634 -1.0231511554093617 454
10 4.140658956418123 1.212919924408895 374
11 2.230901746359198 1.5064211071173426 113
12 0.00410040516684752 2.066529248724674 53
13 3.3474372989792114 2.2121862335825853 368
14 4.854935340071747 -0.8002936174603011 429
15 2.9872770030742086 0.5746613931676106 175
16 3.6197703742377962 1.7615004004224966 383
17 3.1685769929124556 2.710678179337531 251
18 3.91704512530917 -0.21251824970561078 201
19 2.363369869947309 -1.355388957470129 275
20 -0.8052501514336003 -1.1552668134095994 443
21 -0.48256574552230247 0.8877600748909935 318
22 3.669075388363506 1.0348640298839278 320
23 0.7509129780002761 2.3044791655083494 296
24 0.05994372031759426 -0.3964518577154894 437
25 0.9856099312243279 1.461410655616868 43
26 0.11516991967283814 0.9444626843286837 342
27 -0.5501606584212807 1.536772107707929 86
28 -0.06897425393513354 3.20819091691805 322
29 1.9556647667721192 2.1798200167038835 205
endpoint1 endpoint2
13 22
4 7
7 21
24 26
1 15
10 15
23 26
1 29
16 17
8 14
0 15
1 16
14 18
25 26
16 22
13 29
15 18
9 24
10 22
12 21
2 16
15 22
7 27
1 13
23 29
12 25
10 13
3 29
2 3
5 28
2 17
6 19
4 29
11 17
26 27
4 6
1 22
20 24
23 28
4 15
0 19
11 29
0 6
5 27
0 9
11 15
12 23
11 25
15 16
2 4
