nnodes nedges type
30 50 graph
nodename posx posy weight
0 2.9053957965034525 -0.07357072683814225 334
1 0.3851569299727822 -3.504719337911978 287
2 0.724423314046277 -0.39279316848667306 348
3 3.5316946940391305 -1.0505624498584882 251
4 -0.3004790151677207 -4.445628006261622 144
5 0.2705225561396412 -2.7388096394347587 96
6 -0.26591957577239594 -0.5644127083890603 279
7 0.6480536183683278 -1.910172575855467 189
8 1.858878102122668 0.6937704882075504 484
9 1.528365302738283 -2.4949955473080276 189
10 1.013185094713086 -3.584260061635266 469
11 2.1854409085228896 -1.238235752538148 56
12 3.6982993649674176 -3.6068861126555958 423
13 0.8949020483146908 -1.338841241170216 112
14 1.4184032702006033 -1.1927176953729541 209
15 1.256939021805146 -2.3213517442842435 330
16 3.556376891414081 -1.9250636966217052 380
17 2.6751840578469577 -1.7797699768039885 162
18 1.8710862529924652 -0.47758743129555004 226
19 0.014024958498198821 -1.4327571255278493 260
20 1.9377724393220896 1.7614933871283194 270
21 2.508670857453069 -2.943630421935621 146
22 1.5282152108645342 -3.1777026824455357 50
23 3.1465122018302734 -3.5582770917614215 147
24 2.0449997712525176 -1.7762219633102565 183
25 4.1604991807655125 -2.914605218984237 338
26 2.7615078313461727 -2.4451761644465138 471
27 2.00257719093976 -3.7721366181332505 253
28 -0.19520470390948638 -2.7325008061817604 106
29 2.9223658982273073 -0.5129945033474 459
endpoint1 endpoint2
2 18
17 29
22 26
9 22
3 11
5 19
10 15
23 26
16 24
2 19
9 21
14 18
7 24
8 20
7 19
0 11
17 24
10 27
9 17
1 28
3 16
5 22
16 25
11 18
11 13
12 21
23 25
9 14
21 26
18 24
12 25
14 24
1 4
11 26
1 9
13 19
2 14
9 13
11 15
9 27
5 10
15 24
5 7
15 28
18 29
8 18
6 13
17 26
23 27
21 24
