nnodes nedges type
30 50 graph
nodename posx posy weight
0 0.43796529086721053 3.152911498671878 335
1 -1.2366823819734793 1.9056375503195542 293
2 4.205598558843961 3.782552248800575 158
3 0.8013702495164358 2.7397783923532772 295
4 0.8057495144501997 1.9559723935130269 361
5 3.4632165121953395 2.0983614490595466 320
6 3.263397624443881 3.239341107856743 188
7 -0.026139083131466827 1.6354830732974497 254
8 -0.7973784224108762 0.06740044457384149 33
9 1.013705024632531 1.4127432229383476 240
10 1.2692582023569075 3.7409423162498836 174
11 0.040476272081549164 3.2150820140735163 413
12 2.16743850448719 2.2988630360143176 238
13 2.625572688156536 2.629900663138261 460
14 0.37004889322537593 2.3030384452496357 246
15 1.767857263691829 1.8384668064402934 270
16 3.2922895650575934 0.05558834242054201 21
17 2.112763125689619 0.13731611780620662 76
18 -0.7147557586359029 4.130490615136653 99
19 1.9461208743223415 3.810447779973032 395
20 1.6966657497847513 2.421662082883864 401
21 1.093405463502966 0.8739769993920301 66
22 -1.2044136230002813 1.034225170561236 230
23 -0.019476473284710874 0.25464336749381483 312
24 3.9749811343371184 1.0260165843047517 334
25 -0.9492382201521825 2.6015125854610246 444
26 1.9787763445847142 4.550651637522136 325
27 1.7826364589965344 3.198885245646139 253
28 1.1331662495271135 -0.2660207909247918 130
29 0.06117503997548707 0.976424600789655 330
endpoint1 endpoint2
15 27
7 21
22 23
10 11
5 6
15 20
21 28
9 29
4 12
11 14
3 7
0 3
16 24
7 29
3 14
16 17
4 9
1 25
5 12
3 20
10 12
10 27
8 29
0 4
13 20
11 18
3 27
20 27
7 14
2 6
9 14
9 20
0 25
13 15
21 23
4 14
5 24
14 15
4 11
4 29
6 19
22 25
26 27
0 19
15 21
13 27
17 21
6 13
1 7
4 21
