nnodes nedges type
30 50 graph
nodename posx posy weight
0 -0.9816594314034672 -2.548966305053438 284
1 1.6997096903078814 -0.9627245804840964 347
2 -1.7333579112805566 -1.3785051661960328 72
3 -0.237593073059633 -0.3843047894784588 6
4 0.6631257249318059 0.161659328282021 474
5 0.35872965159005754 -1.0794006905676605 229
6 2.1339912841673048 0.7173715646780625 232
7 1.2427467306467324 -0.013074531260477215 91
8 1.535751613876336 2.0082747239562035 388
9 -0.05235237105611617 0.3849970839302361 144
10 2.676098955029446 2.1727650772329357 309
11 -1.5528856810755363 -0.3497481882792933 42
12 -2.3433047641355143 0.8837104030570293 20
13 -0.44971211477943385 1.8884223366487705 175
14 -0.11314908882121373 1.2017542193740203 22
15 0.38505334369220284 -0.49237249914742953 238
16 0.9358824925950415 -2.1908169169625085 376
17 1.3355949268076217 -0.4008759470286403 264
18 3.0215987207279746 1.0272059188994604 266
19 0.335248207488897 2.1965132327130448 160
20 -1.2279736574368951 0.45800744712434505 324
21 0.6505799338157171 1.8283445160954128 45
22 -0.5312676299937894 -1.5181377815107642 92
23 0.9654420992405679 1.2157811823084423 333
24 0.8333909893294226 -1.4090449127611886 425
25 -0.7296026896584417 1.2576327321516636 388
26 2.2845938101019168 0.18977849533849236 274
27 -0.7605426360124443 -0.8810542165139476 448
28 1.1394639736886225 0.7579830657771902 38
29 1.453833685794259 -3.1417914222792414 495
endpoint1 endpoint2
3 15
5 9
20 25
6 28
21 28
26 28
3 11
18 26
8 19
2 22
8 28
3 17
16 24
9 25
12 20
6 7
4 9
17 28
22 27
24 27
16 29
8 10
10 18
4 23
19 25
17 24
5 22
7 23
20 27
0 22
1 24
14 28
15 22
6 18
1 4
13 19
14 20
7 9
9 13
5 16
14 25
5 7
2 11
15 28
11 20
14 21
1 7
17 26
19 23
3 4
