nnodes nedges type
100 180 graph
nodename posx posy weight
0 0 0 4755
1 1 0 2139
2 2 0 1954
3 3 0 2322
4 4 0 2463
5 5 0 2472
6 6 0 3014
7 7 0 1451
8 8 0 2549
9 9 0 2655
10 0 1 3823
11 1 1 3847
12 2 1 2144
13 3 1 4190
14 4 1 4577
15 5 1 3310
16 6 1 4972
17 7 1 1700
18 8 1 2151
19 9 1 4806
20 0 2 1002
21 1 2 2998
22 2 2 3211
23 3 2 3394
24 4 2 3312
25 5 2 2396
26 6 2 2358
27 7 2 4922
28 8 2 3092
29 9 2 1300
30 0 3 2914
31 1 3 4017
32 2 3 4937
33 3 3 4452
34 4 3 1908
35 5 3 3575
36 6 3 1829
37 7 3 2935
38 8 3 2986
39 9 3 4075
40 0 4 4541
41 1 4 4783
42 2 4 3714
43 3 4 3289
44 4 4 3361
45 5 4 1121
46 6 4 4097
47 7 4 2840
48 8 4 3204
49 9 4 1001
50 0 5 3004
51 1 5 4003
52 2 5 2973
53 3 5 2208
54 4 5 1714
55 5 5 1947
56 6 5 4830
57 7 5 3105
58 8 5 4505
59 9 5 1936
60 0 6 2749
61 1 6 3691
62 2 6 4205
63 3 6 2958
64 4 6 2495
65 5 6 1923
66 6 6 4494
67 7 6 2953
68 8 6 1433
69 9 6 1955
70 0 7 4404
71 1 7 4821
72 2 7 3875
73 3 7 4963
74 4 7 3639
75 5 7 3028
76 6 7 3413
77 7 7 4297
78 8 7 2545
79 9 7 4745
80 0 8 2745
81 1 8 2726
82 2 8 2752
83 3 8 4243
84 4 8 2576
85 5 8 4130
86 6 8 4247
87 7 8 4765
88 8 8 2443
89 9 8 4498
90 0 9 1265
91 1 9 3916
92 2 9 3213
93 3 9 3662
94 4 9 1916
95 5 9 4075
96 6 9 2283
97 7 9 4162
98 8 9 4228
99 9 9 4667
endpoint1 endpoint2
54 55
86 87
92 93
40 41
72 73
18 19
0 10
34 35
50 60
66 76
94 95
1 11
80 81
96 97
6 7
19 29
44 45
52 53
76 77
84 85
20 30
25 26
21 31
88 98
27 28
35 36
4 5
37 38
14 24
14 15
82 92
11 21
81 91
55 56
12 22
0 1
17 18
33 34
13 23
8 18
42 52
74 84
9 19
15 16
22 32
7 8
6 16
67 68
22 23
35 45
36 46
8 9
37 47
2 12
60 70
65 66
58 59
12 13
20 21
56 66
89 99
54 64
15 25
67 77
73 74
69 79
50 51
16 26
32 42
66 67
17 27
23 24
33 43
75 76
83 84
38 39
90 91
77 78
85 86
62 72
24 25
57 58
10 20
23 33
7 17
42 43
74 75
28 29
36 37
61 62
46 56
30 31
46 47
82 83
27 37
59 69
98 99
65 75
95 96
28 38
16 17
32 33
29 39
61 71
83 93
86 96
85 95
24 34
58 68
25 35
47 48
38 48
57 67
68 78
41 42
2 3
18 28
34 44
75 85
43 44
51 52
77 87
45 46
53 54
30 40
73 83
3 4
71 72
10 11
47 57
5 6
48 58
64 74
49 59
31 32
63 64
1 2
70 71
51 61
52 62
84 94
56 57
53 63
26 36
39 49
55 65
91 92
3 13
60 61
68 69
79 89
93 94
4 14
78 88
5 15
62 63
78 79
80 90
43 53
11 12
44 54
76 86
87 88
48 49
64 65
81 82
45 55
26 27
97 98
31 41
13 14
21 22
63 73
88 89
87 97
40 50
72 82
71 81
41 51
70 80
