nnodes nedges type
100 180 graph
nodename posx posy weight
0 0 0 2247
1 1 0 1348
2 2 0 1982
3 3 0 3670
4 4 0 1040
5 5 0 3281
6 6 0 1811
7 7 0 1383
8 8 0 1636
9 9 0 4360
10 0 1 3254
11 1 1 2489
12 2 1 2520
13 3 1 1416
14 4 1 3535
15 5 1 2109
16 6 1 4181
17 7 1 1410
18 8 1 1438
19 9 1 4400
20 0 2 1429
21 1 2 4549
22 2 2 4447
23 3 2 3380
24 4 2 1816
25 5 2 1177
26 6 2 4438
27 7 2 2116
28 8 2 1195
29 9 2 3851
30 0 3 1373
31 1 3 4313
32 2 3 4110
33 3 3 3836
34 4 3 1393
35 5 3 4587
36 6 3 1275
37 7 3 2576
38 8 3 1620
39 9 3 2509
40 0 4 1247
41 1 4 4455
42 2 4 4753
43 3 4 4526
44 4 4 4181
45 5 4 3664
46 6 4 3032
47 7 4 1224
48 8 4 3704
49 9 4 1185
50 0 5 1548
51 1 5 4725
52 2 5 4984
53 3 5 1925
54 4 5 4777
55 5 5 4534
56 6 5 1429
57 7 5 4197
58 8 5 3122
59 9 5 4582
60 0 6 2261
61 1 6 1954
62 2 6 1715
63 3 6 2219
64 4 6 1125
65 5 6 4364
66 6 6 2154
67 7 6 4919
68 8 6 3396
69 9 6 2738
70 0 7 2803
71 1 7 3132
72 2 7 1487
73 3 7 2824
74 4 7 1777
75 5 7 3973
76 6 7 3923
77 7 7 3871
78 8 7 1339
79 9 7 3369
80 0 8 2588
81 1 8 3830
82 2 8 3716
83 3 8 2201
84 4 8 3164
85 5 8 4079
86 6 8 1247
87 7 8 1035
88 8 8 3033
89 9 8 3603
90 0 9 2407
91 1 9 3897
92 2 9 3405
93 3 9 3556
94 4 9 1006
95 5 9 4014
96 6 9 1910
97 7 9 4333
98 8 9 4908
99 9 9 3105
endpoint1 endpoint2
54 55
86 87
92 93
40 41
72 73
18 19
0 10
34 35
50 60
66 76
94 95
1 11
80 81
96 97
6 7
19 29
44 45
52 53
76 77
84 85
20 30
25 26
21 31
88 98
27 28
35 36
4 5
37 38
14 24
14 15
82 92
11 21
81 91
55 56
12 22
0 1
17 18
33 34
13 23
8 18
42 52
74 84
9 19
15 16
22 32
7 8
6 16
67 68
22 23
35 45
36 46
8 9
37 47
2 12
60 70
65 66
58 59
12 13
20 21
56 66
89 99
54 64
15 25
67 77
73 74
69 79
50 51
16 26
32 42
66 67
17 27
23 24
33 43
75 76
83 84
38 39
90 91
77 78
85 86
62 72
24 25
57 58
10 20
23 33
7 17
42 43
74 75
28 29
36 37
61 62
46 56
30 31
46 47
82 83
27 37
59 69
98 99
65 75
95 96
28 38
16 17
32 33
29 39
61 71
83 93
86 96
85 95
24 34
58 68
25 35
47 48
38 48
57 67
68 78
41 42
2 3
18 28
34 44
75 85
43 44
51 52
77 87
45 46
53 54
30 40
73 83
3 4
71 72
10 11
47 57
5 6
48 58
64 74
49 59
31 32
63 64
1 2
70 71
51 61
52 62
84 94
56 57
53 63
26 36
39 49
55 65
91 92
3 13
60 61
68 69
79 89
93 94
4 14
78 88
5 15
62 63
78 79
80 90
43 53
11 12
44 54
76 86
87 88
48 49
64 65
81 82
45 55
26 27
97 98
31 41
13 14
21 22
63 73
88 89
87 97
40 50
72 82
71 81
41 51
70 80
