nnodes nedges type
100 180 graph
nodename posx posy weight
0 0 0 4679
1 1 0 2564
2 2 0 2619
3 3 0 1913
4 4 0 3781
5 5 0 2027
6 6 0 4275
7 7 0 1933
8 8 0 2066
9 9 0 3612
10 0 1 2920
11 1 1 1420
12 2 1 4916
13 3 1 3449
14 4 1 2826
15 5 1 3068
16 6 1 3230
17 7 1 4104
18 8 1 1434
19 9 1 1103
20 0 2 3915
21 1 2 4708
22 2 2 2176
23 3 2 3543
24 4 2 4679
25 5 2 1826
26 6 2 3993
27 7 2 4678
28 8 2 2131
29 9 2 1227
30 0 3 2426
31 1 3 1932
32 2 3 1441
33 3 3 1595
34 4 3 1686
35 5 3 2539
36 6 3 2231
37 7 3 1859
38 8 3 2710
39 9 3 4820
40 0 4 4221
41 1 4 1659
42 2 4 4417
43 3 4 3928
44 4 4 4108
45 5 4 4753
46 6 4 4009
47 7 4 4562
48 8 4 3507
49 9 4 2878
50 0 5 1928
51 1 5 3989
52 2 5 4017
53 3 5 3272
54 4 5 3104
55 5 5 4830
56 6 5 2085
57 7 5 2848
58 8 5 1189
59 9 5 1703
60 0 6 4528
61 1 6 4743
62 2 6 3565
63 3 6 2077
64 4 6 2065
65 5 6 2366
66 6 6 3800
67 7 6 1561
68 8 6 1785
69 9 6 2547
70 0 7 3414
71 1 7 3289
72 2 7 2677
73 3 7 1828
74 4 7 3468
75 5 7 4322
76 6 7 3030
77 7 7 2968
78 8 7 4598
79 9 7 2025
80 0 8 3806
81 1 8 2919
82 2 8 4934
83 3 8 4832
84 4 8 2972
85 5 8 3181
86 6 8 4928
87 7 8 4167
88 8 8 1966
89 9 8 3988
90 0 9 2158
91 1 9 4674
92 2 9 1160
93 3 9 3284
94 4 9 1461
95 5 9 4433
96 6 9 1123
97 7 9 4496
98 8 9 1535
99 9 9 4216
endpoint1 endpoint2
54 55
86 87
92 93
40 41
72 73
18 19
0 10
34 35
50 60
66 76
94 95
1 11
80 81
96 97
6 7
19 29
44 45
52 53
76 77
84 85
20 30
25 26
21 31
88 98
27 28
35 36
4 5
37 38
14 24
14 15
82 92
11 21
81 91
55 56
12 22
0 1
17 18
33 34
13 23
8 18
42 52
74 84
9 19
15 16
22 32
7 8
6 16
67 68
22 23
35 45
36 46
8 9
37 47
2 12
60 70
65 66
58 59
12 13
20 21
56 66
89 99
54 64
15 25
67 77
73 74
69 79
50 51
16 26
32 42
66 67
17 27
23 24
33 43
75 76
83 84
38 39
90 91
77 78
85 86
62 72
24 25
57 58
10 20
23 33
7 17
42 43
74 75
28 29
36 37
61 62
46 56
30 31
46 47
82 83
27 37
59 69
98 99
65 75
95 96
28 38
16 17
32 33
29 39
61 71
83 93
86 96
85 95
24 34
58 68
25 35
47 48
38 48
57 67
68 78
41 42
2 3
18 28
34 44
75 85
43 44
51 52
77 87
45 46
53 54
30 40
73 83
3 4
71 72
10 11
47 57
5 6
48 58
64 74
49 59
31 32
63 64
1 2
70 71
51 61
52 62
84 94
56 57
53 63
26 36
39 49
55 65
91 92
3 13
60 61
68 69
79 89
93 94
4 14
78 88
5 15
62 63
78 79
80 90
43 53
11 12
44 54
76 86
87 88
48 49
64 65
81 82
45 55
26 27
97 98
31 41
13 14
21 22
63 73
88 89
87 97
40 50
72 82
71 81
41 51
70 80
