nnodes nedges type
100 180 graph
nodename posx posy weight
0 0 0 2834
1 1 0 4265
2 2 0 1767
3 3 0 4770
4 4 0 4391
5 5 0 4732
6 6 0 3356
7 7 0 4560
8 8 0 2373
9 9 0 2423
10 0 1 4369
11 1 1 4068
12 2 1 1152
13 3 1 4533
14 4 1 1393
15 5 1 3992
16 6 1 1416
17 7 1 2354
18 8 1 3620
19 9 1 4062
20 0 2 2425
21 1 2 3289
22 2 2 4799
23 3 2 3959
24 4 2 4089
25 5 2 1251
26 6 2 3590
27 7 2 3020
28 8 2 3970
29 9 2 1278
30 0 3 1295
31 1 3 1650
32 2 3 2122
33 3 3 1726
34 4 3 3365
35 5 3 3643
36 6 3 4473
37 7 3 4127
38 8 3 2217
39 9 3 2867
40 0 4 4330
41 1 4 4720
42 2 4 2953
43 3 4 3823
44 4 4 3962
45 5 4 4477
46 6 4 2529
47 7 4 3289
48 8 4 2617
49 9 4 4061
50 0 5 4724
51 1 5 1921
52 2 5 1512
53 3 5 4259
54 4 5 2410
55 5 5 4544
56 6 5 3888
57 7 5 1599
58 8 5 2358
59 9 5 2501
60 0 6 2480
61 1 6 3980
62 2 6 3317
63 3 6 4266
64 4 6 4068
65 5 6 4733
66 6 6 1658
67 7 6 4317
68 8 6 1182
69 9 6 3394
70 0 7 3071
71 1 7 3797
72 2 7 2955
73 3 7 1167
74 4 7 1433
75 5 7 2168
76 6 7 3416
77 7 7 4147
78 8 7 3497
79 9 7 2170
80 0 8 4177
81 1 8 3495
82 2 8 4600
83 3 8 4747
84 4 8 4692
85 5 8 1040
86 6 8 3203
87 7 8 1595
88 8 8 1895
89 9 8 3892
90 0 9 2928
91 1 9 3784
92 2 9 3750
93 3 9 1108
94 4 9 2740
95 5 9 4226
96 6 9 2574
97 7 9 3531
98 8 9 1557
99 9 9 4070
endpoint1 endpoint2
54 55
86 87
92 93
40 41
72 73
18 19
0 10
34 35
50 60
66 76
94 95
1 11
80 81
96 97
6 7
19 29
44 45
52 53
76 77
84 85
20 30
25 26
21 31
88 98
27 28
35 36
4 5
37 38
14 24
14 15
82 92
11 21
81 91
55 56
12 22
0 1
17 18
33 34
13 23
8 18
42 52
74 84
9 19
15 16
22 32
7 8
6 16
67 68
22 23
35 45
36 46
8 9
37 47
2 12
60 70
65 66
58 59
12 13
20 21
56 66
89 99
54 64
15 25
67 77
73 74
69 79
50 51
16 26
32 42
66 67
17 27
23 24
33 43
75 76
83 84
38 39
90 91
77 78
85 86
62 72
24 25
57 58
10 20
23 33
7 17
42 43
74 75
28 29
36 37
61 62
46 56
30 31
46 47
82 83
27 37
59 69
98 99
65 75
95 96
28 38
16 17
32 33
29 39
61 71
83 93
86 96
85 95
24 34
58 68
25 35
47 48
38 48
57 67
68 78
41 42
2 3
18 28
34 44
75 85
43 44
51 52
77 87
45 46
53 54
30 40
73 83
3 4
71 72
10 11
47 57
5 6
48 58
64 74
49 59
31 32
63 64
1 2
70 71
51 61
52 62
84 94
56 57
53 63
26 36
39 49
55 65
91 92
3 13
60 61
68 69
79 89
93 94
4 14
78 88
5 15
62 63
78 79
80 90
43 53
11 12
44 54
76 86
87 88
48 49
64 65
81 82
45 55
26 27
97 98
31 41
13 14
21 22
63 73
88 89
87 97
40 50
72 82
71 81
41 51
70 80
