nnodes nedges type
100 180 graph
nodename posx posy weight
0 0 0 4239
1 1 0 2736
2 2 0 3481
3 3 0 2938
4 4 0 3831
5 5 0 4245
6 6 0 4270
7 7 0 4089
8 8 0 1837
9 9 0 3885
10 0 1 2887
11 1 1 4219
12 2 1 3143
13 3 1 4049
14 4 1 4011
15 5 1 2453
16 6 1 3510
17 7 1 4027
18 8 1 3584
19 9 1 1589
20 0 2 3969
21 1 2 4117
22 2 2 1033
23 3 2 2627
24 4 2 4889
25 5 2 3860
26 6 2 4239
27 7 2 3267
28 8 2 4267
29 9 2 2831
30 0 3 1872
31 1 3 2130
32 2 3 2103
33 3 3 4198
34 4 3 3259
35 5 3 1086
36 6 3 2979
37 7 3 3478
38 8 3 3481
39 9 3 1613
40 0 4 1892
41 1 4 1558
42 2 4 4622
43 3 4 4606
44 4 4 4695
45 5 4 2176
46 6 4 2654
47 7 4 2298
48 8 4 3322
49 9 4 2803
50 0 5 4615
51 1 5 2053
52 2 5 2528
53 3 5 4833
54 4 5 1259
55 5 5 3854
56 6 5 2478
57 7 5 1423
58 8 5 1230
59 9 5 1419
60 0 6 2376
61 1 6 2405
62 2 6 1538
63 3 6 1812
64 4 6 4840
65 5 6 4123
66 6 6 3064
67 7 6 2380
68 8 6 4418
69 9 6 1327
70 0 7 1840
71 1 7 3095
72 2 7 2462
73 3 7 1293
74 4 7 4766
75 5 7 2398
76 6 7 3731
77 7 7 2911
78 8 7 2333
79 9 7 1935
80 0 8 2144
81 1 8 1471
82 2 8 3315
83 3 8 1467
84 4 8 2970
85 5 8 2684
86 6 8 2563
87 7 8 4624
88 8 8 4342
89 9 8 2409
90 0 9 3782
91 1 9 2093
92 2 9 2803
93 3 9 1241
94 4 9 1715
95 5 9 2822
96 6 9 1401
97 7 9 1161
98 8 9 2895
99 9 9 4733
endpoint1 endpoint2
54 55
86 87
92 93
40 41
72 73
18 19
0 10
34 35
50 60
66 76
94 95
1 11
80 81
96 97
6 7
19 29
44 45
52 53
76 77
84 85
20 30
25 26
21 31
88 98
27 28
35 36
4 5
37 38
14 24
14 15
82 92
11 21
81 91
55 56
12 22
0 1
17 18
33 34
13 23
8 18
42 52
74 84
9 19
15 16
22 32
7 8
6 16
67 68
22 23
35 45
36 46
8 9
37 47
2 12
60 70
65 66
58 59
12 13
20 21
56 66
89 99
54 64
15 25
67 77
73 74
69 79
50 51
16 26
32 42
66 67
17 27
23 24
33 43
75 76
83 84
38 39
90 91
77 78
85 86
62 72
24 25
57 58
10 20
23 33
7 17
42 43
74 75
28 29
36 37
61 62
46 56
30 31
46 47
82 83
27 37
59 69
98 99
65 75
95 96
28 38
16 17
32 33
29 39
61 71
83 93
86 96
85 95
24 34
58 68
25 35
47 48
38 48
57 67
68 78
41 42
2 3
18 28
34 44
75 85
43 44
51 52
77 87
45 46
53 54
30 40
73 83
3 4
71 72
10 11
47 57
5 6
48 58
64 74
49 59
31 32
63 64
1 2
70 71
51 61
52 62
84 94
56 57
53 63
26 36
39 49
55 65
91 92
3 13
60 61
68 69
79 89
93 94
4 14
78 88
5 15
62 63
78 79
80 90
43 53
11 12
44 54
76 86
87 88
48 49
64 65
81 82
45 55
26 27
97 98
31 41
13 14
21 22
63 73
88 89
87 97
40 50
72 82
71 81
41 51
70 80
