nnodes nedges type
100 180 graph
nodename posx posy weight
0 0 0 4862
1 1 0 1466
2 2 0 2495
3 3 0 4019
4 4 0 2346
5 5 0 4180
6 6 0 2029
7 7 0 2266
8 8 0 2226
9 9 0 2795
10 0 1 2839
11 1 1 3914
12 2 1 1438
13 3 1 4746
14 4 1 3398
15 5 1 4432
16 6 1 1962
17 7 1 1704
18 8 1 1933
19 9 1 1736
20 0 2 3099
21 1 2 1513
22 2 2 3273
23 3 2 1842
24 4 2 1808
25 5 2 2231
26 6 2 3867
27 7 2 4031
28 8 2 1928
29 9 2 1716
30 0 3 4054
31 1 3 3151
32 2 3 1644
33 3 3 2260
34 4 3 1554
35 5 3 1441
36 6 3 2521
37 7 3 3375
38 8 3 3273
39 9 3 3606
40 0 4 3885
41 1 4 4775
42 2 4 2210
43 3 4 1661
44 4 4 3547
45 5 4 2180
46 6 4 3849
47 7 4 2117
48 8 4 4393
49 9 4 1022
50 0 5 4681
51 1 5 1253
52 2 5 4797
53 3 5 4415
54 4 5 3494
55 5 5 1641
56 6 5 2432
57 7 5 3227
58 8 5 3132
59 9 5 4892
60 0 6 1836
61 1 6 3004
62 2 6 1420
63 3 6 1416
64 4 6 3968
65 5 6 2298
66 6 6 1615
67 7 6 4507
68 8 6 3078
69 9 6 2031
70 0 7 1426
71 1 7 3592
72 2 7 4455
73 3 7 3784
74 4 7 2977
75 5 7 1143
76 6 7 2262
77 7 7 2302
78 8 7 4161
79 9 7 2908
80 0 8 1590
81 1 8 2830
82 2 8 3440
83 3 8 3083
84 4 8 3385
85 5 8 2335
86 6 8 1489
87 7 8 4255
88 8 8 1677
89 9 8 3648
90 0 9 4376
91 1 9 4407
92 2 9 2352
93 3 9 1415
94 4 9 2681
95 5 9 2203
96 6 9 1938
97 7 9 4043
98 8 9 4076
99 9 9 1503
endpoint1 endpoint2
54 55
86 87
92 93
40 41
72 73
18 19
0 10
34 35
50 60
66 76
94 95
1 11
80 81
96 97
6 7
19 29
44 45
52 53
76 77
84 85
20 30
25 26
21 31
88 98
27 28
35 36
4 5
37 38
14 24
14 15
82 92
11 21
81 91
55 56
12 22
0 1
17 18
33 34
13 23
8 18
42 52
74 84
9 19
15 16
22 32
7 8
6 16
67 68
22 23
35 45
36 46
8 9
37 47
2 12
60 70
65 66
58 59
12 13
20 21
56 66
89 99
54 64
15 25
67 77
73 74
69 79
50 51
16 26
32 42
66 67
17 27
23 24
33 43
75 76
83 84
38 39
90 91
77 78
85 86
62 72
24 25
57 58
10 20
23 33
7 17
42 43
74 75
28 29
36 37
61 62
46 56
30 31
46 47
82 83
27 37
59 69
98 99
65 75
95 96
28 38
16 17
32 33
29 39
61 71
83 93
86 96
85 95
24 34
58 68
25 35
47 48
38 48
57 67
68 78
41 42
2 3
18 28
34 44
75 85
43 44
51 52
77 87
45 46
53 54
30 40
73 83
3 4
71 72
10 11
47 57
5 6
48 58
64 74
49 59
31 32
63 64
1 2
70 71
51 61
52 62
84 94
56 57
53 63
26 36
39 49
55 65
91 92
3 13
60 61
68 69
79 89
93 94
4 14
78 88
5 15
62 63
78 79
80 90
43 53
11 12
44 54
76 86
87 88
48 49
64 65
81 82
45 55
26 27
97 98
31 41
13 14
21 22
63 73
88 89
87 97
40 50
72 82
71 81
41 51
70 80
