nnodes nedges type
25 40 graph
nodename posx posy weight
0 0 0 1552
1 1 0 1265
2 2 0 3413
3 3 0 3412
4 4 0 4984
5 0 1 1821
6 1 1 3558
7 2 1 2005
8 3 1 1398
9 4 1 4412
10 0 2 4140
11 1 2 1744
12 2 2 4191
13 3 2 4669
14 4 2 4719
15 0 3 3425
16 1 3 2182
17 2 3 1649
18 3 3 4623
19 4 3 3797
20 0 4 4223
21 1 4 2352
22 2 4 4348
23 3 4 2175
24 4 4 1480
endpoint1 endpoint2
11 16
8 13
10 11
22 23
5 6
7 12
15 20
8 9
10 15
15 16
1 6
16 21
18 19
1 2
16 17
18 23
4 9
6 7
12 13
20 21
12 17
3 4
9 14
6 11
14 19
19 24
0 5
2 3
17 22
11 12
23 24
0 1
2 7
17 18
5 10
13 14
21 22
3 8
13 18
7 8
