nnodes nedges type
25 40 graph
nodename posx posy weight
0 0 0 2895
1 1 0 2025
2 2 0 3850
3 3 0 3835
4 4 0 4664
5 0 1 3678
6 1 1 2614
7 2 1 4391
8 3 1 3342
9 4 1 4193
10 0 2 4539
11 1 2 2351
12 2 2 1577
13 3 2 2413
14 4 2 1998
15 0 3 1496
16 1 3 4070
17 2 3 3911
18 3 3 4234
19 4 3 2963
20 0 4 1764
21 1 4 3586
22 2 4 3215
23 3 4 3953
24 4 4 4409
endpoint1 endpoint2
11 16
8 13
10 11
22 23
5 6
7 12
15 20
8 9
10 15
15 16
1 6
16 21
18 19
1 2
16 17
18 23
4 9
6 7
12 13
20 21
12 17
3 4
9 14
6 11
14 19
19 24
0 5
2 3
17 22
11 12
23 24
0 1
2 7
17 18
5 10
13 14
21 22
3 8
13 18
7 8
