nnodes nedges type
25 40 graph
nodename posx posy weight
0 0 0 2723
1 1 0 3276
2 2 0 4216
3 3 0 1227
4 4 0 4921
5 0 1 3007
6 1 1 3001
7 2 1 3695
8 3 1 1010
9 4 1 3522
10 0 2 3728
11 1 2 4727
12 2 2 4879
13 3 2 2526
14 4 2 3816
15 0 3 2232
16 1 3 3235
17 2 3 4264
18 3 3 1306
19 4 3 2476
20 0 4 2427
21 1 4 3991
22 2 4 1480
23 3 4 4208
24 4 4 2047
endpoint1 endpoint2
11 16
8 13
10 11
22 23
5 6
7 12
15 20
8 9
10 15
15 16
1 6
16 21
18 19
1 2
16 17
18 23
4 9
6 7
12 13
20 21
12 17
3 4
9 14
6 11
14 19
19 24
0 5
2 3
17 22
11 12
23 24
0 1
2 7
17 18
5 10
13 14
21 22
3 8
13 18
7 8
