nnodes nedges type
25 40 graph
nodename posx posy weight
0 0 0 4026
1 1 0 3609
2 2 0 2177
3 3 0 2396
4 4 0 1758
5 0 1 3586
6 1 1 4745
7 2 1 4230
8 3 1 1062
9 4 1 1703
10 0 2 2153
11 1 2 1398
12 2 2 2540
13 3 2 1543
14 4 2 2879
15 0 3 3349
16 1 3 3033
17 2 3 3144
18 3 3 2067
19 4 3 4119
20 0 4 4020
21 1 4 2457
22 2 4 2485
23 3 4 1089
24 4 4 4056
endpoint1 endpoint2
11 16
8 13
10 11
22 23
5 6
7 12
15 20
8 9
10 15
15 16
1 6
16 21
18 19
1 2
16 17
18 23
4 9
6 7
12 13
20 21
12 17
3 4
9 14
6 11
14 19
19 24
0 5
2 3
17 22
11 12
23 24
0 1
2 7
17 18
5 10
13 14
21 22
3 8
13 18
7 8
