nnodes nedges type
25 40 graph
nodename posx posy weight
0 0 0 3582
1 1 0 3692
2 2 0 1589
3 3 0 2984
4 4 0 2282
5 0 1 2974
6 1 1 3938
7 2 1 3791
8 3 1 3517
9 4 1 1298
10 0 2 1948
11 1 2 4918
12 2 2 2627
13 3 2 4067
14 4 2 2026
15 0 3 3501
16 1 3 3622
17 2 3 4993
18 3 3 1713
19 4 3 4389
20 0 4 4740
21 1 4 3727
22 2 4 1819
23 3 4 1334
24 4 4 4541
endpoint1 endpoint2
11 16
8 13
10 11
22 23
5 6
7 12
15 20
8 9
10 15
15 16
1 6
16 21
18 19
1 2
16 17
18 23
4 9
6 7
12 13
20 21
12 17
3 4
9 14
6 11
14 19
19 24
0 5
2 3
17 22
11 12
23 24
0 1
2 7
17 18
5 10
13 14
21 22
3 8
13 18
7 8
