nnodes nedges type
25 40 graph
nodename posx posy weight
0 0 0 3679
1 1 0 3817
2 2 0 1945
3 3 0 4987
4 4 0 2194
5 0 1 3773
6 1 1 3212
7 2 1 2368
8 3 1 1987
9 4 1 1179
10 0 2 3283
11 1 2 4346
12 2 2 1361
13 3 2 1023
14 4 2 1544
15 0 3 2757
16 1 3 1545
17 2 3 2738
18 3 3 1140
19 4 3 3375
20 0 4 2649
21 1 4 2454
22 2 4 3884
23 3 4 2565
24 4 4 4547
endpoint1 endpoint2
11 16
8 13
10 11
22 23
5 6
7 12
15 20
8 9
10 15
15 16
1 6
16 21
18 19
1 2
16 17
18 23
4 9
6 7
12 13
20 21
12 17
3 4
9 14
6 11
14 19
19 24
0 5
2 3
17 22
11 12
23 24
0 1
2 7
17 18
5 10
13 14
21 22
3 8
13 18
7 8
