nnodes nedges type
25 40 graph
nodename posx posy weight
0 0 0 3381
1 1 0 4979
2 2 0 3351
3 3 0 1670
4 4 0 3687
5 0 1 3019
6 1 1 3324
7 2 1 4403
8 3 1 4636
9 4 1 4201
10 0 2 4739
11 1 2 3989
12 2 2 1265
13 3 2 3176
14 4 2 3822
15 0 3 1256
16 1 3 2602
17 2 3 2911
18 3 3 2362
19 4 3 4958
20 0 4 2597
21 1 4 1220
22 2 4 2848
23 3 4 1721
24 4 4 1368
endpoint1 endpoint2
11 16
8 13
10 11
22 23
5 6
7 12
15 20
8 9
10 15
15 16
1 6
16 21
18 19
1 2
16 17
18 23
4 9
6 7
12 13
20 21
12 17
3 4
9 14
6 11
14 19
19 24
0 5
2 3
17 22
11 12
23 24
0 1
2 7
17 18
5 10
13 14
21 22
3 8
13 18
7 8
