nnodes nedges type
25 40 graph
nodename posx posy weight
0 0 0 3634
1 1 0 2434
2 2 0 3714
3 3 0 1406
4 4 0 2776
5 0 1 2769
6 1 1 3755
7 2 1 2516
8 3 1 4757
9 4 1 2526
10 0 2 2561
11 1 2 2042
12 2 2 2415
13 3 2 4828
14 4 2 1060
15 0 3 4751
16 1 3 3718
17 2 3 4786
18 3 3 4056
19 4 3 3137
20 0 4 4276
21 1 4 2453
22 2 4 3763
23 3 4 3477
24 4 4 4161
endpoint1 endpoint2
11 16
8 13
10 11
22 23
5 6
7 12
15 20
8 9
10 15
15 16
1 6
16 21
18 19
1 2
16 17
18 23
4 9
6 7
12 13
20 21
12 17
3 4
9 14
6 11
14 19
19 24
0 5
2 3
17 22
11 12
23 24
0 1
2 7
17 18
5 10
13 14
21 22
3 8
13 18
7 8
