nnodes nedges type
20 100 graph
nodename posx posy weight
0 2.9788545737116765 -4.407027075105391 3658
1 3.4236794839314846 -3.3284876046384664 4535
2 3.0019145054360146 -3.6697114863011544 4570
3 2.213318961124484 -2.4695547051514586 2927
4 1.7050761813588644 -3.0695144571538733 2599
5 2.9754556734592543 -3.358017470667845 4562
6 3.3605033167838054 -4.16886688046538 1646
7 3.67835393099773 -2.063538785100587 3255
8 2.61698904856454 -2.0087256201591575 3797
9 3.0855023647188413 -2.2920446340006984 2902
10 2.158468714922963 -3.1804952331443292 3648
11 2.5478227900495396 -3.020474551576388 1599
12 3.964562015178537 -3.4990472316561347 2703
13 3.8287258008133453 -2.632701681877756 1719
14 2.4957082426232198 -4.1040550494242805 2821
15 3.8219059833585898 -3.051238157589543 4940
16 3.2986550435501294 -2.8673703142818567 3526
17 2.785223160256016 -2.6059831123088695 4353
18 3.8536250658607756 -4.000766236715196 1857
19 2.3418264429627644 -3.610736487628175 2810
endpoint1 endpoint2
10 17
1 17
13 17
1 11
4 19
14 18
6 10
5 18
12 17
4 10
5 11
4 5
9 16
14 15
2 17
0 1
1 12
2 11
5 14
10 14
11 15
15 16
7 8
6 16
11 16
2 18
3 11
1 15
8 9
2 12
7 15
12 13
1 16
1 5
0 11
1 10
14 19
5 17
10 19
0 18
12 18
1 19
0 5
4 11
5 7
4 17
7 17
0 2
3 15
8 13
5 13
8 19
11 19
16 17
2 19
3 10
8 10
2 13
3 16
8 16
6 15
11 13
13 15
0 12
3 9
2 3
1 9
2 14
14 16
0 19
7 13
12 19
1 18
0 6
13 18
1 7
9 12
5 9
5 6
5 19
7 16
4 9
9 15
9 17
15 18
16 18
2 16
17 19
1 13
8 11
4 14
2 10
9 10
3 19
8 17
7 9
6 19
12 15
11 17
3 8
