nnodes nedges type
20 100 graph
nodename posx posy weight
0 -2.8603812195983727 1.349789607069863 1155
1 -0.20166688486411172 1.8925777728556625 1643
2 -1.6468503908507781 1.7349398748890448 3264
3 -1.02591355471919 1.0730804537050564 3883
4 -2.028046709006974 1.370815288604652 4557
5 -1.4962324232422701 1.3611369916826679 1048
6 -1.1261907108690532 0.7056651144539734 4605
7 -2.395419311273245 2.1187819672793906 2959
8 -1.6491207911315016 0.9379294654353562 2807
9 -1.2372668137936433 2.6752439588908867 1979
10 -1.23279503053484 1.5221997257141227 1015
11 -0.4690997259555412 1.141786836004866 1755
12 -2.341700596795281 1.3685644150190641 2337
13 -2.2619291973092754 0.5991699997807843 1286
14 -2.117367534500224 2.8887328210026717 3073
15 -1.6098223776645455 2.397909752549087 2212
16 -1.1943217882881756 2.1302203526393675 3319
17 -1.9847730807584747 2.1083780983835148 1616
18 -0.8003242227030625 1.7248599464037482 3623
19 -0.8405918862343066 2.1563915913463423 1024
endpoint1 endpoint2
14 17
10 17
7 12
0 7
0 10
1 11
5 8
10 18
0 17
7 19
12 17
0 4
4 10
2 6
9 14
4 5
4 16
9 16
14 15
2 17
17 18
8 12
3 18
8 18
11 15
9 19
15 16
6 16
3 11
8 9
2 12
3 17
7 15
12 13
1 16
1 5
1 10
6 11
10 19
7 18
1 19
0 8
4 11
3 5
5 7
4 17
7 17
8 13
4 8
2 8
5 13
8 19
9 18
15 19
11 19
16 17
2 19
3 10
8 10
2 13
3 16
6 15
6 18
0 12
3 9
2 3
2 14
6 8
14 16
5 16
7 13
1 18
3 4
2 4
10 11
5 6
4 18
5 19
12 16
1 2
9 15
5 12
10 12
9 17
11 18
16 18
17 19
3 13
8 11
4 14
2 10
9 10
5 15
3 19
8 17
6 12
7 9
15 17
12 15
2 15
