nnodes nedges type
20 100 graph
nodename posx posy weight
0 -0.9340752261144175 -0.37408052276296944 1813
1 -1.6201758478493269 0.1553329924948566 4023
2 -1.1071971877646782 -1.355696331467794 1366
3 0.19955113512798803 -1.1527950752792981 1518
4 -0.5772856443438789 -1.042091737350908 1756
5 -1.1148261356224058 0.26776456858989867 2509
6 -0.48252579401566803 -1.8509992315179364 4551
7 -1.232686695740692 -0.3693074411553114 3141
8 -0.30669411984916406 -0.3824897369787125 4008
9 0.07987291728965902 -0.8176676156255738 2867
10 0.25469224637463717 0.11272834781672653 4108
11 -0.12141047544860196 -1.3774719525236714 3055
12 -1.562756759314169 -1.3275993076927193 1596
13 -1.3483310617426831 -0.8437877834912935 3024
14 -1.0363469343042018 -1.850626700330417 2522
15 -1.843645865389696 -0.46147932453122203 2616
16 0.3456046783424349 -0.4461378073459518 4430
17 -0.5857224521905893 -0.11626379037756349 1210
18 -0.5380951835847151 0.16572006568610095 1058
19 -0.7135208685626248 -0.7680858714706253 3173
endpoint1 endpoint2
6 9
10 17
7 12
1 17
13 17
5 8
5 18
10 18
7 19
0 4
8 15
4 16
16 19
2 17
0 1
5 14
3 18
8 18
6 13
9 19
7 8
11 16
8 9
6 14
7 15
12 13
1 5
6 11
5 17
10 19
0 18
7 18
12 18
1 19
0 5
0 8
2 7
5 10
4 6
5 7
4 17
0 2
8 13
4 8
5 13
8 19
11 14
9 18
15 19
16 17
2 19
0 15
3 10
8 10
4 13
2 13
9 11
3 16
11 13
12 14
13 15
1 4
0 12
2 3
2 14
6 8
10 16
0 19
12 19
1 18
13 18
1 7
0 9
3 4
4 7
10 11
4 18
5 19
0 16
7 16
0 3
3 14
4 9
2 9
9 17
1 13
8 11
4 14
5 15
3 19
6 12
11 12
15 17
7 9
6 19
12 15
11 17
13 14
0 13
2 15
