nnodes nedges type
20 100 graph
nodename posx posy weight
0 -1.647925803337131 0.5326493284108986 4150
1 -1.1739153735109067 1.0026337245493993 4459
2 -1.49570023429447 -0.38134603805036454 4277
3 -2.5881384722130547 0.24481331976916887 3574
4 -1.6244226228150433 -1.1692600618058975 1421
5 -1.266062750943318 1.7083776845765317 3213
6 -0.5741888812540049 0.8215352211543085 4803
7 -1.2094436982300831 -0.05492471234576247 4039
8 -0.43830883449956637 -0.1616844484015499 3038
9 -0.911250210143573 -0.48237262948201226 1419
10 -2.00981650159638 -0.5236938978195772 1087
11 -1.0034271695697161 0.4793939235821389 4578
12 -2.2828904238098815 1.0330941522502533 3049
13 -1.356459983987507 0.5859993531346509 4870
14 -2.4292343988207326 -0.37357072359438237 1873
15 -2.1856888373917673 0.1551606123059317 2494
16 -1.6817996959230674 0.06729828093472344 2705
17 -2.610164867688338 0.7892352170433015 2404
18 -1.9217736029946146 1.328940438470442 3980
19 -1.8437855983408402 0.8797824389865054 1028
endpoint1 endpoint2
14 17
6 9
1 17
0 7
0 10
3 7
1 11
6 7
5 18
10 18
0 17
7 19
4 10
9 14
10 13
9 16
14 15
16 19
3 12
1 12
4 15
2 11
3 18
10 14
6 13
11 15
7 8
15 16
6 16
11 16
1 15
3 17
7 15
12 13
1 16
13 16
1 5
0 11
14 19
6 11
0 18
12 18
0 5
13 19
0 8
2 7
9 13
0 2
4 8
2 8
5 13
10 15
7 11
11 19
16 17
2 19
0 15
3 10
2 13
9 11
7 14
6 18
12 14
13 15
0 12
2 3
2 14
14 16
6 8
10 16
7 13
13 18
1 7
0 9
2 4
5 6
5 19
0 16
12 16
0 3
3 14
1 2
5 12
15 18
7 10
17 19
3 13
1 13
4 14
2 10
9 10
3 19
11 12
15 17
7 9
6 19
12 15
11 17
1 8
2 15
