nnodes nedges type
20 100 graph
nodename posx posy weight
0 -2.3293950053239287 1.5871232172775696 1920
1 -3.591243347527322 1.665510275087328 1980
2 -1.6404161226799887 1.9398573683412543 3495
3 -3.2060471431941453 2.391979857896774 4276
4 -2.489498260808679 0.25664041462541126 3502
5 -1.713947048438883 1.0913652629404313 4265
6 -2.925157080816197 0.8151850825740276 4022
7 -3.45379282283938 1.0915664978615596 4568
8 -4.093750333120852 2.0569293245237166 2361
9 -4.100932551955574 1.0485209240816316 4597
10 -2.6352683138355077 2.303431400527211 3610
11 -2.680299498357617 1.118423974807956 3765
12 -2.3940077630770626 2.035847046408257 2242
13 -2.1955642345661586 1.1250524662856205 1977
14 -2.398686617959725 0.5471073354912628 1335
15 -3.0628822489114533 0.421881409502454 1822
16 -3.4940793567667225 0.5033756543042651 4171
17 -3.2343461749420213 1.4261252516627827 2870
18 -3.0422765982339945 1.88911990685146 1916
19 -2.8119541401066765 1.4431512779338418 1744
endpoint1 endpoint2
6 9
14 17
10 17
7 12
13 17
1 6
2 5
1 11
6 7
4 19
6 10
5 18
0 17
7 19
12 17
0 4
5 11
4 5
10 13
4 16
9 16
14 15
17 18
0 1
3 12
1 12
4 15
2 11
5 14
3 18
8 18
6 13
11 15
9 19
7 8
15 16
6 16
3 11
1 15
8 9
2 12
3 17
6 14
12 13
1 16
13 16
0 11
1 10
14 19
10 19
0 18
12 18
1 19
4 11
4 6
4 17
0 2
1 3
5 13
8 19
11 14
15 19
7 11
6 17
2 19
3 10
2 13
9 11
6 15
11 13
7 14
13 15
0 12
1 9
14 16
7 13
12 19
1 18
0 6
13 18
1 7
4 7
5 6
5 19
0 16
0 3
3 14
5 12
9 17
15 18
7 10
16 18
2 10
7 9
12 15
11 17
13 14
0 13
3 8
1 8
