nnodes nedges type
20 100 graph
nodename posx posy weight
0 -0.07904280791584616 1.0703566940752136 1354
1 -1.677117083769236 1.2296501136773061 1000
2 -0.2898699700590625 0.4605523891041007 4476
3 -1.3273831850593578 -0.18248084019085983 3787
4 -2.194107231897065 -0.10159519007559353 3353
5 -1.9179736647331151 1.7658556482936272 2670
6 -1.3747954263418727 1.401631354386617 3362
7 -2.2986213040831895 0.5569070169298955 2215
8 -0.8162528408932472 -0.413547230578602 3105
9 -2.1143083836457466 1.267111686199363 4310
10 -0.6391765806851601 1.3965971933243362 4562
11 -1.0387932902997954 0.21673667588081547 1470
12 -1.2613045609650821 0.6601935684062636 1793
13 -1.9096249834650905 0.9599332155772111 3178
14 -1.0488373116800505 1.1212338803898372 2820
15 -1.0354655445991412 1.786849491268156 4756
16 -1.5963940870394777 0.18120040382362068 4507
17 -1.9370004599065986 0.5120120462226235 4386
18 -0.8596834060166898 0.666348567917685 3632
19 -0.23786855056800588 -0.24781183191280598 4289
endpoint1 endpoint2
14 17
6 9
7 12
1 17
13 17
18 19
0 10
3 7
1 11
6 7
14 18
5 18
12 17
9 14
10 13
9 16
3 12
1 12
2 11
5 14
3 18
10 14
8 18
6 13
11 16
2 18
1 15
4 12
2 12
3 17
6 14
1 16
13 16
1 5
3 6
1 10
6 11
5 17
0 18
7 18
12 18
0 8
5 7
4 17
4 8
2 8
10 15
8 19
9 18
7 11
6 17
11 19
16 17
2 19
0 15
1 14
4 13
6 15
11 13
13 15
1 4
0 12
2 3
1 9
2 14
14 16
10 16
7 13
12 19
1 18
0 6
13 18
1 7
3 4
9 12
4 7
10 11
5 6
7 16
3 14
4 9
9 15
5 12
11 18
2 16
1 13
8 11
2 10
9 10
5 15
3 19
8 17
6 12
7 9
15 17
12 15
11 17
13 14
3 8
2 15
