nnodes nedges type
20 100 graph
nodename posx posy weight
0 0.13840181361963255 -0.5151790354748977 2053
1 -0.5337315042917317 0.8909431384812454 2809
2 0.5043165417252317 0.6449971367719411 3655
3 0.3707431270638516 1.6347302559672168 4947
4 -0.22172060002948657 0.8196252364355687 2663
5 -0.9983724273357502 1.122719375962039 4902
6 -0.49476916189313264 0.3106386503480342 1887
7 0.0680668926981785 1.0891124222930861 2941
8 -0.1822771318929508 2.0955702658856 1524
9 -1.044012839040281 1.5042494274969231 2777
10 1.2311563730866906 0.8917541887863645 4866
11 0.025383135370311324 0.4534014639590369 3519
12 -0.5082059275538533 -0.24986869843747736 1879
13 -0.10068405422344262 1.5661124095995163 1694
14 0.6103287581809544 1.0428120871846611 2362
15 0.7800094574188446 0.211725563547531 2265
16 0.16700271389532373 0.025138525383111805 2668
17 -1.0443953381366633 0.5670315113489607 2123
18 -0.9187089355165965 0.1899776972524161 2543
19 -0.6653932092108357 1.6735532334695424 3745
endpoint1 endpoint2
6 9
14 17
1 17
0 7
1 6
1 11
5 8
6 7
4 19
14 18
5 18
7 19
12 17
0 4
2 6
5 11
4 5
4 16
14 15
1 12
4 15
2 11
10 14
6 13
11 15
9 19
7 8
15 16
2 18
8 9
4 12
2 12
7 15
1 16
13 16
1 5
0 11
6 11
5 17
12 18
1 19
13 19
3 5
2 7
9 13
5 7
4 17
7 17
3 15
1 3
8 13
4 8
2 8
5 13
8 19
11 14
9 18
6 17
11 19
16 17
3 10
1 14
4 13
6 15
11 13
7 14
0 12
3 9
2 3
1 9
10 16
7 13
1 18
0 6
1 7
3 4
2 4
5 9
10 11
5 19
0 16
12 16
3 14
1 2
4 9
5 12
9 17
7 10
11 18
16 18
2 16
17 19
2 10
3 19
7 9
6 19
12 15
11 17
13 14
3 8
