nnodes nedges type
300 2000 graph
nodename posx posy weight
0 -3.5830391208024817 6.20193407712042 4319
1 -4.258064946715572 7.111256097407282 2243
2 -5.1013096231014705 4.075771528247455 3826
3 -5.764873879230323 7.811845055628714 1364
4 -6.367067421215857 6.49177554137108 3909
5 -3.105730283654727 5.511183774417074 3882
6 -5.921632386420221 6.56962139507633 1524
7 -5.337947877353849 4.568814539640474 4575
8 -6.859421072047698 6.27393427090799 3906
9 -4.309770477602223 4.422530247424398 4722
10 -6.5021344831840375 5.05714345478459 4361
11 -3.277337610376133 6.025084792156721 3813
12 -5.4924613458141085 7.921062048952487 3384
13 -3.431261867094558 6.763138118620361 1703
14 -4.832167322630464 7.252090732450732 2024
15 -3.5745001487129544 5.1089708859430365 1048
16 -4.922111606780547 4.32937846744297 3048
17 -6.801989209894291 6.011391976413439 4512
18 -3.967607626273672 5.2653807110389375 1535
19 -5.927528008996247 5.7745478452581676 3862
20 -4.541523336131716 4.6287770633423975 2298
21 -4.15574209775741 5.21708242734137 3911
22 -6.660148691909384 4.684120403076781 1081
23 -5.88230159474446 7.4897939577412505 4334
24 -3.2917094363926833 6.653636901776671 1661
25 -6.759264343056606 5.456187763165749 2374
26 -5.429917328620826 6.630932746850941 4124
27 -5.167117458550576 7.542370557234972 3316
28 -6.918025139464148 5.588335782346548 3464
29 -4.486318281951082 3.959882488330856 3682
30 -5.854680168674755 6.759877189805769 1016
31 -4.406964489557579 4.972322061895887 1711
32 -3.89646817980313 5.5090051097689745 4078
33 -6.961425760599466 5.459066361411298 1977
34 -5.1682586591402755 6.879013438115112 1624
35 -5.932853533818196 4.8546487597665005 1044
36 -6.206792796065328 6.102410464628332 2971
37 -5.611631903089621 5.199389059944747 4242
38 -4.705582915264741 4.520711019651309 1084
39 -6.053596234373843 6.964783461811028 2086
40 -4.468700377837169 7.847358008647525 4587
41 -6.4767029278032116 5.526811022113828 3489
42 -4.970502617861239 7.000168106143984 4571
43 -4.583466516731473 4.396530188761841 2622
44 -4.208082338005658 7.318445835737443 3902
45 -5.808013152557158 7.564151040252225 2569
46 -4.984002593439036 5.410440950916003 2009
47 -5.949233998798397 7.74371405011135 3455
48 -6.336223014879709 4.551248415018053 1498
49 -6.781703239035326 5.762765900486613 3997
50 -6.399792057321323 6.757528645941635 4564
51 -6.54249233683366 5.999899223924317 3140
52 -6.0317847529712285 7.4634166132885555 3927
53 -6.54661928566816 5.864422416981738 3716
54 -3.231393122326068 5.2089164883928945 2826
55 -4.03180636476769 6.4846702551855255 2804
56 -4.225729346017078 6.859620823286509 3564
57 -6.27301694315525 6.797712863695232 3033
58 -7.023115347580517 6.653610953392617 1142
59 -4.538532826190874 4.730719469743591 4686
60 -6.3805745284325734 6.115642083976527 2763
61 -5.61940475180746 4.593099261113783 4937
62 -4.114930462055734 5.8925166644524545 4783
63 -5.513813587017896 3.882748366551983 1170
64 -4.510042894082584 6.342766399814877 3690
65 -3.484194044317487 7.340452335056429 2285
66 -3.7976108728892055 6.234322025281682 1851
67 -5.8719058323804525 6.221933979112819 3515
68 -5.465396648436526 5.5036572497383895 1796
69 -4.0865527591475965 7.5540057464886505 4657
70 -3.746848003030467 5.5510268882672955 1196
71 -5.321471598335566 5.948353640099844 4343
72 -3.7654125395064058 5.947894967807966 2822
73 -5.156236758361087 5.620291887107426 1642
74 -5.601433142953834 5.984662461623963 3009
75 -5.941600785103892 4.964280884584779 1338
76 -6.567545701683967 4.485207601619274 1969
77 -4.82271049939432 5.276330894285791 2752
78 -5.596471013629588 5.07406036876841 1677
79 -3.704026667565322 6.743007003577904 3912
80 -4.070982709630869 4.127333265015063 3925
81 -4.653617549383907 5.314397447918609 1685
82 -3.860431648125065 7.357638691411669 3519
83 -4.1231102453374096 5.552885339494353 3405
84 -6.430406263269399 5.215633376878324 2591
85 -5.169621357716377 6.609187400185299 1018
86 -3.9901166198690965 4.4474815184377245 1993
87 -4.471457431461603 6.890731370871107 3123
88 -5.032702347666628 4.8935221400866 2918
89 -4.867585559630431 4.462141420108209 3114
90 -6.478675409481996 6.353444128538383 3027
91 -3.368578332461671 6.174599168460907 1279
92 -6.298939764090668 4.753198393978942 3204
93 -4.370090386871869 7.659119619180018 3687
94 -7.127503962242664 5.905193987505222 1860
95 -3.9524327831050825 5.098326184924107 3428
96 -5.626561771812435 7.379931148879655 4677
97 -5.998437129630385 7.263259924833916 4468
98 -6.5223460118413366 7.402023064236101 3403
99 -4.143097142438005 4.354385548785664 3804
100 -6.718548505805102 6.550507461659581 1880
101 -7.0885676776032955 5.700129997542609 3745
102 -7.071549141427028 4.898573140216865 2032
103 -6.648819383506189 7.272940868038822 4451
104 -4.842548305031304 4.135757208589543 2799
105 -6.523438506641868 7.000405231436582 1154
106 -5.369891950470248 4.790068561485097 2865
107 -3.6646785946237466 4.479978062923466 1722
108 -4.8507781258296605 4.5617272427413385 3016
109 -6.515581215726554 4.0641073805025565 1311
110 -6.780559333508824 6.659158866173948 1321
111 -5.103488292413725 6.33626545126683 3284
112 -4.479018707439769 5.302063275720465 3441
113 -4.377240944788723 4.74494821736522 1586
114 -6.3967516115737135 7.658035212675864 2712
115 -4.63537544533107 7.5989965719440695 3737
116 -6.638878210728777 5.2471307873523925 4811
117 -4.717247469277601 6.809590109309796 1470
118 -5.263980533880815 4.093912588929891 4946
119 -4.272258225995809 5.09621785919874 4865
120 -6.959677720950418 5.116851774537155 4501
121 -4.685582433360075 6.158492648328944 1488
122 -4.448207998063397 7.4547386771974375 4357
123 -3.8875779936120383 6.917101095074504 4280
124 -4.8329184077558045 5.123432155717263 4786
125 -5.420197892608173 7.786091491619734 1866
126 -5.294606756680924 5.201507607831208 3695
127 -3.3848078398274075 6.47636169140797 3752
128 -4.295174699447029 6.647186523998525 2769
129 -6.250663436909663 5.092805895965208 3760
130 -5.019407175434568 7.860630595061928 4130
131 -3.4669071167757193 4.964301719257589 1157
132 -5.185791944477542 7.815370820791955 1809
133 -4.349296671739772 5.744855880080204 2956
134 -5.4710652822422 5.958816656624159 2666
135 -5.305773259649111 5.633337870558942 3728
136 -5.219014202456985 7.601262757589933 4313
137 -5.8746157393629375 5.136787416251627 1042
138 -4.368284356141529 5.4464156876906085 4499
139 -4.756197213015817 6.004910409073839 2212
140 -4.222739832973496 4.656993624858522 1643
141 -4.758632352963486 7.748900380832715 3671
142 -6.8692905458422855 7.144192833212923 1475
143 -6.627211757917315 4.197210739229624 2173
144 -5.142680436187788 4.555341779142387 2578
145 -5.653108715863169 6.1478444794237275 2881
146 -5.320236147539762 7.082447144162019 3133
147 -7.0013810291398535 6.5090884771556565 3867
148 -6.486294294606569 4.9052375654439615 2478
149 -6.3295709558088715 7.686162415971447 3983
150 -6.084410217937716 6.839709920627044 3289
151 -3.678045066214217 4.810382946064914 4460
152 -6.19928736545033 7.111773490558184 4366
153 -4.591478241770144 7.32326120239588 1444
154 -3.658331797207466 6.353533217209572 2941
155 -6.07105230440679 4.570547858769507 1826
156 -5.942149083331506 4.329777273510994 3736
157 -3.515738750420184 7.077785251280756 2602
158 -3.912834072980535 7.142670597828495 3270
159 -6.331406783538709 4.893346221380373 3002
160 -4.905981484716932 6.157160188192623 1386
161 -3.8315868429894 4.703770120066391 4860
162 -5.109389451432688 7.269251280111284 2607
163 -5.808503454070691 5.4203320490694304 3644
164 -7.140328437473449 5.34377145705566 4790
165 -6.197664305062334 5.46812854742542 1601
166 -3.9057916243717137 5.666871960990874 4217
167 -3.4174082548510927 5.396749683475033 1477
168 -5.63051279253885 3.997137459791392 2333
169 -4.8021144403737805 7.64594900489987 2439
170 -6.747742659764314 6.088044780146002 3039
171 -5.903203126707398 4.565636901806034 2045
172 -5.508368157116964 6.407080698716177 1610
173 -4.007430785897393 4.871056501372618 4654
174 -4.238586346044749 6.433440878611036 1358
175 -4.689699896544496 5.671093141698827 3446
176 -4.373961072676098 4.274605325101132 3579
177 -4.443729761023605 6.159685983996348 2631
178 -3.5960050238926025 5.320283502301948 1636
179 -4.210893694538799 4.961011429862832 4387
180 -4.54891195398625 5.497327246648882 3953
181 -3.9932539664584636 7.4816718311605035 4787
182 -4.514129629704906 5.853320446934701 2871
183 -5.879621623297309 3.9432741003710388 4578
184 -6.149482175954985 6.3643453072760545 4782
185 -6.298077879894188 5.78631546968342 4264
186 -6.703013628997387 6.81418349182508 1619
187 -4.865108814770444 7.100386022014932 1352
188 -5.526114292596945 4.500240779720504 2988
189 -3.3481324135792665 6.087273965985429 2240
190 -5.067254206269547 4.394862041601046 4993
191 -3.989400439711555 6.718913032466511 1724
192 -6.23597831182867 5.776700801481214 4090
193 -5.448354838563903 5.044912171889591 1740
194 -5.477055845137602 7.560775623550642 3251
195 -6.056782167233504 5.648980733446489 4004
196 -3.2710293233426975 6.464735765698963 1072
197 -4.240640001623391 7.454739763682145 1238
198 -4.1296624342122605 6.102848646958121 3088
199 -3.411435660058893 6.384563643870438 4795
200 -7.048900226171981 5.521838848065263 2779
201 -3.0721206027826247 5.659734650598029 2799
202 -3.7083750318417104 5.200970594654488 4933
203 -5.453713931160691 5.6433010756264625 1117
204 -3.5195809029223697 5.8304245717976135 4633
205 -3.570189129940152 5.467562523773049 2863
206 -4.5600929774780505 6.7625029390424 1592
207 -4.713834480471971 4.913295718337694 4156
208 -4.723186257232179 7.377940024928417 3606
209 -5.415012487614838 4.405311783588972 2231
210 -5.14833174536045 6.1752703697860625 3448
211 -4.480679445399248 7.0928188970458494 3406
212 -5.82506909129694 5.936130164845967 2668
213 -3.64207412334932 5.855202749483044 1770
214 -5.563968065867839 5.488403305800332 4902
215 -4.945219918461836 5.977393187025508 2630
216 -5.4148438573404185 6.902727592994747 4513
217 -6.697001948775913 6.935473257764934 4851
218 -5.88836977303043 5.498979253108477 2728
219 -4.549114976472684 5.135854748815215 3240
220 -3.6672772650515157 5.731012129751033 3090
221 -5.809636282007607 4.908511984556545 3676
222 -4.514954542185599 5.678288936011951 1048
223 -5.218568612652468 4.397212919365274 4580
224 -5.266767254134205 6.126985455130773 1277
225 -3.958700456148099 6.258926420043867 1777
226 -3.879820664936674 5.996605556510535 2194
227 -4.675845459740838 5.565995703975432 2978
228 -4.61810988599688 7.771764383508907 3518
229 -5.078482188997898 3.8756205134607784 3202
230 -4.6654889086052815 4.319870150599253 3278
231 -4.034717898274853 7.197099875523977 1174
232 -4.379396932370581 7.321969864434766 4506
233 -4.352715743718747 4.852671804593111 4509
234 -3.8056291288411845 5.204149381924421 2820
235 -5.789673246085454 7.168402432977146 3503
236 -3.528040124641088 4.700078277399449 1923
237 -5.2201886856927215 5.777490297614606 3828
238 -6.141934361489522 5.188995538236821 2771
239 -3.3039021869239535 5.711427364876923 1826
240 -3.6039988776691496 7.025168752846793 1093
241 -6.877521508734719 6.864355679430581 2135
242 -6.339082265752766 7.095029056813307 3224
243 -4.945560561982721 5.648943690704705 1595
244 -5.849172446070442 5.621368890911691 3564
245 -5.998330980013777 6.097922674929343 2915
246 -5.288678413223746 7.2976618427677655 2226
247 -5.041169885803432 7.809522808434764 3104
248 -5.35039770245245 6.2576561592750855 4763
249 -5.400373623923304 7.1504204526693425 4946
250 -5.954664895738601 4.150688996376979 4345
251 -4.949044103301928 8.055977134697065 4982
252 -6.03516135019785 6.364280354203375 2656
253 -4.9563860955858035 6.6006676849718575 3775
254 -4.916419350818494 7.7908009934067675 2194
255 -6.658560167404164 4.971364117823296 1491
256 -6.025192200188692 3.991076367393948 3079
257 -6.245994976447426 7.188196626175813 4112
258 -5.225768133800313 6.5663988574575995 2821
259 -6.176223648687771 7.327573854275942 2158
260 -3.666396971549822 6.558889251172816 1382
261 -5.811560459674 6.375024329492667 2713
262 -3.887677351264713 4.640740700426901 4586
263 -6.979268808429321 6.295166764402318 2084
264 -3.9157990534696934 6.667056442665242 2498
265 -5.5021650188457505 7.646843447393606 4823
266 -6.096169524192455 7.554898424854445 4122
267 -5.73090680970911 4.508702062974243 3389
268 -6.03378064764471 5.100649903567201 1425
269 -5.690283072243035 4.714253106211557 1537
270 -5.517366358956963 6.848977586142992 4194
271 -5.328011253487254 4.922484571323805 2285
272 -4.243988253675357 6.253317556332497 2416
273 -5.209500442618256 5.066443819798697 3855
274 -4.812805821804023 6.943310761973176 4146
275 -4.575990922908014 4.183464628709333 3597
276 -6.97031548965666 6.096944629967061 2692
277 -6.496839518345467 5.703005220645116 4908
278 -3.6429764597369205 6.953003244986108 2217
279 -6.117129527455515 5.935419724695327 4187
280 -4.761477454142581 6.250835413936572 4981
281 -3.8617959245057523 6.5758175045866505 4211
282 -5.6093730824400385 4.818045592951573 4685
283 -4.27621956790198 5.627317899654835 2464
284 -6.367735249484617 6.306786752066266 3925
285 -4.449521158217107 6.5802160128690605 3460
286 -7.2997613010304 6.037744149846542 1808
287 -4.759337714338764 6.591211157557265 2049
288 -4.856843298274316 4.835921753401468 4214
289 -6.569389379360548 5.32631973569011 1333
290 -3.905814114960023 7.048063521407348 1529
291 -5.33557396164678 5.3139282449700325 3863
292 -2.766703536825634 6.184906198318839 3168
293 -5.534597318988853 7.204655357423269 1785
294 -6.308732159150233 6.63357292968338 1256
295 -5.628981526983289 6.749447411397608 3764
296 -6.533146308521684 7.0486282163397025 3356
297 -6.303026554309323 5.289465613056195 1653
298 -5.703434842167167 6.882748112839145 1170
299 -6.111481019729971 4.303435073251141 2285
endpoint1 endpoint2
158 193
93 158
205 271
115 177
192 241
59 131
25 279
213 288
79 253
137 273
174 291
185 253
66 264
211 231
143 188
152 172
122 204
51 200
53 175
2 73
104 137
37 54
112 121
172 296
84 247
37 135
40 117
66 204
51 160
70 81
75 102
43 113
12 90
32 179
1 82
80 250
172 221
84 143
17 50
38 135
203 267
42 74
150 187
6 92
156 214
218 267
141 162
115 132
195 252
50 156
72 113
71 235
255 286
95 225
151 179
79 91
27 65
56 122
38 190
113 127
66 175
182 195
112 198
26 186
120 134
48 227
105 297
68 238
145 213
163 178
145 280
27 169
118 234
4 175
43 297
61 74
6 191
85 265
198 237
38 177
227 248
13 56
90 288
71 262
113 193
62 277
9 212
32 275
195 289
70 213
7 139
11 204
31 202
34 39
110 266
38 168
139 221
110 245
111 164
21 209
138 287
138 168
49 168
126 277
77 282
4 14
166 223
177 185
35 295
19 20
224 252
81 232
172 193
210 268
85 283
30 35
125 255
35 180
65 199
46 276
86 191
253 283
46 210
33 111
126 284
145 184
168 188
167 220
194 218
32 214
71 207
57 287
179 291
15 73
36 194
184 203
4 299
25 119
6 51
46 287
233 244
31 73
88 220
110 135
276 288
188 207
207 221
173 285
231 235
87 173
44 91
102 284
10 86
83 193
176 178
13 203
125 241
198 201
58 186
76 96
61 223
216 291
74 90
280 287
248 297
46 220
140 161
32 117
126 270
145 170
147 241
166 192
224 274
81 277
45 295
104 178
128 157
129 244
96 257
150 249
151 229
136 258
174 243
104 193
3 50
79 178
29 271
163 207
93 167
113 230
259 278
226 264
27 274
49 212
73 139
96 169
167 203
223 291
28 248
17 105
75 191
6 149
11 225
200 294
44 290
50 66
88 177
34 264
15 213
110 152
46 238
212 293
70 144
74 258
39 53
167 192
153 228
62 291
121 152
68 78
160 295
16 92
195 267
82 213
7 221
63 256
135 296
47 58
161 280
108 180
133 210
138 239
158 234
180 294
67 172
141 227
14 30
50 274
106 183
106 256
75 173
129 223
41 109
132 231
35 94
78 277
61 227
62 243
0 219
183 255
42 135
63 80
198 258
76 221
21 113
27 150
134 261
106 190
16 74
159 263
36 133
149 285
156 244
19 180
23 51
78 284
135 224
241 258
115 281
8 50
29 89
146 279
20 268
196 240
203 219
149 294
60 237
133 188
240 292
130 287
67 242
159 215
90 177
168 229
95 127
23 185
189 230
121 203
30 277
146 219
6 217
171 282
47 105
130 208
77 172
135 268
174 281
104 299
90 184
0 160
120 218
156 291
72 93
146 265
6 293
154 178
252 267
126 174
59 243
60 227
78 198
233 292
80 299
8 88
62 239
216 283
87 253
144 221
98 195
8 39
30 263
34 145
146 205
6 203
26 64
261 279
79 197
139 176
34 115
113 221
96 115
114 165
24 133
25 57
59 121
66 205
145 218
71 92
146 181
57 67
39 119
128 274
291 299
7 159
33 171
261 272
137 258
105 150
88 250
49 132
12 264
159 203
37 272
111 249
4 18
170 294
151 264
194 247
214 242
150 192
8 164
210 288
202 230
222 253
139 174
51 256
214 299
91 262
116 262
32 285
51 222
2 83
59 174
132 296
78 179
77 248
178 231
31 204
16 155
208 248
13 55
182 219
3 97
23 98
243 270
194 259
26 53
124 138
34 181
142 146
242 253
27 94
263 284
85 273
105 248
26 282
246 268
135 155
139 220
86 165
144 161
24 225
22 267
27 265
73 238
67 287
68 108
69 122
18 274
92 269
59 188
243 254
62 91
27 87
173 204
125 254
135 144
250 263
103 284
72 176
271 282
207 215
133 261
45 163
248 284
69 210
89 121
235 246
14 56
165 180
244 261
101 156
11 108
270 284
19 28
172 185
101 237
33 261
0 74
58 263
64 215
51 284
0 249
276 289
116 160
210 221
54 106
147 235
93 197
99 185
87 285
35 212
71 199
36 123
129 271
151 239
282 295
19 146
185 203
157 181
197 270
144 150
111 178
3 93
114 242
187 223
23 134
22 284
120 170
11 13
12 290
68 202
277 279
25 294
7 89
200 209
71 188
96 258
47 55
103 186
87 92
161 269
204 280
39 217
45 125
140 202
90 211
112 273
116 182
98 130
153 226
249 278
29 229
106 287
52 186
81 203
100 142
63 282
11 224
122 127
180 230
36 248
134 238
269 280
1 240
187 237
87 187
56 213
78 113
9 225
134 264
249 287
50 165
200 223
56 68
60 193
8 295
64 132
81 204
106 220
16 236
106 111
189 218
12 17
52 136
220 281
117 281
67 118
36 238
79 136
62 240
139 239
1 194
273 274
29 95
55 288
202 283
39 42
79 115
100 212
45 266
71 160
55 234
16 218
39 253
25 92
28 63
140 238
90 183
190 202
54 64
92 179
237 288
20 269
172 251
192 276
88 112
114 185
9 291
211 270
144 224
98 206
116 145
44 150
227 287
30 208
71 150
58 249
41 71
42 95
80 166
154 219
155 219
85 219
71 295
271 298
111 124
25 46
66 271
68 244
2 221
45 228
192 243
71 254
56 248
1 70
94 165
20 275
98 184
153 259
264 282
126 175
80 157
125 184
84 89
22 147
205 262
25 160
9 190
121 212
88 267
129 130
152 221
81 137
9 15
56 110
58 139
78 206
193 286
19 211
41 271
59 120
258 287
80 291
133 295
204 288
155 275
229 243
113 173
209 271
84 282
195 249
234 273
52 195
215 234
255 275
291 298
151 180
191 280
177 236
33 170
17 48
203 269
41 186
21 270
133 159
135 175
85 246
214 273
164 176
44 235
27 293
248 257
211 247
122 294
93 231
241 294
4 19
170 295
28 137
2 89
26 83
222 226
42 51
261 280
138 213
19 225
216 241
33 90
91 281
145 286
73 227
22 164
116 263
192 223
124 140
238 252
16 156
55 213
40 274
42 58
85 248
175 177
92 94
239 281
97 141
14 47
70 184
235 251
142 224
145 279
2 184
99 133
195 291
35 288
113 289
95 209
222 236
232 246
140 295
182 211
187 260
138 285
90 111
148 214
111 279
5 134
117 252
8 203
128 138
89 273
15 66
38 161
43 182
207 289
133 243
246 260
85 138
140 222
68 182
207 214
74 185
21 73
95 182
117 197
75 138
57 208
8 268
61 83
31 186
43 175
265 268
165 299
23 136
207 223
173 283
138 271
266 277
158 287
141 253
74 160
76 188
151 292
9 205
87 284
83 195
179 225
36 203
37 195
40 270
62 213
82 121
157 180
158 247
107 131
17 159
163 200
27 287
28 76
49 270
266 284
163 258
237 247
167 204
81 267
267 288
68 90
128 159
80 205
81 209
82 225
118 126
155 224
87 95
142 286
112 131
61 214
250 273
13 83
18 30
39 169
44 180
39 62
9 255
249 277
102 268
29 228
52 187
220 260
80 196
150 246
82 216
175 234
15 166
19 163
59 72
29 262
34 262
236 283
1 247
22 250
24 272
32 133
14 21
166 240
5 227
117 217
28 241
30 245
177 220
69 70
12 27
139 152
16 237
108 182
15 175
3 34
258 294
229 273
13 69
273 280
226 280
74 267
81 171
117 162
11 128
238 259
181 225
20 33
23 52
32 36
72 219
226 275
251 281
16 61
166 226
98 172
152 194
124 262
75 273
79 227
154 285
154 214
84 222
67 126
161 229
14 257
107 282
15 189
144 288
21 166
97 256
150 266
211 264
1 218
4 49
115 283
77 288
11 190
196 293
34 245
36 142
19 78
131 223
121 290
134 203
48 195
74 110
148 294
95 121
226 293
251 279
128 218
167 230
5 199
99 203
191 236
217 276
136 153
7 195
100 170
66 70
34 127
41 215
61 268
17 283
145 238
63 73
193 250
84 277
121 210
72 95
53 163
36 45
153 207
176 237
70 260
19 92
58 129
131 205
135 184
137 169
84 235
67 85
140 261
180 201
144 277
239 260
72 247
115 187
98 266
44 133
30 261
73 88
74 227
76 195
171 209
56 111
19 101
41 176
246 294
155 168
135 177
104 283
144 268
181 206
71 276
111 242
177 293
92 299
95 229
102 212
106 155
52 115
222 248
79 204
65 248
76 275
113 212
97 293
44 228
73 249
241 293
118 150
51 219
218 255
37 84
238 250
2 86
6 187
119 141
156 185
11 211
160 188
6 74
66 170
162 259
127 162
164 184
2 271
20 210
243 267
62 134
216 242
18 88
42 281
11 123
122 228
52 210
60 274
7 143
89 262
252 297
223 248
78 288
83 151
89 109
87 131
44 105
7 119
10 297
32 219
124 132
61 64
173 209
28 271
231 272
198 219
235 280
114 257
72 139
17 171
182 208
115 290
43 193
49 282
14 55
89 118
91 278
70 176
166 210
77 279
21 79
22 183
129 230
11 198
231 265
103 137
200 269
40 204
79 160
10 50
108 235
91 165
163 221
231 239
99 178
195 272
124 154
181 274
128 130
59 183
210 258
31 165
54 179
63 163
46 290
2 275
25 229
207 222
44 199
62 162
43 63
183 268
21 81
95 190
98 142
81 273
244 270
71 193
4 142
206 269
84 188
85 298
272 275
182 266
132 157
108 268
22 233
226 268
45 147
48 185
69 194
126 269
109 299
76 180
77 258
126 156
36 108
42 119
29 155
161 216
133 237
10 47
66 128
86 199
108 267
112 275
247 261
198 284
73 136
53 124
58 105
45 285
35 196
29 148
17 255
39 208
265 294
85 173
68 171
103 258
107 112
34 263
148 259
88 291
213 271
56 70
136 254
154 197
154 264
121 270
82 285
103 170
33 295
7 222
4 266
83 275
159 229
90 163
96 203
115 217
190 222
10 279
51 235
134 257
10 230
232 298
127 269
19 67
61 143
7 215
121 279
161 278
34 83
112 169
37 230
41 296
148 273
168 250
259 270
26 248
34 136
126 297
36 49
237 293
64 298
70 272
220 274
129 213
79 226
7 204
85 215
12 153
89 140
16 279
14 205
18 240
0 38
112 160
97 263
134 209
85 184
40 44
209 289
28 168
0 287
146 274
13 141
19 81
131 222
157 248
179 279
93 272
24 179
134 200
229 267
211 272
50 101
254 285
73 279
110 187
226 290
72 89
0 278
73 173
99 202
119 168
106 175
88 121
178 199
17 67
67 111
233 288
181 251
43 246
135 211
113 177
59 278
170 255
190 250
53 162
16 178
130 166
76 84
60 254
61 147
10 109
158 189
181 196
110 218
43 239
73 206
169 232
23 200
194 224
30 177
53 171
75 242
227 271
123 187
30 192
31 210
137 209
193 284
36 267
169 283
17 276
74 152
37 276
256 299
1 37
22 168
121 227
215 228
217 253
218 245
35 271
55 287
4 165
13 177
196 215
124 290
35 156
164 291
24 96
193 277
158 175
88 253
86 151
18 207
43 221
117 126
101 276
210 253
67 211
147 203
20 187
21 51
30 163
88 283
33 48
219 230
100 248
55 222
40 216
20 108
38 178
64 206
138 211
67 75
40 103
39 145
111 146
62 135
32 86
215 261
145 201
98 235
116 257
44 115
192 209
194 205
100 231
84 153
20 107
222 235
41 170
64 197
246 253
107 153
14 130
239 283
24 157
133 272
45 174
138 173
42 257
7 118
192 296
193 222
123 285
18 278
78 185
43 290
100 238
106 245
35 179
182 294
167 264
172 264
27 266
101 271
287 291
126 281
14 52
97 245
151 272
123 239
71 210
75 151
5 21
68 289
51 94
35 184
93 295
43 168
197 281
163 220
259 295
8 101
46 214
32 123
90 116
163 173
1 26
94 233
98 244
32 234
34 194
82 237
64 187
136 280
142 274
297 299
134 248
65 220
89 214
212 276
53 105
219 273
148 230
166 205
4 248
25 149
9 243
121 137
185 274
61 106
172 179
147 279
114 158
59 60
4 286
208 231
228 234
273 299
97 175
47 210
11 14
142 194
56 202
237 245
224 278
118 205
32 248
17 116
129 261
130 246
94 106
242 284
61 99
156 236
11 236
33 276
161 223
137 233
20 133
187 290
22 298
237 238
3 212
78 109
10 245
129 193
150 244
8 291
136 248
9 78
10 68
5 9
184 228
138 224
49 112
15 209
143 268
183 229
45 132
145 152
118 223
119 199
33 248
6 128
9 119
16 282
107 219
39 200
39 279
62 204
269 270
112 258
46 245
67 144
57 138
21 116
83 112
45 270
139 258
202 213
154 272
67 123
68 267
268 296
15 182
240 298
184 242
42 240
6 10
13 124
180 297
254 272
74 122
95 117
27 253
45 246
70 134
36 50
99 223
117 169
119 213
50 265
124 256
57 252
30 116
87 125
107 201
38 244
206 224
216 266
54 281
115 285
5 262
163 297
128 197
57 148
22 124
28 216
196 295
35 227
53 192
126 160
257 272
61 128
14 270
91 127
96 98
14 68
165 248
111 225
120 215
214 234
215 216
109 256
1 66
264 278
102 289
12 57
106 172
124 195
217 282
203 212
77 168
132 216
85 216
140 264
206 242
26 163
92 237
96 232
170 252
116 155
75 252
101 218
174 181
31 212
42 69
111 134
186 254
190 275
84 100
209 267
78 162
71 129
112 126
157 194
105 145
67 92
27 289
46 176
66 201
105 290
86 268
73 246
20 189
27 222
121 226
11 79
193 202
123 265
215 231
217 252
81 135
156 188
104 245
113 121
275 291
104 260
158 172
181 213
182 205
41 200
42 198
205 239
248 260
121 122
216 237
234 244
70 77
73 255
145 282
76 156
63 102
48 112
32 207
238 248
148 171
78 172
101 245
191 258
54 213
221 241
6 72
155 184
148 195
27 172
120 250
105 106
123 208
141 295
72 125
57 271
77 244
243 244
26 89
153 284
125 232
18 175
132 187
233 260
31 89
162 280
3 101
24 158
138 273
84 120
74 178
21 68
171 174
118 230
69 125
142 150
128 182
243 253
8 257
27 82
227 298
103 146
31 177
147 259
208 243
135 151
83 158
253 285
165 294
112 233
22 218
29 108
101 159
167 179
172 190
263 273
199 226
0 119
112 145
40 259
43 171
64 212
135 140
49 75
90 194
110 129
114 252
115 246
67 206
12 296
49 164
159 171
23 253
8 245
50 189
52 169
73 100
132 257
7 297
34 50
184 208
40 181
58 188
134 249
0 253
190 288
45 152
165 185
118 203
104 176
139 281
34 218
217 298
18 256
185 273
59 206
149 251
84 190
85 296
199 208
59 63
78 258
25 67
228 235
65 287
113 224
64 81
46 225
49 259
148 238
191 199
62 112
136 242
66 111
121 258
60 190
253 289
18 29
93 162
2 227
38 88
165 218
198 274
167 198
46 91
57 232
77 138
24 42
43 262
136 249
160 239
93 266
62 202
17 142
290 292
44 174
53 67
117 166
7 75
45 276
33 255
56 72
1 291
57 241
131 237
7 269
103 164
179 258
54 157
41 293
258 293
24 160
61 229
46 139
48 209
273 285
97 177
26 255
46 250
30 293
39 41
8 152
117 175
13 153
36 155
257 261
6 120
161 225
38 77
99 113
53 85
109 269
237 291
6 224
99 267
123 145
17 87
77 181
97 261
79 157
44 260
45 93
66 226
71 119
23 191
121 197
47 254
212 244
1 72
41 49
4 195
188 288
16 70
52 154
201 206
133 167
82 260
214 265
114 181
186 237
41 280
204 252
122 270
67 249
73 277
215 219
56 245
56 298
5 196
117 186
139 296
125 202
38 148
77 167
149 298
30 103
14 278
17 210
186 289
138 140
144 219
131 272
95 99
4 34
141 258
75 255
148 159
84 135
232 264
197 251
53 209
225 226
282 283
83 252
286 291
0 13
138 183
14 87
91 253
94 257
190 227
119 267
100 244
123 189
252 287
130 191
77 89
242 293
225 251
61 170
137 284
233 272
107 180
37 129
40 123
146 174
169 215
32 201
215 230
71 232
75 237
151 176
173 227
123 178
126 221
199 249
15 106
1 274
233 281
69 249
145 214
111 260
97 224
23 216
26 44
192 220
122 216
88 285
234 260
71 225
224 237
99 232
104 253
114 266
225 245
46 261
0 18
8 114
138 160
294 295
96 245
26 55
47 160
50 145
55 160
9 38
126 207
0 122
199 239
75 293
55 209
24 112
261 269
6 64
226 244
48 144
105 276
156 283
3 258
166 297
102 252
30 34
103 141
15 65
227 231
137 243
107 144
144 166
162 221
112 234
20 227
111 162
4 101
19 243
189 191
64 77
134 159
175 299
91 222
149 232
82 240
28 257
161 202
0 72
93 293
233 245
197 263
108 281
162 212
3 82
8 103
212 271
159 170
73 154
93 199
23 252
81 285
122 252
37 117
4 130
149 241
68 298
272 287
6 53
79 170
139 193
31 55
15 265
108 221
2 238
188 197
26 152
190 289
145 171
148 224
77 262
151 288
7 95
10 193
83 86
217 297
219 221
55 132
59 193
206 272
7 289
64 180
83 199
110 289
147 281
40 189
59 62
137 230
139 198
216 297
89 221
2 233
259 279
212 285
32 139
94 217
120 286
34 210
41 124
68 280
12 240
72 272
4 263
88 176
111 198
23 154
25 244
46 233
3 214
192 269
191 207
69 89
37 96
77 137
121 266
160 224
16 234
20 31
78 269
68 150
273 283
190 218
7 53
202 274
48 57
12 23
54 227
42 100
81 199
136 225
135 294
37 250
134 218
13 65
143 279
187 249
57 136
5 232
171 240
12 14
131 213
149 286
30 115
31 131
14 258
39 195
60 68
83 285
69 274
86 239
254 278
188 224
48 88
129 185
96 180
6 298
77 180
10 127
182 236
185 243
186 284
97 260
28 52
86 230
91 290
26 206
47 249
131 178
47 110
124 198
52 155
38 146
60 235
208 292
133 166
214 270
18 230
38 237
60 90
280 288
