nnodes nedges type
300 2000 graph
nodename posx posy weight
0 -7.600329876934178 0.655126877085334 1210
1 -6.400592200664998 -1.420166338989971 3224
2 -5.593664425388412 -0.6915107021959834 4461
3 -6.482853636043399 0.4700401941847309 1426
4 -7.178416831685242 0.3423002340689704 4370
5 -4.721019230431996 0.6039517678900659 1806
6 -5.5330329554639635 1.541785601024478 1260
7 -7.475055511747342 -1.4154771175132435 3792
8 -5.916813576486658 0.5084478256117843 4051
9 -5.308309837135839 0.9322966052856542 4244
10 -6.387919583342422 -1.1898924977936045 1466
11 -6.361036668463794 -1.8230473526707558 1993
12 -8.10975712467945 -1.478308955989935 2081
13 -6.9891659367364465 -0.8340603312395026 3964
14 -6.489501160913597 -1.6450891367684088 4378
15 -6.1140176581511545 0.7396019301437723 4804
16 -6.23880869006467 -0.27089112944116017 2672
17 -4.479178023189996 -1.3652546656442097 1372
18 -6.8794887112865615 -2.1859882702679356 3334
19 -8.33345804269924 -0.2713876602251479 4263
20 -5.750590424051069 0.7603268736812723 2892
21 -5.525179543686929 0.7055805770443011 2956
22 -6.649809689723198 1.3931433272971006 2446
23 -6.039142851196244 1.1036321614295797 4513
24 -5.375868925818278 -1.6689129282631845 3431
25 -7.263161217422633 -0.5013252386483726 3857
26 -7.286783716341183 1.148810799038538 3338
27 -7.490375212207471 -0.4225956883167349 2012
28 -5.287686827656044 -0.775281797210923 2474
29 -5.306444888673247 -1.0568565639585712 4977
30 -7.157996468450804 0.9866810269066448 3000
31 -6.706139092947911 1.0138741388148549 1010
32 -7.124416550295657 0.11134228419023198 3171
33 -5.687989703890389 -0.14096001192105936 3079
34 -8.171532804593628 0.05400221229451353 3120
35 -7.6746642227602955 -0.5550827971896313 1448
36 -6.551811541926208 -2.170433807425177 1797
37 -7.114373229251869 -1.7246579480935245 3629
38 -6.4344400372354755 0.6799144226876526 4558
39 -6.512065651853577 -0.23731312202564717 3731
40 -6.611470197748438 0.9377553081692093 2428
41 -5.029992680701061 0.9964371146826791 1363
42 -5.944248132839633 -1.5466547230364687 4004
43 -7.406467416130621 1.1154079757672906 1447
44 -5.698851984563019 -1.4023987989017719 3338
45 -5.7913045020938965 1.2915738181773884 1731
46 -8.140839461965102 -1.034104577803244 3784
47 -8.47207889971426 -1.3063029405230044 2524
48 -4.674017548028721 -0.23296305675560217 3544
49 -7.9220389601320305 -1.3063803016826343 3322
50 -7.817154296151582 0.5015709483180254 4110
51 -7.013719368461259 -2.106366791572035 4021
52 -4.845676787849658 -0.14485652193646695 4377
53 -7.710059029052902 -1.442000141190211 1566
54 -4.909966494345634 -2.0402272186535555 1304
55 -7.626884195768551 0.8891883944038255 4600
56 -5.03385684679762 -0.5070271938141155 4568
57 -6.183683254710706 -1.599252749023435 2266
58 -6.759250302304211 -0.6733593884366154 4768
59 -5.519988657604049 0.8275359269763954 4215
60 -7.757426454055692 -1.1850754943792001 1813
61 -7.434343026353532 -1.6336312900801415 1529
62 -7.148158285932628 -1.2674396502405991 1565
63 -6.3669272749694485 1.6460974309208847 1350
64 -7.377658486427105 -2.3736389900038217 2800
65 -6.1888232329894 -1.1285895000951196 4650
66 -7.273782020618795 -2.0957349746703655 4728
67 -5.003338964130491 1.2572498523163709 2193
68 -6.803180423763554 -0.5948690275608092 2523
69 -7.809331461444901 -0.45135726738318593 4668
70 -5.10659786519454 0.41083074557163235 4941
71 -5.384213719684181 -0.5071835951877346 4224
72 -6.323592433751106 -0.442490423737623 3301
73 -8.023921396340084 -1.6206134540619253 4817
74 -6.469776783204351 1.3665252698261592 2155
75 -4.576848293076024 0.19298330817912657 2692
76 -7.035651348929599 0.44887205754757303 4649
77 -6.452601874876246 -0.15828170257610974 2946
78 -5.999226056335996 0.07918699946544269 3426
79 -6.033697329576327 -2.2531142624016076 4869
80 -4.704964997477819 -1.22787019876268 3761
81 -7.536402543616419 0.6375762045938494 3408
82 -7.794948708466899 -1.7205452864289492 1170
83 -5.284321651223874 0.5001607883763909 3917
84 -7.1647044668217745 1.579265287286158 3057
85 -4.839468450265563 -1.6783419675957165 2588
86 -5.943948748400452 0.73315051262853 1437
87 -4.382823807540979 0.45850338661195744 4171
88 -8.674626247232093 -0.07394645404367339 2003
89 -4.625140749979993 -0.7398904870179094 3577
90 -6.835179647040754 -1.6494610018950888 3828
91 -5.317499998091965 -0.09805101393915695 2674
92 -5.296756809034554 0.7739895998903398 1751
93 -8.09773723745626 0.34511882347611567 4111
94 -5.954108339809086 -0.9911067493091328 3675
95 -6.452340787745173 0.5863112134171644 2405
96 -5.760767858909363 -0.39703228452121814 3175
97 -7.343525058151137 -1.27183171237614 3208
98 -6.558973394626269 -0.6112349603070819 4495
99 -5.488054859097923 -0.9099405427971111 4482
100 -7.618533709321592 0.27440783367958227 3478
101 -6.959350269431217 -1.0533404378661666 3045
102 -7.671769210493507 -0.09369063126701589 2257
103 -7.251566187178137 1.8142451701250784 4720
104 -7.861282328275649 1.0394791836502217 3239
105 -5.570664718923476 -1.9799456322371756 4697
106 -5.353256739465964 1.082522726808962 3933
107 -7.181569381811326 0.812466831984457 4513
108 -5.313200821279668 -1.9933305334556548 3612
109 -6.23485977704895 0.3434213157709792 1438
110 -6.916925716924702 1.4906486219316852 1808
111 -5.1205763814823735 -1.1500869700030036 1437
112 -4.950716850479204 -0.3526226253198331 1431
113 -5.031207756983805 0.3963478618174301 3252
114 -5.582426709594318 0.3564346867585864 4588
115 -6.109121033087193 -1.2802514438904722 4128
116 -7.601125885870444 -0.24708780686299314 4263
117 -6.504380553664051 1.953240698084559 2167
118 -4.561629916163015 -0.4955952719382896 4257
119 -7.043921691962174 -1.9799854998950794 4919
120 -7.64747388140257 0.38867574584684383 4522
121 -6.8333265661379485 0.567474784164902 3852
122 -6.837927378214391 0.3270249299885539 4660
123 -5.3848929551067855 -0.8833394339121851 3433
124 -8.029169989998003 -1.2350011616305416 1012
125 -8.259776598277142 0.22430604576259863 4572
126 -7.799098263495071 1.3725993717683027 3792
127 -7.753042383666347 1.2846754289768834 3319
128 -8.577175192190253 -0.45940286831005045 4097
129 -4.74353045714834 -0.7855874025868747 1812
130 -5.682194589829011 1.3825080976262343 1083
131 -8.102962098423621 -1.415226599034554 1017
132 -6.547457197713401 -0.76299050130202 2133
133 -6.156582231860807 0.10732607857044466 1379
134 -8.136253398765632 -0.45880384890002557 3204
135 -5.756806806533411 1.46938769430343 4228
136 -5.128898275131283 -1.090105350938757 4709
137 -5.260915148099363 1.1961481314229685 2882
138 -8.353061119274287 0.6046679953710176 2529
139 -5.075182286341834 -0.053986779074092967 2133
140 -6.508600506832176 0.922641291386216 3453
141 -6.406600231781846 0.06424808613283271 3858
142 -5.738124542886701 -2.1532481262621683 3007
143 -6.736819011596075 -0.9468848328993397 1968
144 -5.976301257871808 -0.7455711937232272 2074
145 -7.2675299395256365 -1.5640460485140335 3683
146 -4.5291391498104385 -0.5695931964670546 1893
147 -6.58845268515409 -1.3641779931961546 1410
148 -6.964296941473564 -0.7098396492322466 2268
149 -5.614461191269843 -1.0752029466389283 4505
150 -8.380080617082776 0.7402635569375461 1828
151 -8.166489983225436 -0.18502917307951683 3450
152 -7.878612977144497 0.2972854406893103 3254
153 -6.649387239527663 0.059611250314447806 2580
154 -7.325845088857244 0.36446398618388137 2729
155 -6.798321177350191 0.4008140702171866 1123
156 -6.802611546672466 -0.3583730850388242 1799
157 -5.637706102276116 -1.736170125631937 3920
158 -7.242331143712978 -0.6760887372943128 2750
159 -7.965498011409392 1.18994196294301 4325
160 -5.358305548557107 -0.298904596876293 2990
161 -8.19899711977307 -0.9399818701911167 2418
162 -6.876512745197103 -1.974365167941784 3633
163 -5.482910289081527 -1.5023491761930055 3297
164 -7.3335177067501105 1.0522188646304775 2746
165 -4.531608535126663 -0.09346181715765854 1128
166 -6.2175223844988174 -2.2348315321788426 1311
167 -7.02960055603667 -1.5081983601774351 3943
168 -7.205385017817877 -1.319602560316923 3798
169 -4.714130103097233 0.16380004598482087 1470
170 -8.126349322833557 -0.12882191127146894 2725
171 -5.773864728695636 -1.1212420713625197 4238
172 -7.8547194497615225 -0.7248301904409058 1073
173 -6.212978314273432 0.9074444302975017 1827
174 -5.567718796885416 0.4853195216235293 2789
175 -8.538189471906287 -0.18893785024509394 4719
176 -6.802642172947163 -1.1548929955105398 2393
177 -7.041494863411105 1.5151424595724283 2215
178 -7.198128764931352 0.6725967253737247 4108
179 -6.970924656892917 0.20234571736325996 4872
180 -5.024540096783839 -1.0114236027236339 2654
181 -5.853096405348397 -1.3656491972921987 1308
182 -4.616275892624446 -0.3602755629691 4543
183 -7.747896890433798 -0.1270083683720216 3836
184 -6.279019081825959 -0.8305884982666045 1537
185 -5.518833033854407 -1.2314067092041319 4059
186 -5.344581391605637 -1.602457973696413 4610
187 -7.333026665567794 1.4729302488308125 1466
188 -5.575571066493157 1.0352698913301153 3623
189 -8.166779332556207 -0.8175607680429217 3948
190 -6.157776259943515 1.4013131800762475 2922
191 -5.745152578043847 1.0604246236404113 3767
192 -6.598991547110201 -1.8833940307937997 4589
193 -6.124424579195141 0.3579483061705721 4999
194 -5.067930259732178 0.26956728814372 3688
195 -5.555230869362308 0.15669290949974246 4345
196 -5.6825877543652865 -0.2967212680945294 4942
197 -6.210751132541812 1.4737690375292334 3138
198 -6.741321035792111 -2.1203198572787794 4508
199 -7.6835226471364715 -2.1468191400694527 2888
200 -6.061369742312898 -1.7130971763533014 1801
201 -7.357285960636106 0.10641008598832606 2625
202 -5.84477009659661 1.6984528709717104 3703
203 -6.392972448910421 1.258435048284487 3844
204 -7.801278166083749 0.8527877012221197 1805
205 -6.880715038421082 -1.426758192390005 1279
206 -5.034378757981493 0.14832801267122273 3216
207 -7.535519763423965 -2.1862916805422223 2244
208 -4.675480288046387 -1.141168298965194 4126
209 -7.209025638552436 -0.9867550729752292 2623
210 -6.101130103867486 -0.9032036671434864 3787
211 -6.780013551702001 -0.08206145479204247 4500
212 -5.509483614780407 -0.026018393874728592 4641
213 -6.784333217897015 0.8000044040965629 2647
214 -6.662547972870583 -1.6635936001883815 4118
215 -5.151564094641715 0.7200089121223425 4325
216 -6.28153915547896 0.6255339422038888 3704
217 -8.035368351319718 0.19948966682761432 2136
218 -8.271828119560933 -0.02417135989480652 3913
219 -8.091405584012815 -0.6399919841044003 4821
220 -7.388774816132437 -0.17348870232013164 1536
221 -6.551140827611371 1.214957981818444 2148
222 -8.161341018216797 0.93706720639216 1278
223 -6.354694394433816 0.012932740615984518 1429
224 -5.047283485988819 -0.31491397506462576 2841
225 -5.539861740448803 1.7852776448233045 4938
226 -7.758337830095015 0.09988394643663542 1642
227 -6.717609296457724 1.6635305750451848 4802
228 -5.755460084005016 0.11070235579708732 4979
229 -7.649493721208418 -0.9255586483195747 4649
230 -6.247022913639755 -2.0053789986786694 1266
231 -7.139353189099164 -0.20551958197815132 3995
232 -5.080646800657741 0.6900194455564276 2544
233 -5.536553348002192 -0.43437574989406413 3152
234 -7.666157779732699 -1.594878009700576 1182
235 -8.390709900399818 -0.63480009539198 2867
236 -6.989707555079743 -1.214153821149694 1273
237 -8.196707453294048 -1.1883574310729117 1647
238 -5.638746594545589 1.176767641335461 2987
239 -5.799630336801881 -1.9897520909675108 3534
240 -6.5085829361281045 1.671962887638821 4005
241 -7.418557307683953 -1.0441505007406964 3648
242 -6.715222494678664 -0.19137319534022104 1556
243 -5.847666730789195 -0.7398775209149232 2784
244 -7.107199006035871 1.1148133849313597 2156
245 -7.18333933208007 -0.051606849924682785 4674
246 -6.012431522347831 -1.1254816846794684 3453
247 -4.876499207244005 -0.6022825498083509 4915
248 -6.206383713353907 -1.7973239869695916 3002
249 -4.893489725359123 -0.8255530045878643 4067
250 -5.095058600011434 -0.6714956859585551 3551
251 -6.002971018093329 -1.4696208984322745 3972
252 -5.388939911620744 0.25955524101459204 3957
253 -5.877826308121272 -0.022449811207843975 4544
254 -8.004119467425923 -0.3530686659568329 4559
255 -7.621378607872189 -0.6610045867879737 1291
256 -6.78418099495158 0.8965984909912815 4524
257 -7.218029000808734 -1.0776233140186238 3166
258 -4.633593113657094 -0.1024656897122953 4108
259 -7.8477076043239995 0.7668504800302066 4307
260 -6.133096497853721 1.1239988522150204 3181
261 -4.86347402710086 0.15415362631622542 2431
262 -6.555492811927797 -0.36431734679505745 4514
263 -4.818068765747386 1.1717990784812033 1051
264 -8.35247446108209 0.908699146807996 1482
265 -5.8188149780589145 0.5025046659025689 1323
266 -6.890615491576792 -0.2042516121893826 4606
267 -6.011341002515587 -2.0917167556624783 2850
268 -6.575632127122447 -1.0017340452941468 2035
269 -7.336304295975475 -1.7345223413855253 2400
270 -5.821551147737268 -1.7484642519236904 4301
271 -6.522258692438753 -1.9663058873528079 1840
272 -7.196560601276432 1.287161975772116 3200
273 -5.506649169822851 -1.4432649544384104 2825
274 -4.983582969256054 0.6087385067526331 3740
275 -6.745301149234884 -1.3012581906441578 3215
276 -7.567630933927575 -0.43210763003706515 4654
277 -8.22182518800158 0.14256897114786252 2327
278 -6.077230411864642 -0.5478134697473018 3127
279 -5.170720841837234 -0.9440195604686226 3242
280 -6.969193257654104 0.8438894752097724 1799
281 -7.568856661764081 1.0216817799502775 1876
282 -6.070559223847227 -0.028321273835788488 2879
283 -8.709909627409491 0.18419964380876824 3828
284 -6.054756194885184 1.3134427489865501 2357
285 -7.818677992332107 -0.8871731207304432 4175
286 -7.558445678603257 0.1183424201849428 4565
287 -7.916257228185188 -0.9319402572556603 4687
288 -5.003931564380399 -1.4411436002580031 4233
289 -6.123527661889849 0.5350319138324284 3765
290 -6.821429867869509 1.3826480765575353 2783
291 -5.694876062289458 -0.8663310207874164 1316
292 -7.685436534993171 -1.9364456305016093 2272
293 -4.610301842824835 0.49903330257552514 3631
294 -6.7481117357430955 0.1485919988435888 2397
295 -7.287808341692241 -0.31554867137818365 1484
296 -6.341359016589198 -2.1702422354859476 1005
297 -5.928640411956596 -0.49478720947944116 4552
298 -7.3891909766070825 -0.7508636962838616 1525
299 -6.986008367330344 1.337729575191501 2916
endpoint1 endpoint2
50 96
145 233
73 276
95 101
25 217
118 142
122 197
71 252
129 139
76 201
149 184
28 209
71 141
140 266
13 20
91 118
55 100
38 228
20 58
43 235
280 295
13 101
109 177
79 275
122 204
47 143
32 188
69 158
95 243
171 220
264 287
139 288
47 124
238 291
95 256
63 299
174 298
181 193
127 179
55 125
19 209
205 251
150 275
62 145
65 147
84 102
146 180
95 107
30 265
92 296
80 250
81 140
153 271
52 112
198 243
127 299
242 290
208 265
132 200
189 297
135 173
83 132
78 211
127 184
44 233
134 176
211 245
85 89
32 91
144 202
74 135
1 58
25 172
51 214
33 60
2 91
27 65
157 296
109 122
223 246
133 154
261 282
63 130
137 223
6 87
233 280
14 183
72 154
43 222
45 185
33 68
141 219
76 158
168 199
97 231
25 181
120 245
156 262
29 48
32 284
6 256
172 211
104 254
110 259
58 166
172 277
157 210
90 247
1 155
45 178
90 102
184 276
148 205
39 99
131 271
98 230
45 195
46 51
28 157
53 131
73 119
129 293
106 137
124 248
34 39
15 123
35 143
0 123
33 191
221 285
126 204
138 217
14 129
22 193
133 285
45 171
69 234
126 277
235 254
91 216
98 298
101 148
181 268
220 294
101 229
10 164
103 140
272 290
37 211
140 220
114 195
25 31
133 262
11 28
109 135
74 187
57 97
166 214
116 207
81 283
46 61
195 216
50 128
69 100
185 261
224 243
78 135
153 185
142 270
197 262
74 83
219 285
165 190
77 268
244 259
123 249
68 81
87 258
97 124
27 34
155 233
185 196
60 170
137 297
140 210
162 291
162 236
0 255
108 273
97 171
47 269
77 261
5 243
27 138
200 208
56 181
19 43
130 250
81 211
104 193
29 271
14 157
253 294
15 204
40 77
188 221
49 257
128 229
128 298
224 297
115 119
121 151
29 230
249 279
17 105
155 231
282 296
179 237
125 131
54 129
39 215
83 188
15 213
1 241
21 254
25 251
29 78
56 265
256 278
114 118
192 270
120 294
77 136
6 140
136 251
155 252
108 180
36 230
41 290
3 32
78 274
133 210
72 210
165 193
3 177
96 167
153 237
27 145
106 256
36 158
220 280
58 239
149 276
9 116
156 253
160 248
13 239
0 44
36 237
20 39
29 282
236 271
120 197
28 86
167 246
25 259
56 81
133 179
156 244
12 158
6 9
176 292
88 134
273 276
23 160
213 231
69 162
34 132
77 290
9 21
45 260
102 298
178 209
13 144
41 95
7 200
10 124
31 139
16 267
72 269
134 213
65 143
138 152
3 164
169 249
24 223
96 221
9 141
7 35
213 224
92 137
59 141
77 219
106 160
15 16
208 293
9 111
100 168
66 72
104 299
88 229
86 143
14 269
1 165
130 278
25 47
206 238
134 204
122 268
72 206
73 192
147 179
97 218
146 210
57 162
78 87
171 275
98 187
30 218
178 195
16 191
217 287
35 237
56 102
59 243
193 262
125 270
0 8
55 103
112 210
186 242
21 179
39 233
63 231
140 154
148 298
97 211
121 213
122 205
30 263
78 94
98 178
52 106
203 206
278 289
125 178
108 142
218 257
76 282
41 195
44 243
66 205
144 212
71 92
0 190
109 169
145 218
205 256
190 225
45 215
51 208
71 237
56 133
20 288
172 222
71 130
1 287
221 252
133 144
82 162
228 274
193 272
90 226
17 194
127 187
55 117
205 243
8 70
190 281
69 254
241 295
96 249
99 148
244 289
32 262
59 169
4 161
78 168
60 281
100 253
85 271
174 202
80 129
83 140
66 172
12 176
14 180
197 289
55 114
21 206
163 181
109 155
184 270
4 25
44 112
69 136
88 287
255 262
157 288
103 153
31 204
51 79
109 114
53 298
55 218
41 165
26 275
265 282
12 175
108 251
40 107
209 226
28 111
122 299
33 92
147 212
111 271
170 223
8 195
27 161
67 278
13 281
234 269
242 253
167 190
29 185
106 246
35 142
54 163
55 211
223 231
65 205
232 245
163 210
80 270
133 284
206 212
243 279
74 177
156 277
55 187
75 146
94 114
9 45
119 158
102 242
68 294
13 216
54 186
93 298
40 202
203 227
43 183
89 200
90 198
19 245
212 258
215 279
73 151
57 96
58 94
4 246
102 282
122 243
33 223
2 60
58 193
132 261
206 260
5 17
210 260
29 139
246 286
140 212
86 183
90 193
15 249
49 278
29 98
231 234
147 235
57 105
152 158
118 247
9 206
249 260
121 132
59 202
97 115
98 99
117 261
27 37
172 176
28 282
24 71
90 200
38 45
24 257
68 202
256 281
224 275
166 193
188 265
170 268
25 294
98 139
104 179
255 291
97 116
136 206
35 170
155 299
83 182
228 291
31 62
159 245
253 293
40 78
223 290
153 226
81 269
267 294
32 252
149 257
42 112
154 259
27 51
282 297
16 245
200 295
147 288
37 246
24 85
13 77
93 191
7 62
122 164
76 168
152 243
177 221
50 280
33 251
16 93
78 224
82 287
119 123
121 264
174 258
105 198
265 297
144 251
163 252
22 289
116 132
189 218
74 266
153 236
83 111
46 97
123 132
127 259
201 216
42 98
82 278
156 254
174 261
107 223
185 231
41 253
205 220
82 92
28 32
66 239
32 35
50 117
14 119
93 177
1 115
75 212
176 199
178 215
53 250
164 262
200 205
57 255
242 261
150 154
278 282
149 284
179 268
271 292
63 203
48 272
139 228
59 262
99 114
209 291
192 229
52 239
142 162
34 244
132 214
6 118
30 120
39 250
39 257
25 37
133 204
28 54
229 269
4 63
189 229
118 181
9 140
0 276
75 194
81 159
117 190
171 224
100 218
176 245
196 248
70 268
41 71
61 156
179 209
271 298
38 227
25 46
216 277
113 179
122 195
32 167
56 248
153 259
101 221
104 132
133 173
103 197
108 144
44 245
61 262
140 155
87 252
100 121
120 226
230 278
4 188
78 95
99 246
11 162
123 185
196 273
201 253
137 280
30 109
19 211
76 283
80 291
66 257
84 96
48 247
18 105
98 219
25 169
84 282
2 94
7 158
85 261
31 217
15 110
30 84
125 287
15 159
18 209
230 250
94 271
244 290
194 244
122 220
68 112
94 158
95 227
61 79
8 165
36 168
107 174
181 209
71 267
194 265
175 281
90 157
0 141
256 295
148 192
184 271
72 122
238 252
129 149
59 161
239 246
78 176
156 183
174 210
88 90
182 297
246 266
228 257
13 54
127 168
46 198
33 83
234 251
63 107
30 175
32 218
195 291
8 286
33 266
15 69
40 196
40 281
79 216
139 223
108 243
37 185
26 138
170 272
62 258
160 262
43 281
98 110
11 199
0 116
203 226
209 211
117 197
101 155
249 258
12 119
51 52
69 98
92 261
57 285
185 267
5 16
172 186
10 173
104 213
175 223
33 260
14 230
176 268
51 287
37 171
115 250
62 189
210 218
12 292
116 283
67 268
128 152
2 52
58 201
77 155
132 269
83 195
86 92
15 80
65 282
13 90
15 193
42 161
22 285
57 113
256 282
102 277
11 157
68 90
62 77
83 200
63 284
107 235
15 89
23 41
61 214
107 120
35 58
62 175
122 154
8 231
220 223
129 195
100 143
200 296
53 287
45 117
63 223
138 226
15 215
109 216
42 147
48 182
88 290
183 280
96 162
4 235
223 298
232 290
129 196
242 272
9 113
19 168
35 40
91 135
22 294
27 226
56 274
58 122
170 173
44 57
192 263
41 83
154 274
83 223
156 255
31 135
179 262
182 273
133 217
65 179
34 280
236 265
32 147
129 165
8 156
100 213
45 265
124 179
107 282
125 172
92 110
38 246
41 274
3 16
62 248
143 162
147 167
148 287
188 227
189 235
217 226
98 167
8 131
101 170
102 296
80 160
31 117
16 269
18 234
184 254
240 294
39 245
38 233
143 171
152 161
11 38
101 211
176 246
103 126
124 276
200 252
58 134
189 283
100 170
154 216
48 250
72 240
188 241
26 212
279 298
25 222
92 130
146 208
166 279
119 166
176 237
178 266
15 27
78 196
189 276
205 255
135 201
48 262
86 247
141 173
112 291
97 209
43 125
100 122
104 125
32 266
288 297
218 237
76 195
25 285
98 176
29 211
30 195
20 93
172 299
286 295
55 126
133 294
138 179
73 267
1 38
219 292
74 155
171 185
193 244
75 232
59 146
99 299
101 206
174 193
136 142
214 278
64 101
134 183
48 239
0 183
21 52
23 223
120 241
29 52
123 268
2 86
9 56
100 255
58 154
222 227
78 217
150 177
227 244
139 160
11 288
71 266
23 103
65 98
211 255
85 111
69 229
180 280
144 196
145 285
93 255
4 27
23 212
26 40
122 228
32 287
160 265
72 123
78 177
153 171
27 91
178 229
75 288
20 106
223 248
144 172
108 296
112 240
262 289
229 237
105 279
14 44
254 255
91 196
147 214
74 180
3 240
5 156
63 106
167 184
101 249
178 297
289 298
240 280
65 195
14 132
17 171
22 265
120 151
85 113
92 197
111 278
71 211
56 163
2 35
257 297
59 190
3 262
151 219
84 174
16 139
200 269
203 229
41 149
223 238
68 183
197 282
164 213
111 174
8 100
120 158
49 275
141 195
191 215
30 158
18 267
224 246
43 273
119 145
102 235
105 232
14 231
18 154
184 206
24 66
4 278
49 78
201 283
39 186
187 277
4 104
256 260
148 229
95 190
25 150
124 145
71 193
132 270
7 292
27 39
161 199
126 228
185 201
106 112
72 160
18 36
96 149
8 225
123 243
59 197
62 114
100 129
31 171
58 279
49 120
107 123
14 96
109 222
110 148
21 242
116 176
43 45
247 261
212 281
49 262
87 188
95 172
120 290
10 244
47 73
242 278
136 247
10 71
108 184
208 212
65 160
265 294
233 236
72 174
183 234
39 161
75 216
148 242
98 155
81 177
220 284
64 134
193 294
16 281
16 238
186 210
61 231
241 277
189 216
27 229
192 233
95 146
98 146
151 156
70 281
53 255
189 271
10 73
86 121
72 258
18 249
181 224
38 252
83 280
211 258
139 225
69 277
254 275
236 266
148 273
59 259
115 222
214 219
153 251
124 204
33 139
77 183
174 274
31 143
13 229
58 299
60 64
79 147
163 236
0 213
20 152
115 167
42 141
23 189
118 176
28 168
122 191
73 164
213 282
13 141
15 20
179 279
182 224
20 48
186 239
48 196
122 256
94 273
97 198
95 120
188 251
99 125
74 254
94 160
77 216
178 272
125 204
200 253
71 144
150 170
15 130
55 107
69 256
91 226
205 267
5 190
5 265
279 293
192 245
51 199
113 258
25 283
173 243
40 114
8 91
48 263
12 277
144 208
53 58
146 185
38 107
8 42
190 253
63 113
105 112
60 262
144 269
35 100
37 131
186 248
39 227
204 290
49 128
12 268
93 236
23 282
26 39
171 184
7 11
56 136
50 295
177 226
157 220
197 293
72 151
97 292
45 188
210 253
91 258
113 164
209 262
195 224
215 253
219 230
2 87
94 156
3 274
171 206
210 287
12 220
16 167
197 232
19 114
244 299
7 121
234 257
18 287
57 195
104 226
30 53
16 158
127 197
181 183
221 256
25 96
139 216
214 289
89 195
90 243
55 68
24 157
243 275
206 208
230 234
86 272
143 156
109 145
184 280
94 255
46 55
53 143
255 264
154 291
227 299
268 287
4 289
29 295
109 249
38 63
23 116
27 266
101 271
247 288
231 241
141 201
68 111
32 211
73 124
97 102
5 21
31 191
240 272
93 295
203 228
132 168
79 163
157 160
89 205
109 242
165 288
113 247
4 98
284 293
163 278
219 280
184 294
11 97
53 145
55 141
295 297
149 243
43 272
174 229
161 205
34 53
14 151
22 215
280 284
65 77
141 251
53 105
98 143
99 186
119 248
10 195
19 38
103 190
199 209
61 219
46 298
97 175
116 170
173 274
65 70
81 265
131 252
82 296
63 286
102 154
157 282
155 226
136 262
179 232
140 197
114 232
4 95
1 109
96 173
78 109
153 231
120 291
50 284
55 152
2 4
59 221
149 270
6 137
11 229
125 159
35 84
112 188
114 144
39 211
4 268
39 286
134 237
148 268
3 76
24 274
26 247
87 180
128 240
26 102
27 156
120 298
8 144
213 270
129 279
24 48
10 79
84 202
179 259
181 230
19 170
207 268
61 230
74 115
183 226
212 229
32 158
47 292
52 228
152 253
151 159
7 65
10 231
78 238
133 182
80 180
139 147
268 296
72 259
93 285
48 215
158 209
273 279
168 251
226 273
49 296
6 227
44 50
171 288
176 250
7 256
85 214
30 116
268 295
164 231
115 285
116 149
34 128
143 221
57 148
113 279
167 235
100 222
119 210
16 69
36 136
130 213
133 184
156 207
14 270
34 98
1 160
111 112
114 180
145 235
193 231
67 135
34 155
148 151
6 221
99 205
102 289
5 86
140 264
111 121
25 51
87 224
3 145
166 186
42 291
95 96
47 141
92 156
25 282
153 256
160 169
1 257
275 277
131 207
155 213
110 219
3 9
62 147
135 203
68 254
74 158
183 223
22 150
194 225
105 119
51 207
75 245
28 293
174 188
176 230
108 123
55 203
203 265
41 182
242 292
65 296
233 273
144 185
111 143
155 276
12 269
93 235
28 141
195 250
55 286
60 286
206 293
31 107
15 152
40 97
204 231
33 70
159 183
148 196
43 109
119 286
68 115
57 185
153 160
173 221
31 286
203 263
58 152
137 194
190 260
215 260
145 275
80 94
44 108
142 143
270 271
132 276
153 284
178 227
52 67
36 210
132 187
19 235
24 297
22 195
115 232
210 236
194 287
111 267
97 243
119 236
76 225
10 166
160 204
33 178
18 166
21 294
167 267
85 142
180 182
162 220
37 166
40 86
39 134
206 216
109 137
18 270
3 264
200 271
36 192
132 169
138 205
162 298
20 233
215 275
126 257
14 60
74 164
21 86
95 179
244 257
121 135
52 169
15 39
172 181
11 241
86 88
272 286
36 207
130 299
60 168
79 171
37 168
184 191
28 112
126 264
1 18
219 272
21 95
3 233
23 250
126 155
129 246
58 212
136 203
62 73
28 278
19 150
130 290
60 167
82 116
176 262
106 126
187 211
177 281
70 155
109 297
37 290
118 194
58 223
131 255
61 98
107 236
200 292
20 23
81 103
65 173
106 121
107 125
17 149
21 240
163 268
146 249
76 173
96 174
44 70
102 259
176 214
58 230
242 276
147 292
21 136
134 226
86 220
158 228
112 268
147 149
24 275
187 225
70 149
128 294
56 270
223 279
10 253
121 163
13 299
124 184
78 228
66 97
12 229
54 157
186 208
61 229
108 192
110 164
26 255
30 293
34 143
53 76
0 259
109 276
55 295
10 228
46 101
217 262
75 160
83 224
107 211
34 81
72 260
38 242
25 95
211 260
66 235
144 246
143 166
118 191
214 217
1 119
74 202
227 277
196 246
154 280
137 187
83 233
11 267
103 218
23 78
28 59
138 154
14 66
73 217
143 282
148 282
59 282
115 169
120 209
48 94
47 254
149 176
7 182
232 282
176 242
217 272
15 22
71 149
245 285
121 295
40 134
91 239
38 127
190 241
49 236
32 164
141 265
20 272
153 203
119 170
213 289
70 256
65 234
156 199
155 281
254 266
94 286
111 233
25 163
35 259
213 298
196 278
196 227
252 256
242 298
12 128
181 194
2 289
113 223
41 221
116 124
94 257
26 218
27 216
7 12
181 297
291 297
78 163
196 234
76 77
79 192
226 235
60 102
207 241
105 289
144 201
70 75
145 288
2 171
3 158
97 239
169 215
234 285
60 287
81 134
7 154
64 271
51 68
223 247
90 239
71 270
24 145
43 223
8 75
67 213
33 69
234 245
89 96
148 197
116 260
104 110
57 184
156 180
105 241
19 116
246 248
157 211
233 258
31 83
13 57
112 252
210 242
50 62
57 80
294 295
18 285
57 270
172 201
13 161
75 293
21 284
26 284
155 176
137 202
13 50
214 295
19 234
42 201
23 121
48 293
14 51
93 245
76 147
3 245
22 179
205 294
21 67
168 180
119 239
33 192
71 215
76 226
11 194
235 285
18 167
76 113
228 255
232 250
86 190
109 247
36 297
43 194
86 297
77 276
4 244
98 251
62 262
156 274
124 158
13 269
142 158
81 226
228 230
144 157
0 231
114 253
122 141
32 125
142 246
18 64
2 134
23 252
117 193
27 178
185 271
41 114
206 265
263 265
104 217
37 198
40 182
133 248
82 122
68 185
15 265
75 89
113 238
76 297
8 110
262 265
190 289
46 223
45 151
140 160
165 184
94 214
224 273
2 129
98 141
21 94
244 265
52 177
126 152
118 123
36 247
21 133
50 221
92 173
39 61
99 165
27 128
121 144
129 206
60 200
81 213
61 97
156 238
14 297
17 251
36 254
112 135
147 286
78 266
6 39
69 295
110 155
201 266
22 231
4 89
29 79
2 147
183 287
3 214
78 115
192 269
159 278
35 201
220 256
257 266
10 66
0 84
37 241
186 214
265 299
138 238
72 209
39 162
226 285
189 220
212 291
49 199
198 266
53 66
143 192
224 294
277 292
152 248
9 228
61 115
82 207
35 95
127 150
44 279
140 245
31 43
35 44
0 218
259 266
192 236
120 196
28 85
50 198
2 101
3 196
166 239
104 173
106 266
159 260
42 111
64 144
154 203
155 203
16 275
180 241
40 153
6 8
140 236
91 144
3 188
11 44
177 260
202 260
77 291
149 182
191 250
46 109
130 216
137 186
11 266
140 276
93 276
42 249
72 198
209 294
84 259
109 261
4 204
151 175
99 198
9 31
52 155
130 211
77 173
42 81
38 295
149 288
100 175
102 191
121 294
12 147
37 149
3 29
8 80
