nnodes nedges type
300 2000 graph
nodename posx posy weight
0 2.9107748665217454 2.880849216352416 3113
1 4.76575250240754 4.7634678724558706 2549
2 5.573487062423933 4.670824291890148 4838
3 4.824350101377986 2.858115188230876 1690
4 3.6516945178346596 5.487130130264033 4483
5 6.137439854116845 3.4496420213461567 1978
6 5.197727783301804 2.014407294065894 4859
7 5.0327881937461125 3.7775483610041833 1000
8 3.34330322116068 2.1602019675674593 3609
9 6.193480936452183 4.361321674657231 2550
10 5.998081501875257 2.630496212013231 2176
11 4.751610559894441 2.4594846867556748 3634
12 2.5387576921078243 4.282383006125049 2335
13 4.003819744860912 2.2888410187522914 2307
14 4.2909246574660465 4.681580264817781 2274
15 4.02163041035763 4.150125888395261 3811
16 5.231476731933192 2.6320489727917336 4676
17 5.011976233933877 2.810529302295397 1248
18 4.205799482649688 2.1800549584709787 2321
19 6.860773456470229 3.1899765503125144 4046
20 3.8759730666095895 4.030559128165252 2502
21 6.197653411093169 5.060611227779159 4510
22 5.769416537653774 2.4536450505058984 4810
23 6.608440438737734 2.8369748298325788 2714
24 3.2349490250846475 3.201159242904569 4376
25 4.454505857822131 5.290643795848893 2978
26 6.145260646958891 3.6005793335312672 4304
27 3.136282922122158 4.208513075001268 4524
28 5.158344205922263 5.846561354172713 1945
29 6.030688010237563 4.116721552191419 4211
30 4.552469713801482 5.174965931141342 2682
31 6.264703220240212 4.897730418200056 3768
32 5.215458161168804 5.171105312459933 2321
33 3.842034160904258 4.25574059066145 2093
34 2.898336879074773 3.0871510158923696 1097
35 5.725099945547668 4.619170885417839 3473
36 5.1891239294802105 3.698364471900926 4333
37 6.345674385317798 3.693974413520548 4521
38 5.9019215564095795 4.325025619247415 2625
39 3.810073967710737 2.504429379429098 1268
40 5.803379825616977 4.9660125900306245 2385
41 3.599115858748796 2.9003346825430207 2412
42 3.9449716998700515 2.855402153017635 4988
43 3.971043083148605 1.7358410790917371 2537
44 6.170504003244963 2.6782038582612304 1851
45 5.57107253331967 4.941659620712883 4075
46 2.988371363441298 4.9611696478074805 4141
47 3.7108493377945653 5.335156112596223 3848
48 3.44198106270552 2.774979945328003 4268
49 2.843169720475947 3.4058814671421698 3077
50 6.02385978711152 4.627078341599986 4545
51 4.098152630399826 5.600752366266416 3323
52 3.906573230656735 3.0047803801145387 4189
53 4.381227842740894 1.94644281592736 2421
54 4.0848285278859535 1.798748174049523 4453
55 4.987509915870927 4.2580851059578295 4352
56 5.902620421477108 3.437671394297529 1963
57 3.3879405070737305 3.273450420873221 1612
58 5.019324290984991 4.132032995198695 4151
59 4.252352876267929 5.204250791987577 1323
60 3.2369116745611994 3.506586767161742 3921
61 3.0936065822100356 3.6998390975514943 1515
62 3.791803934425947 4.66523133162391 2921
63 5.32306890551691 5.0531567542336395 3384
64 4.419580537164102 3.393632362700076 4990
65 5.349971002431957 2.705937720043984 3978
66 3.298619627389297 3.40580286157515 3877
67 3.4221376926609226 4.6470458817963625 4698
68 3.8494124513745698 5.397677235158627 1357
69 3.3987377860549164 4.265956079719821 3163
70 3.389570152834364 3.8821325455531475 3049
71 4.366423473403774 5.695219026079177 4070
72 5.4895993472012385 4.339510315151771 2156
73 3.187627777226934 2.674098771546857 1051
74 6.084271209543539 3.175662420006348 1497
75 5.996038403027881 2.301618342106538 2376
76 5.0752341395132206 5.060834884294806 4618
77 5.006929384015781 1.7401347049758311 3784
78 4.18476943767313 4.086083631731371 2508
79 5.603197511910377 3.313894131192742 3043
80 5.416424567092264 5.48303900814244 2195
81 2.818161092887186 4.262788465868826 2011
82 3.581550518974482 4.687306567279151 1345
83 5.251158676907883 2.759093873912185 4869
84 3.5701548762016713 3.6525186027938177 2555
85 3.4258302394017144 4.935899084747059 1791
86 6.317471169496094 4.110602081678763 3962
87 3.6123327859405308 5.068523553689939 2839
88 4.526638184027363 1.8049751645737422 3602
89 4.870381606455336 2.659330742103709 1363
90 3.392462372346341 4.404936750877271 3143
91 5.261171546191143 4.760077373672277 1499
92 4.473470103598003 2.3089207345521547 3635
93 2.6341150204404973 2.9757123097629967 3927
94 5.4167741513564085 4.756439006040781 3334
95 4.4255113086867945 2.832516836591618 3415
96 3.9345572832793727 5.657616836748382 1827
97 4.7870040565891 3.7375584974653795 1678
98 5.507675587373346 5.048957441090889 2135
99 4.647017942686856 3.7641084402469605 3098
100 3.320332537784143 4.010499614226936 4965
101 2.213783381563683 3.631719574261116 3405
102 5.06261466388514 4.62451039067054 2168
103 2.6083669632248703 3.5937009592047597 1657
104 4.315991846246486 4.244207008624012 2163
105 4.233823124192334 3.687846085437068 2970
106 5.983477341239398 2.880082939796492 2634
107 5.056946482856981 1.9148035935823606 2527
108 4.850097079099064 2.228764232611318 3398
109 4.302784644798189 2.6667213476905456 3768
110 6.309402891292911 3.200053716147854 2107
111 6.258803067586876 2.846476651139041 4207
112 5.729494286051437 3.8889009945031914 2178
113 4.580605859442337 4.7528277382513675 3016
114 4.05521713001529 4.4714859932537445 1239
115 6.071981208358337 4.485793348884983 2005
116 3.609116027068624 2.3487230337663108 1744
117 3.9966315200361384 3.2709656110158423 4177
118 4.767365551484733 2.6726396045176415 2881
119 3.2767537523687382 4.125504371215586 3575
120 5.618449222622466 2.213212195775597 3229
121 3.6954802640846856 3.1332844894146024 4057
122 6.247001972427618 4.223561806453628 2760
123 5.281733057664085 2.3610876921060204 4580
124 5.788368178590693 4.2708432796292595 1592
125 5.577970786713238 5.250272306548615 2194
126 4.501691827165363 4.2006337223335155 1575
127 3.9481013064936215 3.4941793389064912 3211
128 6.3966310911976985 3.9731246909046916 3889
129 4.797004473257103 4.494678256666297 1293
130 4.429991439349691 3.947186673170886 1903
131 3.7138727159435323 3.2278205961635957 3762
132 3.7130208816492245 4.403420059013439 2264
133 5.987709121288365 2.0323557383520274 4102
134 5.72597436231233 3.5649970636659556 1166
135 4.713153897273176 2.0664345567836127 2723
136 5.180714461423797 3.365286636595893 4228
137 5.775536657334524 5.474992359906075 4230
138 4.418867178325272 4.45912354122654 1872
139 4.5896943364756035 3.0506860310239925 4459
140 5.147817798811785 4.917966056789655 3465
141 4.339991957820121 5.340080295582159 3030
142 5.368112982109672 3.339164789285781 1978
143 3.3110762335068085 5.423145398235151 1934
144 3.4592287233685997 3.0219400915006487 1710
145 3.609770174828343 2.7199295644335475 4185
146 4.097563994274151 4.654232608709739 4184
147 4.147379260267998 3.4632044258724544 4133
148 4.309431252318172 2.2174984039455965 1196
149 5.087200603308092 3.169483690962505 1966
150 4.880541855585561 2.4156214881563343 1213
151 3.5781195088639692 3.4175180841589845 4084
152 6.44550839363437 3.3063427100737237 4284
153 4.076053961832927 4.308374588386079 2929
154 5.444939019765114 3.0257224133718728 2344
155 4.141438165421783 2.1557087625269533 3333
156 4.550231010958629 3.2427050947859652 2577
157 2.9759168529236373 4.0147569062334965 4636
158 5.64201228986843 3.665041704644159 1179
159 2.682772213865558 3.700128620468152 3128
160 6.086371845943197 3.964276098442485 3093
161 6.589171918199048 3.8177147311618134 3553
162 3.942528066116271 3.7976824067660107 2017
163 6.554326733404799 3.1111625281717803 4029
164 2.736207336231292 3.2360031595159757 2466
165 6.170444753011377 4.643184207827978 3277
166 4.79731325409083 5.369907667245862 1974
167 2.892071414050826 2.8410495052506253 1573
168 5.108300699551922 3.9572132597912435 3490
169 5.1444451747964575 3.5613277646200174 3000
170 3.669994559421793 2.5459969122549926 2354
171 3.6288752126080372 4.01279539230637 4975
172 3.058231742589376 3.2615407934804774 3304
173 3.7579490383358745 4.988705563595064 4276
174 5.077908287379253 5.402821576623007 4044
175 3.0825816004355175 3.8355067959657365 2194
176 4.649518613024172 2.9667845225085516 1157
177 3.803873323495887 2.8982413312816595 4422
178 5.378307666584738 3.652730893120643 3422
179 5.083680333657431 2.1223082535943045 4057
180 5.604167199456533 4.379192277514556 4054
181 5.445604731865141 2.2652616530350778 4118
182 5.760390041299211 2.608957196374899 3595
183 4.603810140274107 4.448875949992989 1193
184 3.637109812608716 4.216954607994762 4208
185 5.72741558561274 2.9244606318348247 2050
186 4.288666202216498 5.154462127813601 4135
187 3.400176406411924 5.182545481482507 3883
188 3.7790476270491156 2.3249087271627755 1767
189 3.771091787395496 2.0461476559977747 4756
190 5.729414394678475 3.210830541758256 2051
191 3.986772732193136 3.711305536616963 4533
192 3.2600126341402365 5.215825756718612 1630
193 3.044346469835474 3.358137187173727 3436
194 4.972503665277771 5.650336114707724 1729
195 5.103592069430799 4.49327699975112 2610
196 3.388801143808342 2.615116212600047 1009
197 5.2005745308147615 2.971045185178018 3393
198 3.0008682137846727 4.360792420161499 4821
199 5.600250024761106 3.999796199735069 4358
200 3.6667132362819994 3.843531713977989 2311
201 4.0563322257730405 2.664293656056094 4048
202 6.449501079395399 3.784772936518536 3778
203 4.0971307174560945 4.921081604599579 3463
204 4.017596939665501 2.541252980989675 3867
205 4.675116084815786 3.3517866314506777 1135
206 4.545330364566529 3.708168738742114 4723
207 5.483071077393812 3.3046903974419046 4789
208 3.284402597398716 3.1025306101734498 4692
209 4.369791098334903 4.744980819912446 4576
210 4.2503618074566525 3.2504400945721015 4677
211 4.825087565454272 2.161322912095263 4459
212 5.50813287869141 1.898416947127227 3745
213 3.461622322335907 1.6264383513178002 3230
214 6.4580914582202125 2.7000727122329455 2911
215 4.11262876693357 2.4790689833572648 4304
216 5.542719492292229 2.937463668375156 2635
217 3.4733581884981595 2.0288044014718927 4359
218 3.9145985174874958 4.995587618636148 2168
219 4.59412539722342 4.920182265638185 4206
220 3.5764644224743214 4.441916742429056 4670
221 3.0036553523072915 2.589150017420283 4505
222 6.5535481997612095 3.9916659719125493 2367
223 4.869070951396646 3.902372552681491 2334
224 4.370965681687004 5.894698448025839 3720
225 4.640979908273988 5.634145397447873 4537
226 6.072606509910979 2.515395087618867 2927
227 4.760831217459708 5.411302537636504 2172
228 5.2098907669555015 4.2426027107112825 1465
229 6.036443101943349 3.616657780867193 3994
230 4.549382483593583 2.1356575518719048 3013
231 5.597784974761045 2.5800833158715664 2506
232 5.1824082057286 2.5523237438020496 3060
233 3.872404581107004 2.157060591851504 4000
234 4.685759506269872 3.487240116745234 2355
235 3.4299373555681956 3.4928114285112595 3758
236 6.273334675368425 4.537088131822789 2166
237 3.2727628955314922 3.876446910974361 4827
238 6.512547095383182 3.596497429067119 3042
239 3.846453792533141 4.867178607307444 4507
240 3.16035807068285 4.6300497902402675 2715
241 3.0006537830410975 4.603401195942352 3601
242 5.39602231223835 1.8385251924606587 1607
243 5.373695398521489 3.7957323617157215 4251
244 3.2604832460305815 4.775581702971075 1938
245 5.034193310049767 2.391683851571996 1926
246 4.094716360369432 5.14312632757211 2858
247 3.0657135530899318 2.2793027994697233 4196
248 5.38651393256828 4.605032506556447 3466
249 4.494112208517763 2.84999360212499 2756
250 5.389422073613149 4.095289088856744 2203
251 4.603447889541991 2.6420673542434705 1190
252 5.908170167848286 4.59466754784288 1018
253 4.9713762592025255 5.446283671773698 2368
254 2.6212516036653235 3.834379828865955 4995
255 3.594075379101239 4.823265114615256 4600
256 4.22403919303961 2.3440131336717314 4444
257 4.258340887008404 2.9810489817551646 4041
258 3.377934766275507 2.747412514611762 2938
259 5.896706636410766 5.120462717552485 4819
260 4.127451627817101 3.8620173839390293 2016
261 4.772836753871285 4.99258599848413 1925
262 5.648603387120135 4.057303670479901 4100
263 4.860428759678864 3.3279843726747975 3143
264 5.264092807730764 5.693013655643924 4397
265 4.734244094898245 1.6129398439166793 4761
266 4.840297818471725 4.311451009748403 2509
267 3.386151924039419 2.976298741504013 4167
268 3.1245622917483353 2.5305394875559846 3663
269 4.682978372004643 4.143710485065681 3943
270 5.573195731053885 3.1219994133619955 2090
271 6.709634744512079 4.503318003989886 2529
272 6.539020102699715 4.466466015699017 3946
273 5.494017124305707 2.484335319442387 4867
274 4.118058299001963 3.1024872777192973 3560
275 2.9601365246735694 3.5817652484787708 4356
276 5.400574770286221 2.1089230920387605 4190
277 3.8821971567289473 4.617043198732874 3210
278 4.545511892884321 5.4063986601963 2382
279 5.254341643753768 4.353103076871695 3989
280 5.835471991344199 4.823637503661084 4601
281 4.3424099435973735 3.688720355164048 1631
282 2.7322970665230466 4.679272885579254 1662
283 5.858222269643641 2.2675899102153023 3294
284 5.850686571715999 4.064295276101009 1206
285 3.2568439858206895 4.865281197045982 3154
286 5.824183422034839 3.093054279184112 1253
287 3.373932648376809 3.6847302017261487 3404
288 4.871971281726778 3.558975660806134 3914
289 3.2283044030127375 2.3059103218939216 1476
290 2.8333720037359393 4.010765436897589 2331
291 4.129948418488081 5.781852652260906 3031
292 4.801752663065863 5.116880415521024 2302
293 4.019618876945291 5.175064895752143 2280
294 6.244646689314527 3.006922028582506 1616
295 4.842930900660712 4.68012983676569 3394
296 5.712267655395934 5.131061549807782 2299
297 5.485076538040447 5.300856785666251 2009
298 4.824641558672349 1.7416913136074614 2319
299 6.471272018289134 3.4117931863743642 3194
endpoint1 endpoint2
120 217
92 135
76 201
25 279
6 211
13 131
71 141
75 259
221 288
78 193
64 229
30 100
135 204
88 154
39 127
189 249
3 288
60 266
119 162
178 262
52 105
56 108
275 279
41 179
95 256
61 144
137 173
156 223
12 129
41 265
39 231
205 251
206 251
141 169
109 170
1 33
205 257
33 59
53 168
36 80
150 200
6 205
80 250
172 221
124 294
13 181
126 219
55 197
130 188
88 249
144 256
27 291
120 127
84 109
105 288
32 91
159 200
2 168
96 248
98 212
99 149
244 288
52 200
132 288
117 148
191 263
20 96
104 262
180 219
239 278
42 196
205 237
91 202
92 244
96 255
115 141
32 284
2 82
78 178
7 146
31 280
89 257
127 217
202 224
40 272
46 266
37 178
44 223
45 178
231 252
105 274
14 41
1 52
42 261
121 242
123 281
124 137
57 269
136 209
102 250
103 151
31 202
16 145
17 37
54 162
49 95
175 188
91 171
39 139
187 258
4 127
46 203
85 116
231 245
140 180
143 153
0 153
92 202
74 176
170 274
270 276
76 227
4 157
64 277
51 90
19 133
135 145
157 164
29 292
88 213
176 275
108 232
25 31
65 112
163 169
116 274
8 240
193 212
194 218
97 123
82 241
142 270
223 234
107 136
112 226
21 227
115 248
105 261
68 194
141 255
69 220
147 232
92 258
56 174
36 122
185 270
78 142
7 299
63 277
104 218
86 94
14 235
89 170
36 201
77 110
66 138
139 192
15 264
39 182
22 234
188 198
65 66
58 99
170 178
98 138
10 206
150 249
107 233
161 270
126 232
107 134
35 56
15 204
110 145
120 176
47 223
56 205
74 212
58 106
39 60
78 105
99 273
9 249
123 247
36 104
80 194
155 231
34 66
114 289
60 184
62 193
135 245
83 188
138 228
102 104
228 297
269 281
38 94
39 164
51 225
109 288
39 53
160 295
126 139
78 227
245 263
100 180
17 243
15 173
20 24
39 204
185 223
155 294
96 200
122 174
14 30
198 267
129 174
152 249
10 251
29 248
55 146
151 240
62 96
121 274
157 233
186 222
114 134
135 235
48 211
15 219
90 280
143 278
109 204
177 258
113 282
153 297
281 284
124 260
17 92
257 283
189 267
83 226
161 231
35 71
176 292
59 263
44 158
129 184
149 181
171 293
154 160
191 229
88 111
54 242
203 219
5 97
80 174
64 232
135 279
156 243
87 126
72 269
91 123
186 224
206 231
207 287
62 253
86 231
91 293
109 190
2 197
5 259
23 185
188 248
8 57
156 292
84 268
16 41
35 279
0 275
166 286
26 126
6 290
106 160
196 290
35 228
38 147
278 279
82 258
30 98
34 97
112 219
111 125
20 60
186 292
207 228
66 251
140 227
72 206
93 157
171 275
117 184
119 164
126 174
15 25
203 284
79 252
82 176
156 193
144 275
36 257
2 292
39 233
41 263
42 232
60 82
12 282
141 175
72 245
165 238
98 195
79 274
118 134
99 102
30 178
34 145
74 296
61 62
117 129
124 296
178 263
198 249
201 254
58 138
26 169
37 279
113 174
21 45
105 116
69 134
142 185
166 259
153 219
142 296
78 208
65 250
48 237
66 196
46 183
51 168
71 85
37 272
57 258
220 237
129 298
151 178
8 164
11 209
177 230
179 189
252 272
109 121
199 251
203 252
58 156
41 188
61 161
253 271
181 210
165 264
85 97
141 218
18 90
111 262
99 157
151 257
12 73
214 245
73 77
218 248
129 291
2 83
53 185
61 73
99 234
27 89
9 35
125 236
76 125
138 223
90 244
17 188
218 282
63 104
52 223
72 96
243 249
5 47
226 242
162 192
0 235
1 147
40 82
8 123
22 177
62 285
195 210
124 129
16 122
220 295
58 198
95 223
264 291
30 32
160 207
172 260
65 265
46 277
250 263
233 242
262 285
25 143
46 66
124 152
87 260
167 172
97 122
89 283
139 202
103 277
233 251
107 139
90 193
207 220
47 200
68 195
69 219
256 258
46 69
67 269
68 82
33 208
102 236
157 260
89 284
184 211
185 203
40 269
66 139
86 206
39 177
140 162
198 295
183 267
168 171
117 200
106 276
129 256
75 185
81 210
172 175
235 258
81 99
114 237
27 277
117 209
75 190
58 218
117 279
154 252
83 206
47 60
68 282
15 167
15 281
18 24
189 193
118 169
70 145
145 155
165 168
39 52
188 287
8 237
244 281
101 176
17 97
53 232
185 288
62 126
14 253
49 116
109 210
39 92
45 128
247 281
11 48
69 191
74 266
183 278
277 290
11 129
33 252
52 136
217 258
24 52
149 275
117 281
62 97
11 286
13 238
179 263
112 183
205 220
93 177
45 249
28 87
54 73
146 285
260 277
81 173
257 282
133 178
7 263
154 284
185 232
130 261
24 170
61 251
45 97
48 203
139 228
88 135
159 233
109 196
147 164
94 296
23 163
0 285
178 206
178 283
52 158
79 233
136 145
136 294
156 204
11 268
107 205
125 166
91 122
41 239
144 224
91 292
11 39
69 170
52 246
142 165
74 295
237 281
274 293
166 287
59 140
99 200
7 179
59 253
79 246
34 126
169 299
24 184
67 250
158 199
71 105
22 152
79 276
45 228
30 285
53 164
129 137
172 233
102 293
47 113
178 269
53 213
127 295
130 168
15 137
17 215
180 200
2 293
21 178
44 245
90 128
73 200
75 99
4 45
29 35
124 214
35 149
71 132
133 150
105 172
214 286
72 291
19 211
3 13
205 249
169 277
138 178
49 130
3 29
144 213
73 260
20 178
94 260
70 230
53 182
255 275
99 296
79 92
171 215
10 142
85 261
123 190
124 288
33 170
198 241
112 114
203 269
77 86
95 267
225 248
61 167
214 273
197 295
162 267
0 7
68 225
168 194
115 134
23 273
9 168
193 206
218 254
92 289
36 89
94 158
149 209
151 205
104 249
12 34
80 130
82 154
155 167
214 296
18 200
112 248
113 206
121 126
37 280
7 127
13 287
160 264
238 252
113 296
77 247
131 153
150 216
89 263
67 78
162 285
36 294
46 198
48 289
216 248
90 100
70 184
148 207
98 228
116 251
9 218
156 287
234 266
128 179
78 187
172 196
154 158
175 201
125 228
127 192
182 288
55 210
26 283
135 154
66 191
29 297
113 248
114 198
142 235
73 237
109 140
146 150
99 138
9 195
118 250
132 287
149 236
199 225
208 247
88 215
51 278
3 110
24 233
69 209
215 278
14 57
163 276
163 171
70 170
148 221
168 190
7 106
249 258
67 263
132 262
43 286
82 239
231 263
31 186
19 140
40 178
41 159
19 253
8 106
87 175
255 293
7 293
176 180
60 164
65 215
102 124
107 131
197 269
109 230
40 72
248 299
105 268
141 246
198 292
58 97
149 150
117 215
118 207
83 91
12 101
69 84
127 279
56 183
131 250
136 207
89 177
182 268
6 35
143 261
39 169
42 168
141 239
3 210
50 286
36 106
98 114
119 125
175 234
13 251
3 61
25 72
23 38
9 262
108 257
3 74
114 229
173 262
266 270
251 267
14 21
56 214
81 261
119 197
11 139
177 220
37 109
154 196
207 258
90 162
25 194
56 274
146 236
57 132
152 251
81 171
13 156
42 99
154 274
245 270
84 215
105 206
175 248
218 288
185 230
29 280
110 168
20 144
23 165
51 241
92 181
20 263
3 201
223 280
153 244
104 144
189 265
155 204
38 246
40 156
39 267
59 95
83 286
49 101
140 239
176 294
144 234
183 246
70 251
35 272
113 273
167 233
155 197
0 60
39 245
143 171
74 110
131 294
205 275
26 205
44 151
51 255
141 268
20 277
117 189
102 291
232 286
123 170
13 135
33 134
58 134
136 153
83 242
16 260
180 194
162 168
114 177
62 234
216 278
88 150
80 112
213 247
154 176
31 234
95 260
85 227
140 261
125 183
134 197
211 287
32 64
237 266
92 153
78 92
103 108
33 144
16 168
196 239
10 23
139 178
88 245
15 145
239 269
80 292
133 294
229 295
91 266
57 65
113 172
131 285
26 38
190 231
32 182
215 229
218 244
238 243
4 164
150 207
100 240
84 138
17 55
139 171
71 269
182 207
165 269
181 215
97 293
49 186
100 104
195 225
32 280
76 241
172 215
15 118
223 243
83 142
66 170
18 201
113 205
243 267
120 137
194 262
58 67
76 153
122 228
123 222
156 176
252 297
34 43
130 141
83 151
246 252
3 99
133 273
138 172
84 126
143 157
18 83
146 156
57 84
119 274
81 244
172 197
10 184
210 272
160 202
13 221
112 152
24 116
79 219
247 255
197 273
15 245
253 287
1 145
21 222
206 218
61 290
65 124
247 289
49 282
85 113
14 55
160 263
72 105
3 262
206 259
151 219
172 188
110 272
58 183
10 50
107 148
108 286
108 235
91 165
201 274
40 91
115 299
187 195
120 158
230 231
158 277
89 127
1 27
27 177
28 238
32 292
16 115
58 207
136 194
119 145
89 281
35 190
93 289
89 215
14 150
18 45
207 222
11 22
70 162
128 234
1 28
118 245
122 248
93 116
64 177
63 278
249 251
282 293
102 226
33 284
147 276
4 285
65 281
138 241
89 216
253 255
162 235
1 228
67 186
92 210
1 21
58 209
81 208
14 241
179 233
25 70
44 294
63 209
139 250
31 56
34 268
183 237
187 291
226 263
56 261
188 258
134 279
83 99
11 149
30 243
50 168
195 263
52 132
37 99
57 234
55 153
2 7
149 271
78 159
5 10
82 290
47 62
105 195
89 185
82 104
66 155
88 180
1 246
115 263
266 271
14 26
224 291
149 167
277 295
78 119
33 249
106 260
151 244
62 124
121 270
103 170
186 210
63 199
48 223
66 297
59 266
28 90
89 92
36 153
168 273
106 197
144 298
3 42
204 263
78 280
45 102
66 237
87 218
73 210
91 159
163 231
187 253
5 286
279 286
94 182
22 100
30 228
38 297
131 217
24 61
83 231
84 223
30 119
161 228
112 160
41 228
97 263
155 265
86 227
254 282
5 263
8 53
118 176
69 175
128 265
79 122
121 176
178 281
6 116
136 147
85 208
139 142
18 235
20 48
0 172
39 69
95 120
67 132
16 44
72 89
102 288
70 258
199 272
156 197
88 232
18 226
0 52
91 117
169 297
211 226
216 279
94 280
169 231
104 119
69 145
57 167
5 207
200 228
132 198
261 299
111 135
204 240
209 251
145 230
143 184
20 181
99 107
105 112
30 266
94 146
30 192
177 233
125 222
20 94
24 25
60 245
105 146
71 279
1 180
206 255
61 285
63 233
66 200
216 229
43 117
244 293
190 228
121 227
70 228
55 287
100 241
50 295
17 54
54 221
203 248
221 249
144 260
3 116
204 230
258 276
80 102
190 239
119 287
123 216
60 276
64 260
203 260
172 282
125 278
183 186
64 125
84 112
159 189
63 108
121 237
50 147
234 257
181 262
131 155
77 245
263 288
198 225
35 138
110 263
225 264
246 253
17 177
181 216
40 110
114 205
206 208
64 116
229 236
50 59
14 45
126 278
37 271
184 280
43 88
36 73
255 264
4 146
151 221
28 264
29 182
13 220
142 256
0 127
82 138
105 142
271 286
48 149
23 229
34 203
57 205
166 290
43 283
68 289
175 208
51 94
124 243
4 296
208 233
136 171
63 165
65 270
88 217
144 155
201 273
262 272
29 102
152 154
27 176
123 299
16 116
92 263
55 141
58 204
149 243
68 296
41 157
79 168
62 208
90 204
162 209
1 226
65 77
48 131
52 256
54 105
148 230
170 183
47 186
123 288
255 295
37 112
94 99
38 267
95 206
5 7
117 258
136 202
100 155
114 158
62 219
137 224
68 166
108 218
76 294
259 277
46 224
51 151
109 298
74 284
219 278
58 111
148 237
121 146
52 190
129 261
41 126
6 150
7 284
118 124
100 130
102 154
204 283
158 252
269 284
15 285
107 122
109 221
122 152
87 191
183 285
3 212
98 129
7 83
104 189
50 284
126 132
201 211
5 9
151 254
82 291
179 241
132 140
44 286
9 260
0 193
201 269
22 248
129 169
7 72
257 269
10 79
67 114
14 192
161 284
0 41
112 179
39 200
81 82
134 228
14 115
269 270
19 283
111 202
24 206
189 215
16 56
34 142
109 277
56 276
129 162
149 175
188 273
191 243
11 130
46 100
200 201
55 238
94 95
77 189
100 191
103 162
72 259
17 232
18 246
60 74
48 215
32 38
159 237
115 161
152 266
189 208
192 225
47 246
36 50
56 283
94 183
88 108
257 287
60 210
24 62
130 256
39 254
87 210
109 193
165 255
205 280
69 174
36 57
25 264
171 281
126 160
9 106
10 120
87 122
63 253
46 159
53 55
38 126
169 253
104 113
30 281
92 133
131 185
95 136
54 201
221 290
76 94
59 254
42 90
135 189
51 296
16 262
40 140
114 175
130 274
211 229
72 242
75 111
38 113
168 208
111 238
118 131
190 251
49 230
32 186
77 208
7 165
119 160
20 80
38 142
132 199
65 236
63 146
49 61
103 198
104 278
174 292
105 168
35 126
127 177
40 115
211 234
112 293
97 215
98 223
79 286
8 43
194 225
32 177
181 298
56 130
5 55
78 162
12 47
199 257
278 293
61 171
78 205
233 273
127 190
23 83
216 230
17 267
147 197
241 290
168 222
97 232
80 96
118 157
74 232
76 244
59 148
4 166
153 223
84 148
50 292
56 120
150 188
5 65
64 200
261 284
66 81
156 211
72 152
182 205
55 113
3 119
204 231
44 230
134 181
85 100
89 97
27 215
121 235
230 263
29 50
148 171
149 222
6 185
26 94
100 249
173 221
203 240
221 241
227 246
137 194
155 184
139 162
17 191
239 285
24 290
115 227
97 250
25 184
141 295
148 178
76 234
78 183
85 276
30 58
88 93
143 293
76 259
222 294
115 232
64 117
62 143
32 110
67 282
47 174
220 292
166 296
167 186
243 253
198 217
199 229
162 275
108 289
91 174
44 98
27 186
26 56
2 33
263 273
33 256
31 190
235 275
42 43
225 281
64 212
82 130
83 167
139 201
39 191
22 262
126 257
68 87
18 265
36 120
132 257
78 136
151 210
7 297
7 244
13 205
106 228
52 88
236 297
187 279
29 126
163 286
165 185
148 231
147 239
95 184
167 208
170 257
240 246
2 128
11 153
73 109
27 57
104 223
208 216
163 205
42 172
8 20
69 192
158 261
145 173
146 254
128 296
99 162
134 274
119 240
249 273
11 158
195 205
123 245
71 184
131 255
78 154
7 234
121 258
47 51
105 216
15 90
200 292
186 206
114 291
14 102
90 223
164 204
118 170
128 250
10 242
29 225
123 138
32 240
106 283
195 265
17 108
201 210
63 262
102 146
104 205
66 102
54 154
20 30
258 298
43 151
138 225
180 292
93 187
241 274
4 71
42 158
5 298
189 221
48 169
47 227
70 149
36 156
37 106
57 241
154 195
157 235
6 16
176 299
70 125
188 232
129 161
148 251
77 299
75 211
153 240
45 269
121 164
62 101
84 210
102 140
72 260
18 247
36 234
38 242
204 257
138 147
86 238
59 261
97 202
24 214
5 284
99 113
190 199
79 127
104 147
67 99
179 199
21 163
150 265
135 223
140 234
1 223
168 227
84 258
32 173
70 254
264 272
159 267
201 206
157 246
3 26
42 227
84 87
73 277
110 185
94 279
97 196
69 150
51 192
54 95
146 267
1 65
6 295
101 208
124 220
51 113
35 235
200 255
137 165
102 177
156 199
87 114
15 140
3 289
139 289
13 189
36 191
76 86
189 273
100 263
14 164
34 117
92 118
96 113
41 221
42 213
206 250
155 286
144 210
72 250
3 153
79 281
63 115
48 67
230 266
36 87
153 264
197 228
142 298
36 166
10 18
15 146
80 295
229 292
211 242
12 270
216 231
87 241
97 239
23 276
119 256
156 270
33 61
255 287
128 279
173 227
156 189
196 260
13 175
21 266
103 247
76 270
183 191
138 185
68 237
3 135
26 44
209 260
194 240
26 95
223 252
105 130
162 286
17 190
187 266
44 222
144 199
169 193
121 243
12 70
131 157
191 266
263 290
105 250
199 239
78 295
228 240
38 58
133 286
175 290
235 255
3 245
22 179
116 266
77 283
23 238
68 98
33 192
52 164
220 293
150 215
61 93
64 175
102 252
68 292
31 271
181 190
40 285
4 291
139 211
17 168
2 284
113 252
111 162
284 296
49 162
231 243
93 206
148 210
23 231
117 248
151 274
11 106
93 127
185 262
150 238
61 86
64 166
84 169
147 267
40 207
208 235
172 257
64 213
233 245
180 190
37 174
133 256
27 261
2 134
160 273
62 71
154 236
29 134
126 224
142 272
203 290
9 279
49 67
140 209
31 55
197 256
162 239
0 254
280 286
173 279
140 160
56 197
4 250
25 288
35 219
17 113
62 78
14 237
126 235
112 128
208 217
83 180
176 263
107 135
25 243
62 168
158 266
237 243
183 262
22 95
118 195
55 157
104 199
13 254
159 240
109 219
0 204
24 269
115 259
27 232
69 200
76 174
95 169
10 243
126 138
53 234
220 256
130 207
103 174
14 255
35 86
36 229
204 268
204 217
186 259
132 142
207 257
62 203
72 209
15 211
109 212
108 202
2 251
173 258
28 94
141 228
53 66
50 277
70 293
75 170
7 268
64 153
0 43
112 181
38 248
25 85
29 283
13 65
69 297
236 270
273 284
147 157
111 212
259 266
109 275
75 210
159 260
220 278
136 232
103 220
130 263
236 261
183 245
5 283
16 49
237 290
98 168
28 195
217 270
238 270
130 216
84 218
0 57
1 173
127 132
114 187
68 131
147 171
49 234
274 295
20 266
153 193
81 153
29 196
52 155
42 81
100 175
135 269
82 261
41 287
46 157
48 268
