nnodes nedges type
300 2000 graph
nodename posx posy weight
0 0.7452066577402885 1.9412725958623362 2483
1 1.9596971466252624 -0.8738139538716699 2773
2 1.9508055183264745 0.390697552937668 4241
3 1.6587059691193988 -0.6042000834198203 4377
4 1.1191755337279605 -0.8951209577097986 3354
5 -0.05238401007341154 0.021148632578686568 1247
6 0.8251637850285582 2.103695429827266 3823
7 0.33614299690089194 -0.7792024226734995 1668
8 2.859623706756545 0.3593686205906546 4915
9 0.28350285132080266 -1.3859410647955113 1745
10 2.118659590537695 -1.1234034575451042 1118
11 1.652031348181038 -0.23434272482647442 2361
12 -0.370134593823626 0.8032820635882006 3665
13 0.14993945735881917 1.6057807855059283 3029
14 -0.2750522197446444 -1.373572675611837 2613
15 0.5393274006019602 0.9052167127952754 3210
16 1.9843239158903743 0.6479636748818797 1220
17 1.4467109922991441 -1.3026665092953482 4535
18 2.3644257918989013 0.452930242389047 3351
19 0.7034108873633105 1.1960358431003626 4514
20 -0.3159144399351559 1.3150177424166667 2962
21 2.5351486346608696 0.15964745277386472 1091
22 2.6159980317177536 1.1520817567671278 4266
23 2.169492079831103 0.4276515049194568 1438
24 -0.32442511568145777 0.6505263704057948 4119
25 -0.04284738219127091 2.229123485688943 4920
26 -1.2517031988445029 1.0254178824812157 3116
27 2.1924279777114704 1.8001918673452735 3922
28 -0.30499368822199446 -1.0000374986643976 3820
29 2.4279820113247057 -1.130923630407813 2994
30 -0.29121414557212455 2.5737191017910392 2829
31 1.9875772404436727 1.9039568806208509 2402
32 1.0772192431497203 1.6793814887114362 2386
33 2.8847857485029795 -0.2642999342638078 2659
34 -0.7332713111964451 1.2902219036917968 2441
35 0.5210446418100086 -0.12150343317299243 4978
36 1.0591982846419508 -1.705664946669206 1402
37 1.915644023371849 0.2891503490545668 2619
38 0.6354600028198649 -1.375432044518619 2712
39 2.1201539476768096 -0.5373039463433936 2809
40 -0.20724212059676222 1.4993033511728309 2647
41 1.5934653099449654 2.0694651454090676 1230
42 1.4489877418135326 -0.44467129448339193 3411
43 0.5648177063863722 1.2606925730463754 2478
44 1.1562744268439473 1.2987715324984384 1303
45 0.01664402134425376 1.269994516445482 2088
46 1.0081091929079735 -1.3280740564634335 3203
47 1.1960906781041607 -1.5873259790716117 1992
48 1.0259580567966535 0.84845874315836 3935
49 0.03377637204658886 1.1394317893533465 2461
50 -0.24975836551271974 -0.24640287326665783 1756
51 1.5567456052515172 1.0066408879988702 2150
52 1.6091939156119686 -0.5695261062698469 2088
53 -0.7140234610812212 1.9625748385943915 3412
54 1.8210137131137418 -0.4217723524462847 3283
55 1.042876526318569 0.5148986101939581 4988
56 0.5768356742676186 2.337464822246702 4943
57 -1.1025829357733268 0.7235023049176962 1923
58 -0.20201695990594273 -0.16483132565097575 4465
59 -0.8338454858851454 0.5768091280990774 1563
60 1.398010466421062 0.7742800723569994 1834
61 0.5622652116726192 -1.5847893592513154 3489
62 1.7086322551661455 1.9246860299944464 2139
63 0.022552086625920828 0.6300700925383659 3650
64 -0.2507304848583515 -0.649831154707863 1375
65 1.4556077835465557 -0.2459850257498981 3967
66 1.0523967965072016 0.07553029215617738 4676
67 1.4467388241044448 1.1686388337105535 1638
68 0.34585267147778787 -1.0645706461177697 2376
69 -0.45365674769370357 0.48176432507193456 1811
70 -0.04093190675679892 -1.0067351786090666 4046
71 0.9076212725666317 2.0406150108462757 1112
72 2.5043491037110095 0.0013683293896521124 2348
73 -1.1473452726645403 0.25441637928723715 3144
74 0.8018429473888633 -1.0183430970220715 2349
75 -0.5172863796121301 0.9582886864201315 3321
76 0.695236393016846 2.448371128321758 3780
77 0.7762153567899867 -1.2894578988099654 4602
78 0.21334241225466236 -1.015990970382653 2794
79 0.6384424493583271 0.10237734985405272 4028
80 0.04389179324988648 0.8063021130424292 3181
81 -0.42411309642518064 1.3325832389065155 3064
82 1.7425583786341294 -0.20824379163935838 3805
83 -0.5629102392620844 -0.6559039671141306 4777
84 1.6827605235178313 0.6001114568160996 2236
85 2.410492355108877 -0.3392866312871936 2164
86 -0.3598614735380129 1.5769763097132272 4587
87 1.6690678574702196 0.237336110692092 1403
88 1.8576197880884557 -0.6967939888415245 1450
89 -0.6463608281466718 0.5104078423815479 4827
90 0.8361832677117617 -0.016437510043659277 3955
91 2.3722575304440796 -0.22662854035297603 4101
92 1.3106284838868085 -0.33223364949886847 4081
93 -0.4046393396472628 -0.46537150417740447 4098
94 2.069917096198611 -0.06126620985856745 2458
95 0.6214332148528623 0.3553841817199699 3952
96 1.839367371531633 0.9479934615134302 1091
97 1.4998300181201052 1.5389101010035413 3099
98 2.6373418477197146 1.4477270110371039 2646
99 0.18348236156181558 1.8820343958439134 2521
100 -1.1257053061057454 -0.16391718322750537 4211
101 0.729846356190327 2.2747366164162064 4811
102 0.33525146102132247 0.4690941547178363 3694
103 -0.8661104657972367 -0.22719186802442132 4169
104 1.0144807591846727 -1.140365738144525 4510
105 2.8866124006507734 0.5228588613329354 2744
106 2.4009434448577265 0.9257235500604859 2415
107 0.38528419427818905 1.343606690771277 2500
108 2.1400359386527055 1.0725306097174858 3820
109 -1.0046022208371477 0.3578591764083994 4012
110 2.0259066144927176 0.14421679791077197 4265
111 0.04866926603878383 -1.2606621909897173 4391
112 2.412346650355894 0.3074581464495058 3520
113 1.1311669053705646 2.390248304973514 4822
114 0.7230857432730948 -0.30798409684044176 3279
115 1.127985805971409 1.9898457290339029 4747
116 0.8060749516949851 1.8188029083871735 4625
117 1.7310424619700722 -0.8034306039519081 2107
118 1.6476902838464496 1.1441113986829055 3111
119 0.47713823330692845 1.808150192798248 1006
120 -0.08096480930666893 1.6596581214069497 2621
121 1.5945007956856212 1.4458595721098915 1156
122 -0.6417074247048179 1.4813848487585881 1754
123 2.1989105011167625 -0.13409231764359822 3894
124 -0.8413718154480602 -0.47771788264926396 4773
125 1.5304974555931914 2.2029106308494857 2455
126 -0.7527290450821853 -0.7038424132240321 2465
127 -0.7531003299342719 -0.5764469810273706 1932
128 0.1579491440521681 1.4873520046201174 3070
129 0.5244147302924325 -0.8352695331287407 4680
130 1.5604764959034716 -1.7078622167334994 4475
131 2.0479249743397134 1.361931704535428 3483
132 1.7738064027093443 1.4044341905242497 2132
133 1.7172946224722092 0.7762216162387054 2330
134 2.19629315810256 1.440062982336927 1070
135 -0.27924065903740997 1.1927374886716806 2334
136 -0.7167829960824331 0.06079876059279723 1677
137 1.9798410349383262 -1.2347344635458741 4647
138 1.1645504064311856 1.0795030131638976 3731
139 2.514378192843957 -0.18448930617794204 2454
140 2.2115660649559996 0.5653978975056106 2122
141 0.22223665797922326 -0.8786662093617076 2369
142 0.6478370096028997 -0.8125250352812613 4633
143 1.1374435836095882 -0.3894520764854045 1339
144 2.3976971168753747 1.0384411655609174 4026
145 0.5030057772385187 0.2984076181642008 4312
146 1.9552987602340781 1.2203320814119742 4487
147 -1.240450283105744 0.4536955053699644 2639
148 2.3782232972352 1.112978333907215 1461
149 0.23042102247403246 2.0740056483941727 2110
150 0.506222802743527 -0.5356854909904407 3809
151 0.31598454139522997 2.1997141090055665 1111
152 1.3157864931213004 0.6613283573750502 3644
153 -0.849561576236891 1.2091715563285588 2714
154 0.10611322622885816 2.096661893579652 2990
155 1.4808182565552763 -1.1289306690874437 3716
156 -0.4071551075780724 0.2633586145399149 3614
157 0.5699014080308371 1.98217124013639 2952
158 0.3536840369595413 1.7985507585922795 2744
159 0.38328743738153165 0.8590649028739598 4916
160 1.543664764731279 -0.013681153477107976 1948
161 1.2270159377762644 1.55274501538702 4984
162 0.046168113606025324 -0.2596296020914246 4112
163 -0.25255251180992455 2.028886359095786 1982
164 2.3842324154971473 -0.15488056660610056 2903
165 0.41618450918793337 2.2524933980548454 2079
166 1.7239013212570875 0.09228913018210447 3832
167 0.4037615212264014 1.2293734378861967 1306
168 2.071109167270673 1.205519159749054 3162
169 0.705897852148901 -0.1256982835501769 4495
170 -0.20273050439007692 0.9729352992831711 1621
171 1.202567946581066 0.5005374264550276 4416
172 0.0915632629272381 0.05133062899686459 2578
173 0.45384048492479917 -1.2280327028075981 1031
174 -0.38842745406433915 1.942919058328505 2156
175 1.5080702259084835 -0.9898559334192442 3560
176 0.3744903345760165 2.54002265295289 3935
177 -0.5491089312134648 1.1058820923878798 3018
178 0.39558391498149953 0.2829519318854752 4110
179 1.6042908193187126 -1.2044311399704235 2603
180 -0.9346457353846166 -0.6675252718004249 1606
181 -0.0731492233476496 0.2200696119511046 3801
182 -0.9866987004829456 1.6051119103467302 3954
183 1.7937590528815 1.4789308079128969 4058
184 0.3328600195227808 -0.46522347240599093 4738
185 2.3833569136036057 -0.7606709022707997 2566
186 2.284279261801553 -0.4380391013295224 1685
187 -0.47413400148521384 -0.3467921817745325 2356
188 0.9317987740821583 1.3852783659978511 1376
189 0.9709700595862357 2.303232623838267 2972
190 0.9110258367556878 1.2758012665994432 3027
191 -0.8127669221970173 2.002965151298084 3225
192 0.18700265105649597 0.1867922484229704 2560
193 0.03734260945491225 1.4076070004361165 4923
194 -1.2574638118578652 1.1520949946544574 4241
195 2.046911609750327 0.8180101046502372 2065
196 1.8375591653684649 1.796545731041464 2127
197 -0.22028177782924924 0.43062779653190897 1020
198 -0.6393729542852883 0.3661677051290389 1902
199 -0.6657371877925633 -0.8286495036582534 2706
200 0.7405985913875337 1.62357021385333 3788
201 1.8882544222024686 -1.0219636615941805 1003
202 -1.2869171222663065 0.5670411507064347 3762
203 -0.9859012307909214 0.17000036841767277 4254
204 2.000925728383056 -1.4442832777537986 1713
205 0.29812612449358133 0.5956674035953241 1359
206 2.624097507634435 0.5942287133814091 4854
207 1.2438502829520295 -1.0294487899616254 2168
208 -0.7619614514678992 0.7930732196519806 3583
209 -0.3049671305115823 0.34546187844800813 2237
210 0.9011153236628534 0.6227227128416222 1572
211 1.230872413747182 2.7090905818603783 3460
212 0.5363882991095329 1.6468637930026664 2097
213 2.4774364072971666 0.8261551416666464 4175
214 -0.5725371842671205 -0.972255488560117 4121
215 1.172851973176085 2.09094821461573 1298
216 0.43196520675237415 -0.6980318948787134 2380
217 0.7460855479638732 1.4061436702739585 4477
218 0.8385237497617528 -0.7021002233248048 2907
219 -0.5957653633578399 -0.16506533956672925 4758
220 1.7423232724653865 1.0098803562496417 1475
221 -0.15683860167861374 0.723884354720928 4381
222 -0.8637561362956276 -0.15019191440426716 4330
223 0.3204943269481489 1.1419809016737479 4911
224 2.7914063311410273 1.0407968697351062 4366
225 0.9678544596028288 -0.48072093940270116 3518
226 0.11844439747233544 -0.6299659513009686 3422
227 0.3434757554413377 -1.5060482180436405 1513
228 0.9974721132667472 -0.9842577648798114 1093
229 0.8417616009543192 -1.5592796906700992 3026
230 0.8992818021313375 -0.45254848967701433 1308
231 0.7287230035615055 0.5429604010074811 1046
232 -0.807845148955392 0.9341243029780038 3997
233 0.09060564923096437 -1.569042230323129 1365
234 1.7363499188942695 1.6558807607426722 4684
235 -0.028557747743670845 1.9151282531837268 2239
236 0.6762641871700581 -1.0707813634862116 1162
237 -0.6550801071625248 1.7115642649689726 2914
238 2.0429864869453005 -0.5225836115423058 4935
239 -0.32274105853553525 -1.1901349157176442 2557
240 1.1930195715647185 0.8019341262323642 2413
241 1.3331190827912436 1.664811244062088 3536
242 0.14363345941393335 -0.4747278366709048 1509
243 2.0930900528144343 2.3442763913333966 2991
244 0.8755727325692465 0.12592993884576792 4838
245 -0.4246934150011515 0.050231627776882705 4043
246 1.358943535399895 1.0579067222879754 2927
247 -0.6585436874469295 1.3598491201444782 3212
248 1.4334088095286832 0.47715541485060736 1590
249 -0.6574867715801045 0.8149490996954012 3785
250 2.064955538997778 -0.35919948521971934 4588
251 1.1091996198376846 -0.6371620044323317 2496
252 2.1498997863580818 1.646295909620261 2430
253 -0.9656007636533495 0.7368459660869413 1907
254 -0.4870874906055612 -0.6901498159239122 4453
255 1.462946352680365 1.930601493057484 4970
256 0.922800660922369 0.9386749567118613 3948
257 0.09314070245585043 0.3678922728266649 4744
258 -0.06340569263915856 1.9940052180355754 3171
259 -0.17946620988109027 -1.1451553115172795 2133
260 -1.12920739592965 -0.3102049053306804 4786
261 -1.3098109108978018 0.6664704001284688 4989
262 1.9015995996165647 0.16267039768100985 2389
263 1.7857810229054523 0.43103685875906106 1429
264 1.20006284446644 0.03724873182699932 4808
265 1.0530245719361941 0.2608191688677529 4672
266 0.9435363995837495 -0.1625883151260239 1895
267 2.710029562674442 0.6390177988658998 2575
268 1.5948926022171477 1.8507824766652916 4557
269 0.6746641159359771 0.6258324413784964 2309
270 1.6590847327723517 1.6947939416437336 1744
271 0.38817445456462774 -0.12061708107371182 2861
272 0.2783596527529556 -0.04364883083447711 1537
273 2.001217523357055 -0.18929100649257652 1752
274 2.5635583331582388 0.2775388754055002 4167
275 -0.06164343454637897 -0.5910980909852545 4366
276 -0.14146671621060364 -1.4409412172871254 1509
277 -0.007684426669446759 0.9457618483731961 4053
278 2.1806602577007195 0.7866710261838078 2861
279 1.1599991137578307 -1.2675715793991766 1112
280 2.6847804847433485 0.8085703765750882 1058
281 -0.8312846408493453 0.1433715212668492 4447
282 -0.17837545308207767 -0.7550538833906585 3568
283 1.453383257857105 0.31275862586209413 4403
284 0.4417319505048966 -0.9700344495693208 1240
285 -0.05224193203100875 -0.841738961433361 1764
286 1.1608957439914405 -0.17784124635054924 4868
287 1.3580096276951823 2.157886762571089 4471
288 1.7144879134890902 -1.001064196353195 4210
289 -0.47461073795912057 -0.20787647713481713 2648
290 -0.41348999400762304 1.7021924471058374 4692
291 1.500505823453258 -1.582796509076135 4611
292 -1.0031887682057279 -0.2750861097119329 4175
293 -1.16776515915267 1.3106492849663152 4737
294 0.40055484572258776 1.0046829225182468 4066
295 0.7404988028045942 0.8739324225528299 1673
296 1.3466587956761742 -0.7511239906440909 2729
297 -0.628513409079679 0.17328847237809947 3283
298 1.185568990220581 0.2603686276453877 1106
299 1.1261899208558601 1.767572275323277 4596
endpoint1 endpoint2
279 297
190 246
212 252
213 234
56 299
152 212
171 231
28 209
104 130
176 234
168 265
6 98
64 229
135 266
14 77
152 172
190 249
88 265
217 240
153 262
53 208
114 286
137 173
107 261
36 271
59 102
63 237
51 160
159 195
70 81
131 280
120 231
142 184
128 172
41 43
77 199
80 250
153 212
99 253
156 167
71 131
40 237
104 287
21 198
138 191
269 290
123 267
88 279
16 20
94 152
149 211
156 190
174 197
12 32
235 297
83 141
46 259
67 71
86 170
133 299
62 131
134 171
46 185
229 231
74 142
93 226
39 106
21 48
98 280
27 169
120 245
192 221
104 111
54 56
55 273
149 220
95 238
43 297
101 243
33 166
124 225
20 111
225 244
137 269
103 239
107 165
1 155
55 72
114 209
187 269
45 178
230 246
73 230
184 276
58 79
44 110
123 210
57 192
150 221
64 169
172 202
102 250
84 164
46 269
89 192
18 60
163 211
23 120
48 145
46 203
194 285
231 245
90 97
145 266
4 14
46 58
81 232
119 159
18 164
76 114
227 230
88 213
20 236
114 195
80 260
29 106
18 70
93 205
167 220
116 274
192 290
123 224
52 172
53 149
59 178
95 197
64 167
84 170
106 251
179 291
19 138
40 261
208 236
103 282
163 193
39 185
224 283
244 259
121 133
11 98
122 253
50 187
37 116
96 266
167 170
206 270
9 88
15 86
127 253
165 214
90 122
183 264
3 235
87 283
17 112
55 135
43 266
136 258
15 95
103 264
0 246
226 264
49 257
141 241
188 263
81 187
87 272
15 55
35 195
292 293
58 221
131 225
206 280
7 281
282 296
63 283
47 61
72 273
114 148
114 289
155 289
101 106
135 245
88 177
163 244
109 218
38 94
79 296
96 160
78 112
118 219
121 152
232 288
87 297
129 275
257 265
58 228
82 286
178 183
54 152
135 242
31 45
72 210
90 273
236 272
54 267
75 79
165 193
59 265
97 190
22 110
5 238
171 250
118 210
178 223
17 91
37 104
117 282
205 221
42 244
34 282
107 109
90 175
143 278
164 252
148 278
96 207
212 299
30 299
90 94
95 158
177 200
124 260
19 71
2 21
202 208
42 108
5 120
84 220
140 286
12 158
89 143
182 234
40 154
82 86
109 197
97 200
169 240
118 189
141 277
34 132
163 293
50 260
13 144
238 271
203 219
137 185
181 245
134 213
73 223
9 141
106 160
124 199
133 165
102 188
107 278
162 170
0 49
34 295
113 188
3 173
42 295
23 267
116 290
230 286
71 255
74 250
151 167
191 235
232 259
217 287
6 99
63 150
83 249
86 134
34 120
127 181
37 157
60 82
280 296
26 174
63 231
254 264
0 167
7 17
63 116
95 242
25 287
152 220
198 249
242 296
208 275
79 197
156 216
0 15
87 250
9 160
29 61
142 185
57 172
153 219
101 192
189 296
133 144
125 256
15 289
108 133
37 143
59 126
93 232
38 102
8 213
151 264
45 208
99 148
123 266
214 242
55 172
3 273
64 257
106 132
36 175
225 242
218 275
138 167
230 252
85 97
229 230
234 243
90 156
169 222
170 212
267 268
32 285
117 156
263 295
102 192
178 231
0 101
36 214
113 119
246 254
126 275
146 158
192 213
160 270
35 289
59 167
27 94
29 185
85 273
51 84
133 139
61 179
65 205
197 275
44 215
210 235
66 209
33 85
145 265
170 198
123 234
124 129
52 166
59 188
76 115
61 204
79 166
253 282
32 120
51 132
23 225
123 278
217 221
130 233
167 172
5 17
64 184
102 245
12 197
175 220
112 148
38 219
265 269
72 183
108 283
15 258
111 181
97 145
44 197
48 128
142 244
165 189
94 237
8 248
44 84
117 207
217 294
36 123
2 55
257 293
136 284
63 276
34 49
53 270
19 146
38 210
201 286
93 173
259 272
25 232
190 295
29 123
212 272
43 67
118 206
45 294
104 179
15 41
129 203
155 225
105 212
161 269
127 229
21 131
208 219
253 293
3 66
120 177
51 155
198 286
109 294
2 150
153 226
119 205
50 170
70 297
56 189
104 201
89 187
60 185
208 210
140 193
162 255
273 288
111 192
114 228
28 65
69 182
88 289
92 166
57 124
120 295
232 289
19 56
129 197
100 181
161 287
15 172
66 299
158 235
88 185
90 286
147 150
19 278
183 225
24 278
24 203
187 226
22 252
7 55
45 128
247 281
53 64
191 246
126 179
41 108
132 224
5 126
155 244
63 264
16 227
54 144
39 196
60 79
283 296
116 131
279 284
119 299
177 257
129 166
100 212
124 178
58 247
168 278
242 261
133 178
79 224
100 187
30 113
12 159
89 142
87 96
72 263
271 292
39 264
176 293
94 296
116 138
49 247
56 234
22 121
8 130
7 186
101 171
28 221
104 150
177 192
20 71
82 264
157 250
17 229
169 248
152 160
50 246
98 161
13 136
217 277
1 267
58 249
87 118
134 205
48 270
12 284
205 269
118 140
141 262
142 172
72 94
113 268
131 189
5 193
227 260
174 182
196 298
36 179
203 287
95 261
150 175
132 196
13 18
45 76
155 282
73 200
1 46
147 187
63 119
104 124
122 202
274 279
173 238
30 194
108 120
275 281
222 240
135 182
65 299
66 91
228 276
140 259
86 158
72 291
15 150
144 213
145 217
91 267
146 178
37 278
194 253
230 265
70 230
218 247
129 155
59 147
197 225
53 295
201 230
42 72
225 248
226 230
108 134
133 288
45 190
67 209
68 225
5 171
117 225
121 230
67 299
156 265
128 165
202 289
148 168
149 209
172 214
84 144
198 232
109 120
35 131
164 296
75 296
114 270
89 244
183 184
26 184
66 220
37 280
2 161
98 278
44 113
192 223
105 246
136 187
114 207
115 231
23 125
62 136
158 298
87 128
147 215
8 196
220 252
119 128
203 237
40 196
78 298
162 276
163 213
239 294
133 283
230 239
91 218
145 264
96 143
97 247
98 255
28 150
58 199
130 239
167 182
257 298
60 295
64 279
10 162
231 270
175 214
125 253
42 44
60 150
13 40
14 142
107 149
39 130
206 220
45 162
142 242
145 190
224 262
244 262
27 190
67 263
30 153
77 226
8 268
7 251
15 75
184 205
76 107
4 277
65 257
103 276
51 287
15 269
39 187
133 269
122 136
32 112
166 207
9 205
34 223
150 228
100 153
134 140
143 246
93 221
22 91
78 100
69 84
92 283
55 129
37 123
149 263
47 54
12 244
33 278
24 79
62 220
108 215
2 228
4 93
24 254
122 154
216 219
52 276
74 210
93 214
165 174
176 211
29 228
19 50
77 141
157 277
105 220
179 239
19 163
40 167
50 64
88 179
165 198
2 255
39 166
38 92
145 154
127 261
75 182
257 271
96 273
84 200
39 206
25 81
68 145
106 108
34 257
90 162
112 256
47 282
177 271
145 147
151 157
121 167
48 60
159 280
153 156
83 223
11 273
54 145
61 225
65 179
50 114
39 84
3 184
81 172
164 263
41 84
24 60
5 102
174 269
110 192
60 71
63 202
254 277
40 43
21 23
192 230
16 52
153 253
45 258
132 215
133 186
245 272
102 187
12 151
16 269
112 166
130 285
243 294
65 141
48 195
158 221
72 201
143 171
80 121
152 278
9 28
35 230
71 145
1 266
55 251
9 109
82 256
125 190
110 210
55 104
88 150
205 268
71 249
151 161
117 134
227 263
171 216
174 183
103 119
177 241
176 237
65 238
137 278
15 136
110 213
182 253
186 240
155 285
63 225
48 241
87 255
159 199
90 129
145 298
92 234
145 231
80 119
152 175
219 233
31 211
200 234
20 93
78 207
65 298
84 242
31 96
180 208
92 114
37 132
96 117
41 193
116 120
45 68
229 242
169 210
63 127
32 257
56 135
1 87
52 115
105 148
158 174
204 229
122 295
170 292
23 223
10 295
48 126
69 141
55 277
76 241
149 208
5 59
6 268
12 35
198 233
55 223
20 99
60 138
65 241
218 273
110 238
40 102
239 275
24 149
64 124
209 239
68 233
144 196
254 291
116 256
44 114
62 273
94 134
101 240
85 278
231 283
221 257
38 180
82 146
103 232
233 262
169 180
24 156
206 211
44 218
248 272
85 104
3 240
194 199
12 66
160 256
234 267
220 298
78 184
61 64
27 80
119 131
10 184
197 219
29 296
110 248
113 255
3 104
120 151
48 148
173 296
159 160
0 156
1 2
43 94
193 208
123 236
32 210
195 212
35 296
142 155
56 163
185 257
119 152
174 221
268 277
89 272
79 160
161 166
197 282
97 158
22 256
209 210
65 117
49 275
33 108
74 166
5 142
71 200
132 263
6 167
245 288
100 147
104 214
18 154
54 179
58 261
60 174
24 66
118 299
139 204
13 32
40 66
46 216
11 22
284 291
90 126
70 162
56 194
1 28
74 276
8 250
194 208
181 283
41 118
160 223
13 200
0 67
13 89
79 295
11 15
67 186
50 222
51 148
141 245
1 21
22 88
4 230
43 69
119 246
7 285
27 60
29 155
16 240
235 260
35 172
37 203
112 132
135 249
65 274
90 266
35 61
15 201
19 266
44 181
14 19
87 188
146 251
192 266
16 88
17 110
128 151
24 40
9 79
68 260
178 187
127 236
147 290
167 298
207 260
63 222
45 116
65 160
49 113
13 75
162 253
164 201
3 77
187 239
143 199
74 257
21 108
60 195
7 275
139 155
11 283
160 228
17 240
39 201
204 213
43 138
70 127
15 223
143 266
152 258
226 281
118 166
25 193
30 295
128 246
3 195
6 235
69 78
13 294
126 177
17 88
58 234
132 226
135 290
179 265
34 83
54 150
19 289
75 121
59 259
38 79
190 193
49 252
32 148
214 219
109 271
73 163
4 218
99 220
100 214
172 254
47 100
54 254
242 259
42 107
61 136
121 280
15 188
184 248
42 250
65 139
28 57
66 228
49 100
69 286
90 181
183 241
115 167
115 282
205 281
226 299
209 289
190 200
48 92
67 159
99 270
17 74
41 92
86 139
93 272
20 48
6 7
90 188
201 298
25 212
50 244
73 173
4 200
152 209
81 157
119 168
104 159
75 270
132 223
80 152
140 271
1 186
21 183
97 273
44 248
155 263
90 135
152 169
100 124
11 94
122 193
88 262
69 145
117 133
31 213
54 195
95 263
193 283
84 244
157 202
158 189
1 179
186 241
169 274
8 91
190 274
46 168
84 91
73 257
20 181
44 134
119 265
102 210
106 145
5 89
133 148
49 55
110 221
37 131
25 62
190 277
135 193
67 234
91 269
0 177
184 259
115 131
7 11
120 235
70 228
92 145
264 266
106 152
124 239
31 278
198 247
40 209
20 101
78 215
136 143
135 169
83 136
105 155
162 178
218 279
183 189
114 219
230 248
87 140
2 164
43 106
116 247
123 216
210 287
40 216
225 247
65 240
66 171
233 284
15 299
23 102
80 275
66 273
86 281
93 254
62 278
193 197
220 231
59 163
153 170
171 199
263 288
85 277
235 290
35 138
25 96
172 273
83 150
187 257
262 294
209 231
84 127
140 185
105 278
216 250
145 277
97 252
193 222
47 175
35 290
8 256
210 273
231 275
19 128
221 281
76 119
79 218
182 209
37 167
85 112
141 201
142 233
26 59
195 215
32 211
50 133
15 76
54 185
132 168
133 241
232 255
180 188
201 273
111 169
64 66
212 269
47 204
68 199
184 294
57 101
195 220
32 234
92 263
80 209
151 211
100 156
231 257
175 217
272 285
6 55
216 288
164 221
20 247
133 267
68 206
76 190
117 204
16 107
128 154
255 295
185 274
96 270
4 143
5 7
7 242
157 257
161 265
10 37
49 70
103 271
49 215
266 282
2 154
147 245
116 217
55 131
242 284
117 267
34 71
35 175
125 134
132 133
44 295
79 190
39 171
24 192
33 118
148 244
5 248
44 69
2 4
80 198
82 291
66 105
12 237
161 208
182 261
21 137
39 286
81 89
83 269
102 108
158 231
90 217
0 193
165 196
26 247
67 171
0 267
75 219
45 277
32 246
168 299
80 189
78 231
151 247
14 192
179 246
35 93
3 36
44 277
102 103
140 251
90 285
19 283
40 63
120 194
51 234
0 258
75 208
55 292
153 241
6 232
7 65
134 262
249 293
47 94
178 219
70 286
55 238
137 179
67 123
34 80
35 66
66 289
48 284
145 249
142 222
96 178
124 256
60 210
108 166
181 232
1 175
3 18
41 235
24 173
43 251
67 241
19 297
25 210
51 248
143 221
202 257
149 290
158 176
161 252
92 103
24 180
42 226
229 266
254 258
91 236
169 253
171 286
99 205
232 256
40 253
168 263
60 224
137 275
135 189
186 288
24 187
13 103
1 42
118 131
230 274
177 297
142 179
53 161
55 264
95 241
102 216
54 192
203 272
150 162
63 297
31 101
1 178
40 115
70 83
143 187
75 100
38 104
44 135
27 217
181 298
74 225
3 295
60 263
11 167
139 295
104 142
201 226
65 229
19 212
26 181
62 154
33 77
147 197
183 212
131 287
52 206
18 298
92 293
171 200
109 124
1 275
58 145
223 244
108 129
15 152
80 285
64 103
62 157
230 249
87 143
94 242
156 260
36 68
196 223
31 286
40 217
275 296
132 188
90 233
248 267
67 219
2 188
115 144
116 258
116 255
193 196
219 254
12 212
13 162
52 67
272 297
40 277
82 144
85 133
51 269
253 260
91 169
24 158
65 121
66 210
68 210
175 291
166 217
42 270
97 243
23 288
95 210
244 245
160 204
178 295
52 74
198 217
78 297
162 275
37 166
173 294
45 166
32 101
18 72
240 248
165 183
98 250
23 228
193 214
177 188
71 205
128 141
57 281
37 77
38 286
119 154
263 273
34 59
15 79
18 161
198 208
172 256
228 229
17 162
74 85
133 257
67 206
69 222
236 244
256 271
116 287
81 286
32 294
123 231
52 169
129 266
57 290
130 229
95 192
244 251
82 234
84 183
31 167
126 227
36 207
40 181
101 122
138 244
46 288
222 283
138 266
70 160
145 180
56 196
21 95
22 71
167 208
195 283
17 114
93 114
132 264
157 256
89 222
1 250
24 261
188 195
32 138
93 218
148 238
166 197
22 94
95 161
35 193
57 231
64 138
14 296
235 262
126 237
60 190
208 223
82 111
88 175
107 125
87 201
91 138
273 291
19 268
111 199
222 261
118 170
65 94
6 255
244 286
118 197
139 279
195 265
57 232
117 275
7 227
82 288
31 146
93 266
59 77
23 35
48 218
87 198
162 251
112 268
113 146
142 205
74 271
146 240
202 277
128 241
120 299
13 299
70 292
19 60
83 219
180 233
258 293
46 250
49 249
143 206
96 188
281 286
28 203
13 153
178 216
127 271
164 283
96 299
24 56
80 181
7 209
86 127
91 96
39 271
118 268
90 168
23 166
5 284
177 261
77 292
4 196
171 246
178 284
96 290
133 190
7 259
67 99
107 200
3 21
82 83
88 139
183 243
169 251
10 263
142 166
131 179
22 125
99 199
82 187
51 290
87 117
16 256
0 63
19 192
38 236
60 89
169 294
133 200
118 286
9 295
207 282
68 137
90 186
170 242
190 241
52 242
146 267
74 291
113 271
6 210
153 203
100 198
119 170
102 294
123 175
208 282
136 156
186 244
45 79
138 140
194 289
84 94
145 227
92 238
3 144
98 270
214 226
34 147
217 241
146 207
2 72
77 207
13 189
168 271
64 251
158 163
14 281
25 59
190 272
67 231
32 67
12 279
122 272
72 250
143 186
113 168
115 188
7 12
20 294
148 166
4 184
171 210
124 293
142 298
42 77
228 272
12 191
158 170
125 258
39 296
26 178
85 90
23 195
48 122
230 269
69 129
74 233
129 159
2 90
5 63
80 240
125 213
56 121
181 212
76 270
262 298
175 284
109 157
97 224
5 151
42 285
44 118
98 238
63 97
45 203
81 255
117 291
191 269
51 77
66 169
157 211
162 286
90 291
145 207
74 136
57 80
58 78
63 110
50 145
69 115
128 176
81 240
154 294
252 292
17 38
127 199
79 223
64 199
226 244
265 285
158 159
86 167
109 254
62 140
48 144
247 293
50 57
73 232
26 62
118 231
48 111
121 244
69 124
93 102
4 156
5 42
210 271
160 205
106 243
268 281
58 171
76 113
46 279
49 81
251 253
164 169
2 284
55 95
43 194
62 183
68 218
32 102
184 289
240 249
170 284
13 269
128 142
2 62
206 262
6 163
263 272
89 277
198 209
272 280
110 279
43 170
49 74
72 181
143 298
11 18
266 278
143 236
123 230
16 118
97 125
248 255
127 242
79 170
63 172
138 245
31 55
197 256
236 298
116 173
152 297
52 258
21 94
249 271
29 238
139 280
68 95
128 156
132 265
151 234
245 251
6 157
40 189
176 263
50 74
85 152
20 248
222 259
8 21
46 230
47 220
147 247
78 104
99 165
81 271
11 145
47 77
35 192
36 111
58 220
43 256
83 204
174 245
31 148
106 215
110 296
24 83
97 166
109 289
115 125
81 256
15 61
75 181
168 294
80 184
151 248
11 231
107 228
16 234
18 130
3 33
258 299
41 246
43 150
44 280
138 238
164 244
3 78
73 182
54 112
7 74
16 82
6 134
9 117
102 138
11 284
13 240
161 239
108 178
181 228
78 276
63 192
144 240
1 204
113 138
187 249
23 168
49 248
202 285
167 247
99 216
10 229
45 268
132 237
139 149
89 136
107 281
15 176
184 244
112 172
158 215
59 260
42 129
44 157
279 283
28 172
154 163
213 286
70 279
200 242
60 236
11 266
160 245
16 266
41 278
73 275
19 299
4 61
5 260
190 207
215 221
72 85
35 276
0 274
146 218
153 193
171 283
64 292
124 281
51 107
54 244
75 266
5 107
11 259
88 228
89 154
144 283
28 51
48 268
