nnodes nedges type
300 2000 graph
nodename posx posy weight
0 -4.681510067801323 -3.639897802547128 2851
1 -2.9627268665318427 -1.6401200331066128 2178
2 -3.5736187328743436 -2.8900710367951903 3827
3 -3.9226460769786824 -2.9029780822006934 2827
4 -3.4386386429143214 -1.1104638604603916 4350
5 -4.72985351447749 -1.4755089814260933 3789
6 -2.22121720617652 -3.880977392873682 2084
7 -4.135614508822136 -0.8023814737817937 1487
8 -1.5611575893711633 -2.056119832876305 4480
9 -3.5804512809746716 -1.5919027226522349 3744
10 -3.6709829233775273 -2.1565053706048776 2097
11 -3.4570096963248815 -3.8116511934632147 3494
12 -4.591166145328616 -0.7751806966089104 2844
13 -2.935320831184601 -0.7631836551880873 4664
14 -4.3460270113817385 -2.37159577974874 2835
15 -4.533982571970629 -4.149556018532636 2090
16 -2.467116013176219 -2.2116659753975725 4760
17 -4.855491877091459 -1.7353774954250063 3306
18 -1.9492865950164264 -3.5832906710148436 2675
19 -3.5784921616318 -3.0537789790913665 4051
20 -5.397281350307419 -2.4689584910933555 2627
21 -4.826250362529197 -2.6942825521654576 1560
22 -2.223398030241327 -2.9507391388546846 4152
23 -3.321030158072406 -1.4897906222717885 4803
24 -4.4863594323218114 -3.4032035087121 1669
25 -3.313884411655968 -0.8858154785402198 3278
26 -2.6251956954164672 -3.007820725397634 1140
27 -4.351555417454539 -4.114246525707212 4995
28 -3.7348760574511033 -3.5605380415276673 3509
29 -4.7109609687073135 -2.308955481917004 2192
30 -4.268401643045323 -3.34837696752592 2815
31 -4.420767571360705 -1.6873462161241068 3016
32 -4.96429064453176 -2.488513636364599 2451
33 -3.8997095406936437 -3.7083093455160485 1390
34 -3.9134717633078853 -3.4775905511609273 2162
35 -4.249600206630804 -1.043801620259045 2879
36 -3.924089445850795 -1.9776214725640413 2820
37 -3.6570091269494416 -0.8298651982293976 4226
38 -3.8410872832598413 -1.6405227469832255 1212
39 -4.3582130686402545 -4.016428733282972 1629
40 -2.601621502476518 -2.5675841820592913 1334
41 -1.9613564382168907 -2.799061543456595 2609
42 -3.6552106585165425 -4.174749068812442 1720
43 -5.090360945331874 -2.792436332231108 4071
44 -2.316910075861915 -1.095712578786545 1366
45 -3.1220704108967823 -4.361895356175642 4914
46 -4.886120311815775 -1.1105432319879005 1857
47 -4.275224325579681 -1.5400726289426552 2799
48 -1.990195991728619 -1.73325986466088 4952
49 -5.343133139536007 -2.8232813413084434 4843
50 -3.5354076579221587 -1.261773112133589 3693
51 -5.734673720344503 -2.751146681040431 1683
52 -2.5859324653730305 -1.5231316873790595 1185
53 -4.5293896927845125 -1.9453629581516652 4014
54 -2.4444986301957203 -1.026896312813541 4257
55 -4.362107491865598 -2.7466211405141467 1721
56 -4.953532470697283 -3.785110624722376 2449
57 -1.803005648218166 -2.931747269786136 4627
58 -3.549042834142734 -3.305510310966643 4055
59 -4.423349390938366 -1.0786246755186577 1867
60 -4.614403660903621 -1.3946788704397044 1835
61 -3.0654625381209093 -4.023989244086129 4474
62 -3.4288856595144233 -3.1933069062073054 3248
63 -2.692119267752121 -1.9669032248032006 1459
64 -2.855958562188479 -0.5422136183192736 3228
65 -3.585375514603063 -4.016508471803866 3054
66 -2.0772485689749134 -1.1538835194040582 2445
67 -5.053308549361347 -2.887525563609093 1884
68 -5.282918041355951 -3.0466226117246946 3382
69 -1.5967156192199707 -3.3013132603590094 4833
70 -2.616061296849046 -0.6167119058389516 2303
71 -3.626798038385217 -0.9884854722942711 2263
72 -1.1224731075782912 -2.9674469448732284 4693
73 -4.701195241012406 -1.1367066800396226 3623
74 -1.5628606516706378 -3.692624209521251 4839
75 -5.134694164741509 -1.5102989689147404 2698
76 -4.2003962246964095 -1.6731737245064167 2623
77 -5.595855648460097 -2.1516590233828468 2520
78 -1.7028122707453417 -3.0078613533857963 4029
79 -3.6583513224772073 -2.5246990710217743 3235
80 -3.138278400978666 -0.7433066551248433 3309
81 -4.005929389307928 -3.0702848215230585 4176
82 -4.1988100015516245 -4.337819618563942 4232
83 -2.866264877487696 -1.1278282374165385 2525
84 -3.390312804310458 -1.929722737393844 4268
85 -2.487996542753461 -2.5549211064992456 1121
86 -2.1381775123298765 -1.626122905198066 2387
87 -5.213650642403719 -3.2945354999988488 4977
88 -4.065988676589737 -2.508698713590078 3046
89 -2.9976673316138744 -2.2996249873163483 1858
90 -2.138884779045347 -1.9893220259796027 1435
91 -3.129818253191454 -1.9502530905860214 4372
92 -1.475775319648994 -2.354741816596327 2456
93 -4.63917446382251 -1.7328376368596103 4961
94 -4.688442844013905 -3.1705408537989146 4245
95 -3.798779950375571 -4.002603390588491 1557
96 -1.7126254114521398 -2.3432433261394294 3155
97 -3.334190031725736 -2.9483290355996252 3122
98 -1.400505093810189 -1.5585665070065786 4081
99 -3.6393516472507086 -4.299598603022755 1323
100 -4.142276804194569 -4.174149359358766 3732
101 -4.308247901726847 -2.2371095997267267 3248
102 -2.6859483900340386 -1.2224850131185578 2835
103 -3.443295713931081 -3.5540693457519916 3688
104 -3.096130947173029 -3.0876206203717533 3127
105 -4.924029576169217 -3.2306169384156056 2638
106 -3.899030905809561 -1.2878536373273286 3947
107 -2.1332320753230807 -1.1197231048113143 2240
108 -3.5811977114650317 -0.45738504479458175 4415
109 -4.0221477458890496 -0.5233205652227158 3058
110 -5.112930264409892 -1.2610091125315035 3922
111 -3.6845552745995978 -0.7978342935697496 3592
112 -2.1138290098844017 -1.4931560564134678 1467
113 -4.210865946242447 -2.4825385259815196 3680
114 -2.8666775834613856 -3.8404782405550133 1664
115 -2.388304564551277 -3.6957746174412223 2855
116 -2.792046155808395 -3.595508754817656 2975
117 -4.165306828501844 -1.7381539637504837 2603
118 -4.869254045382072 -1.3814317972233923 1103
119 -4.196995447956709 -0.5307497837424179 3845
120 -4.038209570131994 -3.6147822109584813 1422
121 -3.101875663511349 -3.298847453279782 3511
122 -2.6550593873147386 -1.0043971231963613 1960
123 -2.003863555016751 -3.0195427094079528 2792
124 -2.7404529903276247 -2.584851434437205 2307
125 -3.3283363478614993 -4.4208585201727235 1748
126 -2.4763975391938966 -1.6987889665274034 4795
127 -2.664990846521507 -1.8334933729484564 2145
128 -4.11826636892782 -2.3946872365568908 4130
129 -3.989324908384516 -1.681461466771291 3029
130 -2.239606679520397 -3.521553387477139 3677
131 -1.406064363443295 -2.290018814824075 3502
132 -2.282047136846693 -0.6709618953704782 4339
133 -4.201370291465111 -2.067939873115487 4131
134 -2.1921585889939057 -3.0522491227758954 3120
135 -2.852327813006904 -4.185170585612515 3009
136 -2.829242857476703 -0.9255137553116141 4469
137 -2.1974993485868266 -3.393211039484423 4398
138 -1.717106611809028 -2.1467657535342934 4998
139 -2.591657020744745 -2.1290965017998116 1187
140 -2.5095220137681817 -3.528898429848822 2503
141 -5.272335832928055 -2.344957521622714 4504
142 -4.285238247227528 -3.67867459128898 3767
143 -1.8565103890924493 -0.8331835060996908 2350
144 -3.1345178572207915 -2.693497886861393 1585
145 -1.815979506308748 -3.5708822906041853 1969
146 -3.7030497820756274 -1.6593767565766102 4479
147 -2.880108980872873 -1.8798099085290811 4906
148 -3.7684428877685257 -2.2448195434862157 4023
149 -3.465679739489687 -2.7505467718468686 1348
150 -3.108837986863391 -2.507865147857866 4280
151 -4.039047183860261 -1.3126735879979923 4636
152 -4.696213529118253 -0.8797822416060735 1346
153 -2.5249308436857705 -1.2640739357033683 1838
154 -2.124202322795464 -3.2107449347639565 3430
155 -3.364593651806904 -2.5786013398326824 2269
156 -4.79648819378475 -3.341736123364833 2465
157 -3.1487365998162553 -1.6201864756763127 1390
158 -5.0123590026862574 -3.0694253986431725 2141
159 -3.8433057456506687 -2.689213523848755 2195
160 -2.8305868932509526 -4.624274572579838 1187
161 -2.348365387385046 -0.5262309623137414 1038
162 -2.94965692426757 -1.4281582077156179 1794
163 -3.849902238567067 -4.3877498696445105 2640
164 -3.7542535390401333 -0.5904814126933418 2050
165 -3.2233289296270264 -1.2295198361494377 3137
166 -3.2652813850012645 -1.1293439617465189 4650
167 -4.672951513272324 -2.7766056296459234 3923
168 -2.1723334856497347 -2.1049503741777094 3579
169 -2.4427475982537397 -3.233451117694142 2955
170 -2.8302824871452197 -2.373724005856451 1149
171 -3.9813376667270153 -3.9184326347420626 3120
172 -5.0269885027584165 -2.188662216324332 3753
173 -2.400091368322708 -3.079882101983302 3022
174 -3.188859161141323 -3.4876434105923013 1648
175 -1.4538215248528075 -2.744212315339278 1248
176 -4.403622778013241 -1.3035318004803578 3598
177 -1.9929299002806349 -1.380411878431553 2075
178 -2.083668124445511 -2.456250339205694 3171
179 -1.5788810007061833 -2.8478548180388525 1191
180 -1.5672434034156846 -1.8684701253808786 2300
181 -3.9486114167926107 -2.1386795932600577 2172
182 -4.736664360144195 -2.113748238543495 2140
183 -5.069533764026001 -1.8918952914176563 3408
184 -2.21377171324866 -2.608660170651213 4506
185 -3.0885431337643743 -1.3837038526362015 3900
186 -3.325166870690977 -3.9777377887179295 4565
187 -4.670993365077805 -3.257117276377576 4511
188 -3.3474162651768893 -0.483257452842693 1304
189 -3.827331668050787 -0.9948687562615982 3611
190 -4.072886994061329 -3.5009452083064 3206
191 -4.047535478539885 -0.9277948643766173 4614
192 -2.101812336685212 -2.8561345503877464 1102
193 -3.565390430673778 -1.8890068796933168 1695
194 -4.320231605878193 -2.6210068391343557 3859
195 -4.999776155437632 -1.7932702383740227 2309
196 -4.085343105173384 -1.0733728958519184 3173
197 -3.610894756054583 -1.390422086255945 2874
198 -4.194638541013459 -4.379869571431191 3402
199 -3.5496689592169437 -2.0963051181186874 1269
200 -3.9163004303066784 -3.291857776859247 1125
201 -3.7262699999215645 -1.0775600798304321 1889
202 -2.9340003568223887 -3.973988854277121 1575
203 -4.037089523899314 -2.88283216658958 3743
204 -3.0098060482224605 -2.142081216007837 1060
205 -2.304575614235304 -2.336250600687403 2216
206 -3.222804006992612 -3.8687093484123363 4662
207 -4.698710772555331 -2.960623861460484 2253
208 -4.585764636661646 -3.8384527266857753 2673
209 -3.69362433612704 -1.8256504182393543 1567
210 -2.55337723912655 -4.226865885384528 3707
211 -4.6113359389841015 -0.9727144530170365 3132
212 -4.458766608975813 -2.909710600365048 2038
213 -3.269594816977078 -3.366379811820721 1516
214 -1.7487008970126727 -2.550905601575152 3298
215 -2.706676917621532 -2.7569432129871494 3480
216 -4.8053634252887525 -1.9657962198682695 1135
217 -2.37243876494101 -1.6142886169495156 3852
218 -2.2646525187894038 -3.9953230701560387 1873
219 -1.8836638911247383 -2.6683178279231887 1130
220 -2.300385014150816 -1.9514474695103061 3303
221 -3.1402438846171647 -0.282110495212792 1129
222 -4.520544069090241 -2.514874078802782 1594
223 -2.936084397646391 -3.1004851299835536 3440
224 -4.466067739353636 -1.18673119199737 4654
225 -3.4108714506233193 -1.675679539655753 3063
226 -3.6021763727326057 -3.853693068391696 2217
227 -2.8937311008802307 -0.4985709860127613 3503
228 -4.874298819787304 -2.391940380215095 3318
229 -2.7020454828633005 -4.054039707457406 1066
230 -3.5067096373161224 -0.9166835116273306 4977
231 -3.3742342996334695 -2.088492104113196 1911
232 -2.982098652338074 -3.685376948327769 1768
233 -4.3925122592206485 -3.7020951938812225 4986
234 -3.5612536225101343 -2.6708173787372984 4576
235 -3.070557782537657 -2.247016289449933 2114
236 -2.8005030478845905 -0.7817460907756589 1641
237 -2.7352315537383105 -1.600674103557164 2513
238 -4.798874164767784 -4.4366424246101674 4787
239 -5.1972784489842905 -3.616107861327575 2512
240 -3.047831341541732 -1.070463235347064 1130
241 -2.0620480993589356 -3.7923627408489393 2778
242 -4.39539321906901 -2.1195021942943453 2827
243 -4.981109749189787 -2.0719265493610197 1836
244 -3.3072336398727966 -0.7975662470581301 2017
245 -4.843086562486452 -3.646756427859885 1252
246 -3.9511596106553424 -1.18826325434045 1530
247 -5.337350304931049 -1.4983717891285617 4045
248 -1.7267078626855124 -3.3027842260435967 1159
249 -3.830210540667605 -2.4238316781502465 2323
250 -4.114782279005605 -1.8784827437186549 3310
251 -1.9849234071668171 -4.161662909209745 3725
252 -2.454192266867111 -3.476058074306158 2641
253 -2.422343049568799 -1.2612518738055054 3446
254 -2.4304486186218406 -4.114555760099894 3247
255 -2.7479498740444654 -3.295784746078707 1268
256 -2.820465095507032 -3.3071027925193843 4565
257 -2.8643193664720874 -2.810595712389165 4669
258 -4.435522701763362 -3.489860354763502 1744
259 -2.692261837588282 -3.512796201925101 2642
260 -5.262490197384446 -2.188152864514811 1381
261 -5.6296702794926885 -2.506315331022397 1785
262 -3.0779266189890495 -4.234907976316856 1453
263 -3.7747079483765282 -2.991964037992972 1258
264 -4.877497665466432 -2.780241253215262 1786
265 -1.771126833931462 -1.6130800671604797 2065
266 -3.1530178645231226 -2.821269203402155 3489
267 -1.6163651403923815 -1.5590218470887 2856
268 -3.2226916226008306 -3.6876024330210244 1886
269 -4.374633707660674 -3.2735766017220906 1023
270 -2.9165124494338865 -2.692716353120822 2467
271 -3.239127484244299 -4.264284207172342 2104
272 -4.981557484850211 -1.6847418080610932 2690
273 -2.1598996572594444 -3.4380081325452867 3719
274 -1.6723825227066083 -2.609166370990382 1369
275 -2.2985595244492085 -1.3755624203937948 4040
276 -5.109737619249213 -3.095648160880513 1272
277 -2.4023820066327763 -2.7796751842038927 1610
278 -4.220228204382071 -0.7204575997784444 3855
279 -2.425632417204153 -2.3210804788995336 3366
280 -3.250529168313357 -2.4499406096969043 2186
281 -3.790827431711385 -3.8506357342714277 1358
282 -3.0294550387886474 -0.9200639144924676 4757
283 -4.748506104140554 -3.390733961344756 4068
284 -1.846874676104312 -3.2226847173151105 1297
285 -2.756824409113301 -2.2318393998663706 1317
286 -5.074085565964168 -1.1308214070573783 3426
287 -1.8831617355620698 -1.8355232398835861 1559
288 -2.699925434873844 -3.8914093409242825 1000
289 -2.501964365221319 -4.077717515879331 2898
290 -5.40017422350366 -1.8579289130171475 1342
291 -4.158266249494921 -2.863906459430306 4142
292 -2.53956586125957 -1.7787142940093765 4008
293 -4.928304803820364 -2.292539437086427 2782
294 -1.8497178122226674 -2.124292247549076 1191
295 -3.7278861879933607 -3.131180531363769 1615
296 -1.921446862318766 -2.0151290825423684 4504
297 -3.9495248968540633 -3.8332518997042726 3232
298 -1.7790595345417857 -1.4411164358802773 3732
299 -1.7320771203433185 -2.4600234372997356 2237
endpoint1 endpoint2
72 205
5 269
189 224
44 147
70 246
71 252
128 222
76 201
25 279
139 299
30 213
102 182
233 293
31 126
46 164
211 231
175 256
144 220
146 189
23 257
16 38
52 250
35 258
128 282
7 167
101 216
174 187
60 249
80 146
6 101
95 256
12 129
125 179
14 286
218 256
181 193
1 176
165 263
169 279
150 275
116 125
144 211
91 265
73 243
98 221
118 152
190 224
142 184
148 167
196 235
19 105
136 139
172 295
67 94
86 147
66 282
93 233
26 34
99 149
118 147
76 246
153 272
191 263
33 173
53 290
1 273
135 170
10 26
265 274
85 241
65 252
214 298
228 280
14 183
44 224
12 262
91 202
76 158
3 134
170 215
28 134
52 215
55 170
117 290
172 211
103 158
203 242
76 124
225 244
104 269
169 266
150 292
91 195
129 293
11 204
200 259
133 140
233 266
55 65
2 258
3 103
89 113
70 189
159 167
145 266
146 152
58 86
156 276
194 195
13 275
16 121
181 268
93 101
59 189
172 193
264 290
31 270
0 114
41 144
60 148
81 121
66 184
88 213
55 94
115 243
115 294
25 31
207 212
209 221
97 153
140 179
145 259
147 227
224 260
95 180
116 274
193 212
50 128
4 132
98 107
8 266
27 45
264 297
103 133
184 203
147 266
133 254
222 278
187 199
25 224
122 138
266 279
67 176
70 175
147 232
170 260
44 91
194 213
56 174
149 240
150 230
6 155
9 88
83 193
28 281
176 178
14 235
53 271
36 201
216 291
18 41
222 281
4 84
142 254
219 220
81 211
161 219
184 217
63 212
3 67
51 152
33 114
215 291
79 101
53 224
129 282
206 280
137 157
86 104
204 278
9 256
29 264
201 265
112 279
38 94
122 167
183 286
62 291
139 265
1 296
56 67
2 3
103 169
147 294
40 172
258 296
25 83
90 164
35 38
109 211
91 133
113 144
47 237
14 30
76 166
58 124
53 242
201 217
82 281
87 104
48 280
144 241
90 280
2 243
183 255
279 285
190 194
47 234
251 263
36 54
1 124
104 174
88 104
16 74
168 277
149 285
79 225
39 194
62 250
138 145
17 299
143 287
74 121
94 299
198 261
53 83
167 239
227 279
100 210
28 220
104 149
213 285
106 185
257 284
168 284
58 241
150 156
105 186
179 274
107 273
35 76
181 245
17 230
240 292
93 275
41 277
112 164
97 283
155 269
83 293
20 164
4 62
116 144
9 141
251 277
92 137
75 195
173 253
197 247
35 228
55 249
38 292
132 220
95 285
189 285
7 193
11 258
233 291
34 97
71 292
55 110
112 219
150 262
1 214
21 27
128 260
274 287
149 199
153 201
174 288
14 276
92 121
2 292
20 59
111 122
134 199
90 131
96 235
209 279
192 201
193 253
105 115
71 244
2 70
26 64
101 199
119 189
10 134
53 223
79 197
64 253
204 295
24 133
207 234
146 181
2 174
45 215
48 69
47 151
55 258
31 222
112 113
58 149
66 85
12 185
88 250
59 126
134 177
209 240
46 183
84 110
248 256
146 172
113 167
23 221
151 264
26 35
36 88
219 229
171 205
64 257
197 235
235 296
19 113
130 180
58 156
26 264
85 240
90 237
218 275
205 236
49 189
184 270
67 273
32 194
149 219
5 38
6 257
9 35
174 205
89 256
54 168
38 182
233 256
197 298
55 75
114 206
138 277
91 287
39 98
23 292
43 103
99 130
119 272
28 158
121 241
128 178
203 234
114 259
223 231
139 220
108 242
18 61
162 192
3 102
101 258
32 97
14 49
109 141
2 178
81 289
62 285
121 250
28 149
32 208
52 166
35 294
80 231
61 91
10 165
89 274
6 57
246 263
232 252
86 188
43 196
62 181
73 151
1 5
13 267
2 60
129 249
8 267
176 188
33 261
126 255
272 282
93 291
15 249
0 249
111 181
187 198
207 220
47 200
284 289
92 217
111 282
116 215
118 247
62 271
267 296
150 231
154 234
52 91
40 184
24 257
188 199
44 188
12 290
94 212
45 294
101 142
200 209
129 256
130 251
41 121
43 269
175 226
16 297
61 215
250 272
109 224
165 222
23 159
47 222
92 175
165 175
117 209
8 230
120 288
99 167
47 79
267 294
160 289
129 204
185 287
58 218
121 263
175 235
127 226
36 248
40 166
63 220
140 193
87 202
15 281
93 191
148 257
25 250
26 232
53 71
1 97
22 84
191 201
249 287
123 143
159 272
126 136
185 288
59 209
81 204
62 126
63 259
121 264
67 113
83 215
10 64
14 253
11 281
31 159
204 270
22 252
187 226
173 256
46 246
47 236
99 213
192 262
13 157
78 235
9 123
180 244
21 158
186 223
50 196
100 212
106 191
127 153
36 277
218 298
39 264
97 257
165 242
3 190
97 207
115 280
99 114
10 283
29 88
141 276
73 166
129 191
25 267
29 201
178 206
31 229
36 141
19 79
58 254
245 273
155 194
121 291
136 294
107 205
144 294
35 79
87 238
79 271
84 269
29 81
34 156
81 159
191 237
29 194
154 219
193 268
84 227
165 275
21 169
204 255
144 231
74 104
3 172
116 291
23 266
166 278
47 113
15 24
75 261
130 168
79 255
104 275
18 223
36 258
45 76
158 206
254 265
2 212
116 298
100 121
123 200
149 207
117 128
7 161
100 200
154 186
29 212
112 123
202 245
130 163
226 239
100 258
66 91
85 237
37 133
114 162
204 237
43 226
117 119
63 239
68 250
23 280
26 217
70 230
146 197
99 255
102 215
0 104
197 295
138 189
230 250
51 171
73 250
151 267
117 225
33 50
16 22
70 217
56 141
3 272
149 209
106 133
40 299
58 157
130 181
67 73
86 168
0 30
76 265
205 235
146 164
76 152
117 234
67 272
153 287
10 176
34 42
65 203
228 244
46 264
125 273
164 166
205 228
87 128
142 224
93 249
58 77
116 270
151 281
117 243
63 107
10 296
11 113
234 266
56 155
62 81
173 210
33 266
178 296
138 199
140 295
37 185
20 231
187 203
26 138
134 155
46 201
11 25
68 222
73 288
170 199
116 194
101 146
58 199
43 281
31 264
52 86
240 286
184 198
76 108
133 243
172 261
20 238
24 233
62 186
234 237
90 118
57 103
101 155
52 174
150 237
64 185
10 173
84 180
157 266
119 150
89 167
16 129
53 260
147 268
93 290
40 178
38 216
208 238
164 211
114 248
27 262
64 71
56 193
74 160
256 259
219 287
23 249
102 274
67 268
32 239
92 284
57 294
38 277
10 84
28 283
106 224
54 181
228 232
102 124
85 156
216 293
197 269
162 289
18 39
163 200
22 285
9 246
267 288
52 188
126 159
36 99
55 129
206 279
160 213
204 281
88 172
4 93
101 293
49 263
47 276
53 125
1 111
21 100
6 248
117 208
123 137
128 150
136 246
155 249
60 186
137 236
139 240
31 38
226 257
44 179
45 134
122 165
143 196
21 109
62 289
37 109
75 182
168 297
12 234
3 34
81 92
19 281
9 152
27 226
28 89
46 247
89 93
202 273
5 236
44 57
118 208
104 169
106 270
16 85
201 223
220 282
117 280
102 137
258 289
13 126
116 140
44 161
47 244
30 297
251 281
52 225
198 256
237 294
4 217
223 280
79 114
124 179
69 72
199 291
121 281
14 204
127 152
218 299
38 246
24 171
135 226
50 109
14 127
183 246
189 235
120 206
142 163
146 277
146 222
22 126
178 280
15 21
95 278
136 146
18 234
19 191
20 55
207 281
141 187
87 233
91 234
79 270
7 29
10 259
49 239
30 283
237 280
129 183
2 114
146 217
252 270
53 203
130 174
137 160
121 299
34 127
111 127
32 73
90 134
183 196
10 266
217 236
128 209
148 156
78 85
156 172
196 224
40 226
132 197
125 268
41 216
165 236
190 252
148 155
59 157
76 195
27 116
173 237
112 124
20 93
203 279
61 173
158 167
182 244
1 181
19 210
80 292
1 38
93 237
38 109
9 166
88 275
171 259
30 202
164 290
203 249
137 256
66 83
1 142
117 127
62 159
211 246
32 94
72 229
0 183
166 169
117 224
8 215
122 221
123 268
22 29
85 269
198 233
108 111
208 259
155 166
13 60
51 258
111 147
76 266
24 288
169 262
24 149
207 250
84 119
230 242
146 165
147 209
168 202
27 170
124 141
141 297
234 256
219 252
4 170
5 36
8 173
105 245
63 180
83 151
103 232
89 252
18 192
19 233
61 297
231 249
33 82
52 298
76 144
169 197
63 106
69 127
3 257
235 280
60 152
25 106
46 272
90 253
17 171
111 161
23 117
262 280
209 217
70 176
145 271
81 295
9 194
8 204
220 244
38 280
206 259
29 176
30 38
124 242
235 273
20 120
42 45
225 283
135 146
17 172
253 280
1 234
55 91
54 299
46 209
94 232
4 240
194 217
177 183
220 243
2 58
130 231
150 226
5 31
11 255
14 231
142 269
127 241
58 190
208 239
79 169
137 248
15 268
91 186
11 22
126 266
237 253
94 211
118 245
120 276
101 131
12 111
206 269
5 24
27 39
14 291
40 271
130 145
86 204
91 179
3 95
22 274
158 263
215 295
237 246
37 292
5 240
117 214
29 234
17 117
220 270
149 262
81 208
13 193
125 135
35 172
18 140
3 55
43 156
10 47
250 286
34 268
21 242
173 268
247 261
69 203
145 160
58 105
134 279
10 244
11 149
195 263
50 168
41 96
61 125
7 225
84 194
156 234
13 250
54 132
37 244
40 168
111 194
57 130
104 163
33 295
87 108
15 174
258 295
132 138
106 109
236 275
54 270
110 166
38 84
97 179
22 295
7 49
192 233
32 157
109 278
139 259
95 291
139 144
68 266
231 291
161 227
93 286
39 198
63 204
259 270
44 162
120 200
49 297
30 228
106 189
52 145
189 264
133 176
154 215
121 280
104 288
174 274
107 285
108 165
130 259
150 267
65 139
48 274
71 117
40 44
131 288
118 176
84 256
121 199
49 245
119 211
29 199
33 140
42 82
149 291
11 270
3 24
59 87
61 242
83 294
46 158
14 71
164 237
148 295
95 120
170 244
121 200
230 282
193 224
0 278
41 52
81 157
171 226
7 173
124 194
71 144
203 280
133 162
13 23
179 284
41 259
194 291
175 263
73 197
21 24
9 187
209 275
48 74
54 80
128 210
274 282
75 253
81 150
153 257
178 254
196 225
200 228
20 87
77 162
5 80
225 236
80 159
140 262
14 283
76 286
59 101
216 286
14 81
146 185
169 232
213 255
16 26
57 168
274 277
6 206
154 184
100 268
103 252
218 268
190 277
109 166
48 120
122 211
50 225
234 287
77 195
60 285
7 152
196 282
199 255
201 228
54 221
37 59
113 122
132 180
26 268
65 290
84 250
86 151
169 284
120 131
84 105
141 222
180 274
20 187
168 196
118 151
193 204
32 206
149 223
150 199
51 75
55 222
89 250
97 138
65 97
48 231
33 88
14 42
184 273
9 215
30 170
50 147
219 255
149 216
103 154
40 223
233 261
86 161
214 289
181 216
218 281
182 222
111 155
120 145
84 127
235 253
48 109
34 176
54 55
36 73
129 236
113 295
231 275
235 283
200 263
6 69
133 136
176 272
23 116
230 237
69 214
21 78
8 205
156 272
18 273
224 240
242 243
167 176
4 153
136 220
5 21
196 203
147 265
185 190
77 120
63 165
46 280
176 279
161 165
91 164
19 246
212 269
85 121
69 223
234 235
96 152
77 224
100 156
174 229
103 129
268 269
199 216
79 168
85 145
3 89
8 108
64 89
134 139
1 19
94 208
166 205
98 143
10 195
126 154
15 45
4 143
142 277
184 214
225 276
44 296
83 178
90 215
29 120
256 284
30 137
34 212
24 34
62 115
79 190
102 117
233 234
72 168
15 200
110 149
113 154
39 171
22 225
212 215
163 269
92 170
93 212
115 123
79 97
10 245
104 189
206 284
68 261
160 238
147 293
114 144
23 32
148 268
118 172
190 212
88 292
146 294
95 148
62 295
101 189
213 270
126 143
37 107
62 125
16 282
218 295
38 250
21 146
41 249
6 19
82 96
66 147
50 121
96 204
115 271
212 229
73 185
237 299
129 162
167 245
26 97
202 213
80 180
156 249
52 58
15 182
127 157
112 170
186 279
229 280
48 215
0 223
1 199
3 186
205 287
192 225
142 222
75 201
48 53
11 187
213 272
124 205
159 259
24 62
155 206
72 266
0 39
184 249
38 244
61 248
45 94
158 216
38 71
188 253
122 188
128 266
57 148
149 177
34 243
35 227
80 162
61 128
82 263
100 173
14 270
127 131
103 289
188 244
209 281
1 66
28 215
232 256
252 264
16 188
201 240
221 237
95 281
86 131
107 199
130 274
280 293
73 196
26 210
99 101
120 222
34 146
16 36
260 269
27 113
172 228
59 247
83 253
49 61
139 191
157 201
41 267
25 52
62 147
144 209
91 250
111 247
80 105
45 218
123 205
55 257
150 202
28 293
139 295
123 186
124 292
31 221
79 193
133 147
10 21
214 285
0 3
65 150
135 192
90 150
144 200
2 170
156 269
50 158
237 257
2 93
55 286
37 58
203 270
158 172
41 200
190 285
84 106
138 184
12 260
68 236
89 97
180 275
94 242
63 102
119 286
33 55
174 206
231 284
106 128
17 46
199 247
200 282
19 117
18 180
202 226
42 62
227 246
182 196
40 104
39 144
169 177
187 190
205 232
248 267
66 219
91 193
11 125
123 208
69 116
128 191
57 271
36 67
255 258
4 148
173 214
84 154
174 209
124 254
222 232
21 285
140 299
86 166
88 204
113 196
205 225
209 230
65 121
248 274
230 235
141 207
4 12
215 242
224 250
5 43
6 171
119 157
104 234
16 150
112 154
223 227
19 240
247 291
14 53
170 287
193 214
53 151
28 256
103 139
89 163
198 208
112 145
85 151
17 162
112 224
113 246
3 83
259 294
27 258
62 185
11 19
143 237
236 244
2 137
76 128
167 219
44 89
121 135
37 118
130 229
59 201
9 90
210 256
157 263
68 297
161 204
272 286
54 177
38 223
25 122
137 254
14 148
165 296
113 239
25 235
74 274
74 175
124 147
43 264
182 264
114 159
59 63
61 218
83 181
157 177
109 227
2 232
21 247
226 266
62 171
47 221
50 220
69 192
145 173
56 203
2 155
223 289
188 261
25 157
23 243
81 264
106 272
200 213
55 130
129 207
136 242
154 241
137 159
147 287
102 106
86 197
236 287
222 261
43 47
116 178
14 17
95 174
78 114
153 230
81 257
47 75
37 97
57 232
78 157
151 249
27 55
185 217
250 295
31 35
69 289
108 201
273 292
165 195
212 290
14 24
146 240
44 278
28 37
139 234
110 164
115 219
187 230
152 260
192 235
28 84
122 171
92 185
94 205
223 284
98 144
7 64
177 202
13 153
52 148
135 284
182 276
24 167
61 254
134 220
229 263
66 235
13 123
24 214
122 178
213 217
163 291
9 23
124 206
159 258
16 79
130 219
168 282
41 89
14 260
17 224
58 297
25 32
135 223
59 282
69 173
237 284
4 195
6 219
88 116
136 149
82 260
174 283
85 222
51 290
157 246
16 213
71 298
59 105
13 109
88 146
17 295
183 200
10 270
213 235
270 297
237 277
20 272
6 210
28 208
33 155
38 148
78 192
65 234
63 291
140 265
179 213
138 140
32 76
158 203
70 89
71 101
146 188
169 229
205 265
98 270
99 100
7 23
120 223
212 250
177 296
71 139
174 293
31 100
43 225
90 140
183 222
3 153
43 126
121 216
4 184
153 213
106 159
201 225
37 48
60 247
78 210
246 293
155 173
107 180
108 139
35 102
37 129
3 113
207 241
190 283
133 291
241 289
166 181
22 174
42 274
190 234
92 147
150 194
119 177
123 178
31 272
132 182
208 271
26 266
65 288
155 162
31 106
88 255
197 291
111 151
67 213
234 245
256 292
192 220
29 49
195 226
69 138
219 248
173 220
83 147
139 165
150 295
8 114
46 195
17 260
3 140
97 249
23 298
170 298
62 276
122 227
215 244
234 271
59 165
78 180
84 155
160 182
235 292
40 193
167 269
13 50
90 241
18 63
36 290
19 234
20 228
97 129
190 268
87 156
235 255
14 51
170 277
7 112
123 232
32 297
52 164
81 233
101 230
174 217
38 162
60 155
4 291
251 253
90 248
2 284
111 162
22 268
209 222
142 239
91 222
37 76
206 262
81 226
151 212
27 42
154 229
103 138
23 30
19 248
22 210
152 290
210 223
89 124
96 154
57 289
38 278
167 171
64 189
82 235
231 259
31 166
175 219
125 242
0 79
18 153
185 197
130 296
41 131
43 163
81 116
134 254
85 159
90 263
111 176
4 107
68 200
296 297
4 250
120 279
102 278
34 219
17 113
73 108
36 96
19 40
27 56
9 66
104 192
47 53
16 252
114 297
225 298
65 171
2 233
40 76
39 172
259 279
44 185
191 198
139 273
102 265
127 275
36 111
2 11
132 240
5 14
78 155
80 193
66 108
86 107
161 221
39 212
9 257
139 255
13 79
14 103
162 225
186 190
115 204
187 235
24 194
7 60
120 182
29 79
147 252
22 86
46 88
30 246
220 256
168 294
5 119
80 184
154 268
135 297
54 155
185 216
60 182
62 203
63 219
14 110
147 148
183 231
212 291
50 207
2 106
81 182
10 250
48 57
104 166
57 240
149 277
33 292
34 87
91 106
114 137
41 292
79 142
135 232
94 291
168 246
96 206
47 235
73 191
95 159
178 217
57 249
30 115
19 181
185 234
29 276
273 277
79 260
122 179
34 135
75 203
5 209
53 197
42 86
137 186
140 276
107 203
34 105
17 231
62 252
159 212
144 238
254 281
71 118
42 136
115 287
44 148
128 199
176 243
54 244
75 266
40 248
31 113
214 270
186 295
