nnodes nedges type
300 2000 graph
nodename posx posy weight
0 -6.158916012191654 -12.166992560721093 2992
1 -4.152990118660778 -14.442631438592704 2008
2 -2.907699186101588 -14.369782260758582 3224
3 -2.972940925705031 -13.300423393295187 3966
4 -6.475791040777212 -12.333213851577831 2144
5 -4.157397624552123 -11.819935512699885 3771
6 -5.570152081448787 -14.848073769186021 2122
7 -6.237857790377229 -12.267619382339634 2636
8 -4.83219954215866 -11.411828787025657 1033
9 -3.717969405970932 -13.04841561932092 1179
10 -3.291298982330965 -14.525501151273817 2874
11 -4.346210228689977 -14.871938025814714 2056
12 -3.5313190410200557 -12.18583809943088 2619
13 -5.237789201732726 -14.579213247719254 4616
14 -4.1225173758524685 -13.349036518303793 1814
15 -4.925175135369646 -14.113146548449013 3990
16 -2.946435516640489 -14.62673197995321 4895
17 -3.8954359966603103 -14.024401535610915 4340
18 -6.616673290349103 -12.57087314169596 4322
19 -5.044773546091545 -13.446920712507834 1956
20 -5.891857537577914 -15.146305165200353 2740
21 -2.841790921231496 -13.31047697031495 4605
22 -4.42085566721912 -14.985670807650516 4315
23 -5.107624391207864 -14.93783889160048 1140
24 -4.40702249127401 -12.734190932863068 4738
25 -3.0190366020448054 -14.01120096546134 1423
26 -5.911359781973504 -13.771763222385136 1809
27 -3.502182693970942 -12.78125156342409 4529
28 -4.627516919022236 -15.285739618453281 1335
29 -5.371886765802728 -13.450277728829452 3159
30 -3.1686257161676346 -12.374226370468907 2511
31 -6.215290717893087 -12.78881077740979 3942
32 -3.585302600314389 -13.73059951758512 3400
33 -4.331474958749853 -13.690582053459392 2837
34 -5.528921364206181 -15.472128843405638 1783
35 -2.694724870557189 -13.887135102008441 4356
36 -4.440616044239918 -11.752799133217115 1465
37 -4.298765709786916 -11.856493609598727 4785
38 -6.467530749847372 -12.748420188246463 3718
39 -3.6477422483751076 -12.018341603796536 2745
40 -4.112974227240166 -15.393063315112153 1877
41 -6.498958291814407 -13.288749839637903 4974
42 -3.4260625964186797 -13.697035637828323 2284
43 -3.5088812852135023 -14.430789499620431 2526
44 -5.2073493255745635 -14.836785827880663 1345
45 -3.731250801027651 -14.083840641438064 2853
46 -5.546688646830993 -11.794053753608518 3823
47 -3.1253025729269805 -13.376384851276086 3030
48 -5.779621103488997 -15.076493232167946 3401
49 -4.460706840962994 -12.94895619389253 2747
50 -5.811019416703782 -14.576477510317764 1638
51 -5.780585605153549 -13.000302812074846 3080
52 -3.6138926070623887 -15.207841416615208 4696
53 -5.4948034860353685 -12.20264749752413 2695
54 -5.121281409302941 -13.624770892387135 4770
55 -3.146277915453098 -13.767965110989087 1387
56 -4.917307675489317 -11.967514049723768 1497
57 -5.175518050652532 -12.740915003910631 3034
58 -3.2009152887829084 -13.03620834555869 4953
59 -5.7589460790910545 -13.936321115912422 2348
60 -5.664524455531521 -12.367513047951807 2048
61 -5.153298656481429 -15.579056674000059 3761
62 -4.334613577563681 -11.940348725016397 4335
63 -4.66608850711725 -11.385048245243345 3311
64 -4.949084822881027 -12.255881471360496 1127
65 -5.470356050419445 -13.22374728784217 3288
66 -4.3269333747623335 -14.682474174403987 1435
67 -4.823609068113044 -13.06227371390444 1503
68 -3.0366290076932034 -12.433391718089657 1851
69 -4.878101034267233 -11.798120543062218 4289
70 -4.116075869708215 -15.092042635089975 2534
71 -6.763885054270029 -13.609225243235807 1031
72 -4.406998629520255 -13.121245397550943 1571
73 -6.5111333719218125 -13.904391082937394 2817
74 -5.414444198308948 -15.068555626233607 1776
75 -6.078625035373758 -13.647507364396393 4444
76 -3.020072114449769 -13.725897950777918 4522
77 -6.115867198108821 -12.477407133565556 1146
78 -4.421401486431112 -12.162363045418711 2932
79 -3.797188387172902 -14.224748052279955 2213
80 -4.73600020133155 -13.975251369759897 4533
81 -4.159051113173711 -12.124194813843767 2741
82 -3.282448805517401 -14.988541947610244 3840
83 -3.547877245339954 -14.560835307139294 1051
84 -3.385821883565708 -14.065553025359849 4831
85 -6.031826554858688 -13.475057522167296 4121
86 -3.536218423687743 -12.534602728906759 4124
87 -6.304786320749341 -14.318259826694918 4268
88 -6.872144234066644 -13.25776108230954 3477
89 -5.613343902356804 -12.76783025428257 3195
90 -4.593443791636849 -15.350950607160877 1155
91 -4.944548167841124 -12.760112689004503 3573
92 -5.737443395532087 -13.519749526090347 3212
93 -5.036661433571176 -13.87412383178977 1745
94 -4.928327588711731 -13.739532381220664 2691
95 -5.895209496155624 -14.183451062580412 4949
96 -4.754752809354731 -15.27667027621528 4634
97 -5.514828701520895 -12.509332462716081 3194
98 -3.069600485580653 -12.870148700579236 1440
99 -6.3186793793375875 -12.92872005817846 3468
100 -3.7545224012802736 -14.54861469189608 2806
101 -3.9205242171608607 -14.402317341439113 4057
102 -3.96996478480603 -15.478663692797841 3043
103 -5.1110482172779355 -14.307874946823405 1607
104 -4.652054405685447 -13.61694111598009 3772
105 -3.0567392796352433 -13.550013431463238 1814
106 -6.178053980163716 -13.687975119694878 4762
107 -6.728168963630387 -12.068709969363653 1519
108 -5.878918566350312 -11.665637307584198 3485
109 -5.249398246322464 -13.77476873911546 4037
110 -5.644517868541291 -11.342718797574127 4894
111 -5.603116716065545 -12.581185106297905 2646
112 -5.043486041051999 -14.689075867104446 1648
113 -4.56802845246154 -14.088799168338598 1961
114 -3.6302169646759888 -13.053868895682777 3157
115 -3.467636967069316 -15.112537464760381 2608
116 -6.250361202633883 -13.219822755106508 2711
117 -2.7541297955813566 -13.025153507180587 3082
118 -6.721855315173997 -13.698411681625585 4732
119 -4.375401022662984 -14.250632421557592 4665
120 -3.3725200773631707 -13.09215209718208 4751
121 -3.1414613278789094 -13.651265149959654 4818
122 -4.085490410727422 -12.242039151983942 3638
123 -3.221069683505695 -14.011451395273381 2652
124 -5.374812618893213 -11.9794324252499 2958
125 -4.624368790949493 -11.655234152418897 2416
126 -5.422823409605015 -11.49649371757061 2493
127 -3.5795902788040586 -13.593721157652007 2923
128 -3.2889099372041866 -14.086272613064105 1931
129 -4.045524601899402 -14.582080086081339 2489
130 -5.7483874788742995 -12.578967231414213 2073
131 -6.244078738495238 -13.476897087348979 2803
132 -4.500291423173942 -14.233199076909914 2202
133 -5.081004345832083 -13.257699845171631 4481
134 -3.890973060152889 -14.811934910828846 3874
135 -4.5067799990079385 -12.011194620205643 1449
136 -5.9662972775950465 -12.206918863114874 1424
137 -3.7718978867115553 -13.44161722365498 1571
138 -4.689410663637055 -12.076016893637597 3380
139 -3.493837258823317 -13.013975884661464 2557
140 -6.050510642180674 -14.427645096103692 4665
141 -5.98297531424582 -12.768387341987188 1182
142 -5.405424341015403 -12.381669741414903 2298
143 -4.93279155229646 -12.513342894877182 4555
144 -5.899489517683397 -14.663419335613328 4546
145 -5.648176486829073 -14.570001731960524 4516
146 -4.423567525619884 -14.380101658188257 2357
147 -3.3268932692306588 -12.798509941502074 4291
148 -5.071877037563278 -13.006729823958569 3212
149 -3.777948925020658 -15.303203828333897 1752
150 -4.135353293261462 -12.868451366445756 2887
151 -3.876083691798668 -13.813509709649981 1243
152 -4.464938410139789 -13.319330804044748 1999
153 -2.6723254672107384 -13.191892171644126 2972
154 -5.864364081658088 -12.39512015700148 1585
155 -3.2754734051728462 -12.333702103573584 2230
156 -5.060808985078377 -14.049341026294561 1654
157 -4.23736369590965 -12.486400660575057 3876
158 -5.821810245791416 -11.97564894428363 1132
159 -6.109265094181469 -13.047669247204917 3200
160 -4.842917513063643 -14.015938157165548 2272
161 -5.799233602927254 -12.69789936616999 1958
162 -5.307112589633101 -12.864676971359867 2531
163 -6.256481921926507 -14.082739418558525 4145
164 -4.052992172440385 -14.888860419151465 2120
165 -5.018895832154779 -14.465045299279446 2767
166 -3.6405525924009883 -14.651105012931358 2515
167 -4.258222198707378 -14.635860430202698 2320
168 -5.574662555959652 -13.22452985277422 1957
169 -5.25456171730518 -12.226974248565831 1425
170 -3.9210118641579337 -13.69375446649905 1347
171 -5.392960606138688 -14.464075870186143 2247
172 -4.709670822412332 -13.256499205662012 4576
173 -6.220573631240113 -12.930869815760124 4370
174 -3.425047498020164 -12.604771602806583 1661
175 -4.048872418464087 -13.153748689341795 2531
176 -4.190599674282019 -13.574696428074711 3741
177 -5.969246079654366 -13.086951599487497 2894
178 -5.556726840043442 -14.331598579133955 1031
179 -4.738817093111702 -12.598306089383627 3550
180 -4.704934709749766 -14.70705501944991 3277
181 -6.629992930325716 -13.64730690586382 4202
182 -6.042952854423276 -14.770902250168463 2568
183 -2.7886431861523824 -13.453332068682695 3789
184 -6.034853851653927 -13.987094030682762 1767
185 -6.661893832877055 -12.849839806679775 2632
186 -5.097396896760793 -12.084905640379334 4892
187 -5.760867968832467 -13.732725037955857 4803
188 -4.558373848107761 -12.908068568036153 1460
189 -6.734057392219465 -13.171136244407771 1220
190 -4.085584867394918 -14.31446986564272 3129
191 -4.526642741781314 -12.249684528071594 1897
192 -5.343738216898497 -11.74659162553177 2964
193 -4.811070909891996 -14.994426357169948 3380
194 -4.885267596708954 -14.418866513346552 4971
195 -4.907547390728047 -15.166589067984864 3721
196 -4.366511684334825 -13.984796369633635 3471
197 -3.2119903237426954 -13.141090712555211 2463
198 -3.6321441644857284 -13.94382242771542 1659
199 -4.696246568836061 -13.485067426028003 2422
200 -6.544448345605553 -14.149825362708022 1829
201 -6.636079137395549 -14.248165186853734 4491
202 -5.618015777036056 -12.986028457998376 2105
203 -6.71358033441289 -12.991739726712833 3662
204 -5.973562666186529 -12.92183508454426 3467
205 -6.27741120142643 -13.569059355059126 2806
206 -5.860125263546399 -14.383446244231532 4178
207 -3.3765433187781455 -12.396724252538592 4740
208 -4.3067331475560895 -12.560541557225852 1496
209 -5.451389290729132 -14.97470524049428 2450
210 -4.569952886141897 -13.786636492019767 2426
211 -3.375494015243401 -13.476006606900116 2931
212 -5.308941955421898 -13.54517144309239 3314
213 -4.711531521715437 -12.373540172519265 2275
214 -4.923819264466789 -15.302184359018147 3581
215 -4.52479176045722 -14.615583212282033 2834
216 -3.110852850450104 -14.474847506224569 1948
217 -4.652864770624785 -11.989034411166207 1387
218 -3.5024247514258087 -14.219962467893206 1370
219 -5.2534283936251205 -15.099514782742583 2551
220 -6.3083370702761 -13.159189780107633 3418
221 -4.666672279515424 -13.071360277016966 4614
222 -5.289107460637346 -13.14358324312161 4614
223 -5.19062774160968 -15.228236542290023 4652
224 -4.317159797367982 -14.958527112544116 3758
225 -5.26886429089672 -12.110948102709989 2829
226 -5.3525406116377505 -14.689308575582631 1763
227 -4.555097897729123 -15.527940151115985 3505
228 -5.6595193831475195 -14.108503193767165 2150
229 -4.246983445304469 -14.026630592415211 1352
230 -3.9544960211520253 -14.941447261880747 1147
231 -3.049009760746023 -13.08166228865959 1227
232 -4.443240714532939 -12.495948518985921 2381
233 -3.6909826205700265 -12.766247694279318 3979
234 -3.450891231680819 -14.304713589255487 4079
235 -5.57186952475662 -14.505984252568993 2642
236 -6.088849374216387 -14.248206838323904 1461
237 -3.65770238446271 -12.188450655999105 4703
238 -5.350556964925998 -13.938392667525193 1100
239 -5.982290176435981 -14.95222260200376 2396
240 -5.3008747152960325 -14.111301829100348 3692
241 -4.888500137579759 -14.701909044356535 2342
242 -3.8811455581075673 -13.384438559555202 1999
243 -3.022427135903235 -14.191180836084802 1227
244 -6.237141237033347 -13.963516224083527 3018
245 -6.3541989873999585 -12.101575205346728 3228
246 -3.972655175400976 -12.306636005591344 4930
247 -5.9516979555304665 -11.925669997947246 3734
248 -6.587396986413233 -13.40199379092589 2196
249 -5.495876637886392 -13.699045472961057 4852
250 -4.281121547575556 -13.234962399114952 2669
251 -5.811396121443622 -12.063960032416551 4154
252 -5.537783410638608 -14.13068045554344 4097
253 -5.611589931376852 -15.24932610700838 4768
254 -5.6987532812429205 -11.573361258861066 3691
255 -3.887300390624971 -11.54810329307044 4503
256 -3.8708244640376974 -12.633053799408948 1483
257 -4.3071809790242845 -15.283228345546163 1868
258 -4.696342786998214 -14.369415882550753 4152
259 -3.939647736003912 -12.037252309959651 1786
260 -4.195327060316516 -13.895726348528202 1354
261 -6.308477972124478 -14.732812061702605 1308
262 -6.377814927726026 -14.639668320009283 3152
263 -3.017785632278783 -12.498731568099311 3206
264 -5.198723916735327 -12.614457412812156 1243
265 -5.189792239539151 -11.812226000857597 3585
266 -3.3983440093430364 -14.757315862065191 1806
267 -3.9855502096645825 -14.212460949295998 1704
268 -6.3089941492797275 -13.883392532793362 1317
269 -4.836608201788631 -12.048437091965157 2535
270 -6.877003849981951 -13.04004621687131 3989
271 -4.51649871861169 -11.39558311233791 1463
272 -4.186152954865171 -13.479880874198797 2735
273 -5.6271730159441145 -13.846179383743113 3566
274 -3.884975083258282 -12.809196216636419 4696
275 -3.837644981181257 -13.512507790842287 2666
276 -5.206119002355511 -12.476076669046329 3372
277 -4.087206492396316 -12.656052361216544 4243
278 -4.598857061448366 -14.760521081451355 3342
279 -3.8636239303836466 -12.26432371955098 2084
280 -4.1474022994398325 -11.975636497845878 1926
281 -4.40726217107071 -13.441381851692775 1790
282 -3.745088546100363 -14.810494886808964 3975
283 -5.072650875532482 -12.31623808380803 2022
284 -6.416496655324698 -14.52240987260099 1994
285 -6.537069418864123 -14.31758733710106 4058
286 -3.538784065471928 -11.808191025507353 1322
287 -4.75280043155084 -12.705877366322577 4306
288 -3.6131870589121293 -13.216657094244379 1442
289 -5.617052672366845 -14.951954252324363 1912
290 -5.296755799740009 -12.996859305702028 4820
291 -5.954926303506359 -13.412814925441218 4526
292 -3.8070932339492525 -11.974531098403643 1105
293 -6.704017933130965 -13.953063886483209 2466
294 -5.034456874821147 -11.419385121303147 3980
295 -3.796687508595775 -12.373931394521529 3013
296 -6.16826059474099 -14.608136163999683 4938
297 -4.866763901254031 -13.463746705212602 4036
298 -5.055757623705137 -15.391760690251534 1407
299 -4.789550359118004 -15.170807232632956 4676
endpoint1 endpoint2
3 170
9 183
84 266
11 90
67 137
32 165
237 276
11 171
13 131
217 280
95 283
278 297
100 281
137 164
13 20
179 212
15 143
18 225
65 154
17 287
92 239
99 103
121 214
230 272
88 265
52 250
128 213
54 87
55 266
74 228
149 193
27 115
173 240
232 265
176 225
178 253
11 160
221 228
150 160
78 200
133 168
85 239
67 89
108 141
92 119
186 297
25 58
80 289
135 197
141 169
145 219
195 247
69 135
218 233
10 128
104 240
77 88
222 245
21 256
80 137
156 214
30 86
88 249
144 187
243 257
23 109
66 282
66 199
105 288
12 271
141 162
175 278
69 255
144 202
97 238
170 236
11 65
12 81
33 60
70 219
149 211
174 197
235 297
54 208
36 174
130 183
222 252
78 218
26 267
64 202
6 87
111 150
190 259
46 185
48 296
92 244
116 261
7 125
50 151
255 263
239 244
113 298
119 137
31 205
182 299
167 279
271 277
283 286
57 87
25 190
99 131
9 212
195 289
123 281
59 164
51 85
252 293
198 228
17 37
54 162
37 42
38 168
76 123
132 165
88 206
144 160
17 182
253 258
138 287
93 244
116 192
99 136
194 195
92 268
93 101
148 187
95 220
153 176
10 164
125 255
89 275
181 189
233 243
0 225
271 283
133 262
110 111
168 188
193 212
87 261
220 240
38 284
136 276
29 140
31 184
125 248
126 254
223 234
79 172
50 89
51 285
184 186
44 196
65 73
46 213
93 198
59 203
225 272
61 223
65 209
101 120
137 297
164 216
19 256
24 245
188 198
134 142
173 278
210 215
67 185
256 280
168 170
93 112
4 138
98 125
6 146
132 266
172 174
110 294
38 212
106 124
197 264
273 296
8 22
189 201
247 264
177 287
69 206
256 287
183 257
176 209
255 297
129 282
19 48
24 37
155 231
157 279
37 247
114 148
228 297
250 282
162 254
20 128
23 149
9 145
74 223
147 255
256 278
223 296
68 78
195 267
17 98
71 179
55 149
154 269
100 180
193 289
175 241
52 55
18 131
3 32
66 298
163 253
147 151
111 206
23 146
177 265
0 270
1 123
80 176
154 276
67 119
86 122
38 249
54 258
112 261
111 215
259 269
116 130
29 64
36 54
113 282
96 190
121 170
139 263
199 289
129 208
77 186
133 179
1 171
112 173
186 274
60 69
66 233
73 214
30 274
167 239
6 230
99 269
7 187
45 260
123 147
124 259
202 219
268 290
181 245
103 293
73 223
96 221
8 57
120 211
192 251
28 164
163 298
146 219
274 292
76 211
59 141
27 100
121 180
30 211
52 100
36 139
130 208
42 94
132 220
261 293
83 240
103 205
15 129
112 219
96 101
41 209
141 182
70 100
73 283
95 100
116 290
205 270
32 166
16 32
60 268
8 143
264 281
33 153
221 234
63 150
156 193
233 292
185 252
44 244
211 230
92 232
57 58
59 298
116 230
190 254
11 82
56 254
75 241
227 266
196 272
160 172
63 159
103 195
86 153
140 258
36 264
3 10
46 172
229 244
20 177
131 283
22 149
98 218
189 241
119 261
194 252
128 274
172 222
210 297
85 262
29 174
54 222
41 187
135 172
66 85
139 169
104 256
138 188
109 162
166 171
118 144
105 125
12 82
51 217
80 242
157 295
199 251
275 292
132 176
26 264
172 287
64 203
104 263
0 29
24 147
43 209
117 122
49 189
147 207
131 265
11 121
156 182
17 35
126 202
19 118
203 245
13 55
19 231
76 263
205 229
66 214
87 129
235 248
57 86
10 299
45 194
32 217
124 138
5 47
9 36
31 181
133 139
65 205
15 235
187 200
46 200
57 95
111 276
170 198
101 147
124 129
172 194
264 291
28 260
178 290
15 67
1 148
259 290
115 242
248 284
210 226
212 258
173 291
158 279
14 56
159 175
167 223
25 143
170 282
7 107
160 284
197 207
89 283
132 148
83 168
74 80
62 188
45 156
33 103
256 258
101 133
46 69
11 101
249 260
120 274
155 232
104 219
157 260
272 273
199 212
55 62
185 203
9 277
106 114
90 200
4 85
152 299
45 149
28 115
210 212
12 290
148 226
224 275
17 119
75 185
220 268
29 157
160 212
89 178
179 231
240 258
6 34
103 267
88 171
87 205
14 98
75 80
19 264
114 237
141 240
198 286
94 223
16 102
292 294
242 280
80 195
6 138
43 258
62 119
66 106
156 232
105 221
161 262
72 274
35 83
93 270
155 288
90 218
15 281
57 124
95 171
78 113
99 281
79 109
127 282
58 229
96 272
14 253
125 155
106 111
70 121
93 184
241 279
96 201
9 153
48 172
109 280
56 273
74 199
76 167
277 290
56 75
7 270
105 207
179 263
3 40
44 273
118 264
65 188
135 234
107 108
91 157
143 273
19 287
145 149
54 73
113 281
77 296
94 176
81 173
8 155
29 240
200 205
57 255
24 59
140 287
106 206
86 114
114 190
24 170
14 126
72 193
148 286
209 291
118 178
92 179
202 258
25 267
171 235
26 116
38 290
59 228
150 157
174 279
30 120
15 187
1 163
184 253
38 232
182 226
24 177
60 93
48 194
143 168
22 129
170 246
116 145
152 160
215 223
54 91
57 152
94 162
152 207
172 242
10 149
264 275
7 179
213 293
33 135
51 109
52 101
208 294
137 161
36 283
118 285
70 101
73 199
0 161
39 64
32 167
217 237
113 268
78 199
85 228
113 219
39 232
48 261
113 180
39 121
25 160
23 206
84 275
122 202
35 260
1 95
274 279
291 293
173 238
16 183
199 260
132 195
261 278
84 241
125 177
37 133
40 119
169 277
60 106
85 94
175 267
51 162
14 90
84 282
238 242
4 187
102 215
109 127
114 279
64 245
102 166
88 251
21 196
65 106
48 238
184 264
57 75
193 206
16 22
75 238
94 158
59 168
106 133
221 265
150 176
133 152
79 202
104 264
233 286
60 120
150 291
211 252
55 164
55 275
78 176
117 288
173 217
263 294
101 241
29 191
160 178
252 296
167 273
26 272
103 233
68 215
86 274
159 184
76 151
117 243
151 281
122 238
30 175
141 291
72 97
2 43
129 238
224 231
130 135
41 173
246 269
49 93
175 190
197 274
40 83
276 284
42 180
126 283
4 8
169 207
170 199
151 278
72 104
56 162
220 251
19 22
59 191
4 159
95 222
100 235
68 295
31 189
38 161
132 174
187 285
24 233
43 199
134 146
210 227
29 104
194 274
147 229
117 197
192 292
57 208
240 277
93 290
40 178
72 184
210 218
142 245
53 107
143 233
27 183
122 251
181 284
128 152
81 216
106 224
43 164
63 169
137 226
19 258
247 269
70 164
127 279
150 255
98 123
204 281
103 266
159 244
93 165
39 169
26 238
226 262
47 276
69 204
51 154
33 112
146 250
57 122
74 210
3 210
176 211
75 177
80 196
161 210
89 186
19 163
208 211
45 117
265 295
159 253
34 262
17 137
222 265
47 230
70 150
73 178
58 115
33 250
129 196
168 297
42 120
153 155
174 259
87 109
127 234
167 288
139 233
140 249
159 250
72 212
4 67
188 237
118 161
32 156
251 256
146 291
74 267
94 206
58 122
13 156
57 245
7 265
64 156
121 272
6 20
229 282
85 176
115 223
279 287
120 199
67 151
146 231
79 114
99 221
119 219
176 248
50 267
139 150
161 229
0 37
24 171
6 15
90 180
73 212
148 287
96 216
95 112
30 272
32 170
16 52
146 277
44 47
27 97
64 288
124 202
27 30
85 209
214 266
69 280
147 172
75 116
188 250
44 151
67 133
213 238
237 280
41 53
22 113
172 243
173 251
51 108
196 249
199 273
71 145
131 196
5 104
100 170
63 294
71 294
112 221
90 134
192 244
213 247
73 87
181 291
92 130
94 170
5 192
102 218
31 289
70 260
54 194
80 158
100 260
211 232
0 185
116 224
26 223
98 266
69 155
56 128
74 227
131 165
4 189
9 14
119 191
101 197
154 187
76 82
222 241
26 260
10 23
84 242
182 244
169 276
43 229
205 248
67 235
12 275
72 254
109 167
92 225
93 237
96 228
3 157
5 161
97 234
26 38
267 272
50 224
9 55
119 180
84 138
11 218
53 294
127 212
55 198
221 271
221 250
65 248
15 291
150 297
48 239
66 194
33 64
80 101
71 228
56 142
94 159
156 185
29 165
160 188
179 191
77 78
155 166
66 170
157 214
31 86
107 161
0 31
91 94
21 204
44 227
190 262
48 299
67 217
49 179
215 266
76 153
168 202
169 220
62 273
194 204
123 222
219 252
3 280
9 33
29 190
13 164
252 297
235 291
15 127
36 208
172 272
83 151
24 295
23 124
243 272
68 208
145 195
92 206
171 172
26 51
195 290
160 256
57 274
76 231
5 45
6 181
11 193
124 251
54 161
112 152
14 132
162 277
17 171
169 189
187 202
173 296
70 176
97 246
62 259
194 222
230 298
75 148
77 232
6 172
9 83
101 226
84 174
13 39
42 188
90 119
184 293
168 191
170 207
152 153
44 95
28 238
47 178
15 37
52 94
235 278
93 289
130 150
23 26
82 127
110 138
1 227
184 189
21 224
49 276
266 274
58 103
43 76
244 270
25 150
121 138
41 118
34 79
130 145
31 51
162 235
247 268
177 283
110 124
57 112
96 149
170 266
120 283
6 145
102 229
21 129
24 80
23 40
208 221
10 47
49 120
34 268
21 242
158 270
93 213
94 221
45 285
33 224
168 291
9 79
68 260
13 250
179 238
180 224
204 273
85 173
29 261
90 277
241 284
148 259
26 246
212 288
7 73
45 278
104 163
77 133
131 235
63 269
84 201
21 147
45 109
66 297
14 114
15 223
165 206
111 203
1 120
76 161
6 235
101 167
159 283
127 269
154 204
61 224
82 90
144 244
111 208
24 287
5 286
26 248
214 219
198 257
44 49
192 287
82 194
102 129
91 103
0 38
61 249
85 184
103 297
236 257
74 100
95 115
187 242
25 211
51 249
36 56
202 256
260 286
99 270
121 176
38 159
78 251
102 184
179 279
36 286
3 24
186 280
42 229
211 221
88 144
169 254
53 89
75 196
131 182
172 236
119 168
227 257
104 159
178 272
70 258
203 280
80 152
82 257
10 98
158 186
14 223
18 226
185 248
186 291
0 163
146 190
95 97
5 265
53 162
57 167
260 268
51 116
126 173
42 68
135 187
155 210
139 188
127 182
165 282
180 268
92 235
241 298
170 230
116 225
152 176
194 224
92 154
274 277
153 215
125 222
17 61
21 259
104 284
108 137
18 212
97 291
64 111
216 229
144 215
180 267
109 166
1 37
43 117
117 230
190 228
28 140
56 136
27 76
172 217
85 259
17 54
19 109
60 140
189 293
100 267
137 263
79 207
233 283
31 104
72 151
69 251
144 206
113 164
100 105
10 292
27 69
173 222
105 243
31 192
164 298
66 171
51 261
15 299
55 79
113 204
39 145
169 178
43 210
64 125
66 218
85 110
86 281
180 281
163 182
111 259
98 276
123 260
124 142
255 259
125 233
127 197
54 175
109 111
41 170
39 142
205 226
133 272
62 142
109 145
74 181
224 266
23 289
44 106
101 151
46 55
194 196
93 104
172 198
119 130
268 287
13 220
240 281
203 239
226 241
140 289
197 272
47 199
143 229
91 220
18 75
170 197
99 140
84 175
11 249
174 226
126 251
147 265
81 125
135 141
176 279
108 287
165 288
112 239
222 275
259 295
22 257
159 168
145 188
147 231
22 79
81 287
46 65
257 289
94 120
78 139
101 234
156 158
176 191
175 217
89 280
198 202
142 274
93 288
216 288
197 258
113 232
187 219
26 154
207 217
62 163
0 294
81 272
99 186
17 115
255 295
81 222
100 155
83 197
249 250
142 277
35 166
208 231
108 269
50 223
74 284
56 202
241 242
167 206
123 242
132 246
136 262
137 152
84 196
101 109
65 273
111 196
27 278
122 152
177 275
92 170
2 149
21 98
121 155
249 283
69 91
75 179
168 292
5 9
175 244
208 213
134 237
29 260
32 40
163 248
290 295
29 74
49 193
177 276
50 209
94 197
5 225
62 295
29 251
130 200
77 132
132 228
154 265
100 176
154 194
182 284
43 141
29 285
236 268
19 283
93 181
59 269
148 267
212 296
129 162
94 204
96 187
98 147
151 159
7 65
83 112
50 270
213 279
106 268
257 262
96 298
154 272
154 205
66 123
29 278
26 249
11 42
49 243
213 218
146 280
1 112
152 196
104 146
70 273
53 199
57 252
242 256
136 290
161 251
144 290
93 278
60 65
138 157
34 273
143 172
40 45
24 220
156 297
84 257
193 238
34 128
72 83
35 274
146 275
57 148
95 131
6 218
192 279
196 295
19 80
132 209
83 239
19 193
186 281
65 131
103 289
91 236
113 191
80 123
10 257
212 242
7 172
172 237
252 264
12 136
31 124
179 210
15 141
204 250
66 266
140 159
183 198
80 114
279 292
32 186
50 236
70 235
1 91
274 283
25 282
103 113
13 190
31 212
16 179
127 288
64 250
218 258
113 216
186 254
169 273
88 159
69 264
143 187
30 267
70 226
148 165
77 201
47 123
12 47
127 297
202 240
79 193
66 86
18 213
127 190
165 258
111 143
1 139
62 154
229 293
122 282
216 230
14 89
180 276
71 88
113 162
59 295
98 259
171 187
67 295
288 290
71 233
2 93
166 263
9 53
100 242
173 228
177 225
13 176
200 275
1 275
36 172
201 235
197 292
112 196
67 210
32 80
1 61
131 260
125 126
53 188
75 227
12 221
124 231
41 160
2 269
22 200
89 106
144 198
141 214
184 274
97 250
192 210
56 151
59 162
191 267
252 299
19 122
222 232
60 131
46 271
140 299
13 51
76 259
20 219
22 195
229 235
87 157
2 183
224 267
23 239
32 296
50 139
160 258
52 219
181 270
101 231
105 252
4 290
25 104
78 297
12 162
18 57
42 179
23 119
27 269
49 280
92 199
76 137
205 288
230 296
123 277
224 241
206 257
244 252
80 219
245 293
105 229
42 43
114 252
4 99
27 258
231 233
25 147
129 253
172 181
84 183
179 294
89 164
203 291
130 148
61 193
65 211
161 189
222 283
23 133
44 193
45 152
52 257
152 226
249 264
17 114
22 54
10 83
85 296
14 236
19 150
113 224
79 289
120 174
48 187
223 289
81 264
70 298
126 130
78 154
282 298
33 299
160 232
161 222
41 142
38 88
22 230
42 151
188 218
14 17
70 146
83 101
46 91
37 97
77 138
206 285
7 276
156 228
157 274
31 146
89 191
125 158
3 62
14 105
110 157
23 144
9 148
28 93
32 152
14 24
96 165
99 285
119 198
249 291
50 276
75 171
60 221
132 229
135 295
186 208
44 278
180 291
15 217
273 285
22 240
48 160
47 295
55 295
58 121
45 269
201 220
121 277
240 299
66 235
164 249
74 123
39 81
22 139
42 128
97 202
177 261
36 51
76 218
20 258
171 291
7 185
191 251
104 147
50 262
33 137
164 258
83 233
43 250
133 207
63 247
28 59
67 240
86 225
93 134
226 297
118 182
99 118
56 238
95 130
171 239
16 70
59 248
9 105
135 274
144 282
71 298
108 158
91 126
20 50
42 227
49 147
158 192
116 157
156 289
11 91
67 134
122 196
214 235
141 265
166 275
41 58
101 208
46 126
17 65
54 206
38 148
64 228
246 299
137 274
86 128
165 287
185 254
23 92
280 294
134 193
135 205
140 152
79 272
156 175
232 264
196 278
33 156
52 104
15 100
36 191
133 169
193 281
107 258
239 257
204 293
134 184
90 140
94 257
5 165
99 109
84 287
177 289
69 152
30 264
1 83
94 144
177 239
103 105
58 151
77 89
80 136
136 138
64 242
30 81
72 295
182 203
112 206
42 220
23 82
175 279
51 166
33 76
72 225
91 271
91 242
169 215
194 249
50 293
20 103
227 240
10 29
181 212
18 205
20 214
180 284
91 260
98 283
117 237
209 260
34 188
95 239
8 276
210 285
11 212
222 230
65 246
85 251
97 136
97 249
118 236
193 219
28 156
141 294
57 270
81 240
101 253
157 172
163 208
26 143
45 172
49 169
142 228
73 291
57 89
148 203
2 180
44 100
181 269
53 141
242 246
97 99
61 93
6 168
60 292
174 217
68 292
175 213
235 285
38 162
208 244
61 206
207 292
10 54
51 277
31 65
162 272
109 247
112 234
243 282
138 281
140 178
234 238
166 209
151 274
9 199
160 282
53 150
3 267
64 213
65 217
83 166
180 190
163 222
4 108
133 256
134 150
1 24
76 129
27 178
67 267
17 120
57 212
149 241
7 247
179 297
14 234
199 218
40 182
41 131
24 69
132 145
25 121
65 210
137 298
250 267
39 183
187 221
48 133
87 171
96 145
296 297
166 195
99 188
101 128
249 271
33 235
53 152
128 156
55 132
58 213
185 206
25 66
228 289
102 112
139 198
189 202
28 72
49 213
32 139
117 211
119 243
30 143
117 265
180 228
0 93
225 291
62 192
0 204
24 269
4 89
9 146
183 287
134 266
249 281
12 24
127 280
104 206
134 227
49 118
250 292
15 211
20 142
114 225
187 224
27 225
74 268
152 248
16 82
151 241
174 263
40 146
78 276
79 142
23 59
68 157
13 65
158 236
87 222
32 33
72 216
164 243
2 242
111 212
113 138
26 252
63 81
143 201
53 75
36 53
260 299
81 175
44 53
192 283
28 196
177 201
55 232
84 211
12 157
16 275
108 169
59 90
205 215
43 132
207 279
14 120
111 221
5 283
116 136
11 44
0 283
237 290
81 160
6 298
171 290
33 136
156 242
86 119
35 77
39 263
44 261
32 63
14 67
122 186
49 234
32 174
51 250
215 221
72 85
56 292
166 281
199 276
201 205
34 96
17 216
92 97
186 295
207 229
