nnodes nedges type
300 2000 graph
nodename posx posy weight
0 -7.854626362318962 2.477707551900055 3713
1 -6.644580252214578 0.684444601361871 3383
2 -8.587672782528463 -0.7375854475075666 2097
3 -5.848048371039976 2.111497628444958 4075
4 -7.623202148528403 1.3920445756454198 2831
5 -8.740849728125923 2.574769882810557 3940
6 -8.029579392938041 -0.502618526802264 1732
7 -6.487295151358153 2.4109829032015733 3790
8 -9.115674283799692 0.9190866548023933 2297
9 -6.900735998322613 -0.16023587994831962 4494
10 -8.5304919761934 -1.1292977154022015 1846
11 -6.772402691321659 2.024841470323575 3683
12 -6.1049766523750435 1.627151290618036 3964
13 -5.644921637964009 0.9042963332866261 1191
14 -7.195241916965192 1.1546641587427262 4176
15 -7.387064661183344 2.5776221940786592 3136
16 -8.36936996032803 0.7924207020948608 2881
17 -7.749495538043828 1.4134695229562357 1077
18 -7.556007140043721 1.9568367973713487 2982
19 -9.178255970198038 1.5585532947783476 3107
20 -7.900072459109242 1.2011365894761836 3133
21 -6.856369570585338 0.9894629677515142 3430
22 -5.803092782227136 0.8279180294359878 3064
23 -7.25928610483117 2.870020883719599 2494
24 -7.16527487617414 1.4493761442224666 2466
25 -6.776825789228095 1.2299547946460998 2498
26 -7.961594379387425 0.15495504291749818 3234
27 -9.624986336172617 -0.4537516798285338 2465
28 -9.544628435877732 0.26951005521100024 3850
29 -6.547855802570299 2.2475938599806096 1851
30 -9.041526167746719 2.075383268208595 2002
31 -8.844284011692187 0.9958490227244904 3793
32 -7.14202614262899 -1.0144074079760397 1044
33 -8.353817123351776 2.512599422842959 1152
34 -7.748727494010053 -1.067099426090493 1207
35 -6.807274321619664 -0.2664069651177087 4950
36 -7.434684416732484 2.725231745971069 4845
37 -6.983736855063815 2.3146052117937583 1332
38 -9.010424490592692 1.8385093536077661 2628
39 -5.80611303155101 1.1631161147794888 2041
40 -9.319054027328162 1.2029304369538525 2064
41 -7.881845968851177 -0.8429779583647725 4914
42 -8.080376427141566 -0.30802191020301495 2171
43 -7.349226387828102 2.2987326731883315 4891
44 -8.30712778170747 0.13515267126119754 2526
45 -7.071097715456803 -0.09098472540119631 4405
46 -7.880027856770311 3.0362332958309146 3728
47 -9.14984052951709 0.6724104608190501 4313
48 -8.322742617981563 -0.502690892024671 2107
49 -7.175102875714987 -0.2998036053403757 1106
50 -8.254076735125775 1.5456000509929666 2043
51 -7.528379399382013 2.9259880806515657 4512
52 -7.460310833736756 2.5003272226138353 4282
53 -7.699579208428416 1.6900061152190524 3782
54 -8.144386034893294 0.7319564341303073 2911
55 -6.7158771814800975 2.659192350669632 1222
56 -7.598814571455116 -1.1855000650637075 3119
57 -8.075806121494429 2.297317287814101 3652
58 -6.080760034974331 1.3931339339343105 3891
59 -7.431661748326821 0.683042161297124 3321
60 -6.9513143607856875 0.5559766551405445 2547
61 -7.107788635281451 2.1265630134173716 2630
62 -8.393517091058062 1.651656045883693 4356
63 -7.962258013460936 -0.971582961798884 4315
64 -7.085696529819593 1.8276995222828167 4072
65 -8.562933254270263 2.5936451258320568 3919
66 -8.868176013965467 0.013978432501867725 1955
67 -9.42659265463029 1.5018703508793991 4280
68 -8.771350208934656 0.507718660703516 4789
69 -8.80332416750159 1.5162334993693394 3225
70 -8.860574120094796 0.5279669063964805 1967
71 -7.703242510445005 2.2157913007544328 2581
72 -8.696289111212785 1.211258832772832 2249
73 -8.950115270317736 0.19306984412718717 3240
74 -7.630287507391045 0.10331797725690205 1860
75 -8.41145616515869 -0.6259387783054354 1762
76 -7.347618195139604 1.7219111713728903 3861
77 -6.679334842169552 0.06038509386033036 3593
78 -6.667134205355219 2.296983348004984 4777
79 -7.825923505099195 -0.03766240683936377 1326
80 -7.682065071011603 0.01318203374075983 1689
81 -6.2511038315452065 1.3627081660686755 3391
82 -6.820128129579588 2.5813428476448625 4572
83 -6.8450030822906225 1.8758567671807147 3197
84 -6.256134538705302 0.9389649886652427 1400
85 -5.976366217443423 1.2002237375477587 1607
86 -6.631267573611235 0.2672038915294769 4320
87 -9.145751850800975 -0.1298221646158794 1387
88 -6.372793628090191 -0.024065787602931883 1748
89 -7.631120610900657 0.5473027095901546 3418
90 -6.039407283908944 0.1936661222974709 1500
91 -8.695732853264264 2.068512182281244 3424
92 -7.841495138414584 2.550719714894322 4366
93 -9.447274926624008 1.2513197053347838 1347
94 -6.104114345634637 1.250241607833611 3628
95 -7.394906172814685 0.4931164264958172 2584
96 -7.5435124535144835 2.0311543548193773 1004
97 -7.277404070378034 -0.23213247276587243 1354
98 -5.935851828512801 1.285170356766981 1618
99 -5.693422568822697 0.7295780700458103 1938
100 -7.882139180742708 -0.4052506763140612 1411
101 -6.687922850061968 -1.1537862721593044 3241
102 -7.776647603557323 -0.7129384776682538 3504
103 -7.73272193738994 0.8113791913215945 2182
104 -8.534893277483008 2.159062085662985 1147
105 -6.71782796842476 -0.4798875810124753 1533
106 -7.7010235028860095 2.418888168907824 4022
107 -7.4549464661248885 0.9984644157258413 3880
108 -8.058045632878887 2.831754725122489 4903
109 -9.264485504597397 1.3553700495208396 4430
110 -8.400732057614091 0.5814494524060169 3002
111 -7.328058306551387 1.025914932609118 3491
112 -6.991119141971667 1.0429699739862426 4899
113 -5.632041396811355 0.33885559916786745 2414
114 -8.195549179496753 0.5783511027666655 4883
115 -8.797054692071246 2.235320736852379 2178
116 -9.032012766080916 0.35720592859499967 3790
117 -6.270597223212278 1.5301698289001264 4302
118 -9.237641513932044 1.7655673781825565 4075
119 -8.995257842254679 1.1826711451532872 3578
120 -6.529545978976763 0.554178426405552 2836
121 -8.726063311915084 -0.5099270970277493 2048
122 -8.634059507011282 -0.23555475243705146 3432
123 -8.693832164533262 0.007940687476875439 2739
124 -8.112143619257038 1.696142717283303 3295
125 -6.901678961552661 2.36331241493933 2930
126 -9.173087586315384 2.00115193002948 1670
127 -7.307243907083593 0.30430057537147226 1621
128 -6.338523552954456 0.3292907017436608 1675
129 -6.272401303395687 2.227084228422252 4236
130 -6.721101344087628 1.5026253578138584 2361
131 -8.480171480825348 -0.16331801994915618 2340
132 -8.327521440923153 -0.6812625459599588 1748
133 -8.94036410512179 1.3412129792896492 4812
134 -6.087661179995904 0.6269726093614703 3699
135 -8.375991658827393 1.2218413931605026 3337
136 -7.5217248688168645 -0.10300171865330597 3491
137 -8.850284022215385 1.9458863551015881 3103
138 -6.980511726782209 -0.48611721255827456 4212
139 -6.806166835863562 -0.4438458954924142 2838
140 -7.426753188832928 1.9435957308706435 2030
141 -8.422964344808477 2.7739313546369573 2584
142 -6.5139615383042715 1.1687080503225569 2389
143 -6.537453930718522 -0.06380024316396346 4522
144 -7.032515176232233 -0.8103714813669085 3177
145 -7.95207039541686 0.6912042224793149 3207
146 -7.510256828308215 -0.2695517125419009 2744
147 -9.093744964812858 -0.3534667480242403 3142
148 -8.687064413260638 2.743836910526794 3251
149 -8.624179935181605 1.5829450615883751 4179
150 -5.950858515921358 0.9942593572912365 4447
151 -6.601703973860939 1.352186837033066 2109
152 -9.224743563199768 0.009530543506020922 4027
153 -9.07123207640303 2.223901188133943 4654
154 -6.203299026681943 0.7732249317284956 2127
155 -6.629168496784191 1.605218490632178 1358
156 -6.306702329077135 -0.44575636711359967 2144
157 -8.08770401611452 2.589517879607765 4015
158 -8.763566732586314 -0.23994141093176163 2003
159 -6.211450957882313 1.9083394591056486 2109
160 -6.527298901220415 1.9855454040240996 1860
161 -6.907751209942639 -0.6159615705380043 2062
162 -6.4812119998662885 1.95683501455373 3296
163 -8.969351689011827 0.8604445253978739 1068
164 -8.167398123954465 1.2612284327491332 3883
165 -7.049040365777639 1.3604221339995102 1990
166 -9.412783888261213 1.6494586756265797 1781
167 -7.224349790290173 0.18352533437644006 1125
168 -8.867240633732203 -0.2026347108726176 1450
169 -8.519358151665623 1.2596053815699046 3356
170 -8.570769628056793 1.0737954805967806 3538
171 -6.772224925202199 0.341862872047125 1126
172 -5.7647344068969915 1.8493088714904866 1350
173 -7.631459842813127 -0.8768569748633814 2497
174 -6.457426199068265 1.4507277193846584 4587
175 -7.261762234576996 0.6789548502752049 2238
176 -7.123142025944166 0.697199259432593 1551
177 -8.585147192286616 0.14758426378270517 3647
178 -7.815380604423897 2.72665808365388 1141
179 -9.639901639092818 0.43666701792973867 2947
180 -8.80893830820698 0.8021012168310759 2568
181 -6.575258690702677 -1.013669510968811 2036
182 -7.007176061558908 0.21743068569175159 3858
183 -8.367317863350305 1.9757919568728317 4614
184 -6.355345818655003 2.3276061336877643 1442
185 -6.350002997059793 0.47644639762788465 3248
186 -7.367590749720298 1.5239742443647164 4129
187 -5.669852241711689 1.2583912439179343 1929
188 -9.631324339772092 0.7091247805615848 1370
189 -6.34768683737395 -0.5164340425643256 3361
190 -6.385038027930781 0.7752119675241386 2162
191 -7.930368960457339 2.1631423239095655 2723
192 -7.440728201593379 0.15640611528124926 1093
193 -9.03723098583622 -0.7691730427595409 3452
194 -8.280242348591244 -0.2804515198770586 1057
195 -7.905415967968828 1.105909777704208 2319
196 -9.139241615404156 0.5539520581316778 2868
197 -9.400885127668307 0.7309763998472977 3925
198 -8.113194223996715 2.3885153145086906 3414
199 -7.491004762575596 -0.5225338232832755 2980
200 -5.620447397023968 0.550424898200856 4468
201 -6.304360965129621 0.11144474099469565 3418
202 -6.909552604142623 2.675980486338527 1848
203 -8.158183747569572 0.12938584605453368 1861
204 -7.719370639025058 1.8150521318056312 4455
205 -8.371310153278127 2.407804523755109 2711
206 -8.55475781364699 -0.516540112828004 2882
207 -8.798780379353829 2.3705959296770436 1941
208 -8.198374734192635 1.885397442946328 1233
209 -8.722645278093704 0.3740364682546096 4863
210 -7.876677008658863 1.8171321629627009 2487
211 -7.860306358189778 1.5778797717407187 3318
212 -7.787201102011236 0.5342784412563256 1761
213 -7.949319092650411 0.5188645161039814 1332
214 -5.980735639978448 1.725752308445763 4130
215 -6.697872458228679 1.9680166723569874 1971
216 -8.418338937973045 0.9725785709498295 2680
217 -7.90301530533444 0.2566005890177996 4368
218 -6.5220205243043265 -0.421675080327935 2972
219 -8.110094476095618 -0.8292540075329407 3810
220 -5.410276485404709 1.4549481933010988 2798
221 -6.502680933385186 1.7855974792770024 1212
222 -9.038286106532887 1.6841146951279569 2481
223 -6.8776861395883735 0.6769994231607808 4547
224 -7.040153319592348 1.607106596536628 2030
225 -8.169353322601626 -0.5167086146391144 3626
226 -8.163537864564733 0.35952588617220055 1084
227 -6.731132688055603 1.7519130440181523 3979
228 -9.086856156964561 0.1937887562536368 3645
229 -6.623377862945626 -0.6816677830031913 1276
230 -9.161471627627417 0.2868081995987299 2975
231 -7.219952016101773 2.6351787997228415 1463
232 -8.589529444521096 1.9846231793026057 4083
233 -6.511732528265833 0.9442767399003434 1173
234 -8.79046238972773 -0.6208895741093355 1761
235 -8.684861294628215 0.2293091208084171 1482
236 -7.329653394941915 -0.7280130935371738 2049
237 -8.588993883145381 0.7406318060497084 3227
238 -6.2763386349984085 2.052769531547029 3623
239 -6.365225974105034 1.0979994552680359 2802
240 -6.931407474038585 -0.9816578232353732 3089
241 -6.126371424276888 0.13946261135062282 2785
242 -8.164011408258688 2.53838220852774 4350
243 -5.811791397466704 0.07879274292080579 3049
244 -9.292788021065759 1.9118965356532909 2629
245 -7.9635390953007 0.8919132476303431 4764
246 -8.29990415310253 1.1048908853016275 2050
247 -6.092198021063089 0.7528903267059094 1774
248 -7.5801766365243894 2.3335052142724795 1518
249 -9.277329595155967 0.532942123014018 4644
250 -7.324989267402177 -0.8729241976566029 1155
251 -5.803319373989832 0.16806725699966346 2049
252 -8.238880465098818 -0.7675426384052829 3142
253 -5.870237113353813 -0.0918878599412691 3653
254 -6.1832590148863975 0.5427225552473148 4725
255 -6.774106673592377 0.8976857812861968 4803
256 -5.867278890271216 0.49376803493715954 2410
257 -7.193883633632857 2.2744542128682217 4886
258 -7.041984396533563 2.644787114339306 2433
259 -9.010276748787682 -0.5173299628479118 1205
260 -8.832176845101309 1.6982272487928394 1226
261 -8.42644273769927 1.4374639665445523 4358
262 -6.105468985553094 -0.4960923721197357 1046
263 -6.553276776324357 0.2520677280972809 3671
264 -8.040412106895086 2.02340125744589 2204
265 -7.414752122866653 -0.9597323954660911 3145
266 -7.260785058310564 1.8787342599901768 1472
267 -9.432869289336846 0.9285651039803133 3035
268 -6.920235908218331 0.2970754871042406 4920
269 -8.342015240171735 0.3804350140027096 1820
270 -7.719107844172479 -0.574549623316952 3040
271 -9.12525186533026 1.0868079730109783 4653
272 -7.253390831519189 -0.5422913384805187 2562
273 -6.106184324845766 2.093535010037274 1927
274 -6.678078634503109 2.4932683822232558 4524
275 -9.318595779682358 0.4037897425225759 2932
276 -7.60929021908625 2.7927512485200174 3080
277 -6.39707412681277 -0.18847511286971513 3982
278 -8.386423477364156 2.2497563675227945 3712
279 -7.085420817440199 0.8961988489555567 3387
280 -6.292953356634095 1.7876419583869383 4388
281 -8.075959894819082 1.8269987290260097 2054
282 -7.6158696371092125 0.736330646378297 1658
283 -6.176820455700446 0.35847824132183576 4121
284 -8.451110079749467 1.7812302271053122 4911
285 -7.275835705100619 0.05183952163735847 4510
286 -9.210841873658643 0.8413565068429203 4519
287 -7.621591824989547 1.0261623114764165 4068
288 -7.710843377488837 -0.2979163652913237 3670
289 -7.191795990579563 2.17500391281013 2113
290 -6.167859096799829 -0.16567441371308714 1542
291 -8.08596696060531 -1.0798202146735356 1808
292 -6.495999088585949 -0.3570730365442611 4854
293 -8.03792566056788 1.3565662793277424 3815
294 -7.314498045536835 1.3395825079589063 4044
295 -9.557386648716644 1.0651867200659468 3764
296 -8.098134394741734 -0.07054111241344124 2401
297 -7.089811584331035 -0.4234021942210958 2767
298 -8.979095754862962 1.429660807816489 3013
299 -8.109323722574311 1.0208610399270475 4070
endpoint1 endpoint2
103 291
158 193
72 205
254 256
18 121
147 176
96 211
205 271
8 63
74 253
146 213
113 270
223 266
152 212
232 258
30 213
177 252
89 293
95 283
189 279
133 175
157 206
0 55
21 180
61 264
211 231
88 154
94 287
131 275
80 116
25 162
279 294
45 223
194 228
53 175
146 259
2 73
264 287
84 128
47 124
132 193
95 256
242 299
286 288
144 265
76 281
41 265
64 107
62 145
67 230
71 93
111 241
96 225
80 107
12 90
195 247
74 239
92 149
76 255
59 145
206 288
5 53
27 72
196 286
178 257
31 298
108 117
202 254
136 139
12 184
48 236
105 288
109 163
74 135
294 298
169 214
9 170
63 123
123 196
88 279
288 292
128 163
41 44
5 62
26 85
109 122
58 159
24 99
189 290
10 26
85 241
139 175
14 183
89 246
35 110
20 215
42 196
23 106
248 262
48 296
66 222
87 137
17 258
98 280
7 125
215 254
78 178
153 166
8 170
117 157
156 181
175 198
125 237
17 44
42 60
137 269
246 249
114 209
8 115
91 195
184 276
58 79
131 271
44 110
192 212
47 163
195 234
69 114
215 247
255 268
94 138
8 284
136 209
106 137
124 248
261 268
63 176
88 206
72 136
15 232
80 269
50 54
219 271
97 241
169 201
170 274
194 195
128 136
19 20
131 133
136 216
68 293
54 165
76 114
41 144
208 245
43 180
250 262
91 160
36 298
109 246
187 283
46 210
85 125
32 103
159 172
76 139
224 260
43 82
18 268
36 115
2 63
38 284
224 243
131 138
5 18
85 292
235 277
81 114
61 198
90 192
109 239
110 135
21 227
187 199
134 151
53 109
219 285
167 213
170 203
120 273
102 284
130 227
59 203
6 155
34 48
134 255
89 219
74 90
24 256
47 269
69 197
53 118
92 215
94 215
23 244
117 201
30 133
15 46
7 239
179 228
126 232
60 161
139 249
68 161
106 124
197 264
72 164
90 210
163 207
201 256
4 83
46 231
241 247
183 257
44 73
30 140
292 293
242 283
282 296
157 279
30 31
17 250
200 294
41 140
60 184
208 209
50 66
109 218
24 195
189 194
277 282
78 112
81 263
177 222
82 286
105 199
103 169
178 183
180 236
53 282
21 150
6 31
9 265
63 218
87 192
273 282
42 156
45 129
21 104
98 151
54 224
96 278
136 226
156 253
34 84
127 145
19 175
21 159
39 272
186 267
283 297
32 34
31 42
39 90
67 149
251 263
143 200
74 193
149 172
13 151
217 260
127 265
202 208
59 236
62 107
245 265
154 200
268 299
160 255
108 170
110 194
184 245
37 226
44 271
118 258
163 235
4 55
188 225
120 204
52 238
70 133
0 284
1 117
237 289
22 120
6 230
100 210
7 187
121 179
58 241
110 197
118 261
135 217
122 261
69 282
14 64
113 187
118 180
48 80
49 233
0 275
4 205
6 217
171 282
13 137
164 267
131 194
64 239
157 244
31 112
16 258
161 292
38 226
44 253
280 289
211 276
94 277
26 214
104 116
41 56
25 278
100 192
29 220
178 268
200 225
42 89
150 174
66 67
17 208
20 59
24 190
62 239
135 207
66 265
71 103
38 116
23 256
32 189
56 254
128 214
57 171
92 159
232 266
12 51
103 114
196 272
31 209
37 53
82 171
76 282
96 115
43 227
135 196
67 233
49 131
14 85
87 250
109 169
37 279
20 177
96 226
94 263
122 212
177 295
72 75
60 258
210 297
71 130
155 175
66 85
85 247
164 183
112 192
55 117
23 108
44 234
91 257
2 169
294 299
116 244
12 82
16 21
70 216
128 164
171 262
101 201
53 289
54 209
203 259
77 80
42 50
208 257
138 212
67 70
12 176
262 296
120 135
121 127
180 286
58 69
4 25
22 167
68 126
128 187
219 250
80 233
151 203
88 89
16 155
127 216
79 208
226 251
86 162
107 164
229 239
97 255
43 103
156 286
142 146
71 216
129 239
2 42
95 214
33 267
76 116
21 282
132 166
30 72
14 134
116 193
122 232
12 127
195 210
16 122
130 238
210 269
105 225
33 183
16 137
235 287
272 291
135 144
89 200
15 261
17 174
182 213
19 245
206 223
44 206
219 263
57 96
167 223
116 275
98 290
244 261
32 215
92 260
98 104
136 277
28 259
102 245
34 54
19 141
40 177
58 176
66 176
161 185
276 289
39 184
64 70
51 141
90 112
62 271
120 274
195 279
69 108
137 146
191 291
105 211
133 230
228 292
35 50
74 91
2 236
226 270
64 93
210 212
138 265
69 196
163 259
183 267
277 279
118 206
29 236
195 201
124 174
41 121
245 249
89 178
78 257
15 207
165 222
187 289
22 279
5 293
79 290
116 182
24 253
28 74
47 222
147 249
115 118
192 264
30 141
50 170
106 287
55 159
130 242
77 142
6 138
136 266
63 282
16 245
40 166
59 73
10 40
50 67
34 265
47 274
14 20
1 97
92 166
95 171
78 113
117 218
8 237
168 296
100 181
135 299
186 212
4 264
167 289
24 92
290 291
247 281
198 264
54 118
57 133
171 253
118 211
191 246
11 129
123 132
12 17
96 279
139 158
106 199
36 238
204 261
23 53
159 224
108 195
110 171
165 201
94 289
209 298
67 148
166 237
33 245
54 248
59 239
242 261
12 159
16 277
179 195
93 281
21 167
205 213
85 186
17 298
2 203
93 138
4 48
22 142
23 163
67 157
47 297
143 208
260 284
101 171
78 245
174 279
86 117
72 270
24 177
97 282
66 225
68 141
159 214
99 123
192 252
171 285
6 291
201 243
55 248
130 209
77 171
179 209
186 293
65 135
135 209
175 261
72 207
143 177
73 282
111 237
38 114
29 42
214 238
69 147
77 211
121 188
13 129
127 180
182 252
204 246
60 83
46 170
84 89
140 155
143 190
74 147
112 290
44 132
100 121
189 247
215 237
200 233
41 177
261 278
26 263
135 182
174 296
18 214
127 189
90 139
37 278
189 240
92 151
104 242
124 288
24 30
226 230
64 245
83 134
12 186
72 298
218 265
20 202
65 106
84 111
138 189
74 133
146 173
20 185
39 111
294 296
123 269
214 243
37 85
148 168
8 272
153 163
7 151
102 206
124 228
0 111
162 207
48 298
158 291
51 176
74 140
94 246
119 282
53 184
4 169
43 299
151 202
263 294
52 64
252 296
21 272
61 185
66 164
11 294
33 83
73 228
76 151
3 241
98 273
33 204
70 203
255 270
57 275
167 185
5 46
126 242
182 288
228 264
3 105
210 232
11 25
49 283
50 52
73 288
92 196
16 123
72 104
2 34
4 159
31 264
142 261
127 201
199 225
112 158
161 167
109 244
20 238
209 211
173 290
51 135
1 4
168 190
95 182
129 248
30 40
142 268
58 260
176 268
197 260
152 293
173 283
140 164
87 175
74 279
21 82
116 208
244 269
134 292
191 221
249 267
36 100
58 201
61 108
198 207
53 269
103 269
165 212
111 189
266 284
143 246
145 168
148 227
166 198
45 293
176 220
55 129
78 151
64 183
155 224
179 230
235 261
127 228
54 140
53 278
81 98
82 112
61 214
103 266
158 254
65 89
47 217
83 96
10 247
213 263
50 286
106 284
34 209
131 227
98 114
117 278
64 142
82 293
106 210
18 134
44 284
65 276
83 190
31 38
14 106
72 173
17 137
109 216
15 215
38 92
183 235
56 267
2 110
62 289
11 139
50 162
117 287
135 298
11 280
125 154
184 233
133 208
49 107
17 130
93 183
190 217
126 289
70 137
54 119
6 234
117 162
9 233
62 296
171 252
171 297
31 246
13 156
78 232
117 280
154 274
61 112
161 279
16 228
127 147
19 177
21 157
258 289
229 282
159 227
112 263
223 280
6 237
172 253
177 206
31 255
19 73
257 281
189 265
102 128
139 150
106 207
14 204
14 257
107 282
181 234
41 229
25 35
135 226
74 103
59 281
32 170
56 288
88 113
52 159
59 231
96 294
133 186
100 278
61 130
84 229
104 294
51 289
16 210
34 100
113 185
95 121
25 213
98 190
27 102
264 276
123 170
124 276
213 292
238 276
174 287
34 127
107 264
127 142
20 62
68 245
158 196
71 104
97 216
279 298
95 247
1 259
5 81
150 172
282 284
71 287
182 253
144 223
145 231
22 144
80 119
25 167
170 249
217 245
128 285
57 169
79 86
153 208
7 160
28 299
285 286
178 261
114 285
242 294
65 298
125 261
16 199
39 224
68 251
269 294
93 237
59 293
97 234
84 283
105 122
52 204
234 286
238 243
148 162
59 146
126 222
200 273
222 248
3 117
101 277
12 266
80 101
72 116
76 241
77 253
60 283
119 141
30 205
16 166
19 115
221 264
233 285
51 258
97 139
8 79
211 255
91 207
37 263
147 209
22 165
98 279
71 221
103 155
252 297
18 177
0 103
43 187
176 280
103 232
18 192
37 191
39 143
4 115
158 299
87 131
14 44
220 253
224 248
154 290
13 221
52 72
197 219
203 236
40 282
82 141
38 62
65 124
138 282
51 129
141 202
87 152
111 278
8 204
134 299
160 263
142 155
270 283
94 112
167 177
43 280
150 235
84 174
223 238
6 63
91 165
38 49
4 97
53 97
143 227
148 222
23 227
10 219
194 217
51 55
57 215
61 82
172 187
119 145
176 190
35 190
0 76
134 251
176 269
250 268
15 251
37 170
133 268
140 165
145 182
22 65
152 224
99 187
10 194
45 299
130 254
29 130
161 266
185 201
164 219
111 188
23 128
79 295
65 71
50 222
69 194
33 126
143 241
256 283
191 197
35 223
98 120
81 208
154 243
249 252
102 229
105 218
106 232
186 192
4 260
85 164
108 208
17 151
19 266
8 25
226 263
52 277
87 188
143 254
94 221
111 298
149 158
39 57
249 276
104 188
127 287
6 136
151 255
184 227
59 75
43 149
23 33
72 174
4 69
24 198
226 286
6 240
120 297
70 294
58 227
242 273
61 118
9 112
102 151
123 126
9 270
66 146
111 203
226 281
26 241
167 250
223 274
62 297
119 221
101 167
46 103
285 288
56 77
57 244
133 183
175 251
107 292
91 110
39 269
60 73
44 275
49 99
50 115
88 130
75 121
111 208
0 280
55 290
4 218
88 107
70 272
19 72
75 272
242 259
26 289
100 165
140 281
105 182
86 112
42 250
50 106
69 286
70 105
91 148
164 230
1 217
96 217
95 115
169 245
34 131
109 264
113 272
154 175
83 127
47 109
124 203
35 224
126 163
131 222
88 225
107 207
180 196
134 200
99 125
79 265
45 233
11 89
237 279
151 171
123 173
126 170
225 235
154 217
86 130
16 261
42 236
84 92
145 237
181 290
25 283
99 243
8 178
264 284
173 243
31 213
52 110
53 211
54 195
79 249
30 104
107 256
43 239
165 235
169 232
116 225
119 265
29 33
251 292
53 171
153 266
124 299
198 252
36 164
37 50
226 237
26 261
35 100
108 137
92 115
239 268
116 121
26 180
180 267
71 89
146 176
193 203
219 225
255 285
75 235
60 140
132 180
261 285
223 245
218 279
37 140
46 186
194 268
144 206
146 171
48 127
3 274
12 220
105 243
55 222
24 103
227 247
155 185
1 134
183 186
64 125
134 175
248 266
254 288
27 173
119 276
220 231
99 239
64 283
7 142
221 256
40 223
226 246
261 271
61 183
157 174
197 279
162 283
1 159
76 258
230 234
215 258
126 278
147 217
76 145
23 289
80 84
151 283
281 296
123 285
160 257
55 191
61 95
7 135
198 216
13 45
20 225
97 132
43 192
209 216
230 237
70 177
73 147
142 233
2 177
30 148
71 210
149 234
181 185
21 288
246 282
232 255
143 296
54 296
19 246
43 57
262 272
27 259
287 296
116 203
68 86
167 169
191 295
231 257
106 231
250 269
1 226
2 272
22 280
43 62
28 119
77 264
170 183
152 225
194 209
123 288
33 213
73 110
61 106
107 244
199 209
184 214
132 158
208 231
106 113
158 245
22 238
4 80
121 146
176 222
195 257
53 227
81 215
87 89
9 259
45 122
135 248
49 127
20 133
241 282
122 152
216 221
53 123
74 263
183 285
134 276
124 160
35 199
1 299
41 103
59 221
68 261
107 297
60 180
25 78
14 104
141 149
241 275
4 70
190 212
57 129
101 189
50 279
70 295
201 212
24 48
78 231
6 128
136 255
121 269
179 246
180 232
3 36
59 269
116 135
171 254
281 287
11 130
13 293
124 182
54 228
19 66
26 295
182 279
186 218
41 226
59 88
211 261
176 289
158 209
165 246
39 86
279 281
29 92
188 296
171 247
227 274
192 272
28 193
176 250
51 96
75 275
24 62
6 114
205 210
61 248
79 146
211 215
211 266
70 110
0 214
164 231
20 153
111 216
205 280
148 281
84 257
11 35
95 131
192 279
45 256
28 216
196 295
17 73
40 246
77 175
100 173
86 136
87 122
14 270
161 252
140 224
144 227
143 181
95 123
30 281
213 236
142 168
54 94
75 199
2 112
77 215
149 186
95 136
178 273
199 275
149 299
95 281
65 235
137 166
45 63
127 136
130 274
114 175
62 232
175 262
74 151
115 180
5 264
190 251
194 230
35 256
41 60
152 217
117 132
8 179
84 134
11 174
1 257
54 192
41 77
45 56
96 112
186 299
204 292
25 52
42 212
87 249
144 209
72 249
241 297
152 177
25 165
2 66
100 203
28 293
103 110
17 60
142 293
130 190
83 130
144 185
165 258
76 278
120 125
68 229
86 268
87 246
142 189
71 233
202 293
77 194
149 213
79 89
6 267
36 172
60 141
67 69
59 114
134 181
156 260
68 115
55 279
95 236
78 172
150 196
103 156
160 190
15 112
167 277
51 260
2 269
40 104
150 294
210 245
68 235
175 282
71 78
184 274
72 125
53 133
80 237
172 200
135 158
120 146
138 170
14 50
142 231
163 190
115 153
44 107
32 296
160 258
75 145
112 154
43 178
155 182
157 166
175 187
197 287
108 238
271 281
165 294
20 226
138 280
163 167
3 264
136 221
52 81
221 273
38 164
203 298
21 229
97 156
46 215
11 19
49 164
105 263
14 60
110 112
21 86
95 179
170 205
44 89
9 201
33 211
129 266
257 288
14 229
89 287
127 243
86 203
18 43
236 297
195 196
12 105
33 212
53 153
98 127
62 73
62 216
134 240
49 69
1 250
212 284
237 244
118 194
120 285
12 96
15 53
78 154
110 299
44 288
83 186
107 125
111 199
8 27
29 112
142 202
54 120
152 240
188 284
244 286
7 82
134 277
177 216
159 279
132 254
78 157
242 276
136 249
83 210
11 228
107 296
0 83
185 217
44 287
81 88
45 114
139 245
18 20
75 77
115 210
122 160
14 24
166 247
28 204
191 245
177 209
176 205
54 226
149 278
174 262
42 246
25 86
0 217
110 164
96 205
152 260
188 232
212 230
128 200
4 221
99 258
8 152
9 238
45 269
47 89
127 271
36 155
202 210
168 275
6 120
30 114
114 131
63 206
176 290
216 260
70 116
254 273
91 145
91 298
145 248
169 242
7 40
48 167
79 127
28 194
29 204
47 102
31 248
16 79
203 217
20 68
44 260
82 83
26 193
7 33
121 197
32 173
143 220
163 296
94 191
81 154
7 182
227 282
177 196
51 104
56 93
155 198
125 162
14 271
37 150
79 154
45 86
88 146
141 184
34 297
116 288
99 127
9 176
146 212
166 275
137 274
91 119
1 184
80 297
144 219
93 152
111 233
96 233
42 288
22 156
20 168
2 217
63 74
237 270
149 194
151 162
26 66
13 189
196 278
77 160
102 168
181 194
216 224
183 222
189 243
47 149
219 234
92 148
20 294
149 203
206 291
79 83
172 220
173 234
130 191
221 254
208 264
150 186
78 210
104 286
233 272
31 109
14 175
15 295
20 207
40 123
59 124
26 178
229 292
68 230
25 173
8 211
84 294
48 122
128 162
57 183
131 175
29 169
197 237
15 106
202 248
24 98
80 143
167 287
172 285
223 247
15 155
113 201
66 193
33 69
91 260
18 92
71 80
43 108
218 250
36 69
95 239
102 194
106 129
124 224
52 69
20 110
114 266
169 267
243 268
64 127
90 153
57 80
151 284
281 293
194 203
33 207
154 294
191 266
17 38
58 160
225 270
135 153
230 232
166 222
47 169
16 120
255 266
59 186
244 246
175 213
13 218
160 205
127 204
24 119
246 257
49 81
180 183
163 217
1 150
111 162
248 282
29 107
145 185
74 186
165 182
11 106
57 211
263 272
68 291
15 78
0 72
37 221
93 293
76 104
130 154
40 207
172 257
246 280
10 49
38 52
47 206
231 232
89 124
53 110
18 64
94 239
22 77
30 157
53 159
295 299
154 236
103 131
37 198
203 290
10 56
101 121
162 290
91 191
164 223
40 69
116 173
266 273
145 171
167 211
170 270
44 81
34 219
35 219
75 135
185 272
84 191
11 233
35 168
58 267
59 62
9 280
72 163
162 230
164 198
32 139
146 255
132 240
150 243
61 97
42 114
9 75
160 233
159 240
90 265
67 164
183 287
223 297
102 256
16 91
11 231
12 239
16 234
17 252
18 130
81 95
83 271
140 254
90 167
183 231
48 170
122 161
76 165
117 165
285 292
30 249
87 295
126 141
129 216
135 294
174 263
179 261
161 239
72 286
39 202
273 284
1 204
113 138
22 241
25 198
212 298
213 223
56 225
146 287
188 275
16 73
77 187
9 126
154 203
66 121
14 201
20 45
212 238
70 132
129 185
5 209
100 209
104 148
177 194
199 287
38 155
60 236
150 159
64 151
245 275
174 273
89 145
34 105
15 185
86 230
145 240
73 216
73 275
3 165
97 194
26 206
212 245
163 299
73 169
76 210
149 191
47 110
31 224
88 117
193 270
67 107
156 201
36 281
61 271
