nnodes nedges type
200 600 graph
nodename posx posy weight
0 -2.264134524770169 -1.3297195108394013 44
1 -1.604096697548958 -1.9324153152968107 89
2 -2.120598740312309 0.570235823449217 18
3 -1.4830664455901985 -1.661068579528787 89
4 -3.165143739045454 0.7918834659864687 6
5 -3.7058817205924304 0.7341340286786074 11
6 -2.002858453908734 1.1054635951615992 33
7 -3.6534394144211233 1.8885385905508216 54
8 -2.133715264123023 -0.7121431863885328 72
9 -3.65623978159273 2.672469765487503 82
10 -5.0226022315771095 0.5930523979310693 43
11 -3.9298544906848183 -1.614383810535705 78
12 -0.7009902730607366 1.1660500897879236 70
13 -2.9868452865964104 -1.5396750227632299 13
14 -2.546981696354588 0.14698030947698273 29
15 -2.5722448326884466 -0.9276572024112961 89
16 -1.9301495990399717 0.24409689311454066 91
17 -1.9626260345983915 -1.1588098773637678 51
18 -0.6164709664671721 -0.4105531465747463 71
19 -0.9002520457661367 2.4607202579612335 3
20 -0.3531937126594993 -0.4522442179404602 41
21 -4.567192900242235 -0.9271991503595127 34
22 0.18121911688890155 0.7699856586944922 23
23 -1.5270497531787284 -0.4508605216184399 58
24 -3.5304669039781515 0.980185140534503 51
25 -4.572714938380028 0.22988173921680358 43
26 0.597801982618934 2.0604718268285938 60
27 -2.683742666818513 -1.2665064834315798 86
28 -1.189783919430957 -1.8253996156244066 10
29 -1.5816008421683436 -0.7873359027542327 100
30 -1.9792122273241601 -1.5780778232249757 28
31 -3.281961754012724 -0.1909925634318058 16
32 -2.1294522063441064 2.2387431889102616 94
33 -4.136722688241725 -0.9226178136387096 26
34 -1.8273233002353213 -0.9755892589064317 50
35 -5.378199381663671 1.075758367317706 43
36 -2.2509150895206105 -1.4786188986553788 35
37 -1.6307830197724487 0.9753938858519222 57
38 -4.085892397656321 -0.05337845984518938 41
39 -0.8986947077521258 1.160789934386195 30
40 -2.652255903412047 0.682885456910941 86
41 -0.6434353361392252 -1.186703047672134 36
42 -3.6313899625175767 1.2160694507095877 43
43 -2.7456090563571296 -0.5501922861109716 44
44 -2.1366920523497477 0.8632315937692057 98
45 -0.019871419921555996 -0.693885402364306 88
46 -4.412426335245345 -0.3520927457871211 60
47 -0.4661924894167444 -0.2414273853375183 38
48 -0.689093050754074 -1.0172497077012042 38
49 -2.381153590771776 -2.0567700419403474 95
50 -2.9891728558510833 -0.15975942251167646 18
51 -4.212297634262877 1.3083892187396509 63
52 -1.4528194287590923 -2.8168593606384578 11
53 -0.9280421002656329 0.8998487544284604 64
54 -1.0110918607882657 1.7238886540956506 69
55 -2.265421837352593 2.576074462069068 99
56 -3.2436380493811257 2.8600239007301593 87
57 -0.6098498602327834 -2.1641359121488515 42
58 -3.6470384778318023 -1.8482787630523403 53
59 -3.76533181406872 -0.447779796085503 59
60 -4.1579350454844715 -0.30080082302230177 83
61 -4.945289283378537 -0.9315343278307642 22
62 -1.7753174276439911 -2.0149896574538433 75
63 -2.1694744465022158 -0.3322748040315831 24
64 -0.021755038538705966 -2.6711838372206778 47
65 -4.271486980235013 0.240100849188385 21
66 0.14741476313021232 1.5161388383935865 67
67 -3.17410288262537 -0.6812484084642169 88
68 -2.1111118378559324 -0.4737478369841036 30
69 -3.2565453128882997 -1.9486284390319903 6
70 -0.7409381587263714 -0.08088216943108323 79
71 -1.0003379006328112 -1.040395559146214 14
72 -3.550924673360083 1.4833753314645954 43
73 -1.989662753945812 2.0865398820208494 52
74 -1.3541166447540405 1.8188546113314121 61
75 -3.262008403956638 1.3428032146796314 24
76 -3.974363914657277 0.8709684595582654 36
77 -3.9046710781399625 -0.6850383728830565 91
78 -2.577662143711557 1.5615820644262952 4
79 0.15225841000794016 0.2900204687366923 98
80 -4.2274115932843195 -0.6762695172929932 65
81 -1.6053238656030595 0.5484980300821104 78
82 -2.0379157131127714 1.6578445658806338 99
83 -2.9942271989115756 1.0206741985704608 98
84 -2.6757720403335368 1.1179599091306172 16
85 -2.2662266447371993 -2.0950046343783595 37
86 -2.6296103002269473 2.2826830767924657 5
87 -3.74882545962684 1.1095805382107407 38
88 -1.3612846186596939 0.04670751439447535 50
89 -4.317947740905486 2.5329739618598084 55
90 0.3824784983619723 0.12564620696953224 40
91 -2.5864393085580866 -1.683079278704186 9
92 -3.8096864485000874 0.24614033436190424 99
93 0.6561531305579511 0.935556104489394 68
94 -4.417133103059839 -1.2680541266368301 19
95 -0.5591964500049613 -0.8054537462303295 76
96 -0.41215959381564915 -1.8180251785497072 40
97 -0.16493784456871896 -0.09617849145081708 58
98 -0.7847887956244237 1.7787710858374823 1
99 0.27313946134475137 1.0976343701254316 89
100 -3.4731528423691067 -2.9060267859095705 23
101 -3.1526684309525077 0.25632077782958196 37
102 -1.9398949364272284 -0.7460013723404729 18
103 -3.298410789677885 -1.1011756197998395 38
104 -0.4298582167751202 -0.8267091075572122 26
105 1.627304168847299 -0.050773325361840066 42
106 -3.839060081903153 -1.0004741693481352 64
107 -1.0760981113386312 0.5687356398580206 18
108 -1.489590618869191 -1.519374261532301 66
109 0.3897565078691951 -1.977576247289793 82
110 0.867799292466576 0.5948510721241762 26
111 1.152383269049222 1.3487003429536661 21
112 -3.2366470059978107 -1.4554040268865083 99
113 -4.539447936399154 1.231000527903294 85
114 -2.5364846607928833 -2.7225305279820455 65
115 0.43599147665186533 -1.2962698445916325 2
116 -3.4988181269942937 -1.4401690582760474 71
117 -2.5280885222988347 -0.1351343213045963 66
118 -1.392026972389541 0.4252556948122044 2
119 -2.788639484575479 -0.2739717314396569 60
120 -3.1382978982649874 1.7412516752179568 8
121 -4.474255234212311 0.3462787886108895 23
122 -2.150109658179007 -1.760069921094885 78
123 -3.991325844804131 -2.58814529884431 41
124 -4.59042909755449 -1.8968304807882548 48
125 -2.2545171135572923 -3.0232041187462677 32
126 -2.9647645592468703 1.3558735811746698 17
127 -0.8682359257804557 0.8179269327937647 78
128 -0.5631299976464326 1.6635864373250393 85
129 -2.606715270242346 1.816140635499665 42
130 -1.2448528219322856 -0.17925456885672392 59
131 -0.34975713468589403 0.4408112418292989 60
132 -2.949529580150304 -1.863649703453683 89
133 -0.028405939962446787 1.8376482650316137 40
134 -1.7850161269832256 0.638854521976877 8
135 -0.856748961124596 -1.6050822906803661 68
136 -1.5256134950539018 1.0380281181679305 88
137 -1.07339666742703 -1.3969567942898622 5
138 -3.162468379024857 0.5450349122467424 92
139 -0.6419909323324786 0.5130174728714869 16
140 -2.518794226978555 -2.062025762938267 92
141 -1.6145556574478395 0.39757858285242437 95
142 -2.177070353652595 1.5639991120286538 69
143 -0.05374165938433866 0.5931880053711616 49
144 -1.596790721950278 1.5046937018875173 33
145 -2.184178895373489 -0.00026691849344607577 79
146 -1.5265465157493752 -2.3183121854728084 77
147 -0.43534673532026913 1.2998625077063048 25
148 -4.009926298222448 0.7812010013786459 71
149 -2.958051897894218 -0.7519359564346644 55
150 -0.25396159993050216 -1.1962444137329933 87
151 -1.4659487985419846 -1.129349730375249 91
152 -2.4081078758942938 0.9508887393228808 18
153 -4.042936277192334 0.5331640858771992 77
154 -4.2289393489686065 1.183727001881188 18
155 -1.4280393174081254 2.3173469165054037 15
156 -1.1643682513725595 -2.39333434182531 54
157 -2.525371237230846 1.2485565116935047 99
158 -2.8022019107386456 -0.9256325353993716 74
159 -2.9813603511964732 2.1325925607417973 62
160 -0.9763389385198294 0.009017472277959593 51
161 -1.767536692284057 2.686590578192168 18
162 -1.599015695684512 2.232383470055262 51
163 -3.812248902460371 1.6655728886157601 6
164 -2.0496791106561947 -2.062016367259407 14
165 -0.9442129726498941 -1.9252135754011124 95
166 -1.9115832036583291 2.421624384029175 30
167 -1.6854474274113904 1.6792477713033342 72
168 -3.6682259526511976 0.2601536361542995 34
169 -2.8696443563273215 -1.417325499837772 57
170 -3.3431691261216487 -0.9269680274645595 90
171 -1.1934498184692637 -0.6629733623712376 45
172 -1.3324586706062698 -0.5434844411991555 74
173 -0.904736130932799 0.44583939219260205 25
174 0.34681136348658337 -0.9515784005993424 81
175 -2.41804518755725 -0.86331663973329 47
176 -3.5169544536904915 -0.26823495780184176 53
177 -1.345769562429101 1.079719075810474 49
178 -1.0454496174127583 -0.37616691030474403 85
179 -4.368098414182818 0.6082874991520583 95
180 -4.651221357537386 -0.05089667258670704 16
181 -2.9103940711341676 1.844458909086104 76
182 -0.7793539023811588 -1.7790961797365472 30
183 -2.7420906672614334 2.3064865027101322 7
184 -3.3593486214198016 1.6071928795561785 32
185 -0.9736791371756781 -1.3152895869891084 6
186 -3.9946571304684637 -0.22442359122161598 19
187 -1.7443756605893899 -2.259822527709933 43
188 -2.67912296769882 0.017639330718682386 16
189 -3.1052833535164135 -1.9593593186975342 70
190 -3.4517264401654897 -0.43062082602885876 72
191 -1.8011347190278895 -0.40195626921158156 79
192 0.46384264595258795 -0.2814104545101624 64
193 -3.9465801605364352 -1.4032873182872063 62
194 -2.517465526698943 0.464877634215179 54
195 -1.156202259535957 0.15517780538036016 1
196 -0.7758290791303614 2.0308193554617 45
197 -3.3933627895097898 -2.4077532941795083 38
198 -2.7429563723496564 0.2687338905572966 100
199 -1.2528472497316272 1.7425286794632082 66
endpoint1 endpoint2
118 148
28 132
21 149
129 139
122 175
180 186
163 194
87 176
169 175
16 190
44 199
15 30
29 96
70 162
39 144
63 151
137 164
1 28
71 171
159 188
47 187
11 103
31 132
4 5
5 145
14 77
98 194
80 116
161 199
55 56
1 194
51 83
57 164
44 160
37 44
82 144
83 153
45 147
169 186
66 93
92 119
59 102
23 84
25 58
11 114
30 146
21 46
54 141
5 43
61 94
16 29
66 128
19 131
11 46
175 187
18 57
76 179
53 195
95 172
56 89
159 162
11 149
138 191
99 143
55 183
138 153
44 120
18 135
27 43
80 120
20 122
29 81
12 32
42 144
151 169
39 191
63 130
58 112
65 75
78 119
2 137
17 103
102 189
101 152
1 164
38 197
81 83
73 78
95 103
152 167
24 68
79 171
103 158
36 44
18 178
48 174
18 43
3 88
66 166
116 172
78 126
47 95
82 177
126 177
195 196
50 180
0 130
39 99
115 146
25 190
49 137
12 71
10 83
20 171
81 84
63 119
151 193
40 188
156 170
63 176
112 123
91 171
62 141
75 167
85 116
60 106
62 112
69 123
66 111
20 178
39 118
31 149
152 181
99 110
7 9
50 106
143 173
146 197
50 68
6 195
17 149
81 130
69 175
30 197
131 177
107 147
29 112
121 176
73 142
135 175
83 134
16 68
189 190
14 178
121 154
168 188
141 160
24 179
2 166
6 7
34 198
178 185
3 62
60 181
5 181
49 119
59 168
32 162
107 136
67 170
178 199
12 177
31 87
48 143
86 168
37 183
24 148
187 189
5 113
27 34
183 199
4 32
95 97
152 169
100 124
47 130
8 172
81 107
118 164
35 51
58 164
76 163
175 177
95 156
28 114
33 121
6 102
57 115
168 170
77 188
104 178
71 96
74 145
34 178
23 49
56 155
27 198
47 139
151 195
41 139
38 77
118 191
127 192
79 81
27 119
69 164
34 134
3 67
4 83
175 190
65 91
31 69
95 133
97 134
140 182
32 98
90 111
66 115
102 135
28 29
138 176
142 154
103 176
50 104
18 136
119 153
40 46
97 195
8 160
81 127
12 37
44 177
68 182
65 92
17 173
150 191
124 197
107 171
38 157
2 138
15 60
50 190
75 138
69 140
6 31
4 59
92 134
179 190
75 198
151 165
117 186
74 81
5 75
70 139
73 181
62 189
130 173
83 108
17 91
24 51
40 141
62 96
70 71
51 61
102 139
15 170
54 147
53 63
27 36
176 180
50 116
37 195
112 140
153 170
25 126
38 72
148 159
18 174
161 177
144 151
103 112
13 52
14 130
117 173
169 187
86 155
13 14
77 186
55 129
84 101
84 186
104 195
13 194
43 126
148 184
13 121
88 134
41 137
60 163
3 191
23 160
85 165
102 119
122 176
48 149
122 132
61 132
59 124
139 141
87 126
1 172
40 129
69 103
94 113
18 134
24 86
36 94
29 82
72 86
113 157
116 190
74 84
133 155
23 141
26 147
78 118
74 167
23 107
117 195
42 120
9 113
67 112
8 81
21 148
7 24
19 142
8 169
17 130
58 191
24 67
67 136
73 81
160 191
88 160
81 145
91 189
110 139
184 190
39 181
97 150
71 140
120 166
36 178
81 171
26 99
101 184
78 198
164 187
39 147
176 193
98 143
44 87
4 6
41 117
88 155
40 149
32 199
5 186
2 44
4 149
54 139
30 59
63 171
196 199
16 144
50 76
4 179
15 195
42 175
69 193
45 172
19 73
98 134
49 169
14 51
12 152
120 121
91 100
27 164
20 40
25 35
45 96
87 89
34 71
8 46
15 91
60 189
30 34
86 196
81 131
117 138
63 190
33 171
179 180
16 173
101 119
44 47
37 143
145 185
134 177
66 196
85 88
61 124
142 158
22 172
36 114
112 188
119 149
122 185
79 90
69 169
97 185
23 145
68 178
7 59
90 195
87 180
145 152
71 145
120 161
38 145
130 174
182 192
137 160
2 31
117 193
6 128
51 56
128 133
44 142
88 188
90 160
76 103
142 173
52 71
34 45
41 165
88 127
21 116
96 187
17 188
27 149
48 62
162 163
87 129
80 180
146 158
127 157
131 165
130 134
119 191
30 195
4 82
27 106
91 170
48 53
33 138
76 183
53 199
44 72
118 195
159 166
90 110
22 177
84 198
73 127
2 37
138 157
50 107
43 145
34 63
68 175
72 170
36 57
13 41
4 194
7 183
80 140
136 142
155 161
2 147
15 23
134 157
32 120
90 105
68 77
59 112
158 176
75 181
43 85
23 68
25 42
178 182
167 172
54 155
71 109
25 76
176 188
160 198
16 128
68 150
119 141
75 76
82 129
107 139
20 99
143 192
145 158
2 106
120 163
17 185
1 135
126 141
34 125
14 37
144 196
11 101
10 77
53 157
80 92
93 118
100 125
31 43
117 154
1 91
2 75
0 103
34 140
104 135
136 188
15 101
8 16
122 146
55 134
64 182
39 195
146 182
37 70
13 122
147 162
8 49
44 157
70 132
16 170
27 108
42 76
0 3
27 29
64 96
37 101
179 198
101 145
78 153
114 187
9 73
137 156
71 88
46 154
34 67
99 147
94 112
70 108
0 168
172 188
50 158
59 148
54 184
116 189
131 178
149 191
91 165
6 81
54 127
28 127
127 167
101 176
0 48
60 193
80 186
65 129
