nnodes nedges type
200 600 graph
nodename posx posy weight
0 9.403719706768173 -1.8161331060481865 55
1 10.773474285856352 -4.476095667387713 99
2 11.13366404399497 -4.578632095272518 77
3 7.03749838025865 -2.845449149771996 83
4 10.001954999077457 -4.775853117184586 57
5 10.092704543887166 -2.037212249460441 58
6 8.02470558085835 -3.1494158799234535 82
7 7.721646977745435 -5.088038897276272 13
8 8.953921689168077 -1.1841397216864147 42
9 5.956742641469677 -2.9029861280970386 29
10 8.299427249673506 -5.227646600077225 20
11 7.566383330373751 -5.816655649716407 47
12 10.02167263473675 -2.98924824752821 76
13 7.017780892801506 -3.1495242463717075 90
14 8.172404749929997 -3.03489508138584 72
15 7.502752701177372 -3.575616603645903 43
16 7.567372035106576 -2.587714735943187 93
17 11.011489519341144 -3.802787385919012 78
18 8.44308993202575 -3.8333404430423643 2
19 7.116402593466632 -1.8971217403439362 99
20 8.21056687705657 -4.536805949691597 50
21 9.370173666560433 -5.526484506223185 40
22 10.262327523503052 -1.9292038456760743 21
23 10.25756206377243 -2.5145131751346463 56
24 11.125997156191541 -4.261090600913216 20
25 9.35713151124226 -4.652637876209698 11
26 7.612106650314428 -3.9026122667784895 96
27 11.248364529907727 -3.4550432855940456 95
28 10.391622811023778 -1.542964709347931 59
29 9.48721937226539 -5.366786243268385 3
30 10.239474502842787 -4.515724655143092 50
31 9.745565194463136 -5.00714184200841 75
32 8.598078539592722 -1.9846053287928007 81
33 10.177579958888632 -3.644949205023137 55
34 9.629643330122958 -5.752352748862654 83
35 10.823364386203862 -2.355330076306185 48
36 8.345757451367373 -5.719250156125289 7
37 8.208568032733014 -1.1949837310657938 29
38 6.376800246206246 -4.449380874131904 22
39 8.611289114152967 -5.325789318145856 56
40 6.126811143718851 -4.943632060368456 13
41 8.387590924633667 -3.108887551345138 74
42 6.7521826459021 -2.2370675223425867 84
43 7.500814998404551 -4.258580082038834 39
44 9.351794545056636 -4.8918551572627536 52
45 10.767563049547103 -2.65291376600636 99
46 9.827213980989884 -4.461475460189737 92
47 9.78279828790404 -1.4313578426295164 67
48 7.329081281989833 -3.196707820734789 3
49 10.771435958559579 -3.400637206460958 59
50 8.289376231094357 -2.183963911088411 76
51 9.286733027837933 -3.9538870940943003 68
52 7.822643582621007 -1.6839423680357022 6
53 7.979561434384168 -5.103400912534776 38
54 9.023868975989078 -6.20849756158943 42
55 10.823077962245028 -5.622399319734623 95
56 9.471002551528724 -5.259876247744176 54
57 9.32438162645775 -3.7596853044092082 60
58 9.214425599270594 -4.228778071241356 7
59 6.286338548192738 -4.244901517387168 24
60 8.10717386342741 -5.562315083021902 44
61 8.477415435832718 -4.2669212477515615 7
62 8.013381511237307 -2.2238524181542725 89
63 8.344812165714684 -1.4428603286190311 25
64 8.536799967426015 -2.6287642765253625 8
65 9.358014881159392 -2.127997064659825 64
66 10.468783150249983 -4.776442764324203 37
67 9.453565359515618 -5.0823856209245495 5
68 7.1882663600058905 -3.481618521074958 32
69 8.299533630374006 -6.200812097832335 68
70 9.98108052166185 -2.501367381341202 67
71 7.63489962334037 -5.4238163691695505 27
72 7.543413642318788 -2.368722718359221 62
73 7.575640049566052 -2.820152514634039 17
74 8.79735137911067 -5.031114316862657 66
75 8.811880833027772 -1.36272865983066 17
76 7.928389275428078 -1.1575892573125421 2
77 8.862354809484284 -3.203550821998525 20
78 8.666358828328566 -4.410487214658863 44
79 8.92742853512275 -2.6246770330933207 48
80 10.792331337667303 -4.142677521701175 9
81 9.255338349965196 -1.1546003434727843 3
82 8.071562993461516 -2.7234136973384366 5
83 6.75948830017837 -3.742771673530304 75
84 8.95908629255074 -2.9459171611701236 56
85 6.962571432296686 -2.4152732829536183 37
86 10.54986335282585 -2.424631080123776 70
87 8.425830165081512 -4.965292786795639 68
88 7.252633273511835 -2.4233958948014007 3
89 8.58965367704197 -3.4809512616556515 73
90 7.912682192122699 -5.190580050373045 35
91 6.737649696975602 -4.341850123679453 14
92 10.0853969102581 -6.474716448976118 64
93 7.647433823127637 -3.2023880935743367 81
94 8.934241800413883 -2.1126501039452172 52
95 10.657662025752293 -2.99735972032923 63
96 9.563738877760152 -4.112471893194104 47
97 8.908049928476105 -3.5053668301253107 12
98 8.981367541550089 -5.471026085742137 74
99 7.872364933160559 -5.667034853020352 43
100 7.443587862180379 -4.501454440130277 45
101 10.137173401445011 -5.419707796512512 89
102 9.860133469777796 -3.341913605405885 87
103 9.679532159866142 -6.160242611177973 49
104 8.12178505625896 -4.270823805237194 42
105 8.719001463677497 -5.813069655138875 19
106 10.448964290424811 -3.1746686445750503 95
107 8.983447778674423 -5.760720366703361 92
108 11.333902872579891 -4.324536742901179 32
109 7.169034937243306 -2.5798157229683456 11
110 7.318610412612387 -4.044649744252809 69
111 10.02173685033252 -4.212489923189044 65
112 7.388146751466691 -6.158144026330871 6
113 8.60132402597151 -3.3379071103844637 60
114 8.099793482621262 -4.708683722567676 14
115 10.10522252202054 -3.193414923972358 91
116 8.416435843541487 -6.336294134675445 1
117 7.64565536532929 -4.592176241777386 76
118 9.74785135477837 -2.9295173981361753 18
119 6.843708915966621 -6.047089523215946 56
120 10.658623102355504 -3.64876558036123 53
121 12.023797959646627 -4.89354979596522 94
122 7.125775115740315 -1.1366340161260988 34
123 10.62079551235695 -5.017390916812969 63
124 8.1929058975266 -4.123677796827436 2
125 10.16485885315663 -5.703000333178999 54
126 9.549240079710732 -4.651602175145461 46
127 9.953214394060858 -5.800172305329439 45
128 6.666958517795666 -3.512425356771438 99
129 8.637016900537263 -3.129883581874952 10
130 7.1567698508556585 -5.0000574231470125 97
131 10.80234712314566 -2.8116488679539375 14
132 8.99398647013815 -4.427482857880985 87
133 7.731260533776672 -1.2492815218667193 65
134 6.8702711589346395 -3.410119601148515 16
135 11.697075034406742 -3.018947505889175 6
136 7.370869510465809 -2.1073561410508845 6
137 10.941575041379156 -1.752785712512019 11
138 8.163155281090235 -1.6783493569046934 62
139 6.815930439374962 -2.4450527625488667 15
140 9.002104444912325 -1.491412617214043 42
141 9.93630852146873 -1.5097357723117428 69
142 6.681218702645133 -5.13296324164316 4
143 10.387578190831949 -5.272230215222958 89
144 6.853039923496844 -3.022485961349294 34
145 9.772234631259481 -1.9520339658684132 83
146 9.604169805491452 -2.5913762437449885 45
147 11.864946805435551 -4.155984311420858 31
148 9.622907177045462 -3.2957869592616746 34
149 8.468380180475174 -2.4763327184576975 95
150 9.686886465365719 -2.1719613946950265 21
151 10.506889096617606 -4.450573088549409 39
152 7.3797495661595836 -1.9072054322077876 99
153 8.87036096414737 -1.48401574807268 28
154 8.66127012789226 -6.3979080447509 34
155 9.5027750981428 -3.0568473615709175 61
156 8.127125341109133 -3.6416369931277615 88
157 10.83620541785603 -4.933102070092334 58
158 9.350665437745123 -3.5122750637767117 78
159 11.035119883175883 -2.0815294164106133 10
160 7.711276668837808 -4.090355872950835 61
161 6.873335093701088 -4.481312049243569 93
162 8.607077837026885 -4.636674097941067 22
163 11.21137079949329 -3.1440335155019166 43
164 9.910384214588795 -2.723427456465929 57
165 9.892508877371657 -3.799522893531269 16
166 7.598565384982739 -5.60420395817249 30
167 6.34679553085289 -5.731846126922482 95
168 7.049138366522348 -4.614492662938778 45
169 8.696130462035871 -2.1701745873785128 8
170 9.149239177795558 -2.441950022423692 100
171 7.249543706550991 -4.6943562457877865 25
172 10.316267200517316 -3.882632899925699 97
173 10.464658676318704 -5.914863216745136 43
174 9.646154513458738 -3.808740486313518 57
175 10.427348800148657 -3.402382746129666 33
176 6.182744235978447 -4.029275807155452 28
177 7.886979975881384 -3.7448210331059597 38
178 8.761448699426253 -3.804075172529587 47
179 9.41168202075943 -1.4883293985026496 96
180 6.855412902880797 -5.350043591873041 5
181 9.31228054355141 -6.046446958343478 42
182 6.336205714962057 -2.928076980762777 60
183 8.931046421789441 -3.9596815138307915 5
184 10.04439686492039 -1.123564749744056 33
185 9.168005684340802 -3.057755942982489 1
186 11.113039214405545 -2.931800905692209 48
187 6.874464735942945 -3.948585096501764 98
188 9.845891393002596 -5.221105896862594 4
189 5.930409278977653 -3.76406602014846 75
190 10.057352375400013 -4.939433237649819 77
191 10.502121559145213 -2.226924492863365 87
192 10.844637993883216 -6.232303001547837 65
193 9.047157681712822 -1.903440741483955 65
194 9.952685373984904 -0.7259613784114671 74
195 9.170290653480345 -5.529358714236259 93
196 10.985713090852874 -3.5329697530941586 57
197 8.301628801279449 -1.9506211359255403 13
198 9.827671089093165 -2.3595527949757886 81
199 9.073068399850026 -4.7948103657137455 96
endpoint1 endpoint2
49 146
68 138
173 195
20 162
7 25
74 116
41 57
55 80
67 74
8 148
158 185
7 98
1 191
64 155
26 161
56 177
90 130
143 188
54 87
57 164
18 175
120 198
130 139
32 146
27 115
84 128
111 188
12 50
22 102
13 51
44 55
77 95
80 146
60 114
110 124
124 178
10 104
27 143
84 102
78 148
70 81
25 92
3 152
45 97
7 15
78 160
151 186
43 178
30 199
51 126
91 174
77 88
46 115
144 187
17 195
77 178
11 26
6 118
36 107
138 191
41 96
11 107
10 71
103 173
56 165
75 150
59 176
105 126
102 111
129 158
23 184
50 65
78 171
16 42
84 150
38 93
63 164
23 150
44 172
180 189
117 190
13 136
97 156
23 140
62 185
114 117
79 111
163 172
1 25
124 190
134 171
2 30
162 171
5 115
114 176
64 134
2 163
99 154
32 72
48 114
72 94
50 82
161 189
72 187
184 191
40 68
103 116
97 149
19 93
117 161
31 120
25 148
39 99
36 103
137 150
79 138
6 21
95 108
2 45
23 45
103 151
118 185
182 187
25 101
136 160
37 52
91 171
48 52
22 193
139 179
19 72
64 109
65 145
46 58
20 41
64 138
102 155
22 170
167 180
78 188
11 74
143 173
172 193
22 35
79 185
72 76
24 120
74 78
132 172
1 74
9 26
42 72
42 177
19 81
14 178
73 144
18 70
35 198
134 182
22 75
99 177
162 174
46 61
30 155
49 157
90 188
74 111
60 181
25 77
39 69
97 198
69 168
72 89
10 62
33 163
153 197
58 157
119 168
29 192
53 67
8 145
44 61
150 170
24 148
57 106
2 135
173 174
92 125
159 179
100 177
45 81
125 151
2 54
50 149
83 193
39 66
148 183
37 197
51 199
33 164
49 66
131 191
41 61
37 47
26 68
110 142
106 150
23 135
67 78
149 174
86 163
48 134
77 162
4 114
60 119
103 199
170 178
48 156
25 154
3 6
68 88
16 110
102 140
43 102
97 117
30 175
57 198
58 60
54 142
60 161
118 191
32 150
17 61
4 196
32 140
28 194
157 195
14 169
15 144
3 15
105 180
62 149
110 199
141 165
64 140
0 177
84 199
2 34
26 39
22 33
27 86
7 130
93 134
53 180
68 168
79 94
51 66
153 194
90 199
111 175
145 164
51 104
66 80
31 104
162 178
37 140
120 131
89 155
158 177
49 185
114 181
3 26
123 125
118 151
50 152
12 198
36 91
5 179
66 151
185 193
20 143
73 83
75 198
6 75
33 155
122 136
53 107
71 168
58 64
53 156
21 60
32 76
140 152
20 168
39 124
84 153
93 178
16 37
39 90
101 102
17 159
33 127
5 94
46 107
113 197
24 157
57 113
41 86
32 109
37 152
133 179
96 113
75 184
0 35
79 150
6 170
93 139
22 137
52 73
29 89
53 83
38 134
7 187
82 164
53 125
58 104
65 115
19 50
29 30
146 174
113 161
46 155
89 186
18 134
98 108
61 88
30 190
105 127
123 178
73 168
68 176
42 52
73 178
10 29
28 120
15 155
14 63
13 26
19 59
129 196
7 100
153 155
8 81
87 109
46 162
118 149
30 46
73 79
89 165
131 148
74 117
84 156
35 135
5 194
144 146
17 164
89 93
70 137
3 89
1 121
36 178
29 127
72 128
27 147
151 157
66 67
23 96
170 183
44 87
80 178
61 112
159 191
50 183
0 129
75 133
98 126
62 72
183 195
21 36
28 186
37 193
84 155
23 165
67 151
76 122
35 146
65 70
87 166
6 90
58 111
120 147
78 106
25 158
85 117
159 164
114 165
26 169
105 183
62 150
77 146
27 164
100 130
57 67
97 99
105 116
52 75
8 52
118 179
151 181
101 192
110 149
34 130
35 155
85 141
65 95
21 120
164 169
58 118
30 87
65 113
41 93
109 136
57 98
12 151
66 196
62 122
48 124
29 54
33 51
20 166
45 115
14 104
4 70
24 199
31 199
94 163
113 126
74 82
117 167
183 185
136 153
70 174
10 101
145 178
126 143
125 190
114 177
4 25
27 35
131 150
63 73
185 197
90 160
113 148
51 79
129 136
32 158
156 172
4 107
104 171
106 179
166 195
158 188
84 124
64 158
69 87
5 158
26 53
32 64
43 130
34 74
131 159
5 47
71 127
64 170
128 168
12 45
108 121
56 111
76 82
1 106
31 96
98 132
47 77
12 97
96 107
71 94
27 49
104 199
43 114
49 155
68 129
52 85
197 198
7 38
156 162
41 50
26 115
87 185
111 172
82 160
71 154
95 169
29 105
53 99
68 77
60 98
57 96
15 132
18 97
152 189
84 86
48 197
131 141
153 184
143 181
36 90
7 31
41 152
75 76
13 171
132 178
13 133
33 132
116 160
129 175
64 70
90 112
55 147
89 100
20 56
16 104
48 117
0 164
146 191
18 114
95 96
14 113
33 44
60 171
131 190
81 149
123 165
1 125
129 160
38 142
55 69
12 14
125 181
114 166
143 157
126 158
59 195
142 144
128 180
88 133
9 42
16 148
132 160
33 150
44 187
41 182
83 130
78 110
47 196
137 186
57 93
49 135
85 91
25 39
5 175
28 52
40 166
29 57
18 126
101 105
42 136
20 129
33 175
23 148
14 20
5 65
145 155
120 158
41 65
33 108
34 96
96 100
66 101
46 157
