nnodes nedges type
200 600 graph
nodename posx posy weight
0 6.3161986891007516 -4.957112602216161 91
1 5.373404563385447 -4.905511968623175 15
2 6.027345649691742 -4.895041883703892 56
3 6.848285132528808 -9.369370571353654 16
4 6.003946909896388 -6.761167498233097 69
5 1.948150074411492 -6.831906181563869 85
6 3.7033438510621246 -8.981371587361162 26
7 5.0827599604346165 -7.211090129781528 62
8 5.35827961151835 -8.336314506592936 8
9 6.636342633747726 -7.7692244893624105 76
10 4.739953262673535 -8.91688282370791 76
11 4.210608141395179 -6.114314485982218 14
12 6.063405467638335 -5.698957848041815 34
13 5.177091757219879 -7.447558849264149 75
14 4.3874741383848885 -8.42732353141665 88
15 3.6102312615314553 -5.325416402767813 19
16 5.079087015143347 -5.404262531247604 80
17 6.303641708604702 -7.75222713491665 81
18 6.816906477122481 -6.1641314321596745 70
19 3.8898796499676793 -5.242253939341277 85
20 5.631689511557464 -8.307343816926227 91
21 7.2181425276364335 -9.04413763312575 41
22 6.5157520939181515 -6.262134214404737 2
23 7.4324465989188875 -8.629855172001436 89
24 7.636156705116163 -8.267253975612581 99
25 4.983192380851537 -6.915834719649115 16
26 6.703476348699517 -5.844511115785501 32
27 5.290272574192433 -9.389562613554233 28
28 4.233794023496491 -5.10410811501365 98
29 4.838164986104237 -8.802015953621975 36
30 7.557205897872691 -6.231128439259016 94
31 3.1490058187157954 -7.113927746120942 63
32 5.909888212707023 -8.643619585818865 45
33 7.254077597356895 -6.62274849698024 37
34 6.134258118618974 -7.443569453525111 74
35 4.532771969387923 -5.686023794900298 52
36 6.248449018640312 -5.472841760738451 47
37 5.6262230267574695 -7.474010672884166 9
38 3.932495262798592 -9.842457931169458 29
39 5.271157857987137 -8.497973354820086 80
40 6.063145074848639 -9.047532150030415 16
41 4.1967902963864265 -8.834871952739398 14
42 3.496773761193362 -7.4685668221849495 57
43 3.461193056282888 -6.2277860036589905 33
44 6.51857779253532 -7.46870217533621 64
45 6.882240690927632 -5.944307340347191 76
46 4.660856268106634 -8.630742084639056 82
47 3.711215751434707 -6.461952561061369 31
48 5.919952417801189 -5.332049737052428 67
49 3.2152667410189677 -8.061623208810769 62
50 3.7015044307604277 -5.912624778004498 2
51 4.499747783709863 -7.013086326985519 80
52 6.4276146969929355 -9.949973168509885 50
53 3.3852446687940008 -6.817846604326841 84
54 3.909983764045589 -8.466854081975699 37
55 4.420789699848873 -6.534878348595929 41
56 7.365162694009591 -6.893479908829452 75
57 7.109548317634087 -5.896756225792558 27
58 7.5663380811406515 -7.474936968725951 61
59 4.866779243243467 -5.767632921617027 16
60 6.452092779387376 -7.0194238278485095 84
61 5.57530706418665 -4.980408549112326 92
62 5.098025400339839 -8.422817338768239 53
63 5.593048623753428 -9.731042185294953 60
64 4.3612334708056215 -6.32258559157991 31
65 3.8167552031720606 -9.371762397076596 16
66 5.806963572411815 -6.215671840679425 25
67 7.592676556217212 -6.776928975829044 86
68 5.490925193107949 -7.849266227610187 15
69 2.711229810502603 -9.134675473551646 8
70 6.034922056260581 -9.229745106910203 55
71 4.486342803839217 -7.221841286536243 69
72 3.3128111902277078 -8.804967034620438 67
73 5.084297645202271 -5.189137634181977 69
74 5.748376431852687 -9.55726191899161 50
75 4.173611799153853 -9.74664805128942 7
76 6.8880843325914896 -8.175978639732826 3
77 5.015899321406362 -8.077473771284579 11
78 5.482197058129344 -7.027490012966008 75
79 3.4929188157727786 -6.994651586780457 16
80 3.7446981886896404 -7.108961995408495 75
81 4.470148105821748 -8.048699196517582 56
82 7.997588028631083 -7.390272791352145 24
83 3.6422869786807777 -5.597900110040266 24
84 3.784640932894478 -7.5284806984698935 42
85 3.6874298609400507 -7.9163749234106415 50
86 7.369624979476776 -8.107710479944735 12
87 4.921645249967589 -6.672583535030264 41
88 7.260391745682366 -8.721715493012528 9
89 5.590435350543496 -5.361167574159907 37
90 3.9848679377309337 -7.9687935121475295 12
91 6.388555349641076 -7.995376447061649 83
92 3.223957380499538 -6.434678346473285 29
93 4.521962220597683 -6.040446341676068 43
94 4.577281547963666 -6.6653448906028805 5
95 4.665306832523447 -10.09161807307748 84
96 4.810170226757742 -6.252032120201474 52
97 6.6269209384616925 -5.105848069948124 47
98 5.648388020644899 -8.434374932214679 85
99 4.7101785501378055 -7.166890919258037 92
100 7.851680237378358 -7.619068384692867 51
101 5.1624535342055955 -4.701523215320461 49
102 5.655006003820376 -7.952777827572188 32
103 6.822017274468236 -6.751448111701811 57
104 3.816476889659269 -4.632026829987227 63
105 5.532920601357 -9.301332586481761 96
106 3.3854278796364965 -6.060904279124372 15
107 2.981997801646096 -6.719694676354602 93
108 6.345889521131896 -6.035356896632368 47
109 6.320753415694718 -7.26616236438909 72
110 4.558922134594284 -4.816203398971156 91
111 6.517625295296558 -5.598502575473524 1
112 7.386072531341837 -5.86379686349238 83
113 6.678759619887653 -8.888132722102497 57
114 2.386839949056891 -6.68511890486397 17
115 7.375618463015684 -7.135777140962464 25
116 7.222350697681319 -6.4967246854643195 63
117 6.980906880612361 -7.646340037598718 66
118 5.959553194022215 -8.25084894317572 41
119 5.330848821719374 -7.632033844803621 11
120 6.282162856822977 -8.743318396058042 89
121 4.12700082666586 -4.970771791692686 47
122 5.38403752845171 -6.196989379473793 43
123 2.735439170553034 -4.371380089879266 76
124 7.197032435024752 -6.2398062015848375 27
125 5.388982184721368 -5.834471042249867 72
126 6.024652556312098 -5.878776843588041 32
127 4.033327588855817 -8.431870392425813 82
128 4.945460689799419 -9.446741879214816 96
129 7.153313922910142 -6.93590176038033 63
130 4.825805695851422 -7.815333776736007 18
131 4.152608303247822 -5.888296936842881 84
132 1.8266088753495193 -7.457111440956373 28
133 6.479631485796568 -9.28793871471275 24
134 5.8504758343062875 -7.496561867209183 63
135 4.67260739472435 -9.173828751686518 94
136 5.967403932378024 -6.102506190512211 6
137 5.649791211543188 -6.769930785245493 31
138 6.132045519189993 -8.705750437826131 3
139 2.8826578811948522 -8.291343024911397 2
140 4.001600927822399 -9.094781004823755 59
141 3.254204830035095 -5.336722968643 93
142 3.8507586474756343 -8.648734599085177 63
143 1.6501823554607957 -8.92828460785871 48
144 4.138319387681884 -5.641206530037771 19
145 6.146072518912102 -9.83778620510091 70
146 5.535006456708804 -6.468310286839548 64
147 4.405833308343598 -8.857716177499517 26
148 7.27896299166448 -8.050158987839467 3
149 4.957934815935509 -9.87185473705402 61
150 2.6554583533689122 -7.46656937080817 16
151 6.708596353321528 -6.663154098990388 36
152 6.714309331585613 -7.302955657067607 61
153 3.646531632969416 -6.039068999920982 59
154 3.1649462906155676 -7.439706598170817 15
155 6.244582713781747 -8.521918047911903 37
156 4.045145415640785 -6.960851380336545 19
157 2.5808375764387366 -7.681483962012608 39
158 4.28549644361695 -9.107535322015762 49
159 5.255670188130836 -6.5717576021467385 59
160 5.178467398533615 -7.918805877094197 61
161 4.22342430669763 -6.991475531151283 34
162 4.461469406707353 -7.344822167021379 87
163 5.710510155523886 -4.699503740209979 77
164 5.16644189687633 -9.176230601816524 76
165 4.6325328866138475 -8.178921882289359 25
166 3.668149197108079 -7.758861242240289 43
167 5.551518825951901 -5.591886798487305 92
168 3.114680505690987 -6.102883777025251 19
169 5.84370760266683 -7.220519881849952 2
170 4.322913843484386 -5.580750695386921 91
171 2.7645051619287466 -5.327448803758776 52
172 3.1146107858813408 -7.925186240730333 48
173 4.711389063014385 -4.619942341432175 52
174 5.51587164779599 -4.370914956038976 22
175 5.206998398562334 -6.076698702864098 58
176 7.059221587640964 -5.084075083611097 39
177 5.810924762431749 -6.484157716221301 91
178 5.0128230170153625 -4.91708738604041 64
179 2.769997295675914 -8.144040631900177 45
180 2.511638809904771 -6.598634628293287 29
181 3.3943771476280946 -9.0014963581593 70
182 6.382513815344682 -8.383333111691227 78
183 4.90605543912173 -7.665549258897498 24
184 5.358342274318574 -8.81355164947115 15
185 5.740672110674368 -6.889387482932943 59
186 7.032233074489342 -7.793248419796331 70
187 2.613759852735059 -9.015529534880612 67
188 6.389940519048335 -7.064605003131764 59
189 6.707115933381894 -8.529255395256122 36
190 6.008433068605982 -7.731276132145061 4
191 4.990019012627483 -5.694036003663063 94
192 7.137170181044906 -7.331422863111731 86
193 3.5470805111931467 -8.224872133948512 49
194 7.597594658859184 -8.54917363229931 78
195 3.9839439420284917 -7.175464841139112 87
196 4.209192335598134 -4.512058161649667 93
197 3.990369620363155 -6.7579874509293045 95
198 7.189657766858603 -5.0339902002332 31
199 4.179004301728193 -7.825122888652484 85
endpoint1 endpoint2
27 46
79 131
100 112
4 173
132 150
7 55
41 160
55 80
13 131
120 165
76 189
86 129
44 86
77 128
24 52
12 111
137 142
24 189
8 87
10 75
36 101
56 177
14 77
64 177
20 169
38 119
63 194
118 129
84 154
17 39
54 172
48 163
29 95
19 96
144 174
8 155
88 105
37 135
65 147
99 108
35 178
5 53
35 61
57 151
157 166
14 138
76 78
7 186
150 187
177 192
1 110
102 160
71 153
50 51
61 131
9 192
98 115
74 135
147 199
35 85
44 120
50 156
84 168
89 163
34 59
150 195
29 81
109 122
9 29
2 111
30 89
89 125
102 189
111 124
102 151
53 144
31 153
158 199
27 32
152 167
116 152
73 80
39 94
94 165
98 184
155 186
175 183
45 152
78 126
87 168
28 110
14 160
35 125
85 107
92 122
73 109
4 7
125 146
74 147
84 190
124 137
81 84
43 131
138 149
15 93
8 40
142 183
15 123
151 191
119 188
90 93
111 190
4 81
65 69
77 93
70 155
92 172
103 194
61 136
117 119
55 130
68 99
137 159
22 170
75 147
118 158
113 135
101 108
102 106
34 62
7 39
9 137
131 171
185 186
15 64
43 180
3 70
49 80
48 178
81 164
43 197
105 149
56 91
89 122
80 161
146 147
57 97
17 108
15 163
2 89
13 35
153 197
87 183
165 190
30 97
22 66
13 23
138 164
46 68
55 107
62 98
9 118
76 152
139 157
15 168
32 74
63 98
193 199
20 37
143 179
59 66
27 34
60 76
19 173
90 161
6 42
53 162
4 78
54 80
131 191
20 105
106 150
39 140
14 166
108 146
127 182
42 110
89 110
70 184
47 71
5 157
28 159
3 44
94 136
118 133
1 198
69 154
92 154
102 113
155 159
48 167
24 115
104 141
13 184
115 198
62 169
67 190
9 23
154 162
37 185
17 87
133 190
66 115
30 117
134 189
26 61
70 85
3 21
103 176
49 154
68 130
22 130
18 162
79 161
51 66
45 136
28 64
38 187
144 153
27 98
86 189
79 98
122 129
81 188
15 153
17 98
91 126
163 177
4 134
22 56
64 185
84 180
57 186
94 156
59 170
13 71
165 193
16 167
98 189
132 179
62 189
95 145
170 175
72 158
111 146
12 16
4 117
51 178
10 197
6 135
1 55
73 104
35 94
56 57
45 198
13 102
54 60
55 166
44 137
102 199
81 105
16 37
17 32
59 153
131 161
156 175
43 53
188 192
130 164
32 119
7 66
176 198
8 119
21 91
32 109
20 192
11 157
25 59
91 98
79 150
115 188
8 44
48 67
10 185
119 130
40 41
77 127
156 166
53 83
128 193
35 153
149 181
126 188
26 136
191 195
138 190
99 140
47 180
30 148
138 152
99 146
72 199
109 190
50 159
16 19
101 104
129 159
17 18
63 70
10 138
186 189
3 74
51 68
42 147
9 151
55 195
113 120
69 181
37 160
29 195
103 124
62 184
144 177
182 194
89 126
183 191
87 144
60 125
11 97
51 54
26 167
166 172
65 128
26 44
90 184
29 49
9 91
25 81
68 145
79 168
118 161
120 192
109 116
100 192
0 18
121 167
47 92
97 136
62 133
62 102
100 189
114 170
26 174
134 199
114 132
62 72
138 148
118 134
68 152
91 156
6 46
111 191
47 127
36 48
17 56
36 185
29 120
58 138
121 168
79 197
44 78
140 187
191 196
40 118
41 195
124 169
66 116
105 183
79 144
19 156
93 137
52 75
7 159
21 120
14 139
26 117
101 170
20 64
109 136
134 177
21 76
170 195
64 99
42 127
141 161
62 197
116 146
20 140
3 76
57 159
31 78
37 39
95 142
24 100
92 161
94 197
87 136
96 103
109 155
17 120
77 158
11 121
43 141
31 166
34 51
2 83
50 121
17 128
34 148
113 148
84 158
160 177
101 121
34 45
83 175
41 62
119 166
2 103
86 162
67 182
92 93
47 94
14 161
46 78
159 185
9 120
99 130
141 173
6 157
11 126
47 136
110 174
84 165
16 25
31 181
8 184
7 160
1 112
58 136
83 121
40 82
1 106
58 109
76 183
2 178
117 118
128 147
32 71
51 165
11 119
177 184
0 176
25 33
142 149
0 93
48 71
85 161
26 192
59 146
78 167
18 26
113 152
63 184
22 124
19 106
153 195
98 165
104 153
11 31
72 150
127 165
53 99
37 96
75 181
138 186
37 151
61 122
27 54
9 76
109 160
25 42
43 107
75 139
88 145
114 142
20 160
82 103
65 165
39 68
148 169
122 199
23 24
82 129
31 193
101 126
44 175
81 156
7 172
68 195
37 182
46 99
42 195
17 100
71 169
107 199
99 185
51 179
21 182
8 85
71 199
43 96
60 77
3 145
4 33
53 135
153 171
9 33
77 109
13 164
14 155
24 109
74 91
64 196
12 169
88 103
60 112
165 166
8 118
45 175
80 182
96 137
55 134
68 103
125 137
49 96
70 117
90 169
154 159
77 102
131 167
18 33
60 152
41 172
66 188
16 170
64 84
65 90
89 197
99 193
9 22
87 162
55 66
133 189
12 99
59 125
2 176
64 96
71 181
0 57
0 178
36 119
4 152
28 141
18 126
38 95
6 63
15 107
6 81
88 117
83 139
52 155
81 179
33 108
159 169
43 87
125 161
0 48
12 112
163 176
25 40
