nnodes nedges type
200 600 graph
nodename posx posy weight
0 1.143033347837228 0.37883278911151286 91
1 3.175285630099291 3.094758033955446 2
2 2.0823609459755787 1.702353292727307 91
3 1.9407354784696271 0.6427583844501196 75
4 1.0453054958974843 0.08446065654404139 82
5 2.981910113593656 2.4332244156424707 14
6 1.6043205176645563 2.2339505786062137 33
7 0.5970615425862486 2.6475846184413605 86
8 0.26801661087642265 -0.27408575097403065 9
9 1.0253270812580888 2.236373912471458 34
10 0.03737233229684066 0.8893772955486298 88
11 2.935848771707197 0.795259152581076 83
12 2.3114403416410454 0.1805326019184069 60
13 1.378444360979839 -1.4829504681405097 71
14 1.5390865720661753 0.7977652214027722 47
15 0.9313920218483064 -1.1702948090928178 97
16 2.5472964044589355 1.2917066884815638 88
17 1.5129323591228496 2.6634140344121087 26
18 1.5353002905308302 -0.8057333446073998 32
19 2.562044423767679 -0.32532500786558693 84
20 3.466371364107087 2.7168868090733542 25
21 2.3177223613951257 3.170482665303101 99
22 0.40154381416599333 0.3334561604996627 14
23 -0.09543104787957739 1.6770679928145678 17
24 1.9301733535194512 -0.03947148626873686 4
25 1.6955726952496744 -1.6533115171876276 85
26 2.8436811644339586 3.137043485087572 99
27 3.4669197492104638 1.3691566069050234 52
28 0.5150826970234181 1.5852855477645684 21
29 0.6031476127008881 2.3405291780682185 41
30 1.9284138669772313 -0.37518090292403317 15
31 1.71570998081233 0.9373571468478917 32
32 2.100214616189735 2.3863051933947146 66
33 1.1058617211717465 2.045448787427395 89
34 3.4799943193664897 2.2439703803433746 36
35 3.4274244575175237 -0.274295720495367 87
36 3.708215128746245 3.106511561034374 65
37 2.031026568359374 0.9008433565945493 48
38 -0.6578148102727833 -0.005209263674297914 38
39 2.405836385083117 1.2121294320515141 7
40 3.192904637109847 2.1143139238841275 93
41 2.5466135755042116 -0.1307142881316561 90
42 1.2591894287575047 1.732563918979356 64
43 2.839753251693036 0.19053076431177624 18
44 0.05431684372747493 0.44092474037571266 83
45 -0.19937689909188192 -1.1654000294971134 81
46 -0.06585165866272223 -0.12245524992148771 22
47 -0.5928419216972212 1.016113230311717 37
48 2.0418441833726684 4.251235883696297 45
49 4.149722486306808 2.981378976958007 28
50 1.591926215381618 0.1028072218388412 86
51 1.4020404944019282 1.09917914810559 47
52 -0.6912597290700477 2.4354664812244473 4
53 -0.6115477913695563 1.6664620306992715 43
54 0.9861484672886242 -0.855338991847938 2
55 1.1901908301853208 1.1076812395481317 96
56 3.1253735740766246 0.6316060456647087 21
57 1.896968730177364 2.6266867380031647 47
58 3.457495338742281 1.7566589235478236 61
59 -0.7888761583369371 0.6954808923097887 87
60 4.127390136897632 2.400402942422263 86
61 0.9849090003252364 0.4194578283557851 18
62 1.5760660274209783 4.571471297209266 5
63 0.6989200215986028 1.285166833343047 14
64 2.1247709357103086 -1.4640140842558276 53
65 -0.4618011895664791 2.133391373170561 72
66 0.5803487653018353 3.1494576294989223 100
67 2.40373912424504 1.6210483898408954 95
68 -0.16941062818302585 -0.879742890340597 93
69 -0.11981491670807146 1.4158169309862327 50
70 1.7619380355279746 1.2702475383624394 41
71 1.3998570619873654 3.675634713885033 64
72 1.7280574587829833 -1.2907226938271736 94
73 0.3978511725315369 2.439804472953459 12
74 0.6101044919564832 -0.7594306599966906 33
75 2.9039894422199066 3.8780082972997256 14
76 2.379535556499243 2.2882713068665894 13
77 2.6708620708614386 0.8981009451082431 32
78 3.747959671776817 0.3259984393330394 97
79 2.4622871278869964 2.073931219649891 97
80 1.0409824783134052 1.4249991373556783 35
81 3.3114833042773992 1.1580771688642875 75
82 3.4104627007467934 0.3220908624173595 54
83 -0.3606937520153797 2.0666282399229985 100
84 1.3576717211005545 1.9589401913143356 92
85 0.10747886638952193 1.5325332208817095 5
86 -0.8978489003416908 1.4814343826591787 10
87 0.0214361653826075 -0.22346507555821762 84
88 2.820647774229609 1.591786225094104 80
89 0.02560081600963926 1.2920133859809535 35
90 2.8536199361914725 0.007104772399727122 72
91 3.723068063340824 -0.6718540994898431 17
92 4.4695544210301374 1.9796120914269486 63
93 2.046945139583143 2.784448129501727 92
94 0.217094136460882 1.0273979946357497 52
95 1.7545080812483864 -0.7303622847706708 57
96 2.85098472731578 1.2488102025703602 45
97 2.6598228358426925 -1.3858552198962755 62
98 1.7443613906640716 1.3913002876879976 76
99 -1.5082916183159667 -0.6109985242210186 53
100 3.4404222282727517 0.07838419153713498 96
101 1.7499304138381446 1.857982950337954 71
102 -0.19265044533828848 2.856037691006987 73
103 3.035114555429605 0.36083741392799096 3
104 0.6282724801029022 1.752128242397994 12
105 -0.6171845576108315 0.5337429364905307 11
106 1.9272265312247572 1.5309297147672718 4
107 3.232345510662441 2.474044067560543 76
108 0.7067259509012762 0.7042142778539097 34
109 0.26995423775283744 0.6442537247281221 53
110 1.0022261027031858 -0.5590551963333923 41
111 2.809099534099787 -0.5428862229997897 19
112 1.649504184294617 3.09796530026495 83
113 1.8773562202984542 -0.3178972942059248 97
114 0.7527692770721254 3.6004952202956546 5
115 5.004021454150659 1.352258252527918 19
116 0.7456830004389268 -0.3748310805412633 64
117 4.120527215647354 -0.10167178239408535 76
118 -1.2043859017289011 1.9809997108786415 64
119 1.3724965939474014 -0.562812672362404 64
120 -0.7986295369262428 -0.7891508392275287 89
121 2.371935549297153 3.7043069803315305 63
122 1.9191944577296791 -0.5991557894416448 49
123 2.0352506899810443 3.858817108259296 84
124 4.0973323052092026 1.1828104715946637 71
125 1.4744029212366256 0.6401351606291062 98
126 2.152452746632285 -1.0736684440426392 73
127 0.6874010057185329 -0.08624407247728193 81
128 2.94640763391636 2.1264456959945166 5
129 0.533202428724515 2.212837551433383 91
130 0.8428235976047403 2.8809593271872806 81
131 1.817444180874623 3.2121177821671543 99
132 -0.4331131707115751 0.03993691334241109 49
133 2.879118761973094 2.6535554769666327 85
134 3.2427910605843766 -1.2820768392106383 68
135 2.2631997605135328 2.7992999595410506 82
136 3.9887566288256715 1.8494370571552996 43
137 1.2138114596900358 3.491890680653293 52
138 -0.8238433701758086 1.1423352905533646 1
139 3.2779915174401415 1.5892559373964616 29
140 2.168679500925116 3.2233980087786214 7
141 1.5148226438286938 3.1041876168095195 42
142 -1.1260843929275528 1.1623359745423731 12
143 2.518988214649789 0.3587549119475178 16
144 0.31717914949032416 3.084058303901166 92
145 1.3681679360361285 -0.4206071965682709 30
146 4.122788390535903 2.6948091273182766 3
147 1.0934030709971272 1.8393457635114607 88
148 -0.20878346179646284 0.6069146117600076 35
149 0.6580138091519279 3.8330859870499174 71
150 3.9213566729819673 1.4494443176260414 93
151 2.069341463265721 0.13988454006176793 46
152 1.417053218988423 0.3129197224059245 72
153 2.5298418785582317 1.8690171571343108 48
154 3.1771988300074216 3.697910936331959 35
155 1.2456330168724377 -0.06424268848707336 95
156 0.07116593025973779 3.0455426214775847 51
157 0.12099377636679214 2.266765475750569 42
158 3.6909374599992697 0.8630882470834893 20
159 3.9498788502712263 0.4683107762743466 63
160 0.14382129490832685 2.582808718361605 75
161 0.8232927365311318 1.2970332136941451 1
162 3.0524894394665294 0.09496249553614423 13
163 0.8052295286637036 1.0364065619604208 71
164 1.8136423695563721 0.3978644433305935 20
165 1.1831504386868734 -0.8468699259958616 61
166 3.0673121805966033 -0.5895859249354423 29
167 4.179656819365853 1.9086096158885242 88
168 2.119127021088339 2.2481827955331197 10
169 2.7911486069048044 0.4563594524888684 34
170 1.3117218450421586 2.560576925309546 100
171 0.5759121819503209 1.8567148461094085 45
172 -1.4410397305953406 0.15041485007272956 68
173 4.081574208241575 0.7005600054580541 18
174 2.382092909667642 -0.846104377157434 2
175 0.0946206572661562 2.680287676584971 88
176 0.9591822730021219 3.036437086793824 92
177 0.6207140120654546 0.4362858792803311 12
178 1.2205816797743152 3.077158845820055 69
179 1.147331428140263 3.3293083451359804 17
180 0.3529052238901443 -0.8481795864006803 48
181 -0.4119030129265433 3.2340535495933427 26
182 2.3877485272292067 0.9766236270072948 6
183 2.9374330998816114 3.1905639504622343 55
184 2.963269543958261 -0.4016939335893914 61
185 0.06387254052463853 2.09802322075356 61
186 -0.4217535754746038 0.5737453943460208 4
187 -0.5170438535632826 1.6335746311411055 74
188 2.0921273976482646 4.683877252203246 49
189 0.44561347427945186 0.0587871519046086 18
190 3.137886644365302 1.3261346153910258 83
191 1.8214890334810792 2.4056442688170794 39
192 3.1880538888510506 2.8251037255126508 33
193 3.862502809657614 0.8682022211539021 16
194 0.295406182610713 -0.4757421831442784 79
195 2.334246830191651 -0.4760932807446669 48
196 0.5789898616532289 0.18349059156342465 7
197 2.6628016965532533 1.7482149842004364 77
198 2.2746627545670433 0.7287717864229505 31
199 3.315494465966609 -1.355010435416174 9
endpoint1 endpoint2
50 96
112 176
117 159
38 86
86 181
180 186
89 94
103 122
88 124
8 148
80 155
70 162
53 106
104 168
139 184
28 108
80 177
91 193
109 151
139 158
75 130
11 125
34 182
46 142
55 161
8 38
110 171
25 125
66 137
61 182
104 137
72 134
10 104
168 179
31 141
135 197
84 102
2 12
110 195
27 60
50 108
59 187
61 94
71 123
77 100
84 161
95 113
65 175
41 43
184 194
101 193
164 194
63 191
138 194
7 186
66 84
57 121
36 141
5 96
59 127
2 7
44 98
3 22
9 79
109 163
65 142
152 186
40 168
114 147
105 126
103 139
31 33
87 196
67 130
24 125
3 77
135 140
16 163
48 183
81 159
144 156
72 180
9 29
70 151
143 199
135 170
17 77
56 96
29 101
104 163
82 182
42 196
152 155
71 83
3 31
14 72
31 46
29 42
32 167
69 147
73 80
49 76
163 196
12 174
105 129
145 180
13 155
77 190
89 104
80 179
100 190
68 94
52 176
37 127
41 116
32 79
47 163
40 150
109 175
143 190
6 21
43 122
84 164
54 85
28 81
101 198
12 44
105 138
95 155
130 163
46 110
82 168
26 140
120 148
115 117
32 96
12 96
31 143
108 165
140 146
0 38
112 160
79 147
128 136
35 174
131 133
33 57
115 167
42 141
16 136
15 64
68 180
48 178
81 164
27 96
37 164
39 128
79 96
11 151
50 166
15 50
180 196
46 61
111 113
12 117
124 159
66 102
10 69
55 177
4 132
62 93
9 87
173 198
69 142
81 88
71 114
34 57
9 178
31 35
100 117
9 57
34 154
160 187
23 144
14 147
130 181
11 182
4 109
23 142
12 177
53 109
50 161
66 71
67 111
34 124
51 176
121 133
134 195
27 34
68 127
93 154
84 177
86 94
55 164
27 88
76 197
148 157
67 147
7 170
60 128
67 78
54 195
19 95
76 84
150 173
61 147
3 96
52 148
195 198
163 189
139 146
93 112
8 196
63 107
11 113
114 131
60 75
25 95
2 43
15 95
85 189
41 139
0 125
20 112
40 77
53 85
86 186
58 137
82 166
16 79
67 93
51 190
145 197
143 155
52 185
168 183
28 29
43 95
0 56
14 88
26 39
153 182
30 184
45 119
102 104
129 153
0 116
27 76
43 182
39 164
14 23
63 129
57 125
2 144
49 167
6 106
39 152
137 188
24 143
70 76
72 111
104 108
24 91
122 196
19 30
157 187
22 116
37 171
74 198
38 148
55 79
90 113
55 101
27 173
63 74
61 70
151 162
58 162
42 161
108 125
175 179
20 81
37 190
133 169
123 154
56 81
140 185
24 58
21 190
80 84
108 170
147 191
20 183
73 123
4 41
89 177
3 191
66 131
50 73
18 169
70 133
133 136
40 85
139 183
17 85
51 128
119 125
11 78
2 197
99 120
50 64
17 137
119 177
186 189
31 197
28 66
135 171
36 139
29 102
83 105
80 165
6 104
11 139
125 160
138 185
33 69
1 60
57 79
10 65
128 131
178 181
4 31
97 127
19 168
114 141
143 182
152 166
150 197
141 144
104 116
4 180
28 89
29 69
58 153
132 189
74 196
0 18
18 196
78 198
2 131
96 159
22 70
170 183
7 93
33 94
89 132
44 109
91 111
88 155
28 156
73 112
131 157
55 59
90 173
153 168
69 157
29 187
190 192
37 43
8 182
104 138
82 145
145 148
64 199
66 160
77 94
5 92
60 115
52 144
67 88
22 89
14 170
51 189
42 106
12 152
5 153
95 106
37 67
14 127
3 54
16 30
3 161
42 140
184 195
185 187
164 195
132 163
20 133
1 75
51 65
44 47
164 169
45 46
26 150
134 159
112 192
21 197
39 159
26 176
98 112
21 175
3 128
55 182
14 70
113 185
5 182
156 191
4 70
92 139
1 76
15 116
118 172
153 198
17 161
7 178
24 100
113 126
133 153
103 126
187 196
76 171
86 171
74 165
23 101
16 80
13 24
19 61
180 194
34 192
89 129
77 158
0 162
27 35
84 176
110 189
63 198
98 198
39 89
103 153
42 152
120 194
151 161
41 165
16 56
155 189
139 167
54 194
7 65
0 10
5 123
20 197
84 90
6 157
47 53
73 118
103 184
161 196
23 44
44 163
148 155
81 136
101 197
40 76
51 122
116 180
57 147
149 168
161 175
150 167
10 23
70 178
100 166
75 188
2 11
47 171
3 18
0 93
172 194
33 56
24 83
119 158
14 103
67 158
69 174
189 195
101 168
10 30
15 61
87 122
6 143
96 98
59 86
9 76
95 196
5 17
2 193
43 150
30 43
152 163
129 147
8 61
76 106
32 163
10 63
107 139
124 195
29 98
106 182
108 148
114 175
2 55
0 164
69 118
27 37
93 153
32 33
6 178
51 198
147 157
156 176
24 109
34 140
38 45
106 151
42 160
51 119
117 174
41 77
139 191
166 193
78 103
35 126
1 178
6 121
12 100
169 197
106 192
99 132
13 122
22 47
29 32
16 27
73 94
15 68
83 156
129 185
46 109
135 179
162 184
1 139
14 55
90 108
64 151
4 9
71 88
22 169
97 103
98 111
48 121
18 126
6 37
81 100
16 139
66 157
31 39
11 37
27 79
129 178
130 185
54 127
28 127
87 145
6 107
73 149
42 198
60 124
96 135
37 110
4 30
5 168
