nnodes nedges type
200 600 graph
nodename posx posy weight
0 -4.6291375723170285 -4.046453793189091 8
1 -5.5294657687321225 -2.0495158708715002 2
2 -5.7472248432885324 -4.675315528559389 18
3 -4.739208527977155 -2.5657843893329364 61
4 -4.006103316973858 -2.1382874019666245 90
5 -5.765568031486443 -4.984364157389203 14
6 -5.272209680014102 -0.786620991575512 31
7 -7.773714591780774 -1.49166380094297 19
8 -5.704762410954251 -1.441811487253631 68
9 -4.216527346339225 -5.859034881037873 71
10 -4.695622153214676 -4.659585687044142 1
11 -5.286684890385231 -5.681545144770271 5
12 -7.592120040763977 -3.8117594004748967 97
13 -4.726677996972523 -0.8803766494375482 63
14 -5.879891187979983 -5.763646901769275 31
15 -6.354864529608083 -4.799155689817862 16
16 -6.059652432688204 -0.5128390532410757 88
17 -4.578210227454783 -1.3714182549803908 73
18 -3.87113606488366 -3.5515161577774843 28
19 -7.9381413769054205 -3.9232239538716147 78
20 -4.766348723465925 -1.7495045770577142 17
21 -7.594672034547104 -1.5677074964881834 51
22 -6.810884992383575 -3.5096131332793146 53
23 -4.519729434124825 -2.159266770906014 47
24 -6.034365299833482 -4.025883137662116 88
25 -3.7554895424051757 -2.8673077242898963 43
26 -4.062061315898566 -5.092411652214198 83
27 -6.580475597490684 -3.938519635875921 67
28 -5.007118249058657 -1.119000904172319 84
29 -8.109607351685728 -3.930987504632576 33
30 -7.524206904863917 -3.9760105157285976 23
31 -8.41956991483521 -3.7716699868009047 33
32 -6.795761416902737 -3.0725672553188725 36
33 -8.350961308481303 -3.283421074975938 26
34 -6.2192713517659675 -4.41807131258919 92
35 -3.973518764274429 -3.1042177220936003 80
36 -7.091553789522997 -2.452459311818479 68
37 -7.4082334264846335 -1.4034891376802132 31
38 -4.7721613264539515 -2.8373549030022565 88
39 -5.073373049636754 -5.167721113437444 90
40 -5.267381266064182 -4.611098198648328 98
41 -5.54042089400585 -3.3652697321314586 34
42 -3.41909500536481 -2.30602862032688 72
43 -4.117697800327629 -4.60651863182196 33
44 -6.0993307327675685 -1.2084347579088837 54
45 -5.548259725799999 -3.8466098341046515 66
46 -5.191265452475707 -1.5457135571520464 10
47 -9.41711582134298 -3.7496258441761117 51
48 -6.087782632076503 -2.4917901987904285 33
49 -8.612813087078907 -3.1103598083432287 70
50 -4.279873167952628 -3.5372273540104984 56
51 -7.70491666387828 -4.603669778589177 11
52 -6.099393435057573 -4.871457625038446 40
53 -7.223023193824076 -5.47822141642357 15
54 -5.912871019002278 -3.5338107211293224 73
55 -8.002173254647575 -3.1872811928711346 2
56 -5.4239610651476715 -2.9328282288652394 53
57 -6.060754241864904 -5.288982075795689 30
58 -7.372754536810329 -2.544247738955724 59
59 -5.346831374248996 -2.5820549094255187 21
60 -5.699418510963016 -3.493964843068117 76
61 -7.012151318445023 -0.8738369433584467 93
62 -4.32977771408616 -1.5191722588767995 16
63 -7.048617490159775 -1.2212597250083286 91
64 -6.467297367415494 -4.288584085201169 59
65 -4.9472343297746315 -4.960078843233684 9
66 -4.824967943886593 -4.461212427442892 81
67 -5.441201248553774 -2.441141293297615 89
68 -8.800391396929623 -3.4595518091238726 6
69 -4.936742120156332 -3.534134636496106 49
70 -8.301756176099339 -2.347588066093563 62
71 -7.147130972391404 -3.7839825080712264 83
72 -6.473573255026106 -2.795708389301185 41
73 -5.594409062414695 -4.513009956423972 43
74 -7.5388502128986365 -1.1672128880047765 49
75 -3.244055471413173 -3.186964799073114 83
76 -7.208012168360468 -3.020559368671696 56
77 -7.828258271450828 -4.541410381727798 76
78 -7.120048929086587 -1.7572016031052955 63
79 -5.933781788029078 -1.3625204988447959 4
80 -4.886590671606266 -3.2887899896574613 22
81 -4.92045336520976 -2.3531006659024913 47
82 -8.496986935829684 -2.7810088080442297 92
83 -5.842406543921941 -3.2853229285726253 93
84 -4.757513984780449 -5.611045726483028 61
85 -7.295163991674746 -4.089173438589277 65
86 -5.565724323596853 -0.011181012630958373 15
87 -7.214099009212879 -3.5332890562283485 86
88 -4.673093987787313 -3.1329277180825037 57
89 -3.699408087202431 -1.94678447333334 12
90 -5.753918720490505 -0.6312840623917831 29
91 -6.933755829063888 -2.8375767295783167 24
92 -6.208124776671699 -2.634004495252485 79
93 -6.474752100670998 -2.2860039657894933 43
94 -8.499820961516983 -2.076780531106879 75
95 -5.485422499353346 -5.300710146529678 14
96 -4.57763069794195 -2.343466952809125 78
97 -6.798820013890289 -5.065027468065399 74
98 -5.192453747567162 -5.247544531186324 29
99 -6.929306500501401 -0.27131515979532755 52
100 -7.567586384773444 -5.116124914782966 35
101 -3.198410671267236 -1.349727577659492 32
102 -4.973012065239692 -1.9062107336526326 92
103 -9.14763675048555 -3.651318196376298 11
104 -5.5421648451913255 -0.6586747364263703 41
105 -5.684861624442006 -2.2198523833754114 70
106 -8.993815192804849 -2.497807311780296 46
107 -6.3549835671829795 -6.050383635014952 66
108 -6.297512518489703 -0.7009223470017305 2
109 -4.386519179454545 -4.793049380642698 81
110 -8.430628239029089 -1.8544245437207973 78
111 -7.354708284847465 -3.285832835051708 76
112 -6.580185703576889 -1.6534032591118308 17
113 -7.264461158529531 -2.2468614329460315 72
114 -6.067847165330275 -3.1016770114916743 48
115 -6.178764550760904 -3.3430416558398015 77
116 -3.770530210876867 -4.391542587742506 69
117 -6.948051747007719 -1.480621045693773 99
118 -6.578421132063945 -5.2641929107789105 79
119 -5.5807280910114265 -2.758987661297852 68
120 -6.792996994732365 -1.3677014772330125 34
121 -7.716013613566847 -3.298695490476883 44
122 -6.575309636898518 -4.063882472819946 86
123 -5.73479755481502 -5.464173894761454 76
124 -7.300741204225055 -1.944643566065854 14
125 -3.7000963445863833 -3.4583786966226753 58
126 -7.813376191664074 -3.530800344287906 50
127 -5.407244916550293 -3.770304174827142 82
128 -8.423842175931199 -4.123249641669764 31
129 -5.847362688989317 -1.790612295348238 30
130 -6.529780823102582 -4.650278939716428 93
131 -6.725329911444005 -2.0747936705430416 23
132 -4.13547721646803 -4.245770819401001 29
133 -6.259347779467571 -2.0029035649676725 2
134 -4.047425664497192 -2.8315177999579686 49
135 -7.923694060526718 -2.382019306020522 7
136 -7.6543286797447445 -5.743245312343345 81
137 -4.430902237329829 -3.729635698526676 22
138 -7.611834741189965 -4.505362899770116 55
139 -6.668950578488436 -5.637144021340111 93
140 -6.897290015017493 -3.731265400529548 11
141 -5.612278464669503 -4.854654468704323 88
142 -6.764472424405765 -2.486157971562113 73
143 -7.86214009979907 -1.7013976076662702 98
144 -5.133100838270959 -2.9885537589253395 42
145 -7.170084494403529 -2.0563194181148843 63
146 -6.374690710992478 -1.1438210984750337 3
147 -4.255973196941845 -0.843702188038552 69
148 -6.526344763588057 -1.157769729052879 62
149 -7.047626980822026 -5.056896920769507 92
150 -7.123073716014453 -5.8050724511463505 87
151 -8.183507524134352 -2.8227083990455206 75
152 -6.231296536103314 -2.8529101448388365 26
153 -5.289112951406463 -1.3485931182777349 97
154 -3.7990340868941517 -3.7330108045295476 48
155 -8.231582073222892 -4.220214768375802 52
156 -6.460301062253015 -2.4752489844220764 66
157 -8.196587781830997 -2.274456357290285 92
158 -5.868271027019623 -2.207469162744545 51
159 -6.981912569984113 -4.018862492819901 88
160 -7.42586938863253 -4.67301356741876 29
161 -5.259676815130747 -4.388028156304538 63
162 -8.400494745554951 -5.002622010975745 4
163 -5.061760727961498 -3.703859008048768 27
164 -5.3874977108531725 -3.934219835590015 3
165 -6.500491700371913 -0.2004487409481693 50
166 -5.4900393486472465 -1.484457310967926 21
167 -6.170100363226764 -1.8705284368027 67
168 -7.027399885464792 -4.95150866684095 87
169 -7.582235911682166 -2.006855213239663 17
170 -7.0431381757412135 -4.775039028335324 67
171 -8.571326959560412 -3.728712374970145 57
172 -4.1821737050891175 -1.6420480422397425 72
173 -6.458050985914394 -3.4233259132207907 2
174 -5.061538983904339 -4.788194419862396 39
175 -7.8161366031526445 -5.092489616941007 51
176 -3.3704900692995747 -3.479100853378851 90
177 -4.404348373839286 -1.7956516817742685 94
178 -7.462171593563632 -2.728857475076595 75
179 -4.174399388010021 -2.7013615848532284 42
180 -6.4759796148064765 -3.5749715247935963 1
181 -7.003387863735603 -4.404945917607348 16
182 -5.305296434388181 -6.0314174999534655 84
183 -4.243937085662622 -2.4941576375799914 90
184 -4.561370480448409 -0.39440188812436167 98
185 -4.16018238698621 -4.10480383774583 38
186 -5.674726669011214 -1.1586044633556971 33
187 -5.890092496493406 -4.095300727307928 23
188 -7.24036823404375 -3.2943565322574786 39
189 -4.35546706519768 -2.9865142370483184 47
190 -6.214112885089272 -3.678956759004463 88
191 -7.506144786982225 -2.2042203019172244 14
192 -4.986639917258408 -3.1171530736354085 7
193 -8.136016901436227 -2.716087108891471 52
194 -5.333184578246129 -0.44106008093358046 52
195 -6.828246506586731 -1.7930001977186003 2
196 -6.69095156896049 -5.165904644793621 95
197 -4.713975860692531 -4.25408035384823 1
198 -5.755449447735302 -3.0844413800819552 18
199 -3.6421460781613963 -4.084108310556751 38
endpoint1 endpoint2
35 88
114 140
2 84
41 158
120 191
174 176
145 156
13 131
4 104
15 30
44 56
8 148
42 88
78 193
111 157
123 132
58 103
48 152
44 86
159 188
148 195
71 193
134 198
63 111
3 40
50 144
54 61
167 189
9 39
48 163
174 187
135 158
66 163
76 87
102 169
49 51
120 146
19 70
35 96
50 177
18 81
126 156
22 178
138 180
41 127
27 60
166 179
56 158
94 143
113 129
20 158
36 80
119 187
160 162
105 141
26 116
70 156
38 60
120 153
86 147
85 127
41 197
124 167
126 135
80 197
19 188
40 130
100 136
70 193
15 161
0 170
152 160
87 196
38 164
123 181
120 186
22 112
41 189
121 187
76 170
105 152
81 177
77 171
45 185
111 124
12 114
80 89
20 172
72 120
54 56
80 127
12 193
60 168
33 47
30 49
15 114
109 115
121 188
92 191
125 199
126 175
113 193
63 145
17 88
166 194
14 160
91 195
55 133
138 139
41 116
88 156
25 89
73 119
45 102
56 153
32 37
32 190
60 167
27 95
113 142
38 79
1 192
33 191
2 71
15 123
83 181
92 152
17 156
4 81
36 186
77 93
51 150
142 195
38 59
83 129
168 175
69 81
16 99
25 56
108 165
0 38
110 193
146 178
113 173
68 128
132 134
112 156
8 190
51 64
46 113
57 127
71 155
31 110
3 114
57 97
30 126
55 155
19 55
90 146
109 161
34 95
15 163
88 144
172 184
63 67
28 167
3 79
23 144
116 185
73 183
76 93
56 72
34 124
180 195
27 181
37 145
6 129
89 101
109 154
80 190
16 119
93 119
32 74
8 35
74 112
29 191
94 171
106 117
163 198
69 187
160 168
137 198
66 164
67 78
65 66
120 169
72 131
53 118
56 198
166 192
46 198
138 175
27 138
67 122
75 134
140 149
10 81
45 100
36 79
27 198
109 199
81 108
41 173
164 199
110 145
69 164
33 151
161 174
133 148
104 147
105 146
92 115
59 122
2 179
179 199
15 190
30 31
35 80
142 188
72 78
4 60
17 28
68 168
181 187
48 94
118 182
7 152
40 52
179 185
66 182
10 150
139 170
32 121
101 177
11 137
92 195
56 67
95 182
43 84
180 198
36 151
51 173
60 192
46 67
52 174
142 157
34 196
72 111
52 55
176 189
152 164
16 129
55 169
54 178
67 134
95 139
26 123
91 187
41 161
11 168
39 50
130 173
27 145
63 148
22 64
37 104
138 162
0 54
50 185
77 155
22 51
140 152
90 133
30 170
128 190
98 197
161 192
138 150
26 88
7 142
108 194
53 160
88 92
69 185
36 191
14 130
130 164
140 163
61 145
133 169
54 98
126 181
43 66
49 171
83 91
133 179
105 177
56 183
24 32
114 129
28 62
32 57
48 67
32 178
7 135
109 197
1 83
116 137
58 173
30 198
97 162
1 117
24 27
136 138
38 152
33 106
51 128
102 133
21 78
45 65
71 180
46 177
12 149
24 39
119 125
2 32
18 134
90 177
119 155
99 120
23 28
42 147
189 192
58 158
135 171
58 115
31 106
41 64
87 144
117 124
96 152
56 69
46 184
34 97
180 192
51 175
22 161
49 145
47 155
20 163
3 173
9 182
63 79
59 172
31 53
104 131
3 89
0 18
66 67
95 185
19 64
2 24
159 191
59 96
58 78
41 117
141 175
83 197
167 188
6 177
40 187
39 84
53 174
92 159
139 196
48 164
11 40
82 145
71 133
69 72
19 73
92 112
33 87
6 124
127 152
27 164
74 157
60 71
32 59
1 81
48 91
79 93
107 122
96 183
42 176
48 151
122 130
5 111
123 139
39 159
24 140
134 177
77 139
141 161
105 194
73 98
115 135
65 141
37 76
167 178
61 86
30 188
20 166
34 56
22 31
81 115
1 76
129 183
41 188
145 152
143 198
56 97
77 170
1 129
121 156
141 192
9 109
110 113
60 127
127 142
62 125
12 115
85 196
171 181
140 157
70 124
51 196
102 192
24 69
82 122
35 137
59 132
31 55
40 69
83 149
58 120
130 169
15 136
108 145
103 162
8 195
77 151
28 158
12 64
118 123
64 180
34 181
147 186
166 191
128 178
44 133
91 158
142 180
10 35
92 153
48 166
78 92
41 174
54 76
83 154
8 21
13 147
33 138
42 183
30 82
98 132
55 126
70 178
104 184
57 95
89 147
114 189
59 81
137 158
24 173
14 125
24 83
92 144
59 146
29 85
23 154
18 52
79 99
145 191
105 190
159 181
19 193
5 170
44 145
93 186
92 133
0 96
41 59
5 197
107 139
40 64
111 181
126 171
12 178
44 62
117 165
90 112
156 198
21 83
77 130
92 126
10 196
23 93
87 105
22 50
143 178
65 190
0 65
32 33
118 131
54 180
25 127
38 75
129 142
4 176
52 111
144 172
40 109
45 56
24 156
66 95
165 166
65 123
98 139
12 100
64 144
57 84
75 185
13 96
23 48
148 191
153 172
71 121
21 131
43 154
112 152
54 66
45 142
5 88
22 93
81 186
85 113
44 74
164 180
80 173
27 29
114 187
3 20
62 119
124 131
45 92
68 131
19 160
72 198
71 118
62 89
119 152
84 174
59 148
29 170
20 129
72 85
41 48
43 198
58 114
30 91
36 138
120 158
76 168
85 122
5 107
21 193
73 149
53 97
85 100
