nnodes nedges type
200 600 graph
nodename posx posy weight
0 -1.510361803805346 -4.197494976870992 90
1 -2.27646011398988 -0.8792639581250632 91
2 -4.284690307958858 -2.627112552789705 59
3 -6.0169608447749585 -2.882580054989662 60
4 -2.0524725458161917 -3.8761259209110945 78
5 -1.197683488598657 -3.9269301843901907 79
6 -2.488833394536962 -6.5028571066630745 77
7 -2.464156880066062 -5.102121029594006 78
8 -4.276947234668338 -5.647884921898136 36
9 -3.578211287639278 -6.764859649969151 24
10 -4.251037292285236 -5.109000389049477 72
11 -5.104464532569922 -0.5525201132414449 88
12 -2.8189002520870563 -2.0902333557187074 16
13 -1.2868625821268171 -3.2808488511918474 39
14 -6.189963320161274 -4.48187236564461 86
15 -1.5527928966215798 -3.555196384691148 77
16 -5.868867831568051 -3.362019731416094 31
17 -4.5561045332360095 -5.342549863521611 51
18 -5.786678958222163 -2.579285552576493 70
19 -3.056024412809981 -4.9131728374825805 73
20 -2.9994277904046385 -2.477166627399446 76
21 -5.496535910397127 -3.0592948536853855 82
22 -3.121862091929348 -3.719304207451161 5
23 -4.633038319766179 -2.0919607722819906 52
24 -4.949663655786495 -4.222981451889068 39
25 -2.8025538607570284 -5.739693988765423 47
26 -4.8312295096370335 -4.461060296844617 64
27 -3.0770415240029445 -5.086141167101987 47
28 -5.000163593190705 -3.526885357448494 1
29 -5.419102170982224 -5.882140630924473 92
30 -4.285538452615727 -2.2245004942582867 14
31 -3.894085008583699 -4.930454329898952 22
32 -5.235707675466773 -3.7756097313477226 30
33 -4.931601630794798 -3.8691294913740735 52
34 -2.2892487993649064 -3.0761750836044732 60
35 -3.4482562895014652 -6.167508177626915 97
36 -2.9062255152083916 -6.251630423006266 26
37 -3.9870292153337816 -4.562090009147754 78
38 -1.6526221477711838 -2.3504106015249016 66
39 -4.294728465320625 -3.877968412006864 27
40 -4.085321282283287 -1.3088591860620777 8
41 -4.788665263586733 -4.782666904277573 90
42 -2.6703694089228738 -3.5596501362883437 94
43 -2.031066459625323 -1.3419027742806722 44
44 -3.2384232036421827 -3.93555324928362 93
45 -3.355715958358786 -6.320041080308632 1
46 -4.368463785660028 -1.396706211837484 19
47 -3.260342594277067 -5.762728852689897 17
48 -4.393150135956026 -2.397516230750535 15
49 -3.4566315571272823 -4.703682188928159 13
50 -1.9747091147756755 -2.9835538294738666 82
51 -1.4788414792753366 -5.928132046693453 53
52 -3.177402351817431 -4.218259254207461 22
53 -2.032118794383252 -5.636644417079622 19
54 -2.1238462324326766 -5.080447191540402 99
55 -3.34199286525779 -2.926897228841564 64
56 -4.504677760947244 -4.4978618895110944 71
57 -2.5666857319654133 -2.1363942362004997 100
58 -3.09171631195594 -3.458149940651562 25
59 -2.4141128016348685 -2.290842478532497 58
60 -6.543771758133379 -4.650831903607122 14
61 -3.258468706289518 -1.3219607731083862 18
62 -3.8658775448697384 -2.465689758388336 32
63 -4.205833423351443 -5.173456247977411 13
64 -2.2600427916990835 -6.059645352321884 48
65 -4.623222848560507 -4.721736698168119 79
66 -0.7713456743550917 -4.418332854253947 16
67 -2.941153611022953 -1.3838985786237186 95
68 -3.522348965418709 -4.271678131651753 49
69 -4.917756376236018 -4.31297449013224 33
70 -4.490460450117913 -2.969185957847041 82
71 -1.8395421682916608 -5.28706722296057 85
72 -3.8310614873966085 -4.108306996422789 42
73 -3.8522070712154277 -5.119201305532958 61
74 -1.72473079349482 -3.283822002101885 60
75 -6.058380817050463 -4.031486040328398 30
76 -2.9517028590100844 -4.499456440438812 68
77 -5.8625032445992495 -5.405578023557635 73
78 -5.652881536686177 -2.3242818501326687 71
79 -3.230030874744406 -5.693555535937962 75
80 -0.9157198924899034 -2.690810582134107 11
81 -3.048670171517329 -2.927915486841369 22
82 -4.627450413705439 -0.5621866801769465 74
83 -2.173482278460178 -3.445363346043061 32
84 -3.7038405953687144 -3.087156272130615 24
85 -5.130324466735947 -3.0928397525980293 76
86 -2.400470858677699 -4.13231988003271 97
87 -5.009532314397342 -5.512710953668026 48
88 -3.1716449330244765 -1.8239394299276626 97
89 -5.532906890476301 -5.04562976995313 99
90 -4.275535542264268 -2.8569700025454217 97
91 -1.7581046966765699 -2.009548403444991 63
92 -6.380370594941194 -3.440174886588231 75
93 -5.23005787743759 -3.020541971862339 1
94 -1.8501312234759684 -4.969292899620523 69
95 -0.18533426018562238 -2.9868575631234893 92
96 -2.923624384175347 -4.763764369878657 58
97 -4.406786963318885 -2.764988674397421 7
98 -4.042107804394361 -5.47735611078572 68
99 -4.734028693146146 -3.263056105435201 60
100 -3.5937955756895694 -2.3193186450906222 56
101 -2.7628596961917165 -2.5190274261328995 15
102 -4.1358640890469776 -4.226900123995942 30
103 -3.9672898712219298 -2.98048285826371 33
104 -1.365638382380646 -4.301571096786573 74
105 -5.714403414771986 -3.91122919240985 47
106 -2.3666282737698268 -3.687535580451281 95
107 -5.683055641619487 -4.592647113952495 94
108 -1.4566749935547738 -3.032102830551418 93
109 -2.0005522287688304 -2.7040869509976 55
110 -4.655031052350635 -2.3083513839378984 90
111 -2.535421418628548 -4.900498109045285 78
112 -5.039336434278884 -2.898706557029832 86
113 -2.2227249593325493 -4.7994885301113515 11
114 -3.951808699102363 -2.6554780448075905 5
115 -2.7642913028523086 -4.284384083840108 8
116 -1.5813641976414408 -4.693402014304217 96
117 -1.0656895344132713 -5.305360717215254 39
118 -4.104388105337286 -6.1837246022095265 95
119 -1.184154920026314 -2.8531828181495515 60
120 -5.145954008742843 -4.688633427425222 63
121 -2.1036143144724466 -6.090110240152479 66
122 -4.099218522421981 -6.8775036255531345 100
123 -3.4515397531914744 -1.8194649732182258 33
124 -4.811995511424504 -3.9804881699777677 93
125 -1.676722475959555 -3.676274159698904 58
126 -5.256422951135717 -2.169632045212998 96
127 -2.5390909786982463 -5.400472028624916 75
128 -5.489047050434116 -5.279659417819529 93
129 -4.4501547078274575 -5.6380224720732075 56
130 -5.7552012119315545 -3.057128974733069 81
131 -2.3759424255563673 -2.941928382379 41
132 -2.552309642875885 -4.4688234374328895 50
133 -2.828586661491201 -2.2801179635250413 58
134 -1.6707106843300723 -2.669416180722682 3
135 -3.49245009920223 -2.5158492913108317 40
136 -2.7111949504989172 -2.9240600055733124 79
137 -3.344840597317774 -5.601391970190746 10
138 -5.347386078027483 -2.7209248988699777 72
139 -5.670756921376998 -4.397785822616623 41
140 -4.018909956570351 -5.687135520700585 85
141 -5.902218558282355 -4.185381768368657 93
142 -3.3941853294472977 -5.292426304535245 33
143 -5.511836944848882 -3.928326348248644 21
144 -3.984980965734509 -3.0827075681453153 13
145 -4.176051692458832 -1.935527972232039 17
146 -2.633445173747902 -5.14227304233678 6
147 -1.2431285501006986 -2.051477864944751 60
148 -3.2852447373976887 -1.873331827490047 58
149 -3.8313200621394095 -2.0902658147333435 69
150 -2.939086973960947 -5.40200262200207 40
151 -4.996262335473401 -1.5478127520413372 87
152 -4.285207420162706 -6.343218390599346 18
153 -2.871207362914806 -1.255221633234175 28
154 -3.1866391065549937 -2.577594717058898 2
155 -5.306896194629169 -6.814469807244317 46
156 -2.65292176923541 -3.8452743870709036 17
157 -4.491045523774134 -3.62943231111819 77
158 -2.9320999069862355 -3.9570844723677663 16
159 -4.733810056269031 -5.285423726461054 91
160 -1.6208036153856347 -5.261220740874596 25
161 -2.386484991346737 -6.338621781710027 64
162 -3.79788378971779 -1.5012257343921036 70
163 -4.516408673739887 -4.044729262772921 52
164 -3.8836530547494412 -3.4918060690004444 11
165 -3.6545284181583395 -5.678830113334322 49
166 -6.401649765124821 -4.826262462612693 36
167 -5.004972804860807 -5.996167852387586 48
168 -2.0746825159316824 -4.648853152177934 15
169 -1.4501277979232605 -3.575917402680781 65
170 -3.749092358842299 -3.5283706668185633 62
171 -5.792495311105939 -3.602998256237183 55
172 -5.940863098545913 -4.69933398107002 34
173 -2.7632816587121733 -3.11679032965348 9
174 -3.928009198724201 -6.052498857499928 62
175 -4.864609178975976 -6.451768552779172 3
176 -1.3497067722681804 -1.5658562977099686 46
177 -5.277859663190802 -2.446075311304582 69
178 -3.0710873433598027 -3.1485933134846285 7
179 -3.4298697391909174 -3.574664501057937 75
180 -1.903093410725326 -4.1165234419076695 19
181 -5.110655040626001 -5.186666606317844 74
182 -1.905472538548393 -4.4211337537055195 41
183 -0.7226812079042458 -4.143946128694711 41
184 -2.475813179869275 -2.778995927970885 61
185 -5.56287252407081 -3.4637551741970305 98
186 -1.184371212961169 -4.793229170567866 66
187 -4.149945235064952 -3.2909060480100525 32
188 -3.6610770715202907 -1.9340421141252762 66
189 -4.03761369949956 -3.810516405590962 20
190 -4.106861978865746 -4.781290909724658 82
191 -3.5718568013450622 -5.167908752320958 41
192 -4.900979472018673 -1.4180681432251176 25
193 -1.247336217729862 -3.784251401944347 52
194 -4.877041162833405 -2.1262030887885097 8
195 -4.812645219235197 -5.050274351144761 71
196 -3.308992991312595 -4.445674495254186 48
197 -3.6210681811903025 -4.493141442414774 82
198 -5.333446937935431 -1.6666741514215737 79
199 -5.735307266864449 -5.741341587310102 19
endpoint1 endpoint2
167 174
63 102
47 152
50 153
69 139
80 125
52 94
31 44
48 86
4 173
76 100
31 195
23 173
50 84
91 186
110 138
53 64
12 59
26 157
70 162
30 100
105 165
126 149
15 34
71 193
19 39
75 130
18 112
70 112
7 137
42 132
17 39
67 148
58 163
120 172
44 55
97 130
139 177
26 142
28 107
35 96
42 109
47 64
66 119
43 91
42 119
24 33
70 81
194 197
53 142
62 84
10 47
49 120
140 196
103 104
12 184
37 128
61 131
86 117
45 64
108 162
94 108
178 187
108 184
0 81
2 194
38 123
68 171
4 160
112 145
81 133
19 136
31 33
119 176
10 139
126 194
111 168
145 153
47 86
42 196
87 118
96 102
26 164
21 48
34 88
88 149
141 181
6 165
90 185
68 125
22 63
4 38
65 185
185 198
16 33
51 76
76 161
86 173
46 103
56 196
110 123
120 141
125 184
55 178
14 41
3 143
159 196
113 180
44 132
99 105
97 105
29 35
62 83
3 48
74 125
40 194
132 165
39 173
115 196
56 110
48 145
101 138
126 130
67 97
7 115
101 148
5 15
96 106
24 172
72 102
4 20
80 109
99 110
14 124
19 159
71 117
39 76
4 50
26 195
78 166
24 120
51 64
92 141
36 161
106 164
114 120
53 193
127 186
15 50
30 126
7 104
24 179
4 19
84 85
59 178
98 107
24 89
74 111
30 42
44 144
8 165
34 154
4 71
179 188
126 192
68 179
56 124
65 87
70 149
136 180
54 115
44 196
12 177
20 72
150 170
61 154
123 131
187 189
66 71
71 174
35 118
0 52
10 199
148 192
17 127
49 150
94 127
13 104
61 110
68 127
1 43
28 37
7 140
30 55
33 164
85 158
7 170
47 115
12 55
160 168
188 198
45 150
83 115
145 170
52 148
62 136
31 122
46 198
52 178
124 139
36 79
44 134
32 39
131 158
62 81
10 187
96 196
31 180
52 79
154 184
6 71
4 83
157 169
123 145
28 103
99 164
33 84
115 157
22 182
92 105
65 137
99 144
32 62
19 161
72 197
114 148
65 163
15 66
59 149
26 112
58 144
5 66
124 197
36 137
149 154
77 174
24 143
134 180
27 190
60 89
25 41
20 187
2 164
55 179
125 156
108 180
3 171
118 137
88 184
112 149
40 178
48 85
103 157
107 138
42 49
38 43
129 174
81 181
11 23
32 112
183 186
135 188
106 183
88 97
139 185
0 54
101 132
89 107
124 144
139 159
77 155
4 34
128 190
2 46
37 45
111 189
4 86
137 196
49 90
64 94
22 97
37 55
113 197
40 110
50 59
27 140
87 130
145 194
17 118
168 178
84 101
47 175
47 54
28 62
118 155
18 143
4 146
29 63
50 111
109 197
60 163
34 170
23 41
52 73
151 187
136 164
13 182
57 144
49 83
134 135
28 75
24 27
86 146
55 123
111 142
159 163
2 177
135 195
75 177
77 141
101 144
48 100
146 174
81 91
31 191
34 58
73 168
98 160
164 188
47 87
2 136
85 99
75 140
63 97
152 166
63 79
67 136
27 71
175 199
53 165
83 173
52 69
7 54
95 147
78 198
58 100
158 190
22 70
26 174
106 196
5 7
103 190
28 33
99 102
48 78
21 135
4 74
18 172
7 47
131 163
69 167
43 188
82 145
129 165
15 102
125 193
65 70
130 162
69 72
2 154
1 20
24 159
25 158
99 163
27 142
66 116
52 190
22 179
37 121
4 13
127 152
68 135
32 170
79 164
189 197
31 65
122 152
180 183
32 128
20 90
189 191
8 96
120 128
45 191
32 92
111 118
6 137
52 163
142 158
53 150
2 62
68 142
141 187
114 144
17 143
156 191
10 49
44 173
187 196
127 160
100 170
124 191
156 196
17 102
96 154
37 146
59 109
17 120
36 121
32 73
29 41
26 93
119 136
84 158
88 162
4 182
13 55
127 169
92 93
46 100
132 197
93 192
84 124
21 177
115 149
59 193
78 144
159 199
40 151
100 133
44 133
63 118
104 125
114 156
31 181
57 169
102 112
106 144
116 180
49 94
8 21
65 68
28 72
54 197
120 175
33 138
52 146
114 126
140 181
10 113
25 63
36 111
44 102
49 129
101 147
141 166
3 157
37 65
2 37
9 45
74 101
20 153
65 172
57 178
29 172
116 179
77 85
102 167
30 85
131 193
102 185
26 190
8 72
36 150
9 197
69 99
51 53
57 74
39 110
75 139
94 117
38 193
73 195
24 90
56 142
22 132
34 54
38 80
75 199
31 72
74 80
184 187
126 171
98 150
68 195
187 188
56 73
33 89
12 109
18 88
24 187
138 143
25 186
57 188
8 36
35 44
41 129
69 144
88 91
76 127
41 171
12 48
137 197
5 95
57 114
170 179
108 147
55 99
96 137
84 100
116 196
59 90
74 158
97 110
114 154
71 121
34 173
113 131
19 129
72 165
16 170
96 180
89 197
58 150
41 182
42 76
106 184
97 133
52 156
42 86
87 152
104 186
76 143
28 30
27 184
5 12
30 151
16 124
23 192
93 98
97 103
98 111
113 132
42 136
57 176
2 93
59 148
81 135
26 87
114 178
38 184
72 178
41 191
154 170
133 156
73 179
33 129
23 114
2 145
134 147
42 81
145 189
168 191
41 107
33 70
14 32
64 132
76 156
5 168
93 123
