nnodes nedges type
200 600 graph
nodename posx posy weight
0 -3.4352277569779037 -0.6665853042937656 98
1 -3.7544404652793246 2.788722212239566 30
2 -4.835185355227488 1.5041757647629195 89
3 -4.1861488636171655 -1.1730502113561752 25
4 -4.581807041277375 0.6205600246665482 83
5 -4.477424077819546 -0.4060555123801444 44
6 -3.484025773586014 0.38256442348413594 7
7 -4.643347334793707 1.2993510372691053 26
8 -3.4818331654533625 -1.3503621778942811 62
9 -4.839582670398897 0.19931097066200143 69
10 -1.3021942909900333 1.5153023803809833 13
11 -5.411173621984307 2.153057117813888 97
12 -5.145569532673441 2.9974658821834375 20
13 -2.0195608669232 3.121378015880985 67
14 -2.5596539599394283 0.10607557448063523 71
15 -6.612562834305343 0.5590974334866795 51
16 -5.243040661501284 1.3789594962969338 26
17 -5.731466194996462 -0.1320855097425796 100
18 -2.800035863705067 2.1152226327208123 63
19 -2.946527062170721 2.06001578749573 15
20 -2.8631339828135647 -1.1480727295380881 39
21 -2.1505872372767665 1.02213873162113 36
22 -4.343625150937728 2.1523361381894976 47
23 -6.041602758626322 2.001711457184625 49
24 -6.268575294760742 0.14781374942533254 42
25 -3.660687818112007 0.24984831847063893 97
26 -3.648056492506069 3.9117951442623378 91
27 -3.8558920902895393 -0.011953795470890012 87
28 -3.827705244627371 -0.3482376277935627 14
29 -2.4581478991598744 3.588768577241217 85
30 -5.327990234220751 3.4954475005749277 79
31 -4.462552812618239 -0.14863160766450956 7
32 -5.2433348052046265 0.275075544891417 26
33 -4.976820869995655 3.136351337169282 75
34 -4.244321446534634 4.0182094204278265 49
35 -1.9904523797008953 1.3702012086967323 84
36 -4.494264245404429 2.8792743163922223 29
37 -4.115676339277146 -0.7808860863357966 72
38 -6.401600478646759 2.176731699621925 22
39 -5.017224809993245 4.320306548943143 70
40 -5.3167124235806495 -0.2855394932675001 22
41 -1.7589119879772221 1.8028368701541315 71
42 -6.106611597801305 3.4506376696895282 95
43 -5.2628769922025675 -0.5905301711134784 67
44 -2.8363011316924567 -0.6833589623664676 39
45 -4.471772695031716 0.3997027981664599 7
46 -4.724487653287056 4.041368802827447 14
47 -2.446343789129731 0.7216927741777361 29
48 -5.630946220019857 2.9213611938457698 96
49 -6.360558171705024 1.4125945467857395 91
50 -4.240873686785676 0.8051480042978435 12
51 -5.752329992224972 2.379348840344509 62
52 -4.340095899707918 -0.6869107103877696 55
53 -2.9935209580993267 0.9311024687704932 100
54 -2.581535156957275 2.791229155698227 47
55 -1.703487590806635 0.9160243711443941 92
56 -3.138834202647417 1.97216663397578 64
57 -5.373027166772665 2.827895544368491 25
58 -4.683039141220757 0.972806832519571 72
59 -5.004838153866702 1.7205763636205538 46
60 -2.070333125345075 -0.8636046103150696 4
61 -3.1122251766445834 0.265894265137957 33
62 -5.1225000987634 3.6586180393280534 88
63 -4.230112898486235 0.41124740216593836 7
64 -5.002759041224197 -0.24050174573183614 15
65 -4.310444346469633 1.5081398257458254 51
66 -3.4843325937535905 -0.9793797504335514 25
67 -3.249526961906522 1.267885241632029 57
68 -4.792756311313058 -0.6134641276957553 95
69 -6.344765159669385 2.892715407942129 23
70 -3.6311852983229236 -0.1219259417817193 38
71 -5.545470967855086 3.48845527877304 4
72 -2.25796314130869 0.07491392712961736 39
73 -2.0586963806699305 1.1863163571890736 95
74 -4.504258939310277 1.6383047495677598 34
75 -5.075502938909456 0.8347332431511141 84
76 -2.6381776824500918 1.1810470886996718 30
77 -3.1734389460599655 -0.09150612013606486 85
78 -5.918305205947913 0.9937536692923863 88
79 -2.809183919016403 0.4023941560128916 16
80 -3.3202456245186958 1.702391466064289 92
81 -4.827406605199145 2.625257504003054 98
82 -5.863674658851917 0.9485091117270008 1
83 -6.203070069916807 0.7578762549938621 71
84 -5.942364107484305 -0.422489277098178 9
85 -2.692619931114622 3.328503842296422 16
86 -7.173409925272623 -0.42812424260841303 55
87 -4.981763665635854 2.7321678097209605 87
88 -4.453413298358598 -0.6856906342276563 23
89 -3.8725084452686436 -0.6638041880941231 13
90 -3.7432169513827285 3.3968995189410673 79
91 -3.6164984133225118 2.9755582132010088 9
92 -5.5028683425214515 1.149682112456362 1
93 -5.4932357004304935 0.48690549822545265 51
94 -3.8820831499531385 2.055527635333456 19
95 -2.2518463821237864 1.6115604576673679 98
96 -2.3225761044258184 2.265948230712479 81
97 -2.3706584213502615 3.4007666837079964 24
98 -3.489936774820823 1.4985136589841088 79
99 -5.524514257178006 2.5460633958099574 81
100 -6.083636764516392 2.7400698729642277 33
101 -4.4385254535864975 1.0722195713072988 97
102 -2.8918978652397307 1.112708033922415 21
103 -3.840063312411228 3.4186454413155976 59
104 -5.310878825104607 3.284147972253114 9
105 -5.647450469681281 -0.3966965236651548 9
106 -3.3499814491767808 3.539063556913086 83
107 -5.79705179524802 0.4907770452753269 27
108 -2.006798259266034 0.49609800586204145 83
109 -3.40034758614985 1.2966155277977958 18
110 -4.343372421327725 3.437586565606185 57
111 -6.180469234876195 -0.09680069601669226 76
112 -4.082531144975693 2.8132490435712554 61
113 -2.6705885125399758 1.6130835072037764 72
114 -6.086020136825001 2.9594383015304584 17
115 -3.2604157419788127 0.6410023355557661 7
116 -3.8954250352589797 2.446954616329501 100
117 -1.161996851577067 1.8659036490906837 78
118 -2.9912507125684478 3.604683554960734 70
119 -1.4566690893929777 2.251163687164046 70
120 -5.069049880271023 2.3759868732368736 31
121 -3.911125696504839 2.9571719159120007 1
122 -4.094074680510075 -0.3874945827940776 56
123 -2.865408501343012 0.2262493011154847 96
124 -5.683353945668916 1.6897948759157568 12
125 -1.8958705500102437 0.17507528827471325 21
126 -5.899096376110284 2.2568545149627885 40
127 -5.8035556378048065 3.2349071407409986 49
128 -4.822772818322934 3.457109308740293 25
129 -2.170517967734973 0.2690739975467309 99
130 -5.676326986825184 2.187053463713367 59
131 -3.6181653495610044 2.32986675471527 86
132 -2.2961669258920514 0.9063443955731935 23
133 -2.3939669125934517 3.933174974799821 73
134 -6.225744136345108 -0.5305777039416762 46
135 -6.068841476858005 1.1281144885705434 96
136 -6.34649406085292 0.0018183737542763715 81
137 -4.252079203354347 2.73661002527021 65
138 -6.4297998694272405 0.39151005539288747 69
139 -3.857609126830544 0.9247573196060701 79
140 -3.6886544552951097 1.1119376229683764 89
141 -4.274731011673559 -0.0023704994740322586 3
142 -3.7813139879759396 1.5153110151135736 59
143 -4.257202586302715 2.2398172546213937 17
144 -4.037594915760931 2.079754672344995 17
145 -5.775848687451747 1.4131522462352875 88
146 -5.3529322204934155 1.575537595898767 75
147 -2.578441556008766 2.5914474750689336 68
148 -7.119936980935581 1.0949312540666494 69
149 -6.153962287238888 1.9728668298455732 82
150 -6.581115976839739 2.9311638146134418 77
151 -2.919945599038976 3.027691563025239 5
152 -5.790414703143518 0.7342208032658898 16
153 -3.105672415604599 -0.38425782747805065 30
154 -3.0603165041239238 2.2517492922723816 43
155 -3.370096571842874 1.8193410460568766 73
156 -5.153472668729733 -1.0264062884172909 5
157 -3.67757536530719 2.187268225479422 93
158 -4.965896422174445 0.6320219612789056 55
159 -3.9689750258695438 0.3988254842350185 47
160 -3.5746959852640194 -0.361293845449081 24
161 -5.815640737814444 1.5881461140492676 49
162 -2.1736120128400716 2.449865421659885 20
163 -6.610899098728548 1.9533413379566082 44
164 -5.505202798995406 -0.07406122133905962 16
165 -3.944795894950772 3.832145523805505 94
166 -5.3335569743045435 -1.4793144861462002 71
167 -4.770753562187069 2.024097286080109 8
168 -2.835857516239741 -0.21185827902800802 47
169 -6.6229202098641275 1.3347922925857565 81
170 -4.68397903703692 0.26815462072616353 77
171 -2.147075870315923 2.1594399477858714 69
172 -2.9472329646762025 2.5311128454348304 27
173 -3.3134447139201004 4.025153660682573 96
174 -2.69597231675393 0.8413249078267733 62
175 -2.8946098527986237 1.576166561651788 3
176 -3.5068965206641183 0.8891049485256719 38
177 -3.4349640051984185 2.8815204541682964 48
178 -4.710550548344934 -0.9621989796026499 24
179 -5.090772227122733 -0.7628109871168095 1
180 -5.614946476188423 0.960034276944204 56
181 -0.9491138292324256 1.1168678996487844 79
182 -6.489233344393321 1.7942551453310585 100
183 -3.2727787443477996 -0.013654797002851079 92
184 -3.2001328426517017 3.2985495138085965 97
185 -5.088812179414593 2.1756849223909844 96
186 -2.0575438595399094 2.5862307586213342 46
187 -3.2929380536927604 3.6695447435308077 58
188 -2.304149281589407 1.7751130798541657 13
189 -1.5793929338893757 2.67134883826586 28
190 -4.085714009382452 1.2889688623237108 17
191 -2.5497967855128567 -0.20584476636699978 99
192 -4.871023468999134 1.1035847347302488 7
193 -2.5006430902877166 3.1141305091887723 34
194 -4.636052282647478 3.237889552476817 46
195 -4.5272458522460575 4.036892398586992 24
196 -6.696179644237789 1.5577381907563281 29
197 -4.845754374425187 0.5779117359882258 72
198 -4.090376420123226 3.159473218196722 89
199 -4.703378166243952 2.250123553639434 9
endpoint1 endpoint2
94 123
100 106
78 138
53 188
128 184
50 122
27 68
74 116
74 94
14 31
126 169
21 119
7 68
165 187
158 185
107 185
46 194
85 109
91 118
130 196
37 158
116 118
4 5
7 120
78 141
141 176
69 116
98 194
161 199
100 127
7 137
81 104
33 185
17 158
32 146
53 73
85 133
30 69
62 165
39 42
44 55
39 137
57 112
16 196
191 197
25 58
139 151
64 107
13 193
89 176
32 58
88 135
68 134
92 149
63 88
184 194
16 51
113 155
3 68
36 62
94 187
45 140
51 100
165 173
48 150
72 147
0 158
50 168
41 96
114 185
30 149
3 129
86 111
26 34
36 95
28 44
26 85
9 59
6 61
97 186
126 194
14 141
161 164
105 152
17 196
124 190
67 115
53 144
125 153
0 40
48 114
18 119
173 193
44 141
101 122
157 184
130 142
83 146
78 126
7 70
51 145
111 159
54 110
71 165
34 121
14 41
91 195
137 140
19 41
0 47
97 119
27 174
143 190
13 198
22 147
68 153
112 143
6 47
113 142
34 39
94 172
50 77
59 154
102 115
154 186
25 101
13 186
19 98
9 17
28 192
70 155
139 179
56 186
5 152
34 106
30 144
46 151
93 101
7 9
19 159
40 163
62 90
142 190
85 162
15 64
119 181
53 80
94 185
29 112
18 55
164 170
165 171
26 151
57 127
45 164
121 154
73 144
168 188
31 116
96 132
80 199
124 159
34 198
47 56
21 53
56 167
48 196
65 140
10 175
60 181
25 77
55 175
102 109
57 180
5 60
185 195
112 147
61 79
106 133
97 184
35 131
7 58
122 160
136 180
124 194
44 61
87 173
12 22
18 65
187 189
137 167
12 143
32 84
11 98
115 143
140 158
24 160
73 76
45 107
28 37
63 72
130 146
51 199
52 64
58 164
93 174
83 148
110 121
102 170
91 96
4 138
28 159
21 154
172 174
2 43
74 123
110 175
79 178
42 128
98 177
122 178
154 184
54 77
152 197
3 105
66 89
109 140
62 149
36 104
45 67
34 104
92 105
173 186
20 43
74 152
4 22
93 99
28 140
48 120
10 162
2 199
74 98
82 109
95 125
103 142
97 165
65 197
108 113
36 163
65 92
26 112
58 144
135 169
51 104
83 136
76 175
94 193
79 98
101 177
1 167
23 71
38 101
2 61
59 180
6 31
99 127
40 178
38 81
113 144
59 128
107 138
184 188
61 190
88 123
129 174
82 178
67 81
49 59
12 137
15 170
1 41
78 182
29 189
53 160
142 176
101 102
18 174
132 186
47 125
63 183
19 97
11 12
1 22
102 168
15 149
87 130
80 183
146 157
57 91
33 75
47 175
27 61
24 169
18 143
112 131
61 95
172 198
56 131
146 198
59 158
35 153
21 122
16 65
28 31
25 139
170 197
78 158
64 142
59 82
4 16
50 159
27 40
23 38
5 63
91 142
31 197
98 160
11 58
5 64
85 121
62 130
95 176
89 153
47 189
50 188
25 47
22 161
59 182
0 160
0 77
156 180
3 179
160 191
4 180
78 87
26 121
104 131
82 150
63 136
92 190
37 179
1 19
13 19
87 135
68 93
4 6
2 50
99 128
9 92
53 132
4 149
12 92
51 82
16 144
127 199
106 113
75 92
103 114
51 120
157 172
63 159
137 172
48 144
7 90
104 182
21 67
87 99
141 168
52 164
29 154
52 75
8 52
141 156
84 136
40 49
113 154
65 192
128 195
49 81
22 126
56 116
81 165
55 95
177 199
64 77
71 152
98 129
112 192
145 185
92 192
66 79
58 80
96 131
86 138
22 74
43 83
21 76
101 158
70 73
102 157
23 32
3 166
82 105
0 72
6 197
69 169
131 183
130 180
24 100
4 108
23 143
139 174
31 84
19 87
122 141
81 176
38 145
111 145
5 139
85 97
18 90
53 159
115 140
19 35
4 25
15 169
171 181
6 154
9 89
18 116
75 109
43 141
7 141
33 46
175 193
50 83
120 194
26 71
58 167
132 191
129 162
26 97
76 91
133 172
10 108
103 162
75 135
99 130
32 64
105 111
27 56
124 138
24 166
47 53
143 185
2 42
58 63
112 128
95 117
157 176
59 157
38 169
120 175
7 190
102 172
14 168
16 199
118 195
80 171
37 132
170 198
99 139
18 102
33 198
52 166
45 94
128 137
152 182
40 45
66 159
54 186
94 190
8 28
11 57
80 140
33 131
57 126
50 167
9 76
69 99
146 170
22 162
4 28
44 123
54 155
132 142
53 190
88 183
17 141
84 145
2 112
94 161
131 185
32 153
184 187
38 42
80 131
135 167
51 110
66 170
120 163
140 171
46 99
54 106
58 89
37 105
91 116
109 153
4 27
49 149
7 126
32 75
35 95
70 88
50 146
83 192
79 142
18 151
14 113
17 134
16 36
3 183
113 117
70 141
16 179
79 113
72 132
106 177
17 93
134 161
111 134
100 185
74 180
67 125
169 197
45 192
143 187
23 48
6 8
103 144
83 182
141 159
76 118
110 150
1 145
80 151
52 156
67 199
114 161
155 192
23 83
49 135
96 109
63 121
48 121
114 149
172 188
74 99
75 115
113 132
147 171
56 137
23 148
107 148
11 59
58 145
143 197
2 145
57 124
30 91
31 107
20 76
32 122
127 167
102 191
36 144
107 192
18 95
52 175
34 90
