nnodes nedges type
200 600 graph
nodename posx posy weight
0 -0.5570175286895455 -10.467157085597396 93
1 0.03499632979001187 -9.897787594291067 11
2 -2.9233476703288614 -11.719992432901712 90
3 -0.07725078215452166 -11.154688568196246 6
4 -0.8615844578186428 -10.76034289754804 51
5 -0.6623122453782756 -12.578618518326913 59
6 0.6003553441798808 -10.85183515491719 95
7 -3.927281565693369 -12.139505385912678 45
8 -1.1576700692580948 -11.121905838505793 87
9 -2.7695496384607643 -8.486083315028031 77
10 -2.4332884029855455 -9.64972654371177 7
11 0.2322441299237473 -9.897120042620905 95
12 -3.4898589448561883 -11.43025429399681 79
13 -1.0143363488139183 -12.129817492216855 28
14 -2.531527617006467 -11.823635620749164 39
15 -1.7496634108755909 -12.005223756839058 22
16 -0.08434241186491111 -11.649015603485273 98
17 -3.1960480652367993 -11.39724214154211 79
18 -1.1905099146248788 -8.278017104046683 90
19 0.7470522796811414 -11.460725069178912 47
20 -1.5727912290412722 -9.296818029485495 9
21 -4.082819125637716 -10.538397898472622 23
22 -1.3410060562838584 -10.508193563464182 84
23 -4.128703407200486 -11.128710298311445 61
24 -1.9995383781455052 -12.560289535085115 98
25 -3.91725482143326 -11.27481951720487 1
26 -2.1518797809559107 -11.955967635106271 39
27 0.5895962901810831 -10.192146927616056 13
28 -0.9022741891406661 -8.479070080740762 5
29 0.7072679125131497 -10.652398926504393 31
30 -0.3931098746761702 -11.733653992592329 29
31 -1.8327498012175953 -9.170612290519632 75
32 -1.9850506288446768 -11.737856515905996 54
33 -2.1556473546508124 -9.907671565410515 23
34 -2.769054143380673 -11.718196574390436 67
35 -0.17064703030741965 -10.086329723991371 84
36 0.4755398598581243 -12.160334558613592 61
37 -1.3189544735312055 -13.353383481028516 33
38 -0.3096142758697906 -9.22182587527951 100
39 -2.356388807717062 -13.454113429277466 18
40 -4.605596684072257 -10.85847721778261 91
41 0.2302356050586339 -12.173750272547057 55
42 -2.848375560306284 -10.980574829614415 34
43 -1.917964963801779 -9.70497051205791 73
44 -1.9844944712790857 -10.285045620049017 39
45 -2.5608687582671927 -12.835791474181278 84
46 -2.412281632321172 -10.275642183630861 3
47 -0.6356405513110053 -10.088814558781007 13
48 -1.818012122893519 -13.146466747165885 22
49 -0.7100812964357991 -8.957387125434789 19
50 0.2267263450947726 -10.284092283278257 76
51 -2.4038180503977506 -12.20343046878287 46
52 -2.0486717785056148 -8.34664943219401 71
53 0.937461502372718 -12.09889907122974 6
54 -1.7485906263452755 -11.112023336517296 57
55 0.17718520572130797 -9.658885897567092 76
56 -0.15444104720274646 -11.538623141911527 28
57 -0.7929938036724383 -11.476245070936557 62
58 0.8772611313638377 -10.823758768982337 100
59 -1.6797776373339635 -7.134111538832008 28
60 0.3621228994587042 -12.49388273472012 44
61 -0.6591858642547 -9.292638448050441 37
62 -0.9370919196551748 -10.625165581281072 45
63 -3.0211285916935973 -8.410110116177709 56
64 -1.6111659380970214 -11.024628800075254 21
65 0.44604006090956444 -8.64663825554728 100
66 -2.9138208711399 -10.144489005004083 21
67 -4.493504454364296 -9.9614763075511 55
68 -2.9032278984908855 -12.065504275122256 92
69 -0.058365557831908575 -10.657633367589153 79
70 -2.4964796494160275 -12.538029386098051 36
71 -2.153282632624646 -12.310054212879422 36
72 -4.327412736669452 -12.584847955997155 33
73 -2.774217508463242 -11.250518743675174 67
74 -1.2499242393362704 -12.098258514145128 36
75 -1.2904169734370663 -9.23465523393722 5
76 -3.3065504240302372 -12.518005369456466 75
77 -0.3593333540567107 -11.981490202825803 26
78 -3.125091741949982 -10.85579442345195 18
79 -0.4270594083745011 -12.473700587930479 81
80 -3.512755306954677 -11.773233091177243 46
81 -0.47356542213451036 -8.839933868379598 90
82 -1.0493777467245058 -9.917716905717636 95
83 -3.2224776788978358 -9.835142654281759 52
84 -2.2139783157158597 -8.96249665053592 16
85 -4.105594988036646 -11.832474949500506 71
86 -3.2264040641953438 -11.002149775784668 36
87 -0.9482099483010377 -11.88600445953356 5
88 -0.9087124456053318 -9.020113298266988 21
89 -3.144500489474495 -11.576541088657832 41
90 0.4427946320501712 -11.143703091055801 60
91 -3.2304398191138413 -9.58199836271413 6
92 -0.6748907525785202 -10.28284469201693 28
93 -0.9192529437837775 -11.008996667278472 57
94 -1.4772157610539611 -13.297515872001705 92
95 -1.4387495966837047 -11.889083236482161 13
96 -2.3660342085650874 -10.838152908049906 99
97 0.06719675975393478 -9.350843843349118 80
98 -0.9074541747540775 -9.882192962982975 23
99 -0.8559721185973357 -9.55532338093674 24
100 -3.437053016311982 -10.055665735312528 88
101 -3.8677761721194344 -9.452493024693172 77
102 -4.096110225145859 -9.935230417287524 32
103 -2.430984465829232 -9.056527884571304 23
104 -3.5716601820307443 -10.401817605725372 97
105 -1.3945045962696025 -12.972898139379296 9
106 -2.873032601527682 -10.592799175862048 93
107 -2.9697833100567883 -9.802186094106073 84
108 0.4425012866213922 -11.693668819851897 84
109 -1.9278996509472255 -13.120663678641874 49
110 -0.389755679162387 -10.998984010123053 78
111 -1.6526595191718736 -11.70892124320422 57
112 -3.2299798554611923 -12.280723800610524 53
113 -2.3832040217924915 -10.029132579770934 70
114 -0.2472830688592777 -12.50004046516116 91
115 0.3742385743601464 -11.312240130999596 29
116 0.15015106978633078 -13.079826545028242 50
117 -1.0309493631231597 -9.294687508204547 40
118 -0.6015700333427262 -9.792047988763459 42
119 1.101966705239561 -11.286865714146973 30
120 -2.466113115587403 -10.513604078393472 32
121 -1.539421638219892 -11.412462251672055 44
122 0.8013741245022851 -10.13828273500416 3
123 -2.5546043112317762 -9.339837192320584 49
124 -1.2995765981294167 -11.525628769097128 6
125 -1.557835228585563 -9.511523209655367 44
126 -3.009091823867902 -7.700300516564322 96
127 -1.75196232889831 -13.5508234864695 58
128 -3.491567798586991 -12.429572658040465 55
129 -3.8776681552718286 -9.761037403012251 50
130 -1.8883924008970012 -10.498381751545582 42
131 -0.21285835249399682 -12.29473954228939 3
132 -2.7559044871639276 -9.757493982031741 47
133 -2.7239975967742684 -12.905781323984506 86
134 -2.6859988931507783 -13.107126442988564 11
135 0.2783863845214762 -9.369767327897394 2
136 0.16455321225714056 -10.50992852160456 100
137 -1.6907643708093565 -8.725331589181632 70
138 -2.664175040934623 -11.999322807690746 58
139 -2.967743927904264 -9.130066948469052 89
140 -4.76950193066244 -8.356345331282471 49
141 -0.7245086590468434 -13.349965243274765 16
142 -0.6395625731693176 -11.555483249735888 70
143 -4.069722735137923 -10.765574423812842 50
144 -0.310934059238722 -12.977502552647247 94
145 -1.8229815520632542 -9.873389728398461 66
146 -2.2939789686215963 -11.151933358281042 4
147 -1.3807256404187116 -9.00881171118375 57
148 -0.159335635026704 -13.489367269502475 40
149 -0.3680438876707476 -9.442088318953726 97
150 0.12946693401341183 -11.443518032589523 89
151 0.6092243610775241 -9.449285564137938 2
152 -1.1257422212352735 -12.608516712249044 19
153 -1.7775038303130961 -10.102879715771959 41
154 -3.495553401360503 -9.391037198349895 42
155 -2.759270075516064 -9.252355752697238 86
156 -2.231099007525539 -11.300138186453548 49
157 -3.505179372909417 -11.336589696295196 59
158 -2.2401694655330044 -12.095234967484032 18
159 -1.7066159603082092 -7.9973386965272075 68
160 -0.35487315192562613 -10.630715727544972 9
161 -1.249746996197231 -12.779559898864518 21
162 -0.49500518530303955 -11.132777253406969 27
163 -3.042816510475877 -12.632038322824123 35
164 -1.7788324752312545 -10.55215145018918 52
165 0.6968992824756547 -9.085771033474584 57
166 -1.9071936910114764 -12.530579334571295 83
167 -0.6131882051900729 -8.49355976795748 28
168 -3.542962958927641 -10.727217132201055 32
169 -1.565407986836293 -10.800686522292525 50
170 -2.2125203810275775 -13.13994485140327 56
171 -1.6599375859555943 -12.641481629284788 91
172 -1.7521997587234976 -8.758913088983832 84
173 -1.4417667914439294 -9.747904493825535 77
174 -1.735099446075991 -11.412272410766297 27
175 -0.9071199331301771 -7.697651681626185 88
176 -0.1957108984732476 -10.258074569785734 56
177 0.6113697552065199 -9.782351468984126 50
178 -3.9365504389049084 -10.502487127824065 23
179 -0.1536411334292641 -8.990400707100799 88
180 -2.1828339879621126 -10.56876315405714 51
181 -1.1281317874564962 -8.8746055449211 76
182 -1.7508804002732217 -12.82576927370099 20
183 -0.836142054237871 -12.682588277482743 6
184 -2.898530341274616 -8.976341611434783 85
185 -1.0950121436649654 -11.798065081362859 50
186 -2.6991470679743905 -10.501806123517309 74
187 -3.407419822328174 -10.48621012215148 52
188 -2.277513589758732 -9.321179553634959 81
189 -1.177668068093587 -10.346071916154543 32
190 0.6887726660068058 -11.947672073152747 67
191 -1.9644560282641017 -8.957867730494344 38
192 0.10173924002874825 -12.661220365571738 69
193 -3.02627362647108 -10.263048653609802 40
194 0.6835512478325705 -10.520274940124269 15
195 -2.782291551778387 -12.644063975851935 63
196 -3.818767517092188 -9.056262369483013 64
197 0.13717139639635745 -10.857084710135425 38
198 -1.332493793355807 -10.228890306485045 99
199 -0.8575816522101748 -12.890121110449092 24
endpoint1 endpoint2
44 117
78 138
28 132
73 193
3 35
89 166
15 74
32 44
31 44
35 190
70 121
92 135
111 183
33 154
78 193
8 113
48 152
49 177
41 108
46 164
127 144
4 142
17 132
102 196
79 182
60 62
44 160
75 93
160 171
54 198
123 157
2 157
120 146
98 137
31 103
80 168
3 11
125 173
91 101
114 190
3 152
28 63
138 158
125 135
68 134
54 141
143 163
43 156
113 129
115 165
10 47
140 196
77 199
30 199
73 166
55 197
44 46
70 156
38 153
7 80
61 131
105 185
135 194
51 169
70 72
62 117
79 158
105 195
93 96
26 34
0 81
45 85
38 194
147 173
176 185
37 87
66 155
77 119
38 93
136 172
13 174
82 130
44 172
65 81
53 69
62 185
24 146
180 193
34 195
17 121
76 158
14 195
158 199
59 175
70 127
2 76
57 161
32 157
91 188
83 146
188 196
45 152
90 124
145 180
1 18
2 128
44 80
1 189
58 79
37 127
125 146
41 116
68 100
10 83
25 67
30 56
4 75
98 179
71 132
120 174
98 173
76 182
139 179
78 107
150 152
114 162
105 182
32 70
91 103
25 34
142 148
31 149
5 162
99 110
62 90
81 103
33 176
68 174
184 196
38 88
73 164
30 197
108 119
9 147
33 117
2 146
46 91
66 76
168 188
120 129
46 180
22 75
32 93
46 158
25 178
32 51
45 114
23 186
4 162
104 112
57 158
56 124
117 188
111 170
83 143
56 98
12 22
162 169
42 103
16 119
139 157
87 110
30 164
10 86
89 170
34 48
8 35
7 21
47 130
49 66
15 199
93 174
47 115
17 68
56 105
120 169
117 175
2 158
96 146
13 16
15 46
12 156
52 59
61 103
37 71
78 187
30 177
7 133
52 198
33 189
102 113
190 199
71 134
161 174
89 198
26 105
2 153
5 99
69 95
26 180
86 118
170 199
5 134
173 186
6 149
82 83
56 136
92 145
102 104
117 151
67 129
186 191
50 92
22 125
149 176
11 56
130 184
4 96
42 191
124 163
16 92
76 133
21 73
22 73
19 57
47 179
100 180
69 98
16 114
27 47
43 137
35 191
13 71
47 135
1 65
69 176
54 113
92 188
83 145
30 93
47 82
54 107
124 186
86 128
99 184
101 132
87 133
111 120
57 82
46 167
55 136
7 23
88 191
84 153
88 92
9 10
132 186
3 92
23 129
44 189
22 97
53 116
74 171
58 97
21 91
13 14
48 158
37 152
14 45
75 184
125 174
113 168
78 185
64 173
110 173
147 165
74 121
128 171
146 198
88 172
111 186
30 79
4 198
112 127
149 181
55 93
22 197
28 97
42 87
24 138
9 193
110 197
90 151
103 178
4 16
2 32
35 82
105 127
24 86
25 72
160 194
50 64
14 106
151 176
57 153
16 162
8 136
69 181
143 196
66 174
164 188
165 177
86 143
5 141
84 107
35 117
37 148
153 155
11 97
109 157
14 33
57 79
34 91
118 149
6 164
31 164
94 130
18 155
61 75
10 181
30 48
39 95
51 77
57 162
17 45
109 116
88 160
29 69
26 121
17 164
80 134
111 182
121 189
13 130
1 121
169 174
7 71
82 176
60 116
156 193
23 96
13 19
35 122
0 8
64 156
12 104
37 112
113 181
166 185
115 185
44 139
97 181
2 70
127 199
25 102
43 55
89 193
40 80
150 155
21 67
105 183
56 185
44 100
173 189
6 150
84 162
29 180
38 65
92 150
91 139
12 42
39 171
8 26
4 192
142 197
63 132
96 173
56 90
33 104
159 173
158 178
51 168
36 114
46 153
98 106
114 144
18 125
62 197
117 147
130 154
119 179
186 187
94 163
41 53
8 138
111 171
103 126
88 120
4 108
66 172
23 143
28 122
0 29
27 156
87 146
47 81
102 178
8 77
21 85
20 62
1 50
19 35
87 111
78 137
24 95
54 57
54 182
90 160
58 189
77 111
132 145
74 115
106 143
68 185
20 104
84 132
174 183
34 142
53 77
26 152
48 133
107 164
69 198
40 107
4 113
16 87
12 133
134 163
95 187
138 174
85 106
46 193
74 182
71 194
89 138
43 103
47 162
21 155
109 174
43 130
20 180
103 184
34 74
49 98
110 174
110 144
156 171
123 184
3 64
14 15
82 169
15 145
6 114
90 110
47 77
41 124
24 36
142 149
94 114
35 81
44 124
99 145
20 153
2 95
8 54
79 95
93 161
33 169
43 46
41 50
8 98
11 31
121 153
159 175
50 167
10 120
87 122
43 107
44 123
100 104
63 100
73 74
36 90
39 68
118 136
0 74
8 166
77 116
33 43
4 64
11 62
64 70
13 60
44 62
68 195
101 187
111 147
133 161
42 195
64 124
30 131
26 163
45 80
52 61
43 96
0 43
20 38
69 118
52 91
131 152
68 157
29 190
20 149
4 176
81 149
50 198
24 109
74 192
57 136
105 134
26 111
27 151
92 95
67 184
133 170
51 146
74 170
10 106
26 128
86 154
32 108
41 87
96 112
62 106
14 86
147 188
28 61
97 110
25 64
61 177
47 123
1 118
85 128
157 168
44 187
49 54
144 185
0 3
90 108
92 197
22 183
42 112
10 89
1 36
142 189
4 61
141 152
151 177
189 193
118 169
31 107
15 152
131 195
117 125
31 113
5 142
27 177
0 137
66 101
31 159
