nnodes nedges type
200 600 graph
nodename posx posy weight
0 1.523864868203399 0.13640163403924743 22
1 0.49635413127404265 0.9020739809359872 58
2 -1.589798636270888 -0.3321650174710145 40
3 2.7851853316323103 1.7164912036236495 32
4 1.2865745006909912 -0.09904326555419271 21
5 0.4111887032110913 -0.9880706894303977 54
6 2.359368725701699 0.4260425997989825 13
7 -1.3887201607442692 -1.3902108020086383 4
8 0.6848961697913121 0.7331951689838333 70
9 -0.051619789318423676 0.049000748945791595 32
10 0.5154337872316063 -2.0178177758483558 9
11 -1.2437705919884514 1.7805983118031665 67
12 1.2900740107281077 -1.5826394321199264 92
13 -2.0241573814357654 -0.3388552844665092 92
14 0.2866118201598219 1.7892303003147312 81
15 -1.2146405116685628 0.866476567564183 3
16 -2.82910980182246 1.0886471736408587 95
17 -2.4507130873850005 -0.7264852105386105 27
18 0.20247775906848212 -1.4410231000025524 19
19 -1.0939824702881724 -1.0925718181419704 50
20 -2.8293998904398876 0.21152786807175564 80
21 -0.7819581417225397 0.029292953897638894 6
22 0.9809482455374404 1.3451313416513109 74
23 -0.31964920642103795 -1.5984879270499737 27
24 0.33480865011566047 1.5789023638582094 10
25 1.2350508961848536 -0.4941872452677341 60
26 -0.7263161952311615 -1.3577970672119426 57
27 -1.4702272871538609 1.6937999266681134 79
28 -1.0643720896022462 -1.9353214921098432 28
29 0.9448221359058967 2.450844537874739 38
30 0.7144507817424655 1.4418145172100054 94
31 -1.5383734081994909 0.3411864461999193 63
32 -2.248651318862146 1.6219368582696436 56
33 1.1387646360426351 1.9724309081994644 52
34 0.8877520275697669 -0.6341044847402036 18
35 -0.4798791062980221 1.7713375231982293 29
36 -0.185975483484507 0.7849360804906319 4
37 2.8523404577573928 1.2668786259859697 60
38 1.254219466566341 2.4998757923890564 90
39 -1.9527093463616867 2.6297212719324334 24
40 0.2456379899088583 -0.2778802432304722 30
41 -0.9230957413847525 2.5223127256069904 98
42 -1.322259271206535 1.1934793896654825 100
43 -1.9746685346538968 1.8718389458303377 19
44 -0.695123128964446 -0.6130892986214644 16
45 -0.08962532452541833 -0.47887132131697857 34
46 0.4494685078354349 -2.3755913201170835 61
47 1.4352107202238815 -1.3577793485243914 28
48 1.9958393030668797 0.032940652429185265 53
49 -2.541776663142912 0.9043142683041404 18
50 1.408924673717603 1.8394231196241064 83
51 0.8458046556159556 0.9913335406282513 24
52 -0.15129998699925432 1.8795039593036815 92
53 0.10747847229418238 -0.7640244631158556 25
54 -0.17093084499508823 3.4696464733840457 84
55 -1.7542326254776366 -0.7981177475644338 47
56 -0.7700170020047888 2.4249174135837213 39
57 0.34829565617403346 2.222777724077783 78
58 0.4125220461544321 2.154605395662545 60
59 -1.0448825217852438 1.034011364666001 50
60 1.771962646155933 0.17995939786101312 90
61 0.2699466483673555 -0.5211761698370803 52
62 1.6159487376150432 -0.5627811382178189 62
63 -0.04378843613202686 2.3813278367105877 32
64 0.5064718428204217 -0.5435896264806799 35
65 -2.23758495558722 0.9838935595641896 39
66 -1.157173585852698 0.6832818293709547 79
67 -0.7532427679585645 -1.0888662698099925 84
68 -0.4741474828042294 -0.38927608936141467 20
69 1.4137893973343485 2.175320678876201 18
70 -1.9506652228150896 0.46545687911933825 62
71 -1.4263242721552423 3.309889665155215 56
72 2.004359573932495 0.9023973920963615 19
73 -1.7785411086916065 -1.1321778538352185 59
74 1.9627074024090112 -0.7013980595648265 35
75 -1.3627554109187052 -0.6655514186979437 61
76 1.4480537736116583 0.502856842791142 98
77 -1.9556545817658688 0.9963437090501689 30
78 2.784325413194647 -0.2631766155055249 95
79 -1.8329689974902412 0.6543635923360863 93
80 0.7290311214609803 -1.221225954838076 1
81 0.06818666720331554 1.3863960212651445 80
82 -0.634404477609912 1.504539388377469 4
83 -1.9575430061500316 2.2395005712562157 2
84 2.742965572895032 -0.07335857413641382 28
85 1.6033169551928466 0.6012688580195945 40
86 -0.7275532472508538 2.2793878543933337 5
87 1.0650414512364141 2.5241882041764345 7
88 -0.33315903946666137 0.4485609580360026 75
89 1.6491889896767724 -1.7947809847423364 38
90 -0.5265419498685867 -1.7177476254781472 26
91 0.23773303871600257 0.19405346074192178 7
92 1.906698896246993 1.5832151429829757 31
93 0.1104518000826269 2.713730128141832 78
94 -0.4402170106132516 2.996695273387851 60
95 -1.216369704585124 0.3810041995369023 72
96 -2.0830541861848424 0.648919254785592 49
97 -1.750502981072228 -0.5039996465193649 88
98 0.019352362792011548 1.5752180856062312 94
99 -1.0626478736340905 -0.3870674767208189 9
100 -2.072319491734837 1.2704326601810771 12
101 0.5916807487977384 -1.1572377748357823 64
102 2.758015268740725 -0.77549588561134 53
103 2.000799927727283 -0.3572119380661286 8
104 0.4234161527975737 0.6423590143144153 95
105 2.3256212272070407 1.0966182264561772 83
106 -0.27803098935545834 -1.4137931996737907 74
107 0.12051709694322416 0.7523024086211071 35
108 1.132357293316893 3.391132840851572 15
109 -2.156612900724699 -1.3356550399730323 65
110 0.8032370963094089 1.7447815722645714 27
111 2.02972595811652 0.3971274170598764 67
112 0.9966200757894927 0.6552455462456133 43
113 1.5400148468861512 0.9205028290256105 66
114 -1.0317393854542651 -1.5843637033467999 87
115 0.48334933923926826 -0.0072137991214108405 7
116 1.2525691306030433 0.24341494918042825 17
117 -1.377098043901435 -1.1785699588672005 96
118 -1.3395062370897777 -0.49823239178110423 14
119 -0.1711479815234978 2.9677391914976528 99
120 2.3170779679877236 -1.4815386051747237 74
121 -1.742313801784229 2.3463955126677227 72
122 0.4822715103954181 0.296908294242699 83
123 -2.2434697263418926 0.38146634518880823 10
124 0.3934586078100067 -1.3708582732120427 39
125 0.6362057317836576 -0.43666557311705323 62
126 0.9494403258931583 -1.0590109654494648 41
127 -0.6025389989027311 -0.8942141072021802 94
128 -1.649263617615958 0.5127623127249679 24
129 0.35249069624792256 0.008019129393006016 86
130 1.0694417360928665 -1.6810115249682713 84
131 -1.5313980884603147 1.8672997027352598 74
132 1.9210189291945732 -1.7583183514555665 40
133 1.3513116092448907 -0.8269942675470334 49
134 -0.3102629378321402 -1.1196138942961318 45
135 0.029804886370121485 0.47273862451693505 82
136 -0.08043485812095581 -1.8491101110255408 48
137 1.5282283914506563 -0.15899677630268955 50
138 -1.1984072092998643 1.146979220708244 77
139 -2.4017149932671678 -0.25303548878157367 91
140 -0.15761456603409996 -2.150529481110543 93
141 1.794519442548142 0.9741132560082171 27
142 0.9743602439715073 -1.4685008889623432 5
143 0.3250489512031052 2.955208855758311 67
144 -1.1505975104643915 -2.307481631375856 38
145 1.9258371219836892 -0.49827551737616455 21
146 -1.0762766496337535 1.5629898402136289 99
147 -0.026218846253207223 -1.1832821749184121 51
148 1.5471459691112568 -1.0175382014470973 53
149 -1.422881073161091 2.0823191185285372 9
150 -2.8146046878143958 -0.5550359554657925 32
151 -0.7359093203607486 -2.1895721396217347 98
152 -0.531987582198275 0.8399898384253511 48
153 -1.5710047664981883 -0.0024712999764883287 100
154 -0.3654769740077438 2.5852735036544154 10
155 -0.7575667085967168 0.6457043793420805 30
156 0.14650073848773207 0.6667279225416025 50
157 1.9220998688799746 2.105175934459925 80
158 0.530118805398178 1.7391464725142272 1
159 1.6566060470249029 1.9596555482841949 47
160 0.3279413222250253 -1.9045868153303862 47
161 1.6981053169426 0.3614543024991046 22
162 -1.3209688076383534 -0.12017267658645002 54
163 0.10054071256846958 1.208574767069235 52
164 -0.4202936335138644 1.518923527979646 100
165 -0.5893562384019875 0.2618266020052411 33
166 -1.6561154790502934 -1.1749005033796884 2
167 1.593835431410697 1.4091071894811846 36
168 2.0066835433542733 -0.18182600124871343 96
169 -0.9484909615930354 0.35194889558404313 14
170 -2.063139916569868 -0.15911719799586102 52
171 -0.6716413201163012 3.128495206150574 28
172 1.8978148912048514 -0.8884726472325276 69
173 1.111152385730466 -0.8745219553673211 12
174 -0.3882968818368602 1.8600605604854734 1
175 1.5988783052170426 1.6603411283794687 8
176 1.9447547530683635 2.320204317463638 78
177 1.2977949487879394 0.7543012122051926 40
178 -1.6371049000385876 -1.6753981817546115 52
179 -2.0707345307954057 -0.9132942862328595 1
180 -0.3666584557565937 1.2571995879163 70
181 -0.8534625757012745 -0.16669130415476496 37
182 1.0481922171864857 -0.469146776026879 48
183 0.9376105411308223 0.317969068760206 57
184 -2.3899549481059346 0.46206333490262913 96
185 2.4555393686049536 0.6671330919355037 87
186 -1.8839662226317948 1.553394519158909 57
187 -1.152443636724796 0.13083207066829802 52
188 1.9111291435704811 1.3895129731562126 86
189 -0.44236036199603995 -1.1687583150664496 14
190 -1.72306492623486 0.9858226907915654 47
191 -0.528237832733423 1.2513267423054988 92
192 0.21151996548475346 2.695366514233788 57
193 1.0980640281298835 -1.9308198130574434 79
194 -1.087691179249298 -3.363909847157431 72
195 1.3441320425750558 1.482857729493757 95
196 -0.2078259159230908 -0.4578824824777458 14
197 -0.19060962193416275 0.18493664889936615 64
198 -1.4380653178467129 2.243151151691507 79
199 -2.5861245727996707 0.014251395093607807 66
endpoint1 endpoint2
4 135
29 50
115 177
54 58
0 76
4 173
107 119
9 62
24 66
119 143
74 116
101 124
57 163
118 160
1 133
90 126
74 161
71 171
127 138
24 52
125 148
78 141
20 32
14 77
45 104
86 93
57 164
118 187
19 122
74 89
24 111
47 124
61 182
135 158
133 142
156 168
21 112
58 141
1 158
132 193
169 186
137 173
98 137
162 191
27 143
191 197
12 102
17 117
80 85
84 102
35 70
1 170
45 97
95 107
7 134
148 167
131 169
15 70
156 167
13 181
51 126
116 176
30 76
122 155
133 145
53 124
6 92
158 171
58 83
21 77
125 166
94 108
127 134
48 101
105 195
53 151
62 196
46 130
36 192
122 184
43 171
79 162
63 164
66 181
2 117
35 129
144 178
35 110
9 110
65 109
74 142
76 158
139 155
87 108
55 140
14 72
29 48
86 88
54 56
55 170
56 146
2 82
51 197
156 181
5 193
15 197
117 135
103 116
135 163
30 64
126 177
21 95
6 122
124 147
43 100
23 55
25 89
152 174
33 191
130 137
117 170
154 164
69 192
97 128
66 91
36 128
159 167
114 162
126 130
58 86
50 137
10 90
113 173
21 44
31 149
152 181
34 68
30 35
66 184
189 196
104 152
22 81
35 107
7 197
126 133
5 129
49 187
9 198
173 181
64 129
60 95
103 175
45 88
125 158
84 85
90 166
185 195
7 151
129 182
87 183
44 196
12 177
59 118
60 120
14 36
67 117
36 122
46 161
49 150
103 130
22 158
68 156
11 94
106 117
17 153
41 164
53 76
4 84
42 163
136 187
36 52
134 142
36 189
8 111
129 161
17 179
104 172
53 118
70 166
95 186
22 69
85 105
127 182
96 127
8 196
13 97
80 104
49 97
100 123
102 113
131 164
59 156
107 134
91 183
47 120
106 145
36 51
9 23
11 186
97 134
157 195
64 73
44 73
96 118
5 134
128 138
59 191
18 136
29 58
31 36
117 151
10 140
6 62
82 135
161 167
47 111
13 139
88 116
16 70
45 162
14 57
70 170
73 150
59 115
74 185
1 4
76 133
7 199
23 105
121 123
127 130
34 196
22 163
55 179
5 169
95 199
14 69
50 152
110 185
56 143
55 169
35 191
87 192
150 199
35 38
75 79
29 164
27 123
133 160
145 183
40 103
61 152
95 191
7 99
37 159
71 198
25 185
44 115
41 119
35 94
88 153
5 25
40 147
112 182
1 41
44 137
31 42
78 182
153 170
1 195
20 150
25 197
26 66
75 90
40 72
81 174
73 128
168 172
22 91
163 191
60 111
16 96
76 145
65 156
36 99
34 111
1 34
38 105
5 165
14 121
82 112
57 174
13 83
19 128
36 61
8 24
45 141
28 75
22 197
13 144
58 104
14 175
98 131
77 179
55 123
18 75
67 101
65 149
140 142
53 136
115 133
99 146
81 91
29 143
56 138
118 180
9 52
6 60
132 182
106 160
67 68
11 16
124 189
42 199
120 133
107 195
25 47
128 131
81 92
8 169
9 61
171 192
156 180
15 115
38 176
155 187
42 164
0 8
41 83
101 130
51 180
0 129
59 96
141 175
47 160
34 183
20 170
125 141
69 157
53 174
11 40
40 193
81 138
26 64
63 177
9 18
88 106
36 135
170 190
43 68
75 164
19 73
33 87
137 182
84 103
91 100
112 175
40 156
152 180
125 134
6 168
74 103
34 168
17 31
88 174
26 75
164 195
55 95
17 75
107 182
41 93
80 160
123 139
0 159
155 197
109 136
25 137
91 125
20 55
27 52
37 76
99 148
19 165
62 92
35 186
9 179
76 104
18 23
165 196
68 178
98 190
117 189
58 156
6 84
43 59
21 107
96 154
64 122
56 71
93 94
2 31
51 177
68 80
15 169
22 60
11 121
114 139
18 116
93 155
65 184
35 42
38 85
13 166
97 178
2 77
28 91
69 188
93 175
36 188
107 164
164 165
123 153
24 154
49 63
67 85
14 161
42 97
133 182
70 187
146 158
52 177
67 123
56 180
19 179
13 197
48 64
143 167
32 191
45 127
63 92
19 127
12 45
116 180
138 198
36 187
81 162
130 160
32 139
122 159
47 103
53 112
67 90
30 82
139 178
76 183
16 199
25 156
42 104
146 153
62 148
46 178
15 191
124 129
72 103
9 45
147 169
39 79
59 146
112 157
107 124
132 173
186 190
106 155
19 106
81 155
3 111
14 56
104 191
108 157
90 147
118 150
11 66
3 33
27 44
173 197
79 129
113 191
35 39
60 172
10 182
153 196
86 169
72 157
82 181
56 192
12 136
162 166
42 100
24 50
0 142
24 187
124 151
148 193
21 61
109 153
26 40
147 183
65 190
8 36
88 190
110 165
98 183
74 91
34 140
47 114
33 157
85 135
21 114
80 144
4 115
52 149
31 101
99 190
80 182
91 196
69 85
9 126
21 70
89 136
29 157
128 180
4 40
2 40
57 197
0 88
54 143
32 56
151 194
64 172
154 159
115 163
2 66
129 135
63 94
14 98
12 47
138 196
20 95
33 113
72 145
101 183
33 107
61 133
30 122
153 181
62 89
18 126
64 163
11 198
79 186
115 168
10 40
34 61
57 176
52 87
115 189
5 48
27 79
41 149
135 146
51 69
68 183
149 191
90 196
8 135
122 142
183 188
152 153
91 113
40 135
