nnodes nedges type
200 300 graph
nodename posx posy weight
0 -4.511283798415035 -4.645309965111686 78
1 -5.885727279772038 -2.1358070266681652 53
2 -5.090930652531322 0.5742561353757171 13
3 -6.155553784211761 -5.133004548743088 12
4 -4.734060411980322 -2.851152412001727 49
5 -7.473042694766018 -1.8209754650770125 67
6 -7.67737080773983 -2.7135885868180436 83
7 -6.6816914708336625 -4.38256580220704 71
8 -6.143016241429729 -1.5156880711453353 39
9 -6.653218036301487 -3.9406343119382257 53
10 -9.011553018397287 -6.1846535753232255 18
11 -5.9821133949783585 1.0841607750647704 41
12 -4.103545072931548 0.04936986616745665 51
13 -10.224058647044561 -2.7223527121005646 35
14 -6.764022218494419 -2.915594917313924 5
15 -1.820230494098278 -4.435498736756031 67
16 -4.966897071668192 -6.072863965814815 53
17 -5.588918031916383 -4.331333788372718 63
18 -9.399949279325341 -0.6940556896007998 88
19 -8.204554898308865 -2.3094138072789865 64
20 -9.353365934015132 -3.6612063818970535 83
21 -9.726066498029137 -6.105730384456225 34
22 -4.139932041255343 -4.22581654729046 35
23 -7.047598683884803 0.8420332142667648 84
24 -8.513348576161626 2.5035883983471394 31
25 -11.382803360087124 0.5617530204400013 13
26 -5.273370303415747 -3.064793433493361 97
27 -6.023528357662687 0.7411396437539208 95
28 -6.173534355380492 2.3644727805903174 10
29 -8.71624273210083 -2.602973004265704 61
30 -3.68813563979285 -2.3443240497056985 26
31 -10.693598446285348 -4.273330085186856 50
32 -5.042854977297723 -5.929609626361267 22
33 -2.902492422030828 -4.490525470366037 41
34 -6.448735523192298 -1.412213595726652 38
35 -5.831924169389103 1.4726491196970588 66
36 -5.867995225319505 -4.65091866621151 67
37 -8.448826073753208 -2.6245349032359253 8
38 -6.440326776267435 -5.519315029961268 35
39 -6.8854081094285515 -1.3087791839350114 57
40 -2.9764429264517394 -4.8213333664673454 99
41 -3.4757029711710774 -5.217712708563335 14
42 -4.002056599787492 -2.7202699094422544 75
43 -6.082189672211019 -6.743257344671024 65
44 -9.855021205995785 -2.044930259700852 96
45 -2.4669828355222507 -1.6004136454609905 94
46 -4.126666683073592 -2.496988863321849 48
47 -7.0726748123184775 -2.8453700048740806 72
48 -8.481109903683873 -1.2149769303903823 90
49 -5.632321948654496 -0.9898355935130705 79
50 -5.620936016786029 -7.852097973924323 32
51 -2.3884347985960135 -3.3458085172740915 16
52 -11.31762679878266 -0.9204807415038249 70
53 -4.675672626492996 1.504412184841887 58
54 -8.488935058044655 -1.9740179738674417 94
55 -4.698858704169999 -1.4557502863284453 22
56 -4.342242007258141 -1.5403189391416383 98
57 -6.19141218785621 -6.166912555016646 1
58 -3.7636773806326405 1.0206391045169194 33
59 -4.70484190789147 -0.7848427560250032 19
60 -4.350404504531464 -3.7053660417328587 85
61 -5.7294921344172485 -0.6397927199666373 13
62 -7.893620488526354 -8.857360036513542 50
63 -5.575091333449792 -3.3845793576755088 5
64 -9.587611095616484 -2.7682715143541077 42
65 -4.4825172972255105 -8.016550441316403 25
66 -4.7076510700942125 -4.0305589876589565 11
67 -6.955270968365395 -5.274193622535893 93
68 -10.204440248594276 -5.548642544713933 74
69 -3.628047565280355 0.3696797360697452 63
70 -2.8263163650489243 -1.2828495375073883 28
71 -2.551468849161693 -0.0987066525039277 31
72 -5.127884771351377 -1.6109823454207772 88
73 -6.086123100672492 -0.4843543066400275 90
74 -3.11613590415804 -2.0691146434281658 12
75 -2.9269429456475353 -0.40303337929228766 55
76 -5.175272135286021 -0.5315822026501507 88
77 -0.9827812255204262 -3.479015183275304 18
78 -8.359952057774283 -6.022744182699022 81
79 -9.432752278668326 -2.2625809640617276 47
80 -2.6785871253093014 -4.219111128664331 9
81 -6.90812792484582 -6.677855139669771 87
82 -2.99545470606925 -2.6110362152849635 51
83 -4.171079869598965 -6.619268904859308 41
84 -3.8487771794152907 -3.71488379339289 4
85 -5.636566278332005 -6.198212450409216 90
86 -3.9290807807355193 -0.9956338723904613 55
87 -6.5634926784411185 -3.6753359291929133 84
88 -3.3909565495836995 -3.7553055451479733 64
89 -8.104838781941963 -0.862472555131047 10
90 -9.203323919985815 -3.66535848249299 7
91 -4.473515147373733 -4.496339291475973 63
92 -1.8346928879309754 -1.566060224698739 46
93 -0.8567619724702026 -3.803900811186676 82
94 -6.665329060068756 -2.1956440692641768 70
95 -9.032589445027966 0.09075812063582356 57
96 -9.983773882910093 -3.5262992125502324 57
97 -4.858556146437527 -7.353005279739708 54
98 -8.640380019088173 -5.292402482140752 75
99 -6.384823037406945 -2.996485103806475 74
100 -5.040377529463754 -5.645690135759703 82
101 -5.042957547437473 0.396639546145043 3
102 -8.685899413381604 -3.116343993113568 94
103 -1.7711261524281232 -2.1886285497711753 82
104 -1.6129995267538528 -5.186941824602006 40
105 -8.543430648412203 -3.9309503518307145 21
106 -2.181748036826646 -3.849747801364397 85
107 -6.301505007656786 -5.859091821222683 29
108 -3.576565798887707 -4.0622075484031335 21
109 -6.703735256610946 0.8057559115744337 16
110 -5.5645903444975335 -1.5582129213385538 43
111 -2.470040305413771 -1.8777208607378086 29
112 -7.797648926148054 -4.5599650277016766 17
113 -5.098701910389053 -4.83482636444592 20
114 -3.0662817031579674 -5.7030616924972035 83
115 -5.151687990454089 -4.230909508236112 34
116 -5.974602506952694 -2.391452684122204 53
117 -3.5572325363747583 -3.206733686658999 55
118 -4.771697468120686 -3.55186252703654 34
119 -4.80813870328998 1.3490696570367333 50
120 -7.016849253483019 -0.370568471853911 25
121 -5.721297431957255 -2.299409155082812 74
122 -3.5340740455010615 -6.346210436477839 63
123 -8.538277906029094 -4.592248726086592 27
124 -4.435433536201663 0.22708915118894207 45
125 -3.237402009240753 -1.0258275961715788 68
126 -5.823523708939811 -7.523372976699081 20
127 -9.471147251523231 -1.5217617193568471 75
128 -5.345455846437181 -7.483754900529069 59
129 -5.713322832234108 -6.006710172933876 68
130 -4.6038030134255346 -5.267128115735961 1
131 -8.470995437447844 -6.461381488760353 47
132 -7.775629422633861 -6.630031500235886 21
133 -8.240478323860406 -9.901610843363214 46
134 -3.9304868940812305 -7.132134509770498 10
135 -8.113438137395612 0.40229018484602813 8
136 -3.974140439279216 -3.833786313065541 30
137 -7.703549297110569 2.759122528762077 60
138 -5.250413319996533 -2.3718108037909174 18
139 -6.472604307168526 0.5078313052612324 31
140 -7.65506596514462 -3.54121307990827 64
141 -7.379100868456261 -0.8739639293803966 2
142 -2.186391780225685 -3.1343241558702486 17
143 -7.184911597274692 -0.004545246402314671 37
144 -5.939100932519012 -3.696277115832044 86
145 -8.51052097765454 -4.303605916661704 86
146 -3.7110288347412936 -6.312832896618195 82
147 -8.82670548398027 3.5892959234839164 35
148 -3.73927064737311 1.4559101469829763 82
149 -7.548629659699459 -1.5180701251832396 37
150 -6.891415027070561 -6.249250215210329 12
151 -8.13502733944005 -5.431915057538539 58
152 -10.84571983924793 -2.2557436406590936 52
153 -7.136582453495199 -6.523040933252385 60
154 -5.836614524035871 -4.376865466722578 61
155 -6.85506353741953 -2.0890669806397164 72
156 -4.34303214029098 -7.318321285895725 41
157 -4.563307464959847 -2.010990689024535 52
158 -7.1472068364410815 -3.824334946937077 96
159 -7.7904579492144475 0.43459504474100946 8
160 -4.987033227478541 -1.4073336050305654 45
161 -5.983976979699125 -1.8308734924072454 4
162 -3.8027661301326434 -5.474134796101031 31
163 -11.009858778644928 -2.7220383612732206 1
164 -6.969225063889989 -2.0089490623831514 76
165 -7.8255098069644164 -5.04766044315411 14
166 -6.287667934911305 -0.35566276825026977 75
167 -7.308046273124738 -5.025741509693921 67
168 -2.4809409162549785 -4.76440108215685 93
169 -9.830094641641423 -4.9677042060959655 58
170 -5.460016311334286 -5.245105843605463 44
171 -5.066186430580807 -6.675302476501931 46
172 -10.38534707602713 0.025468742352993085 38
173 -2.2095011522849957 -1.1080804485068558 43
174 -2.405222222681183 -5.881699637542584 62
175 -6.745343750284123 -7.198830411234539 76
176 -3.2266338238325187 -2.1023929111036965 53
177 -4.182303558137578 -2.3518219862652914 65
178 -3.8414211369801348 -4.384643394464399 17
179 -4.2847476784945036 2.5189659092901016 52
180 -5.36035270376444 -5.859918300712918 6
181 -7.322661350936156 -6.186398940464854 65
182 -0.995881834676892 -4.5063789834370445 74
183 -10.159133054009436 -1.209588400936085 94
184 -7.628174163930975 -1.3729026523499996 36
185 -4.157286545180171 -5.088735866680806 93
186 -5.268587106422988 -0.09238591566386156 57
187 -7.794557278114847 -7.019629533753966 12
188 -8.629589068712088 -1.6266806658169375 75
189 -7.5599561652306 -3.8597466530955904 15
190 -6.82480367696823 -4.239227891172672 74
191 -7.6645169787282725 -3.0086111944308307 70
192 -6.160677124924019 -7.350970332374512 13
193 -7.776279569298275 1.5805975070016518 22
194 -9.95991595026587 -3.183765881073987 70
195 -7.497751141438801 -7.715076077673489 81
196 -7.929233023443336 -3.1162341652706878 1
197 -10.658134640821991 -4.0095670427496755 15
198 -2.9460152933923562 0.9414973322816046 50
199 -4.179901002330317 -0.9210582248673386 67
endpoint1 endpoint2
3 153
111 173
170 171
11 28
75 125
8 116
42 82
0 144
94 144
151 187
35 58
27 73
1 161
112 167
11 166
160 161
2 166
79 152
40 66
89 94
3 107
63 154
13 197
32 113
16 22
29 96
30 42
4 118
15 146
94 158
9 36
46 84
80 174
39 157
70 177
1 191
9 14
26 161
19 39
49 139
85 130
3 158
47 161
73 124
51 111
61 160
150 167
123 158
22 157
18 127
59 72
13 127
65 126
127 188
87 158
29 188
76 110
91 117
47 190
37 44
151 189
26 60
7 167
1 49
141 166
16 181
15 103
37 54
136 177
56 161
57 131
7 189
129 171
73 76
109 193
164 188
56 82
6 189
48 159
71 173
78 167
66 138
162 170
8 94
47 189
36 57
92 142
8 199
66 185
58 71
117 178
41 185
50 97
100 129
32 130
69 125
32 192
54 141
55 74
149 155
110 121
43 156
75 124
10 181
74 117
102 194
42 110
132 151
51 77
59 101
14 34
80 82
84 91
0 33
150 180
100 134
125 157
26 154
137 193
120 166
20 31
93 106
110 184
8 149
72 116
54 105
26 30
62 133
2 69
23 166
67 100
6 48
34 155
50 192
52 183
49 138
57 146
3 129
4 17
145 158
17 180
122 156
72 138
25 172
47 102
81 85
38 128
3 43
4 121
84 168
7 17
115 170
106 182
4 63
4 160
150 195
105 167
18 172
135 193
63 164
130 136
75 92
89 135
6 87
36 118
55 186
37 64
154 167
9 165
38 144
60 115
51 136
170 190
67 140
108 142
20 194
173 176
4 176
87 99
124 148
108 113
7 63
117 177
43 50
5 29
98 145
187 192
49 101
59 186
41 66
68 197
37 140
141 143
5 39
5 121
64 102
106 142
55 99
32 170
9 196
119 186
63 84
0 100
9 115
34 110
73 186
98 167
12 53
115 136
43 132
48 127
73 143
45 46
189 191
21 98
83 113
12 198
122 130
90 169
150 175
33 104
16 129
73 94
96 197
57 175
99 112
90 102
18 183
73 109
11 53
180 185
122 174
140 155
89 95
12 160
47 116
108 185
37 184
120 164
90 191
47 196
67 81
20 145
6 47
97 180
130 154
119 179
33 88
64 96
70 71
135 143
18 89
60 80
86 177
0 178
138 155
68 131
79 196
36 66
64 163
0 66
6 37
19 149
34 61
24 147
79 183
107 126
87 113
19 196
13 90
38 181
35 159
59 138
65 83
161 166
58 69
46 116
22 60
103 125
19 20
76 86
10 169
7 9
29 196
115 178
107 170
62 195
61 73
42 108
67 107
141 155
0 114
84 106
1 177
38 85
111 199
88 162
4 88
24 193
3 91
