nnodes nedges type
200 300 graph
nodename posx posy weight
0 3.7583989993167446 10.443864823523688 75
1 0.7097093311531437 13.790606225288235 73
2 2.1025742798172185 7.065057096100501 47
3 3.862306566409444 3.0592442121271906 26
4 2.460827407514373 6.402591451943246 47
5 2.1207323514440772 10.620820548571588 64
6 8.00393518366345 5.887543164496746 8
7 7.1391015401929225 8.541799273197105 23
8 2.8744850003586455 5.3635145546596705 34
9 6.215893738795343 5.279579929780676 64
10 8.101425140970631 8.181635222973982 95
11 2.084691148348541 3.6157937896519488 100
12 6.591404556227783 7.271550100825016 62
13 2.163713433821373 5.278216393746755 73
14 1.2521907766168832 1.8662880289280819 55
15 4.2158320478368 4.142769164511322 53
16 8.97803329592006 7.549439973090059 33
17 6.433202963856994 8.670018275083864 42
18 6.401990779807081 9.069942745194643 28
19 0.1286490628592868 6.174007482807739 17
20 5.2948219251378745 4.449945287396862 12
21 0.7094145525500216 7.100442799342118 46
22 5.418224156037708 5.816339113252242 46
23 6.932326173951039 5.5099747094204625 20
24 3.7813340046930235 10.171796750805022 83
25 3.2083261052647254 10.740395019342875 15
26 7.310745662530437 9.76779745925786 27
27 5.849221938833439 8.445844046005423 65
28 5.749775347318465 6.641530117715393 91
29 8.698387101643855 4.491680678240312 40
30 5.756417371816157 10.260718536596707 11
31 0.17960040912954028 7.581155145051473 100
32 7.834111763263301 8.197346418192769 43
33 1.6247674671224939 7.000963801624639 28
34 4.249945897386525 7.257688636724566 68
35 5.4495112468441045 6.039669195666418 86
36 5.182073761065174 10.794349120549969 16
37 4.176586556289991 8.131383431686773 77
38 2.8256847286226447 6.873696569298657 65
39 5.398873056412049 3.8693674391335455 72
40 1.1255749942724633 7.6782666676681455 40
41 5.510775705568883 7.7079616476706985 97
42 6.674526159516361 10.081089284905309 84
43 0.6937283996825132 7.631273221324191 46
44 -0.13141451844702096 5.625742031933647 10
45 0.840735732081092 5.126692392268124 74
46 3.405203714514361 9.325114718824851 25
47 1.2144918665334672 4.743912727286517 60
48 8.11992758194804 5.166803994237928 56
49 0.48903443878782243 8.081232971802372 37
50 1.9599298799848437 7.5917112760503755 70
51 9.526618470301303 8.504451283876142 75
52 -0.28814160130601435 8.319653141500721 73
53 6.986635328475533 2.6245190152922255 40
54 3.405963921363969 6.298661308121993 97
55 2.2140636495850825 8.899615777308018 12
56 3.5351044685714688 8.881756975466127 28
57 3.4524894024071657 7.319250231651426 96
58 5.030841979185908 9.137898705135274 65
59 0.7766468065276576 3.032970870356513 54
60 2.837447913061121 4.249022627269706 44
61 2.7108201519668187 11.477032695872435 61
62 8.213990016632703 7.170005634461802 51
63 3.9223659174718675 5.826390947775594 77
64 3.4486025049775426 5.487272535903006 25
65 1.8472135993737107 8.743305974112552 31
66 4.014691468240331 9.277167748533026 33
67 5.468276748844964 8.216430711563723 5
68 1.1398330400407337 4.244303451021455 88
69 4.446939528090483 4.558312169879344 42
70 4.988883642315834 1.0582033657511678 7
71 6.123610614469953 3.032768009356123 14
72 2.865063903099799 8.278297648726546 19
73 1.231887876478462 6.691058922839158 16
74 3.091312620376431 2.770404539870065 81
75 4.820665229778168 7.132340252147638 56
76 5.6378102289611345 4.725111541861937 47
77 8.609962641373155 9.780289591286017 89
78 4.136293167560554 8.640203371549067 39
79 5.768162081502921 7.412172833141975 52
80 5.912829978599243 11.396062185495147 25
81 5.6610216970480005 4.938344219643671 13
82 8.175893692832794 9.122891347677665 84
83 1.5941698475102872 9.865179340175038 40
84 7.3627024094989615 7.298749125543505 86
85 2.6455615560309775 5.4383227977757285 79
86 5.525531169641501 7.014880634939165 95
87 6.17924639121135 10.127992354906404 71
88 2.2451738612397008 9.635730190116012 85
89 3.3286441473794763 5.961281852400853 30
90 3.113401687128347 10.100890972994641 42
91 8.897266422093475 6.757858792621681 98
92 1.4413296802416509 6.557318963823666 10
93 3.1747005621970965 6.797681692113022 4
94 4.708649902851894 4.036565249895717 51
95 6.154875605190221 4.809203925875156 99
96 5.714431677172519 8.856394093109193 11
97 9.082650772503156 8.76606577541259 10
98 0.5151511370070578 3.2020801688679 25
99 6.346016983573619 7.35273302587873 36
100 2.390378571962501 4.594090325061545 39
101 7.592893645649163 8.891151326575322 82
102 4.454126133706673 6.781044758224647 29
103 1.5685810547548311 11.75525688258511 84
104 7.353573526210051 5.859288918634101 13
105 6.846190222783171 9.404048276986886 7
106 8.572903551771445 7.784295153823786 16
107 6.515986505315354 6.125551627356881 56
108 3.466802184833674 7.742324398094046 26
109 7.771782743612918 5.984151391808325 16
110 6.015008838529122 6.487105250198084 83
111 -1.1767449410072393 6.834340956185358 54
112 4.977997302580937 7.382808092990261 76
113 3.1325779398954947 5.455730347149788 72
114 2.796703930524973 9.384019305757386 74
115 3.587000328594657 8.262182100938439 62
116 6.271061422625926 4.9395589373693305 81
117 1.132433310033326 12.800387386683832 42
118 7.705345765012774 6.305534084326695 42
119 3.0575455329790677 7.693023655489681 65
120 1.1589484400307501 6.275144252811153 53
121 6.472162316156973 1.2886020748540343 15
122 6.923361571753116 6.515548120153069 2
123 4.562756127138719 5.992103756859123 41
124 8.271076363036132 3.986416368895831 34
125 0.12492952401433528 6.761779703622453 81
126 4.268645981862376 2.28272306400185 39
127 2.788386637952445 9.768684706690282 36
128 -0.7919229399017583 2.747295141504935 19
129 4.047926133445388 10.961223071237416 10
130 5.018918033826103 2.28327566234073 20
131 4.450880285762589 2.8998158679921895 28
132 4.372993747882584 5.328222569940405 55
133 0.616266243934238 9.120457927329982 78
134 4.579159546793882 5.81783345017929 94
135 7.0266346570624085 5.828613956255725 71
136 2.142529934857883 8.688271873650905 71
137 0.4096794675235918 3.6360439259158412 4
138 3.6212430150430537 4.570786360406228 60
139 6.036794067948714 2.503169443739297 45
140 1.609760462419511 8.854611836739357 56
141 0.14120942483503024 5.218255289517635 52
142 -0.62599093959643 7.584321567189805 75
143 4.835856051041026 4.319440737912256 10
144 2.9030375153707384 3.0453083847268934 64
145 7.3300523657892676 3.1356810749589212 51
146 6.980614701306907 4.824283403133575 48
147 5.97051533653937 6.367893926943155 94
148 6.535667798671147 11.01020606025363 40
149 7.900409133051996 2.9469186352400243 53
150 3.488031457324723 3.480281120343254 16
151 4.381552870747136 5.017616619418997 94
152 6.391318371069425 10.768127619511779 28
153 4.892892085379849 10.838980327543304 65
154 2.1686125715502547 6.027503718724987 20
155 6.032118972605554 5.919895025733475 54
156 4.109502942502825 10.608724587205373 22
157 4.814722192918074 5.119475441685935 21
158 0.8693041388261328 8.441550744663683 46
159 0.67077398961814 6.121655425765412 54
160 6.631378302725053 7.059065586406256 92
161 8.846193957763765 5.569845017335712 34
162 7.9042760545067345 6.884570822452506 64
163 3.543947808353846 4.159470396661821 40
164 5.233409094650842 10.12697167254281 37
165 3.8705538162402897 7.429714317432928 34
166 3.943758760566694 9.126894730930225 31
167 4.306925723420349 8.88520952095245 43
168 0.4134497816925627 7.056391271793973 47
169 5.186420438799777 3.3215863264737626 35
170 5.347298300318568 9.864751133846466 1
171 7.213551567606301 3.6952312256662463 78
172 3.264688853313503 4.746364780571729 79
173 6.439257598785096 7.925991296391345 72
174 6.689039917091527 3.765346131391395 11
175 2.4175483234986967 10.21125402273997 84
176 5.024994395703788 6.330628863995956 91
177 1.600426860801622 3.054401749614247 39
178 5.064974488604138 8.371861384431996 12
179 2.3985450619067756 7.679555362854959 19
180 6.49851388253663 4.305233034416316 66
181 7.277307619647495 6.947394371278663 49
182 0.884479716631108 8.826832997559984 36
183 7.733751743152627 4.003510709691526 83
184 7.453241735114478 7.555437452200922 18
185 6.777557613945356 8.400464845817233 82
186 2.1395096380542378 7.916396745574712 5
187 2.5136882211533433 6.870435394469599 84
188 1.1755453102560602 5.840876968790158 6
189 5.6605099620089385 2.06674211258255 50
190 -0.9028203875683322 5.907771222370025 18
191 -0.00026647244211835426 3.5645590586395888 55
192 4.754374216091214 9.183779012995451 31
193 5.153417952699241 9.393011597597043 94
194 7.33874997065531 5.089840754591169 79
195 4.161624062551443 7.129589491741238 40
196 4.653026151591331 3.598453092845936 49
197 0.1604328061583447 4.1649960244306605 31
198 7.413959318189145 9.131265261401158 44
199 6.23365255180455 7.943092083912981 56
endpoint1 endpoint2
15 172
67 79
95 157
11 177
81 169
130 169
150 172
176 195
77 101
60 163
7 82
20 157
73 93
35 41
9 107
63 89
22 75
11 47
8 187
39 76
35 132
118 160
1 117
41 160
57 75
100 138
33 154
126 169
134 138
37 167
63 154
83 133
119 195
79 134
3 169
6 183
63 151
22 28
12 28
50 182
23 95
173 184
67 170
100 154
128 191
4 120
43 120
125 142
22 157
48 146
32 97
158 186
151 176
21 186
104 184
160 181
23 28
88 166
25 114
54 172
10 51
45 68
108 115
75 93
71 196
58 66
50 187
2 54
66 108
193 199
53 139
74 150
27 105
16 184
43 140
144 177
3 163
45 120
32 185
76 135
5 103
111 125
67 147
108 112
31 158
38 186
87 185
31 92
177 197
13 54
95 107
41 78
26 148
149 174
65 119
162 198
89 165
143 163
110 178
72 119
38 64
54 108
86 199
109 147
99 176
68 191
81 123
40 133
20 110
17 164
27 160
103 117
135 160
24 167
12 173
64 89
24 90
86 147
47 92
4 119
46 129
32 101
34 54
148 164
181 199
8 69
71 183
4 64
9 122
124 146
19 188
116 181
2 168
48 104
18 58
44 197
10 82
68 141
22 146
0 170
125 141
30 36
115 119
30 178
187 188
15 144
84 155
87 153
36 192
53 174
10 99
20 131
40 140
56 175
114 186
2 55
122 162
113 163
29 194
162 194
27 37
59 191
192 195
78 119
123 195
61 90
49 50
19 73
56 136
15 151
50 57
93 179
129 153
75 86
40 52
81 194
50 92
86 102
50 136
137 197
68 98
9 69
7 67
83 114
10 106
44 141
58 96
43 159
25 153
45 188
143 157
130 131
114 166
119 186
55 108
49 142
163 196
74 131
68 137
84 185
54 123
143 180
23 118
81 94
3 126
145 180
40 125
90 164
100 163
17 26
99 112
159 190
5 55
64 157
2 4
7 105
78 156
81 147
152 198
68 100
101 173
96 167
167 178
39 132
28 34
17 184
27 42
18 198
69 143
94 138
106 184
56 193
169 189
63 155
26 101
62 135
34 56
75 173
102 115
102 132
18 173
121 139
12 110
143 151
91 181
15 116
46 57
86 122
11 60
5 25
112 123
72 136
59 68
73 125
88 140
37 187
39 139
27 41
15 150
80 170
12 96
33 186
22 176
90 140
7 62
70 130
37 58
92 187
60 64
67 166
38 108
21 44
6 12
81 174
104 155
85 134
17 79
95 171
14 177
11 74
115 127
57 113
32 181
79 185
104 161
115 167
104 118
57 179
165 178
0 114
76 134
104 180
152 153
83 175
79 107
85 159
76 196
64 132
57 72
40 154
