nnodes nedges type
200 300 graph
nodename posx posy weight
0 12.126102956404988 -1.3544773017882232 92
1 15.289613075274898 -1.1037019869223759 71
2 16.751739855616368 1.8273842677835617 64
3 11.909463393128952 0.638177967778207 35
4 11.41061012869388 -2.6161624287342926 15
5 14.2110224732324 -1.7399147362057603 44
6 15.603137632216681 -2.038659810440774 1
7 17.882377088034644 -3.540063360430874 16
8 16.588259787813467 -0.7137561466851393 65
9 15.8601792738129 0.01948492864579569 58
10 16.519458699224668 2.234427631783193 59
11 10.567740515007491 -4.739701717972961 11
12 13.473557717567507 -1.8660482688549247 10
13 10.22689418830867 -1.8328607605738165 73
14 13.272791847155798 -4.120086280447643 70
15 16.308611413329345 0.12511429197953833 53
16 12.122019544884175 -5.148195506556873 47
17 17.41171910591176 0.16205134859809828 43
18 16.24311929559057 -0.3832886975085674 24
19 18.5304731605198 -3.814748341008661 36
20 13.368512552929273 1.6941705135312728 48
21 15.28440364901268 0.06232694623952115 22
22 12.100800382779347 -0.2849361336179787 53
23 14.985331465638891 -2.184666924382187 55
24 6.9224559694430425 -3.3645296608649193 65
25 12.616830070533512 2.868058707237936 41
26 15.366174998061316 -0.44141492994099524 23
27 10.938505055270822 1.072352850084424 74
28 11.256151542817124 -2.6134821405665245 8
29 14.923705473052062 3.260930174319276 24
30 16.750434469309777 0.044437553686160695 50
31 13.034189200037439 3.630772403221125 57
32 15.598518800050245 0.3507102062279229 83
33 15.864583521809026 -2.4406705826647523 62
34 14.41059995510822 0.32282002735588505 94
35 11.688788371891212 2.999465894322848 70
36 15.599580363821497 -3.834630098163482 74
37 11.294165781635847 2.257767708763466 19
38 15.217277869362718 1.13906888065925 50
39 10.7078784185111 -0.6708899975319746 41
40 16.255692457863198 -1.2253809053764315 40
41 14.495701990342239 -2.6936825109682396 28
42 10.05408856138568 1.4756813406417955 63
43 13.575937833830455 3.9462175367577657 62
44 15.089026101173674 -3.4272391243285587 63
45 6.417084269557321 -1.5671364890317736 27
46 13.217374972421815 -3.172053667024222 30
47 15.209212955786272 -1.7528454838284566 37
48 14.415362686265926 0.16514436738610935 39
49 17.788766543403273 0.3347986373846339 96
50 17.211929182382168 -0.5973676384492113 77
51 17.71043453873876 -1.5579369504497702 32
52 10.63385311992122 0.5886782291412219 50
53 11.920915243076308 -2.049515471498877 98
54 15.806061558620716 4.138810984372036 63
55 9.861567246875639 -1.5609087308040144 15
56 15.602160877815892 -6.2294616615493705 95
57 14.909998737635073 -0.31709701158539944 3
58 15.916398229039677 -3.876065727319055 9
59 16.59824822241696 -5.994577875845664 55
60 12.724348026778484 -5.1241410222130686 55
61 19.865079953995828 0.8242157623245572 38
62 16.610460712325004 -2.259962546860472 45
63 12.768333450616433 -5.576084389196964 61
64 12.461087043204811 -1.0915110192962334 10
65 17.200559994295187 -1.2633843982200677 84
66 14.333666592099938 -3.9316783906319346 96
67 18.335872551167945 -1.3543539680749463 61
68 17.01632199742065 1.8818829045884737 48
69 17.30339983857211 -3.184561623864632 75
70 16.240155803150884 -4.3487125893110194 4
71 17.632401439771844 -1.7468674863593474 32
72 14.706610979307877 -3.5058988381551464 61
73 6.659345483956645 -2.703089260071572 88
74 14.165806816398936 -2.742250611008305 59
75 12.421694021535025 -3.218693388344739 87
76 16.579146453905278 -1.0690350006586762 29
77 15.850151787056623 -0.74280949103711 2
78 14.84239482282169 -1.326850414215621 55
79 19.168510114098513 -1.2623084165707072 63
80 14.408013574494827 -2.2890913873255125 60
81 7.516079653577287 -2.168834391225183 54
82 16.736256645185613 -4.814433851984785 58
83 16.050205536901704 -2.7159255022969666 19
84 17.89700742619532 -0.7548692911729588 16
85 14.777877252884787 1.0187032491141166 35
86 17.015980442705207 -0.8153682221958586 11
87 10.615372728539848 -0.011834509496337641 86
88 12.689749650998907 -3.876120916617592 14
89 13.745114694712651 -3.434399972080244 39
90 12.904223877092274 -2.0858040694794275 91
91 11.792215382542148 0.8442003240113328 29
92 15.22601492077722 -2.8846907906521815 20
93 14.167085845777583 -5.141171919179856 28
94 12.65202525893395 -1.890674050851657 75
95 15.582449049814716 -2.2675140132394853 43
96 13.001830954605468 0.5244978691570478 15
97 16.43128501437786 3.593044621863079 13
98 11.588140987479472 -4.830998501965206 13
99 13.678546279610403 -4.921802717010583 59
100 13.788408008584772 -0.939024545927258 57
101 14.11163705517245 1.4012632119867665 62
102 14.51745240610523 1.4723477556368358 34
103 13.163377821883344 1.095801479365476 27
104 15.541701883421238 1.6525057710121127 54
105 12.647533956490454 1.6352464632924826 50
106 13.123990214622989 -5.880663428242951 56
107 11.953740704750912 -1.1734840462025926 66
108 13.375300399092655 -1.1287440758389418 86
109 18.939019404363872 -2.061633306933008 87
110 14.516294720049233 1.7027219973409808 73
111 15.173515926403478 1.5594900143131925 83
112 10.606033047035199 -1.5483737566030549 1
113 13.775561664714653 -0.046388421927854494 89
114 15.623778077525836 2.83883357874352 31
115 14.304157633080372 0.6971198967027415 86
116 16.559678567425777 -3.82035232990068 14
117 14.445632879615353 -0.06744078473472766 62
118 14.466939548135631 3.636251960425127 19
119 11.393316291487526 -3.3364187045645006 52
120 13.905028157322182 -3.434085159947151 52
121 18.768677970941447 0.38879445358772885 99
122 16.146938294954992 0.8510025510674634 57
123 13.09245977268502 -0.015950675367551705 5
124 12.881393908142865 -4.012380117721483 77
125 9.671371497205486 0.19578100594091125 64
126 13.400461531073628 1.3851243584848232 32
127 16.68460243752027 -1.515800511904509 100
128 11.710878483596565 -1.6184227507646 15
129 15.79120739493334 -4.812551105950769 77
130 16.42451475689937 0.4897488947085167 41
131 14.55574792105815 -5.968737525045871 66
132 8.66035188812486 -1.8790533270771568 99
133 12.349231638878265 1.2719615301403575 9
134 10.859020261677871 -0.126780735775682 28
135 14.88183107206706 -3.009651564620324 19
136 18.208028251044546 -0.45075565350944813 81
137 14.241651600829037 -2.342540625957822 76
138 13.021717890039028 2.6364610104420128 24
139 14.030407392761783 -0.15426705707056168 30
140 14.141095230261433 2.468103902397045 55
141 5.439546970908755 -0.9357543011615185 58
142 10.715875855886846 1.8836299049836351 19
143 12.23140047004608 1.4249669717028677 16
144 11.615053823792618 2.5430873295539516 80
145 11.962262826826402 -5.843784819259748 9
146 12.808070354456849 -2.9529749669462424 51
147 15.546060345695293 -0.8260763598954631 90
148 13.621483156164485 2.3782806883841987 68
149 13.342741412200324 -1.9474000212698954 16
150 15.381948094930546 2.5387104523848287 54
151 13.286876456113681 3.65746614183104 26
152 17.498914498439408 1.4176631999545355 74
153 17.76968089134583 0.6680772120960187 4
154 15.942550595284713 -3.180828379031734 30
155 10.916141630950285 -0.8415471875167493 98
156 14.747499023301764 -4.625156541249011 64
157 15.402550600989397 3.4579752647223825 79
158 11.388091094128505 1.4149719132975178 1
159 11.7798428913745 -0.07397378285599049 46
160 13.217631261044314 -0.20820184266245326 73
161 12.279593806206607 -2.5996171188700385 60
162 13.361297590411896 -6.157764007034031 23
163 17.24032749332449 3.0935412064246695 29
164 14.61369505282579 -0.6341726163689961 87
165 18.470165145515132 0.9819653965060559 25
166 12.040696777408689 -2.913887153470169 85
167 12.871463476323944 -0.4150196016228045 36
168 13.471941287111669 -2.7028709219241787 63
169 13.969288065920304 2.9718140367712205 71
170 5.390713115184243 -2.127990505967562 7
171 16.734088981816303 -2.4124544214515904 30
172 11.654071034810684 -3.8798140045238543 97
173 9.365889452265488 -0.06862023584089989 67
174 15.981537092082402 -1.5516196281357437 26
175 10.250141945018685 -3.9763052058123214 73
176 12.247247778911921 0.14127440201211833 99
177 15.689570299708816 0.8028328081481279 94
178 16.467577301322546 -2.8629195372353733 59
179 14.123357536533371 -4.020954793359772 31
180 10.697835582941908 0.8942761299463579 10
181 10.969490362139382 -2.2062878893759716 41
182 10.600077225727102 -2.0384268120556936 62
183 12.184936840345356 2.3344031472463262 10
184 17.021430787942077 4.636060023590355 16
185 11.053804301089304 -1.0164511625493984 47
186 13.75255798231626 0.6180893729739975 99
187 15.770010758675323 1.0436323796517482 25
188 12.356453536333612 -0.6255940654220347 60
189 13.75635371421275 -5.28780097760433 90
190 9.419647130059543 1.4070507062481856 29
191 16.746036518890367 -1.9886047474640018 45
192 14.859172805795541 -5.441566220208899 37
193 16.926005012180777 0.4391686642164196 77
194 11.021137794594548 -3.767003920117825 55
195 15.633083506045391 -5.249719746156293 34
196 15.741708631856143 2.4427793065115213 98
197 19.189038785683334 -0.6143664121959496 10
198 14.116114039288512 -1.6985455722652987 23
199 17.79091485746491 -4.760340608221725 64
endpoint1 endpoint2
30 65
133 159
20 183
12 78
114 140
4 146
33 36
93 192
64 113
23 26
55 155
77 127
25 105
65 84
3 142
55 132
17 165
51 127
48 103
45 141
2 104
32 113
126 188
103 133
93 195
31 35
71 171
3 186
41 198
124 166
8 15
92 198
94 100
15 122
97 184
42 158
64 155
66 124
15 34
59 82
57 147
85 130
5 77
3 158
70 192
28 53
29 118
1 40
53 112
72 156
45 170
83 95
6 41
70 178
105 160
96 117
3 185
111 126
33 174
35 158
34 164
98 119
45 81
33 147
119 175
28 128
161 194
102 169
14 63
30 32
120 146
1 26
101 140
80 168
151 183
10 114
27 176
168 179
134 185
53 172
74 90
18 191
168 198
39 182
33 116
13 107
21 115
12 168
5 164
44 129
9 40
8 32
19 69
17 130
33 178
8 51
96 133
4 185
73 81
86 136
117 198
42 125
89 99
123 188
155 182
2 49
110 139
22 52
120 179
74 95
97 150
76 78
17 50
130 177
104 150
6 92
151 157
100 123
134 158
47 139
56 195
137 171
4 119
134 173
130 152
60 172
85 167
58 83
107 134
26 174
133 138
26 122
60 93
47 62
48 104
1 100
139 160
38 57
93 131
47 83
48 147
56 192
41 89
156 179
69 95
71 76
79 84
9 117
47 127
39 112
46 149
51 109
12 75
0 94
33 135
39 125
139 176
68 157
130 147
26 193
93 179
101 139
26 186
21 86
32 111
143 158
49 65
52 190
64 108
53 94
18 177
94 168
44 89
57 78
17 121
21 48
117 177
71 136
14 72
98 145
80 108
22 96
148 186
177 196
6 80
22 87
108 128
15 84
24 81
77 174
22 90
7 199
102 117
0 12
77 187
40 62
31 118
12 100
106 192
61 121
59 195
30 77
48 108
180 183
57 139
67 76
6 8
149 160
133 144
36 179
31 169
44 58
21 117
47 95
40 191
118 196
47 72
0 159
25 148
102 187
130 153
10 122
20 143
53 167
26 76
34 100
111 187
123 186
135 149
155 180
97 163
94 181
113 115
107 159
20 34
98 106
65 178
64 166
145 162
43 148
131 156
80 154
29 110
28 166
81 132
1 95
16 145
66 135
88 168
20 140
116 195
2 114
85 150
179 189
14 146
107 137
138 140
5 146
16 124
89 90
161 168
55 181
54 114
86 171
44 137
23 120
89 124
115 117
10 163
83 191
162 189
136 153
41 46
37 133
65 127
119 182
154 191
44 178
91 103
1 50
39 176
22 167
84 197
30 68
105 133
8 17
143 176
119 146
38 115
66 92
32 122
22 91
36 82
18 164
82 199
93 162
161 188
7 171
58 70
11 172
