nnodes nedges type
200 300 graph
nodename posx posy weight
0 4.7956458454327375 0.5527293633722188 55
1 7.851625365694104 0.4400826494329429 51
2 3.884084624798675 5.668201205896494 23
3 2.5345954855144885 1.2401222518385273 53
4 1.664868775915493 1.7798619734083507 97
5 6.296142393362741 1.324533149175796 15
6 3.2749085640943494 3.58817526946948 60
7 7.731011526262664 0.6982874927625351 21
8 5.378808714306543 -0.8572215865883308 15
9 7.524968638995007 2.6362032060541574 93
10 4.688270439243166 1.5068424860694904 29
11 4.524282535347237 -1.7952842331319516 12
12 6.631073775319504 -0.2134693484817621 96
13 6.250652393337499 3.8384190195898347 36
14 7.162607240553059 5.316919142665353 70
15 7.435725874479534 3.777462156384603 39
16 1.8365527295015116 1.344294532390165 12
17 5.1589115054132 -0.0005979218043298837 71
18 3.9118588109265833 3.735273712180704 19
19 1.8745874684081478 0.5526227213230812 64
20 8.617842048313785 1.7649100001187963 45
21 8.618701507030982 -1.8498508425986826 98
22 5.14754672162132 2.6920028764122828 26
23 0.17038988540534983 -1.6586039225968507 61
24 2.305651666892752 1.9022023883090349 48
25 3.8802784560855073 3.3915764188266366 82
26 1.4028828415851275 2.6098153332131218 85
27 9.796688605890372 4.298416840711115 46
28 7.528551293305083 -0.0758293372959283 70
29 3.707342082897281 2.578691645287702 75
30 2.1391668317621604 3.4402003400104166 31
31 8.074690301397409 -0.42410132632862096 87
32 9.42060842673107 0.6003349867643398 28
33 9.550545028314666 5.747465649761795 60
34 5.3534346672813085 2.1670516352634794 37
35 3.2314049555988613 4.0110084708632785 77
36 6.928308098214829 1.0559961419649353 72
37 8.167089490814982 4.518634071872606 80
38 0.34996141568958233 2.088433657502605 70
39 9.049068247826533 0.8379290888084534 52
40 4.119259913523971 2.05958999442509 21
41 3.752074884812112 -0.7996134628131625 90
42 -0.5980830800786077 -0.20143299732902864 36
43 2.063298885355771 4.645627389822426 29
44 9.210769947741614 -0.3839674389229816 60
45 3.2863177256315397 -0.6300342092855131 25
46 10.065142417298954 1.913411871926231 12
47 5.140435345158724 6.272117455273064 24
48 8.908027879316071 -0.8472146652425502 84
49 3.7454820685777954 1.3950876376494143 79
50 6.790719413254841 4.628764104028023 14
51 7.9537184951921205 2.0156748025517177 54
52 6.229449294036428 -2.2192974752064685 83
53 3.2681070527359593 -0.49679599585385287 2
54 9.118179288346125 4.868677843489699 52
55 7.583155916963752 1.4728872384420084 70
56 6.8924309257811105 3.127362677279973 32
57 1.515733373229645 0.4350164985480967 67
58 4.537708168719258 3.244816779925299 79
59 3.1060955918466826 5.228574793898548 45
60 2.986975324993002 2.4782487330760232 93
61 1.9882777332738744 6.000056359724605 72
62 6.405427697575293 2.3361460708411874 6
63 -0.7791713451499568 2.408694212186839 58
64 5.595140088731095 -3.31688666164343 54
65 5.382852962888463 -1.8486885760640106 45
66 4.884505455031867 0.19745009549025025 4
67 5.707253962464935 5.532815486076679 43
68 3.4485233379933575 1.1947026898014657 37
69 5.148468051567425 5.366406269420404 8
70 5.09983996859568 4.879658643805378 87
71 7.172237145983322 -1.9297906796379123 31
72 1.262228695346089 -1.2092504593407771 34
73 6.05888416881462 -0.6599822811503236 46
74 8.623970483833473 1.122261223754441 87
75 9.301821999142522 1.995862245105304 29
76 7.103660328029196 -0.4099026894402411 25
77 7.1310889252540335 -0.003722553703629211 8
78 7.6490382618353605 2.068783819512413 83
79 4.34826496899911 2.4946788387539214 49
80 5.452307025530058 3.8954214068387367 68
81 4.332665472137536 -0.15343408645645037 46
82 6.964737627921131 6.474669568911661 13
83 6.226595454744969 -1.5954073256957952 73
84 3.0633657107517003 2.042804241792114 86
85 8.47190075903411 0.26671533452589785 40
86 5.756886561315819 -2.226820540246304 21
87 4.231216325072493 6.81787283263499 54
88 4.04883727740601 3.828712179337221 60
89 3.2246390603675104 0.7950672790945833 80
90 7.789150872999249 1.4798372790057392 6
91 7.30988109548791 2.866145308298493 14
92 5.222636875306786 0.9841667975949688 96
93 3.130344050929845 -3.0043342289055923 16
94 7.35237557039327 -1.089232462905884 51
95 5.986464630715825 4.726261606474564 6
96 6.291745193759998 -0.5794335257035989 33
97 3.889442198705656 0.7227492420836396 84
98 7.462322220488923 5.788716548701619 28
99 6.872460108438433 3.878221453294345 33
100 5.803739378270009 -0.8875406006600496 1
101 2.415925405574757 2.5827326078481603 86
102 9.806414734422754 3.24804751100126 54
103 9.16589032224712 1.4625512424582372 17
104 3.4194009691452174 4.395567389378668 76
105 2.869846363669587 2.1805182357919297 48
106 6.624446911756608 0.6404709230150464 36
107 9.659347677068503 3.889990329053171 17
108 6.593128399141478 2.756954218729187 12
109 3.7320684370291293 -0.4675462840975767 63
110 6.944145591887165 3.4539138122586612 21
111 10.027751740723133 0.4382467593232948 56
112 1.9324506721895647 2.4856302701760953 16
113 8.607963418959761 2.727638815460944 15
114 8.585316291814149 2.447163716703651 34
115 0.9194322135254681 3.3077744001881513 75
116 3.1622890934374395 6.717773108798366 84
117 5.434497339080467 -1.1383767801408335 21
118 6.48171443964357 2.1548177446996224 39
119 3.6129839848733942 -3.567678757161288 94
120 7.809575137354843 -1.6351726423630277 8
121 3.887875771215165 2.8224967287821427 87
122 4.729987159506958 4.959688522417229 72
123 4.285446417575335 4.9247882533753184 47
124 1.0657048708261583 1.6731834011274687 99
125 3.43326619771311 2.79622048242266 51
126 8.381296094844219 6.749167444788193 26
127 3.7105843081969687 -1.8106679952446048 83
128 6.756745209505862 -1.7871451585795295 25
129 5.002895143554465 3.0401472338308975 73
130 2.4985801172436415 0.13284454434721918 6
131 3.2840018995441618 5.425214969167266 31
132 5.748637518544036 6.353279321492325 2
133 4.993649129312535 3.6394119075269398 6
134 4.653617856811486 -1.308104903784992 21
135 3.28161714891015 -1.4544741881132592 99
136 8.342003731826498 2.855386386995383 76
137 11.571971642622067 3.2759273152942927 72
138 8.464616866555431 4.141308113524177 92
139 10.231608544833092 1.7737377846421438 62
140 5.560431565026324 2.9762819332651476 55
141 6.757356364546291 -3.428782536525344 22
142 5.154872646992754 -0.6000638998628826 12
143 2.5787070934716936 -0.38204426968655064 17
144 4.3179313678126015 -0.6310820633147213 78
145 1.0472459363559337 -0.47012493411459416 47
146 10.503711060706797 2.99810762306079 4
147 4.488885163410373 2.144845478428275 56
148 5.8749020085880765 -0.4801125712756092 45
149 4.796305472150566 0.7729226879313097 24
150 11.163527185672244 -0.020737922166482552 91
151 9.198381276188579 3.184283469635009 39
152 3.7394187470510487 -1.718196115130768 20
153 7.232102007551259 0.4679538425488419 72
154 5.040902017368893 3.861369644573852 98
155 9.24535293918702 2.4888235112126575 52
156 4.578657786385667 -0.13920691350297645 91
157 5.515035249855921 3.3995489111183232 3
158 7.497964053657032 3.4207030629395048 14
159 3.247253169671283 1.6251137808571294 63
160 6.6826596585296345 1.5072291814037695 78
161 5.527058229721181 1.4179944485367906 16
162 7.3175819170649605 0.8551368351280145 86
163 6.446264816082536 -1.3372646773859114 79
164 2.6071542475157528 4.5866599521156495 34
165 4.415887492266066 5.4047280984242505 52
166 7.630558122593994 -0.6329005011201047 61
167 6.197242073785765 1.1651534247288589 76
168 4.15993359377532 1.5655481569719296 89
169 3.509481298713311 1.843119406004194 67
170 7.991596278051947 4.777678891927325 37
171 7.178794447865924 4.627545882764868 43
172 0.5478784550762977 0.14145134183539657 71
173 2.2276398976748872 4.378760460127757 57
174 4.63262882605507 -0.8686459406114313 88
175 3.376598192358106 0.5631294496738192 8
176 1.0559448308344708 3.9693718031815535 47
177 7.828869952291911 0.12011869545191263 38
178 10.024337426714908 1.114672024709279 33
179 2.628260984059232 6.311407413624068 20
180 5.576206299126583 2.2018784027928615 27
181 3.754641080284292 0.8884246261282582 90
182 6.740220954213271 6.701527308695774 42
183 -1.6590466949187521 -0.5304900331226938 92
184 5.369216373246765 4.719931304307873 80
185 5.2855387534077725 -3.2154838725342785 92
186 2.086731871149979 0.2153688121044701 97
187 5.361915378950803 0.7169296404896592 59
188 10.116939421563588 5.641971186537687 17
189 8.178267195625583 3.669176016668654 4
190 6.003909062953413 6.04126381997767 51
191 7.166293150842965 -2.3933573663350094 7
192 4.827029083351305 1.952300787523504 9
193 6.113198936417703 0.7205176087213641 1
194 1.9330059371295674 -2.7097578648352685 60
195 4.27585834311219 0.3043938739477295 6
196 2.4313624483760807 3.061629878602466 92
197 6.907472057087601 2.0496434641707246 37
198 6.109798618469948 2.1422887842033096 72
199 6.699040032182393 -0.584371184508325 50
endpoint1 endpoint2
91 160
62 161
0 175
58 129
25 164
67 182
56 91
13 154
126 182
2 67
75 78
80 180
20 197
18 169
8 187
138 189
3 24
102 146
62 78
55 177
38 63
36 78
74 111
67 95
88 131
30 176
9 36
10 97
80 122
54 188
65 96
12 28
91 158
13 157
25 60
90 166
36 106
22 180
99 140
108 110
148 195
149 187
130 181
23 72
36 187
17 181
154 165
129 168
32 139
34 79
1 106
42 183
105 147
103 136
104 122
40 101
59 61
52 141
110 118
100 166
116 131
59 123
71 77
45 134
81 152
92 180
74 155
49 195
158 197
56 108
39 113
114 136
33 126
134 144
96 162
29 133
66 144
31 103
138 170
92 144
147 154
84 159
79 181
17 96
116 179
107 146
4 84
68 97
58 147
149 174
86 163
81 168
27 33
140 161
0 160
115 176
169 181
99 170
52 148
30 104
40 180
107 189
180 197
9 50
25 104
139 146
1 160
55 136
127 156
56 62
14 138
75 139
1 44
73 117
109 186
49 97
119 194
158 171
26 30
69 154
54 189
145 186
36 85
89 105
6 133
35 79
60 159
118 162
5 10
14 95
13 184
125 147
16 169
5 7
65 142
14 82
83 142
76 83
95 133
134 148
142 193
36 76
68 195
81 187
118 192
122 184
102 114
1 48
24 112
0 109
76 153
12 120
2 173
19 172
193 198
108 189
137 146
51 151
149 167
88 192
55 167
24 159
22 192
157 198
121 157
111 150
121 168
84 121
147 168
6 43
103 155
13 91
5 153
94 106
94 191
39 177
21 166
117 174
27 151
87 165
115 124
4 38
65 185
17 199
72 194
53 117
5 108
13 15
19 68
7 199
30 105
52 128
8 73
24 57
74 114
122 190
68 89
66 195
29 68
66 100
91 99
12 163
40 68
49 147
173 196
73 156
3 53
57 186
97 143
108 133
100 163
10 192
31 117
3 4
35 59
37 98
14 98
129 180
70 132
0 97
81 142
37 171
93 127
147 187
59 179
64 71
26 101
77 167
6 24
115 173
123 133
129 157
124 186
15 78
45 181
90 108
84 112
89 156
12 148
47 184
18 184
8 86
98 190
5 12
42 172
27 102
70 129
73 163
193 197
149 169
79 125
138 155
10 84
100 142
17 187
148 177
64 119
37 136
168 175
83 191
10 40
50 67
7 32
81 135
109 142
41 149
74 77
91 114
89 159
82 132
34 106
26 124
51 162
3 29
51 118
25 34
20 178
58 140
167 180
73 77
73 128
11 17
95 171
94 128
79 140
112 196
28 36
49 60
34 62
66 192
91 113
156 161
20 51
106 193
169 196
51 55
57 72
159 192
20 46
130 186
