nnodes nedges type
200 300 graph
nodename posx posy weight
0 2.680822205827716 -0.012754921094147493 78
1 -3.3016304716788225 2.624547457664504 99
2 -3.264390867427843 1.740529487248441 95
3 -1.796581983782603 3.3096950025603515 8
4 2.4992039714527685 2.985805652762609 53
5 -1.8666194232824949 4.071465895575377 97
6 -0.7869930166819191 8.00920294167516 62
7 1.891649237654371 3.1010389991486385 53
8 0.4033819544548128 4.887513380285227 46
9 -0.5545204960882212 3.334088282954931 24
10 0.8438470018666653 5.097421898756514 88
11 4.032526529417375 3.862262762103358 96
12 3.164110809833494 5.200504317461546 61
13 -0.9294419512400419 5.8016998045593855 72
14 -2.070142150775518 7.902059294292798 16
15 -2.389618846542832 6.117886195703464 96
16 -2.410965412082528 5.711060177849648 13
17 -0.24779742672712948 4.211530039453683 12
18 3.7802194356734713 6.761080656369232 96
19 -3.387778097420928 2.974059666611138 15
20 -1.0052463891721801 1.7184262392174536 90
21 0.031415095389587214 2.2519515445421696 45
22 -0.8457076700113981 3.3725920652533334 96
23 1.7692813802963387 -0.37154330318746914 72
24 1.8292272160811647 0.1493430233292988 22
25 -3.067898667340847 5.697295494904757 24
26 0.21297806339734718 3.438552766447259 55
27 1.1692452370619466 -0.41252169445183284 81
28 -0.022199410138837118 -0.5960860333027964 96
29 1.6630225924951756 5.44483171349317 39
30 4.071470864148246 3.040152137790579 93
31 1.9297277576023941 5.7672737016818285 47
32 -0.3163933974795023 3.8705469755361803 45
33 -0.3904242548866904 -1.6056612969744355 58
34 0.9695884676096664 2.197856068448463 58
35 1.1624388007127673 3.9144248120459006 15
36 -2.1401505840239308 1.9392215887729112 30
37 3.651234314992765 2.8520754871248526 10
38 1.2088112406706695 5.83705919417704 90
39 -1.478661654725886 2.475729272133727 11
40 1.6889396347441192 2.2835980164649112 71
41 -3.6181437971336305 5.287459176936499 30
42 2.1666343089455777 2.203586394343311 83
43 2.149737827709799 3.523894782883237 40
44 2.648286050151096 1.536463455254335 73
45 -2.0747163648582974 1.6775198737736443 40
46 2.2059437653465035 0.06793613711159814 90
47 3.08486496939281 -0.14879754193834058 79
48 -3.2255888622781117 3.7656208998923812 84
49 3.4640419583125217 2.5149240278190947 61
50 -3.9157670164845158 0.4756281920080208 26
51 -2.348061435022068 1.5837074291603384 87
52 0.169383621745874 0.6093431927332064 38
53 -0.36791041450031065 -0.20842715344636836 31
54 -2.4069790974931675 5.057962144482166 87
55 4.909288087646203 4.866781182780059 87
56 1.6067351762813307 6.025180525926801 75
57 0.9032275993222936 5.810830760014722 37
58 3.157267727534313 0.8716204986691717 3
59 -1.3697350282585476 3.6785391402097702 25
60 3.951947379388211 -0.48444652582446873 57
61 -0.05140669755056355 5.367303211139605 47
62 1.7326511710734 4.084648410211858 67
63 -1.1082557368516248 5.489693326694117 72
64 -1.195958816531111 7.029513439975651 86
65 4.629077196914537 -1.407462525564004 23
66 -0.0660298235274531 -0.2734447476043711 18
67 1.90110701887167 4.323264704287293 75
68 0.8380063996719838 6.540447865050227 49
69 -0.5241421906020803 2.0233933873553056 18
70 2.5377298481315997 1.2596181276434764 99
71 2.764843858394654 2.1312950700562365 73
72 -1.5460080089367487 1.1208368105203745 95
73 1.9129298287724363 4.617546981025488 43
74 0.9300537817228665 3.0464867469369277 2
75 -4.591351031053346 -0.8398913284676311 40
76 2.3910055619973796 2.582681660739288 16
77 -0.701841196922557 1.0070413689009727 60
78 2.18132319958736 0.6956922112280798 84
79 2.3155190788717004 4.855582783175832 40
80 1.34162598544442 4.688818631087956 42
81 6.491082018541063 0.5576449409893454 77
82 2.171856932588043 5.611516601581965 97
83 -1.2595046745599214 2.730249310980981 48
84 -4.190156466044653 3.9297234433185326 15
85 -2.3203630830210487 3.13994054393457 62
86 4.711059683433485 5.795737183410214 90
87 -1.20362973289716 -0.8995517731842261 19
88 -1.1564664073487116 3.881507233714896 7
89 -2.799236704022016 4.710381579434601 92
90 -0.36546201660008054 -1.2174499079367678 12
91 -0.4653594643618651 6.093999386965584 9
92 -1.0183563604677643 0.30717948499332937 24
93 -0.2363357515406747 2.1513024998434944 38
94 0.10886299162669537 2.8560732877660775 64
95 -0.12252672409561845 3.6788332402276995 35
96 5.410281426312691 0.9226998533861983 89
97 -2.723387613309606 2.312688017047556 39
98 1.4009099769584852 0.3283851727232541 12
99 -0.5156957352529663 5.296058395523945 19
100 0.4256818113072493 2.2639421397424333 74
101 -1.5069853412731256 -0.3725290481788352 50
102 -3.815372750277156 4.873581147694193 86
103 0.49072268706907096 3.8538628870379483 95
104 -0.6263181124568952 6.672084782883281 85
105 -1.5551342941358148 3.0157323228495136 31
106 -0.8824624071085476 1.1238170799629328 35
107 1.3712608849712538 2.976411708292546 4
108 -2.350644173844184 -0.045445729688392555 5
109 -1.2228131745162554 5.6463759597461145 71
110 -0.061294281287699905 1.6913773496678874 59
111 1.5429618523180357 1.2534606170252982 40
112 -2.7735165832941355 0.8406038615334908 87
113 -3.4680374916837655 0.5535880304130598 18
114 0.07524168411483309 6.4698259140984336 20
115 3.272448931922464 2.042590864877424 46
116 -2.864138199747748 4.098631768146902 26
117 0.47686782671686156 1.969813081356601 10
118 4.362397109921213 3.5201667609444467 70
119 -4.0447447988663185 2.4327130963954624 74
120 2.427371268716168 5.763593481913768 40
121 0.8424160304227912 3.3534061934476727 91
122 -1.5100958404970983 1.6000732526949064 23
123 -2.1337852488512894 0.33548147883252233 25
124 -0.04778060420164167 1.5271300031758708 21
125 -0.2998281191115659 5.41150373357203 53
126 -3.1403111789822975 3.9708029754932705 58
127 4.259883106071529 4.593755169584838 56
128 -1.5714456198185438 0.4140887104538178 40
129 0.840015684379486 2.7331628630478946 67
130 -5.25825078669835 3.103845000235671 21
131 0.968739530480799 7.335614094469675 2
132 0.9128277853483472 -0.04398767182752222 77
133 -2.447315718769635 1.810329127036973 8
134 -0.7411475801414243 4.115071712203738 93
135 2.612668776036272 3.4024907652039382 93
136 5.3135252323107744 3.608133123739472 39
137 -1.6209948934155856 6.679633207807798 16
138 3.676780799152888 3.408665177069236 3
139 -2.0564028999735218 3.849583979998802 98
140 1.1921780503178374 1.2635279173748553 15
141 0.505721414093588 -0.5742401044716795 76
142 -1.683339007891847 5.199849804723973 47
143 0.6057892592854653 6.866480972513873 29
144 -1.644486554745454 5.832277013751044 72
145 -0.8067618348848732 2.8877026392297083 33
146 -2.428843848250423 -0.9400736241982003 67
147 -1.872799219490817 5.129808504731903 84
148 0.7191059854438934 -0.8416253385832974 90
149 -1.7971450021205428 0.1802358866393722 62
150 -1.6296233797685822 2.2795504211263147 38
151 4.188621794789795 1.2565811386113157 85
152 2.8681532476276805 4.073748021569244 31
153 -0.6709356969220941 2.423725112453021 62
154 0.8870537573756729 -0.9980090105476712 31
155 -0.9429392759510463 4.894646186955346 81
156 -0.5885383210533778 7.388536122343799 73
157 -0.13567001623399563 1.0591472393376913 70
158 0.4112709554960168 3.1925663709311225 68
159 -0.4784938126946293 5.699615945007811 94
160 -3.475063629617574 4.60286254071023 79
161 3.0847822277478527 4.012928150123985 99
162 1.1672464595382892 4.39654688142862 54
163 -4.479422495950561 1.1238785042817239 79
164 4.412959608496324 6.206078555921947 76
165 1.6960640181206614 2.140631334065796 27
166 0.5332729333048092 0.5440077861539938 3
167 4.017914289153429 2.37728122419632 73
168 0.5124113415991002 4.414060208489443 23
169 -5.382500670958654 4.236712391797479 6
170 1.181410071383489 6.064112190030029 30
171 3.5881324921651654 5.050566390134462 5
172 1.3865199987711874 1.3318946621257521 99
173 2.433909616970296 6.81002934669118 94
174 -2.039909730214812 2.705957781866738 70
175 1.671155612970513 7.21542867802855 81
176 -2.5883167084935734 4.019412871063857 59
177 -3.2874813064338206 2.11398205981286 5
178 0.25780293417762706 4.229063683465083 71
179 3.093930207574108 0.4751281944660851 71
180 0.23110429150159312 6.159825960451271 47
181 2.065184467790743 0.992127191500856 16
182 -1.056981398938533 4.318208337199016 12
183 2.1327164596493864 3.8878254692033254 46
184 -0.10145858253206455 6.522864478971416 97
185 0.36093971979743256 6.890070556987016 65
186 -4.105830844048341 1.9794491876445415 73
187 2.902997774149903 2.453102087792881 26
188 -3.1823297995990725 6.411385997625587 39
189 -4.92423900225152 5.412619830152341 20
190 0.6649770453674944 8.241556622557486 5
191 -2.0880988263177858 4.5123562030879745 100
192 3.040321891684181 6.390196344050299 53
193 -1.4659202906159037 -0.05674465866244538 48
194 -3.624174802340313 -0.19132918584568331 10
195 1.2230459554966395 -0.08898396110565251 32
196 -2.504911097803524 3.3671454276830355 43
197 -2.993415381274974 -2.0141077021896314 89
198 -3.9934513974088954 3.1139069381483666 20
199 4.7334309123172025 5.300315371702756 59
endpoint1 endpoint2
32 129
43 135
104 109
15 89
92 93
121 165
35 43
24 154
49 161
72 149
39 158
100 172
74 187
148 166
7 42
159 185
53 166
87 123
48 89
41 147
16 109
134 182
15 109
53 149
19 102
52 53
36 177
18 199
50 112
1 133
140 165
145 182
28 46
62 80
97 198
10 35
71 78
17 124
0 111
67 170
69 103
27 172
71 135
166 181
78 141
29 192
72 106
21 106
38 56
22 39
99 103
85 177
37 183
72 112
80 152
22 95
116 144
131 175
38 73
4 167
118 187
26 67
24 111
23 66
104 137
61 182
38 185
44 179
60 65
28 128
95 153
51 106
52 100
70 165
73 135
55 164
61 91
6 104
102 188
76 135
40 117
158 183
24 132
14 137
20 100
59 182
134 142
4 42
27 148
36 69
47 195
21 129
112 194
1 5
37 151
80 82
179 181
157 166
45 193
3 89
29 114
97 150
74 145
46 115
45 153
72 128
64 184
133 174
160 198
122 133
118 199
79 178
107 117
31 180
155 159
67 135
10 63
32 150
57 80
9 155
139 145
53 154
49 138
39 51
70 98
4 121
157 195
113 186
3 122
80 120
35 100
69 157
186 198
84 119
35 121
49 70
130 198
13 88
22 182
159 178
68 82
32 147
75 194
25 102
144 156
120 173
99 144
35 80
121 168
82 171
76 181
93 134
141 193
95 125
50 163
91 155
9 110
131 173
41 84
102 189
58 187
138 171
8 10
7 103
79 161
115 152
11 55
99 137
16 160
127 152
109 125
105 196
40 71
155 191
51 119
2 163
72 101
123 150
2 39
33 53
109 182
22 34
112 133
21 111
21 26
47 151
8 99
40 43
56 80
13 68
45 122
117 157
81 96
42 111
137 188
90 101
160 176
25 142
34 44
113 149
110 166
103 158
20 124
3 26
59 105
73 103
63 139
124 132
9 174
142 144
38 61
95 105
13 142
9 85
62 67
62 183
104 170
3 126
56 143
162 183
93 140
31 183
76 138
38 175
9 121
164 192
131 184
155 180
44 187
72 108
48 105
37 49
143 190
67 161
122 157
88 196
71 115
17 184
126 191
131 156
84 169
5 32
72 145
77 105
95 121
95 162
16 142
29 35
18 173
19 186
53 87
20 97
42 172
93 117
66 106
142 155
78 140
100 153
9 17
133 150
86 171
125 143
21 88
96 151
145 178
83 191
36 128
13 64
76 129
134 168
27 90
42 135
34 40
19 196
128 146
22 176
94 107
59 94
36 116
60 179
83 117
11 135
82 173
77 98
54 182
11 136
101 108
146 197
8 74
24 58
62 107
32 80
109 114
57 91
19 45
94 100
23 70
84 126
4 30
12 67
