nnodes nedges type
200 300 graph
nodename posx posy weight
0 -9.534629460399277 7.27881080048534 76
1 -3.8184256581041476 7.5422952232910845 98
2 -7.551821734394542 3.1480156289914674 36
3 -8.64335706091639 12.22149742949722 93
4 -6.907060131356119 12.292201737640694 26
5 -7.937393674988944 5.905561180475856 96
6 -5.106902375593497 5.664342119584175 34
7 -5.902798440264427 10.753841411467713 28
8 -9.721010461219361 4.852419816533702 35
9 -7.563499800667897 9.909501757747895 80
10 -11.061174276713482 5.826668021126454 25
11 -7.58762140094595 8.99276203990073 15
12 -9.782287901482361 6.485263639937231 98
13 -10.388152663331365 7.139314081272203 37
14 -5.2107366557602175 9.50786262846375 91
15 -2.686955197369261 8.754489418288221 43
16 -10.423034315828572 4.949989173672194 95
17 -5.355892393043609 8.189083365499426 11
18 -13.031910508719553 8.530629207492376 21
19 -12.218383429638287 7.234382998815184 46
20 -5.579908622111828 6.612628002374967 40
21 -2.778843121773987 10.95856060320304 90
22 -8.69543836456081 9.52401182961539 72
23 -7.653847404224247 4.6472448192768985 9
24 -7.647774102149746 6.712970265443837 26
25 -3.591862648480668 11.407423680322815 19
26 -3.5499480854523067 6.778585203948604 42
27 -13.156832203622661 5.662832263897091 7
28 -9.307809045981513 11.664058968336244 100
29 -4.95397875028557 9.056153574369175 47
30 -6.0239914173517235 2.5572768997419337 37
31 -11.489766912777894 5.353114696396668 94
32 -8.31475620536769 6.572652674952937 28
33 -6.35156052694499 8.936074435224011 42
34 -12.08607779279594 8.744422770782382 88
35 -9.726210931622845 9.65979749821731 2
36 -5.464273243385108 6.874952552604978 82
37 -8.414327403004858 6.170407226369018 5
38 -7.315907401221096 4.501982986843707 19
39 -5.93602887975647 5.179778712473537 41
40 -3.2809729879323672 9.958752280673316 80
41 -8.289828922035706 7.969964761571902 98
42 -3.1121466513005123 7.4832571028696995 30
43 -4.919716128873889 4.594346175238352 54
44 -9.36104309330635 8.342331954794483 99
45 -4.206442730053879 6.1810488716294865 86
46 -9.121414485605955 8.874923438122618 6
47 -11.958162823221201 6.610316597713032 33
48 -11.162390857178353 4.875947294164893 8
49 -11.472680567213953 6.9764152628942995 82
50 -9.541190641634746 8.916607998962252 42
51 -10.096523312311781 8.247297262527619 45
52 -5.865345442749846 8.500752934992715 34
53 -6.873819278230979 9.958463799788968 42
54 -2.3146404556961806 6.20084277124152 49
55 -7.783202221327108 7.273184172254658 32
56 -7.010793505097822 9.36372346347206 14
57 -9.63891719619538 7.643687432783948 77
58 -9.522287613216843 7.93352760390948 10
59 -3.33412402086657 4.904155415045319 100
60 -4.808350276648893 12.037685437742054 42
61 -11.539743399504115 11.251500225711984 99
62 -6.914714394652002 5.803873206230673 59
63 -4.7779334655650745 7.731954515594055 79
64 -8.291339783479359 5.21267471558523 23
65 -6.518573908001188 11.814525400250588 93
66 -6.1769043055848964 4.386906854244794 57
67 -9.886273178865627 10.429901705466941 86
68 -6.731643073178393 6.401545229461491 62
69 -8.576831846059493 9.301989895578709 31
70 -6.2170303140274905 8.354559582154815 56
71 -12.310735732986428 5.3234234335716195 21
72 -7.589515037411264 5.7615554405645 60
73 -4.075967308172404 8.152149476210404 27
74 -7.925644472297548 12.630676621405291 21
75 -10.263698718935268 5.572542915630237 6
76 -6.340289256915061 6.369820243768176 16
77 -6.211147342953634 7.391330576328496 33
78 -6.934916976545226 4.8231965540684065 13
79 -8.69730076317597 4.196104021078192 85
80 -7.6730525965174845 2.644988061664805 91
81 -10.23793606258151 4.679676849749853 61
82 -6.9923935890430595 6.504911072413778 27
83 -6.582002468804338 9.798177952084677 51
84 -8.375261421366908 10.964206051543488 83
85 -10.371277721632811 6.301053627132274 27
86 -9.883101997089973 3.935998069888952 32
87 -8.973649526110563 3.859803331705388 61
88 -1.5028091681775757 8.964629854749758 32
89 -9.16472833394745 6.941266884721545 96
90 -6.8720932589890324 10.591605607615268 61
91 -7.011946099806764 4.160158732059176 26
92 -6.734134469355493 3.6343740614314917 2
93 -4.341060662284207 5.752074956191633 100
94 -4.338568547213786 10.291212646349582 46
95 -5.758938745666055 6.3878033357912285 3
96 -10.938985877120691 8.688797343289465 90
97 -8.548025680349067 10.590646656344923 70
98 -7.212912394967149 11.33505287477757 36
99 -8.710250690036768 5.71410494357357 41
100 -4.999183825265764 4.074790583473751 65
101 -3.5418284843003853 10.208726214297407 93
102 -10.358390279066116 9.139874612309567 34
103 -9.18668860383609 5.845729245682691 45
104 -6.828559959973323 1.9227622705462357 93
105 -3.5116663433493507 8.98270539630449 94
106 -10.634766775748652 8.220731777007446 49
107 -5.474882524819157 8.914756803240817 94
108 -11.931772957134148 5.942945866503732 34
109 -3.422566264821408 7.208590017822855 62
110 -5.224719757502434 8.960655244309907 73
111 -11.820416559673422 8.137768261828041 55
112 -8.30300834839644 8.167011849286473 29
113 -3.5146679695094574 7.790592013898367 88
114 -10.929050967351788 4.356520329605085 81
115 -6.164456821051592 3.782808392613342 6
116 -7.104338705748016 8.202341944180654 20
117 -6.099739918998132 9.568289606214684 52
118 -7.187261005265108 5.085424813085956 4
119 -10.677766692556398 9.11289665664384 22
120 -8.707714920645126 10.109819249568764 23
121 -10.12145166593027 6.91434219296414 68
122 -5.814083725573922 10.155901776276767 91
123 -7.085659386146017 7.633060956931368 33
124 -9.473764032706079 5.879943380027503 26
125 -8.933312660164855 7.925732089804825 22
126 -10.670941071335031 10.23195664170529 29
127 -7.341956152949594 5.4718007840055805 62
128 -7.488495173654714 6.17787189773516 21
129 -8.735373408996864 6.121776923726558 59
130 -2.0826793192780593 6.921799530818186 76
131 -8.425762601151384 9.835190732948805 33
132 -6.435920673007936 13.156790922823259 17
133 -11.575211378008094 9.049087370261438 55
134 -4.395886203870562 6.964685752690402 76
135 -8.852809190632719 7.373672643732932 56
136 -8.946502951968018 6.467273053280729 2
137 -5.036543541025912 6.45478592233166 65
138 -6.441000474021523 8.052012058346639 79
139 -9.606622746641271 9.664340853761704 15
140 -6.524645181626937 10.055761743654482 6
141 -8.08311469432198 4.200992566976507 58
142 -6.69684274641781 8.89261107840972 11
143 -8.596883300646628 10.475097612280452 87
144 -5.595713845591734 10.993027497415396 9
145 -9.357949556081797 5.552281648278838 41
146 -9.371021027195717 9.725943420810852 37
147 -9.379050947684943 10.865849731755585 78
148 -2.287598202329198 9.458412874225578 20
149 -12.669119602065491 9.737880963944775 50
150 -7.675869171494333 11.382596398086486 24
151 -6.819861571572022 8.530161759606493 82
152 -7.015694254030382 10.04101371125869 81
153 -4.696280200271251 10.785962944450372 52
154 -10.733704338941084 7.122600495992327 48
155 -7.481592773177366 8.20125839406593 96
156 -5.612601483884393 9.311506185088009 10
157 -4.109575259115957 8.651421437156124 29
158 -10.798978721595471 8.115642717260911 56
159 -7.9106891917260125 9.376108685644915 68
160 -7.700872089817481 10.47503287449782 80
161 -8.359983941096836 4.546907375790349 90
162 -7.753184694319164 5.304969824253938 47
163 -4.365062268885212 9.216292608168905 35
164 -8.012164041569092 10.975682173149448 11
165 -4.689488636189954 6.77922839042432 100
166 -5.7492949698075355 5.035257242760812 5
167 -6.700023639917189 7.175100432304371 3
168 -4.027854540473817 5.198956475999151 73
169 -7.56857180243813 11.019443907997916 59
170 -11.754957088998735 3.5017980412682785 24
171 -10.663968949858168 8.63331088665379 19
172 -6.394062032003066 7.604054728292138 27
173 -10.394110261396659 7.596800600991814 37
174 -8.336533062175576 3.224783001293522 76
175 -6.188886833058296 8.796494985232652 48
176 -6.104684032674253 10.92456209333945 43
177 -7.691778021606534 10.072008937205652 47
178 -8.810693947985147 8.63874633271223 79
179 -5.248184698729366 10.3210209617901 49
180 -11.491213488682297 6.662907359190709 15
181 -14.087683556168937 8.939281729984856 79
182 -6.4008724361949785 5.9559582969455365 56
183 -3.3981395844507687 9.370425516409549 98
184 -9.415065111790593 11.399616275101272 69
185 -8.023177062526722 8.51176236279119 58
186 -5.19543807406795 5.568287596285629 66
187 -10.365614677233857 2.7524187697984552 75
188 -9.537099932298302 3.7370506845507183 34
189 -7.9140387709113735 8.342593653350418 3
190 -9.93889020449945 2.5790172789013224 64
191 -5.523810016516459 5.712927260949533 95
192 -10.664807610317508 7.546503706324607 75
193 -11.823647276895793 9.601207494132192 22
194 -5.739587257933782 7.121698422890062 97
195 -6.29337064429969 11.147947944280299 48
196 -10.35282385464118 9.464777272839818 68
197 -10.526206005262575 6.387243468265156 11
198 -11.50066367283262 7.552694856517663 8
199 -8.305912097235089 7.1734805914637025 65
endpoint1 endpoint2
50 96
5 68
6 82
78 127
136 141
19 154
143 160
140 179
51 133
79 188
48 86
17 20
171 193
1 6
44 158
63 163
9 120
5 129
139 147
103 162
122 175
83 159
46 171
32 155
142 159
178 185
18 111
44 199
50 112
39 62
22 41
13 124
29 140
169 177
79 103
58 103
46 177
85 192
95 137
61 126
90 151
49 192
26 54
94 183
21 40
89 199
20 93
155 167
44 196
3 147
133 149
8 145
75 114
95 127
70 112
77 107
89 112
63 70
106 139
0 154
9 52
188 190
43 168
60 144
24 135
43 92
44 102
23 66
51 121
94 176
121 180
5 64
122 144
5 161
74 150
58 198
28 120
62 91
57 189
182 194
72 77
84 159
105 163
56 69
7 153
41 151
17 117
11 97
179 195
125 173
157 163
9 146
163 179
33 116
125 135
15 88
17 73
105 148
30 104
89 121
185 199
2 23
108 197
38 87
77 137
18 181
57 85
24 118
81 145
66 186
43 45
62 172
142 156
36 167
143 184
106 171
91 174
80 104
58 131
173 197
44 57
4 144
63 113
47 198
15 157
16 85
99 124
162 182
165 186
131 147
155 159
14 163
131 164
63 95
114 170
13 171
96 111
10 71
150 177
20 191
44 51
116 160
16 188
8 124
20 68
42 105
48 81
84 150
12 32
17 157
94 105
9 195
24 37
7 56
65 132
175 189
63 109
37 64
38 141
44 125
59 93
22 159
64 162
55 167
46 136
82 182
35 44
41 129
109 130
1 183
76 128
20 194
152 155
121 197
0 50
31 49
11 55
154 197
0 37
23 64
56 172
117 177
44 119
8 16
80 141
47 48
47 111
143 177
67 184
51 146
78 191
50 120
25 153
10 121
24 68
0 12
55 99
78 161
95 182
11 33
29 134
5 118
30 115
16 114
123 125
70 83
178 192
122 152
62 76
131 140
107 144
37 62
10 16
44 135
96 173
151 194
152 164
110 123
44 69
103 197
98 140
78 162
3 4
24 116
174 188
107 138
7 122
86 187
120 177
53 65
27 108
49 158
9 169
14 70
31 81
67 178
69 143
84 169
20 166
115 118
14 117
56 140
23 32
84 164
50 126
68 167
53 90
76 123
17 156
77 142
139 159
53 156
90 150
12 121
5 199
127 145
36 186
111 171
72 124
81 87
66 91
118 128
119 133
38 72
121 145
38 166
110 153
42 45
134 191
128 199
138 178
26 63
41 125
57 154
34 106
52 165
86 161
165 168
101 163
97 98
36 138
40 163
21 25
6 100
176 177
100 115
53 185
39 76
20 76
35 97
0 13
106 121
79 92
82 199
36 45
33 70
52 175
75 89
55 199
17 175
