nnodes nedges type
200 300 graph
nodename posx posy weight
0 -5.6900263755621605 12.723585337217498 98
1 -1.6259650662551985 7.894211719010715 51
2 -0.6936582746218781 12.977452941807242 65
3 -0.8813503023471289 13.367211756875916 89
4 4.730826904372898 11.168695569261736 50
5 5.44913117329471 8.462376883068904 2
6 2.7112781958131538 10.460528786310446 42
7 2.7120151822448157 10.726874902203939 10
8 -2.724162510055179 10.987446703644737 50
9 0.5311358571029476 5.136851543991668 32
10 -0.3868625983578492 7.62571088174697 16
11 5.905498037178794 11.580101841304298 1
12 -2.1225174749487263 10.930570266309479 11
13 -3.110589412833228 14.118210284414385 72
14 -1.7527081011040775 9.187682536309456 68
15 3.5728260169087003 6.910759315830335 16
16 0.030747878765805352 10.758990775936589 75
17 0.09928196647007169 11.669316017044284 40
18 0.900217063841922 5.983780945653263 55
19 -4.081084150329741 13.394226565258997 95
20 -2.6285634385307897 11.906444049862206 60
21 -2.840569214922155 8.726331991091932 77
22 2.549969797418949 10.223681309646233 94
23 -3.1479689930758292 6.280342169370418 71
24 2.966185398765515 12.690648086264805 77
25 1.4461975449229227 7.027289474748023 67
26 2.281975211518525 9.15645397290294 65
27 1.768433670771016 5.820997039711533 96
28 0.5837509341244187 6.477026798306438 67
29 1.3856066804049196 10.832046184045678 34
30 1.7476353948843875 11.509119720076987 47
31 -1.4099506705605995 11.641303181119447 67
32 1.2295623718518451 7.800272073026726 14
33 -3.4690795134826096 10.448876577438222 86
34 0.31916170072451877 4.447829523077564 58
35 2.839020075826743 7.31300751886083 60
36 4.854983799851565 11.380907383985562 62
37 -1.730714161633532 12.715871893651364 69
38 -1.8662738913314598 9.137290674238692 48
39 -2.3051031034557483 11.607507179301331 97
40 1.870603531965735 10.864703477369282 20
41 -0.10524865254079878 10.054380948579155 81
42 4.981086349908618 7.146979607859089 43
43 -0.6433028032640706 10.322788305012066 3
44 -1.393108517213914 10.730587070937192 98
45 -1.1807200074843867 12.530204941483237 70
46 -3.7351941970009115 11.280925291096636 97
47 -2.234416437027037 7.548152662225147 75
48 4.029100907454612 7.102958161843392 67
49 -4.23736680830906 8.664143581248682 80
50 -1.9133798570438523 6.442702282193937 48
51 -1.339007900362993 12.405167324444012 99
52 -1.1764686783181801 10.819640355235501 70
53 -0.37437411405595566 6.026857644130065 28
54 4.6127722867475205 9.507688542006392 71
55 0.2931947346209588 8.95715108509853 59
56 -0.5414258136141762 6.517909786770863 49
57 -2.5374783990414738 8.549166831194464 47
58 1.7389503067253256 6.481288320818699 72
59 -4.624480816182485 7.273376400309615 11
60 4.311602308950733 12.85089189132678 76
61 0.8664833585462843 8.72427275949071 3
62 1.7355637812527491 9.812577174051668 23
63 3.1874696464512424 9.941633271492083 82
64 2.1948931168396335 6.010996414439961 5
65 2.5710721604335003 9.080393537220564 28
66 -2.0005485458863346 7.27248728485871 16
67 2.561139635547035 8.271381452137481 65
68 1.5044431399261737 8.90907717305207 30
69 -4.026588023475578 6.432213190246155 18
70 -0.9486236646980473 9.576027372010149 80
71 2.582294608344158 8.27256065823128 58
72 -1.0036715754647187 9.286302478182394 92
73 3.754367207049739 9.637583217272784 45
74 -0.756340197525797 8.197330141467596 46
75 4.217699689014307 8.757374624280976 82
76 -0.8477769813618973 8.040546037224956 32
77 0.1809243752873012 7.04610439893961 99
78 -1.3390434396675333 6.9741006190584 96
79 2.9888116254581822 12.191609575818745 57
80 2.82933111995892 11.922184251140472 65
81 0.6775412015357911 10.440516810593339 100
82 -3.1298966283083067 7.529750187634694 18
83 -2.9777911158363297 7.911698126972005 4
84 -4.789064828578683 11.230198115911161 46
85 2.6839007272100375 6.734464106339392 96
86 4.159240686918088 10.635708746090115 45
87 -2.2192937902469962 5.902634813365892 38
88 0.8653649164852716 7.631496447290495 47
89 2.367177881257857 5.080207077257352 94
90 -4.623472958294806 12.28238159932406 37
91 1.3826481057125892 10.268558759702673 47
92 0.0001108343424550594 6.3787874362512245 88
93 2.032210649960599 11.109703951862892 97
94 2.647065227723094 7.705163531206184 67
95 -1.8371697143630092 12.251431056139491 51
96 -3.8268767173504985 10.859679079579866 11
97 -1.7258187594052636 9.937881492486756 55
98 4.319522924922434 7.665943307345285 63
99 -2.38269765358322 12.434746695226297 5
100 2.0336023026550003 10.98529841812171 58
101 4.654774949567708 10.168408452589446 51
102 -3.643169181422876 8.766419736613832 27
103 -0.40740698035935335 8.5132761464507 17
104 0.39393031292501274 8.519593158234224 36
105 0.662110805691827 12.916806796848421 69
106 -2.4092728535921357 9.371342817416508 78
107 -1.903873578986168 14.098280147882754 22
108 2.1230275910281007 7.768165864836415 19
109 -3.4208283486496396 11.690258834822126 4
110 0.20734113415050925 10.026383720589802 83
111 -1.7867896901464446 11.093713174120873 66
112 -2.250504151555041 8.209675391757118 17
113 1.023900205043533 8.53048396226661 38
114 0.9871468380401598 13.812222283228165 84
115 0.27600627301903774 11.20085618402651 76
116 -5.612756774580376 6.6207568202162825 43
117 -1.3686507214519454 13.417232479704312 72
118 -0.5308828529850135 13.402136150309527 89
119 2.7037206008727934 10.00879322442357 85
120 -0.1839764362282663 9.008848544864959 27
121 -2.540621840464218 12.929403402876389 44
122 -1.6399116791713366 11.806573480849188 18
123 0.9598978032629503 9.52949335630403 96
124 -1.814914121676541 7.588936715667309 57
125 0.5916860313637577 13.348038491594133 65
126 -2.595126253354018 10.651500287947313 52
127 3.5422073333101345 8.618200030887085 62
128 -0.3876978760552927 12.338823766238564 67
129 -1.3421689192756963 10.07082524233297 98
130 1.128572142236506 8.9255713804061 75
131 3.3243437475300324 11.742175395966807 14
132 3.6527660119641587 11.516252444326456 16
133 0.4399835470297838 5.794792356820212 95
134 -3.166238912908586 12.507032826542353 26
135 -4.56454308513727 10.352797283960362 69
136 -3.364665580630493 9.712767995235374 28
137 -4.275810682894163 11.23469497449554 76
138 -0.3847243039032316 13.776909203549796 74
139 1.8871052570196636 12.537954289729397 5
140 1.0465488995140928 7.941834134022802 80
141 0.8109945926106118 12.738247083262813 20
142 1.4115402700978603 11.692262440427703 8
143 3.7958732870506062 12.544520705420904 41
144 0.09743607817262662 8.856541430513607 52
145 2.5989492983946074 6.31555006343886 6
146 -2.1507010536371194 13.53952788624022 10
147 -0.7222426015574943 6.6397389056127745 8
148 3.319775452043854 11.175785473390526 83
149 -3.235644429574296 7.052229981162113 77
150 5.153424389391467 10.006535703862287 42
151 -0.8437928472899422 8.976003829184481 43
152 -0.15815516832586415 9.479152855320617 53
153 -1.6924921305841427 13.432679409295256 82
154 -0.7140548003843741 13.722372745300389 48
155 -0.3121775152536352 10.156465180683623 80
156 3.4530286347512997 9.450460431024796 74
157 -1.1720124679356672 8.610426931530565 73
158 3.2397162162985826 10.62663523901657 93
159 2.1756089413698216 12.124531332092523 36
160 -2.4231641930382812 10.110050724515505 20
161 -2.4204917107891095 9.125475329491602 70
162 1.8000426372603067 8.907840421088338 51
163 -4.055304238712942 9.461809867363282 28
164 0.14925392039284902 6.52248522933482 14
165 -1.1028604092496372 7.993580735615626 57
166 1.1732335175803617 7.01370940178359 70
167 1.3230681515601113 9.448215389337605 47
168 -3.4325425058258605 7.97323981358909 59
169 -3.2707712536714233 9.46612272807323 66
170 1.8120202258407654 8.391812944769102 73
171 0.972644343960602 10.992661195115435 28
172 3.403253598538511 10.287301603278003 83
173 3.329466680430316 8.966993115180369 20
174 1.255411102802384 12.255794089213587 57
175 -0.17793169071861625 13.450323086120559 6
176 -3.907985432236596 6.168396956043057 6
177 2.512398830084846 14.052830289341513 51
178 0.11428654051145282 7.866588165318295 25
179 3.4905072526996155 7.5228968046217135 43
180 -2.9066118072853246 10.361568678291665 71
181 2.5193880289811346 12.716422598404831 59
182 0.13443094532834912 12.881317702531614 76
183 1.1347081743683889 11.657015724475137 34
184 -0.9618415938756125 6.143760396420752 60
185 1.2814526808272544 6.148423319924546 90
186 3.9864465239463556 7.36733501369214 41
187 0.31954014795958596 14.274144913895451 70
188 4.252944714444067 9.594244027914662 5
189 -2.050973705806773 8.851735704770336 40
190 4.5213044756105 6.498848662599336 42
191 3.1146338600480132 8.389225177093369 64
192 -3.083386313016962 10.1884726643782 45
193 -0.7576763583825264 9.362247511864675 66
194 -0.8076436772428769 11.957805676045073 14
195 -0.14807129668375102 7.854088620111463 64
196 1.5341621622861508 5.716720264561395 35
197 0.011849140754681535 12.240082675109825 21
198 2.1772517215997813 12.698567774363385 56
199 1.822968573950893 4.9788052413349915 99
endpoint1 endpoint2
3 194
175 182
36 188
61 167
2 146
81 93
36 143
13 121
44 70
141 198
133 185
95 118
26 94
108 145
69 149
139 142
62 158
95 180
61 195
129 192
62 100
40 79
6 142
31 129
138 197
17 51
23 69
105 142
76 77
172 173
44 122
29 159
62 162
26 119
102 163
59 168
43 152
90 109
17 142
130 155
42 98
6 132
21 180
81 197
91 123
17 41
98 191
30 148
10 147
32 77
103 178
6 158
108 191
115 182
40 167
43 120
9 184
6 26
117 121
18 25
68 81
74 140
93 171
112 161
14 193
51 121
43 52
7 127
72 103
6 86
61 110
67 186
4 158
45 107
135 180
10 165
32 123
104 162
40 183
83 189
162 191
71 173
79 181
143 159
38 74
110 155
151 160
58 164
77 147
21 49
115 193
8 111
22 148
40 174
60 177
0 90
24 93
14 126
123 152
122 128
80 159
71 167
47 74
163 168
35 127
16 91
80 181
25 53
34 133
78 87
127 156
6 73
152 189
2 105
75 101
63 100
20 31
170 173
97 111
82 176
48 150
49 163
23 47
17 141
109 137
161 180
29 91
4 11
57 157
10 144
97 112
14 82
65 91
141 175
138 153
35 85
12 70
51 99
35 166
33 137
46 99
104 166
157 195
27 92
1 193
58 89
33 84
18 77
67 130
50 76
54 173
111 194
72 161
75 191
15 190
57 83
27 48
10 88
122 126
37 175
42 186
109 192
67 88
55 62
59 116
102 189
74 113
8 160
60 150
15 127
12 37
10 78
41 171
28 64
46 163
8 134
74 157
52 111
73 191
99 154
120 170
55 193
114 118
28 196
70 104
152 167
78 112
30 181
134 146
159 174
56 133
92 195
10 178
37 153
71 179
138 187
32 170
117 197
30 115
81 144
20 111
106 157
53 78
9 27
25 94
8 109
56 103
104 151
70 157
97 110
14 120
17 194
16 129
87 149
112 149
55 178
95 128
9 199
41 103
39 99
40 131
71 85
5 75
80 132
6 156
22 123
8 106
57 192
46 96
88 130
29 110
129 157
105 114
7 29
81 110
75 173
162 167
1 184
1 76
182 187
109 121
17 125
98 190
80 93
100 142
38 52
61 108
124 193
67 188
115 183
45 52
72 155
26 140
58 108
33 97
45 118
66 157
3 182
54 86
19 134
145 199
40 119
2 31
37 146
65 108
114 177
12 96
26 63
1 168
85 196
136 189
97 169
26 113
101 148
94 179
93 172
21 165
151 152
10 28
41 76
52 155
105 154
39 52
30 91
55 165
72 152
10 164
25 68
133 166
128 174
7 198
140 185
126 136
15 64
30 139
65 156
10 157
38 47
122 153
92 184
