nnodes nedges type
200 300 graph
nodename posx posy weight
0 -3.3769204181068844 0.787594646982987 94
1 -7.103422450837199 0.5597068388054904 79
2 -7.685734178176207 4.815876948505075 56
3 -1.7494736273880171 6.235242776249291 60
4 -5.250156666982071 6.244963972144688 19
5 -1.4574221209567382 0.051419541427662245 22
6 -9.725526446233108 5.099686135193012 46
7 -0.9329043309054867 0.5757834390854089 15
8 -4.305008568744253 1.7888098952999683 86
9 -7.282260074415397 -1.7334879868623567 73
10 -3.624177464399325 2.9485303155855145 57
11 -8.953294579041719 5.713742806038759 72
12 -6.119251150832878 7.09498701497499 22
13 -4.49510865700612 2.916390541803758 4
14 -4.881725610657494 5.860832940364488 31
15 -3.587372475268312 3.592583482762925 60
16 -4.030229559987078 -0.25661731913344676 11
17 -2.6000187785442623 5.671750691168102 85
18 -4.039704728983478 5.641447643617376 60
19 1.263898757116073 2.915776394927741 98
20 -8.413130523690086 4.95837667329568 83
21 -3.91437240915435 2.871062646937716 3
22 -7.288816220597493 2.912564865073438 62
23 -4.424567045234366 1.5875852392655734 46
24 -4.25794845075204 6.2808936082082125 43
25 -6.664127860653401 2.6658960773044242 96
26 -3.328206584949976 -1.1690871754506929 72
27 -2.134305191963974 3.342918839261577 41
28 -4.6447827062743094 5.531976466500549 37
29 -2.0471187453372677 4.196846037939531 48
30 -1.2683876247600687 0.14732093958046216 45
31 -5.449820207967773 0.2646931017625798 19
32 -4.942455945020858 -0.4892505445973672 39
33 -1.745834353760302 1.8032007207897391 56
34 -3.439308173024001 1.4162509496903732 32
35 -2.743128758385305 7.35242693985759 21
36 -1.4133946658159686 7.089296238818307 28
37 -1.7899631189079197 4.3467413525123515 43
38 -0.2944321628499364 4.6738585104002786 14
39 -1.6571414207258635 3.438870791179212 1
40 -4.579520230225783 0.7572906714702761 75
41 -7.862754035459669 3.7451454399415964 83
42 0.59575744461055 4.392810597570732 87
43 -6.4190076695277 4.078164526609593 95
44 -9.465099993951183 1.6988276426757851 10
45 -4.697352606876725 0.28462655993372044 58
46 -3.1040894043108933 4.309174665181539 42
47 -7.765961701357458 3.329661514191473 61
48 -7.095269581322469 3.936123281056742 21
49 -7.113879733132263 3.5728701013912167 34
50 -4.768535189250516 1.4019198959185135 85
51 -4.2238740631950185 6.981643957562729 21
52 -7.244960286940417 -0.21005265920240515 75
53 -6.029893769045552 3.0159190339442734 15
54 -6.7716362568554445 5.250803891911955 40
55 -5.863203408757321 7.925834652326965 13
56 -1.4129855984024804 3.482150178338942 15
57 -6.043673238441694 1.6561857667889954 87
58 -8.3424030404518 0.7368795295179461 95
59 -7.844668874336857 4.457477399055055 98
60 -8.625705171998401 4.401202376312506 34
61 -4.695969089107678 3.7355659235772363 95
62 -6.21312351335203 5.615102961519667 26
63 -3.8392035727731924 4.0256542554241355 95
64 -8.62422708865263 0.9287112452073758 96
65 -0.18307404209742628 5.702535677306456 35
66 -1.4330198719914835 -1.0699052851550006 55
67 -7.0313386098051796 5.787477969172403 41
68 -1.7726304532435728 5.417713305315215 65
69 -3.944574046675333 2.3548097047681065 26
70 -5.381443575863967 -2.1190687709680303 20
71 -7.0594694051619244 4.219935921173495 10
72 -2.571854492514739 -0.3687688000594077 22
73 -8.760705324084256 2.5654220881232566 15
74 -9.281218574009308 3.534929544108558 81
75 -6.507986739615143 2.464025755936623 91
76 -3.085296266284767 6.198755618400604 24
77 -4.824876895833116 -0.08830638030415934 22
78 -5.937219191868669 3.7400611368381877 82
79 -1.6029478571888234 1.1793000738284625 10
80 -1.3282856599460549 6.027564988643619 76
81 -2.043883387505437 4.877033786225751 20
82 -5.312578181061928 0.5374941947882907 52
83 -4.15039447116115 1.487798197826113 3
84 -3.336192967459862 2.4506802767476135 48
85 -1.4911128536889253 0.8516017458337692 100
86 -3.9968375432197525 4.315772412147273 66
87 -6.539226779466883 -0.6743742602600474 56
88 -8.79584718039415 3.238019791435208 33
89 -3.7042336754596383 8.423220842582577 96
90 -4.471804671099523 2.2280582307497463 66
91 -0.14814523899439533 6.0643924591517315 5
92 -5.617209238866953 1.7451718621920864 5
93 -5.236844667140748 0.8917920236877598 64
94 -4.952621769693872 8.187989386283167 52
95 -1.978356457931758 2.428274621797606 23
96 -4.904684032814483 -1.0020357091287928 64
97 -8.463779396332562 2.3033764486218953 77
98 -3.7968860147093046 3.2718101876090917 11
99 -3.234658154118662 5.099646078169042 39
100 -7.421852178607967 1.9686826026672144 64
101 -4.804007894568928 0.6820126644695264 44
102 -3.3292896244880694 1.7467850255710862 56
103 -2.5483750379740613 0.7495503306107935 93
104 -0.94180375735333 2.9095657469485463 4
105 -5.851109026242702 0.6331508004453461 22
106 -7.292706087917662 5.046481778138415 48
107 -7.251713960948289 1.117251662504489 44
108 -3.9703862991487053 4.644079378384785 78
109 -3.3212512401640586 4.761487657648789 72
110 -7.038943831253083 1.217413488737252 26
111 -3.635630169507147 -0.25320457974068233 77
112 -4.049553347521413 0.7960720589440131 30
113 -5.322539166154537 6.913427120893369 87
114 -2.335341935590761 1.921118692841764 71
115 -4.55967482943355 4.676605298362378 54
116 -5.508208329977071 4.846805615342194 8
117 -4.259543923171489 3.513224744349313 12
118 -2.774818129925298 4.608066633269348 86
119 -0.7719811226905662 4.1122007238438565 74
120 -6.102235675171323 -1.126999847263749 17
121 -2.6008350294661726 1.9335930083756463 18
122 -2.281246072815636 1.4218766625533261 12
123 -0.17007426321411825 3.788529301246394 33
124 -5.3742081663122026 3.6738672956615077 88
125 -2.4243604271850354 1.33631573597018 9
126 -5.288260780730095 4.713719687294935 48
127 -4.83661367017046 2.2722950290947126 4
128 -2.7357875921693116 3.0916297932608683 15
129 -7.79012639147851 1.8588206882165563 41
130 -0.8988460632288588 2.0436108170552627 8
131 -1.4928451036521433 4.663469000460265 22
132 -2.767111908150033 -1.4144497483194332 40
133 -4.875338950439865 3.4656467516506515 41
134 -6.297141962779598 0.983930981602956 16
135 -2.673535358959597 1.505621233228841 71
136 -7.41521558592402 -0.8869106770817498 95
137 -3.002283905287599 3.823045484579058 18
138 -3.6627466351192837 5.992563068507134 92
139 -2.888804848950813 3.183242365901765 9
140 -1.6503564593724211 2.9605058126519324 53
141 -8.074708452617532 2.417865425282527 4
142 -5.080234163304336 -0.8395476741775094 46
143 0.7377595146792989 1.7015776518561527 29
144 -3.9439588227399276 4.802536231479672 89
145 -3.51094141756218 6.562821363152995 39
146 -8.683773549562277 2.9747558628690904 41
147 -3.858402604807468 6.992242243540673 25
148 -3.4187555697711685 0.6002015273067688 12
149 -7.142979836200041 2.0410633519222388 23
150 -6.38923065803823 3.2696123398452506 27
151 -0.5165099664541101 3.7373377911485393 18
152 -0.06852442042885916 0.7027498803590645 83
153 -7.235344673109731 6.959372592419544 54
154 0.1014554237680624 2.903099085202495 31
155 -6.060877068949084 6.372555550131221 35
156 -10.440646255877187 3.5032150420092494 11
157 -5.5422387494035625 5.343049890778828 34
158 -8.925823894634933 2.3034253968402227 54
159 -0.391565871148128 6.900092218339005 48
160 -2.417568911654359 5.499681007732775 49
161 -5.100870889100926 2.5320040075530588 56
162 -1.5275923086903551 2.346223647034124 60
163 -3.7640270906651785 -1.1248073015368194 70
164 -7.032429217003311 0.18104223027769062 47
165 0.8389830852575992 -0.035415376948037244 32
166 -0.2718748266571011 1.9445867096282474 33
167 -4.097615168220506 7.665781045603331 19
168 -6.387385823761938 4.174111170345276 14
169 -6.527057985203281 1.786968527921185 30
170 -5.374466406568574 3.0517966333846194 24
171 -6.223196355244401 -0.22631794086161372 54
172 -9.444486366437236 4.1595680739855805 2
173 -2.9962019619231812 6.769840659179105 37
174 -2.680262789976592 2.782354757452274 54
175 -7.600429882862793 6.178482783648145 56
176 -5.160384271878699 1.9378773105294511 56
177 -5.339576046031965 3.1440828559523037 7
178 -2.6735595751193735 3.9759710511682695 64
179 -7.5040118526916055 2.3222852802706972 53
180 -5.9861767002882305 1.310563375106581 89
181 -4.169774003758322 -1.0788369717704807 70
182 -0.3142797572360161 2.521536187993293 15
183 -5.7287844581188425 7.28275661604268 75
184 -6.033881107818508 6.558140713840399 17
185 -2.49746649045561 3.5132981622124118 67
186 -0.38794853426494585 2.9895091488852903 59
187 -4.934479449669086 -2.3179901163675654 75
188 -7.045780639867844 6.657327666973414 93
189 -2.7646689314666255 5.057139153667266 24
190 -1.4335640401643068 5.09618662874066 42
191 -7.193816455165213 5.520548849400302 97
192 -3.127863908166816 -0.16576295171670852 89
193 -2.212365683828454 0.020870941005994115 21
194 -2.490655662294219 7.090848728506058 17
195 -2.1825911791682846 5.95120155609379 16
196 -5.7798717985131685 2.450842650874793 90
197 -6.4266730096322995 0.27225435333246123 61
198 -5.329577359181634 4.1593255331625905 10
199 -7.528148268814903 5.322811772230214 65
endpoint1 endpoint2
96 187
56 104
77 163
127 169
19 154
72 192
152 165
74 172
129 134
52 134
75 78
64 100
10 61
34 101
49 78
16 50
144 145
135 148
155 183
15 109
13 98
104 130
89 94
105 142
60 74
61 170
14 184
21 34
9 87
46 128
59 168
54 188
50 127
40 176
57 92
23 82
76 195
85 152
61 198
62 116
10 13
69 103
121 185
22 48
45 197
128 140
106 175
94 113
131 137
78 117
109 190
68 194
139 178
17 80
31 96
116 144
118 195
93 177
88 179
143 152
80 190
161 176
6 60
46 68
108 115
33 79
36 173
126 150
18 51
108 126
112 180
112 121
25 168
154 166
41 179
62 184
167 194
41 141
26 142
21 90
98 137
99 160
140 186
83 90
66 193
69 174
13 92
107 129
20 60
116 198
105 176
4 183
42 119
4 12
11 175
12 113
141 169
74 156
33 193
21 115
28 63
75 107
80 159
21 27
30 85
16 72
8 117
43 47
41 67
47 129
84 161
92 149
118 178
5 122
81 118
21 176
41 146
111 112
60 88
108 117
18 108
43 133
31 83
39 123
1 110
49 97
20 71
27 81
50 124
3 189
31 180
10 125
73 172
119 190
1 58
2 168
163 192
55 183
74 146
98 109
100 150
23 122
1 105
46 99
22 43
38 154
108 137
140 182
185 189
75 170
92 196
92 105
87 105
54 78
53 69
56 162
75 149
27 104
150 161
13 63
65 190
122 140
127 161
77 171
38 68
57 100
50 57
26 193
75 169
15 127
1 164
0 50
85 95
24 109
28 155
53 75
23 134
177 196
72 132
43 199
27 151
107 171
46 133
4 115
44 141
82 110
62 106
33 166
18 28
29 174
121 130
38 91
169 197
179 180
108 118
168 177
70 142
69 98
48 198
114 128
23 133
35 89
43 106
74 158
153 191
63 139
155 175
36 91
129 146
83 98
112 192
18 157
31 120
119 140
40 112
95 128
1 52
139 144
34 135
123 186
92 101
95 139
7 122
184 188
113 167
157 168
22 110
45 102
32 112
18 147
79 135
17 86
108 138
164 180
30 103
143 154
27 29
130 154
17 37
18 173
118 185
117 128
15 185
24 113
102 139
86 177
14 76
79 125
43 116
76 81
117 170
33 139
84 174
56 137
43 71
57 176
49 168
8 77
29 189
10 39
60 106
10 198
72 85
61 117
12 153
23 148
18 189
86 178
45 82
46 160
90 196
25 180
84 135
63 99
132 181
53 71
136 197
100 158
176 177
192 193
14 124
58 97
55 113
111 148
73 149
37 139
140 185
0 114
168 191
93 181
62 157
32 171
17 35
84 137
16 96
119 123
27 162
67 113
11 172
135 162
