nnodes nedges type
50 400 graph
nodename posx posy weight
0 -1.2122011862846536 -2.4420145454184143 88
1 -0.8787108254694188 -2.0702161673727053 51
2 -2.5236011423841656 -0.7052304847156537 4
3 -2.3292837565149407 -2.1465444321930693 35
4 -0.22418444135796622 -1.259725108597043 65
5 -0.9279942229086637 -0.661355956830172 24
6 -2.5187942162930876 -1.2281737848646557 36
7 -1.9933138106295236 -0.5954445673194135 18
8 -0.7462966693264242 -1.4049650416077206 36
9 -2.8037288977268915 -1.3476352532308888 62
10 -2.557790855555605 -2.0372680325391275 61
11 -1.4622281237138752 -1.8956313503302515 66
12 -1.9729269472751565 -2.3498445536767214 36
13 -0.5160033478671646 -0.7955238365361961 12
14 -1.2451951934434053 -0.18102258296030385 60
15 -0.6912217056315435 -1.0787305510862097 91
16 -1.558365779291443 0.095791147805879 31
17 -1.3791803123525805 -0.8927405541913936 72
18 -2.603134163934696 -1.5219602252702331 32
19 -1.8610959536059102 -0.8896229244420695 4
20 -1.101253159620074 -0.5414939791992157 98
21 -1.55223421509714 -1.322920949766503 35
22 -1.9757449408363852 -1.5728165437941513 74
23 -0.5580987657704619 -1.3159153834038826 30
24 -1.850035837038273 -0.1802540252484809 86
25 -1.4048805895815217 -0.6860546902356506 55
26 -1.641519016798521 -2.3295205530082774 73
27 -2.3637683348836056 -0.29076919350406005 79
28 -2.1078732133854405 -1.7649667236088897 20
29 -0.8837448021102892 -1.8868015411703773 29
30 -1.1134481769431641 -1.2445505221203075 86
31 -2.9085155790907247 -1.0716282669183705 9
32 -0.7455349335438737 -0.30629165570494976 91
33 -0.9156063153917943 -0.025680734409243077 64
34 -1.4982608651771359 -1.576078985760287 91
35 -2.3612319410247853 -1.6430213633472952 68
36 -1.6013344576066808 -2.0882814088923944 67
37 -1.2358962905145794 -1.0892971431075995 9
38 -1.1594482666826937 0.25175825389114503 5
39 -2.5688007883258552 -0.89298343952679 75
40 -0.45479784728593514 -1.675758155047636 43
41 -2.0115709000212565 -1.1900580362436428 45
42 -1.1061453584785392 -1.7323994253503499 97
43 -2.2437415523714717 -0.48346117682724965 58
44 -2.020332966289088 0.16874329256780946 29
45 -2.061906595198934 -0.976763504967486 62
46 -2.0192266020055967 -0.21677082270828804 19
47 -1.5729757186140585 -0.46648612121639205 39
48 -1.7878090373189732 -1.6778984850856762 6
49 -0.32761709963421193 -0.4135260701685935 19
endpoint1 endpoint2
6 28
7 25
35 41
17 46
13 32
38 40
15 30
13 20
2 27
4 5
5 24
27 39
1 40
6 23
22 42
35 46
37 44
9 19
2 18
19 44
2 12
0 36
24 33
20 47
3 17
47 49
21 46
4 42
5 43
23 40
17 24
18 31
43 45
13 44
45 47
26 30
12 29
27 31
4 11
2 7
25 37
4 17
32 49
16 20
7 34
13 37
10 26
15 19
11 19
0 28
13 25
3 31
25 46
4 24
26 45
0 40
5 29
30 47
28 43
8 33
7 27
31 46
32 46
35 43
33 47
16 33
30 49
17 44
18 43
39 47
12 19
1 18
2 25
6 21
2 45
8 40
7 16
22 40
29 35
3 48
16 24
6 47
34 39
8 14
37 42
18 34
10 12
13 49
9 17
10 22
2 16
4 14
19 46
2 10
24 35
5 15
20 41
1 39
6 12
22 35
20 23
7 39
13 42
24 30
10 17
13 30
2 5
5 8
25 43
6 7
16 22
6 25
30 42
28 46
32 41
7 28
35 36
16 44
17 41
15 29
39 48
11 21
13 23
15 33
5 27
3 39
27 34
6 16
30 45
21 24
28 37
8 35
29 40
9 34
38 44
39 41
0 21
13 16
3 6
46 49
20 44
23 49
6 11
9 43
23 47
17 27
8 48
37 40
11 45
13 47
24 25
11 25
4 8
19 48
24 37
20 43
3 21
1 37
25 32
19 22
5 23
9 44
30 33
22 27
31 36
18 27
10 31
15 22
1 4
13 28
24 44
3 26
19 31
5 16
20 24
27 47
33 48
21 29
17 21
7 30
31 45
32 43
16 46
13 33
18 44
38 43
13 21
2 26
20 39
6 22
8 37
7 23
31 42
35 47
36 40
10 39
34 40
8 11
18 39
8 17
39 43
11 12
0 23
12 15
3 8
1 8
15 40
2 15
26 48
1 34
21 47
2 41
5 44
45 48
0 4
28 31
2 6
21 40
26 37
5 21
16 19
14 21
1 26
13 26
19 33
3 34
21 27
4 37
8 32
31 47
29 43
30 48
34 47
0 18
12 18
2 24
0 8
25 48
1 47
32 36
5 33
29 36
36 42
17 38
37 43
8 19
11 14
1 14
19 47
20 40
21 45
19 21
8 46
7 14
22 34
5 42
20 22
16 30
41 42
7 36
12 42
44 47
14 16
45 46
12 30
24 41
25 36
26 35
22 37
5 19
20 29
27 42
28 45
22 31
35 37
17 42
14 27
11 18
0 29
3 30
25 45
15 38
4 25
19 35
0 41
6 19
28 36
8 34
7 26
32 47
31 41
29 41
35 42
33 46
36 45
43 48
39 46
13 17
2 22
0 10
1 11
15 47
19 40
46 48
3 45
7 19
22 41
29 34
9 36
33 39
16 25
34 36
7 41
37 41
11 42
9 14
10 23
3 12
1 12
5 14
20 42
25 33
23 37
30 32
17 29
7 38
22 26
11 35
12 36
24 31
26 29
1 5
20 49
25 42
5 17
33 49
23 34
6 30
16 23
17 22
22 29
35 39
18 21
16 45
6 48
12 35
17 40
18 47
15 28
11 20
46 47
20 38
27 37
21 39
34 49
5 36
6 43
34 43
37 46
9 11
38 45
11 13
1 23
13 15
2 20
14 44
3 9
15 41
2 14
20 45
29 32
16 27
8 49
9 12
10 11
9 22
45 49
25 27
0 3
28 30
24 38
1 36
25 39
21 41
2 35
7 10
27 41
17 19
7 32
31 39
5 48
11 37
18 24
42 45
14 20
25 28
15 17
0 48
25 40
15 37
