nnodes nedges type
50 400 graph
nodename posx posy weight
0 -1.3343363137513977 3.618620484251547 87
1 0.3439615288995037 4.407436152984899 89
2 0.6833302763916481 2.9008477695152233 61
3 -0.27619626003227443 3.1203051322547157 15
4 0.19986988978451603 2.4248952771076664 27
5 0.1716579381706383 2.8614938262192937 22
6 -1.077494548082259 4.159536761079277 4
7 1.1211252610019369 3.0387425582609118 66
8 -1.232686519126825 2.715129858669388 88
9 1.0743500281995428 3.3370142895658104 34
10 -0.7123220095475609 3.3808125697231746 98
11 -0.05631875598375377 2.8722404315497903 90
12 -0.1414821373278751 4.600497099040251 94
13 -0.8305921398833281 2.337801381884618 39
14 -0.495566279174837 4.551275479332634 98
15 0.8737783920439259 2.349022378855293 67
16 1.010445257607746 3.5113231385335077 3
17 0.43880151251741645 2.400519514575218 61
18 0.5814437946328084 3.786458256627471 75
19 -0.054594794260767125 2.126775461378974 33
20 -0.14552834635635067 2.502459164092348 31
21 -0.7643893893671153 2.588089663481331 66
22 -0.5810368523444035 3.666966531228266 52
23 -0.4619902129080735 2.7967260980722797 93
24 0.7462334376088072 4.409786837363075 49
25 0.46096532213322583 3.136595651104291 24
26 -0.7377314246765861 4.632114051694907 78
27 -0.7690547902528233 4.203811618155739 46
28 0.048089157114955663 3.7839179275093953 42
29 0.07822314758606772 4.115465809347428 17
30 1.0416681332118896 4.154304249528814 6
31 0.2884260914475747 3.673466151947822 30
32 -0.6603234206725167 3.9309692824594964 94
33 -1.1636514162675597 3.305432147300674 92
34 0.0033058295618478627 3.334406430373246 81
35 0.8748178144002443 3.194291078993434 42
36 -0.2904305310740658 3.3972969271550286 12
37 -1.3497128889652386 3.2870565764806647 91
38 -1.2076747122438907 2.998174758074529 10
39 -0.9853875550004136 3.76139654642585 8
40 0.9028588535475992 3.8376991142475236 72
41 0.4764664032484221 4.727052967641877 39
42 -0.29811238386020045 3.8275273008615773 10
43 -0.14059160727409112 4.333620767951239 53
44 0.3925840603745898 4.030579694951949 43
45 -0.9513509226366623 2.730761518403841 52
46 0.4492764508697329 3.4002983467526144 97
47 0.6558608258963863 2.6231867727396905 46
48 -0.4294335296022177 2.31996917346888 82
49 -0.65792118099002 3.1569096300163664 40
endpoint1 endpoint2
20 25
6 28
17 20
32 44
16 47
17 46
39 45
15 34
4 5
19 39
22 48
27 39
32 35
10 36
34 41
7 44
11 41
18 36
10 14
39 42
11 15
2 18
0 14
4 12
20 47
3 17
6 14
21 46
47 49
7 15
22 45
20 21
9 40
16 29
6 32
4 48
10 47
41 43
44 46
45 47
0 5
27 31
24 40
5 10
2 33
32 49
5 20
23 33
16 20
6 27
41 44
7 34
11 39
18 22
23 31
36 37
13 37
14 26
10 26
15 19
11 19
0 28
3 31
26 45
29 48
4 38
35 43
36 44
34 44
18 43
14 29
43 49
14 41
8 40
32 37
5 32
29 35
36 43
34 39
7 46
18 34
8 20
13 49
9 17
2 16
3 13
0 38
5 15
3 19
21 44
19 20
20 23
9 46
16 31
6 38
30 35
40 44
23 42
21 22
10 45
9 48
42 46
18 29
43 47
8 27
25 31
11 28
26 28
2 5
5 8
27 45
23 35
16 22
30 42
31 35
22 28
35 36
18 20
16 44
12 34
36 39
14 24
11 21
12 22
1 31
2 28
14 36
1 49
25 44
26 43
20 37
3 39
4 32
34 48
22 23
31 40
33 45
6 42
36 46
17 34
18 41
0 21
13 16
2 23
15 46
0 33
46 49
3 44
1 44
23 49
7 18
33 38
6 45
10 32
34 37
7 40
8 22
24 25
10 20
28 29
19 48
30 31
7 11
22 33
5 23
9 44
16 17
40 46
6 36
17 28
31 36
42 44
12 37
9 24
38 48
25 29
24 44
25 41
26 46
3 32
6 31
30 40
21 29
32 43
16 46
6 49
13 33
42 49
38 43
12 16
1 29
15 35
26 41
5 25
1 41
6 22
8 37
32 34
35 47
9 32
33 35
34 40
8 17
39 43
0 23
48 49
1 22
0 13
16 28
10 46
17 25
11 47
24 27
10 18
11 27
4 10
29 30
25 38
22 39
6 26
22 25
11 36
16 41
12 39
13 38
9 30
10 29
15 16
12 27
1 26
24 46
14 33
3 28
25 47
15 36
19 33
5 30
27 33
8 32
31 47
29 43
35 40
34 47
17 45
0 18
12 18
13 19
2 24
0 8
3 5
25 48
15 45
22 49
5 7
3 43
27 38
1 47
21 36
28 33
2 44
32 36
7 17
36 42
10 37
34 38
8 13
2 19
3 10
19 47
19 21
7 14
9 47
40 43
6 33
17 31
41 42
9 49
12 42
13 31
2 4
5 9
22 37
27 42
22 31
11 38
18 23
17 42
9 28
10 27
15 18
39 49
1 24
4 25
5 28
20 36
30 44
21 25
28 36
29 41
16 34
36 45
18 40
39 46
3 7
15 47
19 40
2 48
20 35
3 45
4 46
33 39
16 25
6 44
23 44
17 36
8 21
3 12
1 12
4 15
19 49
2 11
20 42
27 49
2 37
23 37
22 26
43 46
9 25
24 31
12 24
1 5
24 43
20 49
4 28
28 49
5 17
20 31
27 44
6 30
31 34
22 29
13 34
42 48
38 42
11 20
13 22
26 40
3 38
1 42
21 39
32 33
31 43
6 43
34 43
8 10
39 40
11 13
12 14
3 9
1 9
19 42
23 48
2 40
5 45
29 32
6 34
8 49
45 49
10 21
25 27
11 24
0 3
27 29
1 2
28 30
1 36
4 23
19 25
7 10
22 38
5 22
6 37
17 19
31 39
22 24
11 37
18 24
23 29
9 31
14 20
38 49
15 17
11 17
0 26
12 26
1 27
0 48
3 29
25 40
4 30
