nnodes nedges type
50 400 graph
nodename posx posy weight
0 -3.220777754154867 1.7297664497978413 32
1 -2.3146734769065795 2.117167019080382 61
2 -2.8710652191096724 2.8323579016396105 24
3 -1.6034653931328047 1.599432867604362 56
4 -2.669437494424179 0.5695600764454212 96
5 -2.560571600681993 2.9628728161280216 95
6 -2.5321880740055924 3.221693645232331 86
7 -1.9290783142304175 2.8846575399298904 29
8 -2.78177393403425 1.8906820848898709 49
9 -2.160739869725485 0.7823045740203151 19
10 -3.717492671182661 1.3597267303228324 94
11 -3.9005911819251002 2.5267682284813753 20
12 -3.275751090304094 0.7711688648634881 23
13 -2.858372204102007 2.4707992413838262 81
14 -2.302716295032787 2.8603830249978692 82
15 -3.0253366271005455 2.758588656493769 19
16 -2.6438291461704813 2.2003667834247964 24
17 -3.24256172595902 2.958502519134025 21
18 -2.558459065772767 1.8407998724637102 13
19 -3.10082295550359 1.3160430039535989 7
20 -2.475346959941476 1.4217198205114054 75
21 -2.7725411306424372 1.5221858347911377 35
22 -2.095003393348178 2.0629347082594984 6
23 -1.8901720112896123 1.2938642430930156 89
24 -2.2828614032595778 1.7904152568026297 97
25 -2.3922291129342494 0.9619347952045265 58
26 -3.45240062809465 2.8510141669815665 89
27 -3.506295719832131 1.9422569817020303 70
28 -3.9806005530835873 2.280455285507088 58
29 -2.814629744485018 1.058959495389198 39
30 -3.0551887952011123 1.1736914522527135 86
31 -3.0258787148058155 0.7679502380876795 26
32 -1.5691043804092935 1.3844844861832044 91
33 -3.0774925025397937 3.427758433729254 51
34 -3.360888836427685 2.2083617615299187 70
35 -2.078978317180652 2.5424968930820264 76
36 -3.530032090566772 2.5088046089322438 36
37 -1.7670908334809525 2.341586877876854 1
38 -2.102958462669554 1.2925934306088809 84
39 -2.3903999786071006 2.545814045737928 42
40 -3.10565690251335 2.0967702861296984 70
41 -1.510060099065993 2.7242114996003854 55
42 -4.071730251739943 1.9724433902206637 38
43 -1.5369925407290668 2.096018800165463 33
44 -3.3476914835796228 1.3324576368130223 5
45 -1.872632727132688 1.8749270619122098 90
46 -3.2832103268730752 2.441937705856276 83
47 -3.597738746107385 1.6892187627118007 14
48 -3.9095017404624035 1.8463024591855839 9
49 -3.7173794544637597 1.1046148291639397 75
endpoint1 endpoint2
26 47
27 46
32 44
29 44
18 19
16 47
17 46
18 45
38 40
39 45
0 17
13 20
15 34
22 48
5 24
1 40
8 38
32 35
7 22
5 34
35 46
16 38
6 41
17 39
11 15
1 21
2 18
1 15
15 43
24 33
22 45
23 40
40 42
16 29
10 47
17 24
41 43
11 46
8 25
10 19
27 31
2 7
24 40
5 10
3 22
19 27
20 28
27 43
30 36
7 34
16 42
23 31
12 32
13 37
9 29
18 48
14 26
10 26
1 25
13 25
3 31
25 46
15 39
21 48
4 24
19 32
3 37
6 18
21 26
4 38
5 39
34 44
39 47
13 18
0 9
14 41
15 44
21 35
8 40
16 24
10 34
8 14
7 46
18 34
12 44
10 12
13 49
2 16
1 13
3 19
21 44
19 20
2 36
8 47
22 35
5 41
20 23
16 31
21 22
18 29
42 46
17 48
8 27
14 17
25 31
2 5
5 8
20 48
3 24
23 35
30 42
21 31
28 46
32 41
22 28
29 47
35 36
23 25
12 34
36 39
17 41
13 35
37 38
18 46
10 24
15 29
2 28
25 44
20 37
1 43
6 16
30 45
21 24
34 48
29 40
34 42
17 34
15 26
1 10
0 33
46 49
1 44
23 49
8 42
7 18
22 46
5 46
9 43
16 26
17 27
38 39
24 25
3 15
1 3
4 8
24 37
20 43
27 48
1 37
19 22
26 39
5 23
31 36
11 34
18 27
42 44
8 29
14 23
0 25
12 25
13 28
2 3
14 35
26 46
21 29
31 45
35 38
17 47
20 39
27 36
1 41
21 38
8 37
5 35
29 38
9 32
33 35
16 37
34 40
7 45
31 48
37 45
9 10
12 49
11 12
2 21
3 8
1 8
15 40
26 48
24 32
21 47
8 44
22 44
33 36
6 35
10 46
18 30
12 40
13 45
9 21
24 27
11 27
0 4
24 39
21 40
26 37
5 21
16 19
6 26
7 35
41 45
18 25
16 41
10 29
15 16
11 16
12 27
1 26
13 26
0 49
14 33
4 31
21 27
32 45
31 47
35 40
33 40
30 48
34 47
17 45
38 41
0 18
13 19
2 24
14 40
0 46
1 47
21 36
4 44
2 44
8 39
5 33
29 36
16 39
7 47
11 40
18 37
11 14
2 19
0 15
15 42
19 47
2 13
0 37
24 34
20 40
21 45
2 39
8 46
9 47
23 43
4 49
8 26
44 47
24 29
14 16
0 6
12 30
27 30
1 7
24 41
4 18
23 32
30 37
11 38
35 37
23 30
17 42
37 39
14 27
39 49
12 21
5 28
20 36
27 35
28 36
8 34
33 46
34 45
15 27
39 46
0 20
1 17
13 17
14 46
3 45
4 46
32 38
29 34
16 25
8 15
11 42
18 35
8 21
13 48
0 1
2 11
6 13
21 43
2 37
7 8
9 45
23 37
30 32
18 26
14 22
25 30
12 24
14 34
20 49
19 28
28 49
26 33
5 17
16 23
6 30
28 47
6 48
18 47
15 28
0 31
13 22
2 29
14 37
5 26
6 17
34 49
8 36
5 36
35 44
6 43
10 38
34 43
31 49
39 40
11 13
1 23
0 12
1 9
19 42
2 14
7 13
5 45
8 49
7 43
11 44
9 12
12 47
10 11
13 46
9 22
10 21
3 14
4 9
28 30
3 20
1 36
25 39
4 23
19 25
22 38
5 22
16 18
40 47
17 19
7 32
42 45
16 40
12 38
9 31
14 20
11 17
26 27
0 26
24 45
14 32
3 29
15 37
4 30
