nnodes nedges type
50 400 graph
nodename posx posy weight
0 -1.9335684378489424 -0.879301663572242 33
1 -1.7794046538035335 -1.755729747053577 38
2 -2.8837045093175333 -0.6110335274150971 93
3 -1.5262276107823753 -0.07527502754192571 73
4 -3.061978863004584 0.11064785311498122 15
5 -2.746593647567713 -2.3799097118186023 13
6 -3.4078421522975053 -1.5853782537125358 94
7 -1.5181617169038677 -0.24790391393333844 80
8 -3.0285966454701034 -0.4726011635231186 56
9 -1.2709946474823866 -0.3279396972734843 73
10 -1.9959941947976274 -0.1846818632931788 83
11 -2.9500592532574874 -1.1529694714184218 33
12 -1.4164967778585742 -1.8372763342013219 67
13 -2.1410683342735086 -1.794651435422445 13
14 -1.8938162145242101 -1.3982262713887847 76
15 -0.8709476079868852 -1.7734795637797682 68
16 -2.6998523932039817 -1.9886853056397649 25
17 -1.3410379535320074 -2.1465096926138894 85
18 -3.4231707524381876 -0.726023118173763 3
19 -2.601833736511996 -0.4904833916319253 20
20 -2.2882205362973727 -1.4045517893363153 31
21 -2.3422945734963765 -0.590274136103723 90
22 -2.8159710009178243 -0.9382563160150772 21
23 -1.900061122033427 -2.0725190790164016 96
24 -1.059506654463532 -1.3154857325266156 48
25 -1.4825080709141583 -1.2278119160983398 48
26 -2.5751921130429123 -0.8141592203397926 57
27 -2.5850357667196464 -1.5367627629462937 37
28 -1.1377666023408135 -0.6257452823296568 22
29 -1.4386989574695075 -0.9185901043243848 16
30 -1.6984405782673966 -0.6208623072151077 57
31 -1.629228314283021 -2.3390799756508778 96
32 -2.200776890978181 -2.0674492462550744 89
33 -2.036786139433328 -0.6337647703394653 82
34 -2.3009079012136056 -0.17683092142575424 66
35 -2.25635592552686 -1.2715283463366243 10
36 -2.929117587342478 -1.8736724442949997 23
37 -2.1321086145966555 -0.9686498645841631 71
38 -1.7184291332260002 -2.142494026567895 96
39 -1.007784762465368 -1.0149275077995663 58
40 -1.964556600513765 0.07886496908130017 26
41 -1.0825259835224152 -1.850643106731812 77
42 -3.424282801326979 -1.0763929302393809 57
43 -1.5575635334238556 -1.412689596934694 40
44 -2.320537838929126 -2.308295957537915 42
45 -2.7882985066186805 -1.4967196269924048 49
46 -3.010474156093097 -2.017792103529338 16
47 -0.6624302970916619 -0.9120142880398133 27
48 -3.4727989315280317 -1.3980021825762416 53
49 -2.5645528442289036 -1.1060960063169336 9
endpoint1 endpoint2
27 46
21 28
28 41
7 25
31 44
29 44
35 41
18 19
33 41
11 48
14 31
0 17
1 28
13 20
25 49
15 34
0 45
4 35
32 35
7 22
29 37
35 46
9 39
17 39
18 36
10 14
8 18
1 21
1 15
15 43
24 33
22 45
17 24
7 37
11 46
43 45
13 44
44 46
9 20
14 19
10 19
26 30
27 31
3 22
25 37
19 27
2 33
26 34
32 49
22 36
20 28
27 43
16 20
23 33
41 44
18 22
16 42
10 48
18 48
10 26
24 47
6 18
8 33
16 33
30 49
7 49
14 29
39 47
0 19
12 19
13 18
0 47
5 6
20 34
1 46
21 35
4 45
2 45
32 37
5 32
29 35
9 37
23 45
36 43
37 42
8 20
44 49
3 13
19 46
0 38
3 19
21 44
19 20
2 36
5 41
23 42
30 35
10 45
12 43
8 27
24 30
14 17
25 31
15 20
0 7
12 31
13 30
5 8
3 24
4 19
16 22
17 23
32 41
31 35
35 36
17 41
37 38
10 24
1 31
14 36
1 49
4 26
19 34
0 42
27 34
6 16
28 37
35 45
9 34
16 35
34 42
38 44
1 16
13 16
1 10
19 43
46 49
20 44
1 44
23 49
8 42
22 46
33 38
7 40
37 40
12 46
8 22
9 23
10 20
11 25
4 8
19 48
5 13
3 21
27 48
1 37
25 32
21 42
19 22
2 34
10 43
41 47
7 33
11 34
18 27
12 37
14 23
38 48
25 29
11 30
0 25
12 25
2 3
19 31
26 46
5 16
20 24
21 29
28 40
7 30
31 45
29 45
6 49
42 49
14 30
15 31
12 16
1 29
3 41
6 22
4 34
5 35
9 32
8 11
17 32
37 45
9 10
12 49
13 14
0 13
26 48
20 46
7 12
5 44
23 41
34 35
13 45
44 45
9 21
24 27
25 26
2 6
5 11
29 30
21 40
2 32
26 37
32 48
5 21
12 39
10 29
11 16
0 27
1 26
14 33
3 28
25 47
21 49
26 44
20 26
3 34
6 29
21 27
29 43
35 40
17 45
38 41
0 18
14 40
0 46
6 20
28 33
32 36
22 43
3 49
16 39
36 42
10 37
8 13
37 43
11 40
18 37
36 48
11 14
3 10
2 13
25 35
21 45
2 39
9 47
23 43
11 33
43 44
8 26
13 43
14 16
45 46
27 30
13 31
24 41
25 36
19 26
26 35
27 42
23 32
7 29
31 32
36 38
37 39
9 28
18 49
11 18
0 29
1 24
13 24
14 39
15 38
19 35
20 36
6 19
8 34
7 26
5 38
35 48
38 47
13 17
0 10
1 11
15 47
19 40
2 48
46 48
21 34
28 35
7 19
16 25
6 44
11 42
2 17
19 49
2 11
0 39
5 14
20 42
27 49
25 33
7 8
23 37
40 45
30 32
17 29
22 26
11 35
8 28
9 25
24 31
14 22
10 30
25 30
15 23
12 24
1 5
14 34
20 49
28 49
20 31
23 34
21 30
30 43
7 31
22 29
18 21
12 35
10 25
15 28
13 22
14 37
15 32
19 37
0 43
21 39
4 33
5 36
29 39
9 33
33 44
36 47
34 43
37 46
8 16
39 40
0 22
12 14
1 23
13 15
2 20
14 44
0 34
3 47
1 35
6 8
21 32
2 40
5 45
23 46
17 26
8 49
18 33
16 49
9 22
45 49
10 21
11 24
27 29
28 30
24 38
25 39
19 25
22 38
27 41
23 39
6 37
30 38
40 47
8 30
26 27
12 26
1 27
13 27
3 29
