nnodes nedges type
50 400 graph
nodename posx posy weight
0 -1.854382912300228 7.850949087337282 13
1 -2.1778742882815734 6.477719414220028 5
2 -3.8818334748061547 7.104517759702272 75
3 -3.2001346194296834 8.061605385452767 62
4 -3.2958780542425137 6.555410495317973 42
5 -2.9557996696624946 7.89184180404109 22
6 -3.500819933142339 7.19291689177318 69
7 -3.906658041608909 7.674583430386798 46
8 -3.4600961204877887 8.224013029348265 15
9 -3.8899136553788995 8.572048827480943 71
10 -1.795948405563763 8.497395633604624 91
11 -2.3825468996379318 8.167616455146192 7
12 -3.219830934707397 8.478568154748913 80
13 -4.170540802837265 7.687886134709359 91
14 -1.9429951844398363 8.74670143506686 40
15 -2.9506254238621787 6.986041377412741 85
16 -2.4922689832224343 7.174546439237606 72
17 -1.6627970619404286 7.58750437308968 42
18 -3.0105813177171745 9.119615405848874 70
19 -2.546425321732323 8.781558882174608 90
20 -3.541144112716758 6.906106571956414 63
21 -2.6576891852886644 6.501446721797304 76
22 -2.595997236568335 7.838021534900137 62
23 -3.2219594699372167 7.4910440966572365 73
24 -2.222716133104259 8.372683494123324 46
25 -2.5919834625596754 8.544306437867679 4
26 -2.7475081783389372 7.743052371493031 100
27 -2.8089143463349013 6.765160605294527 22
28 -2.0860435246686446 7.751117976646558 68
29 -1.710520314934601 8.182598026413645 57
30 -3.037264687746259 8.617352841192833 97
31 -3.453340387286298 7.820316606294511 77
32 -2.207825420056634 6.9512287977626235 97
33 -2.9732375539405185 8.26477057894569 7
34 -2.6802153268792552 8.330855752549999 92
35 -2.3433745291102306 6.954573193827741 77
36 -3.4328885405630043 6.7112011783853 39
37 -3.6761404482963487 7.692373962799328 61
38 -1.6484244931111274 7.206873823343659 81
39 -3.8091731059643488 8.264494213933256 59
40 -1.521918171441741 7.742613058280998 14
41 -2.6700465908335262 9.091521099360968 3
42 -2.724897911769666 7.412492897073952 19
43 -2.2967400351404774 7.427066740777569 25
44 -1.8672358912964049 6.871833312071042 93
45 -3.0561511616088044 7.245301903778361 96
46 -3.4201484572984304 8.781687923390056 76
47 -1.949368250050442 7.443868682660249 36
48 -3.7518047939222177 7.349368730071714 50
49 -2.009967925844365 8.220803248571924 11
endpoint1 endpoint2
26 47
7 25
31 44
33 41
34 46
18 45
38 40
13 20
2 27
14 43
25 49
15 34
19 39
20 32
1 40
4 35
28 32
5 34
16 38
34 41
11 41
8 18
11 15
9 19
1 21
15 43
26 49
0 36
47 49
21 46
4 42
22 45
11 46
18 31
12 41
43 45
8 25
9 20
14 19
10 19
12 29
2 7
24 40
3 22
2 33
22 36
27 43
23 33
16 20
6 27
28 44
22 30
18 22
36 37
17 43
11 19
24 47
14 38
25 46
21 48
26 45
5 29
28 43
8 33
31 46
33 47
30 49
17 44
14 29
2 25
4 7
19 41
5 6
3 42
2 45
22 40
5 32
29 35
3 48
9 37
6 47
36 43
10 34
7 46
37 42
11 43
8 20
13 49
2 16
3 13
19 46
0 38
3 19
6 12
21 44
2 36
7 9
22 35
5 41
9 46
40 44
7 39
11 32
8 27
9 26
24 30
12 31
13 30
24 42
25 43
28 48
21 31
30 42
35 36
23 25
36 39
18 46
15 29
0 30
1 49
15 33
4 26
19 34
26 43
0 42
5 27
20 37
27 34
4 32
34 48
29 40
35 45
9 34
34 42
38 44
1 16
0 11
14 47
3 6
19 43
20 44
1 44
6 11
8 42
32 39
5 46
29 33
23 47
16 26
6 45
12 46
8 22
3 15
19 48
20 43
27 48
1 37
21 42
30 31
4 22
22 33
23 36
16 17
6 36
11 34
12 37
41 49
14 23
25 29
11 30
0 25
2 3
24 44
26 46
5 16
3 32
27 47
6 31
7 30
32 43
29 45
16 46
23 27
13 33
11 49
42 49
38 43
0 16
12 16
0 44
5 25
20 39
6 22
8 37
7 23
29 38
35 47
17 32
8 11
31 48
37 45
8 17
11 12
2 15
26 48
24 32
22 44
9 41
6 35
40 41
34 35
17 25
7 42
8 24
14 18
45 48
10 18
11 27
12 28
27 28
15 49
28 31
2 6
5 11
29 30
3 23
25 38
21 40
26 37
22 39
30 39
18 25
12 39
8 31
9 30
10 29
11 16
12 27
3 28
15 36
26 44
4 37
31 47
29 43
33 40
2 24
0 8
22 49
5 7
3 43
27 38
21 36
4 44
28 33
7 17
22 43
3 49
36 42
34 38
17 38
8 13
36 48
11 14
3 10
15 42
4 13
2 13
1 32
25 35
21 45
8 46
16 30
40 43
23 43
10 44
7 36
11 33
40 49
8 26
17 49
24 29
10 16
15 21
1 7
13 31
2 4
5 9
3 25
19 26
26 35
23 32
16 21
30 37
28 45
22 31
35 37
18 23
13 36
37 39
11 18
0 29
2 31
24 48
15 38
19 35
26 42
0 41
5 28
27 35
8 34
32 47
5 38
35 42
33 46
17 35
38 47
15 27
39 46
1 17
14 46
3 7
2 42
8 41
22 41
29 34
33 39
37 41
11 42
12 45
13 48
0 1
19 49
4 21
9 45
40 45
10 42
11 35
42 47
24 31
10 30
26 29
0 24
14 34
28 49
19 28
5 17
20 31
16 23
23 34
30 43
6 30
31 34
33 43
14 25
38 42
15 32
4 27
20 38
4 33
8 36
6 43
37 46
39 40
0 22
13 15
3 9
19 42
0 34
23 48
6 8
22 47
5 45
33 37
10 33
17 26
18 33
12 47
37 49
10 21
0 3
3 14
3 20
1 36
25 39
4 23
40 47
6 37
10 40
17 19
41 46
31 39
5 48
8 30
38 49
10 28
26 27
0 26
1 27
14 32
15 37
