nnodes nedges type
50 400 graph
nodename posx posy weight
0 -1.948102151716325 -1.742992874665235 69
1 -3.401665359167906 -1.768335224217944 87
2 -4.434834586018149 -2.673090696605403 62
3 -3.603251539516384 -2.6777808169576818 3
4 -2.738913755653839 -2.899635105055855 44
5 -2.7267434660504994 -2.442784019154859 95
6 -3.2232362747368297 -3.5659588965029525 83
7 -3.6832286250166497 -0.8364885703317221 39
8 -2.1512780186310847 -2.0363251087014844 12
9 -3.9692002823658044 -2.3173396315191033 31
10 -3.3066148094743983 -1.4563947858158661 4
11 -4.019167350092729 -2.917702877650269 73
12 -3.731344822464244 -1.173450215430236 41
13 -4.309465918402067 -3.250421427257411 82
14 -2.7954296710478 -2.1076612648898503 28
15 -4.3743699966794845 -2.3799341680850103 82
16 -2.648259537543151 -1.5747996065130938 44
17 -3.6416747413832193 -1.649118150677227 27
18 -3.0882382558729993 -1.0928317031535137 77
19 -3.408561868573378 -2.996707135164283 65
20 -4.386037305482104 -2.082751927570222 81
21 -4.505865921536258 -1.8322984869193162 100
22 -2.450081440513398 -1.9541035512979863 51
23 -4.036959425982475 -1.5379087092218982 34
24 -3.2998346014854567 -2.0478435827082957 95
25 -2.927727612492035 -1.6827341112736829 67
26 -4.256181289568297 -1.8709753993508178 40
27 -3.206422099296529 -3.1353686133832257 13
28 -4.125671737285142 -2.6365390030452156 54
29 -3.6142888002197173 -2.130705643452667 52
30 -2.23549357634449 -2.698360764554736 59
31 -3.3382301513485184 -1.0681400213165138 92
32 -3.0758161336989494 -2.296993194567835 89
33 -4.600087893820832 -2.369287343280397 67
34 -4.26630663239362 -1.349416038418027 44
35 -3.734850790214438 -3.2586510241669933 89
36 -2.5825971068381537 -1.105853000307243 72
37 -2.3534838209270426 -2.430881218149344 89
38 -2.207838635819544 -1.4524368540803378 87
39 -2.9785289633375664 -3.11035890372871 60
40 -2.9607976057416563 -1.4635165255106923 84
41 -4.631164994293974 -1.4852188147979268 76
42 -3.9545745254562386 -1.1829579350174442 52
43 -3.4626296477349445 -2.5374875528916636 33
44 -3.989661988273497 -3.3610192081541252 78
45 -3.8179759195291023 -2.8809160978799353 73
46 -2.5117279836417055 -3.1272751919362016 55
47 -2.5040313951336017 -2.865264128776169 57
48 -3.1289128375311637 -2.6509171866451418 25
49 -3.848247889151412 -1.9655829757011423 43
endpoint1 endpoint2
3 35
27 46
21 28
4 36
28 41
17 20
33 41
23 26
13 32
14 31
38 40
39 45
13 20
25 49
4 5
20 32
1 40
28 32
32 35
35 46
33 34
10 36
34 41
17 39
18 36
8 18
9 19
0 14
3 11
1 15
2 12
26 49
0 36
3 17
5 43
16 29
23 40
41 43
8 25
13 44
0 5
12 29
15 48
4 11
3 22
25 37
26 34
22 36
23 33
22 30
31 33
11 39
18 22
42 43
23 31
17 43
9 29
10 26
11 19
12 20
1 25
24 47
14 38
15 39
29 48
3 37
30 47
4 38
28 43
5 39
29 42
30 49
7 49
15 24
1 18
20 34
21 35
7 16
22 40
32 37
29 35
3 48
23 45
6 47
9 15
18 34
10 12
44 49
9 17
3 13
4 14
24 35
20 41
25 34
16 31
30 35
10 45
9 48
43 47
9 26
14 17
10 17
25 31
26 28
24 42
5 8
20 48
4 19
28 46
7 28
23 25
37 38
11 21
0 30
1 31
2 28
1 49
19 34
26 43
5 27
20 37
6 16
4 32
9 34
34 42
2 49
20 44
6 11
32 39
22 46
29 33
9 43
16 26
6 45
8 48
7 40
18 32
9 13
16 48
24 25
3 15
1 3
20 43
3 21
1 37
25 32
21 42
4 22
19 22
30 31
2 34
9 44
16 17
40 46
31 36
18 27
12 37
8 29
41 49
14 23
10 31
15 22
0 25
1 4
13 28
3 26
27 47
33 48
28 40
17 21
32 43
31 45
23 27
13 33
11 49
42 49
11 23
0 16
2 26
26 41
31 42
9 32
33 35
16 37
36 40
17 32
9 10
11 12
12 15
14 45
26 48
1 34
2 41
6 35
40 41
10 46
34 35
11 47
12 40
8 24
13 45
14 18
45 48
10 18
15 49
2 6
24 39
5 11
21 40
19 24
32 48
30 39
18 25
10 29
13 26
14 33
3 28
25 47
26 44
5 30
6 29
7 24
29 43
16 32
30 48
1 19
13 19
2 24
3 5
25 48
15 45
4 6
5 7
20 33
1 47
28 33
2 44
8 39
3 49
36 48
10 15
1 20
2 19
1 14
4 13
19 47
2 13
24 34
1 32
47 48
40 43
10 44
7 36
11 33
13 43
44 47
9 27
14 16
15 21
26 31
2 4
24 41
22 37
5 19
20 29
23 32
6 24
16 21
28 45
22 31
36 38
10 49
17 42
37 39
9 28
18 49
14 27
1 24
24 48
19 35
26 42
5 28
27 35
30 44
32 47
31 41
29 41
9 35
17 35
18 40
15 27
14 46
2 48
0 32
21 34
32 38
29 34
16 25
34 36
17 36
7 41
13 48
10 23
1 12
20 42
3 18
27 49
25 33
5 40
9 45
6 39
10 42
11 35
18 26
12 36
43 46
9 25
14 22
15 23
26 29
1 5
24 43
25 42
28 49
26 33
27 44
23 34
17 22
7 31
29 46
35 39
18 21
23 24
14 25
38 42
11 20
14 37
4 27
5 26
27 37
21 39
8 36
32 33
7 20
31 43
29 39
35 44
33 44
16 36
6 43
36 47
10 38
37 46
18 38
0 22
1 23
0 12
3 9
1 9
15 41
19 42
2 14
4 40
8 43
22 47
5 45
29 32
9 42
16 27
17 26
8 49
11 44
9 12
9 22
45 49
3 14
1 2
4 9
28 30
24 38
3 20
25 39
19 25
7 10
5 22
16 18
40 47
30 38
22 24
11 37
18 24
42 45
8 30
11 17
12 26
13 27
0 48
14 32
3 29
4 30
