nnodes nedges type
50 400 graph
nodename posx posy weight
0 -1.548007086368041 2.7047786962142077 83
1 -3.3734845434049876 1.1580830327284883 69
2 -1.5474358732959728 1.278451964183221 40
3 -2.0345280508621784 2.6540595081429634 42
4 -2.1775138520534854 0.8709963356110118 12
5 -2.6981446272185377 0.6019182065784815 98
6 -2.1096897866554247 0.7026196918709503 93
7 -2.9041026752165053 1.05080059216994 84
8 -1.8646469808309007 1.1754023547069414 55
9 -0.9820768995475987 0.8627774137467096 19
10 -1.1049337019361116 1.1791872880580523 63
11 -1.9626080363483145 0.2984974128012307 68
12 -2.2748666472331296 0.2522048344756726 73
13 -1.1921120622525936 0.5668059952094557 19
14 -1.4322810859801043 0.9614723890004168 93
15 -2.9909448595206505 1.8315868921013996 49
16 -1.0696766567795088 2.2644394157787415 54
17 -3.609716377959513 1.6859640114664403 68
18 -0.6799371795826584 1.1551406748628292 68
19 -1.7091976621259786 0.6661967879997301 37
20 -3.215883596268305 0.6140580370704846 29
21 -1.6280785879953281 1.5041531885747197 28
22 -1.1283719729252222 1.9300315897279428 47
23 -1.606196034065189 1.7919869928253656 71
24 -2.5439303730968907 1.9675667996652049 89
25 -0.8847577438156919 1.7528474442615731 89
26 -3.0783407279561965 1.152638045638679 60
27 -2.4691427013437277 1.7569954986227758 92
28 -1.1942612949454314 1.4507017611691244 70
29 -1.4914021333822889 2.0721919984139907 55
30 -2.0328743045283075 2.0240450084250536 23
31 -2.088908767620195 2.1921435450640883 16
32 -2.81626470566849 2.4324618904649995 8
33 -1.6313007123283818 0.24872787328320145 96
34 -2.4814491977329616 2.789050013462386 18
35 -2.190739672539278 1.2096462751338741 54
36 -1.9099021233630638 1.8203559040719344 39
37 -1.8881334519899815 1.3905458400756783 20
38 -2.611235556566868 2.3849573006955413 42
39 -3.048107832652759 2.0036008204798907 30
40 -2.456761588833544 1.5230595550612673 54
41 -2.549212476015005 0.9137398785054498 43
42 -2.694648342231403 1.7456973905084747 95
43 -2.5195736644698945 0.49905181916671176 61
44 -2.6131725153567373 1.1512604447732366 18
45 -1.4032206179061353 0.5464546771024559 47
46 -1.9156889084540352 2.3441181890628764 83
47 -2.62713608094196 2.1299422832914012 7
48 -1.5892771145087106 2.4640283181873897 50
49 -3.2190264258241106 1.5501273519669339 99
endpoint1 endpoint2
5 31
27 46
4 36
7 25
31 44
33 41
23 26
34 46
38 40
15 30
15 34
4 5
19 39
5 24
20 32
3 40
27 39
1 40
37 44
8 18
11 15
2 18
1 15
15 43
4 12
19 44
2 12
0 36
21 46
8 45
7 15
10 47
43 45
9 20
24 28
45 47
10 19
11 26
26 30
12 29
4 11
25 37
2 33
5 20
6 27
30 36
28 44
22 30
18 22
42 43
23 31
16 42
13 37
11 19
12 20
2 30
14 38
3 31
25 46
21 48
29 48
3 37
27 32
6 18
28 43
32 46
7 27
29 42
35 43
34 44
35 49
14 29
39 47
12 19
13 18
0 9
14 41
19 41
2 45
3 48
8 14
7 46
11 43
36 49
10 12
44 49
10 22
2 16
4 14
19 46
0 38
21 44
2 36
5 41
21 22
9 48
42 46
12 43
43 47
8 27
25 31
15 20
11 28
1 6
3 24
28 48
16 22
30 42
32 41
22 28
29 47
35 36
36 39
13 35
10 24
13 23
24 49
14 36
20 37
3 39
27 34
34 48
35 45
33 45
16 35
6 42
34 42
37 47
38 44
15 46
20 44
21 33
2 43
8 42
32 39
22 46
5 46
9 43
23 47
17 27
7 40
8 22
9 23
11 25
3 15
28 29
24 37
5 13
20 43
1 37
19 22
2 34
26 39
7 11
22 33
9 44
6 36
5 49
18 27
42 44
14 23
38 48
15 22
1 4
13 28
3 26
4 29
28 40
31 45
16 46
17 47
14 30
38 43
0 16
14 42
19 36
20 39
1 41
2 46
32 34
29 38
33 35
36 40
17 32
8 11
37 45
11 12
48 49
14 45
15 40
2 15
0 35
6 9
21 47
2 41
5 44
23 41
40 41
34 35
12 40
37 48
14 18
27 28
15 49
21 40
4 16
2 32
5 21
23 38
30 39
7 35
22 25
31 38
18 25
23 28
8 31
10 29
0 27
12 27
1 26
14 33
3 28
15 36
21 49
19 33
26 44
5 30
3 34
6 29
4 37
7 24
31 47
14 28
38 41
39 44
13 19
0 8
14 40
0 46
5 7
27 38
1 47
6 20
8 39
32 36
7 17
29 36
10 37
17 38
7 47
8 13
11 14
1 20
2 13
24 34
3 16
47 48
21 45
4 43
16 30
30 34
4 49
7 36
18 28
17 49
44 47
24 29
10 16
12 30
1 7
13 31
2 4
3 25
19 26
26 35
22 37
5 19
16 21
6 24
30 37
28 45
32 40
31 32
18 23
12 33
17 42
9 28
11 18
1 24
24 48
25 45
6 19
28 36
29 41
36 45
1 17
6 10
4 46
28 35
2 42
8 41
10 35
8 15
37 41
12 45
10 13
10 23
0 39
24 36
5 14
6 13
21 43
4 21
19 23
2 37
26 38
22 32
5 40
6 39
30 32
10 42
8 28
9 25
14 22
10 30
25 30
0 24
12 24
20 49
19 28
26 33
5 17
3 33
23 34
16 23
7 31
32 42
29 46
35 39
6 48
17 40
10 25
0 31
13 22
14 37
4 27
26 40
27 37
1 42
4 33
8 36
16 36
36 47
31 49
37 46
11 13
0 22
1 23
14 44
3 47
1 35
6 8
21 32
2 40
8 43
7 13
5 45
29 32
33 37
8 49
7 43
11 44
10 11
8 23
24 26
10 21
0 3
27 29
5 12
29 31
2 35
22 38
23 39
40 47
16 18
6 37
31 39
23 29
16 40
8 30
41 48
38 49
10 28
25 28
15 17
11 17
26 27
1 27
25 40
4 30
