nnodes nedges type
300 1000 graph
nodename posx posy weight
0 -4.721920806766664 -6.043226417642685 4371
1 -5.690315234731618 -5.2017839587631345 1256
2 -3.6442263929406598 -8.211963477232352 2108
3 -4.989775682445683 -6.87215059069464 2424
4 -4.78452250049883 -7.901263441248929 4994
5 -7.020728396991063 -6.0040896293261845 1824
6 -3.4849006321316556 -7.157069832349833 4411
7 -7.159856169490581 -5.264178443229718 1493
8 -4.803430012672575 -7.041334659177672 3267
9 -6.027994177843951 -8.503825383169394 4568
10 -5.577872937932694 -6.0148544422154675 1108
11 -4.114172087900803 -8.59650047237269 3934
12 -8.48591826698402 -9.003061197103348 3770
13 -4.868482733775752 -5.460373277634886 2598
14 -7.15722488306471 -9.659360024799659 2809
15 -3.9508437416676743 -7.898946689228225 3156
16 -5.824469245917532 -10.122557987212724 4326
17 -6.4505895070975265 -9.7441444614996 4246
18 -4.755681849959608 -8.753783650433125 2906
19 -7.23375160082753 -7.574032190921241 2899
20 -5.922525667642841 -5.148069338906119 3777
21 -6.286947732853913 -8.548959322651934 3863
22 -3.999311731077356 -5.964799412648127 2219
23 -3.965176034313782 -6.970850701060322 1319
24 -5.5768792175559 -8.081570270530005 4302
25 -7.213201228835574 -6.899164020050342 1563
26 -5.786786162241473 -8.83423586195201 3663
27 -7.683665128273686 -6.378660666575017 2233
28 -7.373828744608995 -6.73449706859979 3275
29 -4.108147695804927 -6.682391372098429 2879
30 -7.374380702387904 -7.249936987072625 1044
31 -5.653785085699093 -7.868697160516737 4895
32 -6.733211882341592 -9.937457946055265 2598
33 -5.571429730588003 -8.358247661162544 4981
34 -5.0657495115728715 -5.023450609119435 3273
35 -5.3841049965428 -7.880009114140975 3906
36 -6.597694253235384 -6.597169725880694 2052
37 -4.052001648593181 -7.3440087672717205 3411
38 -6.932339570965634 -7.0596151235752975 2266
39 -4.546259588963708 -8.374453099563622 4828
40 -8.287492559180304 -8.265341457328512 1037
41 -5.819667468305822 -8.066884696040473 3974
42 -7.146282022599426 -4.997976331449683 3457
43 -5.172154366907861 -9.737211072515883 2476
44 -6.219033339536935 -6.176654442007799 4783
45 -6.592613711191479 -8.56088332054673 1302
46 -3.684673733204668 -7.6015072672618285 4472
47 -7.35957586579401 -9.248843516211696 3252
48 -4.925633716913608 -7.132636830878255 4961
49 -4.489745561442817 -7.730417079428159 2301
50 -4.425676038724223 -8.186842395936194 4142
51 -5.5221610926872495 -5.888502383353912 3161
52 -5.967752109246635 -9.81060812425387 2490
53 -4.4804193775980705 -7.232851399660917 2421
54 -6.532303329101198 -6.783833793709036 2486
55 -7.052242970495998 -7.46839075248669 2896
56 -3.943944456713643 -6.120592639435306 1052
57 -8.328995487125596 -7.323854586898843 2175
58 -6.090455459378284 -9.324792807565343 1047
59 -7.984905959765205 -9.254289215279433 4647
60 -5.0743068380230145 -9.163218499201596 3259
61 -8.326412191123364 -6.760126080684434 1410
62 -8.487428465801784 -6.923267649391733 2994
63 -5.263556533394521 -7.693449028344057 1870
64 -4.67486103883987 -7.23353373109774 1304
65 -5.769576673347214 -8.72168096256079 2284
66 -4.35216822928458 -8.697291111096193 1195
67 -6.437273186001202 -10.322352311095376 3354
68 -7.506163602572827 -7.306515442882671 1052
69 -8.831823941243686 -6.929806052171123 1252
70 -7.378782146513921 -7.453809761364861 4306
71 -8.140314468009764 -7.2812453796067045 1569
72 -7.292619135778487 -6.309873667119218 3670
73 -5.088224306308706 -7.366599060810386 4859
74 -6.615647917011437 -5.667916518439278 1717
75 -7.031496775041581 -8.954358823914252 2141
76 -3.01822469458428 -8.470624671324602 1152
77 -6.74346068343941 -7.031473681421077 2406
78 -7.2530344991928 -7.88144349749189 3023
79 -4.348239737112142 -9.382531512482165 1495
80 -7.337997115155511 -6.203051523654571 3986
81 -3.760402093817581 -7.43086576395222 1195
82 -7.574203664740993 -6.809502128191446 3429
83 -7.879611078398468 -6.9170877667722435 2553
84 -6.136408706765923 -5.62010097772445 4413
85 -4.559151550247217 -5.516339242063764 3303
86 -4.7390501581075215 -6.3708489583155465 3081
87 -4.1270253980147595 -8.801428522294712 4479
88 -5.575395922566972 -8.67891476321145 2540
89 -8.260377561013463 -8.436673395821746 4204
90 -3.9880901017680332 -8.165902798291272 4289
91 -4.862860465085169 -7.658301561149845 3752
92 -5.174137158644318 -8.244346240457624 2723
93 -7.4813795496952995 -7.009996278394337 2663
94 -5.980136446551978 -7.987724237682227 1828
95 -5.846976252523704 -9.368483065890992 4129
96 -5.171879347892316 -9.393246641738273 3330
97 -5.3740013317487705 -5.114006711250925 4283
98 -6.874666051543795 -5.882332898625946 1966
99 -5.3700871768805625 -8.043935445471957 3956
100 -5.103204789330891 -10.503646234423869 3197
101 -7.3401048437010115 -9.818230289866404 1732
102 -6.317381560947827 -6.405880798461639 2440
103 -7.610497248595249 -5.924123582977818 1791
104 -6.315751038032603 -9.3563526760818 4063
105 -3.489190430324166 -8.163340278502693 2219
106 -4.998165909302872 -8.808660301625084 4074
107 -8.756226218902638 -7.862684398670925 2015
108 -6.64214539713461 -8.304431810462074 1563
109 -5.7230950288498335 -6.274009411945713 1729
110 -4.53747299231947 -6.644414315042457 4698
111 -8.087745193938117 -7.902055535658962 3461
112 -3.054881609808202 -7.452764915035106 1008
113 -5.1723855786852395 -5.626305166154862 3249
114 -7.771187029045374 -9.652214999749978 3164
115 -6.511047371471675 -4.150561091988251 1131
116 -5.856902773478449 -5.597584529460208 2527
117 -4.08935482743573 -7.882351625662795 3478
118 -5.596768016149818 -10.6106370760616 2419
119 -5.569001392559719 -6.7767858443205276 3708
120 -6.678624771574928 -6.097324611223309 1408
121 -7.176808174357906 -8.32520553917421 2187
122 -8.139922501584293 -8.352754839216642 3484
123 -3.398691553744702 -9.662953505029432 3383
124 -7.4197611418473 -8.296015379628894 3268
125 -3.6131769409313628 -5.918918916622611 4375
126 -4.9351895128557475 -9.066773789710666 4440
127 -7.959206406694285 -9.40315709841373 3551
128 -6.892009543004906 -9.080839640554967 3161
129 -7.869353809689622 -7.705238228663824 4567
130 -5.599471348181798 -7.200496446071724 3537
131 -4.4588573877949695 -6.064278172635962 3223
132 -5.550826330991604 -9.426330684663672 2505
133 -7.613866570404892 -9.44169857327356 3796
134 -5.786343069396741 -7.298607138400224 3521
135 -6.47052053614516 -6.883069648722967 2854
136 -5.390975586585661 -5.867131113828193 3989
137 -7.844511171596976 -8.41133356403912 3993
138 -7.925481814465676 -6.571437310862515 1790
139 -6.870531645532237 -9.444533151904364 3922
140 -5.60051032021395 -6.505606936745157 1784
141 -5.229145962005501 -7.2163516735235245 1644
142 -5.599414254186478 -9.767785038775889 3350
143 -5.3316907476865625 -5.321629906071423 2375
144 -7.117087600513123 -7.948205078822 4654
145 -8.550096826515233 -7.74126134693574 2148
146 -4.5701428816930845 -7.468453710410402 4000
147 -7.7557628073041185 -8.815407967055972 3681
148 -5.662764545647764 -6.919604732486758 1561
149 -5.283516207923408 -8.891928923353026 3333
150 -7.215084119487119 -8.027149136108173 2600
151 -6.382940785915467 -9.08853227485786 1306
152 -5.702145014278391 -6.73189764844534 4170
153 -4.193404781071097 -9.062214862102609 3291
154 -2.9408232930184055 -8.152713727048782 1739
155 -6.9090153344171705 -7.570083274060547 3185
156 -8.002245779673443 -8.813423754993826 1238
157 -6.701337042730774 -6.367608391161037 2677
158 -3.0664711012225907 -7.574836747835028 1849
159 -5.6053495220597895 -5.8025966019440585 1899
160 -3.6635618943006465 -6.679333735026213 4389
161 -6.195549149079453 -8.155515059193576 3904
162 -8.39375816758916 -8.143252653925403 3973
163 -6.859750199980854 -6.660816367611823 2488
164 -8.682185051165304 -9.366419689165935 1984
165 -3.8668485059278246 -6.468636190121595 1710
166 -7.009599539116847 -6.095296498897953 3794
167 -7.765018328454858 -8.696966439142676 3587
168 -6.054655888046708 -9.41590063292707 2635
169 -5.051755905373006 -5.931269911912895 4519
170 -6.314985381884834 -8.929406408417263 1964
171 -4.5813132415011255 -6.414560114166883 3083
172 -4.833489049248311 -9.247843419503697 4540
173 -5.878499811401429 -7.098882688117072 2639
174 -4.662016616562247 -10.024783475590471 4140
175 -6.494240419879233 -4.933858249471418 3487
176 -4.71256817304513 -5.68711338755869 3212
177 -6.900398124430107 -5.718180214245346 4831
178 -6.916556778422486 -9.927131904795493 4889
179 -7.585136417080565 -7.044787217128875 3059
180 -6.79147851051923 -5.450345263637541 4365
181 -6.446849043723506 -5.666977957474459 2079
182 -4.979684460400958 -6.234300598275045 4002
183 -3.6702108783666865 -7.804614068663766 3483
184 -4.040428453421079 -8.824437481613003 3533
185 -8.145625499768453 -7.605295548215464 1237
186 -8.592510125416824 -8.116815234243195 1512
187 -5.642550763746562 -9.07222092302387 3237
188 -5.207022355860528 -7.910446265180647 3008
189 -5.620243305526879 -4.614948588530592 4632
190 -5.920239326225476 -7.478893448013519 4634
191 -6.502734400250423 -10.085881381958547 2581
192 -4.520933929026185 -8.91780485096161 4001
193 -3.8261677068414524 -8.988067164411767 4055
194 -4.523559822622335 -6.762771742511517 2345
195 -4.093910859273816 -8.421785663912594 1701
196 -4.863933747793067 -6.589537407089897 1650
197 -5.7227702140505174 -7.750716619610644 1911
198 -4.967976350014442 -5.288854383484346 4771
199 -5.392506978423818 -4.590439275047082 2634
200 -4.377824902236105 -9.946217876597457 2705
201 -4.449021060400761 -9.091226067256132 4634
202 -6.074823663204914 -9.908323829738116 3359
203 -4.840055372220409 -9.56499636142285 4741
204 -3.865131362078155 -8.304106843119168 1018
205 -7.791653862639282 -9.88863863749035 1631
206 -5.02581214005093 -10.019925478453201 1067
207 -7.223163115234462 -8.54504762959843 3916
208 -6.362532230596406 -4.78796472235477 3921
209 -6.472784660329054 -7.80415486271002 2989
210 -8.324119948646342 -5.6648339937924 3775
211 -7.316958400226329 -9.385575937965582 4378
212 -7.213630350909505 -10.162036763596292 1008
213 -6.093189552353785 -7.770757656041949 2825
214 -6.075037124545215 -5.37061468735562 4077
215 -8.239604143176077 -9.06688023280906 4266
216 -6.82829692423223 -8.033729900354068 2878
217 -4.472472388161447 -5.772612805340343 2494
218 -8.300945876715762 -7.133534186784017 4469
219 -4.405949859002174 -4.61355895611427 4323
220 -5.0846447993507855 -8.566399971369828 2598
221 -4.4026020246049615 -5.605775141590463 1143
222 -7.538284860341931 -8.94952485687364 1493
223 -8.260607925601594 -6.112268377741682 2277
224 -8.262538152308668 -7.457734742586776 2049
225 -6.05496099708744 -6.035632533191677 1272
226 -6.750523671236621 -9.555605373174176 3013
227 -6.226225111162651 -6.3401103853936664 2551
228 -8.029067081247542 -5.631704506644486 4580
229 -7.587305215158966 -5.40724452576748 2462
230 -7.217981067912195 -5.715826759940973 2193
231 -5.263298541926721 -8.616968030051572 2049
232 -3.623218890258203 -6.145275747824018 3404
233 -5.356824955439285 -6.711345081914902 4112
234 -6.363517439768012 -7.0758490238674865 1986
235 -6.520949106478641 -9.35953731694116 4112
236 -7.459476514477893 -5.2550820382275525 4863
237 -3.596635329972226 -7.708357964475114 2070
238 -8.657797555022837 -6.157795045765552 3628
239 -5.929318848344524 -6.872430836564069 2358
240 -8.131806789081438 -6.463897254364099 4884
241 -6.109708214804972 -7.403563724622099 1030
242 -4.358421562796876 -6.373823323553524 4499
243 -4.779302944917037 -7.453460823216688 4993
244 -7.594818262522318 -7.9597432558491725 3958
245 -6.03268789894127 -6.434836307173672 1432
246 -6.530974844058794 -8.815943161167024 1893
247 -6.7850678890692855 -4.9239483052866735 1598
248 -9.128366458227706 -8.855133815126145 3282
249 -5.962184128346666 -8.832521033637207 2187
250 -9.006000374006675 -7.388790899167398 4583
251 -4.265228730632876 -6.66530487750213 3843
252 -5.707434418044023 -5.5971638865444335 2440
253 -4.461450083921706 -7.562299733037868 1711
254 -7.008811500272642 -8.610302823790477 4844
255 -4.734834288267015 -5.1148747185011905 1134
256 -6.005192886775503 -5.732761454124592 2984
257 -7.2134656205759695 -6.713533500809685 4147
258 -5.331657757608846 -7.530827093113155 2363
259 -4.820580984882952 -8.40421114981689 2090
260 -7.7544042034414 -8.145551525063397 2205
261 -7.1288671579731915 -8.21664521571408 2823
262 -5.316532290126768 -9.629313672319073 3790
263 -3.236439356372387 -9.371496472057997 2234
264 -7.407725339775595 -6.004731209689788 4954
265 -4.27182538788878 -6.573003779534446 1536
266 -6.43007280503681 -9.568571850058875 4769
267 -6.526599046123043 -8.235255539507019 1247
268 -6.920961027813598 -5.123091243364826 3228
269 -6.866584489665764 -8.508361807760705 1856
270 -6.051059428520427 -10.511466795135572 3493
271 -5.2210565765981 -9.92654571965867 4818
272 -8.501416868865268 -8.104398134798638 4671
273 -6.771215634718745 -7.715565309291186 3826
274 -6.615082299838688 -6.948441463444835 2002
275 -6.176000075132513 -8.60242322298296 2189
276 -6.575686755038178 -6.194876798178696 1987
277 -9.269124190170686 -7.35672763823963 4123
278 -3.705932897907065 -7.156972848427501 4581
279 -7.134405589735831 -8.834715967236974 1750
280 -7.9725035709153165 -6.242218371151193 3403
281 -7.9283632196424465 -5.98923983654785 3938
282 -5.503859856560581 -8.947873933145528 3287
283 -5.5000681238235805 -6.429812588929232 4383
284 -8.478457345183482 -8.416366039464243 1311
285 -6.919516067079683 -8.07430260738614 2124
286 -6.158784880166804 -7.152433627073743 3385
287 -5.47852011723782 -6.988277856914574 2948
288 -4.283808024469379 -6.97092522372205 1499
289 -3.7197854457630544 -8.400196360731117 3819
290 -7.93323645526483 -6.806770282763428 4602
291 -6.322181983465924 -7.623610660597698 3786
292 -7.456304750169627 -5.780292191106736 4024
293 -3.961023651855334 -7.183205125832474 4563
294 -6.065522685538738 -4.597744965178374 4674
295 -4.715091344238195 -8.424731474828496 2570
296 -5.919831243906553 -4.8557291349593354 2898
297 -5.036573701297115 -8.061650851729313 1709
298 -5.455507392321294 -8.380536177382206 4323
299 -3.53973320466095 -6.681273880372655 3691
endpoint1 endpoint2
206 266
194 243
101 235
38 124
179 292
229 274
149 222
48 86
72 211
251 299
43 174
164 246
187 226
128 259
44 169
199 247
45 128
56 299
20 109
89 215
101 124
233 249
38 40
123 174
128 244
146 239
207 222
104 267
95 144
75 259
54 207
85 230
104 273
84 113
138 163
7 98
127 138
67 271
2 188
58 65
31 132
155 280
107 290
108 172
89 133
254 267
258 288
84 188
113 182
20 169
80 116
55 161
142 276
59 162
192 200
9 184
69 279
171 198
27 93
102 196
105 251
36 41
92 158
157 179
131 160
3 288
75 93
208 252
213 297
75 212
188 193
134 141
71 138
60 249
112 242
110 217
182 241
1 176
64 146
154 201
9 124
83 229
143 159
150 275
31 141
65 147
66 204
26 49
68 91
120 257
48 110
93 281
130 249
103 180
55 190
99 108
159 233
240 260
134 245
127 205
3 297
36 217
11 46
27 72
167 267
36 62
23 153
48 176
37 63
276 287
21 220
228 273
239 265
145 186
64 233
52 132
148 209
84 109
151 275
5 10
84 194
80 98
179 238
45 209
114 147
94 275
159 252
11 39
49 232
80 241
228 229
2 117
125 288
90 194
47 104
276 294
207 211
201 243
78 119
144 178
130 209
105 263
287 299
139 266
213 271
109 130
165 176
44 224
96 153
129 272
194 267
3 31
15 39
86 102
33 295
98 239
182 287
21 147
24 94
94 282
134 231
170 241
57 260
44 141
116 152
162 244
51 197
225 274
35 287
181 292
41 63
25 277
108 279
91 188
46 125
225 244
55 82
137 269
80 135
36 179
1 268
122 151
110 242
64 231
4 112
65 239
135 260
104 275
84 115
134 283
181 198
33 93
111 133
139 144
3 143
116 268
43 100
38 252
62 83
75 121
88 95
124 248
92 152
119 293
49 297
8 183
20 255
64 216
196 273
128 205
66 161
20 256
23 130
19 98
253 258
20 229
21 209
56 256
157 197
30 109
88 244
130 221
41 91
84 223
94 226
17 107
155 275
268 294
25 135
23 86
186 273
35 295
37 66
94 141
87 211
151 222
105 123
77 98
210 268
43 295
64 160
41 142
4 50
45 121
129 155
116 148
45 240
6 56
109 264
246 262
222 261
1 286
65 94
251 252
15 241
120 181
261 287
33 140
58 119
166 252
149 156
56 91
112 193
177 216
66 76
190 286
164 277
16 270
132 254
17 271
21 174
83 210
146 173
48 265
26 32
58 192
91 237
38 121
111 230
5 181
0 73
117 146
38 83
24 275
128 256
99 202
6 289
30 290
42 51
109 283
146 295
105 158
1 265
38 150
86 289
87 173
95 286
24 148
63 289
11 263
23 255
182 251
119 252
124 150
4 26
72 285
77 157
67 272
10 86
18 289
53 184
121 209
61 72
273 285
214 236
241 267
39 88
274 282
157 182
226 279
149 196
19 121
55 213
171 219
0 255
24 108
246 266
42 163
25 233
146 286
13 54
86 163
149 174
36 189
77 162
127 168
120 169
22 204
262 288
201 220
170 178
116 221
257 261
244 266
120 280
249 270
79 231
106 279
2 184
60 109
83 224
48 242
66 241
161 276
216 286
61 103
43 133
29 158
141 291
97 208
148 190
104 126
29 33
165 245
104 231
62 222
169 242
182 288
203 237
32 150
7 163
35 151
54 218
58 137
163 213
10 239
41 183
171 246
82 166
54 103
187 203
187 260
63 152
62 179
47 197
230 239
3 15
68 71
97 247
13 227
134 298
242 283
131 225
145 223
7 281
60 66
63 283
104 200
207 285
57 276
180 229
110 297
70 111
59 282
79 258
209 295
171 258
203 297
28 291
85 259
52 235
113 159
129 179
44 177
18 188
162 216
18 53
51 225
201 275
187 192
99 278
144 260
127 164
51 135
121 152
95 275
50 283
193 271
209 245
60 192
249 258
119 120
146 171
169 294
74 131
102 144
55 179
220 242
58 282
53 54
74 109
25 83
81 94
94 279
97 196
188 245
144 250
156 186
93 185
3 177
11 49
109 237
91 187
7 175
42 166
35 235
167 249
55 244
149 298
110 239
70 173
0 292
63 148
30 254
199 296
89 107
117 282
25 185
27 173
132 269
5 25
61 108
186 222
141 296
94 286
170 253
129 235
240 268
17 133
99 239
181 288
128 212
63 169
25 281
35 53
30 223
196 278
92 187
49 90
37 190
82 173
135 181
69 74
156 222
104 279
138 272
5 241
134 287
45 293
28 227
195 287
58 75
103 223
169 196
62 281
0 35
90 140
73 204
3 46
41 231
124 133
32 279
103 181
168 216
12 244
62 250
13 194
200 289
5 44
145 254
24 79
28 264
9 285
205 284
291 297
274 275
200 263
28 173
13 182
85 143
8 24
14 133
38 134
171 232
227 279
83 122
154 160
145 161
74 281
102 163
126 188
214 274
138 283
121 284
63 235
89 144
161 291
16 267
105 289
68 230
31 139
40 129
39 251
74 134
122 124
86 110
19 24
38 281
192 197
88 141
216 269
254 286
147 170
82 107
125 251
265 295
199 227
159 253
212 246
201 271
50 293
106 134
166 286
51 280
19 111
99 201
109 242
264 274
10 148
65 253
115 247
137 261
217 278
15 16
197 291
20 77
110 234
101 191
198 296
41 207
10 103
14 216
25 140
0 49
168 297
163 179
155 258
26 44
29 49
9 91
68 124
23 63
104 215
82 98
29 136
75 226
94 130
213 233
21 297
214 233
128 260
138 247
26 121
24 105
28 210
139 298
73 187
82 150
83 147
54 119
217 287
55 298
54 291
202 205
4 119
58 100
55 236
179 215
83 223
34 221
58 78
63 231
170 209
180 245
181 225
132 271
9 213
88 155
157 257
37 90
48 213
99 102
77 243
55 59
3 49
41 134
21 135
54 256
35 261
134 243
96 193
168 249
61 62
114 261
167 269
197 249
176 283
8 19
31 88
37 53
52 106
156 216
113 221
3 10
93 245
57 89
46 172
43 90
35 73
38 258
216 226
122 234
21 166
114 191
74 157
73 242
61 250
175 239
31 170
45 96
26 216
140 239
18 141
176 221
8 46
147 167
234 272
92 150
44 152
142 262
126 246
11 33
7 159
25 246
71 130
140 291
120 180
196 293
96 173
106 282
25 137
18 234
86 259
90 149
185 240
151 254
16 127
23 278
108 185
18 132
91 295
32 262
254 284
172 191
29 141
218 241
160 196
2 88
159 255
14 104
1 245
165 196
31 274
22 113
48 168
49 193
172 243
173 251
80 129
22 160
30 209
92 161
148 243
41 70
10 252
6 110
39 291
84 236
35 204
14 275
15 131
7 102
159 176
46 160
151 257
144 216
114 139
3 36
61 111
30 167
91 227
4 39
129 291
151 203
8 171
93 181
178 231
31 283
94 170
216 290
35 48
78 290
126 295
26 275
125 198
104 270
202 203
38 136
266 273
81 169
17 188
123 153
143 245
92 214
63 144
76 184
12 133
28 111
25 155
116 220
182 253
80 180
19 40
99 130
19 179
72 247
195 237
29 159
71 216
118 132
117 298
91 299
225 298
28 269
96 195
148 155
190 198
31 60
197 265
43 190
11 165
261 267
39 172
57 147
113 286
53 221
37 51
227 274
132 204
70 152
238 264
14 285
202 220
239 269
24 135
45 68
66 203
136 264
195 297
0 176
150 264
160 233
150 213
64 278
60 191
23 37
163 239
34 166
36 83
24 220
188 253
94 148
65 172
268 283
228 296
6 192
253 288
18 26
143 257
24 269
75 206
15 105
50 95
103 284
232 252
41 50
18 52
124 287
22 217
22 86
188 285
98 159
101 267
102 256
213 259
82 186
8 72
211 246
9 197
173 180
120 267
12 266
27 54
97 287
33 291
89 190
108 187
86 251
73 278
11 253
138 238
100 118
54 94
108 224
91 184
74 80
12 57
187 275
196 251
51 110
207 220
117 165
83 244
184 298
77 267
13 22
34 125
57 240
24 50
254 291
41 258
68 82
207 224
8 85
65 132
55 137
38 276
49 149
117 233
6 152
61 228
188 243
148 176
68 157
117 154
53 161
106 141
36 47
57 166
17 33
167 272
40 71
246 267
124 218
52 111
48 135
151 153
8 153
188 275
78 202
56 199
52 149
75 163
92 117
2 288
41 267
159 290
31 131
106 192
229 247
0 34
63 106
156 280
70 83
205 215
57 62
249 254
33 195
45 99
34 276
40 191
243 251
208 219
23 46
5 55
100 203
124 209
247 255
26 118
169 189
22 265
67 92
30 80
134 152
114 124
46 206
49 173
144 185
56 87
76 278
92 197
11 266
96 128
35 77
175 276
144 292
9 73
63 282
22 169
161 262
180 230
141 190
82 245
110 183
102 240
146 192
25 208
27 244
31 39
223 238
81 126
31 273
66 183
9 144
227 285
73 179
243 286
4 234
78 113
231 239
33 108
287 297
78 254
213 257
126 136
168 191
10 64
157 239
4 30
211 222
