nnodes nedges type
300 1000 graph
nodename posx posy weight
0 1.1877141503364295 6.800725282137179 4346
1 3.0460819320553707 4.1882193971605135 4143
2 1.519147825144662 3.3969172389764526 1873
3 4.431056458709749 5.418570309551519 1174
4 4.1227657091354555 5.75185420265308 1193
5 3.6668553123605 4.092789549407554 4844
6 2.9210826709513356 7.606313091460378 1879
7 3.817481547956361 5.472602085531054 3439
8 5.092857570818934 7.305819461843625 1588
9 4.279261203433045 3.5491413048607052 4978
10 5.107054533635793 6.291737328748565 1520
11 4.331367216914862 5.8019374149137075 3005
12 2.809124241064322 3.68027528262463 2333
13 3.3492596671664274 6.53030347316695 4627
14 1.6670822516591939 8.022237331117227 1952
15 3.960021658927046 5.052269620227623 3265
16 3.360369602865846 7.292465211735689 3606
17 4.825775867722795 7.706295567792794 3435
18 1.7435581833495184 3.6023585852809283 2517
19 2.9286776702915573 5.198387746987361 2418
20 4.426427513033212 7.854945302830745 1090
21 1.5802940951748157 5.781280338820175 2253
22 6.072574859289495 4.503155605056402 2249
23 6.3278631272843695 5.586276904619912 4367
24 5.021066680518463 5.6964476433113935 4494
25 3.00102608957468 7.137886982825541 4353
26 4.434135120226934 7.257794245041871 1087
27 3.3400141130626553 5.054557485546816 2428
28 1.9535916661043424 5.373889323345295 4581
29 1.8744488696472148 4.351982355967006 4288
30 1.8948362642266354 4.019796819243765 1943
31 5.470629995525652 3.7575578474212166 3984
32 1.4687630445137805 6.680930692346078 2079
33 2.0538545777121815 3.5638695418679713 2777
34 1.688423885523512 4.55287816146506 1662
35 5.365412068863119 7.287848782161203 3825
36 5.260574066125668 5.0076352372353465 2514
37 3.853243447594048 6.9392630584054595 3941
38 0.9877153750628294 6.079965348848989 3575
39 2.3354415731052858 4.396996527698412 2942
40 4.692598945631323 5.040416451947538 3619
41 2.487161261481695 4.419510144137617 1647
42 3.595313382677075 5.618316096707917 1653
43 2.286779748536839 6.774146480413989 2923
44 2.6028721567666127 7.171087015149044 1343
45 4.853728663673697 7.2046936030218545 2542
46 4.7844670101264875 4.397248260486878 1823
47 3.0403247511937237 8.104031818577296 4366
48 1.787153015982032 7.719740892921581 4766
49 5.617572938610641 6.0002483476793795 2242
50 3.2912555970730617 5.755000826247669 3416
51 5.955831480807291 5.651835869810409 4415
52 4.635970386939607 8.788599908065539 4368
53 2.3825457397215457 4.994795325914935 4693
54 5.271644550482713 5.846989266914526 2463
55 3.809322448112591 5.232839566955656 2132
56 4.228925159389735 6.48741576150875 2495
57 5.079830297041177 8.326081334272878 2751
58 2.8827924700793766 8.05463102693359 2457
59 2.050077872942674 8.056700659663178 1883
60 2.444886807936431 6.424229986823386 3295
61 2.282797812592709 8.291088781814741 4963
62 2.3394563204580043 4.690720985807215 2486
63 1.8323442360329876 4.983314636499311 4183
64 1.8166358813638328 5.388575274548228 3872
65 5.760789696843311 5.952489694014837 1312
66 3.0784615009847083 5.220119947523578 1297
67 3.8550326473212975 3.584830190581282 3281
68 3.862992526844868 6.75033436053168 4861
69 3.784752315148095 7.751410754232045 3032
70 4.637511468653811 5.6464185705823535 1241
71 2.3931360730480167 7.977707870036903 4668
72 3.306163166679241 5.552391174255725 1370
73 3.5234190905866876 7.355620792214035 4941
74 5.9906747687050315 6.357942366838331 2615
75 4.354997812154742 7.120974381040066 2306
76 2.715196237497208 8.24475774659881 3927
77 5.915245399139413 7.272891058635385 1771
78 2.1285933291988517 6.906295071769532 1746
79 1.8458621009128582 8.364221941124526 4883
80 3.667408878559851 7.799797753049725 3840
81 3.9239184910695224 6.269095720744547 4928
82 5.736743968429542 4.4433628470877515 1141
83 2.8123165696207666 3.0595347793344976 4998
84 3.219233515329941 5.939193288287565 2910
85 3.471945692793088 8.69970745800663 2315
86 5.564791941049182 4.81493709014833 2370
87 4.88375342955383 5.8491077015783866 1052
88 2.8787823061891764 4.917056733929732 2963
89 5.113342183420334 5.00702052524655 4381
90 3.5510882790160934 4.348508385569656 4991
91 4.041340026738346 7.400814822187345 1440
92 3.7739356350246274 3.2960840527533746 4180
93 6.139577222396402 7.4958849261153615 4436
94 2.4987728005376346 8.936274913647255 2654
95 2.402978709379417 4.262379069023201 3124
96 1.1493067046102436 6.726461106311885 4592
97 4.358873835326187 3.8718108402552733 3879
98 2.9119864153737174 3.590956002040111 1900
99 3.5016131444565746 5.418741645914529 4658
100 4.139016583368031 7.771213797675736 4322
101 1.3830300318215691 4.0209538957510125 4198
102 4.747402103433453 4.161130282522965 1124
103 2.879597292050026 7.764608153237103 3094
104 5.279576429650872 5.334354039738711 3773
105 4.565283061581897 4.2926515542872 2544
106 2.0031693691046084 5.86113986226431 3897
107 4.685439445789958 5.872195996380563 2309
108 5.373624704547338 4.612584017757015 4010
109 3.1248153618181056 4.525930115864863 2359
110 4.070544961300497 4.24718521491886 4493
111 1.4806018620733108 6.287239726436387 3706
112 3.668871549451916 3.873948891825388 4958
113 3.3124714677976064 6.711406574257702 3101
114 1.9967313249943972 6.515145263901773 2105
115 2.678595846559557 6.391183498563422 4140
116 3.427216093581338 3.8228274827296955 2080
117 0.982841540943215 5.175080588242249 4385
118 3.11040389548944 6.484394060495028 4442
119 5.786698258265746 6.8648379353503 1630
120 3.4674303065809555 6.54437378454257 2819
121 1.5142325391107654 7.5196516568989935 4843
122 4.135234381318326 5.9419502994633975 2563
123 1.489328319319841 4.65264865782654 3262
124 2.4733464313819074 4.7875063027118125 4863
125 5.320632761515446 6.733763617113005 2742
126 1.8823389315848413 5.3172961745863025 4407
127 2.945640324468866 8.87361148605434 1751
128 3.335769655093542 2.6393689827889437 2776
129 2.449094282764145 5.34990677969671 1604
130 1.6933153909743421 6.52407543799131 4782
131 2.2412424320279998 7.063895681188515 1281
132 4.757017868413509 6.772058560085448 3762
133 3.8170755466344763 4.5735674168912785 4339
134 5.294111934268751 6.929712584392127 4506
135 2.1463001153638626 4.660181250616819 1742
136 4.103678447478904 4.4710048344747335 1292
137 3.9878925978355304 4.547153837765156 3657
138 4.009835798353366 3.0595510565492257 4673
139 2.8057361676400667 3.381557751091027 4291
140 3.132423062742789 3.852690629074034 1372
141 4.793317703031022 3.4716047411963706 2025
142 4.030516396180932 5.555329625580373 2627
143 6.712108608172559 5.484019471116713 2993
144 2.27208843440309 5.664974741893943 4725
145 2.2799445649891967 7.240758495841999 4467
146 5.570893780242576 5.598137225170209 4013
147 1.367733400789905 6.0850859786070846 3208
148 1.517094540369086 5.411757644258148 1626
149 3.9993930912834927 7.177810080569942 2529
150 5.703362839033159 5.058397523251676 1332
151 3.8832089463551482 8.348905551912564 1939
152 4.089693269995121 3.7374948852257734 2575
153 3.685426490074921 4.903064356501211 4789
154 5.4947309842755105 6.175453146904351 2595
155 4.156436777980505 6.9298650442458385 1131
156 5.759957807917821 6.567248215886254 3085
157 4.618930932236265 6.143845848913351 4172
158 3.8422427477535965 5.958799701806949 2167
159 3.166256350003383 4.362945261230181 3946
160 4.349961918938133 6.632928806253028 3455
161 2.6597783565054827 7.040067698253022 3453
162 2.9240987941423895 3.8731484211571194 4045
163 5.243237148520773 3.7870580775165594 1090
164 2.6788662857996433 6.565871710460388 1018
165 4.906150682097999 6.72216834955955 3955
166 1.847832991082611 7.18321058588708 2917
167 2.47051532458882 5.730569626019024 2555
168 4.905520389841295 7.426289644797474 3181
169 2.7170096004015742 5.207419476167036 4573
170 1.2082886581104082 5.0239183622463095 3045
171 3.3656290564147486 4.7054922344027155 2465
172 5.55556253658362 6.711590185749247 4816
173 4.007760417116136 8.12351123520775 4632
174 4.062966732819092 8.289869558287284 3748
175 4.818061607392177 5.6691800990745 2538
176 3.8064577936800115 4.06896335139302 4109
177 4.350098472102693 4.99317215961715 3956
178 3.19430909373108 6.201387446321746 1770
179 4.803668876166563 5.114551195064044 3374
180 3.8593160987182618 5.765598867513852 3832
181 1.7244043182412228 6.186909895748607 1422
182 4.101182609241316 6.221229763193901 1161
183 3.785620016751132 7.51828936852521 4111
184 3.1595568847866655 7.277299587197291 2107
185 3.8700360416853656 7.124727807506642 3662
186 5.0836569053278575 7.637325448462876 1472
187 5.33238527293184 4.060556462102841 2226
188 6.325162650602039 5.468734913832197 1030
189 5.4223625470737264 5.826543781683866 3662
190 3.8598929564365108 4.909451074049078 3119
191 5.092890970408109 4.615795183866718 4064
192 6.423086715112586 5.744909364592555 4549
193 3.6809932565530388 6.400525512346382 1670
194 3.7397174762949117 6.8830467741865515 3639
195 4.627308324344913 8.000987506830981 4499
196 3.0260920501708477 3.7404744487682664 1875
197 6.419646964596447 6.674156095707886 2084
198 5.0680515687514625 4.493443589671084 3639
199 1.1471945930517173 6.304533277274438 1744
200 4.859676100501588 4.780282714058349 3032
201 6.353380093199713 5.090138955514594 4983
202 2.844176718080536 5.019506037336892 2542
203 3.0357528634525934 3.2654365486445602 1580
204 3.3512941780134247 4.092441575450813 2239
205 4.232894351853916 4.906133472533114 4003
206 4.3162072778733505 3.46582567744992 1340
207 2.4508702648183625 6.930438216459317 3767
208 1.3191991538950245 5.5854743878911375 4482
209 4.527856417790637 4.710763556647522 3868
210 1.7695980763874297 6.714627635754925 3165
211 1.0968181335090101 4.777133292970181 3824
212 2.88434607872654 6.176392133886985 2957
213 2.4378210472419233 7.618167638363302 1263
214 2.258030302708346 6.377044444997731 4450
215 2.1869109087823224 5.265004979868601 4983
216 4.72347829688546 6.34413865142895 4872
217 5.747619228396868 6.372542360057958 4054
218 2.8522370117853355 4.524298403474212 4189
219 5.006424780567801 3.6625977232477216 1720
220 2.378337353501599 3.836217407508231 1550
221 2.235254722350348 4.928907993974747 1834
222 4.911452430285227 5.232476531902489 3526
223 3.272786218487075 4.936940354930042 3866
224 5.203299950099427 4.852379065139997 4674
225 5.373106716068224 4.249218228998898 4874
226 6.1607013708027045 6.0628027819991015 3614
227 5.710220533228511 8.094214338416853 4486
228 5.122042088911961 5.286137108660872 1430
229 2.184255548247675 5.995792992071757 2051
230 2.110164319913936 4.134986981432638 1258
231 1.7485242351989878 5.893583801692245 2464
232 3.433859590490089 7.764955002363329 3390
233 5.2558735180617795 6.43288670792191 4974
234 6.009879267441126 5.222560585243764 3021
235 3.0382832480701425 5.471839933417675 2256
236 3.3126342587823103 8.21001703738877 3464
237 5.967692878063401 7.112292285286558 4238
238 3.585892740780472 6.10863978110034 4896
239 3.560004703297857 7.839579570121512 2716
240 4.336279378422074 2.9449526136433577 4502
241 3.8844585493747372 3.181924454449654 4632
242 5.114569357510149 7.162563489612311 3872
243 6.012021649463697 4.3331656482421845 1803
244 5.436190942422304 5.131987426645613 1986
245 4.013194191273857 7.835026464044671 2729
246 5.473393356510578 7.044195697196922 1208
247 4.996188836614048 3.8455068357414826 1481
248 2.09106557306729 7.240673066440782 4287
249 2.8666015713153175 6.824714223835719 3268
250 4.498700181297678 8.129817103731213 4646
251 4.272177260266429 4.237641690794841 2737
252 2.8097470462447487 4.4303560635245365 3093
253 4.1123307689542345 5.293619423128127 2557
254 0.9344213961892918 6.594320115266401 1362
255 3.3699920616681145 5.954477812339495 2411
256 5.03739225055769 6.617985058742804 4856
257 5.943729527611452 5.985671656150544 4716
258 5.9116259189578795 6.618846588458821 3259
259 4.124978599412947 6.557083315979037 3301
260 4.625621805417556 3.5454530304275096 1143
261 4.601952497144795 4.03218955977836 1299
262 5.974570581160577 3.9022007179122857 4048
263 4.49119511045446 4.433932594902374 4278
264 2.128112607576544 5.626773677241621 3166
265 1.9874507910939445 7.653247613510913 1779
266 0.4496463874802367 5.453277638704299 2881
267 3.805350596196877 4.312951921760341 1148
268 1.1632899800179197 7.4419699392159515 4112
269 3.139907922624631 7.178989778212186 3251
270 2.955034793315881 7.675727350488996 4464
271 2.628104187046635 7.8115609512968875 1281
272 4.401228266788564 7.552345634624926 3504
273 2.5208501524385927 5.857290116897801 1439
274 0.9946780223980268 5.561592056783506 1836
275 1.6203045523615272 4.909153969599182 1485
276 3.291476302815204 7.684832180804504 2740
277 3.3932340467417843 9.300306356667253 2852
278 1.5801813716295672 7.000511762415355 4922
279 3.1924422462135613 5.199995913267082 4898
280 1.604632647300541 5.615682159376475 3003
281 0.6888725257479344 6.049627809814845 3059
282 1.2373187098669007 4.258407654454255 1218
283 2.975010559178478 6.977290608084335 4042
284 1.396910090596386 7.3007204029386035 2946
285 2.550312039066431 5.3408492855282725 2897
286 5.559748490596469 5.342134660046175 2896
287 5.1451417741965075 8.394027066601694 3741
288 3.062500548738411 3.0368276861445223 4437
289 2.9267531665227837 5.791120458218711 3363
290 5.523048060994109 4.217402527782603 2712
291 2.6122054717773904 3.881288596015482 1129
292 3.4184523262118347 3.3402638454759366 3789
293 4.242804484431389 7.0739457238931145 4775
294 2.9160407577612864 6.307929784115108 4597
295 5.107627772197278 6.144094545865183 3296
296 4.877253018374987 6.5080347529964735 4237
297 4.507338753446528 7.045289782457925 4899
298 2.602119191138528 6.067125947638002 1591
299 4.829194825541431 7.879934196990554 3445
endpoint1 endpoint2
17 242
130 231
54 153
98 102
158 193
39 207
68 115
75 104
229 274
188 246
85 168
52 94
131 149
117 159
100 249
113 151
12 221
135 139
101 124
42 157
157 186
124 231
49 197
51 233
0 271
70 257
53 215
78 120
37 180
64 229
43 213
44 221
134 172
4 255
84 113
45 299
33 95
60 81
63 264
84 214
62 238
67 225
7 120
195 232
118 264
28 32
48 212
198 204
99 103
216 256
162 241
41 135
34 41
7 44
110 260
108 217
109 229
113 226
11 160
88 204
64 296
69 194
110 247
189 272
177 207
172 296
18 62
10 227
241 243
200 205
167 207
102 169
66 210
69 236
46 82
28 252
11 156
41 220
125 173
130 249
181 235
69 246
47 174
91 265
12 124
154 262
61 100
3 152
62 251
118 259
235 260
61 94
72 193
119 157
2 203
147 164
56 132
178 295
129 133
193 233
151 186
6 278
153 212
136 165
222 263
114 235
5 291
167 238
49 201
150 187
11 191
158 171
31 108
175 296
80 175
113 215
12 29
11 149
26 179
96 130
134 297
144 202
11 107
68 104
206 228
133 204
183 214
16 126
46 152
14 248
8 212
72 276
122 222
7 255
174 227
62 196
169 248
7 34
181 184
5 62
81 133
185 189
213 239
13 75
84 150
104 247
109 259
63 164
135 140
110 159
226 286
88 218
11 180
213 293
155 165
129 170
53 204
212 270
58 249
8 239
120 297
33 98
39 288
57 100
117 123
13 25
84 116
168 298
149 264
31 159
9 112
33 211
66 99
121 270
123 231
53 144
179 256
218 294
48 114
157 263
36 70
55 273
157 158
3 279
67 139
27 70
51 197
157 184
120 193
153 200
42 60
132 190
191 234
87 178
56 222
53 213
56 103
131 202
124 264
148 231
105 171
238 256
14 277
81 279
75 283
216 246
53 153
42 261
37 127
130 252
185 273
41 116
112 169
185 229
3 42
60 73
1 46
219 240
179 226
189 247
283 298
84 275
72 220
70 118
119 134
93 143
231 279
103 151
1 95
26 248
189 209
171 267
8 183
32 148
4 293
160 173
44 184
105 138
175 188
46 225
212 284
238 289
35 149
135 182
45 52
248 276
48 145
140 180
242 259
142 229
195 256
84 223
67 97
3 244
106 204
19 46
133 295
159 205
40 157
35 295
73 120
178 190
15 90
27 221
32 60
44 131
154 155
214 248
52 195
291 298
120 207
5 51
40 286
6 276
28 289
25 245
86 191
162 273
271 283
3 108
35 224
64 78
55 116
154 222
160 293
219 260
26 177
30 126
179 279
75 178
244 260
14 265
67 261
3 24
123 279
42 229
111 248
133 202
46 158
19 164
9 87
134 226
126 254
13 73
4 162
72 208
75 77
65 216
115 210
15 259
176 247
55 250
144 180
108 253
120 299
133 162
47 80
76 130
66 275
49 188
27 181
72 235
24 186
256 295
49 150
118 232
97 124
184 236
194 207
180 261
96 215
103 130
66 144
15 86
158 239
193 249
15 217
172 205
79 181
137 297
16 156
47 232
236 299
54 294
251 261
21 236
44 195
134 142
27 285
77 299
81 168
32 117
182 216
40 108
65 237
31 243
101 280
57 250
120 280
217 296
89 137
161 276
55 135
68 253
216 286
11 113
71 96
122 238
136 205
249 255
157 286
56 155
28 60
59 166
120 228
40 190
72 222
122 200
183 250
118 294
103 145
45 245
161 180
99 293
130 135
49 242
60 159
225 259
126 212
62 169
88 208
72 138
67 190
256 287
49 55
27 264
72 144
99 273
134 272
10 201
89 119
145 264
93 242
34 211
64 111
107 200
220 221
43 259
147 194
70 194
66 109
83 291
102 243
23 36
134 233
69 294
132 293
72 171
264 266
61 203
0 273
271 272
126 223
199 255
139 212
171 280
1 235
78 215
223 245
196 288
74 258
137 218
11 298
90 225
168 257
109 133
73 297
148 221
214 265
186 237
154 269
91 258
152 190
66 253
23 222
153 191
3 171
97 196
32 43
9 63
3 177
65 222
265 268
66 177
131 184
164 298
94 166
38 178
113 115
58 155
120 190
19 253
154 180
89 294
17 65
42 91
3 125
178 223
83 247
3 228
65 97
5 136
96 278
147 208
37 114
43 279
254 266
105 107
137 145
43 142
104 220
10 84
157 259
28 39
43 121
22 156
33 285
132 299
153 170
51 201
85 277
59 270
57 165
235 290
19 123
223 251
167 275
39 176
92 187
214 289
121 170
106 267
223 292
129 208
104 180
114 167
126 278
160 299
135 202
65 156
80 84
114 129
195 293
68 284
25 164
2 41
29 275
110 292
0 210
4 283
50 228
82 112
128 171
188 225
29 269
289 297
95 249
107 120
50 73
106 122
30 274
99 115
58 173
232 271
146 224
166 231
50 216
164 175
10 237
176 253
21 221
7 187
155 173
3 107
206 219
54 242
56 88
122 132
86 146
59 229
42 87
37 129
80 174
47 78
92 198
139 141
111 273
66 285
141 163
28 144
18 101
42 230
92 252
241 289
56 164
98 215
45 91
216 269
6 173
27 40
10 160
288 291
20 164
59 151
19 137
47 248
153 222
234 295
136 171
177 224
160 184
25 249
152 206
6 217
0 229
264 274
152 288
4 235
162 176
41 64
215 272
68 72
71 173
116 203
77 134
12 261
87 142
8 296
159 182
18 92
17 122
224 247
100 107
73 283
25 81
268 269
100 250
273 280
89 258
106 118
107 140
172 232
196 230
202 273
120 166
58 131
70 163
66 67
22 70
191 223
151 242
135 291
102 137
85 207
118 279
45 77
16 287
84 88
122 279
146 160
95 206
245 296
32 199
134 217
129 294
235 270
242 255
80 238
39 221
4 286
183 249
175 204
51 82
49 70
250 276
90 215
119 189
66 160
202 244
76 80
63 298
106 265
5 255
27 142
239 259
32 248
106 275
7 205
23 87
209 255
89 141
77 146
110 192
32 69
122 234
70 86
21 166
13 276
23 77
47 48
73 121
62 115
27 218
50 109
3 54
100 232
264 289
209 290
99 252
130 131
251 286
212 233
65 192
31 222
116 177
15 111
109 291
22 219
183 285
108 133
60 239
87 149
79 232
145 185
27 30
200 219
158 178
71 182
116 206
105 295
110 203
71 85
7 224
50 131
16 232
17 254
3 267
119 258
206 262
172 191
148 294
25 213
171 205
102 201
124 235
49 74
55 221
163 222
167 281
37 174
133 153
136 179
3 82
56 269
129 169
40 251
44 60
153 291
10 252
72 155
154 216
155 218
214 269
159 176
112 221
123 230
61 268
26 165
25 180
184 235
47 165
58 294
98 101
9 89
96 214
34 148
231 281
168 244
196 218
178 231
176 256
157 183
115 216
182 296
129 136
21 273
16 56
4 107
125 198
3 194
45 270
56 197
24 154
240 247
76 184
107 257
49 182
66 214
158 293
106 278
66 263
16 273
62 282
195 237
3 45
7 289
29 159
21 34
142 146
189 246
7 19
13 124
95 214
40 189
71 127
90 171
46 296
15 122
45 246
70 134
149 168
212 285
10 238
100 259
3 102
187 261
35 250
67 90
242 256
278 281
126 282
76 276
6 114
39 224
113 211
35 192
140 282
62 148
209 253
1 175
193 210
6 13
211 215
57 277
179 234
43 114
37 200
47 145
104 237
53 181
22 141
38 71
25 210
49 125
36 196
69 295
108 262
112 157
109 219
15 202
19 271
50 294
4 89
41 50
202 253
81 155
107 146
110 253
208 268
2 282
35 227
248 284
12 24
4 246
14 213
30 152
3 27
13 267
25 42
168 195
4 28
45 87
9 288
166 294
209 263
78 132
36 90
65 165
179 290
144 249
180 293
11 88
194 239
156 185
97 191
115 213
198 233
221 264
122 161
30 291
187 198
92 163
126 171
51 258
1 264
20 73
90 235
27 158
42 90
7 74
3 122
105 167
98 240
161 245
68 233
161 274
98 279
69 271
87 224
204 267
39 273
238 253
188 243
279 292
75 230
87 222
6 178
240 267
41 129
263 289
142 179
231 283
56 251
24 283
146 261
72 190
18 38
64 196
160 169
222 286
228 258
199 264
103 232
238 285
92 95
51 146
70 167
124 176
36 132
14 280
179 219
129 209
92 206
169 273
15 41
62 147
120 255
143 187
20 182
3 150
37 70
3 257
54 143
13 122
58 265
11 193
45 125
205 285
112 152
119 185
137 206
24 253
86 187
36 165
11 189
114 199
111 161
202 218
5 98
186 249
114 161
91 278
57 93
166 210
99 141
13 272
34 202
33 196
73 125
86 105
117 229
13 115
27 41
50 158
84 174
165 253
53 179
95 124
102 105
86 216
93 296
84 148
35 276
29 289
190 209
153 193
26 113
99 198
264 273
74 87
40 91
3 81
1 97
147 254
21 110
54 244
20 76
168 258
182 205
40 97
232 289
8 74
5 142
8 243
68 236
11 110
136 252
20 51
83 215
63 255
