nnodes nedges type
300 1000 graph
nodename posx posy weight
0 -1.4441934336244298 13.384726153537251 3613
1 1.7907513066077023 12.523630986840812 3586
2 -0.7970557651115047 13.480962868688579 1589
3 1.9311722654947436 11.344022725854591 3118
4 0.7080174373037853 12.410413882324452 3425
5 -1.2891179189205977 9.86879474464145 1229
6 0.9055851326941565 12.245658069476208 3970
7 1.2672082367208342 12.3433318968393 2461
8 -1.5283999534175958 10.812391672070175 2158
9 -1.6689271983088554 11.71850770156164 3544
10 -1.8538315969078465 11.859940111465333 2700
11 -0.06901772639245649 11.429167865089436 3654
12 0.9312246157752495 14.062288630648117 1424
13 0.1389427457212381 12.304357263137847 3210
14 -0.23738077228096072 8.75870367566257 1421
15 -0.8995096468804599 9.879620612844116 1583
16 0.29759772136537876 8.6143604920544 3766
17 -2.154125771212683 13.146527359807795 2805
18 -0.16429630658822525 10.238463544641462 1668
19 1.1996640647647787 11.95493077214139 4594
20 -0.9196858356174306 14.03309249432281 4539
21 -0.659391210698466 13.592743768446951 1061
22 -2.1621637965424885 11.461327269768475 3730
23 1.5300436928456402 10.53104077005483 3126
24 -0.107428120804947 14.485059269934588 1591
25 -1.002349869174597 12.353693667817376 3378
26 -1.2260325108964394 12.29648717718994 1573
27 -1.5273610628638292 12.872727174401106 4496
28 0.552913487112828 10.186753012464267 4377
29 0.9397977141043113 10.17236655435315 3778
30 0.42327072824538076 9.287086423678007 4166
31 -1.3847531307702237 12.034618404646626 2711
32 1.5385497690045813 9.588068567580498 3829
33 1.806679160087947 11.442632966054513 2403
34 -0.16672073923342606 10.905998254917902 3300
35 0.4372934146672382 8.824148380373728 2607
36 -0.5949119109617433 12.532591597032313 2538
37 -1.5078261128639667 11.71333153338303 1822
38 -2.2238974087363643 11.702023491833355 1046
39 -0.34131527613754215 9.055065222312415 2207
40 0.7574732290553688 9.826272097973158 1883
41 -1.2334960544161102 9.630777820529138 2891
42 0.10433270112320868 9.771847891869555 2565
43 1.2068292793731645 12.843117389539882 3744
44 -1.319902013843871 10.511164213293867 3391
45 -0.48193234676709135 10.052592693171569 2546
46 0.49969931638558246 11.820529646497425 2259
47 -2.579845497363082 11.079080154759495 1388
48 1.5410256024361857 13.253760443444511 1772
49 0.5335332893697735 10.456519180409362 1156
50 1.6348520323091145 10.220076683797897 4044
51 0.902509367520735 13.717077574343568 1051
52 1.163628083260464 10.38465891845109 3349
53 -2.0639839166850433 11.08296282655237 2173
54 -0.43791877987176975 14.324208658066908 3025
55 -0.6613650139069637 10.94095300408241 2235
56 -0.17653652694792238 13.217008579912363 1584
57 -1.9382366183289326 13.420368211173676 2087
58 -1.4127844518726342 14.232299979893476 4026
59 1.2163447325708223 13.323787288618362 3561
60 1.8186152198023244 11.878564589629294 2038
61 -1.156673452202786 12.950906391598341 1088
62 1.9821935284691499 11.01482402084581 3006
63 -2.180984893866044 11.285686223265824 1188
64 0.5692292496455292 10.720476789398022 3954
65 1.408105601083284 10.606103851160649 2826
66 1.0414333051664901 9.300539436708318 3757
67 -0.14579208832518095 10.665347409026438 1165
68 1.628971791909495 14.502844176512813 4587
69 -1.510699117310492 13.120655077221878 2845
70 -2.371626600683073 9.962353810831855 2974
71 -0.7019626641919763 12.899172649740368 3144
72 -0.6878501556102301 10.482405535542787 4589
73 1.9952307590013538 11.991919229718038 3574
74 1.7841656614265895 12.83969635282521 1877
75 -1.8290442613447666 12.471774384013694 2120
76 1.694909322117842 9.874519081887762 3000
77 1.108391904063589 13.044896288658759 2342
78 0.2569033059548575 9.527172964308418 3678
79 1.9784827407538643 11.60453206073946 4191
80 -2.3993275962115828 10.996137002018168 2266
81 -0.20727343717019117 10.100980864494455 1704
82 0.39142319149329097 10.853423943283328 1727
83 1.3755778588700958 13.561424442853259 2900
84 0.3506092176272168 14.099501352063909 4222
85 0.7112664862885782 10.280251733114682 2260
86 -0.47121791879473024 11.334416702510167 3013
87 1.2704141207703732 9.950256664960232 4022
88 -0.27698716351483055 12.118113157218858 3341
89 -0.3525632292214418 12.520272329862879 2013
90 0.62297893289758 12.25181175836119 2380
91 -1.3494342493139897 9.293712857664923 4521
92 -0.44521997985125833 12.336171248928819 3471
93 0.01036463702604025 9.415473371670663 4511
94 1.7498336106083292 10.887800383183288 4284
95 -1.5463080517720493 11.388138205127657 3497
96 0.6877494717331858 13.436540487434199 3890
97 2.3888677607540307 13.338264159020857 1352
98 -0.7227819391644613 8.85134283273776 1771
99 -1.0395106727998165 13.249168658542564 4471
100 1.1953474106122053 13.587933069462355 2956
101 -0.6363818925533877 10.053096007501198 1204
102 0.21356541625251219 14.876679213822186 4492
103 1.5371795662337546 10.357453233098214 2419
104 -1.6557943573891927 11.41343542993954 1125
105 -1.2576725389415864 11.5253721138494 4853
106 0.872169621260986 9.347112621835535 3614
107 1.4779830949625476 11.367584792304683 2859
108 2.5043685165027716 11.488296291998674 2722
109 -1.294745186435905 10.952172528241274 4472
110 -0.6825213044817432 9.968658088633957 3794
111 -0.8565260525455933 11.143042846327004 1618
112 -1.432052785151992 11.099137554379467 4129
113 2.0968123879857927 13.705452135064563 1549
114 -3.0537076558323917 12.40686724015926 2359
115 -0.5801996131427882 13.208847344367312 1308
116 -0.4713728111821802 11.615843723345225 3493
117 2.167884436283495 12.845038780244959 4076
118 1.2713054657874938 12.883859989700593 1930
119 0.4279715734382483 13.363030869543126 2608
120 0.3484104706185277 12.793000005658534 4685
121 -0.5897254548141826 12.02838209015596 4281
122 -0.17592345966654083 11.814849042051824 4121
123 1.0343967022571174 12.40073355935528 3282
124 0.5361267923805934 10.753087399244963 2374
125 -1.9883648035455488 13.352282731506477 1213
126 -0.4561635574753096 10.990657052024845 3878
127 -1.1913115418253377 12.220498148277064 1131
128 -0.43769383268376044 13.038800335645297 2900
129 0.3012379639410963 9.822061420560914 2676
130 -2.813426808443832 11.994615513429618 3080
131 2.026349891081381 12.537396702625168 2182
132 2.3799235016409126 13.015804585956234 1490
133 0.3493206214838762 13.04972402823767 2794
134 2.230556459924253 10.83477443518958 2264
135 0.9926083691438867 9.875568766330023 2347
136 -0.9832677686401194 12.171663347657537 3542
137 -3.128949884044987 11.89500148663959 1921
138 -1.3856461385028513 12.444879088455675 4954
139 -0.24019650172160448 11.254351346540982 1656
140 0.4510278096968928 11.326465166480858 4222
141 2.475237454168951 11.969975445575932 3972
142 1.2310588152492563 10.954838952913166 1008
143 1.6505135583202706 11.206807025711747 4201
144 1.4184468186825858 11.159169379330352 1646
145 -2.512216169461652 10.460078365737726 4306
146 1.3993240428046594 11.620449359192573 2398
147 0.19325719404209643 11.287745670306876 3356
148 -2.1227191638043656 10.424079013473886 4130
149 -0.5061563541495157 12.788651122324236 2290
150 0.8916725870690448 12.005157054401606 1343
151 1.2098194173602985 12.161632610234962 3637
152 -1.7824864004893464 12.790101155835787 1430
153 2.349607561244016 10.707258349078487 2235
154 2.126030807542646 11.271450714472275 1844
155 1.8572548707470862 10.085848796192124 4239
156 0.8269363469316304 10.998776901151325 2778
157 -0.5765501466175184 11.726352330575308 2934
158 0.20506101551850572 13.113475477422238 2415
159 0.3855497380631582 9.202906746044441 2856
160 0.450242028861549 10.223672860335007 3301
161 0.6330979736040921 9.35742886318283 4942
162 0.07257017540759349 12.915731859447128 4219
163 0.2304468874273598 11.619758949957346 1579
164 -1.5995724743292234 13.35475559235461 1885
165 -0.028768204808206396 13.616265559899809 4871
166 -1.1391627499560668 12.783348931902736 3622
167 1.0759284823538684 9.062704694571567 3365
168 -2.412326880910996 12.790314482034479 1189
169 2.043911180709483 10.30060587790656 3815
170 1.8497047432948723 13.046874543468265 2424
171 2.081561060337297 12.762541865159298 4315
172 -0.9904402906120241 10.611256639998208 3955
173 -0.6881746930013907 11.40318354874524 2240
174 -1.5818058690503152 9.97924974975953 1164
175 0.23820514793838185 11.772982732614038 3547
176 -2.338597362793318 12.59560962066751 3972
177 -0.027944847204795016 13.435716010573163 1318
178 -1.5390042987094719 10.089001800210921 4247
179 0.18899544658070586 12.456604599098183 2128
180 -1.014980435087661 12.52331785671374 4519
181 1.1716614315468707 11.196154548481124 4619
182 -1.683644711991427 10.860972897909855 2747
183 0.08911504915675869 13.470789954435366 4584
184 -1.6633850371303982 13.679525612771895 1180
185 2.327167594905372 11.49850762752365 1153
186 -0.613988408438329 13.877995134349288 1101
187 -0.9889387415926757 11.54052255525812 1492
188 0.011684443799884788 8.958655774597615 1058
189 -2.1019011546646684 10.201830534160816 3813
190 -2.885345861002546 11.445785466355208 3210
191 -1.5423247046298763 12.742008777676913 2234
192 -0.3198699447059664 8.985262594660961 1592
193 -1.6125042486550978 10.568263495891278 4771
194 0.3224362199345402 12.186356884643747 2332
195 -3.2575811193748208 13.094646236373755 1651
196 0.9342963874923755 10.878128967249516 4283
197 -0.29658635224852614 10.421505961337239 3037
198 -2.3612879062527545 11.796407513761162 3254
199 -1.9380098283321157 12.372523141121457 3909
200 -1.3620777285678838 9.884218145404962 4301
201 -1.9516543447297237 10.907192907337505 4909
202 0.361675927706637 13.50126430136923 1363
203 -0.38559839583116645 13.568998501586606 4422
204 0.31192323404693584 14.200683496650228 3001
205 1.0230729105141692 11.488606784976517 3292
206 -0.8880167794636427 11.321910127803953 1528
207 0.558751910553489 13.781485985080602 3717
208 -2.7496134860426222 12.590217289698337 1464
209 2.238924283426431 12.20843531607245 1397
210 2.379527154798006 11.927180643695088 4629
211 1.028922065163353 13.615421304382927 1162
212 -0.5115311440204057 9.318146490876723 1082
213 0.21994331660168812 10.08779401460563 2310
214 -0.8181659106171492 13.009248810688986 1999
215 2.057029014132236 9.967063483313439 3987
216 1.7008884006614051 10.285843445640737 2324
217 1.5789648222961306 12.966382909978911 4522
218 1.5529885498667069 13.323842580763165 2979
219 -1.588297129541717 12.12717072728076 1482
220 -1.8269120094534483 8.512330471037508 3263
221 -1.1011247409755216 10.165318610667311 1698
222 2.4838730297308182 11.675396740149901 2762
223 -0.1388463839144163 9.937921839284835 2348
224 0.9337327808914854 11.688427482169905 3651
225 -0.7691059199275967 12.298228175455119 3669
226 1.6395758262465314 12.097682308953816 4309
227 0.10657977144688037 13.747954573888052 2421
228 -0.4818795964598556 9.680948976100835 1020
229 1.6157562909739354 11.685613372109884 4707
230 1.3784351083428348 14.039377065234039 1581
231 1.1233576233008613 9.999136142857884 3760
232 -0.9593362047561579 11.791840803321188 3863
233 0.6822741159151862 13.578119503910338 3747
234 -0.1039488030014282 12.259981824161438 3945
235 -1.2042038427467234 9.122602985622935 3908
236 -0.6069937702187481 11.286634892000013 1695
237 1.3552814039745373 12.083836253801417 4503
238 -2.082302177649575 12.121908828387873 3370
239 0.9658662971416981 14.302666602416698 4190
240 -0.20959989013453098 13.892719833422385 2550
241 -0.357468534917756 9.398483565901588 4376
242 -1.0282384739409187 13.76282535528952 4799
243 -1.9881132674843565 9.489202699792436 3636
244 1.4234365398462236 10.8405022223167 2782
245 -1.043971066420825 14.10148043063043 4221
246 -2.300094395275761 12.980327976742661 4863
247 1.3913481172502702 9.811267204870786 4729
248 1.5969187381075247 12.65608345838269 2674
249 -2.2002946989207506 10.848371072558388 1699
250 2.866246663787797 12.49657688693866 2636
251 2.486318612084606 12.49246032146969 1481
252 2.2651081944210696 13.752043727382127 4293
253 -1.3124335739083561 13.819177894465016 4955
254 -1.0709917832902365 10.931248457927543 3611
255 -0.07005004202598802 12.719444601032526 2687
256 0.9763706571709291 9.56711855373979 4010
257 -2.5288576796144446 9.398435525138884 3096
258 0.5649174931416938 12.513877481211074 2521
259 0.21483064190180848 10.378825492764722 2989
260 -0.16737519736187115 12.019669374879738 4996
261 0.6721819396533184 9.590945153740513 1333
262 1.561317729305514 12.546613976484444 2880
263 -1.7374420204783072 9.719591510636107 3117
264 1.1559717650428383 11.425307336941843 1665
265 -0.9864289871410302 10.327414450941802 4190
266 -0.03492593577576036 10.236143313529015 4690
267 0.677747319805351 13.098539724804736 4866
268 -0.41847471977825434 13.34379699658417 4466
269 1.4169827390415453 13.630355502734448 2481
270 0.6782940796670762 11.000031069337206 2999
271 2.1639968598462698 10.558497081046708 3886
272 0.6314401404752064 12.65251753764987 1794
273 0.8123270080940234 10.716593226323232 1087
274 2.210730061173209 10.948150111196068 3815
275 -1.7803089485414427 10.400095504617655 2647
276 0.3584748344193949 11.2255226410881 2192
277 -0.46525415717789725 10.35054725142163 4960
278 -1.8677450867824172 10.665549594430292 2594
279 -2.1014365325067765 12.417215998555868 3978
280 -1.9028684926811694 11.101728674062667 4204
281 0.0043758027579310285 11.748753095016136 4565
282 -0.26775650723461336 14.25910919069341 4358
283 0.919518357705254 10.436279761852717 4355
284 1.9096533595851939 10.330136800300275 2279
285 -0.9967901441779882 9.219630422157037 4155
286 -1.7776670215038362 12.204175250216055 3173
287 -0.7531407378299185 9.165213009242668 2638
288 0.06304523339088336 11.248714695550625 2207
289 -1.1923604377943158 13.340376256976116 1827
290 -1.1617392096610117 13.45308456936129 4764
291 -2.0314557525222106 11.489679597314382 3696
292 -2.391168375940838 12.470844928047658 1403
293 -0.872843925105742 10.85078117052771 4218
294 -0.8358837110954886 10.343442336111496 3513
295 -2.884565336422008 10.393960343851685 2567
296 1.7725570165424038 9.529059705914324 1486
297 2.664619671236688 10.474365157790839 4637
298 0.7924781078361811 12.054345176012447 1208
299 0.6846424106675323 11.565897114907445 2570
endpoint1 endpoint2
93 263
104 109
21 149
70 220
135 237
54 58
152 282
128 184
31 44
90 165
10 180
273 281
147 150
88 258
164 246
237 276
196 223
214 232
138 290
90 207
17 165
202 226
42 62
6 72
190 290
175 181
138 268
144 183
49 276
181 222
107 163
54 207
104 168
21 202
133 175
124 187
37 180
51 298
158 185
87 107
81 299
77 154
59 204
121 236
48 119
229 283
126 228
35 167
88 128
34 283
143 273
217 240
0 121
109 110
19 122
61 63
52 224
55 288
232 242
35 147
45 147
51 269
39 42
53 208
266 285
182 223
33 126
198 293
17 176
2 260
42 200
96 149
28 107
117 214
127 179
61 138
195 286
32 231
2 183
8 199
92 109
141 169
18 279
127 231
110 293
194 255
50 229
4 260
12 211
55 259
49 120
101 193
109 266
237 288
202 258
175 187
56 115
197 287
99 268
91 174
28 221
80 137
232 278
42 179
256 274
26 137
228 273
212 263
81 259
105 286
51 131
40 124
123 136
73 146
139 277
43 217
3 251
46 182
72 270
26 56
94 108
132 252
67 259
92 253
24 177
180 224
95 219
73 222
105 126
210 265
3 60
148 293
183 204
25 214
41 44
84 269
40 206
17 136
143 269
151 179
123 181
66 181
223 271
25 268
88 218
122 162
41 189
108 131
91 93
7 73
249 285
104 163
27 157
244 283
135 271
53 111
43 73
25 147
32 82
62 264
153 154
23 64
3 134
155 261
98 280
23 219
104 111
82 234
144 231
23 62
105 238
128 186
89 164
131 151
141 143
8 277
61 193
79 171
228 236
31 205
106 142
6 52
4 181
47 238
91 188
172 277
115 255
173 280
125 275
38 139
140 167
80 157
46 103
124 181
22 71
34 121
134 283
46 73
30 135
59 99
60 83
17 114
13 236
91 110
36 232
121 242
90 128
129 232
86 232
163 231
110 169
9 281
226 272
235 295
86 194
28 81
76 123
110 147
75 95
11 162
61 180
3 65
51 123
101 160
278 294
83 118
37 187
43 204
157 197
199 290
55 228
35 98
150 273
157 255
22 176
116 267
85 94
149 260
144 213
41 228
155 229
121 258
157 281
42 278
93 101
29 272
1 217
102 253
69 133
115 282
20 125
183 239
163 294
33 170
108 119
76 215
212 283
51 102
189 190
105 149
277 284
11 28
32 103
51 133
5 110
127 186
39 293
129 285
230 250
118 255
36 286
193 212
64 129
7 227
93 231
155 270
46 158
107 296
125 158
5 18
24 89
208 214
34 160
205 274
128 165
31 184
2 89
272 281
89 276
121 200
212 241
77 117
1 244
50 288
189 221
118 173
225 241
12 56
54 115
22 260
65 73
122 138
91 95
192 259
191 245
249 291
18 65
258 273
13 299
67 111
4 252
98 243
5 138
48 229
14 223
132 229
37 145
90 157
194 213
167 213
69 109
23 66
84 92
25 187
41 293
124 140
2 219
174 232
183 199
84 177
102 239
205 223
147 180
74 150
79 143
38 221
8 172
65 260
237 272
9 157
4 183
84 133
3 90
31 288
85 248
64 92
134 142
127 168
37 176
225 236
82 175
57 115
120 143
5 243
129 210
7 94
20 198
82 201
245 267
16 110
34 216
139 146
155 284
72 260
281 298
77 150
88 158
62 79
57 63
142 147
80 104
36 240
177 291
60 161
10 187
291 295
107 134
79 216
128 207
160 175
63 178
29 297
116 181
149 183
216 217
45 50
187 203
86 156
120 150
105 281
121 151
46 86
143 155
83 233
121 286
42 266
66 287
48 233
150 240
7 281
122 126
181 266
44 260
48 207
94 266
244 293
36 255
43 281
72 197
186 204
10 162
288 289
6 36
72 78
265 289
11 34
40 256
77 122
221 223
112 279
6 62
13 177
120 183
107 149
275 288
55 88
74 258
99 173
59 248
1 141
189 287
73 297
10 121
2 138
71 179
158 177
127 130
141 222
61 121
155 256
135 212
98 285
93 124
209 262
26 46
93 264
59 79
95 122
197 206
18 157
131 146
43 175
174 201
183 230
24 202
17 47
40 216
172 238
7 175
88 123
56 272
51 113
157 213
22 110
178 223
52 143
126 178
147 234
49 178
98 235
27 36
191 290
219 255
48 211
161 192
139 236
37 92
4 171
80 236
144 241
13 201
88 92
26 253
144 151
15 266
221 256
112 283
26 286
146 284
187 299
49 90
19 97
45 55
205 226
193 281
156 222
36 133
25 293
138 272
45 174
9 246
28 106
133 179
11 157
30 139
87 277
192 296
70 80
136 260
82 298
112 294
3 153
205 258
89 177
235 261
150 209
33 264
199 234
143 261
182 191
78 296
177 239
226 262
103 224
134 135
46 229
161 172
212 213
189 199
221 254
52 276
26 259
123 147
130 191
56 260
34 247
71 158
158 170
38 152
77 179
215 283
163 273
37 264
62 155
87 126
229 255
140 142
33 76
41 277
124 156
52 161
111 255
122 124
56 164
170 239
18 273
26 37
1 59
154 298
74 96
148 292
233 237
120 211
141 151
25 249
19 111
130 182
6 290
143 296
26 126
55 90
276 293
46 258
148 241
48 140
9 224
10 254
121 293
140 268
179 206
62 267
132 250
47 189
184 268
58 71
63 254
122 268
192 220
13 107
136 280
169 226
115 176
9 182
8 276
67 136
16 32
191 269
103 159
125 238
113 269
50 85
13 95
38 176
67 174
14 28
6 73
1 121
33 153
157 211
76 160
26 99
105 265
1 132
215 297
136 158
84 233
105 164
118 202
33 94
175 293
122 249
150 281
207 237
96 245
37 112
44 109
68 123
133 217
59 298
94 133
119 268
34 145
188 228
11 40
75 92
53 72
88 205
5 213
177 282
27 104
54 96
223 294
15 151
165 262
267 290
18 78
106 275
23 87
183 290
139 150
140 280
25 57
43 90
185 283
81 291
36 278
82 223
118 124
33 276
160 215
142 284
9 47
13 218
65 273
187 243
18 167
173 232
111 196
172 266
233 268
120 180
127 298
90 248
49 261
222 250
192 277
12 163
213 283
175 299
159 173
47 72
139 276
60 96
133 289
120 128
60 197
8 291
73 251
270 286
44 256
69 280
149 232
185 218
30 188
100 151
1 211
20 166
128 164
63 64
90 217
30 283
270 298
160 186
83 166
115 262
28 213
3 82
75 219
183 282
104 263
54 203
209 215
203 281
70 174
213 270
71 175
55 104
154 265
150 260
207 230
4 25
97 230
56 173
175 260
19 170
254 263
43 141
174 235
21 25
159 228
29 41
8 278
85 264
2 77
7 48
120 194
31 55
5 192
99 240
172 234
26 71
191 277
54 289
156 172
196 299
67 79
21 116
95 157
188 273
134 262
29 244
88 101
92 214
65 101
16 192
10 193
11 152
82 277
131 270
117 244
131 170
18 111
7 236
78 281
175 224
27 199
147 281
100 227
75 120
81 109
71 246
116 142
8 15
34 36
216 297
89 221
20 119
162 230
67 153
0 245
202 232
172 225
177 234
128 206
30 72
149 168
64 299
10 238
114 201
16 78
85 236
159 259
75 166
257 287
69 233
189 263
96 142
3 247
67 235
11 119
97 262
29 152
94 261
106 215
71 209
98 216
39 212
106 241
115 166
146 194
89 274
127 206
3 298
0 115
81 129
162 225
109 219
101 206
156 162
61 204
148 263
106 155
196 214
111 198
1 73
103 284
233 242
15 105
132 203
87 185
112 236
189 294
6 83
21 96
36 136
188 285
38 289
31 119
48 239
116 200
39 247
13 267
66 103
104 206
39 110
4 28
63 257
34 92
166 294
45 206
141 185
112 190
123 217
156 266
173 197
107 250
224 234
4 163
14 110
100 255
165 194
100 299
227 238
124 229
160 188
82 129
53 88
25 253
197 261
151 170
42 159
113 264
32 153
138 292
226 254
58 127
85 254
8 105
122 139
60 224
82 181
115 225
70 293
45 182
57 240
5 112
43 233
131 267
4 27
17 245
59 202
28 129
121 238
50 146
32 196
165 225
15 81
63 75
36 202
203 292
38 75
237 271
200 287
247 276
19 259
82 146
109 275
31 291
262 271
173 277
4 222
11 13
44 53
21 92
191 219
47 70
176 219
76 287
169 273
184 279
105 178
42 256
34 110
141 171
234 267
207 279
140 236
18 142
224 248
104 127
81 244
208 219
134 247
115 163
74 225
237 264
99 112
29 270
116 136
0 126
198 219
40 78
196 284
46 272
44 187
19 103
67 161
143 288
227 276
61 171
114 199
178 285
157 194
210 233
122 135
244 274
144 270
86 298
21 184
136 292
11 266
154 259
71 88
74 153
37 275
104 201
156 232
86 105
128 139
37 246
39 285
215 231
92 146
147 262
108 256
15 212
163 299
79 299
45 135
89 206
90 196
67 166
226 229
177 251
66 81
233 282
88 254
86 148
38 295
117 218
33 108
261 294
33 251
64 103
248 260
19 56
180 199
52 294
20 51
23 274
