nnodes nedges type
300 1000 graph
nodename posx posy weight
0 2.52397007706127 6.4040008213678385 2402
1 -0.7955600333336301 2.975150756175805 1484
2 -1.442062426375146 4.1059868825631645 1861
3 1.0051087149342588 3.6492977906848143 3697
4 -1.2519679631021925 6.303936799226078 3230
5 -1.5013932366014657 4.421697936702768 2449
6 1.8348255468919195 4.094810324578859 4945
7 1.8343359458635309 2.428764127387771 1802
8 0.6205086453816323 6.749821247875563 2568
9 -0.4848791390625651 6.902012232694097 2005
10 -2.724546964039625 4.586571297944873 4959
11 2.627806045213596 4.674944126328655 1240
12 2.8765395253532247 5.826983835565348 3384
13 0.797632837691713 1.2479611984470225 2937
14 1.572820336876596 6.556489188886677 2209
15 -0.5310277807632456 2.285472783658266 4706
16 1.738301174330531 4.60061324218702 1937
17 2.3713693922197496 3.636596627177679 1139
18 -1.3406893928125554 3.5755040597014776 2772
19 -0.17619119332294111 5.88415548192786 3631
20 0.23413471538926656 3.8460909031688466 4849
21 0.14087453732795255 2.812858310117469 1570
22 3.54993519834141 5.131757048492036 3666
23 -0.1397074563052681 1.562149176384859 4275
24 2.11055080693061 5.815670524053283 2660
25 0.42960379055205916 3.94460041731991 2338
26 0.8195754768803377 2.772236469529513 1988
27 0.12453786644185232 1.8601233819712577 4458
28 -1.0545831855554026 6.718310999467387 1970
29 -0.3363315829227996 5.02098210485506 1726
30 -0.24532131638782342 3.43275925103202 1399
31 1.9034816973191273 3.364140545081936 3451
32 -1.258551059646934 4.161248424914114 3410
33 1.45319424320692 5.204192359482872 1390
34 0.7756412525508666 4.838770190734602 4564
35 -1.1536676737331943 2.286312653165162 2769
36 2.8937560805680476 4.74414982728199 2653
37 -1.6436530977767159 4.591456354791025 4014
38 -1.8934136885917245 2.755460507218831 2059
39 0.9954862187346659 2.3583123344522066 4797
40 -0.7031007898036392 2.154783522483348 4382
41 0.33708461735991896 1.0770510613010518 4637
42 1.315466605334976 6.427146959015312 1911
43 1.4264787446638152 4.561592453413332 4295
44 -1.7421486091323952 4.822679849778112 3794
45 0.040605130166713 5.9465567952805465 3507
46 -0.42535432834018266 6.2349504486545335 2622
47 1.9249648866218907 5.678196482289692 3328
48 2.063919343748535 3.3197917514251176 1844
49 2.175186775157856 3.8309837668157454 1140
50 -0.13410080118005702 4.3614243092725795 3551
51 -0.6319534382895434 3.4735529307094692 3740
52 1.4093981801094582 4.70053601176892 4855
53 -0.05291338111230388 2.2347021262917095 2679
54 -0.1660110586384658 2.5042099380909617 3344
55 1.596109513125316 5.8335967680007235 4660
56 2.540844179078744 5.874921732900707 4592
57 -0.5418686321883917 2.7513858152925694 2134
58 -1.2780292183531927 2.9089409628758007 2133
59 -0.5568355727127026 1.6129673030123381 2299
60 0.7337623341058123 6.410902256814999 4905
61 -1.5429442223666168 5.211203661418341 2144
62 -1.3817690735770256 6.289560041798495 4595
63 2.2810214786005703 3.4786771273821246 1486
64 -0.3485622298922784 3.7310071695817175 2510
65 2.7294301633869176 5.251096007917499 2940
66 -1.1738891536231273 2.864539527688935 3268
67 1.0947587157297154 4.866029043406845 4649
68 0.043059432974054845 5.24239236914256 4184
69 1.964241421871833 3.8540692378225785 4800
70 -2.341002981926225 4.196536336140479 3170
71 -1.0629682135271348 5.446000071796384 1903
72 1.9180317949096053 5.406702347298389 3091
73 -0.48785349772829933 4.0998922606749835 3477
74 2.038414486858865 4.287309503543367 3286
75 0.6000727652188281 2.7212050202289038 2238
76 1.7098923024855446 2.8066694924685236 2170
77 2.2558551198791967 5.475098884150439 3689
78 -0.9821749796421635 3.6418130601115535 4353
79 1.7430076393477307 6.305342103419762 4372
80 -1.134198892426255 5.046022794272809 3604
81 -1.762702911540172 3.100329257540291 2872
82 1.2468524775265712 4.5640937053349 3566
83 -2.0567112783159454 5.492377336940767 3939
84 -1.9825422668586479 4.584046066023638 4634
85 -1.6131082573384996 3.6107730685787582 4007
86 0.2477247025903877 3.4636945294246417 4446
87 1.0751897800940324 4.293912817576456 3543
88 0.9003190627851363 2.886366475701643 1779
89 -0.12989250643999992 4.843216968966972 4038
90 0.5814232077506721 3.706532247314836 2547
91 -0.4754439360621422 5.745333445601288 1752
92 -1.3524346807993366 4.01001842916437 1516
93 0.2933172554468413 5.397005251832617 4690
94 1.5508380739668843 3.796019882459182 3151
95 0.3487660097636319 4.469387336328666 1152
96 0.0888430311675913 7.151752769657495 3364
97 -1.433761779790575 5.5433343792943175 2567
98 0.3989384423126758 6.560604965062516 1174
99 -0.7354421952202459 4.272804384657524 4827
100 2.822711845551803 3.5790789050731795 4556
101 -0.32543494890159536 6.773368731188575 1327
102 2.2873955855823223 3.75426793686537 1713
103 -1.1519620901102428 3.3201573348825537 4872
104 0.06308681372794667 3.798560955780993 4455
105 2.26515034502009 4.51475192728315 2603
106 -2.2456389918921196 6.168350556490056 3654
107 -1.5261952251629691 2.4877935545138534 3161
108 2.1870484016066594 4.894557514838498 2000
109 0.6313053796118256 6.290756593242124 1431
110 -1.0971976240515036 5.6710590353468175 1524
111 -1.3056744556181088 2.3190930343822127 2175
112 -0.9003048773426428 3.207895478551067 1831
113 0.12033179162508771 6.882710438689714 1502
114 -1.5262304250313934 3.859626846845151 2092
115 -2.1388711420847626 4.575346717554852 1890
116 -1.0558371424388726 5.871310698176891 3063
117 1.2224322220039532 7.047189966368605 4931
118 1.4188859307814499 2.8590053694288695 4108
119 0.704228539555467 4.544712559548274 1839
120 -1.5286904907732914 6.28267484465808 4945
121 2.100006399734522 3.06916697816432 2244
122 -1.731602491835792 2.1353006351530137 4577
123 2.6252808041984554 3.9998283991358634 1203
124 -1.3619145037315166 5.419590306037518 1064
125 1.1927814179072493 2.545575050010307 4725
126 0.8760327105523242 5.174428636846021 4700
127 -1.9658588588196861 3.3933325702827863 2200
128 -0.8771882125132614 1.9077739790151444 4663
129 1.3868918920371733 3.4096498459173294 2394
130 -0.11703200380978158 2.8371353022823262 3845
131 0.3419507172998549 5.017639248842882 3941
132 0.3514305172292687 6.4950714928877895 3405
133 3.1588566747937876 3.9664148018297056 1435
134 1.6506427701000075 5.304931510539965 4526
135 2.294197095469023 2.865600651982882 1766
136 1.301819216501689 3.8914818527206156 2709
137 0.3849833328127177 4.890821949663039 4228
138 -2.0557383512032064 4.870650245421442 3847
139 -1.515137204626853 3.0095044739956442 4291
140 2.9484358770475856 3.621762591753343 2941
141 1.9090700604841953 4.573311905871435 1096
142 0.37152567953667226 1.308039585870389 2781
143 0.38856280997929715 2.236872456122911 1029
144 1.282261946908258 3.6225404997809054 3774
145 -0.18731665908680273 5.505125476978388 3538
146 -0.12454865094500236 1.2130658287664966 1155
147 0.13100771042647727 3.554262369415225 1853
148 1.7612231720250817 3.1171831044944653 3692
149 1.6657486650080895 5.7950175085922995 4262
150 0.6535533172181383 2.375332705883402 2206
151 -0.20119718313269414 6.474654535856895 3994
152 -0.7958962381575024 5.428954395791249 2289
153 1.4331491117251924 3.9193675193316304 1843
154 1.8732773536600222 6.454788999070125 1983
155 -0.46738339859275574 4.398794847327211 3124
156 1.5079872681348887 2.501825452938675 3256
157 -0.7931064895416104 2.6146748799913073 2334
158 -1.389820897060356 4.980808173899679 3037
159 0.3744492116828618 2.382067960979789 2189
160 -0.8671117751841533 6.5221415201059845 2034
161 -2.433368370152184 6.733045170977811 3371
162 0.2777408678024814 2.939190030133991 4556
163 -0.055111378109312395 3.916978992648563 2744
164 -1.0439709720852437 6.4306976713279385 3807
165 -2.089321273293446 5.288078513397843 2195
166 2.4974282655681352 5.493813916240255 1161
167 1.2322668510261565 6.182941556305092 4867
168 -1.522481141189876 3.285696106501169 1601
169 0.107478848702643 4.457575091664126 1313
170 -0.7638189928709875 4.743505210569162 2346
171 -0.8055399829620652 6.017054939975796 3031
172 0.9223819684177508 4.940630860017714 1738
173 1.8230562532484353 5.2019358242461635 2609
174 0.8626555511112066 5.7067207370485 3969
175 -2.274289807248431 3.416587196104657 3053
176 2.1258992814488225 4.112199959434411 3441
177 0.17348220636377995 2.9234952264526397 2029
178 2.7604689469377424 4.377977404922964 1220
179 -0.06451713172470841 3.594230903690564 3118
180 -2.6741176374047155 4.132309012015743 3715
181 -1.4772105496791261 2.7911130357798624 4786
182 -1.2669560724364815 5.300324429006626 1059
183 -0.5175396828656332 4.690652981631394 1921
184 0.9962787777518277 6.435783108879429 3043
185 0.5327668990059162 4.352293771538185 2039
186 -2.495435449813014 5.393918693532412 4625
187 0.5417695644127576 4.016191457474973 2911
188 -0.7346344269991841 3.9159399738071303 3131
189 0.708631770187387 3.9113668572797855 1129
190 1.5039524080041355 6.971386911273869 1445
191 -0.17335444496767596 3.133300268825074 1348
192 -0.983543232043034 4.530158683829666 1607
193 -0.5969777681007142 2.6599162983541698 4561
194 -0.5230055814965253 5.873790471490929 2935
195 0.7874229547976425 5.569090848204525 2399
196 -0.48924292717996537 3.8997709508064724 3763
197 0.7437348830364804 5.99663993919692 4313
198 0.47725078464891474 3.186099766199743 4918
199 1.0138317280552516 3.0161261162437456 4404
200 -0.06170705702821143 6.758579860525147 1756
201 0.5181186771372698 5.993005551119377 1410
202 -0.3575949405039998 5.338477145187936 4784
203 1.082469902675668 4.697703200312349 4353
204 1.2190602348743595 2.0977172534534074 2775
205 1.3748414421927755 2.6838498922370695 4526
206 -1.2458489752221868 6.713376250320492 3779
207 2.6365687677506076 3.0574851358451927 1619
208 0.6964267985291976 3.4888280765455457 1172
209 0.9012570065358347 4.013602835245691 4872
210 1.0911841211794309 2.828892970950457 4910
211 3.182328185706561 5.86212777538871 4481
212 1.8193836033643318 2.2856243408292176 1878
213 1.3018139020949138 2.0369857193926855 2522
214 0.877621491840597 6.666973022229597 4987
215 -0.934308272902474 2.747719766664638 1095
216 -0.31869144622055906 4.72833121533973 2744
217 -2.285652774685504 4.8560126926780685 2993
218 -1.6419841642456388 4.093219624021391 2631
219 1.68067251912672 2.568255041754788 3711
220 0.6911082567265677 5.254609550519468 3864
221 2.1687292182281594 6.551312324689341 1877
222 -0.7493866209497525 5.801944011164018 3465
223 -1.1578589255072815 3.842503563640324 3499
224 -2.3860991022571585 3.5117696765853808 4322
225 -1.4058944664410917 4.7141104573969335 3666
226 1.4862009147592146 3.133800732716958 1125
227 0.17406237319417953 2.3830075977252556 4370
228 0.3455548894997476 3.4557428525935046 4245
229 -0.7082910992767139 5.230304662933806 4133
230 -2.310208982866125 4.9810318497786 1319
231 -0.4995866056408467 2.9679739807778645 3983
232 0.13037643782545472 5.3161023075601115 1007
233 0.9106763379344096 3.8233572482214053 3985
234 -0.6955961887507738 3.2761037985240207 4537
235 0.643889591171114 5.7465901708070835 3989
236 -0.8667917646856548 3.5288220420912633 3979
237 1.206542983383243 6.038148967480051 2308
238 0.38762800959232563 6.263595355101885 2526
239 1.803613493559678 6.024186913243233 1780
240 -2.425003194056472 3.9524625055868823 2527
241 0.14606044973400345 4.66123247608729 1500
242 2.20174778805912 4.30593051299175 1377
243 0.40274606629145016 5.6251426961796405 2214
244 3.5488554848438865 4.743551860483429 2411
245 0.9245892325424728 4.279087764415448 3776
246 -1.0339128939147821 4.81937109027737 4284
247 0.14373236544830034 6.15255795471231 2100
248 1.5210567392383596 4.1921755778658945 1211
249 0.5754336630456648 4.755493427562075 4715
250 -0.05151222287011467 4.293903213143686 4879
251 -1.4869388187009067 5.957348161211655 2089
252 0.6141911162988606 6.960117582631795 1591
253 -0.5679929751836288 5.046504221066383 1382
254 -0.7403081898526934 4.979355730324885 4976
255 2.0473160442920872 2.7810987526855966 4505
256 1.544361644396282 1.7601281741758066 1120
257 1.1625225222272701 5.785783357439118 2089
258 3.7539899242884376 3.06869467190929 2579
259 -1.7048823474867245 5.6698123781156395 4656
260 -1.6715297317574525 3.2987329029270125 2986
261 0.07202051169825843 5.624306361504029 1305
262 1.4985913963501025 5.605392827451757 4061
263 1.9012626546744333 3.2762302205639307 3573
264 0.1638773701056419 4.096996536603653 2846
265 -0.11474821773233529 5.650431787088387 1896
266 1.98728541206579 2.500468353336215 1555
267 -0.20117198128008368 2.1291159862674762 1833
268 1.6240438633845236 7.1553274511618845 4241
269 -1.8950044148516239 3.7734252709712544 4900
270 -0.5352918202140778 6.215979065751564 1492
271 -0.6318380083580577 6.604386066506366 2335
272 -0.3513908665134058 2.0825004518319856 4042
273 2.3511658298252933 4.704469238236619 1603
274 1.0989366613943337 5.561756259854577 1670
275 1.8443017816802976 5.093272625544803 3153
276 -1.8820164451140635 4.252228870503217 2419
277 -0.5421290877968292 4.534031497091168 2403
278 0.8632137190514398 3.2675952358819265 2269
279 0.3674363409880151 1.9440916694001502 3937
280 -1.1303298291159636 4.626080909125493 1266
281 -0.7780245032546463 5.665765835393413 3569
282 0.9101501392790508 5.452917580275298 3033
283 2.584420933888167 5.055447973157815 3358
284 0.8843469821718114 2.1003384984072393 1006
285 0.6517014386285108 1.956833536351947 4643
286 2.0807796090378305 5.0457333807037195 2985
287 1.0810205154930297 5.273439306450727 2389
288 -1.8819328302219551 5.147972595902465 4117
289 1.45078749261221 4.918920247074132 4665
290 2.4081433882624066 5.274291739215805 4540
291 0.5804851644307595 2.4360274358160265 2351
292 2.6787195285520182 4.526950051715701 2937
293 -1.3578181765025137 4.519282752655628 4357
294 -1.3584287038386291 3.7580157219663057 2029
295 -0.22419827942445011 6.261475454621213 3201
296 0.2870573797703706 5.863344810050237 1701
297 -2.861744310846495 5.141473323799028 2330
298 -0.6350288595995643 3.0976001318388473 4137
299 1.6418405697034064 3.5163001701924457 1559
endpoint1 endpoint2
119 286
184 232
99 126
32 44
36 205
121 205
153 283
218 231
137 248
24 203
221 262
6 292
100 199
110 138
222 225
103 122
197 241
6 245
76 88
281 282
37 180
11 129
97 137
57 111
52 136
8 113
202 214
120 276
28 229
42 98
149 275
158 294
40 142
107 223
179 250
130 254
245 254
174 239
3 147
116 229
240 269
49 228
273 274
2 240
94 289
34 197
89 260
55 266
94 174
47 245
153 262
21 285
60 131
42 174
107 152
242 299
2 260
11 134
100 256
124 261
16 75
71 160
88 242
202 209
72 289
80 168
91 275
31 141
80 85
75 187
171 174
131 253
242 287
170 276
186 230
3 17
131 280
209 265
153 178
39 219
94 296
126 241
48 90
40 284
9 50
143 208
227 228
155 182
247 249
232 249
64 86
152 200
130 188
227 278
80 137
29 201
13 143
196 241
28 98
89 116
59 104
193 267
44 233
148 209
15 48
150 298
229 254
220 261
57 234
49 133
93 274
50 130
102 156
174 249
156 234
89 185
66 225
17 255
180 224
194 246
54 285
2 194
71 235
13 212
219 226
37 222
185 189
151 179
210 291
196 261
129 176
17 43
27 236
223 271
161 164
163 223
132 183
226 227
176 245
261 282
56 268
53 204
233 280
120 297
46 92
165 265
158 180
129 272
95 179
131 235
1 164
68 238
71 83
82 208
93 226
45 202
121 233
82 99
37 80
57 191
34 50
192 243
40 181
5 277
110 259
171 274
130 142
18 43
40 272
69 189
50 203
89 92
30 219
37 168
129 163
134 257
60 252
239 287
3 126
115 229
53 255
54 231
34 121
10 192
141 212
145 206
109 149
66 122
155 282
45 195
27 57
76 228
9 190
5 32
112 143
145 282
64 169
263 285
35 260
231 279
74 226
1 95
8 14
216 296
47 126
199 260
65 69
5 91
30 228
145 173
155 169
16 77
115 234
214 286
28 101
179 223
99 162
104 183
61 287
169 201
98 225
17 226
141 167
90 139
29 153
37 66
235 262
72 195
3 57
29 60
238 242
20 289
95 250
121 199
5 51
158 253
26 72
72 82
187 293
198 241
31 64
89 201
167 232
192 278
47 109
123 148
136 141
56 263
165 171
85 246
233 277
58 119
238 274
144 189
45 164
154 222
69 90
84 230
67 102
45 190
37 97
220 263
216 234
37 232
43 262
136 249
74 133
193 291
72 109
183 208
14 254
48 125
73 220
101 238
79 134
21 31
125 248
131 144
266 291
67 132
201 268
43 173
104 249
4 200
161 186
81 157
221 244
32 152
67 170
108 282
142 205
77 79
124 277
25 224
238 277
29 99
33 96
86 289
29 250
219 285
25 145
125 189
131 237
194 265
159 179
32 84
145 203
16 119
67 117
2 54
156 256
136 198
63 277
104 218
80 113
52 90
57 189
118 130
27 193
144 255
6 189
122 193
32 185
51 199
73 86
102 126
226 279
45 252
152 216
52 229
26 272
136 187
21 236
208 249
252 262
157 208
19 95
90 245
188 274
20 87
152 254
69 76
126 183
105 169
229 238
7 94
119 245
91 197
150 284
8 91
128 157
211 286
117 243
15 177
95 203
78 145
119 275
245 250
123 283
26 50
18 280
139 227
8 42
235 259
185 205
4 281
1 198
124 250
83 183
25 284
172 270
136 162
143 215
5 294
53 85
55 200
275 283
188 297
163 213
137 286
51 99
241 247
167 203
170 189
88 246
20 68
59 227
44 73
69 232
189 262
20 205
91 218
150 279
58 84
166 221
229 294
116 194
99 138
119 232
112 162
184 250
155 231
1 37
199 203
32 62
87 237
9 44
74 98
25 74
135 245
102 104
269 281
210 292
110 152
81 127
136 169
65 197
149 176
154 173
225 254
150 191
21 216
159 267
39 53
30 90
5 229
38 157
38 294
138 260
100 273
33 228
34 234
170 206
179 204
157 272
52 55
16 235
22 56
141 184
216 274
33 48
135 242
20 298
18 157
150 199
110 163
210 287
33 42
113 271
4 202
46 241
82 152
3 87
42 166
0 16
119 192
5 85
32 112
124 186
159 286
3 228
2 294
109 152
195 278
147 208
67 119
31 133
155 281
16 226
7 121
67 274
32 272
21 159
78 277
115 183
179 225
148 177
7 23
147 277
212 250
156 177
11 203
106 138
92 157
188 234
68 164
153 204
223 251
34 141
29 215
75 213
95 158
1 256
11 12
118 213
110 246
249 298
73 128
4 124
45 55
37 293
67 86
120 145
19 71
46 196
38 298
17 203
45 293
137 176
80 288
140 286
255 290
48 244
86 125
62 281
105 108
191 299
207 278
131 281
3 153
89 177
242 248
105 118
20 157
26 196
49 121
68 163
78 163
141 158
35 58
172 264
114 234
5 71
78 210
128 231
196 240
243 280
241 245
166 249
214 274
49 172
231 241
101 182
104 187
34 209
52 187
25 60
42 264
66 285
96 110
243 292
94 264
87 264
83 293
220 245
100 108
120 237
194 249
264 294
52 207
147 170
188 248
32 175
10 138
217 229
54 90
51 68
24 197
29 288
31 76
151 174
21 266
37 160
47 105
261 283
152 288
133 258
64 66
167 194
11 16
47 87
137 162
193 269
61 276
224 280
46 184
66 193
149 265
173 177
145 214
50 188
184 268
168 198
116 241
257 289
130 228
119 281
61 81
68 124
119 144
4 265
207 258
33 282
69 148
70 247
16 153
203 243
87 179
102 292
113 232
63 136
64 192
129 172
18 196
32 114
104 169
106 270
103 202
77 264
48 153
127 181
71 73
32 225
69 105
93 252
156 255
21 58
25 191
98 274
175 259
36 239
86 241
39 199
63 273
6 20
174 236
2 44
45 222
64 168
50 235
24 74
73 90
146 256
119 189
223 280
108 299
163 208
172 253
50 223
52 144
43 68
230 232
168 180
170 216
14 257
81 291
24 34
7 284
64 137
243 289
169 236
61 93
3 54
75 246
200 265
112 155
143 263
109 221
112 276
111 196
56 235
202 259
1 150
28 222
6 93
136 140
189 296
74 208
39 129
248 282
27 135
51 130
26 299
114 220
137 191
165 182
92 192
84 110
0 60
61 124
32 288
144 203
92 254
68 261
12 237
21 54
43 105
108 185
118 144
209 257
84 288
52 201
218 241
220 237
15 78
3 273
26 205
183 229
53 90
137 289
265 271
148 149
153 198
90 195
64 295
264 276
191 236
74 82
23 143
217 276
88 193
89 245
139 269
29 251
102 178
229 299
179 208
108 154
87 136
193 293
71 197
2 57
175 260
136 282
44 277
18 288
54 57
5 191
89 171
66 147
209 284
31 166
96 214
187 231
68 185
203 245
222 228
208 248
165 215
123 163
172 278
19 257
202 287
134 262
110 243
183 265
3 232
78 97
95 290
87 129
123 290
50 181
71 194
16 273
15 182
45 194
38 253
72 247
155 239
56 154
113 290
45 220
86 233
172 203
4 280
65 286
128 285
45 246
19 127
201 257
19 262
208 255
21 125
277 296
253 257
91 170
2 259
115 288
178 287
35 250
138 169
101 137
150 153
174 275
111 276
148 213
41 272
123 273
155 228
160 261
183 218
83 288
67 241
158 216
62 91
30 187
102 242
53 181
131 291
51 93
90 265
40 51
30 202
104 243
190 211
45 137
107 146
108 233
60 243
30 236
35 227
139 171
99 170
71 269
149 290
76 275
20 203
70 181
193 264
147 226
156 207
65 105
8 241
159 181
144 205
186 236
109 160
73 249
121 266
18 269
23 223
118 150
144 227
133 211
63 219
48 219
169 253
85 170
118 136
110 277
33 43
112 269
84 145
25 118
131 185
103 277
40 215
153 196
20 99
264 278
225 240
87 182
97 145
116 160
58 127
22 105
125 279
171 251
183 187
16 82
134 174
14 273
179 210
86 280
33 89
61 115
163 183
68 270
53 157
19 172
103 189
70 114
156 176
126 200
190 221
45 251
132 185
43 187
145 151
97 170
31 291
21 114
201 249
40 228
162 199
7 67
83 114
181 217
79 248
39 143
74 273
10 106
104 278
140 263
2 20
34 116
85 104
127 177
239 262
62 106
12 100
61 259
134 187
209 250
168 177
57 227
8 197
71 99
145 296
155 225
145 229
91 250
168 215
109 172
28 61
37 70
92 228
209 267
216 261
114 295
81 99
134 247
205 285
57 175
86 193
34 270
91 182
27 118
52 237
146 227
2 124
198 253
129 185
88 209
89 197
20 95
55 203
271 287
46 109
187 263
217 270
12 190
30 80
144 185
49 173
111 143
62 109
10 127
148 215
76 143
101 145
36 274
194 222
80 195
112 163
230 298
13 272
61 246
103 179
94 112
49 153
149 235
93 270
84 293
82 245
136 219
228 298
264 267
29 170
187 294
250 261
77 220
72 178
109 243
177 279
52 274
73 179
134 147
167 195
105 257
249 287
68 79
107 279
39 241
41 210
43 242
76 156
68 257
16 295
179 245
