nnodes nedges type
300 1000 graph
nodename posx posy weight
0 1.011021217684076 2.7483814200837178 4157
1 2.563774948427837 0.5605807104925005 4518
2 -1.535260281007228 0.9076155921625669 3751
3 2.4102445689591567 0.13532542596629787 3572
4 1.3401782614773157 -2.1908731806640382 3304
5 0.3135393056226339 -1.5925296268869014 1492
6 3.169047502266082 2.3620239631686357 3849
7 -1.2143565337836697 0.016126744344034914 1608
8 1.7742423664876343 0.01274265298075328 3414
9 0.671374498864147 2.6211473828408574 4982
10 -0.5876237971372232 -0.6603240698487332 1851
11 1.104584122270262 -0.19777496520517715 2438
12 0.09790738267959184 -0.6220362707286322 1533
13 -0.9107158132754762 -0.3318888274967005 4513
14 0.16435360382584022 -0.2666448555470627 2629
15 -1.3885968001621702 -0.3876016405695507 2339
16 -0.8433300231677148 1.3225725970071631 3777
17 1.5332645473384319 3.2857961798212356 1796
18 3.7072494944214918 1.349068438880776 1473
19 2.8570074810127273 1.4820392990922695 3439
20 -2.110794977968225 1.9751983686410273 3205
21 1.1143210175785703 -1.4772754871223377 4135
22 -0.5789461557327028 0.03429426611368247 3918
23 1.9584187594687716 0.6155806286128678 4165
24 0.8095625460136051 -1.334101731669826 1758
25 1.409869377714489 1.4087780741357614 4080
26 -2.723236008819658 0.761681204582799 4533
27 1.5583378575566864 1.1307587028477404 1382
28 3.088257236253348 1.1440303363994657 1304
29 -0.2527547074068975 3.6274736915556347 2922
30 2.0072387180852327 1.9852088874831373 4651
31 -0.14977340517018695 2.1850046171868702 1522
32 -0.33678169406616104 -0.8494012022337447 2302
33 1.4489036407205926 1.9424324778902393 3530
34 2.473094403085763 1.3624149946898487 1215
35 0.8664942604525382 1.0487847610687575 4074
36 -1.5913241513398784 2.2430596940309853 2149
37 0.6195260804795002 2.110125821875937 3297
38 -0.11771928027863279 -0.5303853344320757 2842
39 1.6256504277242994 1.2410967059004012 4944
40 -1.4454874873845533 1.8320079721744271 1770
41 2.8550334863897264 2.6383484141734574 3245
42 1.6807400484183666 1.9358491329377636 2874
43 0.3803714061025749 2.443621666043343 3097
44 -1.1123655311789693 0.560599456553355 4287
45 2.9745833111961817 0.7097400107253867 4583
46 2.1118935071795737 -1.686009244924789 2652
47 -0.26546321092708686 0.3450018483052747 2351
48 0.6961420430951041 2.8806411038530424 1685
49 -1.7768171163112654 0.5310003282002635 2758
50 2.055932780470809 -0.6778647559759667 1365
51 0.22415090966533135 1.0201481743695442 3975
52 -2.4225678844254035 -0.045379491840976824 4162
53 2.465008364405211 -0.7574165022618591 4617
54 -0.9670711874163967 -0.13336929191676272 3213
55 0.156147663241844 2.9794534014385237 4610
56 -1.254641461484091 0.7828981489130531 4863
57 1.9905850218408323 0.8313096109051574 2764
58 0.562646865924734 -0.7013391485611783 2677
59 -0.28092393197548654 2.7502215917056523 3171
60 -1.3895611198779183 1.4474566292712094 2094
61 1.4036211165094317 -1.4131138271338943 1899
62 0.30308067524276433 3.0610972768543263 3137
63 0.7081658179155823 3.6862853561946003 3249
64 2.1102728259524772 1.8170448442654177 4277
65 0.3499355361160473 4.2477455054773 1591
66 0.6226207762241115 1.6067265772092298 1780
67 0.3669468218367995 -0.9793599572261619 3109
68 -0.1894112096977277 2.508471164560466 2409
69 1.227408848072315 1.8572686781678611 3443
70 0.5259825821209122 2.3269197280595484 1797
71 0.7827899041379855 0.5357910946534258 3167
72 0.2662679230688465 3.575163354477317 2378
73 0.19907655413364264 3.9531457232619407 2647
74 1.7593011390672648 -0.968635598680145 2110
75 0.7511447050363477 3.4350328129482888 2135
76 -1.1651686708401332 0.861653332614916 3362
77 -0.16683840449529364 0.2727082753003964 4275
78 0.8857856976423141 1.7146072927944758 3911
79 0.43106861647194006 1.7347753977635572 3872
80 -1.4334174648869906 2.2210109366938413 2504
81 1.6566471964754916 -0.7147630215258431 3199
82 1.65372319048612 0.5760529550116602 3794
83 -0.6602924178368077 1.6860437387657454 2375
84 1.793385406015887 0.4452906716083777 4063
85 -0.5070771810135185 -1.3143043708192028 1559
86 2.808473057707216 1.216145354990354 1958
87 -1.2886375402996204 1.3297920573983417 4196
88 -0.8891502688009206 -1.3982730784732302 2448
89 0.7602170784804279 2.643757410877901 2697
90 1.2209980726176028 2.8684772769633966 1726
91 -0.3962502510258562 1.4494151963811082 4023
92 1.083775438867348 0.33823585654340793 4607
93 2.6686389878657373 2.253734630491007 1450
94 1.3186931900038412 3.488930861591868 3225
95 1.401147346894232 3.0203852499679056 4169
96 -0.8333070400930397 2.9889459750243854 2762
97 1.0461335457836816 2.4435941130887264 2356
98 -1.1400210940000994 -1.1288782272908902 4777
99 -0.1627674008689129 1.0771618582352984 2824
100 -0.4870453792762893 1.6153223929444682 4910
101 1.689318927939625 0.13241639304105168 1609
102 2.9440864753997036 1.8665354544237944 4904
103 3.317028089834749 2.1187033266580593 4387
104 -0.8172614316407425 2.159845864951455 2771
105 -0.7222208889193555 3.3762204901206383 2715
106 -0.6071622817897558 1.9445708182906638 2977
107 0.6714238278687725 -0.10095548603036482 1630
108 0.06559452731616572 1.5652645105546463 1297
109 -0.8027928510388179 0.49222988566031844 3400
110 2.65444228884363 -0.44368331342974254 3153
111 -0.8657637989758161 1.5751942985105611 2689
112 -1.0425083251513363 -0.6816698556354209 4947
113 2.2233344110435853 1.9468745418249074 3956
114 -1.0012141356527962 -0.9227051253383401 2755
115 1.3759777583610233 -0.991736560099913 3888
116 1.2747038897540712 1.5950500736334123 4732
117 -0.055695784458483395 -0.44054601253122444 4977
118 -0.5098532636879916 -1.4990584095520136 2367
119 -0.767875322465637 2.5260423015451146 1308
120 1.5554577191203567 -0.24342339150842612 4059
121 0.10463366377951513 2.1426521602265978 2746
122 1.9668482543611696 1.4136706973499167 3891
123 3.397161019146461 0.02502538468639436 4810
124 2.2816503295662662 2.5779606362117695 1928
125 0.30945495000357454 2.0372537622912175 1716
126 0.9407882344213985 1.6461768910846954 4032
127 -0.524202415855385 0.7157308399432234 1323
128 -0.3832688490768395 -0.31395895008082025 2953
129 -1.1578485914609036 2.447858997172687 1035
130 -1.8759012946393556 0.12379486124459012 1716
131 0.8249768602889211 3.1764504483568694 2816
132 -1.7380062398060434 0.9849567529578923 3582
133 0.6394042005933666 -1.3657605824888988 3812
134 1.7841958451547955 -0.6857132928916564 2343
135 1.7155249155211925 0.7447910558303702 2240
136 2.1553152170742496 -0.1654076905071229 4627
137 2.3959485837358816 0.30532188617147304 2386
138 -2.2737793723946673 1.1187662595257566 1105
139 0.9378596175903045 0.7180244474644526 1134
140 3.3960489187266245 2.842024332426679 2994
141 -1.7199154532886494 1.2243263063599266 1047
142 0.3368246813001802 -0.32137481894294856 4481
143 -1.3054266879298413 0.07722638987615855 3474
144 0.4402852400088754 0.8336120523890485 4837
145 0.5001111594772832 -1.471013633180464 1113
146 0.8680060283285833 1.4149774386326008 3968
147 -0.719476775633916 -0.6766765484584889 3733
148 1.6758477818479889 3.307817832706915 3386
149 1.070963750683605 3.538228061518739 1266
150 1.1280215871753492 3.4321528377502726 4217
151 -1.4444494599234077 0.42942806787272886 1253
152 2.110368569681662 1.4110707616846418 3469
153 -0.7416259683030021 2.2822212519304026 2769
154 -0.4204897993499097 3.264435778351738 4088
155 -0.6286648321738426 1.0550814608862282 2004
156 0.4628098547378808 1.8707876691819285 3187
157 1.797789129076706 -0.5549866935042094 1417
158 -0.07380157628793259 0.1447712503794562 1481
159 0.07861632848775604 -0.9275650815724565 1431
160 -1.7511111004434932 1.4300717984859905 2573
161 0.04810737169097261 1.7933713915843603 1691
162 0.06852606921838263 1.468496876014305 2875
163 0.8375002356456404 -0.4468478648079291 4725
164 2.128971042170193 0.15026312259059982 2965
165 -0.08175922202727101 -1.469456504075751 1659
166 -0.4278469744513764 1.1143844862592012 2418
167 -0.2552565736656529 -1.358295685261343 1678
168 -1.3861737075285827 1.1588507971997704 2004
169 1.6102778427880786 2.7635417701330307 2362
170 0.7121698991070848 3.2163559530778407 4957
171 0.2689143348614651 0.534301800904071 1410
172 1.351170056499616 2.184637167724655 3986
173 2.2830015786771605 1.4918907976217957 4555
174 -0.7444820247035212 0.2708698568286327 2898
175 -0.9530742507588095 3.215583518100095 2422
176 -0.5612420595832943 0.45486927169872576 2132
177 0.5081975277855114 -0.937137895741689 3670
178 2.206677958900931 3.0298321881594084 3996
179 0.6156000517625283 0.5761931451987716 3697
180 0.4653109128832299 1.450228098071649 4027
181 -1.660033057384588 -0.16644105453391497 2852
182 0.09959957104088003 2.0013919454226397 4128
183 -1.5321009296383445 2.387711405951551 4259
184 2.8360754437738662 0.209725022877912 3474
185 -1.7195592743486932 0.34299976519443215 3490
186 -0.794516482228524 -0.0436157275254092 2210
187 -1.2838147573570655 2.59737243340054 2222
188 0.1633846196641589 -1.5979112582762578 4727
189 1.6103899343451462 1.7859271671696482 4855
190 1.485798394734 2.872900886925093 1446
191 -0.10226529334101762 1.8779513743856873 2646
192 1.124192357973138 2.2602656696108943 4335
193 0.02890224375949019 -1.1776400571188854 1902
194 1.04566147917326 -1.0067591173755455 3524
195 0.24086979925275628 0.2700289973898403 4735
196 2.316783202374961 -0.07852713911853879 3564
197 1.3345461495084756 0.30407181362836033 3326
198 0.3595805901230107 3.4258890515450133 2088
199 -0.256080699361797 0.7509277142826826 2845
200 1.3196657187770624 2.72454642724796 1187
201 1.0649407913036453 -0.4257810447310319 2260
202 0.23106031036589836 -0.7471828120798626 1379
203 1.925169701185973 -0.30897501729713106 2291
204 -0.17866547155865722 3.414271558375765 2660
205 1.359000494891133 0.6613639076123041 4767
206 0.9207105256444577 1.2442127717817724 2126
207 1.7435239205985564 0.8747259157678988 4233
208 -1.0568924344827617 -0.2867597026310463 3562
209 1.5930459103924495 -1.1135056316318677 2826
210 -0.5494256523505973 -0.9194987027752934 2405
211 -0.2260478460968726 2.988146718206572 1900
212 -0.6408560901610567 -0.30878382879269733 4316
213 0.7593090469903488 0.17073863121213165 2271
214 -0.6173590902350546 3.191033438655412 3891
215 0.9411145708958436 -0.7281793242001816 3887
216 1.6816312728090754 2.545000715451632 2630
217 2.476789711125074 0.5527072134131671 3663
218 -2.447140873220985 2.3312538123239697 4818
219 2.357372499351911 2.307450284539815 3642
220 1.921592848981005 2.880293755355798 3350
221 0.018047212907615413 0.6302260365316285 3108
222 0.38748676573408464 1.101234649454429 4720
223 1.2890445687583127 1.2134415272514532 1999
224 0.556948530934571 1.2229870885607124 2339
225 -1.7651581398480718 1.149756498921166 2653
226 2.6295533602565437 3.2178484575140325 1672
227 -0.03412166138712946 1.2500706628465612 2869
228 0.6760874485425791 -0.8425221985226528 2773
229 1.2503472436309522 3.6539974301057363 4022
230 0.9668311664875305 0.9219340756473401 1345
231 2.417576294590045 -0.5657918223798604 1879
232 -1.989275428891892 -0.5736896542413719 4213
233 2.1406537427947336 2.3066898813798518 1924
234 1.235263151253251 -0.3103199541772181 1169
235 2.631656918161598 0.28997005133282555 1810
236 0.08432242626431337 3.2821932426460236 2676
237 1.8753091266396011 -0.4304529761003647 4476
238 2.469785858996844 1.8899493232604299 4590
239 -1.3519324657727751 2.863014377868806 1192
240 1.212217324593888 -0.7868795294080142 4717
241 -1.1580794791438702 0.5020782966059519 1840
242 1.5810044295668422 0.36106787729337664 2055
243 0.5651319619663833 0.04634987908682006 1213
244 -0.7320164093613407 1.800152841358388 1527
245 2.114035891276066 0.2848032762130457 4585
246 3.190836190574407 -0.8837239423803276 4472
247 -2.5969176910958205 1.715311365980328 2702
248 2.7305123046969997 2.042632863472415 4150
249 2.306854622253023 3.066391008023827 1601
250 -0.26449740757793716 1.3360276299513558 4398
251 0.8499791970379994 -0.105167091322704 1489
252 -1.820958539479683 1.5811740319125835 1161
253 -0.5085699651186613 2.6205384175112787 4342
254 0.9886277726647854 -1.2796891941119664 1249
255 -0.46017718533697605 2.3008936620467852 3799
256 -1.1464383748397162 3.0472327772367453 1475
257 -1.099776287348279 1.5619859358702026 2604
258 -1.3160348503082253 -0.7652541462965363 2595
259 3.00851313936938 0.43071380668665 1237
260 0.12653012453304868 2.686566580250313 4663
261 -0.3098492089447336 3.966661697611805 4317
262 3.073239725240076 1.7386799939096693 2934
263 0.5471475706825966 1.0702779754834186 4561
264 -2.432517052898849 0.8382657936293008 3353
265 2.2314934581045955 -1.5069761293697261 3484
266 1.9504286509081745 1.1327128960801136 2420
267 -0.07624917844021004 -0.14186457847058295 4718
268 2.0162287282751215 -1.460812858026405 2310
269 -1.0394611678297685 0.8208224785605264 1133
270 3.0214785394186165 1.596673132342324 4615
271 2.187018252494984 1.1410895084236534 2938
272 1.4723184678977514 0.830513032049352 3949
273 -0.19447097220295792 -0.2602958521446376 4814
274 2.7665213875227272 -0.28678101586190535 2003
275 -1.149983517090301 3.2503056211212584 1258
276 1.548025074525893 2.406196820168301 1035
277 0.1941780004855483 0.8992314643090467 4700
278 -0.31540146625044174 0.06403560035679685 3088
279 1.3861132647958765 2.5649531779543517 2534
280 3.1220203216004454 0.9259562229580023 1610
281 -1.8518150635131059 2.4590273137616836 1160
282 0.7444665378467097 2.4080613077058617 1217
283 -1.1245919463654344 1.8641005280954221 2026
284 1.0536653724765728 -0.8309884997470354 4929
285 1.8948254016101294 2.5013565339965846 4982
286 1.0725257338037688 0.11878923205609522 2702
287 -1.7798333313441668 -0.16792229264120856 3120
288 0.3279186130677575 0.10967216192744608 2160
289 -1.6600986315568849 0.6042730226940339 1086
290 2.3831234906147354 -0.349518229952731 4989
291 2.59413443152896 1.0404875519699448 1493
292 1.3357335547758067 0.0653521038984794 4100
293 -1.6209626496866694 1.7911027451588837 3606
294 2.7727400118151646 0.8274236767538489 3052
295 1.8724799103671792 2.2432582380818733 4548
296 -1.1616503835002239 2.85607208149922 4486
297 -0.788975984519972 3.139930883157583 1652
298 -1.0204440567594606 0.3068019415120553 2156
299 -1.8180328045749923 2.0439217392608366 4648
endpoint1 endpoint2
192 219
34 294
195 227
28 285
75 104
30 41
57 262
68 144
159 251
77 114
61 195
231 284
130 176
163 194
276 291
169 175
133 268
262 266
31 80
5 237
76 88
27 144
40 104
39 144
243 269
96 158
170 182
92 120
87 132
81 197
71 78
13 258
62 279
32 273
59 71
137 144
42 245
72 125
44 273
97 220
211 256
179 224
59 162
88 128
45 223
203 294
77 107
114 298
147 159
134 242
138 241
81 139
49 299
141 283
115 194
161 170
153 296
109 255
271 272
189 272
30 230
53 115
83 255
156 223
52 151
66 93
79 250
84 120
44 77
218 256
132 239
79 224
3 11
155 205
168 179
117 240
91 101
205 213
170 229
23 197
78 190
29 62
164 228
19 292
22 142
89 269
189 236
45 242
150 200
51 126
16 172
126 219
42 169
13 44
46 234
10 234
47 99
39 134
13 143
30 86
115 120
75 279
190 191
120 290
89 116
27 31
34 238
159 277
77 277
135 194
27 291
26 56
69 255
192 288
180 278
7 225
1 58
43 255
134 202
37 77
75 150
78 129
179 289
211 277
30 282
25 113
72 87
36 37
189 223
201 272
85 241
201 243
98 155
197 290
110 235
126 257
0 149
111 281
127 260
157 243
57 243
124 148
156 225
111 263
84 201
129 253
23 219
120 245
68 297
115 179
16 132
44 141
272 286
48 72
27 70
2 247
38 84
84 157
19 280
197 213
158 243
236 297
110 136
112 231
225 244
178 192
277 288
107 165
40 225
130 168
168 267
60 252
77 164
117 161
58 128
39 146
33 242
1 294
86 135
283 286
35 125
24 54
41 217
30 84
42 233
157 230
139 144
22 185
5 159
231 291
144 298
11 127
114 133
50 142
124 137
129 293
27 196
112 143
8 284
225 299
31 257
23 164
44 162
60 260
14 159
34 136
142 217
10 12
16 183
197 248
86 164
100 214
2 258
16 77
35 251
71 162
125 177
180 215
89 113
124 170
190 279
168 181
134 191
17 226
206 227
174 244
83 289
68 128
34 272
153 176
121 221
8 259
33 57
234 273
63 90
184 196
80 252
84 137
106 154
108 119
222 251
82 163
155 174
64 78
164 271
188 284
38 159
257 273
99 171
8 234
191 204
139 279
39 158
84 230
156 206
66 76
95 180
174 277
58 81
43 262
81 207
32 289
0 182
82 288
16 112
47 56
93 231
92 267
37 75
34 95
35 87
77 228
58 284
21 136
85 292
131 297
63 216
205 274
75 238
55 282
13 210
110 157
217 234
109 257
126 192
199 250
108 282
253 276
117 188
223 240
177 267
35 233
134 268
92 216
58 88
7 269
258 267
92 246
206 237
16 119
35 92
171 180
99 156
7 127
17 282
12 74
11 243
82 97
107 240
49 104
106 107
34 149
31 207
22 293
35 136
0 102
35 51
223 249
187 220
201 250
78 124
151 158
144 171
6 233
78 197
111 153
50 271
208 287
83 250
150 173
104 172
199 295
140 262
214 261
170 178
8 254
49 181
234 251
12 107
71 74
37 125
131 248
119 275
84 184
174 243
211 260
48 285
242 250
192 204
32 176
60 161
172 196
183 250
291 295
65 285
83 183
237 265
142 258
152 223
45 245
108 213
40 281
17 146
172 226
62 169
164 292
250 253
238 295
1 146
121 173
79 198
137 286
128 298
93 216
43 206
36 130
152 235
90 230
81 270
86 156
9 96
60 100
12 120
195 213
42 248
121 256
69 121
39 260
155 267
56 162
97 261
8 209
107 238
14 66
19 161
195 251
24 84
20 154
35 182
59 149
112 158
48 94
108 263
191 282
79 161
61 203
9 296
66 182
126 223
48 180
113 122
54 298
208 269
80 141
143 250
155 160
31 104
35 109
95 275
142 242
61 159
137 188
34 234
174 283
62 156
164 279
55 149
125 162
166 212
57 238
192 292
28 237
120 268
32 292
109 159
20 187
22 163
66 253
50 152
264 299
100 146
46 134
20 298
58 177
82 126
265 268
189 219
199 244
117 186
163 195
145 157
124 220
116 161
30 93
189 280
111 146
50 274
4 254
71 291
62 96
2 191
17 125
26 160
92 284
115 145
66 244
94 125
43 99
132 269
69 270
14 76
175 257
263 266
157 259
79 272
279 295
40 185
24 284
56 252
102 124
166 266
89 217
227 264
43 186
232 264
176 224
35 144
30 68
101 163
37 190
139 263
31 253
282 283
76 187
3 237
223 292
25 152
8 224
18 219
114 167
109 145
195 200
37 271
85 202
160 299
14 206
180 242
216 224
150 255
194 196
61 101
155 224
28 274
160 257
174 241
135 224
37 69
116 227
113 295
29 63
70 106
194 254
214 229
227 299
44 293
178 294
128 272
51 89
27 254
193 234
198 261
142 221
252 287
142 298
99 269
49 202
222 244
20 225
3 107
156 213
53 196
101 271
78 111
47 78
236 252
42 220
66 113
209 242
166 211
37 100
57 235
38 263
7 111
87 241
117 278
154 256
123 274
29 149
12 243
211 216
116 234
171 186
58 197
60 289
84 294
185 212
132 281
58 273
119 155
152 276
142 267
200 270
86 217
54 185
143 258
102 203
79 298
167 228
119 175
11 139
189 285
220 259
67 213
80 187
67 265
139 152
194 292
78 139
73 192
186 213
167 288
112 298
68 296
105 239
23 267
35 161
9 182
140 249
6 190
6 259
297 299
141 263
39 95
85 145
275 299
42 63
16 191
7 71
101 184
40 105
189 278
63 150
206 207
240 245
129 221
23 251
33 94
182 255
293 296
185 252
7 212
37 260
62 239
18 259
91 111
22 49
82 228
91 230
25 90
104 222
207 267
71 222
8 39
148 179
44 139
230 273
29 36
147 158
39 84
160 182
228 234
57 171
148 153
250 276
158 245
202 234
52 76
196 199
15 195
222 233
79 223
0 263
228 240
92 181
106 146
113 280
120 173
54 199
11 14
33 125
226 238
213 274
13 288
155 214
104 281
12 130
176 222
142 228
109 143
59 121
21 67
173 189
20 40
0 190
71 215
48 204
127 230
121 222
136 215
64 276
51 208
165 241
35 266
45 122
205 282
121 192
90 222
48 91
18 28
52 232
114 232
146 277
53 81
29 293
96 183
203 266
242 291
104 151
133 263
126 162
210 228
203 221
99 168
117 222
40 125
23 108
12 151
168 187
167 221
27 189
3 25
69 101
133 203
166 171
104 204
174 254
58 195
123 266
10 174
84 169
73 255
219 229
155 293
116 146
147 267
107 115
212 240
215 222
31 199
197 235
148 149
36 175
13 36
122 163
51 282
19 248
24 237
12 176
99 209
110 113
15 56
122 288
71 294
127 142
234 243
81 193
64 135
68 80
100 176
150 260
39 242
15 38
38 278
172 182
32 194
41 249
12 194
56 147
8 171
91 153
0 216
263 295
31 283
42 152
126 202
122 170
58 167
108 272
25 99
56 223
74 194
42 162
183 275
43 48
1 259
33 241
111 289
224 273
105 170
58 98
229 239
91 287
123 290
41 216
139 147
14 203
16 230
94 97
22 55
67 278
63 275
147 186
13 197
125 139
0 70
120 227
118 132
193 243
35 263
33 190
138 252
106 127
247 275
203 234
35 57
27 116
5 201
208 255
3 64
74 205
25 263
212 285
14 15
23 242
105 282
101 137
55 126
0 154
103 219
141 166
32 208
102 152
166 182
22 171
161 256
54 128
87 210
159 234
110 177
265 290
54 71
124 238
2 121
31 279
98 165
155 161
76 174
119 200
64 236
12 24
25 143
15 132
181 241
9 197
191 213
21 173
12 118
145 209
84 205
30 152
69 99
97 227
57 286
25 42
32 215
54 155
48 126
122 221
64 184
9 266
268 274
117 145
10 182
2 251
114 225
57 157
127 221
51 284
171 286
47 117
56 218
129 175
197 243
38 151
47 83
121 297
76 131
92 126
39 103
135 210
31 154
194 288
69 271
151 239
1 42
205 222
131 152
8 280
162 243
40 269
32 186
208 228
183 252
153 171
64 282
131 190
107 128
47 235
67 146
56 278
22 284
21 114
107 166
7 67
80 144
40 109
198 295
126 271
241 253
76 186
101 263
119 244
245 266
160 298
83 227
99 132
281 297
70 83
72 249
79 286
177 290
100 237
93 140
79 189
28 172
198 260
53 84
12 47
113 229
177 232
189 200
232 247
212 287
227 276
51 155
261 275
135 179
65 296
49 54
53 197
148 233
108 138
83 97
176 210
82 266
97 290
91 221
105 187
200 216
135 192
66 201
144 292
193 208
184 251
195 212
136 245
42 249
59 83
70 195
121 263
42 277
48 192
111 252
83 206
27 222
118 157
14 67
5 22
62 89
136 272
106 255
11 37
0 206
43 169
29 170
128 199
51 69
176 278
198 244
8 135
31 224
178 276
228 286
74 259
188 287
79 244
50 165
83 241
4 240
116 285
89 154
185 288
168 296
33 70
60 193
8 243
62 126
163 176
115 139
179 245
