nnodes nedges type
300 1000 graph
nodename posx posy weight
0 4.84143684514512 6.132736333532032 4032
1 5.459321466238349 4.9322877660536095 1864
2 3.14959210482024 3.7459179610694435 3822
3 3.337077412307819 4.516449629080187 3446
4 5.798797824960459 3.2939214454612866 1198
5 0.6687224529724602 5.002472896862915 2118
6 3.869208258951712 2.614404767117019 2216
7 4.11899326920405 2.2727997630046053 1405
8 5.587904979436028 4.163887997952049 4815
9 1.8708164585720315 4.450324489950799 2158
10 1.841196659058831 2.651504122554925 2112
11 5.467944384413099 4.342245526737443 2987
12 4.180991913800294 5.144259277716631 4486
13 3.844787067259292 6.680990629313913 3669
14 3.062192884101164 4.428535405343857 2452
15 4.566000625283757 5.694694087544795 4464
16 1.747353950866964 5.1328652705536815 1015
17 4.589403091807399 6.0035132859947895 2137
18 2.1741923989904506 3.02893276736136 2233
19 3.9792017451288535 5.56116079057072 1943
20 4.8103176255229325 6.951298760450203 2313
21 2.5545525446475237 6.494810575469211 2118
22 1.9648161920350067 5.514957255226553 4706
23 5.192610121380055 3.3817715149266134 1696
24 3.6908005623101263 3.087370251257953 1600
25 2.765370152280212 4.870246770908319 3791
26 0.8991589331664703 5.272330917887104 2110
27 1.4510214305136673 3.911401686027908 1653
28 3.7729451611319225 3.377854122058971 2232
29 4.234221062412867 5.133143627677939 2156
30 2.5887995825371655 6.853935019999867 4326
31 1.5964025630974665 5.04504902869423 2416
32 3.7100257905225775 6.0657943802505665 4287
33 2.64683173639022 5.098681775710104 3761
34 2.0839948758445295 5.05360658754353 2179
35 5.438274085374124 3.4079279565732925 1541
36 2.800664052974618 5.1774447100930026 3101
37 3.5263971500705793 1.881802084073347 2480
38 5.489272082980418 3.7220664213674226 4043
39 3.0049300448823852 2.579673616513091 3279
40 5.7147383207649725 5.231658741850925 1996
41 3.4714223625145815 6.499271336181434 2446
42 4.976960518508263 2.4541721285492497 2713
43 2.3478922587791264 5.917563443108148 1855
44 2.426282993290883 2.1572916220435485 1658
45 3.5939482736948682 5.530075595730967 2510
46 6.266632193023952 3.783279760977458 3141
47 4.388017861946107 4.4385389659005865 2180
48 5.475265389958174 5.261172503974993 4137
49 5.419258314189624 4.714119531197258 3255
50 4.947237552650465 5.985480538029374 1446
51 4.850356495984235 3.2850748449685225 1473
52 4.725737336885171 6.446297578718615 2658
53 2.2485868630996486 5.322028054883406 3849
54 2.2329076836587864 2.5246242177288107 2774
55 3.532584273648582 6.248681112672087 2189
56 5.393863111723134 5.477671743409567 1530
57 4.488524554142124 5.454171821994864 4290
58 3.122743731273728 5.591467535683405 1678
59 3.4988721651020236 6.032175951655354 2095
60 1.9348388093132343 2.8371972639061758 2995
61 3.1282075257612236 1.9312469307277806 2873
62 3.3694540933622465 4.106493261705709 2433
63 3.5775722848162106 2.371258324169576 3209
64 2.33528006601205 4.743275354507127 1675
65 3.937590565727016 5.010007467306995 4062
66 5.748960943506969 5.481005739572773 4342
67 2.7535529923240785 2.8764447273147518 3313
68 1.1480943943670257 4.393644376315143 2271
69 1.8074355919608587 3.281094896581329 4620
70 3.788000834937685 3.908553278340031 4343
71 2.657236926200858 3.976459448912826 3306
72 2.767648316786404 1.8956663360561312 4094
73 3.2435556297890495 3.6037425950185598 1568
74 2.5025416800841893 3.5858414611718494 3008
75 5.063021264473683 5.046757370861511 3376
76 5.0162142700038315 3.0221326748937614 2372
77 4.171920570449265 4.13490152456382 2728
78 4.491964571940545 1.91706820765245 1964
79 4.977875451560128 2.0731780412739376 1759
80 2.2646472928203676 6.315269191931356 4141
81 6.240082123892902 5.024961138588027 2448
82 3.221300492084683 2.9435799078740623 3308
83 1.8389007973233067 5.435648008488115 4437
84 2.804061687798061 3.4353777235950798 3021
85 3.4173327350367417 2.459037081086205 3523
86 5.8914912815313105 3.4645276556640217 4433
87 3.7459221503152182 5.10502656738439 2438
88 2.929951668654691 4.083021532797762 2560
89 4.204835911417721 2.5372929763144403 4555
90 2.2125058919574774 3.6002694096236443 3613
91 3.8332945784024015 1.5560229471096487 1919
92 4.5110810542504085 6.5240897974913 4139
93 3.855179506939221 4.794213524271982 3492
94 4.96721431998087 2.7848904040256373 2397
95 3.2232366032340662 2.580213458532065 1004
96 3.1585386941075315 5.252880390282571 2682
97 3.151683326043112 4.146910357968653 1548
98 4.7876372920725085 5.616799421781782 2645
99 4.081244166975798 8.260265648015501 3937
100 2.557437011248044 2.3931098076367903 4847
101 1.5678123534354567 4.141433460614715 2111
102 4.673573366470789 2.0785302519307005 4993
103 1.4635000076072904 3.5855224462612028 1040
104 2.8868011168201706 3.8026216319404895 3921
105 1.8469347606139912 3.5075291055359155 1919
106 2.8354841629066128 5.884876820479775 2541
107 3.075023784015467 6.992378914590516 2153
108 4.759775239860215 4.070817599097432 3398
109 4.222056007183814 2.907383247542477 1977
110 2.317107177186065 3.8110761451035366 2631
111 4.554705736579833 2.9372818765662227 4430
112 2.300998053697154 5.698754726475246 1820
113 1.2829793377240797 6.043492274963283 2337
114 4.122223826845715 4.724327368012628 2321
115 6.0340491256256445 4.689564855717933 3986
116 1.9692456786214538 4.388414836481624 2468
117 4.837159359279236 4.799219835472876 1277
118 5.524595718310332 6.294588463160845 3342
119 1.4477595029055044 3.1538028044506023 3479
120 2.697663742105916 2.9585345440086854 4546
121 1.184561417868415 3.5611169339045325 2045
122 1.3744570702371497 5.265012762859649 3427
123 4.257692727797317 4.634179699310351 2401
124 3.821138148330149 2.0116116320165056 1622
125 2.624916532969539 1.8692003384026776 1742
126 2.934044967367572 6.264476116366972 2551
127 4.6043344205828785 5.82062696770333 2311
128 3.6274215893326462 4.714742880885428 1283
129 4.651099389988272 6.63310827495834 4644
130 5.2918689518274835 4.550743925245905 4058
131 6.425267969668395 2.279468505488287 2893
132 1.5197525577144737 4.998370620331197 4524
133 1.5699265459057026 2.9156366834140104 4964
134 2.9494071051198265 5.57909897192951 3407
135 3.1604514404666206 2.120053015054403 1710
136 5.789753055503692 5.8516042655633065 2414
137 3.0868307689159793 4.824882180143273 1969
138 2.6029704848680906 3.3236175065737226 4711
139 3.31944728996065 5.019097862728503 4582
140 5.418376960278403 2.5349275552828865 1511
141 2.4459891339420086 4.429357711239304 3596
142 2.2912590150467502 3.4552868062574915 4941
143 3.054811196529204 5.364848667063035 4949
144 1.889942737091899 3.7402392166585887 4543
145 3.7313699684701436 5.336483087654294 2161
146 2.741188370055473 6.028111782286945 2925
147 5.687395848375353 3.2035662125361517 1034
148 5.190585428529499 2.612084936085664 3759
149 4.290674211602273 2.1209525566740144 2623
150 5.088391273748986 6.538907545173224 2499
151 7.166640220565306 4.692368963520585 3333
152 3.2831848520380906 1.7916881182975493 3842
153 4.061964796151683 6.057239666887047 4237
154 5.930794699265703 5.044729012902976 4739
155 4.547633786741799 4.0647305107810725 3028
156 5.1351804291815695 5.946446729400525 4086
157 3.514387668314361 3.225036874140819 2474
158 1.4701351437754235 3.0450892532631815 1943
159 2.1625674770172716 4.7919796921949755 2464
160 4.545085601117602 6.144308288181116 3716
161 3.05301236801939 6.397274290945925 2176
162 3.4293219147064042 3.130658176809725 3319
163 5.088904358728455 1.5585607452932118 2654
164 4.166999189669601 3.123975767853647 1501
165 2.4828855130540353 4.1264368011628445 1519
166 5.414115937154545 4.040151973746673 4021
167 4.038628991277895 3.325728592286212 2607
168 3.8255142481219 5.670504116128656 4991
169 3.969647525308424 6.912406800256168 4175
170 2.6415301841103918 2.2108055467354686 3204
171 1.1158352261488171 4.28767672992617 3000
172 1.9513967085255575 2.0640021559509925 1295
173 6.023084076327663 3.031834840369774 4554
174 3.725497932797815 2.297378454463229 3609
175 3.3678440349455503 4.73951522432637 3698
176 5.3873467118008564 2.47816378096092 1342
177 4.911084090894249 7.024822384726534 3166
178 1.8732010591235246 4.760720057968847 3164
179 5.833749568336805 6.993550090321995 2595
180 3.559281737250655 4.40430768026352 2419
181 2.1028789081448562 5.976193431375998 1332
182 3.914863819617294 3.6642159165530575 4327
183 1.8505747500031602 5.5383945646996535 4442
184 4.390555106788176 6.737037214222532 1845
185 5.256438724949423 3.0909251374828184 3978
186 4.705471240389454 3.8096631588569543 2215
187 4.997945585537037 5.453274075853691 1602
188 1.2716237173783 4.729027526002421 4115
189 4.009073319087703 2.965705149515461 4884
190 5.656086402464109 6.485320469759328 4429
191 4.7015321735168385 5.399933376880204 3143
192 2.9128593924587918 4.517360716554137 2721
193 4.000125826374861 6.25807537252227 3751
194 6.400377161494279 3.8929192800435684 4588
195 3.1259219220216923 3.4350424549921614 2413
196 5.580636086826084 4.687753420164176 3185
197 4.272842222022322 5.984963573320616 4803
198 3.727608897220874 5.835550363983212 3454
199 4.8217347644743 3.4920649301420914 2482
200 1.8922447851062432 2.39998644553898 1340
201 3.0159103672036167 3.1604183537440886 2337
202 2.563446545554913 5.8993451551407565 1114
203 4.320707675291059 3.143183587504377 4042
204 3.4447520075559486 3.782001413712584 3911
205 5.348096027313688 3.7630132218058243 1523
206 4.297999760926594 6.937725607880773 2108
207 1.4972100282121672 4.763735517915497 4370
208 1.240252871937388 3.188688178290412 3584
209 6.434871270468403 4.321102803993258 1443
210 6.151171852930871 5.065232198828646 4221
211 4.578906335244224 3.1487941802640607 2070
212 3.604691667790305 1.7295985511994223 2756
213 6.16185035100815 5.449757754443534 2529
214 1.4857193396987785 5.48448772244136 1653
215 1.9062301423826546 5.846276805871178 3958
216 4.086524876738138 6.466285949818319 1978
217 2.680764401685847 6.650224367935915 2386
218 2.3281905484452663 6.476405065803964 1541
219 5.919963674955443 6.006532762084205 1884
220 1.8004816027386579 6.345813478175092 2490
221 4.2897220192372085 1.9053617953748068 3649
222 4.6771932330369745 3.4980218619448653 4482
223 5.899697109293771 4.0631247716574315 4476
224 2.7788157767223294 5.398563616717769 2082
225 4.761782039640001 2.525957474819465 1421
226 2.484529560802106 4.820564265678442 2934
227 3.5615597585976664 6.9932855136826095 4326
228 4.217544154931235 5.335415913695677 4223
229 4.6387859123874176 4.368190174657477 4328
230 4.1124811524220455 3.9515968635304066 2553
231 2.8843658411628175 4.192139360840008 4324
232 2.126599088400844 4.026926770577353 2534
233 2.5820804028558504 1.1848541885305413 3353
234 0.9969518350951123 5.410182360210155 2317
235 4.799472720798837 2.4351960012084573 2762
236 5.86128926115647 4.5052076128106835 1184
237 4.57705685556961 5.182772654034717 1566
238 0.935648058248644 3.5271475668857284 2034
239 1.661754993411315 4.889999502605816 2574
240 4.4523300220919975 4.046075232234425 3234
241 4.143711734824199 3.5093981245297265 3589
242 1.0382650388408978 4.0661210034222615 2803
243 1.8687780928658302 6.088911485658508 4410
244 2.0060550159133492 4.706622375371265 4187
245 5.155858747580069 4.942461835474517 3008
246 4.766741541520056 4.560973236417526 1281
247 3.503649263621886 5.10577218745217 3958
248 5.623792447436962 3.8632619700978768 4723
249 5.3822139988001405 2.9257229357368373 3978
250 2.5015100059711175 6.4648064586660725 2024
251 4.4074090313883625 3.6189499519233554 1999
252 4.190613593603233 1.717431616841295 2935
253 5.049579283579377 5.199759288679784 2162
254 3.4316401896369824 6.923930931876382 4357
255 3.336670295762784 6.958250444147642 2916
256 5.818392131209178 4.628958026258007 2345
257 4.378861545550934 4.172421902185494 3891
258 4.2405385110119544 5.512368449386793 4742
259 4.355962422682823 2.422913527982171 1888
260 4.473486155996791 3.3251729678437054 4216
261 3.309445194244677 6.181850796239166 4668
262 5.154171025196877 4.0348445204891945 3214
263 4.854609167042093 4.203728859233509 2243
264 0.7369684400996922 2.7843995837336877 2152
265 1.3818110426122854 4.13046381012342 2563
266 5.116404026817128 3.710945173298537 2590
267 6.230711386477999 4.079966271859807 1118
268 1.9875641833782274 2.553054273507985 3143
269 5.082389320886368 4.345910774553246 2045
270 1.4982218136816587 2.864461315863152 2594
271 2.1003057683662254 6.913953719078899 4341
272 3.68491599096021 7.318527016171282 4491
273 3.721290900980886 4.085346896679783 3712
274 4.502381176966555 5.044919543236269 4267
275 1.8597021765714408 4.0612871487494635 4795
276 3.3051452300294524 5.855354429719782 1180
277 3.832729164484785 3.047148600776358 2880
278 2.4530059253235557 2.9053489268398205 1647
279 5.078161029201687 5.800253779208954 4070
280 2.9093972216809703 6.929557189580746 1619
281 5.866032705463116 3.9362589314794856 3194
282 2.2818212913500617 5.469369804777379 1641
283 3.3747645931529435 3.368853585112346 1652
284 5.289470515448111 5.720865126630821 1693
285 2.6432110490031437 4.246240116957172 1558
286 1.6612681311512403 4.543753040996303 2778
287 2.3597620651913704 3.960903728638703 4993
288 3.1885279967703855 2.3965041297959266 3558
289 6.046980878731063 2.595121725918076 2110
290 6.243827149188778 3.108350153226098 2105
291 0.6940477427604805 4.385396483772722 2352
292 2.6875461372574265 2.6190935409752685 1021
293 3.405365374605581 2.8519059151728405 3968
294 3.015728139786537 6.003795990779995 2742
295 3.843741268063343 4.303895547536573 2658
296 2.7325965338648692 3.557696126701385 4359
297 5.310117396737341 5.644695518172586 2097
298 5.938307654114126 4.907622034045346 2673
299 3.2549465135738775 5.914236662692364 4993
endpoint1 endpoint2
122 271
98 102
79 131
33 283
29 256
3 277
153 160
8 168
111 201
4 66
157 186
95 138
6 211
46 127
222 277
63 137
228 261
175 181
149 162
45 273
88 98
165 187
35 240
70 283
36 159
230 240
62 269
97 278
184 274
3 141
58 214
41 118
54 144
159 218
143 188
10 85
134 216
255 258
36 244
144 242
110 171
225 277
119 132
39 85
97 182
79 182
140 205
109 110
19 261
133 142
114 240
213 297
94 176
85 133
1 263
48 185
247 268
166 237
47 90
103 192
210 236
159 165
141 207
64 146
25 58
17 117
12 159
121 282
86 267
17 272
38 241
97 257
43 134
205 257
45 97
161 216
240 260
61 94
186 192
241 257
175 202
13 219
125 225
44 159
3 297
6 205
4 290
2 229
93 164
56 287
75 205
66 186
199 259
200 238
223 262
76 78
29 201
13 143
61 288
199 281
99 169
110 224
100 162
9 101
27 31
107 272
180 250
124 157
92 253
174 249
129 228
68 141
84 295
151 213
147 290
123 267
69 128
73 222
96 222
5 183
148 174
27 65
1 246
111 194
73 175
148 259
65 269
40 297
154 168
264 275
64 202
42 95
215 275
47 86
18 67
163 172
248 262
130 203
215 265
71 83
62 229
106 218
46 163
13 243
170 288
267 269
62 207
134 231
107 254
142 275
121 211
40 266
101 122
188 238
25 277
74 197
92 191
58 128
140 167
33 123
208 285
83 113
135 185
106 271
243 271
193 261
120 141
248 269
4 249
283 286
2 293
235 249
142 226
145 273
69 104
23 89
124 147
245 269
211 284
215 247
29 128
229 281
112 143
109 201
115 222
274 279
190 193
106 126
200 259
41 175
18 34
63 176
22 239
16 183
199 260
67 188
142 195
111 164
128 227
124 204
57 118
167 201
152 233
24 61
87 159
76 283
106 272
16 220
36 279
3 19
50 137
34 207
235 262
87 211
70 105
147 166
59 280
57 179
138 230
185 186
47 299
41 144
25 110
160 164
17 48
94 185
251 252
247 263
275 286
127 213
109 246
77 86
225 248
198 274
3 108
187 206
193 279
2 146
101 268
96 295
95 273
55 116
79 235
73 144
204 228
92 193
59 230
148 211
112 193
31 116
59 220
9 77
60 95
29 146
270 287
98 210
72 278
58 192
216 272
98 107
78 135
71 114
7 249
258 298
132 141
254 285
231 261
65 166
14 224
82 102
7 28
64 258
41 52
173 259
90 192
259 296
89 288
67 73
12 177
120 162
277 293
46 213
15 29
33 96
70 175
88 232
170 260
127 137
36 261
14 36
194 213
121 133
61 116
42 236
118 246
27 171
112 180
28 128
16 134
85 180
240 266
11 94
117 155
0 217
217 243
218 227
13 92
107 129
65 66
45 150
221 231
182 216
19 230
237 249
70 287
59 234
80 181
5 122
186 241
155 284
15 177
95 203
24 167
104 193
73 117
16 296
176 290
88 132
84 285
214 231
93 141
96 196
155 296
40 281
27 119
114 256
223 230
162 231
35 56
67 152
49 93
140 295
164 292
29 117
114 282
0 236
208 278
225 229
40 240
72 293
114 182
114 160
145 197
42 222
15 55
11 267
292 293
159 207
136 244
109 166
24 174
69 121
147 194
83 291
43 117
67 240
206 258
19 161
110 182
25 74
103 142
205 279
115 284
89 273
126 245
83 188
156 298
9 54
225 260
50 92
247 257
112 116
171 280
51 225
80 141
53 120
259 293
11 298
86 151
88 253
49 167
149 289
142 242
83 238
148 221
75 180
161 294
30 153
150 256
37 73
130 230
58 206
167 175
43 286
47 153
132 143
248 251
157 266
21 29
39 71
60 183
128 167
81 94
127 246
63 77
192 240
194 236
6 269
30 286
19 30
208 238
38 81
11 210
54 95
72 91
226 282
126 198
28 95
260 263
18 44
119 170
52 280
79 212
139 296
145 157
83 145
90 232
130 173
17 184
42 91
191 247
6 109
97 138
35 241
248 266
53 156
3 138
82 230
32 197
24 162
207 265
53 134
56 150
11 245
63 195
34 282
55 57
110 170
113 137
9 276
85 277
153 263
34 141
228 246
31 215
265 287
113 282
16 180
13 52
4 223
44 54
140 163
108 246
104 174
50 269
187 257
143 246
74 171
14 281
7 88
59 236
37 152
101 141
195 287
219 266
168 178
3 243
19 45
209 249
245 248
9 71
160 213
80 106
78 185
12 89
62 87
93 139
2 67
17 25
3 294
129 134
19 128
49 240
100 244
104 143
73 167
228 253
51 275
55 202
192 275
87 189
109 293
73 137
241 245
39 62
139 183
33 106
191 195
83 96
39 296
87 274
126 134
37 100
134 296
132 243
37 235
47 180
136 267
103 178
37 78
283 295
185 256
166 290
186 263
34 165
28 263
57 183
226 295
289 290
192 251
116 144
58 180
60 144
43 168
22 250
173 262
20 271
74 84
165 288
54 124
125 283
70 168
21 192
6 104
108 152
58 226
47 189
64 133
91 203
144 192
96 254
68 258
22 161
93 122
108 182
190 237
123 257
10 171
215 255
80 126
224 237
48 87
108 197
91 135
12 222
231 287
51 77
125 238
53 165
59 130
32 156
74 95
196 297
228 262
66 169
70 262
134 139
153 294
13 295
60 116
216 245
2 292
230 293
80 178
60 82
45 77
123 262
23 52
57 58
62 241
239 242
209 279
224 228
97 106
153 168
214 224
2 241
29 187
46 298
192 239
120 199
108 269
49 253
51 241
156 169
56 228
33 146
237 294
189 204
95 152
260 278
47 210
286 287
154 199
101 161
18 63
10 105
102 174
28 100
33 87
80 169
176 222
19 47
130 246
36 278
10 212
38 246
20 40
83 202
175 239
36 75
200 291
159 232
204 283
105 116
88 273
75 127
165 241
71 237
92 150
44 152
200 265
76 248
240 283
54 164
19 130
108 209
51 246
111 196
198 240
199 258
101 291
45 139
72 142
76 79
171 234
233 268
115 240
65 250
78 109
33 104
191 205
104 189
8 70
207 243
229 253
36 285
93 273
86 259
37 233
101 158
1 57
23 74
155 251
103 172
10 68
24 178
23 221
15 160
224 242
184 228
38 195
154 229
11 251
29 260
18 158
27 201
14 104
158 231
266 290
117 147
167 259
156 191
25 112
123 180
196 262
59 143
203 252
17 161
64 203
3 82
17 76
21 107
36 181
223 276
55 251
51 256
7 72
83 107
53 110
50 160
14 275
27 178
89 102
230 288
2 299
154 194
24 185
1 50
96 265
93 155
45 108
23 176
15 87
45 227
117 289
263 295
39 89
36 45
25 276
26 71
110 137
111 176
0 258
38 47
237 299
32 116
83 112
84 235
30 107
28 111
23 245
138 174
158 293
1 11
92 280
180 247
47 162
82 226
42 240
146 184
25 88
105 214
135 231
28 35
79 149
148 189
18 144
45 220
32 191
64 287
6 44
127 193
119 292
106 127
10 287
165 208
93 168
139 293
196 274
111 185
126 215
175 191
1 260
42 78
69 207
11 187
142 192
22 198
65 231
43 207
232 274
120 149
139 273
145 198
82 195
25 134
35 75
32 299
186 229
282 299
71 94
70 205
46 148
44 124
0 93
159 234
90 178
39 212
50 224
91 288
84 172
20 153
70 231
94 148
181 188
48 93
81 129
14 103
223 236
167 260
109 263
22 231
177 227
37 60
11 57
5 220
197 284
73 141
148 246
277 283
149 155
77 175
7 77
39 292
136 297
93 204
11 257
111 285
248 258
129 284
162 175
18 232
168 294
5 119
180 273
82 212
32 215
97 287
20 49
119 121
181 276
31 157
26 33
224 244
192 217
90 189
153 184
29 52
111 225
29 139
28 47
69 288
87 193
8 273
6 268
78 174
33 43
234 291
270 296
174 200
115 213
128 257
226 285
166 274
139 202
150 177
139 297
3 84
155 166
16 188
232 294
74 278
34 228
11 262
85 111
131 267
22 165
14 198
161 274
135 232
170 252
15 81
100 125
10 264
230 274
8 173
76 97
119 138
146 261
124 252
127 218
202 239
14 155
154 190
201 286
4 85
160 169
57 136
40 228
114 204
147 240
94 212
217 261
36 132
120 144
180 203
24 57
249 269
191 219
90 101
9 126
123 292
32 229
15 41
92 117
2 14
84 100
150 254
145 229
195 239
186 277
157 285
88 270
165 244
251 295
160 202
35 176
199 235
110 265
31 62
203 236
8 186
0 247
79 260
162 222
15 245
1 145
28 195
9 22
82 167
137 285
228 279
57 123
138 282
153 226
18 74
169 282
11 266
115 156
66 284
175 276
230 298
93 98
149 235
156 269
28 141
4 257
52 206
6 37
255 284
142 266
15 77
166 263
80 255
203 229
18 24
101 204
133 242
31 218
203 251
119 172
187 284
193 276
12 181
209 210
122 142
105 257
149 288
123 143
240 253
84 106
180 199
15 134
0 48
39 241
245 262
24 182
62 231
220 243
