nnodes nedges type
50 85 graph
nodename posx posy weight
0 0 0 59
1 1 0 67
2 2 0 77
3 3 0 30
4 4 0 43
5 5 0 68
6 6 0 19
7 7 0 2
8 8 0 39
9 9 0 53
10 0 1 65
11 1 1 98
12 2 1 94
13 3 1 95
14 4 1 18
15 5 1 10
16 6 1 45
17 7 1 80
18 8 1 33
19 9 1 98
20 0 2 1
21 1 2 74
22 2 2 24
23 3 2 76
24 4 2 91
25 5 2 34
26 6 2 73
27 7 2 67
28 8 2 67
29 9 2 80
30 0 3 62
31 1 3 7
32 2 3 17
33 3 3 59
34 4 3 51
35 5 3 51
36 6 3 91
37 7 3 76
38 8 3 94
39 9 3 46
40 0 4 32
41 1 4 43
42 2 4 53
43 3 4 34
44 4 4 77
45 5 4 35
46 6 4 55
47 7 4 67
48 8 4 2
49 9 4 87
endpoint1 endpoint2
40 41
18 19
0 10
34 35
1 11
6 7
19 29
44 45
20 30
25 26
21 31
27 28
35 36
4 5
37 38
14 24
14 15
11 21
12 22
0 1
17 18
33 34
13 23
8 18
9 19
15 16
22 32
7 8
6 16
22 23
35 45
36 46
8 9
37 47
2 12
12 13
20 21
15 25
16 26
32 42
17 27
23 24
33 43
38 39
24 25
10 20
23 33
7 17
42 43
28 29
36 37
30 31
46 47
27 37
28 38
16 17
32 33
29 39
24 34
25 35
47 48
38 48
41 42
2 3
18 28
34 44
43 44
45 46
30 40
3 4
10 11
5 6
31 32
1 2
26 36
39 49
3 13
4 14
5 15
11 12
48 49
26 27
31 41
13 14
21 22
