nnodes nedges type
50 85 graph
nodename posx posy weight
0 0 0 37
1 1 0 94
2 2 0 80
3 3 0 32
4 4 0 70
5 5 0 90
6 6 0 96
7 7 0 8
8 8 0 86
9 9 0 61
10 0 1 2
11 1 1 86
12 2 1 86
13 3 1 84
14 4 1 50
15 5 1 92
16 6 1 54
17 7 1 91
18 8 1 79
19 9 1 70
20 0 2 1
21 1 2 72
22 2 2 52
23 3 2 63
24 4 2 78
25 5 2 42
26 6 2 68
27 7 2 58
28 8 2 97
29 9 2 82
30 0 3 91
31 1 3 83
32 2 3 44
33 3 3 31
34 4 3 15
35 5 3 82
36 6 3 9
37 7 3 12
38 8 3 44
39 9 3 7
40 0 4 89
41 1 4 92
42 2 4 34
43 3 4 14
44 4 4 92
45 5 4 6
46 6 4 24
47 7 4 20
48 8 4 92
49 9 4 93
endpoint1 endpoint2
40 41
18 19
0 10
34 35
1 11
6 7
19 29
44 45
20 30
25 26
21 31
27 28
35 36
4 5
37 38
14 24
14 15
11 21
12 22
0 1
17 18
33 34
13 23
8 18
9 19
15 16
22 32
7 8
6 16
22 23
35 45
36 46
8 9
37 47
2 12
12 13
20 21
15 25
16 26
32 42
17 27
23 24
33 43
38 39
24 25
10 20
23 33
7 17
42 43
28 29
36 37
30 31
46 47
27 37
28 38
16 17
32 33
29 39
24 34
25 35
47 48
38 48
41 42
2 3
18 28
34 44
43 44
45 46
30 40
3 4
10 11
5 6
31 32
1 2
26 36
39 49
3 13
4 14
5 15
11 12
48 49
26 27
31 41
13 14
21 22
