nnodes nedges type
50 85 graph
nodename posx posy weight
0 0 0 8
1 1 0 39
2 2 0 67
3 3 0 29
4 4 0 44
5 5 0 89
6 6 0 90
7 7 0 73
8 8 0 86
9 9 0 24
10 0 1 92
11 1 1 87
12 2 1 16
13 3 1 38
14 4 1 18
15 5 1 8
16 6 1 61
17 7 1 30
18 8 1 4
19 9 1 89
20 0 2 62
21 1 2 91
22 2 2 99
23 3 2 40
24 4 2 10
25 5 2 48
26 6 2 40
27 7 2 9
28 8 2 15
29 9 2 30
30 0 3 38
31 1 3 47
32 2 3 24
33 3 3 64
34 4 3 66
35 5 3 56
36 6 3 47
37 7 3 84
38 8 3 45
39 9 3 13
40 0 4 85
41 1 4 44
42 2 4 69
43 3 4 91
44 4 4 4
45 5 4 77
46 6 4 35
47 7 4 69
48 8 4 64
49 9 4 69
endpoint1 endpoint2
40 41
18 19
0 10
34 35
1 11
6 7
19 29
44 45
20 30
25 26
21 31
27 28
35 36
4 5
37 38
14 24
14 15
11 21
12 22
0 1
17 18
33 34
13 23
8 18
9 19
15 16
22 32
7 8
6 16
22 23
35 45
36 46
8 9
37 47
2 12
12 13
20 21
15 25
16 26
32 42
17 27
23 24
33 43
38 39
24 25
10 20
23 33
7 17
42 43
28 29
36 37
30 31
46 47
27 37
28 38
16 17
32 33
29 39
24 34
25 35
47 48
38 48
41 42
2 3
18 28
34 44
43 44
45 46
30 40
3 4
10 11
5 6
31 32
1 2
26 36
39 49
3 13
4 14
5 15
11 12
48 49
26 27
31 41
13 14
21 22
