nnodes nedges type
50 85 graph
nodename posx posy weight
0 0 0 55
1 1 0 18
2 2 0 90
3 3 0 100
4 4 0 35
5 5 0 83
6 6 0 48
7 7 0 97
8 8 0 40
9 9 0 57
10 0 1 18
11 1 1 37
12 2 1 25
13 3 1 57
14 4 1 77
15 5 1 87
16 6 1 50
17 7 1 96
18 8 1 6
19 9 1 70
20 0 2 33
21 1 2 34
22 2 2 75
23 3 2 99
24 4 2 5
25 5 2 86
26 6 2 14
27 7 2 3
28 8 2 88
29 9 2 95
30 0 3 85
31 1 3 74
32 2 3 31
33 3 3 98
34 4 3 4
35 5 3 88
36 6 3 85
37 7 3 97
38 8 3 35
39 9 3 10
40 0 4 67
41 1 4 97
42 2 4 68
43 3 4 41
44 4 4 76
45 5 4 54
46 6 4 60
47 7 4 8
48 8 4 7
49 9 4 43
endpoint1 endpoint2
40 41
18 19
0 10
34 35
1 11
6 7
19 29
44 45
20 30
25 26
21 31
27 28
35 36
4 5
37 38
14 24
14 15
11 21
12 22
0 1
17 18
33 34
13 23
8 18
9 19
15 16
22 32
7 8
6 16
22 23
35 45
36 46
8 9
37 47
2 12
12 13
20 21
15 25
16 26
32 42
17 27
23 24
33 43
38 39
24 25
10 20
23 33
7 17
42 43
28 29
36 37
30 31
46 47
27 37
28 38
16 17
32 33
29 39
24 34
25 35
47 48
38 48
41 42
2 3
18 28
34 44
43 44
45 46
30 40
3 4
10 11
5 6
31 32
1 2
26 36
39 49
3 13
4 14
5 15
11 12
48 49
26 27
31 41
13 14
21 22
