nnodes nedges type
50 85 graph
nodename posx posy weight
0 0 0 17
1 1 0 34
2 2 0 9
3 3 0 47
4 4 0 4
5 5 0 80
6 6 0 6
7 7 0 76
8 8 0 88
9 9 0 15
10 0 1 51
11 1 1 39
12 2 1 43
13 3 1 91
14 4 1 79
15 5 1 61
16 6 1 21
17 7 1 52
18 8 1 76
19 9 1 88
20 0 2 1
21 1 2 67
22 2 2 44
23 3 2 83
24 4 2 16
25 5 2 74
26 6 2 16
27 7 2 9
28 8 2 20
29 9 2 39
30 0 3 80
31 1 3 4
32 2 3 70
33 3 3 44
34 4 3 61
35 5 3 69
36 6 3 31
37 7 3 35
38 8 3 64
39 9 3 76
40 0 4 89
41 1 4 27
42 2 4 23
43 3 4 28
44 4 4 2
45 5 4 70
46 6 4 17
47 7 4 59
48 8 4 62
49 9 4 70
endpoint1 endpoint2
40 41
18 19
0 10
34 35
1 11
6 7
19 29
44 45
20 30
25 26
21 31
27 28
35 36
4 5
37 38
14 24
14 15
11 21
12 22
0 1
17 18
33 34
13 23
8 18
9 19
15 16
22 32
7 8
6 16
22 23
35 45
36 46
8 9
37 47
2 12
12 13
20 21
15 25
16 26
32 42
17 27
23 24
33 43
38 39
24 25
10 20
23 33
7 17
42 43
28 29
36 37
30 31
46 47
27 37
28 38
16 17
32 33
29 39
24 34
25 35
47 48
38 48
41 42
2 3
18 28
34 44
43 44
45 46
30 40
3 4
10 11
5 6
31 32
1 2
26 36
39 49
3 13
4 14
5 15
11 12
48 49
26 27
31 41
13 14
21 22
