nnodes nedges type
70 100 graph
nodename posx posy weight
0 8.435505228574254 4.188082941687043 95
1 8.834293744219066 4.219629087932735 42
2 8.941834793103386 2.944202584675447 13
3 5.263136562149664 -1.6593808266508194 7
4 9.330771338187898 1.1882150706659669 31
5 6.461915288888044 2.7643416383220756 85
6 9.848340962329297 -0.6564670785329809 51
7 8.124793016506677 -0.3489944729975585 49
8 6.247800824126437 1.240283939116895 8
9 3.9915856540757195 1.3530149851836017 25
10 2.7878543601091272 1.8013409173846298 31
11 4.424056710180989 2.458110335331814 67
12 8.009287055751077 1.7121123372963438 73
13 1.9774156727733798 -1.1055536681435305 18
14 7.456803838753076 4.0048156648873485 24
15 5.017123365544021 4.246272082791516 35
16 3.1416255203233017 -2.2150958718769327 49
17 6.628071854280022 4.185066297760187 67
18 3.3690809693318684 4.20994502876814 67
19 4.941089985570528 1.2621262306659446 37
20 6.251466407047199 5.410159194540219 89
21 2.6713089849651177 -0.08441651631037939 69
22 7.923432043107234 2.511250901490104 49
23 6.340418634619118 -0.9485576034006534 22
24 8.414465027134215 5.185076380274611 48
25 6.8902983711685435 3.190269785139074 58
26 10.029418856611873 3.394877146279012 50
27 10.56651559368662 0.7823114688629252 19
28 10.053653363908778 2.403903133464883 63
29 11.067925982153993 1.5824882589500406 50
30 5.906673223383434 3.5797376962908656 91
31 3.5158834103334877 0.5369567628036144 5
32 7.385959221657118 -1.217365216975514 68
33 7.344792655463157 5.814021334640368 67
34 6.57586066118484 2.173756244156903 6
35 7.316895651377968 1.4547065440504725 8
36 7.7839625517259 0.24905460064102622 41
37 7.480626534035815 4.568448749326351 70
38 7.372667854777392 0.9689449531044023 21
39 7.759583019790563 3.0295794978772053 72
40 9.067813264280037 0.38357045029012504 58
41 5.861944901744049 0.4339473196425322 16
42 5.46121560222613 2.870320912316078 79
43 7.341987136282651 3.0924170762901078 67
44 3.95454402943623 -1.4048216727014016 26
45 8.166139978513895 1.3182453815530937 17
46 8.776412744645453 1.1250221354257737 92
47 7.4511331391674585 -0.7422003201677825 49
48 8.976767141497039 -0.3815241604332336 52
49 6.891507323818436 0.4256056628135887 24
50 5.806810417383425 -0.853693448182015 64
51 6.565722349631623 0.33538025469493526 42
52 8.686815574095252 0.16455173402902928 56
53 4.4632659580276695 -0.6382655996843232 11
54 9.843203067362397 1.651750325044115 74
55 6.8782611071895365 2.2424069118659284 47
56 3.7854062406903144 0.6522025309208458 11
57 5.170856514246155 2.215495623934653 86
58 4.756801403967788 3.6851722939529634 37
59 8.868594127793886 2.6058362117883496 85
60 10.008103298746564 4.33841872110562 68
61 9.237820044691984 5.331955994035226 61
62 6.961991037052294 -0.021221157949686965 14
63 4.272189016565732 3.3803100366776855 12
64 8.431981926809604 2.1105170900972667 51
65 9.395319860986257 -1.5384111197685117 77
66 8.134459642438575 0.9961872779145569 85
67 3.474653443284517 -0.06907023341444074 60
68 9.101217530088624 2.7258745266024342 91
69 8.398987164885524 -2.0584076883668305 94
endpoint1 endpoint2
23 51
17 20
22 68
21 56
5 8
35 66
22 55
40 66
15 30
8 41
30 42
9 57
16 44
11 42
26 59
3 23
55 64
8 38
12 22
35 46
30 58
17 39
26 60
0 39
5 14
11 58
64 66
40 45
7 38
34 42
4 12
12 36
35 51
1 60
46 52
5 30
25 30
5 43
4 48
8 51
31 53
36 62
3 44
57 63
48 65
39 68
23 47
35 39
50 62
7 40
32 49
34 38
37 43
35 55
24 37
4 27
43 55
8 19
18 63
11 19
44 67
1 14
34 43
54 68
32 69
38 45
28 64
47 48
59 64
12 25
6 52
35 49
46 54
45 46
4 59
33 37
38 66
4 54
8 49
9 67
29 54
2 45
45 62
50 53
13 21
1 2
65 69
38 52
43 59
55 57
1 24
24 61
9 10
9 31
47 51
17 30
15 63
19 56
41 62
1 61
