nnodes nedges type
70 100 graph
nodename posx posy weight
0 3.135683794173228 8.992559302336101 75
1 1.4981978136454839 5.021475467793381 18
2 3.0083608556185735 1.7425563635541221 66
3 5.709685841503512 3.614057438453376 22
4 4.945710555956171 2.419325276625586 15
5 2.979926890286099 6.651672228529175 24
6 3.8211483772357977 5.602247741583293 100
7 3.9577535746068206 6.912705288399443 75
8 2.352696887715655 3.693015488665664 67
9 5.709625073924071 4.42084758356411 76
10 4.6529819466769435 3.8771934804751242 47
11 0.4842601449112805 1.4921519164004453 14
12 -1.106402104004795 4.373012717778208 85
13 -1.0529223563264198 3.7393058921722453 73
14 1.5166358993900273 2.0077678805951904 21
15 2.6679401547845756 0.21906277762392798 39
16 1.164499113472548 4.808950488579587 99
17 -0.06184050189529363 4.843189169831324 75
18 2.98382878817635 7.892545320414485 81
19 -1.4248440572076992 2.099944132714108 43
20 -1.0686764830591724 2.945182894882751 25
21 0.5426209045481344 2.847372503095398 30
22 1.0405230727643986 0.473178452176041 31
23 1.1723404163840492 2.349513932908626 65
24 2.39624671266105 4.57224904338794 45
25 3.1704266698488786 0.5072488654391715 49
26 2.285732385733919 5.517293426213034 14
27 -2.045031588908458 4.421580962035292 12
28 1.0900372840450114 5.927467374192062 36
29 0.966779400652537 3.759666299110768 64
30 3.53203292715181 2.315089850596619 60
31 -0.45015255962659 4.0156512650600655 65
32 0.46811163553488216 3.322891658384705 84
33 2.6415184586365568 5.171638014752295 49
34 1.903169842291599 6.200520504695813 96
35 2.0462399918298475 4.448403701286901 51
36 3.4243239587180305 3.286705666166391 46
37 2.4726253081054623 1.7495543851700848 55
38 -0.9925040607602958 5.872257380720198 99
39 2.4071609309856776 1.4775492153480831 33
40 6.904197867225141 4.423233273257391 9
41 0.8392495920701557 7.36914985943185 91
42 5.200894785994425 4.708548911009093 52
43 6.837048518055774 3.0996197136389787 44
44 1.9483925349267825 3.8434743805735088 36
45 0.2259751949275665 5.307640898904526 29
46 1.4512684992851568 0.8935195754212555 36
47 -0.4821740584947445 6.88523437298786 99
48 2.313045351891593 3.0514216163000905 31
49 -0.14958816582556225 2.1508067244609554 56
50 1.8301073983532834 3.116891339619016 61
51 -0.21707368061468693 4.38213081978961 43
52 3.8463431718137637 5.88008046073287 56
53 4.378233120506751 2.0306061404774343 39
54 3.099030356389626 4.552285760181775 18
55 3.3058377159277605 3.8631263484203555 21
56 6.253652884675925 5.383268864047826 41
57 5.953143559418006 6.166543341152755 64
58 4.453465716374465 3.0626074554090237 75
59 1.1799504219026118 6.17981716476587 27
60 2.1430540121222976 2.4059207251648047 92
61 5.131110592985617 5.263803559414313 95
62 0.2552429276215141 5.857584702847039 38
63 3.4995942723187143 2.5428856419289683 20
64 2.402157134697304 6.137743203518185 49
65 0.5402075471684772 4.995534529407707 27
66 4.217469716592693 4.366510129072492 33
67 -0.7531709353227368 2.193009630007763 73
68 -0.738034209060856 1.0001689369574027 8
69 -2.0014851402394087 3.316558485648268 100
endpoint1 endpoint2
57 61
28 62
33 55
1 17
26 28
30 60
13 17
6 54
2 48
1 45
5 18
11 67
59 62
49 68
1 54
26 59
12 45
12 69
44 50
3 61
30 39
30 58
19 49
58 66
5 64
55 63
12 27
10 42
21 49
26 44
1 33
14 22
59 65
9 40
19 69
9 61
11 46
10 58
20 49
37 63
26 33
23 49
0 18
22 46
48 60
8 48
41 59
35 64
25 37
47 62
5 7
37 50
3 43
5 33
30 36
17 38
24 50
52 61
8 36
12 20
37 46
29 65
15 39
24 34
36 53
8 16
17 31
14 44
21 51
23 48
29 32
24 54
3 4
51 62
7 52
54 66
26 52
17 65
32 50
48 55
28 34
11 23
29 35
28 45
31 32
16 62
21 60
56 57
23 39
33 35
35 48
23 29
9 10
42 56
36 54
42 66
13 67
13 27
10 55
4 30
