nnodes nedges type
70 100 graph
nodename posx posy weight
0 -6.529066854172438 -0.7118181911166799 82
1 -0.9484974718521936 -1.3579784872232632 44
2 -5.497231087881912 -1.2336378964815404 43
3 -1.5352999131304637 -0.41984244854624797 65
4 -4.634241170461834 -0.04774948717569886 69
5 -4.589212434024307 1.2471564351235924 69
6 -5.0082733072261405 -0.2100071801598393 54
7 -1.2823710865463358 1.8481850411988523 30
8 -7.6557679247164705 -0.9637071314777788 2
9 -1.2825135299775068 1.2224613767561605 25
10 -5.351514944483289 -4.252726503615191 88
11 -3.1237504591842944 0.30332069298091036 1
12 -5.850797485038661 0.9573262167349679 23
13 -2.9758380627658423 -2.632093850033679 15
14 -2.289031069982686 -0.2954970461004625 30
15 -1.7114156042920767 1.387116504529553 33
16 -2.8026580622275095 1.219658461048173 89
17 -3.0012826452632724 2.5978891820089127 90
18 -4.839925587920285 3.075075576016348 81
19 -2.847793475187565 2.9959736876092764 54
20 -2.2230724559442088 1.9701649687154315 68
21 -3.9962557718870597 1.606074287869247 37
22 2.1656470762232947 -0.0482338771569864 32
23 -3.113147260162573 1.066602218915988 82
24 -4.60576189540575 -0.5073239535615727 3
25 -2.087181290822238 0.21937414403513 63
26 -4.676087897053074 -2.091080715964272 36
27 -0.09989640639216019 0.6030760238335777 59
28 -1.9128525010412363 -1.8108276072509901 41
29 -0.8853942024621567 -0.23987028437573732 37
30 -3.443670941515484 2.1801585708919973 37
31 1.1555336542507293 0.5210017930653456 98
32 -1.4025484275573727 0.4899271306364708 31
33 -5.972070388453069 0.23512051580267682 44
34 -2.581258444309975 0.7708321044829362 50
35 0.06820028740071657 -1.041815231298106 89
36 -0.8553323641460556 3.0899909788211866 99
37 -4.983063387548546 -3.218340331530044 27
38 -1.8795908901523524 1.9833582063006638 23
39 -2.81758930879026 -1.4712441405091372 93
40 -2.227319406448263 -1.4092441960271473 58
41 -3.4815054086012966 0.14848871439441996 9
42 -6.334158854015561 -2.0198069298964922 74
43 -3.7456611582711132 -1.387907810646633 64
44 -0.9711930241603186 1.3255564981862977 76
45 -1.8267400809687464 -3.746065089812828 63
46 -1.7149953218363494 2.8250758940387914 72
47 0.21988976085591738 1.75234210700616 4
48 -5.842361919239097 1.8016918883701345 64
49 -2.7866151737475615 -0.5686671226741952 40
50 1.2990012503766986 2.1484992816056443 55
51 -1.6932874193967813 3.79912163147415 38
52 -3.2066998586106563 1.811099664556735 35
53 -5.010837500337458 0.6467361137106912 2
54 -4.0167510252875305 0.7931651317994173 40
55 -4.4166597335920645 -0.7634836575885255 94
56 -3.8834295568471044 2.484232644648638 84
57 1.9085852221195003 1.3555329576015493 99
58 -3.7831381151848107 5.139833318703377 54
59 -7.182709342446088 0.45660714149904974 75
60 -2.233638574694822 -2.6609183711025777 29
61 -2.2323723788077743 3.5718817591816685 85
62 -4.972548896569389 2.010601566619545 70
63 -0.8300396588637396 2.5280559339542665 39
64 -3.1250025249211055 3.533147020194596 67
65 -3.5688466780607055 3.9831209269007943 35
66 -0.09534057751362514 -0.020903252417278823 70
67 -6.980563187802875 1.5344695332001446 33
68 -5.734128582390356 -5.233045962163511 81
69 -3.3756521214649946 -0.5399583263174773 35
endpoint1 endpoint2
23 41
32 44
31 57
5 54
6 69
46 61
2 42
39 69
17 23
25 49
58 65
4 5
25 38
53 62
9 16
26 37
1 40
11 21
41 69
14 49
15 52
26 43
47 50
3 39
34 69
16 54
24 33
33 59
24 43
0 33
56 62
28 49
3 44
9 20
23 49
44 46
53 55
21 30
45 60
19 64
27 31
4 53
0 8
4 11
51 63
17 61
39 60
0 2
7 34
5 62
10 37
17 38
41 54
15 32
18 48
17 56
50 57
7 63
12 48
25 29
55 69
30 34
5 52
25 41
32 66
12 53
44 47
43 49
9 27
14 16
53 54
33 48
29 32
19 30
2 4
24 41
15 44
10 68
17 65
44 63
29 35
1 29
22 31
2 26
27 29
36 38
18 64
15 38
13 39
6 12
39 43
19 20
7 9
20 23
11 32
46 64
51 64
16 56
40 69
12 67
