nnodes nedges type
70 100 graph
nodename posx posy weight
0 -2.718338602800294 -3.0943362103184886 29
1 -2.8285691195966622 -0.008863835937790825 39
2 -6.898177947920055 -1.953398343814144 1
3 -4.972534549026631 -1.3237079027223375 30
4 -0.8642845432433868 1.0044784019932977 24
5 -2.7866951201121326 0.40112125727123343 35
6 -7.64938367712988 -0.9142666226539055 22
7 -3.914986580079086 -3.645011739560476 29
8 -6.106505408370817 1.0065977395855465 7
9 -5.854153142463674 4.364328323516496 16
10 -1.4165814800486296 1.7357598127807254 40
11 1.5982545920522377 0.48201518433516516 27
12 -1.5022804290258376 -1.5314111888673458 73
13 -2.4898255016017856 1.2925827298050983 49
14 -1.6335129709403533 0.15958699290970982 86
15 -5.927209402119694 3.1971206607339258 92
16 -4.226925251853133 -0.825329495292634 86
17 -4.008258083855214 -1.5703112736885776 65
18 -3.582550135738885 0.8877872439028985 97
19 -7.216967335081272 -0.2457168465675521 66
20 -0.4729623799208323 -1.3355983587482914 88
21 -2.679641790104116 6.809933340250632 80
22 -4.053771683821205 0.7766735151193144 92
23 -3.553168196046008 0.11882285937198349 6
24 -0.5392191590756987 -2.5515543697170204 50
25 -4.521825925568324 -1.7486306672800196 89
26 -2.658375640794119 3.6985383130157508 99
27 -0.773551564530012 -0.09899175520619481 45
28 0.5117815850561955 0.028054618709714103 33
29 -2.0815816527108386 0.7112996453479712 2
30 -3.096255302985285 5.786948296415701 89
31 -6.525965978902552 2.1524575562712642 1
32 -3.4917214969432986 -2.327098874274988 14
33 -2.2364253632264726 0.24110139420117863 59
34 -0.4254809300439223 0.499531661337767 9
35 -4.757906507366569 3.085983940474797 42
36 -1.9760394325079944 -3.591642100709011 59
37 -3.564501946488684 3.3733444495989637 96
38 -2.826894862888459 -1.1135719457619184 74
39 -1.6209778433678887 -2.4099003348671815 15
40 -6.597657310666094 -0.24713076739238232 20
41 -3.6116691880613225 2.0282514835960606 45
42 -2.8048143861759933 -2.50091726505222 4
43 -1.662709690834418 4.587224294157313 47
44 -5.816932815977091 -1.4320164986461241 92
45 -3.8764742960633995 -2.899570639577024 4
46 -0.7779643027626068 -3.6412683915596378 55
47 -2.7423862670647567 1.647984471583553 5
48 1.2913431213561697 -0.8274031842393192 73
49 0.32829281508866226 1.6112774717618037 55
50 -3.335838668173612 -1.1942789620807217 71
51 -5.509386184407034 -1.0127673442756417 75
52 -2.258094793302459 2.382513433932785 26
53 -3.3901497461272925 2.6876548484937706 2
54 -2.0663084905119242 -1.156434537871617 74
55 -4.256646002023941 -2.805999740692534 10
56 -7.614275703405262 -2.825159133850049 15
57 -5.294716022377461 6.046737585161534 33
58 -3.8320224205173723 -0.36895207810435443 88
59 -4.7558154547311995 5.023142344356155 40
60 -4.675146633154002 -0.4763862937584877 91
61 0.6546735692709915 -1.6110030284019687 97
62 -4.894460924087422 0.694786772998228 82
63 -3.181102241672103 4.620978029164809 26
64 -1.2007031074925454 2.98142064255412 83
65 -3.6879766190036287 4.589754765385202 31
66 -5.689904227776629 -2.1716504746030987 49
67 -2.1774672486491253 3.5813159028398522 21
68 -2.4755996086853886 -1.196203206746392 32
69 -5.905945300280504 -0.24489198492569514 33
endpoint1 endpoint2
60 69
30 65
23 60
11 28
26 53
0 32
28 48
47 53
5 47
63 67
29 47
27 28
25 60
37 41
2 6
51 60
24 39
0 45
26 37
57 59
60 62
52 67
0 39
25 44
8 31
26 43
38 54
37 65
10 29
18 62
22 23
36 46
24 46
18 41
32 68
3 17
19 69
17 45
16 51
14 34
3 44
47 52
16 23
21 30
29 33
38 42
18 58
2 44
63 65
14 54
36 42
9 59
17 38
25 32
39 54
64 67
4 33
38 58
16 17
12 20
41 47
33 68
20 61
51 66
2 56
20 27
4 49
14 29
20 24
48 61
8 62
13 18
18 33
25 55
3 66
17 60
15 31
8 40
59 63
1 29
27 29
9 15
25 50
15 35
3 58
50 54
7 32
6 40
23 29
7 45
12 38
35 53
1 50
42 55
13 52
1 22
40 44
13 14
5 38
10 64
