nnodes nedges type
70 100 graph
nodename posx posy weight
0 1.0992664614820598 -6.106168086526524 24
1 2.419206416986874 -9.261397332943247 86
2 0.9881580562757042 -7.899975998250922 19
3 0.11899963384037689 -5.352172045830005 16
4 7.816929542167623 -7.922774116504468 25
5 4.536748721161644 -8.077466132115134 37
6 4.556632289330788 -9.013973981308089 93
7 4.594722659674148 -7.143323098745261 10
8 3.4334926903797083 -6.640712215991601 5
9 1.9167707489311359 -9.904446684834934 86
10 3.5373098215936536 -5.577817328990442 46
11 2.8405840021716986 -6.484446238652373 88
12 3.7130705300465405 -3.6431994573642728 32
13 0.8704397515503076 -7.080707523424738 6
14 3.0151879443258425 -8.759183428391324 65
15 3.773390677474942 -4.933899340634552 56
16 5.439485962602357 -6.779048339920471 34
17 2.843313744881523 -7.146743403979426 41
18 7.245106085253318 -9.981325864153558 72
19 6.890851781545406 -6.627130166411664 30
20 4.424319698560771 -7.59098565867844 34
21 2.866673830792942 -11.43681024368042 40
22 5.021722962550452 -5.970943327376176 42
23 5.725405106655918 -8.014876981818167 70
24 5.693361723263726 -3.625636637597496 69
25 3.8765386885340356 -7.078635460139776 55
26 5.493047347315664 -5.046838174732165 65
27 4.516182693176294 -10.224017967562116 9
28 7.960569152974029 -9.062069685534944 80
29 2.0692782168278874 -5.8567350180037945 68
30 -0.1403794043154295 -8.215124909148944 41
31 2.385327226813952 -6.764595479723082 50
32 3.083114932827177 -4.150222475062819 93
33 2.2120800842481283 -7.60600865048066 30
34 4.6464301047944625 -2.9013214244859036 92
35 5.665532879768156 -8.410108832350923 98
36 5.76614634277173 -7.242024255086072 63
37 2.8912933426171974 -4.968331475465131 96
38 5.558017196994523 -5.683541150764523 48
39 3.422571290035484 -6.038822427135345 66
40 2.1358266622230557 -7.958586800082573 16
41 6.70202334744929 -6.047877581214604 45
42 4.404967938297944 -6.23543745694436 59
43 2.602365044790733 -10.01505655249453 15
44 3.3030681308095455 -10.436444127447766 13
45 4.983250654512211 -7.064062414737748 94
46 3.269380025461921 -7.177309558046866 11
47 -1.2730079230103315 -7.950996756514827 100
48 6.753421631448156 -8.910494384889118 93
49 3.147957609888794 -5.585333560767848 4
50 5.147312367390775 -4.532551699071489 8
51 2.584439684240799 -5.561884491231414 19
52 2.63328446088066 -8.599239344790822 21
53 3.8891483939679166 -7.894705688561633 14
54 3.8730291250071387 -8.585902529173271 40
55 4.576058420744579 -4.302199156851853 90
56 4.201629507287396 -5.620564832181258 28
57 1.6963697149757295 -5.101228858868647 23
58 1.2225527568836694 -3.7817203457142625 49
59 -0.8981744440615397 -9.034028983139217 74
60 2.007866430057095 -4.424903647074901 45
61 -0.11481301651717067 -6.05306897767444 36
62 4.69023946451485 -5.125694116965349 65
63 1.9108638541512968 -11.14707775209776 76
64 5.0324808596678245 -9.000814509449457 30
65 1.7835350173689617 -7.367067338417293 41
66 4.131128510897427 -4.452010544264984 83
67 6.232324721249497 -4.706600389623483 44
68 6.63431603133853 -7.87148148773147 100
69 5.694162640026598 -6.160016386583079 69
endpoint1 endpoint2
38 50
36 68
15 50
25 54
0 61
28 48
32 51
39 62
16 25
8 15
14 43
12 34
11 42
1 40
16 19
55 56
7 35
22 66
36 41
9 52
4 68
17 29
7 38
10 57
14 33
46 65
46 52
32 55
16 69
36 69
41 67
31 53
26 50
1 44
27 44
5 46
14 53
16 45
26 56
17 40
35 64
57 58
55 67
5 20
6 20
0 31
7 17
11 25
30 59
12 32
11 40
46 56
18 48
5 23
23 36
2 30
1 14
2 13
26 69
25 46
24 34
36 53
42 69
30 47
20 22
8 33
2 65
17 31
35 68
20 45
12 66
23 48
2 40
20 64
11 29
49 56
9 63
8 49
13 33
46 51
24 26
38 62
0 3
23 45
27 64
0 57
25 39
8 20
31 39
11 37
21 63
8 17
21 44
37 66
32 60
29 60
12 15
10 45
0 13
15 37
