nnodes nedges type
70 100 graph
nodename posx posy weight
0 -1.1431835900929388 6.626151711291581 91
1 -0.9533296106342816 11.062364246418133 76
2 -1.67225362647111 11.679670082885643 20
3 2.9717824213669144 10.509094543522078 15
4 -0.35065278089865387 10.524707773668604 79
5 -3.2985419802357545 10.674098600311881 83
6 1.1005508041613492 9.500850173947802 42
7 -0.768798102423359 10.284976734637773 27
8 1.4570879578624136 12.99747190861707 55
9 0.9367399443413194 10.795941702842267 27
10 -0.7607505055359165 12.154973990431145 43
11 2.145364514907845 11.190712009196645 78
12 -3.316037037341306 5.129038747344299 73
13 0.07832896977483013 7.079398465031559 72
14 -1.04713644918338 12.501176728510844 93
15 -2.1048608006171805 8.362678892950163 42
16 -2.833814064535901 10.281852829080028 90
17 -2.068465993570554 10.050685045385263 88
18 -2.375866859807159 11.47909238602775 77
19 0.47126012070441475 12.75402851588431 78
20 0.6478114268677448 8.211905418011687 89
21 1.1490813854539166 10.346909864787879 27
22 -1.7550519652142424 9.75656822199886 22
23 -2.4623092373481352 12.75580846433441 98
24 0.1417292026969306 10.726333819491282 34
25 -2.341113144650597 8.563244075449262 78
26 2.0986357318823785 7.853323153733534 71
27 -3.082896695752151 12.089697732842646 75
28 -1.5013009706264124 10.953472471530276 32
29 -2.061587011302967 13.377093022697906 5
30 1.0950040860448502 8.841727841103939 14
31 0.1939502857168796 8.20339522396698 22
32 1.0142938177578185 6.135701653638728 51
33 -1.719877261177944 10.402373013212966 33
34 -4.53085963802803 10.511799453525885 67
35 1.7829859530579006 10.324068298850902 72
36 -4.111614850519803 8.654348077226901 87
37 -0.23428782441680732 7.915709704581852 67
38 -0.19679055590409514 9.442012230192876 77
39 0.18654766433540745 9.583290058971524 44
40 2.7311321558097954 8.818985741750348 16
41 0.6967630325916314 7.6080080388255835 26
42 0.13857514339982302 9.89771484517962 88
43 1.5569100603092951 5.1453463737898595 88
44 -0.9013132280076909 9.092326411689465 96
45 -1.98164122143202 11.171844919058708 30
46 -1.5221680022961024 8.409686989312526 73
47 -2.8033763101119376 9.507201532876106 90
48 -1.5598804035110005 12.040762182645665 1
49 -2.8710500042800793 8.981286331508162 59
50 -3.0500706693097706 9.866909773600812 40
51 -0.11655089031364804 12.413765558344197 29
52 1.3643910695371464 11.899258339566845 63
53 -0.11926385389528857 6.484946700603192 81
54 -5.220867552149798 8.42192479671526 7
55 -1.1531061924371442 9.14879968192768 9
56 0.33182096110155407 5.920375363249636 65
57 -0.7932531326286054 6.296226033145225 55
58 1.4609449854345515 7.357311450506221 2
59 -4.303720615488054 11.43911290384211 88
60 2.573680408570078 14.808309599761078 69
61 -0.7287704789970805 7.9794173414988965 22
62 -1.8581972777339586 7.033090556468824 7
63 0.3022771262804751 12.027094869003163 32
64 1.7676645809897171 9.63115275664209 64
65 2.0212280641883953 13.925605729604992 6
66 1.4205806089026969 11.621604353114884 23
67 -2.298637340518397 7.2143464461551625 2
68 1.4824222300865477 8.341572876447476 36
69 -2.7027386171318715 6.059589627133645 37
endpoint1 endpoint2
6 9
3 35
31 44
19 66
17 46
24 42
13 32
22 55
27 45
16 22
1 28
22 28
13 20
15 49
24 39
46 62
12 69
11 21
44 61
0 67
5 34
22 25
2 28
8 65
35 52
60 65
39 55
6 39
6 42
3 11
41 61
11 52
1 33
20 26
22 45
2 23
14 28
4 28
13 57
10 19
5 59
10 63
22 49
38 42
40 64
2 33
41 68
5 33
20 68
21 64
18 48
8 19
22 50
30 31
37 53
62 69
20 38
26 40
48 51
33 44
7 33
14 51
42 44
17 33
37 46
29 48
39 64
4 38
8 52
51 52
53 57
57 62
13 56
22 47
9 42
32 43
9 63
13 31
18 33
15 44
6 68
21 35
30 37
25 67
0 57
36 49
22 38
21 38
1 24
21 66
2 10
20 41
36 54
30 35
10 45
0 13
7 39
31 58
17 48
46 55
