nnodes nedges type
70 100 graph
nodename posx posy weight
0 -2.5872195064601518 -7.2133358431697605 73
1 0.27579328469171754 -4.151798577396856 64
2 -0.6609596531375133 -7.866761798422068 51
3 -2.1807794279980195 -4.4108625749306345 52
4 -0.7752890093283217 -3.4573441707647214 64
5 -0.39219593297652927 -6.562907615762617 24
6 -1.0095733551116715 -6.177243730096493 87
7 -1.1280773532501869 -3.701211150019128 89
8 -2.14738722344812 -5.222635615120389 89
9 2.1258123864199217 -1.1783841831448312 78
10 -2.7112014781433 -3.3182134984369944 36
11 0.2515204082939433 -6.431031498439175 22
12 -1.0732826936762814 -7.493706043902693 23
13 -1.3820020286790167 -6.530766556114755 40
14 -0.43052097015783536 -2.161561867858569 73
15 0.7481416836547992 -6.897110508200789 90
16 0.5989751077539618 -7.585480589529464 37
17 -3.1199601949886167 -7.224430709025559 38
18 -3.001184448305015 -5.852694721240348 19
19 -2.428807971996013 -2.1101456156193183 61
20 -4.281864077369401 -6.271086728700294 31
21 1.51384674221466 -2.1741313126390276 88
22 -3.016794357582792 -3.414127857251837 93
23 -2.9452832448936435 -6.495811912050305 35
24 -3.518044623144653 -4.63586852860415 48
25 0.8217463311220415 -1.9764842253844785 48
26 -2.3213556064277943 -5.8103740491677724 10
27 -1.544295594529742 -4.096050314287123 33
28 -1.8444130591378174 -1.933172395277513 63
29 -0.2727648613503743 -5.734224807907776 8
30 -4.57876945908191 -2.8342892285866377 5
31 -3.3023341462256934 -2.7378260425105085 26
32 -1.202142136845898 -5.660586588405044 30
33 -1.2897744285429973 -3.35453752689138 84
34 -3.6426219998753036 -4.950107530380769 49
35 3.0981587811209503 -5.099897497705228 54
36 -1.756042126075317 -6.026520573738483 79
37 -0.020365406940254682 -3.8745499993422845 39
38 -0.5508689322917684 -2.5467048548308187 82
39 -2.8160952672316943 -4.789088962876711 48
40 -1.8312938287054248 -7.535825219527915 96
41 -0.730600497541469 -4.802907323864544 41
42 -1.3302528782368426 -2.1675604240656052 53
43 1.7754400082107313 -3.3370216653104716 83
44 1.4904099758637355 -5.859909611197064 75
45 -4.307336753306123 -2.182516288688777 81
46 0.3860240650556983 -3.2224268087556767 5
47 2.45843989888894 -6.185398561844337 36
48 -3.8001625639957775 -1.6118796723700002 76
49 -3.022418562481202 -1.8777392088751554 78
50 -2.0389735365176285 -4.502521766033371 85
51 -0.007036575393808991 -8.585278012385396 55
52 1.0735685896492346 -6.0898309687140495 43
53 1.2356253380489186 -0.8833236362612006 95
54 1.1803189329011339 -4.616934459886197 94
55 2.817087663992102 -0.33984260981004183 35
56 0.7655381142157479 -2.7309517961009258 67
57 0.06486526315093157 -7.479347360225628 59
58 -1.8812590050397848 -2.838588046031406 30
59 -3.4435852622034884 -3.824785375561299 11
60 0.23947185994509473 -9.621470680030974 54
61 -1.4861608077353015 -5.049983268540834 27
62 -2.009757071770553 -1.1384879385688877 40
63 1.190703972230008 -2.9427120680926544 40
64 1.7712530111389293 -5.066891389334458 4
65 0.6729451049187909 -5.611859520805485 100
66 0.8395062770454345 -5.0992043626995995 34
67 -0.1239670527519968 -4.695584826244337 2
68 -2.212005376897074 -7.0179138888687165 75
69 2.2929026832390593 -4.079891041518516 48
endpoint1 endpoint2
5 57
7 42
12 40
42 62
25 43
26 32
9 21
38 63
4 46
18 20
8 68
1 67
51 60
36 50
27 39
18 61
15 29
64 69
13 61
33 61
17 18
6 67
37 54
7 8
15 16
64 66
11 16
63 69
9 55
14 33
29 66
42 58
0 36
11 57
21 46
3 34
44 52
41 67
49 62
50 61
25 53
3 27
35 69
52 54
47 52
10 19
1 66
17 40
22 49
14 25
11 65
28 33
24 50
37 56
22 50
30 31
27 37
26 39
38 58
3 59
23 36
6 36
5 36
3 10
19 58
2 13
51 57
5 29
4 38
29 61
31 59
5 52
46 67
8 26
27 58
3 32
31 45
1 7
11 44
2 51
22 31
18 23
14 42
5 12
43 54
12 68
3 41
26 36
35 47
2 16
6 40
9 53
31 48
44 54
64 65
41 65
4 50
31 58
11 32
27 61
