nnodes nedges type
70 100 graph
nodename posx posy weight
0 3.772858073042225 -1.7682823048159544 60
1 5.732957690724134 0.5063864689278604 49
2 -1.6174258898428222 -1.5858340502543808 58
3 0.7606658949747814 -0.9874641930779028 3
4 4.359758630661401 -1.3965692800870142 97
5 0.5924585898377793 2.2668484286304333 95
6 2.099216440705923 -1.0489766534773504 56
7 1.4629958804270857 -2.8838811326599867 86
8 2.739825922787295 1.5330038191235171 74
9 3.29880281036005 -1.256249928032472 20
10 6.839307693112354 -0.5101186055696444 83
11 -1.5766594347330476 -0.3682589719912658 63
12 0.9158191058833897 -1.8831436203918928 80
13 2.96260413194281 0.5186979299352709 6
14 -0.20503170636700063 -2.454576253400147 22
15 1.0066204430228824 2.0050811119528005 69
16 5.633668377291284 2.388910039516451 66
17 -2.1319653182085094 3.050567504438959 29
18 3.6580386695934526 -3.425277390068534 90
19 -0.4951276115096576 3.810232413970081 52
20 0.6841821037276666 3.6612045982984904 93
21 1.7016144355495655 1.367181419211012 83
22 0.5206590004775004 -1.2350678326460984 73
23 2.958450953509691 -1.6007803861788477 22
24 2.2543913646398033 0.13543057461734248 48
25 -0.3265106292775936 -0.9331878096265975 18
26 -1.294988522982373 2.1671597065969355 94
27 -0.6891178235683039 -0.3353155080826298 83
28 2.6090311571882014 -2.850708523051049 6
29 -0.9370544041457772 2.688102672830499 58
30 -0.2204139835121429 -0.05861345247956031 7
31 3.3349603661695215 1.296301851006266 64
32 1.839324064659322 -1.3920495121445844 1
33 1.1232966004804212 0.0073584925028271735 42
34 6.504650888438911 3.0688887127554425 55
35 5.689396052770758 -0.22686429794893817 43
36 1.5779723797526954 -1.6436132753365773 8
37 3.7340384765323567 0.7533581671324731 73
38 3.6680833974435854 -0.4106448718525324 87
39 -1.4657016229395226 1.4520477947744321 97
40 -0.380749837363324 0.6424389024827728 4
41 1.8286302765837 0.10724957041256616 43
42 -0.9142893601352856 4.2957458688824195 63
43 0.36097479109027675 3.4204368087165995 49
44 0.7489497164178344 -0.490307456742657 86
45 2.2189505376735266 1.7156730146203498 69
46 0.6769308644075019 0.7963901915288346 22
47 2.8197245310390597 -0.537787421388355 7
48 1.1447452731606522 2.451424673643843 75
49 -0.006788275718442731 1.712830693671005 33
50 4.69766825819159 0.3672238212813152 91
51 3.8784314607250647 1.4962158476931369 92
52 4.459587288650844 0.5305254317671664 30
53 1.1038250425333473 -1.5417397895596816 72
54 3.193001098997755 -2.296387087905601 16
55 1.0210441649714184 3.4602209122894503 90
56 -0.34627421009703635 1.2991719391541843 72
57 -0.8530530483162899 -1.5227635698710955 68
58 1.9742129405654845 3.1578561650244943 17
59 -0.40783427898272523 3.04811534206707 4
60 3.066843293823243 2.9759701354470964 84
61 2.2833946259392577 0.8541062030073633 53
62 5.45630440492806 -0.9656539045163948 4
63 2.572473935277313 -1.595679879235441 35
64 -0.6597169612200917 1.1608729363906571 90
65 0.6737809048471987 -0.10303199889241461 91
66 3.0595716472582635 0.05061367536631334 57
67 4.7964831376197115 1.51040648557534 67
68 4.0458083540675736 2.071363913447154 2
69 2.6581041654143895 2.22619563215269 16
endpoint1 endpoint2
38 50
32 44
24 66
19 29
38 63
45 48
8 60
7 28
10 35
1 67
26 59
37 38
8 21
37 51
6 23
5 21
33 61
4 62
41 45
23 28
35 52
23 66
13 38
25 33
5 64
17 29
35 62
46 65
51 67
24 33
31 67
24 31
21 46
29 49
30 46
5 43
26 29
15 46
3 27
19 43
46 49
44 46
58 60
5 59
8 69
26 56
7 53
13 47
28 54
5 20
9 38
15 58
22 30
8 66
15 55
46 56
36 65
40 46
41 47
25 57
42 59
33 53
4 38
11 30
12 14
14 57
1 62
22 53
18 54
32 53
16 67
31 45
4 54
2 25
0 9
0 47
27 57
6 24
6 47
13 21
27 64
51 61
12 44
12 63
3 41
32 63
6 22
39 49
8 37
9 32
68 69
36 54
13 52
19 20
3 36
48 49
33 46
50 68
16 34
21 69
