nnodes nedges type
70 100 graph
nodename posx posy weight
0 -4.524703041407097 -6.697683446175922 49
1 -1.9821575236917577 -2.471433365506513 49
2 1.8207116232114589 -8.534350259801602 62
3 2.514986515468885 -7.487828262051472 17
4 -3.987024573406308 -5.329220838599868 1
5 -0.8305705624787234 -4.775620705064822 37
6 -1.1863605890940911 -2.1221655094496614 77
7 -0.7832901339446419 -0.9890659254030874 82
8 -0.9307015861844815 -3.315478004245792 42
9 -2.3999392703105555 -5.534241381271828 29
10 0.815731589657266 -7.968132014279145 3
11 -5.349115220917583 -5.0409001120666685 67
12 -0.08593993137014158 -3.2397897775886904 96
13 -1.7115743199631324 -5.6478566485641 93
14 -2.1387402910409943 -2.203343433959963 8
15 -4.405375327488325 -5.395723509735034 63
16 -0.0948873476703691 -5.790699006942648 90
17 0.4719135481504448 -4.725961065498793 44
18 2.80533036952724 -6.424364001746869 72
19 -2.68845010861557 -3.3410963097592887 64
20 -2.49410012659445 -7.999195754925244 43
21 -0.7535438728300556 -2.8836989557644044 29
22 -3.073855999729674 -2.9137134612921844 69
23 -5.342535127796595 -3.73572132101548 45
24 -4.280801358838824 -2.9451253019418124 69
25 -3.4822040496107642 -2.8358481782341265 81
26 -2.274798643464489 -6.742384897102239 53
27 0.8752289696669477 -5.491524710161263 79
28 -1.171444889937528 -7.920919533121829 10
29 -2.140859734791291 -4.738946181430951 34
30 -3.5886279518359374 -1.809940884444838 39
31 -1.0364892059129012 -9.03597647376049 94
32 1.2927795352160334 -3.120306457480958 93
33 0.11597791167961327 -2.708480481998599 46
34 -1.7355344367243308 -4.190775039818798 34
35 -6.2076932700982415 -4.257070978729794 69
36 0.35495560600521314 -7.383090916797849 9
37 -2.3529532912609685 -5.212500118212272 82
38 1.195335399652562 -5.750059520591627 73
39 -2.6919445128905477 -7.5382045630514725 17
40 -2.1507897135347633 -1.0077153930992657 24
41 1.4100614055286256 -8.022310760020705 17
42 -1.582871766192907 -6.361735534664667 31
43 0.9899993241592047 -9.259931780839866 25
44 -2.9449032455114867 -5.919925049483729 42
45 -1.6506983503107227 -9.041674685901102 71
46 -3.1763455854712777 -6.106236523545464 62
47 -1.8244575563068925 -6.987027316278571 3
48 0.18075052200938901 -5.353044974706911 65
49 -0.06869483286349037 -6.501595583086809 65
50 0.23963487666861302 -6.675948489519269 8
51 -1.2145257334081854 -7.401074591930465 14
52 -3.0363588323065316 -7.309487404991674 50
53 -1.448874403471878 -3.156485129281079 60
54 -2.0016480776324177 -4.2652121217564 18
55 1.522074149409031 -6.757747891456103 17
56 -0.7854895953345709 -6.6914480300196715 69
57 -3.7902537073922034 -6.2318527902769825 94
58 -3.276589755874511 -6.7806735634456565 22
59 1.1397950933805063 -4.125887041468299 91
60 -4.160053142822771 -3.768698996590733 52
61 1.7717837968844448 -4.427361816501715 46
62 -4.256527887410598 -5.51772288170633 50
63 -3.306640520024784 -5.055611749775405 53
64 -3.4060860987197703 -4.188766528330909 4
65 -1.0949441143227 -5.511028074613662 74
66 -1.7122602210497968 -3.3867002649936278 52
67 -4.950129789519687 -4.292565495611951 46
68 -0.36794752807938025 -7.371416481309989 17
69 -0.7314062517762601 -4.096949705545126 10
endpoint1 endpoint2
18 55
17 69
39 46
9 26
2 41
16 68
23 60
29 44
5 54
56 65
5 8
6 7
47 56
12 59
21 34
20 58
28 31
0 58
27 50
22 66
36 41
37 57
19 34
42 52
34 69
32 61
48 50
9 34
50 56
42 47
29 66
14 22
3 55
34 53
24 67
15 46
54 64
37 63
28 68
21 33
28 47
50 51
34 37
17 27
14 40
4 11
4 64
46 63
39 51
4 44
20 28
44 62
49 55
22 30
17 38
5 13
19 22
32 33
10 43
1 25
0 15
29 65
8 33
15 60
12 66
44 47
57 62
5 16
62 67
44 58
25 64
16 27
16 49
52 57
35 67
42 49
13 46
6 21
11 23
28 45
66 69
63 64
9 58
8 14
37 42
36 38
38 59
22 24
5 48
10 50
2 10
6 66
26 42
22 60
47 51
28 36
8 53
1 8
13 42
27 61
