nnodes nedges type
20 30 graph
nodename posx posy weight
0 -1.3625291785572 -2.707976770686158 39
1 -0.23681911655161134 0.3534040525130522 16
2 -0.6604777248722441 -2.103937947794815 83
3 -0.9814189233070912 -0.35380493359912774 46
4 -0.3959811541078266 -0.8676293994904232 46
5 -0.2126544992592856 -3.1226667180712213 71
6 -1.4981437576768035 -1.4804700100182961 31
7 -0.7327815708326881 0.938765550938675 29
8 -1.330945373391107 -1.0059975260685459 54
9 0.4717929456526069 -2.174033104048147 28
10 0.7686855593836202 0.0012504360495819249 28
11 -1.59864854532131 0.19403016555318525 33
12 -2.086619977294332 -0.6218350704288153 63
13 -2.5604634119466496 0.3561050401909315 61
14 -3.163172538064162 -0.923762449061185 57
15 0.7122406785074563 -0.7758545467671459 38
16 0.7199297462802599 -3.261569338627996 9
17 2.3894934253091984 -1.8564897513421605 91
18 0.31227454818012707 -0.931447537305461 16
19 1.2965264054907302 -1.7113883062182964 24
endpoint1 endpoint2
5 9
4 8
4 18
2 8
1 15
10 15
18 19
3 7
1 11
2 9
9 15
12 13
3 6
11 13
4 10
17 19
12 14
8 11
9 16
0 5
6 12
11 12
3 12
4 6
5 16
8 12
0 6
3 18
1 7
9 19
