nnodes nedges type
20 30 graph
nodename posx posy weight
0 0.009901095008118746 3.972287577377181 93
1 -4.349814758369077 3.755996013772957 99
2 0.10655962454959143 3.036855069731864 78
3 -3.3231291900404343 3.554500633722404 63
4 -0.5555674717295702 4.87462769055906 62
5 -4.280751117189989 2.8841287295753513 6
6 -4.112634325382189 1.9289745208664955 13
7 -2.5064987881338405 5.0793099023088555 55
8 -1.664732457271276 2.71573409475034 59
9 -1.428848457134105 5.443126133920052 44
10 -2.4818974612579696 3.765924420228387 58
11 -5.422610584354892 2.917562177166598 2
12 -1.731226291128549 4.382253721773645 97
13 -1.8185347378704182 1.4865379043921987 40
14 -3.342193349020151 2.7260018859501742 69
15 -0.9599021419452537 3.3325071478445887 83
16 -2.2193667382100135 2.6970168665680005 82
17 -4.663777891462291 0.9962733370577244 39
18 -1.3427745095848636 3.9957334189088787 33
19 -3.9311792265787058 4.67634761936081 35
endpoint1 endpoint2
1 3
5 6
4 18
6 17
6 14
4 9
0 15
3 10
10 12
13 16
10 18
8 10
1 5
15 18
0 4
7 10
3 16
8 16
5 11
12 18
3 19
3 5
7 9
12 15
5 14
10 14
2 15
15 16
0 2
9 12
