nnodes nedges type
20 30 graph
nodename posx posy weight
0 1.20495390782741 -0.5822415805439217 3
1 4.093413689593544 -0.36715243987865415 100
2 1.5766345312394037 -1.6876604567455573 81
3 4.85160772020536 0.04786748892562671 44
4 3.6472257897105456 -1.4713103141589505 70
5 2.4433452955981814 -2.667054276433764 11
6 2.674929133174666 -0.5517688503115463 41
7 2.6956137773612276 -1.8339238887568525 10
8 3.144637269589093 -2.652214545036885 83
9 1.7210339657380076 -0.47018315273157113 16
10 5.309437334372657 -1.067068161826513 97
11 3.666176836818107 0.48804458685561186 46
12 1.3715385291296136 0.5427563514203699 96
13 2.2192165167648876 1.467348283654526 61
14 5.847783364183219 -2.840775669421464 92
15 5.094028110344928 -2.0128802134729153 29
16 2.3502843938986113 0.33694479931228694 4
17 5.699339122307792 -0.7251795301158097 7
18 3.8304326437272684 -2.300308073843881 84
19 2.5057574239293072 -1.1392325258539917 48
endpoint1 endpoint2
11 16
1 3
10 17
4 8
0 2
4 18
3 11
10 15
0 16
12 16
2 5
1 11
3 17
6 7
2 9
4 19
3 10
5 18
13 16
15 18
7 18
1 4
9 16
14 15
15 17
2 7
9 19
7 8
6 16
9 12
