nnodes nedges type
20 30 graph
nodename posx posy weight
0 -2.636747401063724 -1.349714260583099 14
1 -0.18442777081905673 -3.2006807722546213 47
2 -0.7570927395653276 -5.3189262062155 72
3 -1.5573842688578685 -5.311661396480014 97
4 -1.6172219880417857 -3.0220551495652925 58
5 -1.9236302642604122 -3.427745437911727 17
6 -3.717912040231995 -2.4676424953952276 61
7 -2.940739509713459 -4.442966122383762 74
8 0.48185128475614464 -2.64705875315338 74
9 -3.001622215964008 -3.210943267983423 59
10 -2.5660847406895746 -2.504235372310943 56
11 -2.824090267667291 -3.7426623824778558 11
12 -0.6141575232865819 -2.323853997113791 68
13 -0.2842927212507233 -4.430412388727385 29
14 0.37562542607793314 -5.424357885878329 43
15 0.7722463969688189 -3.764192433212138 8
16 -1.0049551262868313 -4.077851805558574 88
17 -1.737984557943384 -4.19224311196717 66
18 1.4248124593580285 -2.951692029915666 10
19 -4.736609504080497 -2.167107227664451 56
endpoint1 endpoint2
6 9
10 11
13 17
4 12
0 10
7 11
4 9
1 16
6 10
13 16
15 18
3 16
8 15
2 16
4 10
5 17
13 15
4 16
7 9
6 19
11 17
5 10
1 12
8 12
13 14
5 16
4 17
1 8
8 18
7 17
