nnodes nedges type
20 30 graph
nodename posx posy weight
0 -1.0662335266443401 -5.0783492119886935 90
1 2.80137858722645 -0.8198547071524483 90
2 2.9725176380733784 1.2046176754105014 46
3 -0.04992105867900398 -3.3043066646043577 67
4 0.7514615926157162 1.0396620950171167 1
5 -0.5653547153018902 -4.196755215489889 85
6 1.8164215894150133 1.5386123913398193 88
7 1.730626710843986 -2.4111943591200777 81
8 3.3445884966074932 -0.7576613637899108 91
9 1.8392893398969674 -1.4130381099858542 8
10 1.8006053542635194 0.5561782445477749 2
11 3.852188976993804 0.3571508943767278 98
12 0.2673478128961983 0.22891398275197608 99
13 0.23378408140297757 -1.202858839100654 57
14 1.3725596884528033 -0.6064207687931132 64
15 2.3934492151176228 0.3338818287721579 76
16 2.4730764816371376 -1.612328791997157 19
17 2.117975579671991 -0.43403935353601764 84
18 0.5370578820792087 -2.3954813765283394 57
19 1.058276847914644 -0.08625404347492893 78
endpoint1 endpoint2
14 17
10 17
1 17
1 15
4 12
7 16
15 19
4 19
6 10
9 17
8 16
17 19
9 14
12 14
2 6
8 11
7 18
0 5
1 9
13 19
8 17
7 9
3 5
4 6
14 16
2 11
3 18
10 14
13 18
2 15
