nnodes nedges type
20 30 graph
nodename posx posy weight
0 -4.18786560053377 3.3621206971977067 58
1 -1.7104737544782298 4.50059888361495 22
2 -1.4722547232073189 3.7146816728680205 72
3 -0.9755925667209766 2.391262075051781 16
4 -2.32170848504499 2.567356005694898 47
5 -2.9128317496908163 1.0532427904686008 81
6 -2.8877093114775008 3.4508600794931894 40
7 -2.2280274910476336 4.34867124325141 20
8 -3.589080444722989 3.023768647950989 22
9 -0.0251006050292341 1.8127331253015233 38
10 -1.8895186193436944 1.6104982470104525 57
11 -3.712782135685688 4.341359270295502 14
12 -1.3186622424721497 3.073097335400166 6
13 -0.5840114273316008 3.279606377339877 61
14 -2.9522429122719505 4.271636159559985 94
15 -2.0441030200466965 3.5071496362946077 97
16 -3.3609269448745853 5.445580584671239 58
17 -3.8335064414868136 1.8337778379600091 45
18 0.8786744925754826 1.2968248735643542 18
19 -0.5285863413110378 4.620633599064445 70
endpoint1 endpoint2
4 12
11 14
9 18
1 2
8 14
2 19
6 7
7 15
3 10
1 14
4 10
2 6
3 13
6 11
5 17
13 15
3 9
14 15
2 3
8 17
0 8
2 7
3 12
5 10
14 16
6 8
1 12
4 6
4 15
0 6
