nnodes nedges type
70 600 graph
nodename posx posy weight
0 -0.5253205525291048 0.3117861885861889 2154
1 -2.3207501940981476 0.03258994130270374 1117
2 -1.198674379798256 1.5891990898312514 4994
3 -2.1628978047863616 -0.12456820499370881 4352
4 -0.5628548236541383 0.6847823533288953 1457
5 -1.5042600960098138 1.7957258398287332 3416
6 -2.0591051463196344 -0.6209342180025142 4667
7 -0.5771655529732304 -0.6545584011967733 3238
8 -0.40862416938051116 -0.015691426651998408 4960
9 -1.7458557731645568 1.223635772537017 3069
10 -1.101902580046437 0.7494764511899591 4830
11 -0.40007704065459415 1.0649777605514386 2277
12 -0.3307070545792114 1.5320885284468653 3338
13 -1.9206256770306784 -0.3287980041631539 1755
14 -1.8630667332388444 0.4528661163109214 2032
15 -1.2733806203258 0.7441360651905713 3597
16 -0.10832760330090649 0.8151690184780385 3983
17 -2.846072348897426 0.4987073077624955 1988
18 -0.9320804692160367 -0.6857139321526755 3182
19 -2.3728480267747756 0.777782153768787 4083
20 -1.4854141011677626 0.9493501567101503 3781
21 -1.2047684970259525 -0.6275799764341815 1306
22 -0.9052352389767775 1.6852503736725137 2892
23 -1.738164112677245 -0.45796840096660946 1748
24 -1.7648248516417473 0.8661117542781527 2685
25 -1.1371610413359328 0.030026854867956605 2722
26 -0.41586924591325375 0.48279362880873783 3383
27 -2.16207898388298 0.7921483053466865 1932
28 -2.5526457977170356 -0.4095068828964782 2301
29 -1.578134417500637 -0.9090841669242486 1925
30 -2.292398171055256 0.4680590356783749 3971
31 -1.2261909570381926 -0.21148684899302125 4197
32 -2.535168613753429 0.19719381184143353 4913
33 -0.982686309559537 0.24161481876836544 2679
34 -2.4880733067406644 1.0601725497734593 4762
35 -0.12270691151073741 -0.11449201822389984 2088
36 -0.6684767661076094 1.0714137383483682 1982
37 -1.4298086181926624 -0.2342271126819199 4751
38 -1.7160193624459341 -0.7140380037788308 4671
39 -1.93029813325138 0.8543581866294513 3717
40 -1.9322082722383058 -0.8641733218415262 4846
41 -1.1532679994152517 1.2294984432463187 2510
42 -1.8069453443601724 1.799476344784122 4514
43 -2.0312687656048696 1.2348934016614086 2706
44 -1.8960901498204186 1.5465422549436347 4785
45 -0.442096696225749 1.225379525278874 1152
46 -0.37894183202449927 -0.3184430597568498 3319
47 -1.4311124366872134 0.5580464266789082 1964
48 -2.6687581549127044 0.9663846879835049 3070
49 -0.7435832757564701 -0.8693693612631391 1585
50 -1.259632303879728 -0.7266679841501823 2275
51 -0.20347029904679315 0.18115487463589774 4782
52 -1.0465302977317101 1.0157210143440976 3765
53 -2.66962701994709 0.09151958626560486 3365
54 -2.2536991697453197 -0.3994559062285827 4449
55 -1.4407965268895122 1.5414066343528583 4635
56 -1.4819321786777884 0.24203725689428413 3422
57 -0.01537880732253771 0.4267318606467035 4507
58 -1.3561484506698473 0.10346464783987501 1839
59 -2.291006466709344 0.3255250042724041 1432
60 -0.23272221702925044 0.8023630032057792 4658
61 -0.5780259837723843 -0.3429008165938299 4846
62 -0.8616182744427382 1.2056447048587073 2044
63 -1.0377691078885447 0.4854349263285528 4025
64 -1.03144765574188 1.4953802980642856 1289
65 -1.0073620866831312 -0.5818641764950446 2375
66 -1.8668732648095734 0.2519145145925319 3813
67 -2.122634030771989 1.3424821277968795 1158
68 -0.7720513343769044 -0.15585497368437315 1300
69 -1.6917204383093203 0.029586535682312932 4951
endpoint1 endpoint2
29 50
6 28
30 41
21 28
7 25
33 41
1 64
10 61
41 57
14 31
40 66
43 63
30 66
13 58
7 68
48 59
45 61
1 28
14 43
51 60
5 24
3 40
23 53
4 35
2 47
8 38
22 42
5 34
55 56
35 46
9 39
30 58
52 67
17 39
11 41
37 54
11 15
44 55
9 19
43 69
14 50
15 43
4 12
19 44
0 36
24 33
1 33
37 68
32 58
30 61
11 46
18 31
16 51
6 58
3 68
8 25
37 63
14 19
45 47
50 51
0 5
15 48
4 11
19 53
26 56
5 10
25 37
4 63
34 59
7 34
41 44
5 62
11 39
23 31
36 37
17 43
13 37
15 19
14 60
1 25
15 57
19 58
24 47
14 38
4 24
19 32
26 45
22 63
20 27
3 37
21 26
9 60
33 47
36 44
34 44
41 63
29 68
35 49
40 68
15 24
39 47
0 19
49 56
13 18
19 67
50 63
47 69
0 47
21 35
28 34
2 45
58 62
55 58
7 46
31 61
26 65
9 15
12 44
36 49
8 20
13 49
18 60
38 59
10 22
47 66
1 13
4 14
46 58
8 47
5 41
20 23
33 57
25 68
4 50
34 62
50 68
35 63
51 64
17 48
41 51
10 17
0 7
15 50
13 30
56 65
0 61
27 55
10 69
6 7
21 53
28 48
26 32
11 67
30 42
4 57
63 67
35 36
23 25
6 51
42 51
14 24
10 24
13 61
12 22
0 52
14 36
3 39
39 66
30 45
35 45
9 34
49 66
41 61
31 54
37 47
26 68
36 52
0 21
49 62
0 11
24 56
3 6
15 46
19 43
52 59
35 69
32 65
22 52
53 58
47 52
21 33
2 43
61 65
3 50
35 56
12 46
37 50
9 23
24 25
48 54
55 67
45 50
14 54
3 15
25 62
15 55
8 66
2 8
26 61
0 56
20 43
27 48
47 61
30 31
4 22
34 66
38 68
40 46
10 43
15 66
50 66
63 68
17 28
8 29
17 54
13 40
7 63
37 59
14 23
10 31
25 29
39 53
11 30
20 67
1 4
15 60
56 67
21 51
28 50
19 31
22 56
11 69
30 40
34 55
32 43
9 63
27 69
4 65
1 65
13 33
14 30
40 65
13 59
44 63
0 16
12 16
66 69
13 21
2 26
25 50
2 52
5 25
27 36
23 58
21 38
36 66
54 60
28 39
7 23
55 57
30 53
10 39
34 40
43 53
13 52
11 12
0 23
55 68
13 14
2 21
47 65
21 69
32 67
24 32
20 46
53 56
3 46
4 41
48 67
29 63
10 46
6 69
54 67
44 45
18 56
14 18
0 4
8 68
4 10
26 59
0 58
5 11
20 53
3 23
47 63
21 40
4 16
28 53
34 64
32 48
27 40
33 61
10 41
7 35
16 41
23 28
51 68
8 31
7 57
28 66
42 52
5 64
67 68
44 66
18 66
19 59
33 69
46 65
23 65
21 49
4 31
62 65
23 63
6 29
54 59
13 69
31 47
24 67
33 40
10 58
29 69
42 63
12 52
43 62
1 19
19 64
2 24
0 8
24 53
3 5
51 63
21 58
52 56
26 55
0 46
56 59
20 33
57 58
8 39
22 43
16 39
36 42
17 56
37 53
38 58
1 20
47 67
3 10
26 62
0 37
32 69
47 48
19 21
28 56
2 39
48 69
20 22
3 54
25 69
6 33
30 34
38 65
8 52
31 59
5 52
11 33
18 28
40 49
54 65
51 65
13 43
9 27
24 29
38 61
39 56
56 64
19 52
5 9
57 68
47 57
29 54
33 51
30 37
35 37
27 64
16 43
36 38
37 39
14 27
10 27
18 64
13 24
24 48
14 39
51 56
1 50
58 69
21 63
4 25
22 60
59 67
33 52
6 19
7 26
31 41
24 69
6 53
1 69
40 69
12 54
38 47
43 48
17 69
0 20
1 17
22 68
0 10
25 54
21 56
2 48
12 64
9 66
23 54
47 53
32 38
9 36
33 39
23 44
6 44
16 25
25 66
49 68
8 15
31 60
35 57
18 35
9 14
16 63
12 45
18 61
55 64
38 56
45 51
10 23
24 62
8 65
26 60
3 18
25 33
47 50
7 8
22 32
9 45
30 32
15 67
50 69
22 26
11 35
42 47
6 57
13 41
37 60
24 31
16 69
0 24
14 56
12 24
15 61
33 64
14 34
1 63
10 66
19 28
2 60
29 52
62 66
27 44
39 68
7 31
63 66
6 48
40 58
41 59
13 34
11 62
53 66
10 25
44 62
45 63
22 67
20 56
51 58
58 67
4 27
20 38
62 69
27 37
23 59
13 65
9 33
16 36
34 43
17 33
52 65
31 49
7 50
8 10
26 69
18 38
42 59
16 58
29 65
17 59
8 16
1 23
2 20
14 44
3 9
1 9
19 42
2 14
56 63
20 45
3 47
27 58
57 62
47 55
28 61
5 45
29 32
9 42
23 46
38 66
2 66
15 68
7 43
8 49
35 59
36 60
13 46
55 66
16 64
25 27
39 63
49 54
20 69
14 55
3 14
27 29
4 9
28 30
2 9
0 57
46 57
29 31
25 39
19 25
32 63
5 22
27 41
16 18
6 37
30 38
5 48
11 37
9 53
18 24
17 53
41 48
9 31
14 20
15 17
12 26
15 63
13 27
19 56
14 32
10 64
15 37
19 30
