nnodes nedges type
70 600 graph
nodename posx posy weight
0 -2.3686962486924883 -3.960278832927542 4730
1 -3.430361345154683 -4.9582622211997345 1840
2 -4.021221665805153 -4.561112292097219 3129
3 -3.1304844745379885 -4.502755767285421 3587
4 -2.5697683780119283 -3.8740804925621157 2553
5 -3.524200889728659 -5.394824137590676 3449
6 -2.855896586810241 -2.8633112532863434 1474
7 -2.6906609738381 -3.305418658291517 1957
8 -3.7297339692536084 -3.2104314721646094 3365
9 -4.0770184428075815 -5.19769592642466 2147
10 -2.167756159501204 -4.139476838355786 4234
11 -2.700696079794306 -4.716505483248345 1476
12 -3.8152829133911985 -4.661050555674447 3001
13 -3.562585360413378 -4.9909187500912875 3484
14 -2.7602026370508055 -4.199502383501104 1373
15 -2.544360724181025 -5.21682761475535 4654
16 -3.9889990723113264 -3.9677420286110436 4029
17 -4.262294640979427 -2.8615114895527176 1750
18 -4.369070096530651 -3.5917713351803813 4107
19 -3.23078274211206 -3.6998370310467155 4210
20 -4.331574287873 -4.332569369025935 3617
21 -2.1959794108487682 -4.563721564406664 4734
22 -3.0850463894809304 -3.085321236918996 1717
23 -3.7552599303967895 -3.7393386707168927 4342
24 -4.234548338968425 -3.2042582613323005 1255
25 -3.4594988049415654 -3.216519681445642 2349
26 -2.3082340065169795 -3.197893330200551 3961
27 -2.7401716670619627 -2.4860065358155907 1907
28 -3.429776566917007 -4.277775449129071 2374
29 -2.7859917390196984 -4.860847523009073 3618
30 -1.924300126543445 -3.981642743516235 4978
31 -2.4011929537203662 -4.736886316690912 4620
32 -3.4228695530634767 -3.769230058536159 2618
33 -3.093764262393767 -4.172150383294187 1258
34 -2.4783680791503495 -4.219421660444159 1600
35 -4.4792135816950465 -4.803729816527678 4733
36 -4.68752345608007 -3.517077946522959 4257
37 -3.5920710638431768 -4.608442834241908 4662
38 -2.054695159239797 -4.39777340447171 3273
39 -3.18632192103837 -4.683093428525824 3970
40 -2.988743798356057 -3.309304912510125 3592
41 -2.61066677471592 -3.0824200147844976 1485
42 -3.660403259319312 -3.997784555849651 3195
43 -2.921469343531741 -5.093386725006218 2079
44 -2.6375685138393083 -4.50702992525232 4575
45 -4.0897428259335555 -5.0335470322389915 3529
46 -3.280064180507876 -4.235754646197612 4828
47 -3.2482793945167927 -2.607056685599829 4489
48 -3.4518385000745107 -2.855710573229257 4532
49 -4.52181390311919 -4.4101589246783925 3578
50 -2.6602607497715463 -3.594629239323173 4107
51 -3.9392456400878006 -4.286547803046658 3358
52 -4.769757947730475 -4.047259838372325 1403
53 -3.6315285861760866 -2.709455010898553 2723
54 -3.1410303844344276 -3.475493941707533 2638
55 -4.549905238149553 -4.168546022542174 3602
56 -3.717422160790007 -3.5151952000682374 1725
57 -2.174609915189643 -3.6161691179941653 1951
58 -3.0278242534441273 -3.9152200503092773 1816
59 -3.182326573997423 -5.093685935943155 3373
60 -3.8318861242845688 -5.318512768454219 2595
61 -2.212984877479366 -5.020922897676776 3006
62 -4.4106990489632185 -3.869616574157282 4383
63 -4.235008531941605 -4.0551608452865775 4272
64 -3.9010743185021943 -3.0187078539843886 4315
65 -4.023700030383036 -3.4621499706838628 4022
66 -4.271902231977581 -4.5769724919107695 1540
67 -2.1569705537864357 -3.3174485560790057 1713
68 -3.0577346290503553 -5.501823473897048 2874
69 -4.3314052911676315 -3.3976877520994875 1905
endpoint1 endpoint2
22 57
20 25
62 64
29 50
30 41
28 41
8 63
5 57
9 62
33 41
10 61
7 55
13 32
41 57
42 62
38 40
11 22
44 56
1 28
51 60
25 49
58 65
26 54
22 48
20 32
53 62
23 53
4 35
28 32
0 67
55 56
29 37
35 46
36 41
34 41
42 57
6 67
10 14
8 18
37 54
44 55
45 54
49 51
2 18
43 69
14 50
3 11
25 58
21 68
6 14
21 46
37 68
58 59
32 58
33 59
6 32
30 61
40 42
31 56
11 46
3 68
54 64
37 63
9 20
24 28
26 30
8 69
24 40
5 10
4 17
26 34
32 49
14 65
3 60
23 33
4 63
28 44
34 59
7 34
22 30
50 65
11 39
9 59
42 43
23 31
12 32
10 48
37 56
18 48
42 53
9 29
10 26
15 19
39 54
14 60
0 50
24 47
3 31
25 46
58 68
21 48
27 32
54 56
28 43
4 38
5 39
29 42
16 33
29 68
42 60
14 29
38 46
39 47
0 19
45 59
49 56
47 69
15 44
4 7
46 51
3 42
23 55
2 45
58 62
7 16
32 37
55 58
9 37
16 24
6 47
49 69
37 42
11 43
6 65
13 49
37 52
38 59
25 56
46 58
3 19
21 44
37 66
29 60
20 23
9 46
6 38
35 63
6 56
12 43
40 50
36 56
17 48
13 42
39 59
15 50
0 61
20 48
1 56
4 19
33 50
6 25
21 31
35 36
27 67
23 25
12 34
7 58
11 63
42 51
43 58
15 29
44 61
12 22
1 31
24 49
20 63
51 59
25 44
23 66
58 66
0 42
1 43
39 66
4 32
28 37
7 21
1 68
18 41
65 66
7 64
22 69
19 69
2 23
0 11
25 53
15 46
2 49
35 69
56 62
46 49
22 52
53 58
3 44
1 44
23 49
21 33
28 60
32 39
3 50
33 38
25 65
37 40
9 13
16 48
38 39
36 51
8 22
48 54
38 57
10 20
14 54
8 66
28 29
19 48
5 13
20 43
3 21
60 66
30 31
19 22
37 64
32 62
33 63
38 68
8 55
17 28
22 27
11 34
16 55
40 52
37 59
9 24
14 23
11 30
0 25
12 25
1 4
56 67
13 28
2 3
3 26
51 52
25 41
28 50
19 31
26 46
22 56
14 69
53 54
30 40
8 62
32 43
31 45
29 45
24 65
23 27
30 50
1 65
17 47
14 30
38 43
53 65
12 58
15 31
11 23
48 58
45 62
49 59
13 21
22 64
14 42
19 36
53 63
2 46
8 37
13 64
5 35
16 37
10 39
17 32
49 64
37 45
11 54
18 39
42 56
6 66
36 54
12 15
45 55
49 60
2 21
0 13
47 65
3 8
25 59
19 45
2 15
32 67
24 32
20 46
53 56
57 61
4 41
28 62
8 44
16 28
40 41
34 35
11 47
9 51
16 50
12 40
3 69
8 24
13 45
12 28
4 10
0 58
29 30
27 50
1 59
2 32
22 39
6 26
34 58
31 38
18 25
9 52
51 68
17 52
13 38
18 51
14 21
38 54
64 66
11 16
44 66
41 64
18 66
24 46
46 65
33 69
20 60
51 54
23 65
26 44
3 34
27 33
23 63
28 42
9 61
33 40
10 58
18 42
42 63
38 41
12 52
39 44
44 57
12 18
45 60
19 64
50 62
0 8
14 40
51 63
0 46
56 59
4 44
3 49
59 60
6 46
30 59
60 63
10 37
8 13
34 38
31 50
7 47
16 61
12 51
11 14
42 64
38 58
1 20
47 67
3 10
0 37
3 16
1 32
47 48
4 43
2 39
32 59
22 34
29 61
20 22
33 58
10 44
2 65
5 52
11 33
9 49
16 52
12 42
36 63
54 65
51 65
8 26
37 62
18 54
1 7
56 64
33 66
1 57
2 62
32 50
29 54
33 51
34 56
7 29
31 32
5 61
11 38
27 64
18 23
41 53
11 60
13 62
44 60
0 29
3 30
21 63
19 35
0 41
20 36
3 36
6 19
34 51
32 47
31 41
55 60
9 35
34 45
7 48
29 67
16 56
13 55
44 59
1 11
52 58
26 53
32 64
2 48
1 45
23 54
47 53
22 41
48 64
17 36
18 35
37 51
44 50
55 64
39 61
2 17
24 62
4 15
45 68
24 36
5 14
25 33
21 43
28 58
19 23
7 8
15 67
31 37
6 57
12 36
51 67
17 55
41 50
37 60
18 52
16 69
39 58
15 61
13 29
0 62
46 66
51 53
25 42
28 49
2 60
14 68
62 66
33 49
16 23
21 30
39 68
34 54
31 34
33 43
24 64
16 45
4 64
1 66
7 53
14 25
28 51
12 23
66 68
22 67
19 63
24 50
14 37
20 56
21 61
19 37
26 40
62 69
1 42
6 17
36 65
9 33
33 44
10 38
37 46
9 11
11 13
42 69
13 15
2 20
0 12
24 57
1 9
26 51
0 34
20 45
53 57
60 68
1 35
4 40
2 40
58 61
32 56
29 32
33 37
23 46
10 33
2 66
7 43
5 55
9 12
16 49
18 59
39 63
20 69
0 3
28 30
26 58
5 12
20 52
29 31
19 25
34 67
32 63
16 18
23 39
4 61
10 40
41 46
7 32
16 40
23 29
17 53
41 48
28 65
11 59
18 50
42 55
5 65
12 60
10 28
64 65
24 45
25 40
21 50
19 30
