nnodes nedges type
70 600 graph
nodename posx posy weight
0 1.7806236884895563 -0.052719254821849276 4850
1 2.2882141489102965 0.027918376006200465 2290
2 0.9160471700824305 -0.5982381666689824 3692
3 1.506272125577164 1.1708588346181523 4569
4 2.71488826600836 0.24150768427335864 4394
5 1.1122127387656147 1.491335095147532 3255
6 1.3546798763362866 1.712892469009901 4290
7 1.868855210503668 1.572314574903288 1439
8 2.5675790678861032 1.1694705609479579 3565
9 0.6330722745296491 1.0432665047721692 3711
10 1.7569868635408321 -0.8280857567564751 1417
11 0.9401052698502426 0.8288125388357976 3251
12 0.24736927670445122 1.056958121512946 3448
13 1.8056653392737851 1.3457984774790148 3022
14 0.7084321021984322 -0.30486988345758825 4415
15 0.373277074808236 0.9478158681002067 3374
16 1.45580410035009 -0.6437692297987834 4299
17 2.470844911374972 -0.31157434729638417 4553
18 1.70852194534574 0.7879261484133203 2121
19 2.7921902062135495 0.7930713854144193 4570
20 1.4839711024936446 0.42592226698758356 1728
21 -0.018060869404763022 0.04923423638182271 1323
22 1.407594364261371 1.6354856787290828 2961
23 2.18765399047645 1.051020971772327 4514
24 0.4000867444647411 0.020057845484420352 3082
25 0.8232223566117367 1.7595392682848998 2648
26 2.501345906360232 0.179596556239973 3042
27 1.278251655892286 -0.18420527218038688 2541
28 0.5133356631576266 1.4282779905594079 2866
29 0.6079464603190508 0.4397762833999804 4687
30 2.361839978187636 0.35353954312527647 2288
31 2.3045590964564715 1.5046106077782997 2382
32 1.4662822760848584 0.6315269704520958 1935
33 1.257212747302473 -0.3228195456982244 2947
34 0.46082623414020585 -0.4962985126525285 4943
35 2.016268115222555 -0.34538258055801935 1078
36 0.9999458218132222 1.1266317604319358 2574
37 2.2908837247382614 -0.6822653304043264 4661
38 0.5902577625445561 -0.020366491992326412 2493
39 0.44777988991428985 -0.3312720175462086 2371
40 0.07543413937125916 0.610034585185756 3493
41 1.7136872798636316 1.8932261390654122 3259
42 1.15525566875055 0.3020320065747119 4505
43 1.8221635690492055 -0.6408514449169287 4032
44 1.109430355835973 -0.879790301006465 4517
45 0.9808441360068546 1.7834093586952209 2164
46 1.3134127550872396 -0.6896923974610119 3136
47 1.833369810225685 0.2981440451864239 3565
48 2.208024592968163 0.6030985714259519 2668
49 0.060751285087411976 0.3422683786186027 4494
50 0.9091711736633594 0.35108049777384326 1410
51 -0.1348586448279995 0.9315745888595747 3855
52 1.2715366935206671 0.6829777133698165 1670
53 0.7278387315545557 1.2764296248015659 1786
54 1.2605528939652266 1.085876350604668 2818
55 2.1930989840857067 -0.3783121023842535 2842
56 2.006546107595663 1.279297852487344 4142
57 0.22290677284952534 0.21613045229100966 2305
58 1.6127094106070177 -0.19954109807829315 2541
59 2.0352412528388055 0.5583188767857094 1293
60 0.3865980400955291 0.6267472931288822 3948
61 2.0996952308449934 0.7669613633524667 1247
62 1.482412132316422 0.060388888069745905 3531
63 0.8555719988905096 0.6238191265457265 1868
64 1.025971559197714 -0.12000501625432108 1429
65 1.9444625087210667 0.448071206159185 4503
66 1.8051594884042166 1.1986318774123397 4069
67 0.03015017875677611 -0.2863863047219017 2253
68 0.6500507563891066 1.5216312786491741 3680
69 0.7550123895259002 -0.739807005036948 3702
endpoint1 endpoint2
26 47
22 57
62 64
27 46
33 55
6 28
34 52
17 20
18 19
23 26
1 64
34 46
11 48
17 64
7 68
19 65
0 55
24 52
14 43
15 34
2 53
3 40
6 23
54 61
28 32
7 22
32 35
9 39
33 34
30 58
11 41
8 18
44 55
48 50
45 54
50 56
24 33
1 33
57 60
23 50
28 63
58 59
29 62
20 21
16 29
6 32
5 53
35 61
18 31
44 46
38 60
45 47
39 57
33 67
46 63
3 22
1 58
4 17
34 65
27 43
33 60
6 27
30 36
50 65
9 59
6 61
12 32
17 43
7 56
41 54
28 67
44 67
15 57
4 24
59 64
23 62
6 18
34 50
32 46
55 61
9 60
33 47
40 62
10 59
34 44
31 52
29 68
14 29
40 68
43 49
30 64
45 59
0 9
47 69
51 62
4 7
19 41
0 47
5 6
27 57
21 35
0 69
55 58
3 48
59 63
30 56
31 61
13 49
18 60
55 65
48 52
45 52
14 48
47 66
1 13
26 63
46 58
20 41
60 64
4 20
7 9
5 41
20 23
33 57
25 68
40 44
8 53
50 68
17 30
11 32
18 29
6 56
36 56
51 64
37 61
5 68
0 7
14 59
13 30
0 61
33 65
24 42
10 69
47 56
26 32
32 51
5 18
11 67
3 62
23 35
39 69
30 42
34 57
17 23
7 28
31 35
22 28
23 25
10 62
41 52
37 38
15 29
13 61
48 56
13 23
22 66
14 36
20 63
4 26
2 54
26 43
0 42
22 61
27 34
16 35
31 54
37 47
18 41
42 68
12 13
1 16
50 61
1 10
19 43
2 49
56 62
20 44
12 65
27 59
1 44
9 65
6 11
47 52
4 47
7 18
33 38
23 47
6 45
16 26
17 27
15 69
11 45
9 13
3 67
8 22
48 54
10 20
20 68
0 2
1 3
8 66
21 64
26 61
27 48
1 37
57 64
30 31
7 11
32 62
30 33
8 55
50 66
31 36
5 49
63 68
16 55
54 68
7 63
31 66
9 24
18 53
25 29
15 22
39 53
12 25
0 63
14 35
3 26
25 41
47 58
21 51
26 46
32 53
14 69
29 51
62 67
27 47
3 32
6 31
28 40
34 55
32 43
31 45
5 58
35 38
4 65
1 65
17 47
7 52
11 49
18 44
42 49
12 58
39 50
11 23
44 63
1 29
24 51
20 57
1 55
52 62
12 68
53 63
27 36
23 58
54 60
2 46
0 66
7 23
29 38
9 32
10 39
17 32
29 64
11 54
42 56
62 63
12 49
17 58
39 43
37 55
1 22
0 13
24 58
3 8
15 40
46 55
6 9
9 41
38 67
4 55
2 67
35 58
37 48
9 21
24 27
10 18
16 65
39 62
14 52
25 60
15 49
26 59
29 30
20 53
25 38
47 63
4 16
2 32
32 48
29 56
33 61
50 64
41 45
5 63
11 36
18 25
23 28
12 39
8 31
28 66
11 58
13 26
14 33
3 28
23 65
15 36
32 55
22 62
29 49
33 54
21 27
4 37
34 53
8 32
32 45
33 40
24 67
52 69
7 54
42 63
12 52
43 62
15 25
44 57
12 18
45 60
1 19
13 19
2 24
0 8
50 62
3 5
51 63
25 48
0 46
46 50
20 33
1 47
2 44
32 36
55 59
61 68
6 46
36 42
10 37
8 13
7 47
18 37
36 48
43 55
8 19
11 14
1 20
49 50
2 19
43 68
50 57
24 60
15 42
21 67
26 62
32 69
24 34
57 67
6 15
2 39
5 42
20 22
10 44
8 52
15 65
5 52
9 49
18 28
16 52
43 44
37 62
15 21
20 64
56 64
0 60
46 60
20 55
25 36
47 57
21 54
4 18
2 62
26 35
3 63
23 32
16 21
8 59
32 40
31 32
11 38
35 37
23 30
40 56
36 38
17 42
13 36
14 27
12 63
10 27
0 29
12 21
19 61
24 48
20 62
5 28
27 35
33 52
30 44
28 36
32 47
55 60
30 54
36 45
17 35
49 67
42 61
38 47
12 54
40 69
39 46
7 65
19 66
43 65
0 10
1 11
52 58
56 61
3 45
23 54
47 53
2 42
58 63
7 19
29 34
33 39
25 66
4 52
34 36
12 45
3 64
17 62
13 48
9 16
45 51
39 61
8 65
15 52
0 39
46 59
5 14
19 23
2 37
7 8
40 45
15 67
5 50
11 35
18 26
16 54
6 57
36 57
43 46
13 41
11 57
9 25
16 69
15 23
20 49
27 54
51 53
25 42
10 66
28 49
22 59
3 33
27 44
62 66
30 43
4 58
32 42
63 66
5 59
1 66
41 59
7 53
42 48
53 66
12 57
11 20
44 62
41 68
66 68
15 58
13 22
20 56
1 48
0 43
5 26
20 38
36 65
28 38
34 49
7 20
0 65
32 33
13 65
5 36
30 52
52 65
17 33
37 46
17 59
39 40
13 53
42 69
12 14
45 56
13 15
22 53
9 64
60 68
23 48
47 55
28 61
61 64
3 53
9 42
38 66
31 62
35 59
18 33
16 49
54 66
36 60
8 23
48 55
16 64
15 54
45 66
46 57
47 60
4 23
28 52
34 67
32 63
38 69
7 32
22 24
10 50
8 30
37 58
11 59
42 55
39 52
0 26
18 69
15 63
13 27
19 56
46 64
21 50
28 51
2 58
