nnodes nedges type
70 600 graph
nodename posx posy weight
0 0.7181917225699864 0.11549096665705554 1735
1 0.710174073157916 0.3497305854913082 3441
2 -0.13669137121377575 1.4615408063331214 2726
3 0.8037129033050067 1.812230315997435 3853
4 0.6300067537400049 0.9048684836649509 3802
5 -0.4256666916931011 2.2493596746117785 4134
6 0.11303031542410953 0.1254504501945226 1906
7 -0.5281551155647203 -0.08059942309565162 1997
8 1.019402735607633 -0.24947461217172512 2799
9 1.381730416051317 1.7246126749093362 1401
10 0.01710184801994463 2.361176672506564 3180
11 -0.9481871438744516 1.625609966140198 3712
12 0.448528520783545 -0.15020679076154267 3576
13 -0.770748843255756 -0.22318036128963406 3870
14 -0.3257830303945046 0.782353974295633 1067
15 0.374348981623359 0.3801477408563552 4500
16 0.757686802232213 1.577861420810174 1245
17 1.1188039687263147 -0.07091768158562564 1210
18 1.189581555073468 0.7789006087678348 1286
19 0.5651139313218912 0.3961978393267751 3641
20 0.47532868190188204 1.5833306714019795 1792
21 1.5119853956941163 0.7201650599186935 4930
22 1.47110417365545 0.4328259473742867 4222
23 -0.8386088985802956 0.5185143289713133 3588
24 0.24622438849400022 1.8703834126141743 1239
25 -0.9699187137867736 1.4437753056144609 3523
26 1.2586705658648691 1.4260795908490362 4302
27 1.4514145164869272 0.962915335567298 1907
28 -0.6469541972554715 0.6285060550926304 3494
29 0.1512915220849959 1.6734328422825222 1777
30 0.3010751907316047 1.298560303670871 1146
31 -1.1386893788840098 0.6568934568325805 2551
32 -0.10691840617518018 0.887932868264493 1763
33 0.92489550158537 1.2334479562954037 2716
34 0.46377735431035483 0.902227021373886 1002
35 1.0006205396444585 2.2843333627793663 3656
36 1.1425198105091667 1.1335879889455707 2992
37 1.0916037092812072 1.7717454720955415 1106
38 0.5216606381691511 1.2405146594357888 4781
39 -0.5635990529735478 1.250666715529316 4965
40 -0.01974558743498147 0.012974593548099026 4968
41 0.16793149085895953 -0.3973340393832288 2284
42 -0.61008488538294 0.1956597849894886 3501
43 -0.27824272603540373 1.2409760419317888 4387
44 1.462960382196721 1.2474045767946438 4320
45 1.3042410792401946 0.08241738366818174 1756
46 -0.12018460906361343 1.7625008171321217 3735
47 0.6415865061583258 0.6386796748565327 3919
48 0.518674395052049 2.022076453054357 4453
49 -0.5559364787109838 0.9935518049187858 3998
50 -0.2992917019132518 1.8134938465889048 4695
51 -0.8924588189526993 0.8445112403394716 4115
52 0.8107047336366691 -0.15292893198848842 1335
53 -0.15827860669721114 0.23168971324656307 3951
54 0.7564662809081092 2.1071753571998264 2757
55 -0.39061318891388935 0.3475480724172215 1197
56 0.1126382124919083 0.4925168142502592 2603
57 -0.9928605500830542 0.1656690848147811 4720
58 0.0009082689560047048 1.0887424163503658 2894
59 1.3279951586356789 0.334306804735784 2920
60 1.0413771881952514 0.6735554820803963 1959
61 -0.6017990174161232 1.5626273559208068 2321
62 0.1513631065020255 0.6935929898408831 4137
63 -0.6680524183742167 1.8766841964215348 3939
64 1.766817280722245 0.9873896306534227 4084
65 -0.47787113061322933 -0.38988342623155625 3719
66 0.08483108912460671 2.1555431701032033 1911
67 -0.09993741084738644 -0.22128651808078056 2243
68 -0.7330356169081367 1.0015016847713152 2719
69 0.6985021232074862 -0.5689200678784673 1764
endpoint1 endpoint2
26 47
11 68
27 46
6 28
36 68
34 52
17 20
32 44
18 19
16 47
1 64
10 61
52 68
41 57
13 32
18 45
14 31
38 40
43 63
15 30
39 45
30 66
0 17
7 68
12 17
1 28
49 58
20 58
15 34
21 59
5 24
20 32
53 62
12 69
6 23
21 37
28 32
2 47
55 56
29 37
59 61
33 34
60 62
8 12
42 57
10 14
39 42
37 54
18 62
50 56
25 58
32 68
24 33
1 33
2 38
20 21
3 55
33 59
30 61
37 63
9 20
45 47
15 48
5 20
33 60
30 36
31 33
22 30
11 39
42 43
36 37
7 56
11 61
9 29
42 53
14 26
53 69
15 57
19 58
24 47
20 61
1 51
25 46
51 57
26 45
3 37
21 26
4 38
34 50
32 46
5 39
16 33
40 62
30 49
34 44
29 68
14 29
40 68
15 24
39 47
13 56
44 58
1 18
49 56
19 67
0 9
24 54
51 62
19 41
56 60
46 51
20 34
6 21
4 45
8 40
0 69
22 40
58 62
29 35
55 58
16 24
11 43
6 65
13 49
42 65
55 65
50 54
14 48
8 64
15 53
45 69
19 46
4 14
2 10
6 12
47 51
4 20
19 20
25 68
6 38
50 68
18 29
9 48
16 53
9 26
24 30
5 68
38 50
11 28
56 65
19 55
2 5
20 48
1 56
6 7
47 56
2 63
16 22
6 25
28 46
7 28
32 41
35 36
18 20
6 51
40 57
7 58
11 63
38 53
10 24
15 29
39 48
12 22
15 59
19 60
2 28
24 49
15 33
58 66
26 43
20 37
62 68
1 43
23 56
54 62
36 64
22 23
31 40
30 55
36 46
52 64
34 42
7 51
49 66
29 66
18 41
42 58
36 52
42 68
50 61
14 47
19 43
52 59
53 58
27 59
1 44
3 44
12 65
28 60
58 60
32 39
5 46
61 65
3 50
33 38
17 27
7 40
38 39
3 67
8 22
24 25
55 67
20 68
0 56
24 37
3 21
5 23
29 58
40 46
4 60
34 60
41 47
22 27
50 66
9 54
6 62
7 63
37 59
9 24
5 66
14 23
11 30
12 25
1 4
13 28
2 3
24 44
20 50
47 58
3 32
27 47
17 21
32 43
7 30
5 58
27 69
10 60
17 47
11 49
42 49
14 30
38 43
12 58
11 23
22 64
19 62
1 55
51 61
19 36
52 62
0 44
5 25
1 41
6 22
21 38
36 66
5 35
55 57
29 38
30 53
36 40
34 40
11 54
26 66
9 10
13 52
42 66
13 14
2 21
43 66
0 13
14 45
15 40
32 67
20 46
53 56
12 67
23 51
6 9
28 62
8 44
32 57
22 44
7 12
23 41
40 41
4 55
10 46
34 35
11 47
44 45
18 56
14 18
49 53
27 28
15 49
26 59
25 38
4 16
28 53
19 24
2 32
32 48
29 56
33 61
16 19
4 62
8 57
41 45
6 60
41 55
7 57
42 52
15 16
18 66
19 59
0 49
23 65
15 36
22 62
29 49
23 63
6 29
30 46
4 37
34 53
30 48
52 69
43 62
0 18
12 18
45 60
49 57
51 63
1 53
15 45
19 38
2 50
35 64
53 61
28 33
9 38
16 39
6 46
61 62
36 48
8 19
11 14
44 48
9 18
49 50
0 15
47 67
1 32
6 15
4 43
19 21
28 56
7 14
29 61
23 43
30 34
15 65
35 60
10 54
31 65
44 47
16 67
0 6
14 58
27 30
13 31
56 64
0 60
20 55
19 26
32 50
22 37
4 56
32 40
31 32
5 61
27 64
17 42
37 39
38 52
53 68
43 59
0 29
2 31
24 48
14 39
51 56
58 69
15 38
3 36
33 52
32 47
9 35
6 53
36 45
34 45
31 55
35 48
40 69
12 54
43 48
17 69
39 46
44 59
0 20
48 62
43 65
1 11
2 48
26 53
32 64
46 48
20 35
21 34
4 46
2 42
7 19
32 38
48 64
29 34
61 66
59 62
9 36
16 25
4 52
10 35
8 15
17 36
16 63
17 62
37 51
44 50
14 15
38 56
2 17
24 62
3 12
1 12
21 65
19 49
26 60
0 39
27 49
6 13
19 23
34 69
26 38
32 61
7 8
33 56
4 51
34 63
15 67
8 54
22 26
5 50
51 67
41 50
7 60
37 60
11 57
10 30
15 23
20 66
41 67
33 64
24 43
51 53
47 59
21 52
4 28
2 60
11 66
20 31
33 49
21 30
30 43
34 54
32 42
9 56
18 21
40 58
10 63
17 40
10 25
41 68
1 30
15 58
0 53
51 58
15 32
4 27
2 55
0 43
5 26
27 37
34 49
9 33
36 47
10 38
34 43
41 60
31 49
37 46
18 38
42 59
36 53
39 40
7 67
55 69
12 14
45 56
49 61
50 58
24 57
3 9
2 14
35 68
0 34
32 66
56 63
53 57
9 64
57 62
6 8
4 40
32 56
29 32
16 27
30 63
4 54
31 62
18 33
6 68
12 47
36 60
3 66
10 11
31 68
9 22
48 55
38 62
39 63
1 2
24 38
1 36
4 23
34 67
3 58
23 39
16 18
40 47
34 61
50 67
31 39
5 48
18 24
23 29
40 53
12 38
10 50
8 30
17 53
13 39
37 58
25 28
15 17
67 69
41 65
14 62
18 69
1 27
19 56
25 40
