nnodes nedges type
70 600 graph
nodename posx posy weight
0 -0.5008965248726547 -2.6110356248167137 4832
1 -0.6766711135690807 -2.396411706841506 3663
2 -0.612087498405237 -2.7182169334560733 3529
3 -1.675565181072435 -1.9126181109205038 3777
4 -0.37212625635869956 -1.3417546645245118 2426
5 0.25544666226336527 -3.5180832421763126 1474
6 0.46956268493008724 -1.4118414475963252 1535
7 0.9285737995938864 -3.4379412028220058 3206
8 0.5814544510070885 -1.64474124116555 2345
9 -0.1022210168189872 -2.0987357600227448 1138
10 -0.20048387261294945 -1.295100212806402 2419
11 -0.7524430706516432 -2.0653436573093686 2846
12 -0.8439991894781185 -3.5149304968099737 3611
13 0.5403465964226175 -2.1756500342770053 4722
14 0.3643061887879343 -2.489372052219441 1442
15 -0.7535351303456502 -3.9418964875004914 2513
16 0.3240433300479345 -3.1953029944813416 4625
17 0.7232591565707964 -2.471787893672731 3374
18 -0.6027877656391617 -3.546291600120395 3835
19 -0.6417626025642525 -3.107212707959528 3249
20 0.7715361474627302 -1.738288473717016 4674
21 -0.07622111545842716 -3.2635979498052823 4513
22 0.5245917787555802 -2.8446760725433253 1312
23 -1.0994087128716659 -2.521807988725946 1991
24 0.6016464828096537 -3.405990146277639 3247
25 1.114935519880295 -2.086494376314078 2999
26 0.03666189521100444 -4.025018281515401 3464
27 0.256628071289401 -3.842089923194926 2286
28 0.1695889707955579 -1.823540472943242 3824
29 -1.403282523286734 -3.4467124423582893 3261
30 -0.8142752499474465 -1.3514555457378774 4098
31 0.49359947713428215 -3.8172421265557186 2123
32 0.10107711904888303 -3.310944343327719 3242
33 -0.9232348942906903 -3.3470252218337095 1442
34 -0.43624341300541336 -3.02337762616266 1243
35 -1.1029485366979601 -1.9991361289675735 1425
36 -1.2754975200756589 -2.7360661788400145 1168
37 -1.579349929716241 -2.5091577735264767 2389
38 -0.2653006503949461 -2.3751903666409397 4094
39 0.2500140068821546 -2.0701349258722415 1695
40 1.23969253857583 -2.508995166976584 1706
41 -0.2200272976764813 -1.628323366628812 4569
42 0.7577521529025347 -2.95217576489254 2115
43 -0.08696647067978243 -1.8742269533843605 3592
44 0.8679759262189847 -1.96040809519509 2215
45 -0.23553721743145764 -2.715906821986446 2342
46 0.033299461751298734 -2.4436406435759177 3172
47 -0.9946593391706321 -2.2910582133476263 3529
48 0.9201707017450264 -2.6971909222831556 2476
49 -1.0622657351973934 -2.8415419768779375 2056
50 -0.4525004431410753 -3.7733505459075545 4391
51 1.0127138744517818 -2.432744735945043 4584
52 -0.8029934248750468 -1.8197647115374627 4982
53 -0.7688755777271089 -1.6066553699330395 1104
54 -1.0811805596123785 -3.629159181671384 1581
55 -1.008683260499194 -3.0279225267827963 1740
56 -1.1839189328104986 -3.238911763816183 2903
57 0.15544802905450417 -2.8001180621682678 2710
58 -0.3374122029878475 -3.51736112859659 2689
59 0.9429367315142222 -3.174303970383856 4899
60 -0.3541151886051462 -2.035874355803589 4720
61 -1.5336039694691093 -2.1478952584602315 1065
62 -0.4611963068544185 -1.71347798838755 4209
63 -1.052863102749037 -1.8016974845476166 3553
64 0.2694064633341189 -3.026096824106294 4819
65 -0.24585921899369456 -4.088494611543694 3948
66 -0.23477417431117914 -3.0328347041443973 1379
67 0.23417732757645884 -2.371080519585024 1005
68 0.19548498399216202 -1.4027559531729952 4044
69 -1.547436514318362 -2.9986156130888517 3935
endpoint1 endpoint2
11 68
62 64
29 50
27 46
36 68
28 41
34 52
17 20
32 44
7 25
33 41
16 47
40 60
4 66
52 68
34 46
18 45
42 62
43 63
39 45
13 58
48 59
12 17
2 27
0 55
24 52
1 54
58 65
15 34
2 53
56 58
22 48
20 32
12 69
36 67
8 38
7 22
0 67
5 34
29 37
61 69
33 34
52 67
17 39
61 63
26 67
42 57
10 14
37 54
44 55
1 21
50 56
2 12
32 68
46 52
1 33
23 50
6 14
57 60
2 38
58 59
48 68
3 55
16 29
6 32
30 61
5 53
35 61
40 48
43 45
17 50
8 25
37 63
44 46
14 19
45 47
10 19
49 52
39 57
44 68
0 5
14 53
4 11
0 59
1 58
47 62
21 55
4 17
34 65
11 65
23 33
4 63
7 34
41 44
50 65
11 39
27 65
12 32
11 61
38 55
15 19
13 63
44 67
0 28
14 60
19 58
24 47
14 38
19 32
2 56
3 37
59 64
23 62
30 47
21 26
39 64
54 56
7 27
31 46
13 68
35 43
33 47
6 52
18 43
39 47
14 41
47 69
1 52
2 51
0 47
46 51
53 60
9 67
1 46
23 55
27 57
28 34
8 40
0 69
22 40
25 67
23 45
34 39
11 43
18 34
9 17
45 52
10 22
2 16
8 64
45 69
2 10
46 58
4 20
2 36
22 35
30 35
34 62
31 58
5 51
9 48
18 29
43 47
31 64
37 61
14 17
11 28
14 59
12 31
15 50
19 55
46 61
20 48
1 56
25 43
47 56
5 18
22 28
5 60
9 57
17 41
18 46
53 67
39 48
0 30
18 65
15 59
22 66
24 49
46 68
1 49
21 62
5 27
27 34
59 66
30 45
36 64
28 37
21 24
8 35
0 64
13 66
35 45
9 34
6 42
36 46
49 66
7 51
31 54
43 51
15 26
65 66
0 21
7 64
45 57
13 16
0 11
2 49
26 50
32 65
0 33
1 44
57 63
6 11
21 33
28 60
58 60
7 18
32 39
2 69
9 13
3 67
13 47
44 51
14 54
15 55
28 29
20 43
28 59
2 34
14 66
29 58
16 17
17 28
41 47
63 68
5 49
11 34
16 55
51 66
28 64
11 56
9 24
38 48
20 67
11 30
41 66
44 64
1 4
13 28
19 57
2 61
22 56
23 61
34 55
8 62
32 43
31 45
19 30
35 38
33 42
24 65
16 46
10 60
13 33
15 31
12 16
66 69
22 64
2 26
0 54
24 51
1 55
22 51
3 41
53 63
1 41
21 38
13 64
55 57
31 42
10 39
7 45
26 66
62 63
43 53
8 17
7 66
48 49
49 60
13 14
2 21
50 59
0 13
19 45
26 48
20 46
1 34
60 69
6 9
47 54
23 51
2 41
32 57
16 28
40 41
23 41
10 46
2 67
34 35
31 57
35 58
3 69
44 45
18 56
9 21
38 63
19 50
47 63
21 40
19 24
22 39
23 38
34 58
8 57
17 18
50 64
31 38
6 60
4 68
51 68
8 31
5 64
43 57
67 68
0 27
14 63
24 46
33 69
20 60
23 65
25 47
21 49
19 33
27 33
21 27
36 69
28 42
7 24
5 56
9 61
24 67
7 54
11 51
14 28
38 41
12 52
40 67
39 44
30 67
44 57
12 18
49 57
21 58
2 50
26 55
27 38
6 20
21 36
5 33
29 36
59 60
16 39
36 42
17 38
8 13
37 43
43 55
37 53
18 63
1 20
49 50
0 15
14 51
4 13
19 47
32 69
46 53
57 67
21 45
22 34
48 69
20 22
33 58
23 43
30 34
10 44
31 59
6 59
13 43
9 27
14 16
39 56
11 29
0 60
10 68
19 26
22 37
5 19
3 63
63 64
11 38
35 37
18 23
9 58
16 43
10 49
17 42
14 27
38 52
12 63
53 68
39 49
12 21
18 64
15 56
13 24
19 61
24 48
1 50
4 25
2 57
26 42
0 41
21 25
39 67
4 39
9 35
16 34
6 53
7 48
16 56
65 67
44 59
0 20
1 17
13 17
0 10
1 11
21 56
32 64
22 55
12 64
9 66
1 45
6 10
28 35
32 38
61 66
29 34
16 25
4 52
11 42
35 57
18 35
9 14
12 45
17 62
18 61
14 15
38 56
55 64
15 52
21 65
45 68
19 49
46 59
5 14
22 32
5 40
3 56
9 45
23 37
5 50
11 35
12 36
10 52
13 41
37 60
11 57
14 22
5 67
15 23
39 58
41 67
0 62
33 64
25 42
4 28
11 66
23 34
6 30
7 31
6 48
10 63
13 34
14 25
40 64
53 66
12 57
13 60
13 22
19 63
2 29
1 48
58 67
22 50
46 47
21 39
28 38
32 33
55 62
11 55
16 58
38 45
36 53
8 16
39 40
17 59
1 23
49 61
2 20
0 12
3 9
19 42
0 34
3 47
27 58
47 55
2 40
8 43
32 56
7 13
5 45
29 32
9 42
33 37
16 27
23 46
4 54
7 43
54 66
8 23
37 49
24 26
49 54
50 53
4 9
28 30
2 9
1 36
47 60
21 41
4 23
28 52
2 35
26 36
33 62
16 18
4 61
17 19
7 32
41 46
5 48
11 37
42 45
54 69
8 30
37 58
38 49
12 60
39 52
64 65
14 62
46 64
20 51
25 40
21 50
4 30
28 51
