nnodes nedges type
70 600 graph
nodename posx posy weight
0 -6.878861043616795 -1.1310749303290268 1591
1 -6.941711675632284 -0.01951466629518481 1447
2 -6.9865579808338545 -0.261933669845958 2515
3 -7.247800214081505 0.6403753029489675 1812
4 -5.630977326497718 -0.31892476406208387 2322
5 -6.319666552710111 -1.2412974054998072 2586
6 -6.169297335262444 -1.2278047402297503 4538
7 -5.607400859189115 0.4719142589390425 2202
8 -6.650889083976229 -0.16694513805618005 2086
9 -7.526630400960633 -0.6203619200157073 4426
10 -5.462954424776591 -0.6464183350022632 4499
11 -5.125923017007402 0.5080012754329313 1193
12 -5.462530260415402 0.18615048714139987 2972
13 -6.9907907273560905 0.7699205435523356 1977
14 -6.2631114128658325 -0.042954752270415515 3909
15 -5.413948146495958 0.9181854614673998 3159
16 -6.258863263316593 0.8956434887781112 2011
17 -7.18674107974339 -0.8577253642996575 1043
18 -5.172625612168818 0.710038098960218 3618
19 -6.578000714247124 0.6358151756347356 3110
20 -6.165631527246658 0.16952396328521888 4206
21 -5.69667812574218 1.0795873757178673 4064
22 -5.894195569543506 1.2497843149519896 3415
23 -6.257609845776738 1.0732291138794636 3946
24 -7.300742390972606 0.3609236701085516 3461
25 -4.829087431998696 0.27088747007064373 1316
26 -4.52613376207671 -0.5441296069789536 4626
27 -5.721783983375368 0.5203141528158827 1745
28 -6.561457810639177 0.3571875507367088 2402
29 -7.066963461124167 0.318103901614761 1523
30 -6.872026493792386 0.9594896370251319 1820
31 -6.221765042094859 -0.46607793392076957 1387
32 -6.051177692277234 0.5800220384265177 3310
33 -5.806214742700581 -1.2712088161180726 1838
34 -5.656996050222113 -1.2232414372524059 2372
35 -5.263875513542386 -0.04110414819429965 1372
36 -6.358004086025166 0.20266856936419644 3401
37 -6.827273272562367 -0.5920322058673263 4799
38 -5.375744713338932 -0.3722837633526171 3000
39 -5.851129089681173 -0.1475241953866875 1277
40 -5.401708233451666 -1.4637503276125399 4660
41 -5.062884258967083 0.15669660935795557 1294
42 -4.769715578456966 -0.647128718345469 1144
43 -7.174433306730444 -0.645753947852872 3404
44 -5.913789805174986 -0.7763991868660722 4234
45 -5.381097170708169 0.3526182998347749 1104
46 -4.941160706642199 -0.37457830128841146 4346
47 -6.473996841002928 -0.16089707815542723 4605
48 -5.96146606596336 -0.9964261442434519 4546
49 -6.455661505091344 -0.7591755137239855 3473
50 -6.002137009171281 -0.3457598929951182 1718
51 -7.25648620842598 0.0332771229641375 1495
52 -6.66909724708694 1.1822615854956688 3034
53 -5.966052506645277 0.9572494128249516 2981
54 -4.741865751078325 -0.14214857199765452 4921
55 -4.876147734103394 0.674604690976195 1583
56 -6.245912167409796 -1.5502276862557318 3466
57 -5.106066337988514 -1.1608576288307892 3878
58 -6.446245715265097 -1.0172945755769633 3517
59 -5.143465290706098 -0.9180275835828202 4914
60 -6.814531658119461 -1.2434580440676675 3930
61 -7.181064283521655 -0.31550211657041477 1409
62 -5.806711935542186 -0.5417942728909922 4109
63 -6.912042447112665 -0.9519386258876615 3248
64 -5.913723060752481 0.35799264310469386 2889
65 -7.540283290163537 -0.17609848387464572 3419
66 -5.42291060674866 -0.8668768554970244 4197
67 -6.6238537664143795 -0.5957949328564646 3772
68 -6.344365490344856 0.7000369234471415 4692
69 -6.772093722702798 0.21665193476145306 3059
endpoint1 endpoint2
5 31
20 25
62 64
27 46
30 41
27 68
34 46
7 55
41 57
18 45
40 66
38 40
15 30
39 45
44 56
0 17
14 43
20 58
2 53
26 54
56 58
27 39
36 67
28 32
4 35
8 38
0 67
32 35
10 36
8 12
7 44
10 14
39 42
37 54
9 19
43 69
50 56
21 68
4 12
1 33
23 50
4 42
37 68
2 38
58 59
8 45
22 45
5 43
17 24
7 37
11 46
16 51
40 48
6 58
36 62
28 68
50 51
14 53
19 53
1 58
19 27
26 34
22 36
27 43
33 60
30 36
34 59
8 58
31 33
11 39
18 22
40 55
12 32
6 61
41 54
28 67
9 29
38 55
53 69
12 62
43 56
13 63
11 19
0 28
24 47
3 31
23 64
2 56
3 37
6 18
34 50
32 46
31 46
55 61
9 60
24 68
30 49
34 44
17 44
11 50
29 68
38 46
12 53
30 64
44 58
12 19
13 18
50 63
14 41
47 69
1 52
4 7
0 47
20 34
9 67
27 57
21 35
4 45
0 69
7 16
5 32
16 24
36 43
10 34
49 69
16 62
6 65
44 49
9 17
48 52
38 59
2 16
1 13
8 64
15 53
45 69
4 14
46 58
20 41
6 12
47 51
37 66
5 41
29 60
33 57
25 68
4 50
10 45
15 64
17 30
51 64
8 27
31 64
24 30
14 17
25 31
15 20
11 28
12 31
15 50
2 5
0 61
3 24
23 69
4 19
28 48
20 30
11 67
27 45
34 57
8 60
22 28
31 35
29 47
35 36
36 39
1 67
10 62
13 35
10 24
64 69
44 61
41 69
48 56
12 22
1 31
19 60
2 28
24 49
20 63
25 44
58 66
4 26
20 37
62 68
27 34
21 24
8 35
7 21
5 37
33 45
49 66
31 54
37 47
36 52
48 63
13 16
19 69
2 23
15 46
2 49
22 52
9 65
27 59
23 49
22 46
61 65
33 38
10 32
31 63
9 13
18 32
37 50
24 63
21 64
4 8
0 56
47 61
19 22
26 39
40 46
34 60
17 28
41 47
16 55
8 29
18 53
14 23
38 48
5 66
41 66
1 4
13 28
56 67
2 3
14 35
10 67
47 58
4 29
20 24
62 67
6 31
8 62
32 43
35 38
33 42
24 65
40 59
10 60
18 44
43 60
11 23
48 58
12 16
45 62
66 69
49 59
19 62
2 52
26 41
0 44
56 57
28 39
7 23
5 35
35 47
9 32
6 40
30 53
60 61
34 40
29 64
11 54
6 66
62 63
8 17
13 52
7 66
42 66
13 14
50 59
47 65
25 59
32 67
1 34
6 9
47 54
54 55
37 69
48 67
4 55
5 54
3 69
8 24
37 48
45 48
16 65
39 62
0 4
8 68
28 31
2 6
24 39
29 30
20 53
27 50
25 38
4 16
3 61
16 19
34 58
7 35
5 63
16 41
12 39
14 21
15 16
67 68
11 16
41 64
14 63
18 66
19 59
0 49
33 69
3 28
1 60
4 31
32 55
21 27
54 59
13 69
29 43
16 32
4 67
10 58
18 42
42 63
15 25
44 57
12 18
66 67
13 19
2 24
0 8
1 53
51 63
21 58
2 50
56 59
1 47
28 33
2 44
16 39
34 38
7 47
26 64
16 61
8 19
13 50
11 14
48 51
1 20
50 57
19 47
1 32
6 15
21 45
19 21
20 22
6 33
4 49
17 31
7 36
18 28
16 52
40 49
12 42
6 59
43 44
31 65
37 62
44 47
24 29
39 56
0 6
14 58
15 51
13 31
46 60
10 68
25 36
21 54
2 62
32 50
20 29
30 37
4 56
7 29
63 64
5 61
11 38
9 58
23 30
6 50
10 49
41 53
7 59
37 39
44 60
0 29
12 21
18 64
13 24
2 31
0 51
14 39
3 30
1 50
25 45
4 25
21 25
8 34
32 47
35 42
35 48
43 48
65 67
0 20
7 65
48 62
43 65
35 66
22 55
20 35
6 10
47 53
4 46
58 63
7 19
48 64
3 51
59 62
33 39
23 44
2 68
34 36
7 41
17 36
49 68
3 64
37 51
45 51
2 17
0 1
4 15
20 42
1 38
60 65
47 50
21 43
37 65
22 32
31 37
18 26
6 57
12 36
51 67
8 28
11 57
18 52
39 58
14 56
56 66
13 29
0 62
20 49
3 27
10 66
21 52
4 28
26 33
32 52
5 17
28 47
7 31
31 34
22 29
5 59
9 56
16 45
40 58
4 64
17 40
41 59
11 62
53 66
12 57
10 25
15 28
48 57
12 23
1 30
66 68
22 67
13 22
2 29
14 37
51 58
58 67
52 61
0 43
3 38
4 33
28 38
34 49
8 36
7 20
13 65
5 36
29 39
35 44
6 43
17 33
31 49
29 65
18 38
42 59
12 48
36 53
39 40
44 53
12 14
49 61
2 20
35 68
20 45
61 64
33 37
16 27
25 64
38 66
10 33
31 62
35 59
9 12
16 49
54 66
36 60
17 60
8 23
37 49
25 27
39 63
20 69
50 53
27 29
1 2
15 54
8 67
28 30
2 9
0 57
29 31
3 20
3 58
23 39
38 69
4 61
17 19
7 32
5 48
42 45
6 63
12 38
51 69
10 50
8 30
7 62
13 39
28 65
5 65
39 52
1 27
24 45
46 64
20 51
3 29
10 64
2 58
