nnodes nedges type
100 175 graph
nodename posx posy weight
0 0 0 44
1 1 0 43
2 2 0 194
3 3 0 354
4 4 0 40
5 5 0 181
6 6 0 255
7 7 0 119
8 8 0 159
9 9 0 453
10 10 0 40
11 11 0 401
12 12 0 316
13 13 0 468
14 14 0 138
15 15 0 180
16 16 0 83
17 17 0 459
18 18 0 467
19 19 0 461
20 0 1 292
21 1 1 166
22 2 1 107
23 3 1 191
24 4 1 202
25 5 1 82
26 6 1 152
27 7 1 287
28 8 1 246
29 9 1 13
30 10 1 457
31 11 1 63
32 12 1 248
33 13 1 89
34 14 1 69
35 15 1 166
36 16 1 384
37 17 1 172
38 18 1 97
39 19 1 374
40 0 2 223
41 1 2 466
42 2 2 446
43 3 2 222
44 4 2 205
45 5 2 365
46 6 2 22
47 7 2 280
48 8 2 361
49 9 2 84
50 10 2 268
51 11 2 500
52 12 2 25
53 13 2 338
54 14 2 430
55 15 2 215
56 16 2 176
57 17 2 384
58 18 2 93
59 19 2 486
60 0 3 354
61 1 3 232
62 2 3 417
63 3 3 400
64 4 3 54
65 5 3 381
66 6 3 184
67 7 3 496
68 8 3 356
69 9 3 430
70 10 3 151
71 11 3 166
72 12 3 147
73 13 3 351
74 14 3 165
75 15 3 198
76 16 3 482
77 17 3 357
78 18 3 69
79 19 3 89
80 0 4 500
81 1 4 497
82 2 4 76
83 3 4 175
84 4 4 171
85 5 4 407
86 6 4 274
87 7 4 180
88 8 4 155
89 9 4 349
90 10 4 452
91 11 4 472
92 12 4 478
93 13 4 226
94 14 4 300
95 15 4 386
96 16 4 497
97 17 4 28
98 18 4 51
99 19 4 146
endpoint1 endpoint2
54 55
86 87
0 20
92 93
39 59
55 75
40 41
72 73
73 93
2 22
18 19
34 35
94 95
40 60
72 92
80 81
96 97
42 62
6 7
74 94
28 48
44 45
43 63
52 53
76 77
84 85
25 26
78 98
27 28
35 36
45 65
4 5
3 23
19 39
29 30
37 38
71 91
14 15
6 26
22 42
55 56
0 1
17 18
33 34
31 51
63 83
37 57
53 73
15 16
7 8
67 68
1 21
77 97
22 23
76 96
69 70
8 9
41 61
8 28
54 74
65 66
29 49
61 81
10 30
58 59
48 68
12 13
11 31
20 21
79 99
69 89
50 70
68 88
14 34
46 66
32 52
73 74
34 54
50 51
66 67
56 76
23 24
75 76
83 84
58 78
38 39
90 91
77 78
85 86
24 25
57 58
62 82
42 43
74 75
12 32
28 29
35 55
36 37
51 71
61 62
9 29
30 31
46 47
82 83
98 99
38 58
95 96
16 17
32 33
49 50
16 36
47 67
18 38
4 24
20 40
47 48
33 53
44 64
7 27
23 43
67 87
41 42
2 3
24 44
43 44
51 52
26 46
45 46
27 47
53 54
59 79
52 72
30 50
3 4
71 72
13 33
65 85
10 11
64 84
5 6
66 86
31 32
63 64
1 2
17 37
49 69
70 71
60 80
15 35
75 95
56 57
5 25
21 41
89 90
91 92
60 61
68 69
93 94
9 10
25 45
57 77
62 63
78 79
70 90
11 12
87 88
48 49
64 65
81 82
97 98
26 27
13 14
21 22
88 89
36 56
