nnodes nedges type
100 175 graph
nodename posx posy weight
0 0 0 105
1 1 0 396
2 2 0 20
3 3 0 153
4 4 0 218
5 5 0 116
6 6 0 94
7 7 0 310
8 8 0 147
9 9 0 223
10 10 0 115
11 11 0 440
12 12 0 409
13 13 0 495
14 14 0 296
15 15 0 408
16 16 0 92
17 17 0 91
18 18 0 400
19 19 0 239
20 0 1 377
21 1 1 399
22 2 1 456
23 3 1 219
24 4 1 464
25 5 1 96
26 6 1 31
27 7 1 105
28 8 1 57
29 9 1 125
30 10 1 111
31 11 1 451
32 12 1 371
33 13 1 427
34 14 1 201
35 15 1 222
36 16 1 231
37 17 1 46
38 18 1 17
39 19 1 187
40 0 2 154
41 1 2 60
42 2 2 348
43 3 2 116
44 4 2 478
45 5 2 120
46 6 2 260
47 7 2 270
48 8 2 479
49 9 2 288
50 10 2 201
51 11 2 47
52 12 2 324
53 13 2 230
54 14 2 184
55 15 2 341
56 16 2 415
57 17 2 164
58 18 2 235
59 19 2 275
60 0 3 125
61 1 3 147
62 2 3 11
63 3 3 420
64 4 3 401
65 5 3 326
66 6 3 66
67 7 3 228
68 8 3 332
69 9 3 446
70 10 3 325
71 11 3 294
72 12 3 218
73 13 3 436
74 14 3 267
75 15 3 474
76 16 3 454
77 17 3 86
78 18 3 30
79 19 3 191
80 0 4 244
81 1 4 122
82 2 4 450
83 3 4 39
84 4 4 152
85 5 4 56
86 6 4 68
87 7 4 220
88 8 4 148
89 9 4 40
90 10 4 130
91 11 4 336
92 12 4 239
93 13 4 16
94 14 4 106
95 15 4 7
96 16 4 332
97 17 4 434
98 18 4 250
99 19 4 197
endpoint1 endpoint2
54 55
86 87
0 20
92 93
39 59
55 75
40 41
72 73
73 93
2 22
18 19
34 35
94 95
40 60
72 92
80 81
96 97
42 62
6 7
74 94
28 48
44 45
43 63
52 53
76 77
84 85
25 26
78 98
27 28
35 36
45 65
4 5
3 23
19 39
29 30
37 38
71 91
14 15
6 26
22 42
55 56
0 1
17 18
33 34
31 51
63 83
37 57
53 73
15 16
7 8
67 68
1 21
77 97
22 23
76 96
69 70
8 9
41 61
8 28
54 74
65 66
29 49
61 81
10 30
58 59
48 68
12 13
11 31
20 21
79 99
69 89
50 70
68 88
14 34
46 66
32 52
73 74
34 54
50 51
66 67
56 76
23 24
75 76
83 84
58 78
38 39
90 91
77 78
85 86
24 25
57 58
62 82
42 43
74 75
12 32
28 29
35 55
36 37
51 71
61 62
9 29
30 31
46 47
82 83
98 99
38 58
95 96
16 17
32 33
49 50
16 36
47 67
18 38
4 24
20 40
47 48
33 53
44 64
7 27
23 43
67 87
41 42
2 3
24 44
43 44
51 52
26 46
45 46
27 47
53 54
59 79
52 72
30 50
3 4
71 72
13 33
65 85
10 11
64 84
5 6
66 86
31 32
63 64
1 2
17 37
49 69
70 71
60 80
15 35
75 95
56 57
5 25
21 41
89 90
91 92
60 61
68 69
93 94
9 10
25 45
57 77
62 63
78 79
70 90
11 12
87 88
48 49
64 65
81 82
97 98
26 27
13 14
21 22
88 89
36 56
