nnodes nedges type
100 175 graph
nodename posx posy weight
0 0 0 40
1 1 0 469
2 2 0 103
3 3 0 127
4 4 0 247
5 5 0 368
6 6 0 184
7 7 0 123
8 8 0 472
9 9 0 298
10 10 0 429
11 11 0 210
12 12 0 240
13 13 0 289
14 14 0 473
15 15 0 245
16 16 0 120
17 17 0 67
18 18 0 37
19 19 0 423
20 0 1 9
21 1 1 66
22 2 1 150
23 3 1 170
24 4 1 36
25 5 1 22
26 6 1 87
27 7 1 4
28 8 1 232
29 9 1 428
30 10 1 133
31 11 1 187
32 12 1 78
33 13 1 440
34 14 1 295
35 15 1 18
36 16 1 101
37 17 1 457
38 18 1 493
39 19 1 426
40 0 2 21
41 1 2 120
42 2 2 214
43 3 2 454
44 4 2 173
45 5 2 236
46 6 2 127
47 7 2 320
48 8 2 436
49 9 2 408
50 10 2 101
51 11 2 114
52 12 2 207
53 13 2 370
54 14 2 57
55 15 2 273
56 16 2 390
57 17 2 28
58 18 2 282
59 19 2 213
60 0 3 394
61 1 3 133
62 2 3 429
63 3 3 328
64 4 3 392
65 5 3 77
66 6 3 215
67 7 3 283
68 8 3 361
69 9 3 242
70 10 3 103
71 11 3 420
72 12 3 108
73 13 3 449
74 14 3 415
75 15 3 242
76 16 3 94
77 17 3 479
78 18 3 310
79 19 3 406
80 0 4 218
81 1 4 305
82 2 4 330
83 3 4 347
84 4 4 452
85 5 4 169
86 6 4 79
87 7 4 27
88 8 4 91
89 9 4 365
90 10 4 152
91 11 4 318
92 12 4 379
93 13 4 110
94 14 4 112
95 15 4 487
96 16 4 499
97 17 4 201
98 18 4 128
99 19 4 30
endpoint1 endpoint2
54 55
86 87
0 20
92 93
39 59
55 75
40 41
72 73
73 93
2 22
18 19
34 35
94 95
40 60
72 92
80 81
96 97
42 62
6 7
74 94
28 48
44 45
43 63
52 53
76 77
84 85
25 26
78 98
27 28
35 36
45 65
4 5
3 23
19 39
29 30
37 38
71 91
14 15
6 26
22 42
55 56
0 1
17 18
33 34
31 51
63 83
37 57
53 73
15 16
7 8
67 68
1 21
77 97
22 23
76 96
69 70
8 9
41 61
8 28
54 74
65 66
29 49
61 81
10 30
58 59
48 68
12 13
11 31
20 21
79 99
69 89
50 70
68 88
14 34
46 66
32 52
73 74
34 54
50 51
66 67
56 76
23 24
75 76
83 84
58 78
38 39
90 91
77 78
85 86
24 25
57 58
62 82
42 43
74 75
12 32
28 29
35 55
36 37
51 71
61 62
9 29
30 31
46 47
82 83
98 99
38 58
95 96
16 17
32 33
49 50
16 36
47 67
18 38
4 24
20 40
47 48
33 53
44 64
7 27
23 43
67 87
41 42
2 3
24 44
43 44
51 52
26 46
45 46
27 47
53 54
59 79
52 72
30 50
3 4
71 72
13 33
65 85
10 11
64 84
5 6
66 86
31 32
63 64
1 2
17 37
49 69
70 71
60 80
15 35
75 95
56 57
5 25
21 41
89 90
91 92
60 61
68 69
93 94
9 10
25 45
57 77
62 63
78 79
70 90
11 12
87 88
48 49
64 65
81 82
97 98
26 27
13 14
21 22
88 89
36 56
