nnodes nedges type
70 123 graph
nodename posx posy weight
0 0 0 410
1 1 0 395
2 2 0 4
3 3 0 388
4 4 0 133
5 5 0 438
6 6 0 78
7 7 0 6
8 8 0 471
9 9 0 32
10 0 1 310
11 1 1 27
12 2 1 298
13 3 1 117
14 4 1 228
15 5 1 445
16 6 1 61
17 7 1 181
18 8 1 366
19 9 1 139
20 0 2 177
21 1 2 153
22 2 2 142
23 3 2 76
24 4 2 269
25 5 2 407
26 6 2 14
27 7 2 355
28 8 2 5
29 9 2 316
30 0 3 234
31 1 3 313
32 2 3 202
33 3 3 481
34 4 3 433
35 5 3 311
36 6 3 99
37 7 3 101
38 8 3 411
39 9 3 493
40 0 4 397
41 1 4 298
42 2 4 68
43 3 4 185
44 4 4 376
45 5 4 193
46 6 4 154
47 7 4 12
48 8 4 196
49 9 4 125
50 0 5 90
51 1 5 472
52 2 5 360
53 3 5 477
54 4 5 394
55 5 5 268
56 6 5 250
57 7 5 340
58 8 5 179
59 9 5 443
60 0 6 112
61 1 6 74
62 2 6 191
63 3 6 221
64 4 6 466
65 5 6 461
66 6 6 316
67 7 6 318
68 8 6 224
69 9 6 110
endpoint1 endpoint2
54 55
40 41
18 19
0 10
34 35
50 60
1 11
6 7
19 29
44 45
52 53
20 30
25 26
21 31
27 28
35 36
4 5
37 38
14 24
14 15
11 21
55 56
12 22
0 1
17 18
33 34
13 23
8 18
42 52
9 19
15 16
22 32
7 8
6 16
67 68
22 23
35 45
36 46
8 9
37 47
2 12
65 66
58 59
12 13
20 21
56 66
54 64
15 25
50 51
16 26
32 42
66 67
17 27
23 24
33 43
38 39
24 25
57 58
10 20
23 33
7 17
42 43
28 29
36 37
61 62
46 56
30 31
46 47
27 37
59 69
28 38
16 17
32 33
29 39
24 34
58 68
25 35
47 48
38 48
57 67
41 42
2 3
18 28
34 44
43 44
51 52
45 46
53 54
30 40
3 4
10 11
47 57
5 6
48 58
49 59
31 32
63 64
1 2
51 61
52 62
56 57
53 63
26 36
39 49
55 65
3 13
60 61
68 69
4 14
5 15
62 63
43 53
11 12
44 54
48 49
64 65
45 55
26 27
31 41
13 14
21 22
40 50
41 51
