nnodes nedges type
70 123 graph
nodename posx posy weight
0 0 0 103
1 1 0 401
2 2 0 312
3 3 0 58
4 4 0 142
5 5 0 217
6 6 0 106
7 7 0 227
8 8 0 391
9 9 0 488
10 0 1 486
11 1 1 202
12 2 1 414
13 3 1 384
14 4 1 172
15 5 1 39
16 6 1 464
17 7 1 310
18 8 1 412
19 9 1 390
20 0 2 115
21 1 2 36
22 2 2 395
23 3 2 488
24 4 2 422
25 5 2 392
26 6 2 376
27 7 2 31
28 8 2 224
29 9 2 85
30 0 3 405
31 1 3 263
32 2 3 121
33 3 3 300
34 4 3 269
35 5 3 250
36 6 3 56
37 7 3 116
38 8 3 494
39 9 3 101
40 0 4 196
41 1 4 369
42 2 4 235
43 3 4 78
44 4 4 193
45 5 4 8
46 6 4 197
47 7 4 15
48 8 4 115
49 9 4 439
50 0 5 234
51 1 5 147
52 2 5 398
53 3 5 327
54 4 5 42
55 5 5 425
56 6 5 235
57 7 5 126
58 8 5 202
59 9 5 66
60 0 6 19
61 1 6 302
62 2 6 471
63 3 6 148
64 4 6 241
65 5 6 133
66 6 6 175
67 7 6 132
68 8 6 305
69 9 6 497
endpoint1 endpoint2
54 55
40 41
18 19
0 10
34 35
50 60
1 11
6 7
19 29
44 45
52 53
20 30
25 26
21 31
27 28
35 36
4 5
37 38
14 24
14 15
11 21
55 56
12 22
0 1
17 18
33 34
13 23
8 18
42 52
9 19
15 16
22 32
7 8
6 16
67 68
22 23
35 45
36 46
8 9
37 47
2 12
65 66
58 59
12 13
20 21
56 66
54 64
15 25
50 51
16 26
32 42
66 67
17 27
23 24
33 43
38 39
24 25
57 58
10 20
23 33
7 17
42 43
28 29
36 37
61 62
46 56
30 31
46 47
27 37
59 69
28 38
16 17
32 33
29 39
24 34
58 68
25 35
47 48
38 48
57 67
41 42
2 3
18 28
34 44
43 44
51 52
45 46
53 54
30 40
3 4
10 11
47 57
5 6
48 58
49 59
31 32
63 64
1 2
51 61
52 62
56 57
53 63
26 36
39 49
55 65
3 13
60 61
68 69
4 14
5 15
62 63
43 53
11 12
44 54
48 49
64 65
45 55
26 27
31 41
13 14
21 22
40 50
41 51
