nnodes nedges type
70 123 graph
nodename posx posy weight
0 0 0 424
1 1 0 205
2 2 0 284
3 3 0 334
4 4 0 343
5 5 0 2
6 6 0 169
7 7 0 221
8 8 0 356
9 9 0 147
10 0 1 245
11 1 1 147
12 2 1 145
13 3 1 12
14 4 1 440
15 5 1 314
16 6 1 83
17 7 1 349
18 8 1 489
19 9 1 304
20 0 2 227
21 1 2 383
22 2 2 41
23 3 2 410
24 4 2 369
25 5 2 10
26 6 2 153
27 7 2 64
28 8 2 114
29 9 2 426
30 0 3 422
31 1 3 192
32 2 3 306
33 3 3 411
34 4 3 12
35 5 3 228
36 6 3 438
37 7 3 93
38 8 3 171
39 9 3 448
40 0 4 8
41 1 4 363
42 2 4 332
43 3 4 286
44 4 4 453
45 5 4 369
46 6 4 74
47 7 4 332
48 8 4 183
49 9 4 490
50 0 5 44
51 1 5 186
52 2 5 117
53 3 5 125
54 4 5 439
55 5 5 331
56 6 5 165
57 7 5 303
58 8 5 453
59 9 5 208
60 0 6 384
61 1 6 62
62 2 6 262
63 3 6 15
64 4 6 412
65 5 6 126
66 6 6 212
67 7 6 186
68 8 6 247
69 9 6 474
endpoint1 endpoint2
54 55
40 41
18 19
0 10
34 35
50 60
1 11
6 7
19 29
44 45
52 53
20 30
25 26
21 31
27 28
35 36
4 5
37 38
14 24
14 15
11 21
55 56
12 22
0 1
17 18
33 34
13 23
8 18
42 52
9 19
15 16
22 32
7 8
6 16
67 68
22 23
35 45
36 46
8 9
37 47
2 12
65 66
58 59
12 13
20 21
56 66
54 64
15 25
50 51
16 26
32 42
66 67
17 27
23 24
33 43
38 39
24 25
57 58
10 20
23 33
7 17
42 43
28 29
36 37
61 62
46 56
30 31
46 47
27 37
59 69
28 38
16 17
32 33
29 39
24 34
58 68
25 35
47 48
38 48
57 67
41 42
2 3
18 28
34 44
43 44
51 52
45 46
53 54
30 40
3 4
10 11
47 57
5 6
48 58
49 59
31 32
63 64
1 2
51 61
52 62
56 57
53 63
26 36
39 49
55 65
3 13
60 61
68 69
4 14
5 15
62 63
43 53
11 12
44 54
48 49
64 65
45 55
26 27
31 41
13 14
21 22
40 50
41 51
