nnodes nedges type
70 123 graph
nodename posx posy weight
0 0 0 210
1 1 0 468
2 2 0 401
3 3 0 150
4 4 0 417
5 5 0 36
6 6 0 329
7 7 0 375
8 8 0 118
9 9 0 155
10 0 1 244
11 1 1 341
12 2 1 413
13 3 1 205
14 4 1 152
15 5 1 305
16 6 1 496
17 7 1 68
18 8 1 126
19 9 1 446
20 0 2 442
21 1 2 329
22 2 2 201
23 3 2 406
24 4 2 302
25 5 2 341
26 6 2 291
27 7 2 85
28 8 2 329
29 9 2 14
30 0 3 219
31 1 3 175
32 2 3 429
33 3 3 56
34 4 3 382
35 5 3 84
36 6 3 89
37 7 3 121
38 8 3 142
39 9 3 310
40 0 4 434
41 1 4 349
42 2 4 474
43 3 4 142
44 4 4 323
45 5 4 19
46 6 4 357
47 7 4 11
48 8 4 52
49 9 4 478
50 0 5 217
51 1 5 195
52 2 5 365
53 3 5 484
54 4 5 318
55 5 5 486
56 6 5 269
57 7 5 205
58 8 5 164
59 9 5 354
60 0 6 48
61 1 6 401
62 2 6 312
63 3 6 81
64 4 6 16
65 5 6 10
66 6 6 296
67 7 6 110
68 8 6 377
69 9 6 7
endpoint1 endpoint2
54 55
40 41
18 19
0 10
34 35
50 60
1 11
6 7
19 29
44 45
52 53
20 30
25 26
21 31
27 28
35 36
4 5
37 38
14 24
14 15
11 21
55 56
12 22
0 1
17 18
33 34
13 23
8 18
42 52
9 19
15 16
22 32
7 8
6 16
67 68
22 23
35 45
36 46
8 9
37 47
2 12
65 66
58 59
12 13
20 21
56 66
54 64
15 25
50 51
16 26
32 42
66 67
17 27
23 24
33 43
38 39
24 25
57 58
10 20
23 33
7 17
42 43
28 29
36 37
61 62
46 56
30 31
46 47
27 37
59 69
28 38
16 17
32 33
29 39
24 34
58 68
25 35
47 48
38 48
57 67
41 42
2 3
18 28
34 44
43 44
51 52
45 46
53 54
30 40
3 4
10 11
47 57
5 6
48 58
49 59
31 32
63 64
1 2
51 61
52 62
56 57
53 63
26 36
39 49
55 65
3 13
60 61
68 69
4 14
5 15
62 63
43 53
11 12
44 54
48 49
64 65
45 55
26 27
31 41
13 14
21 22
40 50
41 51
