nnodes nedges type
100 150 graph
nodename posx posy weight
0 3.0561446774972825 -10.601915690526896 49
1 3.5422853925971935 -6.796225243537376 90
2 -0.8687940840265994 -6.155426995424651 9
3 0.40065488547555267 -4.000755578303486 47
4 -1.63270489705896 -4.840396679694009 5
5 -3.2883246471178986 -3.838628177593255 85
6 3.2714259903258007 -4.421358019341261 79
7 0.8463857425149165 -7.0374709879249435 90
8 -2.627400208396849 -4.834862406594189 37
9 1.9334050418906186 -3.2899308235448315 89
10 1.2052546376250157 -7.093435749041534 97
11 3.0255086907303834 -8.706980498223052 26
12 -1.969785146473739 -7.741102058168637 1
13 4.181459289960502 -7.961577439913871 15
14 2.5012843584540962 -2.178512677770838 92
15 4.166953657423803 -5.369336373901781 86
16 1.692243352515183 -2.4674088592698076 42
17 1.177950935291318 -8.99281517058575 10
18 -1.172300922294573 -5.222207438503641 1
19 0.7229559414070867 -6.691717025448343 80
20 1.7452408661090513 -9.263292323941805 41
21 -2.7928129827560517 -6.069480591673568 24
22 -1.7274277433372343 -9.18456135992737 19
23 3.603896553463052 -11.80028942491227 56
24 3.1639564855778697 -5.214124545523829 76
25 1.9479561106335275 -6.864273452147209 31
26 1.0177135377987319 -4.713678675161592 23
27 0.5920841035290607 -7.871975058822522 43
28 2.0662948458235224 -5.627674463708095 18
29 2.4214306061980637 -7.837278475776568 3
30 -1.2433687928470478 -3.3880707826709893 16
31 -0.696813325555835 -7.059811930405428 11
32 3.5879090638634468 -8.587988847447646 65
33 4.076309481994786 -6.455678093500235 39
34 1.8520802354889596 -5.064277186197117 51
35 1.4994185471688761 -4.408460776792368 83
36 2.4960543255735996 -9.519799956652328 8
37 3.4343995990054905 -6.3880202927241285 25
38 -0.8653944016101637 -4.675203889380392 47
39 1.9789141048303633 -7.782426058205455 26
40 -0.3976336216464423 -4.17494532267233 63
41 4.833671665550285 -8.258541600480903 38
42 0.8222325151766251 -5.261727192540146 85
43 2.610077823771459 -6.900631148301652 81
44 -3.7598409207169383 -4.6471629164919195 4
45 2.6981311621734294 -6.097057458246527 30
46 4.31793400129307 -4.21769403425466 43
47 -1.513629274305846 -6.080756102282173 25
48 -3.971660569656503 -7.66928046325156 90
49 -0.5733987366123839 -10.474577908499857 30
50 3.1370571488979486 -6.838857738681732 16
51 0.7239499093605701 -8.375231208714904 32
52 1.4817544344391278 -8.756334161120144 82
53 -0.05236425794788854 -6.676224723262143 76
54 0.3616201714255174 -5.10663453798526 46
55 3.174554834902167 -7.4587404376223505 91
56 2.024217966304957 -7.167410380413371 13
57 -0.9865487100489442 -6.683366998914414 64
58 2.7895216924915447 -4.729112116839638 30
59 -1.7867205965922164 -6.864927969466909 26
60 3.8817324988938644 -5.179522938223154 15
61 -5.001101817371603 -7.944282356567478 87
62 -0.32493245491908895 -9.219177342168203 36
63 5.958672888763368 -8.547577795593622 80
64 -0.4590209008923856 -5.878318630180012 42
65 3.087198928053011 -4.15041838647217 100
66 0.9550642670711841 -6.384753806176303 86
67 4.361064305036194 -7.177441900486758 12
68 0.3575266367146005 -8.166218401941206 56
69 0.8598039781759406 -5.657333074840504 58
70 2.080755987765192 -8.76094140892239 88
71 2.15091231733109 -6.478326382266238 51
72 -2.0402687780734556 -6.060900924777759 44
73 0.11581694381794409 -10.891952013537692 71
74 1.185326349335752 -2.9828476716429475 91
75 2.0383836430761795 -4.359427681668739 34
76 1.5347920063820093 -4.006541281580316 100
77 3.9838302648921204 -5.8925563596865755 36
78 0.36391655632168923 -4.459251689754488 19
79 1.2621274877703186 -1.7275785099746352 82
80 0.20787368856432276 -6.105387714854853 88
81 1.5517688682661157 -8.077524859175305 73
82 0.22503205229465234 -9.715422768864126 3
83 0.9646250308834567 -8.476477798731617 11
84 3.4693651288430427 -7.851606549445155 57
85 -1.2970828377029222 -10.058845530810656 96
86 4.512484793147397 -9.395889956885854 80
87 -1.274849550734679 -4.911703884435518 16
88 3.3454876345866578 -3.321800053453364 53
89 0.12476765044989303 -2.8816170407551276 76
90 -0.7585344958995112 -8.310676439573927 55
91 2.4601128464191606 -8.52104727847308 38
92 -0.8743604089306917 -7.952466419545345 80
93 -2.899870365095252 -7.33695929106086 41
94 2.343433769100593 -3.8821524398122573 99
95 1.6929992827034253 -3.5984143444217533 80
96 2.3219885862340024 -8.207100000848481 22
97 2.864580142878972 -9.524383570779866 50
98 3.1280291807846243 -10.797617746764281 96
99 1.4189352292981237 -7.673959683386866 56
endpoint1 endpoint2
27 96
50 96
8 44
23 98
12 31
26 94
73 82
5 8
36 96
1 56
17 51
10 69
6 95
7 81
9 14
49 73
75 94
21 59
8 87
2 53
35 65
8 21
31 90
29 99
59 72
55 77
34 58
66 71
54 87
32 84
6 60
51 68
28 66
9 75
28 58
1 43
2 80
47 87
48 93
1 15
74 79
24 46
43 91
10 52
0 36
75 88
70 81
36 52
59 92
2 59
3 34
2 38
7 64
67 84
46 88
49 62
31 47
19 54
35 69
43 45
47 59
76 78
39 68
45 60
83 99
17 27
29 91
4 64
57 80
33 67
20 99
27 53
18 47
10 71
19 27
26 34
68 82
35 74
24 37
9 74
26 40
35 95
53 69
3 38
30 89
16 76
51 92
41 84
56 70
51 81
11 55
26 69
66 99
6 77
31 66
54 75
11 13
25 80
62 85
42 80
22 90
15 65
41 63
33 71
53 57
28 50
29 51
48 61
29 32
69 78
7 83
11 91
29 45
7 43
39 99
10 68
89 95
55 81
4 18
6 94
29 97
24 75
32 86
37 39
20 52
55 84
25 84
18 64
50 67
4 72
1 13
84 96
27 62
28 76
42 66
97 98
11 17
35 42
9 35
83 91
19 56
10 56
68 90
34 45
24 45
18 40
57 72
4 30
20 91
59 93
