nnodes nedges type
100 150 graph
nodename posx posy weight
0 1.4886744045520417 1.3747107833060852 75
1 -6.771544100936751 -1.9898976711414393 68
2 -2.456349134013453 2.3441496996628053 6
3 0.9145053811148578 -2.7209863448028706 78
4 -4.276037478814418 2.0255353299695926 97
5 -1.581702952650118 3.2617428782172584 4
6 -2.376386586220921 3.3955789392254037 80
7 -5.839494999402755 2.7201421380922373 7
8 -0.42422330574716915 1.7560858461546236 50
9 -3.600231038528579 -1.7458308487432643 30
10 -3.5996712134248225 -2.246670758277075 27
11 -6.845189721686265 -0.4624200758941402 42
12 -5.97384523232875 1.3746689639495793 86
13 -3.3756698599368793 0.020186368465872136 58
14 -2.7106150446055666 -1.4496144823017003 78
15 -1.6419705392564463 -2.9177701514903776 15
16 -2.204895691714982 -0.3437830042178893 75
17 1.0418646991226066 -0.951446606907506 53
18 -4.356811754953427 -0.3766531942205815 62
19 1.1601518387475678 -1.970861170113898 86
20 -4.184953677527084 -1.4260874213644623 78
21 -4.036708527492219 3.1080095048287575 49
22 -3.6932647807422496 1.708261129487672 4
23 -2.5535352727066085 0.07274458481122058 22
24 -3.8232782422582967 1.4027499466048594 45
25 -4.623503302777434 2.451603350629567 93
26 -1.1474546783453017 2.878360700745108 99
27 0.5474515616018931 1.59070567743395 12
28 2.59928162626082 1.7260582347573648 44
29 0.15118519538688036 0.04773554940676876 24
30 -1.170342494953625 -0.686503958099694 85
31 0.4036803524483939 2.472831551318098 52
32 -4.396492258431557 0.9163195160185699 26
33 0.2580933582357084 0.8294580326838973 68
34 -3.189566476515439 0.7884065936756025 70
35 -5.346807159666276 4.212789116431322 47
36 -4.647926008163805 3.0948810342978157 21
37 -5.418786960904655 1.7883657781141384 12
38 -2.123820763393517 -1.5365078644672396 42
39 -0.08334918067015173 -0.14369745694131764 47
40 0.1168548034373373 -0.7776446562226593 53
41 -4.558510009295094 0.5791128448062535 98
42 -5.714581276543798 -0.21915437067065835 8
43 -0.8572005942913191 3.323654446764632 44
44 -2.8999206153505996 0.43258420526903363 74
45 -0.6659120171472745 0.5455757109092915 4
46 -4.716314306061128 -1.1852072595866867 97
47 -3.1188108806332453 2.2134618568665365 6
48 0.03823663592817939 1.5292759279938546 41
49 -4.457559099926798 4.3977386960279565 38
50 -5.529574457428826 -0.8397437616068208 62
51 0.2172490220892084 -1.7200282808979097 68
52 -3.9566883761368916 0.14879460584648993 38
53 -3.078453020288331 -2.9381459595436175 61
54 -6.188808373031119 2.143025769462902 37
55 -2.629251403117081 1.4517848821137962 51
56 -2.903569484145033 -0.8356605645401513 73
57 -2.008543599086839 3.354341909929386 68
58 -2.9353719086576415 4.077362546411216 66
59 -2.461151145783887 -2.0564450695677183 61
60 2.2039968857719967 -1.2885394282256957 18
61 -1.314769867943695 -2.34745910397435 23
62 -2.6192904609438146 -3.919686235339459 77
63 -3.353490344282143 -1.1182300318011364 94
64 -0.7245079183875325 2.0534475357144735 64
65 -0.048089572108308005 -1.2410801581156075 71
66 -3.0458283713982524 3.338881424601354 58
67 0.06645373079295644 3.0100851422420614 79
68 -2.96991908422537 -0.5291707948379175 40
69 -1.7441319403649154 -1.1279608473675375 85
70 -5.364400428302139 -0.2754919388530397 38
71 -6.415744727757811 0.7625743956303859 95
72 -0.9089181076346781 -1.050531977659601 43
73 -0.49815769096367374 -2.958367240360056 100
74 -1.720521904723455 -0.2645886328275664 53
75 -3.6450350564938385 -3.127665372248821 37
76 -2.9603789720693454 -2.148234864839581 34
77 -3.4486483650420907 3.5787006161661594 16
78 -5.187143443081315 0.6446696554480765 78
79 -4.7728250613000105 1.6926044443911419 74
80 -4.500785444404734 -2.1024969312692727 45
81 -2.0822651361487385 1.988687750725118 6
82 -1.49405283257739 0.2565770774273613 6
83 -0.3064260403391829 4.477550893559952 45
84 -2.8089087120033875 2.6288104824657337 9
85 -1.4620502362805379 1.6867487810011785 72
86 -4.509629223595994 -3.144186040364917 25
87 -0.29552270056578583 0.34243583454892457 11
88 -3.690151779482427 -0.8085318865526655 32
89 -3.2984729842178107 1.9883180444240918 18
90 -1.1957373151205066 -1.8687236926213284 11
91 -5.716101278772061 -1.31168426885378 40
92 -7.1750153111721255 0.9640240845727931 36
93 1.4788622753811507 0.627260304646463 36
94 -3.1825631922804036 1.4392187569055073 24
95 -1.5104427004992078 -3.2724991067787803 84
96 -1.2747578371589843 1.3423767565317026 98
97 -4.1007473698545605 -2.2122667094778214 69
98 -2.0136031765935507 0.3402240667132519 94
99 -2.7111218808358157 0.8905283649690209 61
endpoint1 endpoint2
45 98
41 79
5 81
61 76
24 55
54 92
25 54
17 51
22 55
46 97
56 88
3 51
19 65
35 36
27 67
23 82
24 52
71 78
57 81
8 87
65 87
29 30
53 86
18 46
38 53
62 75
37 78
42 78
23 38
47 77
26 84
34 41
17 39
18 91
26 67
90 95
21 24
27 87
14 63
33 45
30 98
56 69
4 78
85 99
50 80
4 89
18 41
25 47
21 49
4 84
41 78
4 37
39 82
13 16
33 40
33 64
34 81
0 33
9 20
47 99
61 65
56 76
27 31
75 76
72 90
51 72
44 98
23 94
46 63
32 78
23 52
22 36
6 89
62 95
25 79
20 68
13 22
73 90
58 84
13 88
12 32
26 64
14 88
2 55
5 26
76 80
18 63
69 72
0 28
6 43
79 94
1 91
44 89
16 98
80 86
24 34
68 98
40 90
29 48
20 80
82 99
52 88
81 96
11 92
14 97
52 70
11 50
51 65
8 43
8 96
22 47
48 85
29 45
33 93
43 83
75 80
18 44
17 60
34 94
81 84
44 74
34 56
32 99
84 94
64 81
59 68
63 74
30 38
47 81
47 66
50 78
21 66
15 38
14 90
6 66
9 68
68 99
74 87
57 66
13 52
82 96
69 74
7 79
13 14
2 94
55 98
10 56
42 46
72 82
31 64
