nnodes nedges type
100 150 graph
nodename posx posy weight
0 -0.19376913270385385 -2.1895914043238465 6
1 0.005659035909295179 -2.195795408932668 29
2 2.3290149926474557 -1.4849034088523427 31
3 -0.6255837418987009 -3.4532867662784485 71
4 4.31067387787039 0.582776294116537 58
5 1.6375124817043591 -1.569017224579348 53
6 -2.1507458723673647 -1.358214999150159 52
7 -1.5523293913070721 -2.2009582499213782 46
8 2.647951987090166 0.9037165093415261 61
9 0.9028428289545787 -0.7434834406042683 33
10 -0.6221317271720408 -0.2730445586349787 31
11 2.171049967967953 -3.527025934128438 32
12 3.2821084829095617 1.8521283010287115 46
13 0.6924849678591253 -0.18345712906284806 74
14 0.34556259803331413 2.0679157896602596 94
15 3.307867031240446 -2.6489747352353645 11
16 1.975772563458886 -3.1627109252840646 10
17 0.6965972550234045 0.5113045819204419 10
18 -3.1715135442327282 -1.5737113025845535 86
19 -3.0608251007557867 1.12541504132082 75
20 -4.052360058933968 0.20438801091098444 25
21 1.308528906196052 2.9588777478889385 54
22 1.332928900938502 0.1297320803107759 100
23 1.6586976182283553 -2.8197844224019626 28
24 0.5929866466731412 3.5732243457611648 83
25 1.4215597821162764 1.3622706599624292 55
26 2.3910303717075214 -4.66214481180226 63
27 -2.170955288396667 -2.7292680120042667 89
28 0.8835397714196868 2.0790029181083285 26
29 2.303269148066662 4.919801632387643 67
30 -1.8647443918366704 -0.7463007281136329 94
31 3.0627595456867716 3.131516305699057 33
32 -1.3943244210011563 0.6522776765668162 54
33 4.236392960609189 -2.1088610577355116 51
34 -3.318381506796357 -2.146861940563223 92
35 2.611770265575235 -0.33512021220402005 55
36 1.558389999865621 -0.13620872758725572 96
37 1.9042572219744243 2.5324837994397824 26
38 -1.7938523016913481 -2.083836504724026 70
39 -0.5374511707378969 2.7290343420592262 70
40 0.9037577390765869 -2.041220684842886 95
41 -1.3583801524518544 -0.5332907526925674 94
42 3.291097276842444 2.299982417651266 72
43 -0.8526186332189436 -1.5227273193559139 28
44 2.1991101581737422 -0.8376626419516798 23
45 -0.14901320580862568 0.8684452220603789 15
46 0.5218391623253328 -1.4566895327631957 65
47 3.3447409439813107 0.7881887073674712 68
48 2.0436465211189008 3.7922193409016494 87
49 0.9904863462222453 -3.193862799733256 45
50 -2.3117237156728025 1.982843675140452 14
51 -1.9312999332761258 0.37124938069749946 83
52 0.03109164393421495 0.6126387143967806 86
53 -1.1988756074577394 1.1463231084818524 19
54 4.061710345453772 -0.2851993680414484 47
55 2.4170677242479335 -0.6316410862329038 90
56 2.6788473655455567 1.6756666243496732 90
57 1.0629996531582913 1.2899180766468332 99
58 -0.9409346448943723 -2.53986704797151 64
59 -2.784599192763054 -1.18550350875522 50
60 -0.41110364781115927 -1.2290546590591147 8
61 -0.5069702452933796 1.9619857260237648 64
62 0.691686906590963 -0.9739583270736225 50
63 2.79668674337731 -1.7367181491617705 10
64 2.084886741459182 1.0029842238198763 69
65 1.9820046820731605 -1.4096811613163251 97
66 3.378123652387689 -1.5839401733223055 47
67 -5.0918765457956425 -0.5235926235040004 85
68 -3.680372720771173 1.1400115936758146 24
69 -1.7702454223686435 0.6796013718193012 97
70 3.2137796584184377 -2.1088350974407533 74
71 -1.0720414866386259 -1.826444930534064 37
72 4.158765950895904 -1.024621538880761 52
73 -0.8448067155347447 -2.9408585272391754 57
74 -2.546916746384618 0.3378952162073554 92
75 5.574063180844135 -1.8058229174913691 7
76 -0.5783664330441162 0.18810826589255925 41
77 2.8266050477119986 0.918506101534991 89
78 -0.9093354762884369 1.6335085393200077 88
79 1.1583604724816885 2.5454672685566826 89
80 2.0126256350796714 -2.552403164085931 85
81 0.10045671545119231 -2.4598579844914803 79
82 0.06671628963559254 1.3896617150118307 1
83 1.7568120992723424 2.352242404228726 66
84 4.278751429133089 -3.4348362207234824 35
85 -0.040893293720670625 -3.210369006386587 50
86 3.723288855785039 1.6675442074540683 92
87 -3.0268512720047935 0.16365660524593978 3
88 0.11543751454328083 0.03467647382422987 43
89 -3.217084767196512 -0.26398627823093507 60
90 0.6254637632767754 -4.025968016513833 99
91 -1.1132182005105338 -0.44179025299262553 17
92 -1.7955351469693455 -1.2373048096747583 46
93 3.4167928132798067 0.03264177530900038 43
94 3.8274433624258553 -1.0915350485832096 4
95 2.2868367623704793 1.9902041812910005 9
96 -0.850830717033531 -3.4891635877870386 14
97 1.952542744308817 -0.5517546572859491 51
98 -0.11465958995771988 -1.4109145186261105 28
99 3.2320871236691593 -0.8145365614335953 81
endpoint1 endpoint2
76 91
25 82
58 98
81 98
16 90
30 51
18 30
6 69
22 55
13 45
12 64
32 51
41 74
46 97
0 73
48 83
32 87
19 50
10 62
76 82
61 69
65 99
47 77
23 81
37 57
64 95
11 15
5 40
8 35
66 93
55 63
22 88
66 72
0 49
42 47
3 73
60 91
59 92
62 65
20 87
10 30
23 63
81 92
39 82
72 93
53 82
36 62
51 53
8 25
22 52
71 96
25 95
24 28
32 52
38 60
13 57
5 70
11 26
61 78
10 32
54 94
6 71
70 72
1 58
15 99
13 60
25 79
6 27
56 86
63 65
30 59
52 76
5 13
40 80
9 44
33 63
40 46
90 96
43 73
85 98
28 64
0 40
30 71
64 93
29 48
31 95
66 80
20 67
77 99
15 84
14 57
40 62
36 44
51 76
44 94
1 62
89 92
27 58
28 61
64 77
6 34
1 7
7 43
0 60
11 49
25 36
14 83
59 89
9 22
47 97
11 23
4 56
50 53
0 3
22 64
37 42
19 51
35 54
57 82
8 86
41 53
56 57
28 79
2 35
9 17
13 62
3 58
14 61
68 74
2 16
16 80
76 98
9 98
46 71
78 88
77 83
0 41
19 20
2 36
22 35
21 25
9 46
69 74
6 38
10 45
14 45
35 63
43 88
49 80
33 75
