nnodes nedges type
100 150 graph
nodename posx posy weight
0 -3.8868350977549553 3.8271676871512947 10
1 0.5588435531896195 7.482178813372004 62
2 -0.3275760353494952 3.1637753837508154 55
3 2.3226939230449366 4.293223650403583 94
4 3.5232390244308847 4.97557293406636 31
5 -1.3610824136918565 1.29412299118853 59
6 2.6534980738163307 8.40278468183582 1
7 1.6075655207501296 4.9803679623425205 53
8 -2.1905545592856033 4.856084318790511 41
9 -2.13180370709411 2.317145508589478 36
10 -0.26568301301553593 1.245087302661236 75
11 -2.8720945620803224 3.1656486944659865 30
12 0.4702739673825278 1.4382693722064606 80
13 2.878054000780304 2.759570157780668 54
14 1.8560583501189813 5.520464247138273 25
15 1.0816059127180826 3.8197685560306143 74
16 -0.6336962361527063 4.221760871018617 96
17 1.3687460644128477 2.8091786917075727 39
18 -0.7357698972741307 6.035206391892372 50
19 1.4182193290804597 0.2630310606298137 48
20 4.272253668863176 1.5989630595622497 18
21 -0.8093959347517564 2.1196207209799667 46
22 -1.5514145532270487 1.9236761299705931 90
23 -3.0944369438084682 3.7777688744573172 19
24 -1.0021789366778053 7.732323469395172 25
25 -0.30948982715287443 -0.29255187582433084 20
26 4.66904382357531 2.3657325477761604 99
27 -0.9578210910895067 5.638188934727602 48
28 -1.025109619803964 3.868322369623186 35
29 1.803556571028733 0.970398470030723 54
30 2.6311104071013856 3.926088789909636 60
31 -2.030895347500295 3.412582198675513 6
32 1.7074137124209634 -0.8905599886688735 46
33 1.432520259156944 6.202138289596246 75
34 2.990071737721507 3.5244515352132297 66
35 -1.9519423233215982 5.448539821606424 85
36 -2.5379215208228953 3.1368958954519037 5
37 -2.1538233553003994 4.53303596877175 53
38 3.2759253339330745 6.519377765895862 84
39 -2.6938756613443027 8.295759391703402 88
40 3.5701276231972634 5.8721221081336905 49
41 -1.2818991129075135 6.20453506008454 6
42 -0.20852369883915955 5.403885702065043 94
43 2.6427186360645463 2.325619393446842 98
44 1.2672353432968628 1.5000974647052663 94
45 0.4140117906680799 5.94964532978541 91
46 -1.8052481780489282 4.251219888973615 25
47 -1.044883082913323 3.458161970560407 78
48 2.652134600907116 5.150987192224895 74
49 0.4505379338867631 3.271383894182971 2
50 1.9586160778027955 1.8725039566012331 22
51 2.947977575030061 4.270157285510757 33
52 0.21997398333753 4.44349155134554 41
53 0.503698230271346 5.142741176718026 71
54 -1.6782653878727256 6.303979945378712 86
55 -2.4962858743219654 6.164433898610406 69
56 2.3056951147134725 1.9376370144764843 32
57 2.7562750171107027 4.814332626283007 76
58 1.8487487763616106 2.832044317892255 93
59 -0.5984903215341159 7.8351088141812415 93
60 1.5093255847150389 6.949482422839436 33
61 -3.62680285308889 4.394506223479344 62
62 1.0900643465451954 1.7755685261978025 49
63 0.7823546121559162 3.859001583917054 98
64 0.7237022340601895 0.8923397728628953 13
65 2.2780473144762867 0.8022026732915146 79
66 2.9791898419002774 6.980752577348358 6
67 -3.521389237489903 4.985568204924966 22
68 2.8052778838419354 3.3519413964685416 1
69 3.452030142809321 2.414362569733288 37
70 -0.6329098417424194 4.986701566855625 55
71 -0.42878623159714435 9.062310594305785 13
72 -2.176865410006078 6.895310180882792 93
73 -1.295575716305002 2.688840743649664 86
74 -3.8674862396912926 5.4374034416355945 73
75 -1.3468652706171214 4.83105806757402 68
76 -0.7912736151957012 1.3009467258701624 56
77 1.1331407967399811 3.454470225545853 64
78 0.27559577104671196 2.2311747448969186 94
79 0.7341818002497964 4.755712870952662 36
80 0.12117239250750071 0.8849579808569981 25
81 3.554345529677093 4.243773364468237 55
82 1.9494629922299462 7.400064201586872 33
83 -3.068811869835864 5.513657588025692 60
84 0.12173964482428148 1.9101434204341299 26
85 0.6710216952170522 8.667598905312495 6
86 1.9929587183165756 8.580271787062644 49
87 1.7411981848020828 4.159445320188958 69
88 1.6303720537282647 5.328430400669414 44
89 4.416216535992996 7.0160991961776356 23
90 -2.769249305722609 5.7308112276295 48
91 -2.6085162040324414 3.6755640708602737 1
92 1.9131357195373426 6.400462027693383 90
93 -0.06923037400670101 6.498392986802349 25
94 -1.1764609674378805 8.928237414190116 76
95 -1.7157883345371965 7.485343704059017 42
96 3.104837140993368 9.457771929296431 53
97 1.8357190261198977 3.9909658313653766 80
98 0.4896206241774884 6.850318674442101 68
99 0.31504385751710673 6.161604553466299 51
endpoint1 endpoint2
82 86
6 82
62 64
36 73
45 98
21 47
47 75
7 42
16 47
8 90
27 55
38 40
40 66
52 53
2 63
4 57
62 80
34 57
41 95
7 81
18 75
40 57
18 35
12 56
59 71
43 58
5 21
2 47
15 52
54 90
51 68
4 68
49 84
33 79
48 97
34 69
17 78
77 97
8 35
23 37
50 69
8 75
38 89
49 87
0 36
8 28
35 91
17 68
62 65
9 91
55 74
82 98
5 80
63 79
29 43
39 95
30 48
11 46
58 77
70 79
34 81
55 83
28 49
76 78
45 60
88 99
0 74
14 53
47 73
67 83
51 87
72 90
18 98
27 53
7 87
16 42
23 31
36 37
41 99
11 61
34 87
60 66
13 50
48 51
61 90
45 53
22 76
34 43
46 70
45 70
26 69
9 11
18 93
19 32
59 95
42 54
1 98
8 46
25 80
73 78
4 38
14 57
10 44
16 52
30 77
3 88
37 70
44 58
55 72
6 96
37 83
1 92
21 76
57 87
31 75
5 9
64 84
3 63
41 75
20 69
88 97
22 31
19 62
29 80
8 67
38 82
79 87
10 12
9 73
15 97
93 98
10 84
10 22
12 21
1 85
1 24
24 72
3 13
88 92
50 78
53 93
54 72
59 94
15 17
58 97
48 92
56 68
53 77
62 77
59 93
