nnodes nedges type
100 150 graph
nodename posx posy weight
0 -3.7041491484355293 -2.077359652083439 50
1 1.283342481715243 -0.3076136769244872 51
2 -2.653210554380345 -1.2763644141137194 57
3 -3.5544745718079365 -1.0130050866745668 69
4 -1.1988413818296897 -0.7274508388146165 94
5 -1.9568785031990026 0.22066676780539887 85
6 -1.2419008127444249 -4.418382775432537 54
7 0.5875737091516536 -1.9078300033959363 100
8 1.3298740756250693 -4.282554556992267 12
9 -2.2734261694659366 0.2439132468880108 86
10 -4.237712263531749 -5.337060751406338 85
11 -2.1064736792962573 -7.954623244818731 48
12 0.05803354077764287 -0.8060088532283599 74
13 0.8122598102638003 -2.7994813252364077 19
14 -5.468443426139471 -2.641859499170168 43
15 -3.1798697918715377 -3.768445083287855 14
16 -3.3564713122373684 1.7382726185894055 76
17 -1.5691876474948705 -1.0518617917767668 82
18 -1.8987328537083494 -3.866357222445259 94
19 -1.0112386703612317 -2.423515704022654 59
20 -0.5899945658818887 -6.016132008863466 61
21 2.06013612768902 -5.1645951283456375 23
22 -1.0741532381706134 -3.1951638468002708 85
23 -3.058623255794443 -5.941474502707904 80
24 -3.7839245753214064 -2.670549937432706 71
25 -4.771189991488445 -0.3883931860819044 79
26 -2.3788080138461094 -6.808296613099424 7
27 -0.048897568941248234 -3.5890914610374542 49
28 -1.2801713457547363 -1.0488866073814345 80
29 -6.547716242399365 -4.947428868656775 21
30 -5.1158385286532875 -6.172948125959429 73
31 -0.513373278859464 -1.340895847855124 99
32 1.4439676460028634 -2.5096802274118306 39
33 -0.9441729252382022 -2.2889460153522703 88
34 -1.8657782561336604 -4.4934439999258675 84
35 1.6776665167826168 -3.961142615995625 78
36 -4.306013694231954 -4.1419227463080555 15
37 -3.1906224557454688 -2.081282603230214 20
38 -0.504574963076846 -5.778287546823325 85
39 -3.0912811314426674 0.5673147151127264 94
40 1.01369366429623 0.5614273508732177 42
41 -4.207309017910366 -0.8538652223760308 100
42 -1.2874618401137248 -3.4650311175012023 1
43 1.5458890810379153 -5.864364531177646 95
44 -2.1994616571875785 -3.464349124330792 58
45 -0.4646997630289743 -2.1298158035935253 29
46 0.9197194502603517 0.2970921684028739 52
47 0.07611886330335747 -2.158011298527285 11
48 -1.4453973256517312 -6.129822136708367 61
49 -4.553469548529426 -3.2837332764475637 90
50 1.0990814273112257 -2.0238773325337736 43
51 -0.14572732750934927 -0.4481900980831925 36
52 -3.0547634979123104 -4.53260108312693 87
53 -4.565670758612021 -2.3420346601734203 42
54 1.1194416371823341 -0.6487869315323554 40
55 -1.3398407849824734 -4.697800645038768 64
56 -2.9110533525933513 -4.813981743399741 71
57 -1.006226901221466 -0.24609193349337036 50
58 -2.0384986679671404 -2.8133491700500994 78
59 -0.7842057698571568 -4.550754884838485 40
60 0.5947272520028807 -5.012090523785524 30
61 -2.78855811426792 -6.0115232368731455 41
62 -0.09013320506176858 -4.325275867077781 14
63 0.2454275946145419 -0.5944459274811236 33
64 0.8474780606480392 -4.313977476287968 34
65 1.9954008297824406 -3.310385836016632 94
66 0.5797415991951581 -8.082571780104578 52
67 -4.226764973650222 -5.641495140013899 18
68 -2.8184335432351344 -0.7969056822888094 63
69 -4.246797505193369 -3.7431640389278145 68
70 -6.652892802656496 -3.8099852383600648 41
71 -5.593911801759703 -4.2841753927112265 85
72 -2.8239246215809803 -3.3569399426491096 31
73 -2.3469159883550943 -1.9092136308721777 81
74 -2.4193722215549665 -4.384269206348537 91
75 -2.7226505919287787 -2.8186938606130805 69
76 -3.3135011389809197 -2.7940301389314 98
77 -2.0347838955634647 -2.4274633279965814 94
78 0.017433338091453466 -7.035541166058539 77
79 0.9757410072398092 -6.1946995369177404 69
80 -0.18788941726082786 -2.9560586128487722 99
81 -3.5959691174613204 -1.4832900413552441 51
82 -3.040823053400588 -0.40064201332718014 5
83 -4.099814256450006 -0.1422600574134286 59
84 -0.5338779874363803 -3.818449601432569 21
85 -3.8824206256119687 0.6998606188504475 38
86 -0.6928858048379591 0.9821227580954213 46
87 -3.0184905227202616 -7.814910805791661 5
88 -6.535086259985473 -2.8100527290396067 40
89 -3.780106928543526 -4.329482575630435 48
90 -0.9952472063512197 0.4747152957280015 5
91 0.12140033053734246 -1.3094220378461403 12
92 -2.838619120165362 -5.650932970376285 98
93 -4.307058294239461 -1.9754420886650605 42
94 -2.207155468429273 -0.3423811174848287 53
95 -1.8635088755828044 -4.984634801326445 90
96 0.059806596745174745 -3.37567356848717 42
97 -0.18934322189305405 -2.339377976065306 79
98 -2.127862150211557 0.8985551036668611 41
99 -1.9240952945230878 -0.9655450317863903 54
endpoint1 endpoint2
62 64
2 41
37 82
39 83
18 19
42 97
31 57
22 75
57 86
3 24
22 55
4 19
42 77
27 45
4 57
1 54
23 95
12 45
94 98
32 35
47 80
55 56
2 17
14 49
10 36
8 65
15 52
37 44
75 93
24 36
49 89
17 57
73 76
8 35
67 89
6 42
56 69
34 42
58 72
51 54
36 52
10 92
17 68
22 62
28 63
10 30
22 45
36 69
17 45
34 92
5 17
11 26
7 31
14 53
13 19
66 78
59 96
32 91
12 46
28 94
94 99
28 73
12 57
45 50
28 33
0 68
6 27
34 59
59 60
16 39
33 84
15 58
38 78
0 53
7 47
57 94
7 96
24 37
14 88
3 94
45 80
53 69
70 88
22 33
82 94
54 63
13 65
55 62
19 58
1 91
42 44
58 73
74 76
19 47
51 57
7 63
22 96
81 83
42 80
61 74
26 92
6 52
39 94
35 60
49 76
53 81
28 90
91 99
19 31
44 58
34 72
25 83
5 82
8 62
41 93
81 99
29 71
3 25
20 95
43 60
32 50
48 55
21 35
59 74
24 75
0 72
56 74
64 96
21 79
70 71
18 89
4 9
6 84
76 81
20 79
51 97
26 87
9 98
23 67
9 68
60 64
82 85
47 91
36 71
6 38
40 63
2 77
44 95
18 95
26 48
