nnodes nedges type
100 150 graph
nodename posx posy weight
0 -6.917976926854157 -3.111597434448633 69
1 -4.88190052864593 -2.0812698689697755 70
2 -6.366171970611045 -0.9388237558854984 99
3 -2.07256524776027 -1.0382257095929182 43
4 -7.126123856000669 3.186930882036788 92
5 -4.306393334473294 0.7351235441642296 81
6 -8.666990506234574 1.1333308758623617 57
7 -6.2761421821154375 4.728054853429476 97
8 -8.388429887507883 2.9777601798560434 33
9 -5.193487393764241 -3.098123883538875 55
10 -6.165569154369932 -3.424382399450905 37
11 -7.959505897154148 -3.502882376092375 88
12 -4.501821924054156 2.2413652107166504 28
13 -7.1842766226842025 1.8777026379847421 70
14 -2.9484481157754816 -2.0846324809733114 92
15 -6.043698187884722 1.2451310602112284 24
16 -3.3569030915591305 0.7424842164829876 14
17 -8.887026865615478 -2.141661829204035 22
18 -5.660365469952688 -4.377155952778626 39
19 -6.564707623983521 -2.7260170293079335 10
20 -7.154524171490358 2.2832838665561757 48
21 -5.899407302891085 -1.3826892096313073 92
22 -4.2187234727808045 4.152146351973013 29
23 -7.614516320189205 1.3657873405625236 72
24 -9.025766064960434 -2.4933420400489408 46
25 -8.4098002034772 1.1942818312140573 83
26 -8.842663841373302 1.485882070481682 30
27 -7.03751557401078 1.1918363518627693 14
28 -6.574998285927378 -3.7114973705840444 45
29 -5.701390072711695 -3.204239272063838 83
30 -8.916516593557743 1.954527072317991 43
31 -8.811602261406549 -1.1157582570037168 71
32 -5.621725546027475 2.4893732907599047 97
33 -5.580854793892422 2.675930694693885 34
34 -5.3098226384287885 -4.35850611074893 65
35 -5.970512036392167 0.7433329130206414 45
36 -5.7570355168053595 -0.0791072713695716 13
37 -8.469544282810773 -0.17089407474848936 88
38 -7.672294013826459 -0.5251570669074905 25
39 -9.789781738756432 -3.348566483524284 37
40 -4.291451813579878 -1.2366921228932566 5
41 -5.9480056348055825 2.8788679166680784 62
42 -4.535217717007174 -3.6771020768753506 43
43 -6.843202138543575 -0.15288328811339721 76
44 -5.791430884046379 -0.701105421074861 95
45 -8.166743889842044 1.9988389722951034 64
46 -4.910588823068598 3.2410612680203217 99
47 -2.752203359788757 -0.6033894014017095 63
48 -4.750706330177594 0.16023365306547827 53
49 -6.018555899676299 0.19969250738434646 8
50 -5.622439658642246 3.8856974184355013 28
51 -6.37144565092893 -2.161176965489147 65
52 -3.7305935850141836 0.05773969516067715 4
53 -2.6061605113618365 1.1596204192570105 73
54 -3.357484082940999 2.7970558306223676 37
55 -9.265617152143232 2.6919387800738925 27
56 -6.936614624922959 -0.8691905981126211 65
57 -3.3239885862390652 -1.9532782449271353 30
58 -7.764170453465844 -3.0242569027058708 39
59 -3.827051205192912 3.806739306217296 69
60 -6.618993302442879 -1.2221542406440329 81
61 -7.829438008623552 -1.371867919583719 95
62 -4.63082523972648 -2.3204056137495783 91
63 -3.981134088291117 1.568687027367265 31
64 -4.714979976873804 4.408215865422834 75
65 -6.621815769823981 2.7293092340079825 20
66 -3.9527505118890525 -2.72067779861758 91
67 -8.378259857776458 -1.2866003616194128 56
68 -3.7017347366261375 -0.988731919675114 34
69 -7.4350761595621355 -1.6377080282026821 82
70 -5.235112039989891 -0.9282963053052573 6
71 -8.605179210438143 -2.7315100209246106 3
72 -8.582777022069008 3.8220652392028343 20
73 -6.384623076361782 3.740662476784125 74
74 -7.542097650164008 0.6267660593668231 5
75 -4.223416221465501 -3.1183595889832176 88
76 -4.647961366240803 -0.771627164211172 28
77 -6.884849638823969 0.5574326292330489 30
78 -8.288695175580264 -2.04265147996977 12
79 -8.986585599187995 0.29901495826776264 45
80 -7.379380319625752 -4.220072523073764 73
81 -8.337946282139661 0.4440129825934613 55
82 -6.753892417925349 -1.5394786654901884 55
83 -7.301520615464843 4.081269889095451 83
84 -4.594445505630015 1.2032049254790251 77
85 -7.264857314972789 -2.3513421616159325 62
86 -6.695735887856379 -3.960068554053018 27
87 -3.488371441475956 -4.501097717213196 5
88 -3.1817184756756283 -1.1111998190372265 87
89 -4.871095507084153 0.5942710204596968 33
90 -5.319672208244049 1.776803418369327 36
91 -9.858775563334795 0.49273656868959703 21
92 -7.7157644287011315 2.7889321141020007 6
93 -8.097589342437827 1.5784744057944213 57
94 -9.84737023805335 -1.4120644121732742 24
95 -5.598552196251864 -2.3078904004082648 87
96 -6.775992598559734 0.28567818723596544 37
97 -6.927031375845746 2.0916178256564746 98
98 -4.5032521110440635 -1.4183148520265585 32
99 -4.006156975045567 0.8091360933021869 80
endpoint1 endpoint2
4 41
9 62
33 41
72 92
48 89
43 82
9 51
19 29
75 98
27 45
76 88
17 85
23 35
42 87
15 49
15 96
38 96
21 40
38 56
81 91
76 99
19 60
68 70
33 90
46 59
34 86
23 79
6 13
28 58
30 45
56 95
60 70
11 71
25 81
48 63
29 62
19 80
2 85
73 92
53 99
24 67
1 10
12 41
32 65
19 28
47 52
62 66
34 75
67 94
22 46
27 81
6 45
14 40
1 66
26 79
12 46
85 86
31 69
44 51
27 65
37 43
28 29
4 8
15 32
31 79
9 18
7 73
25 74
42 95
61 71
35 44
8 55
7 50
40 52
4 13
25 97
35 90
37 67
36 70
15 84
32 46
13 15
26 92
17 31
5 52
1 70
18 28
2 76
36 98
35 49
43 89
3 88
3 47
2 61
62 76
42 75
0 85
38 61
27 97
20 45
49 96
39 71
69 78
26 81
16 89
38 81
46 73
10 11
1 57
47 57
32 50
20 74
11 24
21 82
56 74
12 99
1 95
23 30
23 92
31 78
60 67
12 63
27 36
77 93
0 29
33 97
38 69
6 37
5 35
15 77
16 99
0 51
51 69
58 69
65 83
20 41
21 44
48 49
48 70
45 55
49 60
26 93
52 84
2 21
2 77
8 93
46 64
21 69
78 85
12 54
