nnodes nedges type
100 150 graph
nodename posx posy weight
0 0.1881965446749617 -2.936473914743679 52
1 -2.722221493967052 -4.269529597581825 98
2 0.48874086851570825 -9.000172812552607 98
3 2.836788931205301 -3.280446240105484 55
4 -1.040518656417488 -6.090908200309166 81
5 0.659207525651599 -4.633454846829 5
6 -2.7502155517756424 -7.321200290687304 41
7 1.258241572290866 -1.9297339848064181 15
8 0.15672318472831775 -7.119657296368959 78
9 1.3438462260530828 -4.570740141592676 28
10 -0.7086382421228946 -3.813098268082595 72
11 -0.6418883187774004 -3.0607421838038538 99
12 2.5733480984978154 -8.637525515071507 60
13 -1.6438064858728856 -6.786779955399133 16
14 3.975502978274993 -5.837245127921831 72
15 1.6244287362110703 -6.339271949059671 55
16 0.22819461458281598 -5.4071970974288295 20
17 -0.40825158505999115 -2.491242428870029 22
18 1.2506169402933578 -3.392547607763166 96
19 -2.5279895204705873 -4.938639463829362 33
20 -0.7778427309206363 -8.37869158985291 8
21 1.2192594486407635 -2.9446285424929823 67
22 0.11127189429763754 -8.754204347296463 99
23 2.3554173587906084 -7.48072701573845 77
24 -1.921074197794424 -7.487455294258984 23
25 -1.453571640729438 -8.821012871649172 25
26 2.9325014321250475 -7.099522441447712 63
27 -3.6248323726026412 -3.4150442436349144 7
28 -1.697574738748249 -4.802269586533994 94
29 -2.1427474041308496 -3.749647411658235 79
30 0.0672685861131751 -9.185469172648034 2
31 -0.7732066216086275 -4.923469207693085 55
32 2.3458467670873713 -4.977699063699513 54
33 -3.8447846438765585 -6.066947934388854 42
34 0.2655090647677833 -9.697535328362523 57
35 4.718941086833941 -8.332752067153645 44
36 1.221676406930259 -7.529989041974769 61
37 0.849005527986059 -3.4984562100783108 6
38 0.7159634530110566 -1.5847591831117323 84
39 -0.38670507684616084 -3.9672604364705544 48
40 0.6866693525179085 -7.507667444401432 59
41 3.090859883590046 -5.68721180634442 97
42 5.607083804223765 -7.122621880137225 25
43 3.3195560451040653 -9.44963009047546 16
44 -0.16844457364955875 -2.5769095470541483 11
45 -1.0688847879455317 -3.4394177317847756 76
46 1.174512767892695 -8.557480109795529 32
47 3.667796175585167 -8.896568971103827 64
48 -1.1134839390302107 -5.448006538948272 17
49 4.208550960549554 -6.579071374119359 81
50 0.7843641745062258 -4.046359973353091 39
51 4.422676913694801 -7.264041689275914 18
52 0.15066307646034904 -5.95642305288092 77
53 1.8108851962146066 -7.693454397843533 60
54 2.5048864238859956 -5.413060312666632 37
55 2.159135106554709 -8.806438871977962 86
56 -1.2271780961116419 -6.197198734306916 61
57 -2.5529616141305382 -6.127523523477389 91
58 -1.3749139209963528 -2.5773852015181795 26
59 2.0822782923203915 -11.101310133110914 28
60 -2.5178208718231594 -6.326931236963115 20
61 -1.9142273303485824 -5.390475500728696 22
62 1.0123202415729693 -7.351795041268564 90
63 -0.35163732828834354 -6.408621358737938 17
64 -2.4834320657604687 -10.3360387385761 34
65 -1.2908435607377935 -6.608059263589812 55
66 1.099814483244156 -6.651196582636287 80
67 1.8166447196704079 -5.401811336410841 95
68 -1.2246474968091992 -7.344931140959674 64
69 -3.965076910128588 -4.938341029283715 39
70 3.4748002415204597 -8.06337438695657 49
71 2.199177941203935 -9.911281108150153 66
72 -0.9210806641147957 -7.442495668951249 99
73 2.28086171038473 -4.318497744698454 45
74 3.331796758209076 -6.117051166698166 74
75 1.5813915147142028 -4.304340998606082 59
76 -2.7844925198628285 -4.869487232679884 49
77 2.033814719293805 -3.939817414157855 64
78 0.17875820227860864 -6.7344908803575665 8
79 2.801113680795256 -4.08604453493052 33
80 0.676933910318033 -3.2092031154538456 47
81 -1.7590931117495032 -9.427120303725323 38
82 2.8389005182206772 -10.849638736046941 28
83 -0.7952078074792267 -9.062792213725213 90
84 -1.4300620337194818 -7.810035372368839 97
85 0.086749263784721 -4.515136873235976 26
86 0.5024683956496638 -7.754646606443566 59
87 -1.087874156193173 -4.928119986070183 24
88 -0.23355732514873176 -6.948766968270857 91
89 0.756298901811736 -5.661450307677668 5
90 2.736018973919691 -6.723738018390813 8
91 0.8986421312407616 -6.021639576967942 70
92 -3.149844447741124 -6.2843993185747316 5
93 -1.5289091999238953 -5.356649611827584 2
94 1.621180846639583 -3.476617828683727 46
95 1.2195958392566617 -5.509707582976 7
96 2.004900763194806 -5.613555539038197 48
97 0.268469887626513 -3.838053447692371 82
98 -1.169771811806253 -4.259239274093614 92
99 1.0461659293674592 -9.987158123260839 29
endpoint1 endpoint2
61 76
21 75
5 54
63 89
10 61
34 46
16 50
78 86
26 53
56 61
20 88
28 48
20 30
10 18
0 17
41 74
4 57
10 97
4 52
0 58
46 62
53 86
80 94
42 51
13 48
59 71
75 97
74 96
66 88
5 87
43 70
22 25
56 72
14 49
17 39
6 60
54 90
23 66
36 55
4 87
55 71
1 87
52 85
4 78
33 69
50 80
80 85
35 51
36 52
22 62
22 99
30 46
41 67
31 56
68 88
26 74
65 88
4 28
67 77
6 92
87 93
22 83
61 65
2 86
0 5
7 80
66 67
73 95
16 88
83 84
16 48
9 79
60 93
37 77
24 25
13 60
62 95
33 60
66 89
16 39
14 54
18 77
8 66
13 88
15 32
9 95
31 85
29 58
15 66
14 51
85 98
46 53
4 24
5 95
86 88
10 44
63 91
19 57
63 84
12 53
71 99
47 55
9 85
36 86
18 73
11 44
34 83
32 79
67 75
11 85
28 45
9 37
15 78
63 93
72 88
29 93
51 70
53 90
26 41
64 81
6 84
93 98
19 87
67 91
43 71
35 47
32 96
9 32
8 56
85 97
40 53
3 75
71 82
37 45
0 38
49 90
21 44
28 76
20 81
5 94
61 92
1 27
40 63
56 68
1 69
16 96
43 47
23 70
75 89
21 50
