nnodes nedges type
100 150 graph
nodename posx posy weight
0 -7.916769551799924 -0.17875618266548807 6
1 -10.073539373070727 -3.6871711702281447 43
2 -11.690138927190256 -2.2497559476162072 47
3 -10.567894867802027 -3.4387398316657056 31
4 -8.161834125982791 -3.9117539020796 30
5 -10.700196135001102 -4.133278739433238 94
6 -5.582165822169925 -3.2594696484900596 63
7 -12.037443818974197 -4.004128475701844 55
8 -7.040615836297792 -3.4257989874220356 11
9 -10.067295987255598 -1.8019287990189652 93
10 -7.930576358209905 -5.7520499549464015 87
11 -7.9274835646487105 -3.3052372255847438 49
12 -7.5384829003578275 0.11087514865526771 13
13 -5.558867343274384 -0.5179673397975908 68
14 -5.656161676995445 0.24411576531541623 56
15 -6.94332181874666 -1.600873750999972 37
16 -6.930858197061098 -5.012652125132055 68
17 -9.87596169705797 -2.6863172867175713 62
18 -7.783057624303379 -0.9973185040534497 54
19 -4.668402545040184 -3.0889928148842065 69
20 -8.414718375101641 -1.955650742113978 89
21 -4.025528335561348 -1.1589785419584495 97
22 -10.732922148345223 -0.06320217032091846 92
23 -5.280192579393181 -6.266830242253736 89
24 -8.804287393512912 0.222163972784249 62
25 -5.45841520272971 -1.6412345156946848 88
26 -11.238070255190706 -1.107579698694748 49
27 -4.957941985366094 -0.655377774369374 88
28 -8.70017125088306 -2.890265895074812 82
29 -9.830589614639234 -5.633788082820476 21
30 -6.417490339827357 -4.718348581252452 10
31 -8.425028080905223 -4.6065939206244275 98
32 -9.59502125444064 -6.140331211662209 75
33 -6.432703740709126 -4.249407313076219 79
34 -9.078786386929758 -4.766674678545409 1
35 -6.0912574358935965 -5.518094857079271 76
36 -7.48216800045861 -5.574623361339425 88
37 -4.542698595515349 0.21334551729546514 72
38 -11.92199545730803 -4.575428626740451 20
39 -10.602144161428756 -1.6524174887414635 42
40 -11.109205967954304 -4.908647583692591 19
41 -7.590448019888578 0.7829093916023491 18
42 -4.261472828129066 -2.226784019089973 44
43 -5.473143243359193 -2.318845079065134 41
44 -7.090411991244003 -4.080338121044224 75
45 -4.967425432763369 -4.410085302362994 96
46 -9.136914733143135 -2.645471896717693 79
47 -6.647424961886919 0.8386437138698059 49
48 -6.774916510183589 -6.90040499807317 10
49 -6.945822922770498 -2.386883940867339 52
50 -9.153950577378039 -3.4030093287581997 89
51 -5.757433861444238 1.0683917436967085 45
52 -4.800222996359879 -1.460257354902441 29
53 -8.630200799572242 -5.177783169228652 29
54 -6.436466990509823 -5.607347104444203 94
55 -6.226156809046708 -1.6053451495476727 16
56 -5.788526378635961 -2.8248795961973627 10
57 -8.288736108855733 -5.87994651035796 37
58 -7.85165653530109 -3.802583724533093 94
59 -7.7456800767248115 -2.0542239210131363 67
60 -3.445107826432366 -3.392889856911682 37
61 -6.604575370528035 -3.5746520423629016 62
62 -11.000812248152398 -2.194798706690611 71
63 -4.364723094694271 -5.464041671174671 49
64 -9.404860892801805 -0.5392469987777074 17
65 -6.898677020907163 -2.665522237147865 83
66 -4.457049269570549 -6.167410970867234 77
67 -7.325539979561836 -0.774606679663921 66
68 -9.74611976843336 -5.1381003465753325 5
69 -5.774785673662931 -5.248978537194229 3
70 -9.974126111981525 0.7286317551094924 55
71 -3.9634041735969263 -4.116699082675314 2
72 -7.280164703282976 0.6684274899419186 31
73 -8.9741919367345 -1.4162042676992823 3
74 -9.505075555950937 -4.333924222411794 25
75 -10.436749847949073 -2.8239405371737627 8
76 -7.274029377391598 -1.4200090322310208 2
77 -6.526171842984033 -0.20519278777846156 2
78 -6.780273634056582 -3.8154164744087202 17
79 -7.21133761262451 -4.250025880320357 43
80 -3.3852990131973546 -2.4967176412503407 33
81 -8.102843684815626 -4.846563697304156 80
82 -5.250705265782112 -5.09337747257238 47
83 -6.069194064981607 -1.8917268107788041 71
84 -8.449571657855838 -1.306262019348442 7
85 -7.367501860763258 -3.081340721035167 40
86 -8.20083176254769 -0.6566176574387341 8
87 -3.639443971293481 0.14833645092434233 67
88 -11.494182319119913 -3.1387928113143326 13
89 -7.741100879185111 -6.701412799677354 94
90 -3.2164685995106908 -0.6086701589378141 22
91 -11.097277463994615 -5.313524995821913 60
92 -8.751105486631143 -3.7407771430314187 4
93 -9.936286886533997 -1.1240973802487202 96
94 -8.781977083795612 -4.119548055348377 31
95 -10.51006946071863 -0.5516954479689893 33
96 -4.479499066289959 -0.7244611790076854 71
97 -5.960976015797973 -3.473822333236475 23
98 -5.629591449605768 -4.395062210535102 46
99 -9.487688836203576 -1.6094837182472628 46
endpoint1 endpoint2
18 55
1 34
13 55
40 88
66 82
0 20
1 17
58 81
48 89
10 69
76 77
23 54
39 62
6 98
36 89
52 83
50 74
46 75
78 92
25 49
58 65
17 62
14 77
37 51
67 73
21 37
19 60
18 76
72 86
49 84
33 79
11 58
9 75
15 86
7 91
7 38
39 88
68 91
15 43
36 57
71 80
87 96
16 57
4 31
23 63
17 73
21 27
11 31
41 67
17 99
14 47
6 55
11 46
35 61
37 96
25 42
17 50
21 52
55 83
53 58
34 92
9 20
5 17
12 76
59 76
61 65
67 83
31 34
21 80
6 45
10 32
4 11
51 72
28 94
52 96
64 70
48 54
11 20
46 99
45 63
8 58
8 79
4 74
4 8
11 61
84 93
28 59
93 99
24 84
56 83
6 43
90 96
16 98
57 89
8 16
5 29
76 85
39 64
15 65
33 82
50 58
36 44
2 3
11 33
19 42
1 75
6 78
86 99
53 57
44 58
81 94
8 49
39 93
68 94
0 47
30 78
25 27
22 93
49 59
32 40
2 26
44 85
10 34
28 92
14 27
53 68
44 49
56 97
95 99
11 79
29 57
33 97
18 64
8 56
85 97
45 69
85 94
25 96
65 83
3 92
45 82
44 54
6 19
30 44
13 14
5 38
26 93
69 71
7 88
19 56
