nnodes nedges type
100 150 graph
nodename posx posy weight
0 6.049678353300118 1.9145640672193658 403
1 1.0232103599222462 -0.7710324039931027 35
2 2.6176303776807144 3.7386271592863944 102
3 5.966073780565009 0.7765976313953248 220
4 0.5790311165898883 5.3883775813937875 442
5 2.0949580821669676 2.794119777137926 133
6 -0.5332720439352447 0.3812369022466843 274
7 3.800373518879385 0.949652909049434 390
8 0.6635190451567784 1.7327904324160552 245
9 3.7974205498906834 -0.6655941611177334 451
10 -0.2489245772645711 1.626120203438074 137
11 2.3805730132478353 0.575178231397087 170
12 2.402116938734079 1.0255095300765524 122
13 1.1522188754387244 0.9336180771723774 277
14 1.3169761175258325 2.9056213226672813 53
15 5.656310448337158 2.801646410328846 292
16 2.0134899788390173 -2.4931644759907825 166
17 2.944028526274313 2.745321857449447 446
18 2.0901163288549633 -1.0696745176620732 309
19 -0.9241901553394308 3.073096782983601 192
20 2.6365066473605974 3.102433389847989 79
21 4.0977150053404365 0.7825292309279444 135
22 2.8725648713452947 4.414225568189174 169
23 6.088957834684966 3.7436599543831663 32
24 1.3168296659681218 2.384687353510139 294
25 2.7426849444874035 6.050804417370096 322
26 2.5062853599063324 4.752128747111166 126
27 3.2503010905570404 1.8993562570808817 128
28 -0.25840864782711037 2.149237309644019 375
29 2.2856166076086373 8.12217518401311 179
30 1.7092083988316513 0.7323517149438097 37
31 5.1052870268387425 0.49292721909931186 422
32 -0.9270940720070644 -1.026524130296618 490
33 -0.7510529626232978 2.0864930035592413 70
34 -2.4243668773935325 3.090154244018937 65
35 3.160281856065411 1.4181487477076746 292
36 -0.5429540696682923 3.1725744482246587 34
37 0.5913451245186266 -0.21378076296616264 304
38 3.886650493311956 2.0354444674810312 368
39 0.2743703639437182 -2.7813246297551517 188
40 4.50593023964585 -0.4438904953323166 186
41 4.897667867826078 0.9657448036730398 338
42 -0.17262285492778512 3.48245181575252 421
43 3.2141545134398593 3.9435891361365583 308
44 -1.7236259995397256 -1.7938778134365523 282
45 1.3527095523266612 3.599461141896411 346
46 0.6254738394813225 3.7837173814787675 322
47 4.110545243964019 -0.38358177394928666 430
48 -0.09146804273997389 0.05535956683161103 262
49 -1.7264273274376032 3.3196391790254047 353
50 -0.29895693911479404 -1.0850280548657414 232
51 0.6628450342629412 0.5950394646495112 37
52 -1.701304120659826 1.5097916192652066 78
53 1.6859293579328765 0.0970673496481685 475
54 2.9740608391757806 0.2612096717231613 277
55 -1.273983869625678 3.8529113272469853 16
56 1.7652199501032277 1.7658152667191225 246
57 3.529493015869119 2.477057829949462 459
58 2.092902298590418 4.103680382588498 91
59 1.6333329763566082 4.743118797858466 33
60 4.211748704462413 2.88625822888373 47
61 2.672497041656655 -0.9642201879538798 230
62 0.9160171148680535 4.424902504895179 18
63 0.27253609328579625 6.857989449304068 169
64 0.8602112466969066 3.9628268211936843 267
65 4.774144057193542 3.57650927221403 477
66 4.916077467411643 -1.3411559876187817 370
67 4.186049653386489 3.8231138560939435 467
68 1.341754278502504 -0.23955810500172134 33
69 -0.1859647633234303 1.349317593090343 259
70 -1.6351227352253093 0.2752000358687027 443
71 2.252831398081549 2.2817756748895177 263
72 0.10349537899351988 -3.8562661456511726 9
73 0.15032641678606087 4.337421134810945 277
74 -0.07714631701512423 3.0602018079407736 224
75 -0.6719208422643314 4.24976284217703 356
76 -1.0599334655799162 2.631195527150873 478
77 1.003813409202127 6.6637862035666755 306
78 1.6703160073819974 1.3981656357040386 399
79 -1.35261983064088 1.8231869788243062 219
80 0.7413363089395208 2.3165366530852625 158
81 3.545130949674199 2.9163274378594326 472
82 5.552639266677936 0.296802144881306 13
83 2.0913896064020046 3.420470568204373 376
84 3.730190483883194 3.802971822164883 417
85 0.46631330097384555 2.9356053332483856 292
86 0.20995272034900506 2.0657011974444743 359
87 -1.388208901193448 2.5536500126953627 359
88 4.488922042420879 2.1722432309252504 193
89 3.2437896626810003 4.752241604385938 66
90 -0.2318742673687959 5.146748119583899 23
91 0.4697811893132626 -1.631837782088159 458
92 2.458048292230717 0.2897374530851285 167
93 2.142706900903915 4.5240556354440535 200
94 5.1682983086981595 3.7992881011790045 144
95 1.13130680140006 5.840338651776327 451
96 2.1033808640585527 7.035047682668761 200
97 4.668269767671806 -1.8588869457280361 399
98 3.588083618626229 3.481914043689658 286
99 1.6935311024904238 -1.3406167733313337 266
endpoint1 endpoint2
21 47
7 12
5 81
55 75
9 41
32 44
36 87
54 92
89 94
6 10
14 71
5 71
29 96
25 26
81 88
78 92
43 81
60 81
57 81
20 98
55 87
12 56
62 75
17 67
19 86
39 72
26 84
27 78
10 36
7 57
19 34
5 64
36 64
27 88
33 80
33 69
10 52
8 28
19 33
36 74
58 59
15 88
15 23
48 68
12 13
21 27
5 56
53 99
8 51
69 86
70 79
11 51
17 71
22 59
27 81
17 22
7 31
75 76
63 95
7 40
4 64
32 91
23 94
74 80
37 50
57 58
42 79
30 92
56 86
61 68
1 30
8 13
18 37
13 37
65 81
45 80
74 85
17 56
47 61
10 87
0 94
9 18
77 96
19 73
24 71
39 91
1 91
58 73
28 85
3 31
71 83
4 90
10 78
14 85
45 83
61 99
59 95
26 45
30 71
20 27
8 46
48 69
62 85
13 68
17 98
38 84
69 85
49 76
4 95
91 99
20 45
76 79
45 59
46 90
43 83
17 60
32 50
0 82
81 84
47 82
41 88
11 38
2 71
67 98
35 54
36 49
3 41
62 89
24 85
17 81
46 93
6 37
52 87
2 93
47 66
42 45
16 99
28 86
11 54
43 93
32 70
25 96
42 55
76 86
40 97
13 80
4 77
35 71
12 54
53 56
