nnodes nedges type
100 150 graph
nodename posx posy weight
0 3.5364418053934554 8.286187517759688 317
1 2.5278703808366925 6.646146164458875 420
2 2.0406689691889324 6.990964320651204 301
3 3.330754781264329 5.321053685442328 341
4 4.202976531167251 7.814169013984441 211
5 2.9221114351074378 5.012852779620113 466
6 1.2227633695898532 3.515718008543581 343
7 -2.8701357730734594 5.984437991229615 49
8 -0.17639556922010666 4.263643800921347 310
9 1.6211937161834007 2.6904565819802766 409
10 1.3289961654625468 7.485517359927546 386
11 1.9029166947454548 8.538598569071706 465
12 -0.6578461184194063 6.641953628450462 79
13 3.182736587410707 3.0463844200896992 207
14 -4.1171517868370895 5.041102437156206 477
15 0.0015561467401757414 2.6445576019814885 489
16 0.43802025235247444 4.838292753208425 291
17 -1.1438306472472908 13.48859180494385 476
18 5.18817628116525 6.386758028110838 425
19 -1.92148627331541 5.774370172443872 351
20 -0.22420134416332602 4.69325543331645 296
21 -0.061798262310220245 5.435414434502783 446
22 -2.170829978667426 7.225533976530807 148
23 4.3815021229299616 6.948548261343644 161
24 -0.21589565752560175 11.54332450101392 39
25 3.8471985422182695 6.156700910178481 492
26 1.387302458995777 4.189522169188743 76
27 -0.9538417929780766 6.248849252083767 125
28 0.8718727420131954 8.393108018971727 288
29 0.2558343323525496 6.631313593414489 308
30 6.283314583937527 6.453616351559725 134
31 1.9512391832961178 10.625187094265343 452
32 -0.44849809626628445 1.5964307978517445 1
33 -0.8525143945607865 3.74220031218907 497
34 -2.7870391016373026 4.769392203750945 251
35 1.9537917430176492 5.643465965774313 330
36 -0.46659514835838484 6.9489266171568715 50
37 2.8753897798976533 6.904909844597412 126
38 4.989386866390251 3.235504025077008 374
39 1.537440757596651 6.245410915163298 455
40 -1.5866331034544359 10.436345276421859 424
41 2.329108273026489 4.174449609465965 133
42 1.9631266171176633 9.15878320675677 445
43 -0.7121499224831036 7.507035982560177 180
44 -3.003721427975599 5.303280866531247 293
45 2.939417030136042 9.514498890910284 408
46 3.998666652644097 3.89009557703243 473
47 1.0610726393461223 4.382526719686855 202
48 2.6115864670877107 3.041057906783611 208
49 4.212525553896598 9.012594437948547 470
50 1.8511410607885828 6.615080985175654 428
51 1.1350325037102558 7.198580792776856 270
52 -1.604397816477842 9.400416547936672 53
53 0.8204570715329246 6.70647998984048 402
54 0.3127787594654524 3.7565333509397387 193
55 0.5214133389494418 6.438856884149319 494
56 2.0489251340397554 4.470407254160482 366
57 0.6523347774155323 7.514780373069403 357
58 2.2697054655101043 7.751576994861569 480
59 0.2621984534124755 0.8852805593327222 369
60 -0.8466838862859054 4.796617131436476 383
61 4.368156635824304 5.746084961368244 188
62 3.5676988701515455 9.184208003688717 491
63 0.26484081647578 7.346744554874681 20
64 -0.17267821451168178 3.541211387589493 376
65 4.56294560984802 4.557240964708547 245
66 3.15877674402942 6.520447466282967 206
67 0.41217160467217806 5.600001861764959 146
68 1.6248657903059605 5.497796102156545 359
69 2.6484225652769497 7.709635006485956 228
70 -1.659783979925189 5.300679898179255 132
71 1.9024926581237194 4.80088248941539 133
72 0.6482170129443658 9.14614185570288 257
73 1.8433558718541558 9.790290522896028 490
74 2.9651535517621044 8.099226312701154 379
75 0.8540757004003217 9.402818180821084 308
76 1.1014601348992104 4.9038212716358975 248
77 -0.5061819529964368 5.845204652199726 192
78 -0.5738308595890359 8.578314374684467 231
79 -0.7186319037844773 12.530520813568971 398
80 2.9967291289588465 2.102659057085286 325
81 -1.1095035918550276 8.001761570719923 465
82 0.9956774532595749 9.91963887344531 13
83 -2.7173140009504912 9.865366872044607 157
84 3.958819424703376 10.061044104693877 55
85 0.4737506039351388 2.0954110648286446 174
86 2.837842703290478 6.1154971175169255 222
87 3.2951650744145287 4.928661616674181 455
88 0.4598988955485055 5.870064884387965 345
89 3.84875248043033 5.25831424867198 272
90 3.4410886844844932 3.837323699274517 308
91 -0.642373996826745 10.44586534503452 118
92 -1.161749093890678 4.202126887329249 242
93 1.0595248333542384 11.573091986784767 278
94 -0.2060714996714489 9.313757267599424 121
95 -5.133342640517091 4.748395844115718 102
96 0.7002875782371889 3.5313602393202057 498
97 2.296494616021527 9.127082310228355 58
98 -2.250819611486475 4.339679332603989 471
99 -1.7105499928303531 6.7007617970038735 367
endpoint1 endpoint2
9 26
42 72
31 93
11 73
44 70
24 79
33 92
73 82
54 92
51 74
18 30
46 48
20 88
2 63
35 87
5 71
52 83
0 4
52 78
7 98
0 58
75 94
28 72
53 67
18 61
7 22
6 26
48 80
85 96
26 67
49 84
23 66
58 66
19 34
28 58
10 29
2 37
39 55
82 97
19 70
12 27
27 88
92 98
46 65
36 57
54 71
6 76
13 41
45 84
27 60
27 99
64 92
24 93
16 29
68 88
69 86
51 77
34 98
51 53
39 57
39 68
61 65
2 86
27 81
6 48
21 77
3 5
35 56
11 45
41 96
14 95
59 85
5 89
21 36
66 89
91 94
22 43
5 86
29 36
41 68
4 74
15 32
6 64
28 78
82 94
1 25
50 66
40 52
10 53
55 88
42 69
11 75
46 89
27 70
50 58
16 33
72 94
14 44
71 86
38 46
1 35
11 69
24 91
81 94
56 90
20 64
43 78
60 96
21 76
3 66
3 25
10 11
65 90
70 92
61 86
16 21
19 77
45 62
12 99
18 23
15 54
49 74
50 88
37 39
12 63
4 23
62 74
3 41
31 42
35 47
8 77
8 64
10 50
35 53
43 53
1 39
40 91
28 57
8 47
17 79
58 97
39 76
15 64
50 68
13 80
1 69
12 43
26 71
16 56
12 67
