nnodes nedges type
100 150 graph
nodename posx posy weight
0 -2.927945926549429 -0.2972104026517404 273
1 -7.005520980017097 -4.670928312350901 338
2 -3.068456155456875 -2.7486245057103194 313
3 -7.749969874732251 -1.994963589269811 154
4 -4.125733931841504 -5.826802764854645 246
5 -0.11003507293291771 -4.520440266560851 29
6 -3.110418781824338 -2.2044163519030913 265
7 -2.160241188896037 -4.1406152600514705 18
8 -1.3703139235251347 -1.3086116147239246 26
9 -8.932166436360585 -2.045996412334885 443
10 -3.8269432517743627 -4.340507163713638 494
11 -7.643283364238977 -3.317155513386596 287
12 -4.442180853597502 -1.9159963366802537 394
13 -5.239651873220218 -4.005313657302748 428
14 -2.389096082033888 -0.5276083597857774 414
15 -3.148964000504333 -1.4295576979711742 406
16 -9.555215158225307 -1.3545353276577305 291
17 -2.7569407949689673 -3.5609676863315496 452
18 -3.8783116270955094 -2.981559642715998 206
19 -0.25375540818818954 -0.9391559400661151 229
20 -9.720921630649581 -0.09739639630343563 234
21 -4.967761803970579 -4.39211287056519 21
22 -2.7088035273014097 -1.6934911647468396 153
23 -4.251948362990888 -2.241864899732608 329
24 -6.816598309186858 -2.3056539276326804 392
25 -5.962718862079398 -4.820016933028342 55
26 -2.9398950012076095 -6.7430645969745235 9
27 -4.169529491705615 -3.2092110208551636 313
28 -5.169534325078648 -0.32589354769953327 96
29 -4.059462391638744 -4.830378826557659 353
30 -8.754321397079487 -0.6873008510739058 136
31 -5.589985001640017 -6.082221133375471 464
32 -5.584103396822882 -5.02682701567009 307
33 -0.8128528442324326 -4.277239468001758 381
34 -6.281079015869128 -6.08534696576633 251
35 -4.351891832476359 -5.971948843396632 387
36 -7.2268173154296775 -4.171291067808523 415
37 -6.7604286633520605 -2.773530482383165 166
38 0.6276657221138672 -3.7452032446277306 67
39 -3.80659830320063 -1.4192594765277948 201
40 -3.5696760989384004 0.6431487056589812 179
41 -6.208571594273597 -7.113700012356614 173
42 -6.961125377373622 -3.8089473932868736 306
43 -0.8358779941862868 -1.8636174939536463 329
44 -2.9813668251839527 1.366790906989193 182
45 -4.257108590095362 1.3991852776074336 339
46 -2.569880065754224 0.22190415097087865 51
47 -0.5256716132931368 -3.111228205064814 57
48 -4.35208775229856 -6.9558298329260095 307
49 -3.279469008210648 2.168081538314696 79
50 -1.9695391585274158 -1.3483540762369302 217
51 -1.5026025595265433 0.5073665607641492 33
52 -3.0142439740421034 -4.1664142299007745 99
53 -5.8404218430956085 -1.842104406983484 326
54 -4.56500506064554 1.104157659022764 253
55 -3.817456369488275 -0.9242876922966661 242
56 1.3478363142427532 -2.4819294547108455 101
57 -1.801835939235393 1.1730125090034964 140
58 -3.8855961743382763 0.4328733959270754 70
59 -1.6855469060176969 -3.5055162622818954 366
60 -3.1045425012433983 -3.16536025704618 111
61 -1.3164175204748718 -5.033016141613843 245
62 -6.665764113628272 -1.7566350514712905 231
63 -6.493508283524943 -1.0396009467178111 436
64 -1.520034707065248 -4.419846841103811 57
65 -7.032351854320833 0.4920266257464443 272
66 -5.515388289908917 -2.2067582713761538 279
67 -1.35421424663254 -0.3746564592595383 269
68 -4.932205368729289 -1.5982576319353137 26
69 -6.108092303384936 0.1876376572879875 29
70 -4.4886640897196735 0.10550580500589131 196
71 -7.572230887734657 -0.8959721102803968 75
72 -6.042228529367024 -3.4071967379592865 186
73 -0.9280305977422434 -2.7903064841407157 336
74 -5.582094910002538 0.8572487135377387 267
75 -7.6213575956311175 1.5347640788239918 459
76 0.0262737743982431 -3.9712687123305686 352
77 -3.7198673474761255 1.124881237224156 66
78 -3.3807216048847972 -1.1206266757018384 259
79 -3.0323518811576444 -0.8305248417777026 423
80 -4.778638010093511 -5.143062845718436 89
81 -4.521002574106669 -3.1763975837435545 164
82 -2.2601750290416245 -1.862210692938222 186
83 -4.058881200368021 -5.609236988961981 389
84 -4.097143542395346 -1.7450427260681423 179
85 -4.37195202773453 -0.5562393467180428 369
86 -2.417103345312215 -2.588748360001241 147
87 -1.6923501128387346 -2.9534771731472818 397
88 -3.2250682826751325 -5.074371184022796 184
89 -3.203728438272108 -3.6145098597519767 141
90 -5.2170098677576595 0.5604883361277215 442
91 0.8135306475922905 -1.538601879822048 250
92 -3.576449817970899 -0.13854593534038823 289
93 -1.879430342952382 -2.2686113998510065 358
94 0.9646862347516026 -2.8533859522301075 118
95 -5.358113445452107 -1.9181578309596843 362
96 -5.487294812030211 -0.8059763505538892 484
97 0.8066355532834778 -5.286192804298001 476
98 -2.3294104774826847 -3.5956573714411544 83
99 -4.844496700938397 -3.0053492634149914 377
endpoint1 endpoint2
72 99
10 17
25 31
23 60
56 91
24 66
15 50
29 89
43 82
1 11
24 42
22 55
40 85
20 30
70 96
10 18
19 91
15 92
5 47
88 98
5 97
48 83
2 27
7 98
4 10
18 86
2 6
85 90
8 87
9 16
77 92
38 56
40 54
12 39
23 66
4 26
65 71
14 78
12 85
40 45
47 87
12 27
22 79
3 11
18 81
52 64
73 86
69 96
7 60
4 31
80 88
2 59
12 55
27 99
28 63
15 23
82 98
39 82
49 77
70 79
19 43
25 42
44 46
0 84
55 92
62 66
21 99
64 76
12 18
12 95
33 38
17 22
21 80
50 86
60 93
0 46
14 82
53 66
28 54
6 89
76 94
91 94
21 83
37 53
35 80
65 75
6 79
40 46
24 71
7 33
14 51
13 25
45 70
1 32
30 71
87 89
59 64
25 80
16 30
7 89
83 88
3 9
50 82
46 67
78 84
58 74
6 78
12 53
21 32
36 72
29 32
14 58
19 67
18 99
27 52
3 63
81 89
22 93
29 35
5 61
8 14
84 99
46 57
53 63
44 49
18 60
65 74
28 39
32 34
50 67
11 37
66 96
68 99
44 54
66 81
55 68
56 94
52 89
69 74
31 41
58 92
13 27
70 77
78 85
2 15
43 47
7 61
46 55
37 72
68 96
