nnodes nedges type
100 150 graph
nodename posx posy weight
0 7.111185943224039 -0.102736897267799 10
1 3.456161354243357 4.521087010206833 271
2 5.673071939788471 2.5275155873876622 39
3 5.533051253624535 -0.3229794174138173 284
4 2.034446040614569 0.540004917591188 166
5 6.273489850626025 -0.11938746246670573 194
6 6.807192201918779 3.3657080886623247 198
7 4.221981696048248 1.4623853768460395 212
8 2.4579692487200453 -1.9495646956615178 398
9 5.89613607120479 0.8036356885673581 310
10 0.8845135926107319 1.2532196463723038 244
11 6.392285189897238 -2.7171403619330445 399
12 5.971849855503719 -1.4670444676578933 245
13 7.974708924132323 4.313312824119551 213
14 1.73626837499596 3.6760322192004637 145
15 5.712266032049864 -0.47380419000588586 206
16 3.4563260884054365 0.5683609413446363 363
17 6.206236816680783 4.241898728025466 445
18 3.0608630838600908 3.6530980267687676 163
19 9.589114626509927 -1.1168232231616995 274
20 1.893271840208677 1.9063095147745472 172
21 5.327008579876816 -1.7040974342954882 67
22 3.6693740588616532 3.418324483411915 236
23 2.711072246369892 2.490954920929868 39
24 4.70935589529702 -0.45034349508113375 36
25 4.0212867097151275 2.4110098148455044 416
26 7.093520581007513 -1.3132224219921853 192
27 8.161649077046293 2.217330721747977 89
28 8.19664899168002 0.7234718152196515 459
29 7.514733290322644 2.3975195351110257 54
30 2.804054504919958 -1.9080622210695906 317
31 2.3956622476780987 1.4795994029628854 361
32 9.194349859559257 0.24249935221161928 468
33 3.605058931624284 1.3772824427949713 73
34 5.771546169678115 5.234154365546845 332
35 7.233125912442612 0.3236353783631935 192
36 2.9825311377401493 -3.2771764223541684 336
37 2.6302637438947283 2.7902711286747484 496
38 5.394212073592568 1.5842652732685398 423
39 3.32716146022488 4.018009439222727 355
40 8.623881710905795 3.0443291227650557 423
41 1.7325738168509943 -0.3864743538812337 465
42 3.518263892982161 1.2507295594203707 239
43 1.8558886583275318 1.1562290786411642 9
44 9.065587933403751 1.4460000431172517 270
45 1.2351874485339474 2.421304336411819 64
46 9.293134931111416 0.7091167719330725 231
47 6.081517944245105 2.757874830995446 94
48 4.787032463839373 2.259035673197878 22
49 3.1639968780804013 -0.4343470797588265 421
50 3.0171012357418108 2.5574343668162838 330
51 2.7123815915580933 1.994224103595934 112
52 5.261412406791725 -0.6952125162152528 135
53 7.497657551162983 1.9237203340477456 123
54 4.486508423179925 1.7271810979009175 334
55 6.123078384613297 1.87202229602457 284
56 6.57556123693517 2.6537834844687205 190
57 5.6450417862622775 3.764736696499952 235
58 4.1963853353584275 3.404409766971069 115
59 5.799089933675659 3.0988811931482654 42
60 4.770325769220803 1.294626088767579 227
61 7.062530461176588 4.4621151735169295 434
62 1.365055859478254 -0.22339980528771455 267
63 4.830219468554191 3.1456793426962784 183
64 4.327435645410029 -2.3664571067608207 86
65 3.670088923245055 -1.6702215199206416 105
66 5.380407011117384 1.2232939349795986 283
67 4.2502774568392825 -0.8674357838617743 31
68 6.743487711312369 1.0825065293713998 379
69 3.0827471441543226 0.3523323815660492 336
70 6.5907192210712315 1.7602052481129904 459
71 3.637608429612662 -0.7879838162850251 325
72 1.500568242833393 1.7255360119800354 428
73 4.385432964220957 0.24990968208180264 36
74 4.7150837824676115 -2.044505111083448 54
75 5.163268058887909 2.497063406053134 325
76 3.399108361966076 2.113630725082703 293
77 2.691523409447956 -0.5196471509682755 428
78 4.92003639123727 4.784212739714854 187
79 7.176976038747158 -2.302172131108847 1
80 3.445706546947505 -2.1626843519664605 341
81 4.112925235927416 3.603559324915712 468
82 7.741648560863066 1.1578572638699043 194
83 8.592490169446274 -0.34601417484539077 89
84 4.085043076765962 3.0320953775801747 176
85 7.606312443301993 2.610848225354332 17
86 6.464191263435282 -1.2306528970680284 325
87 4.833996012200133 3.9237636190495992 389
88 10.608236877514178 -1.5839398634187203 199
89 3.850988016642022 -2.1546310683033396 172
90 5.6537276068706745 0.8098287796368211 127
91 2.909406995024432 0.9193638717833715 229
92 7.052623070171126 1.3306805862179085 62
93 1.882302246966979 2.7414098334770065 331
94 7.102549799657589 0.5140829285794842 91
95 3.563971260237254 -0.9078075795842364 247
96 5.2868124948735264 4.172148348195993 431
97 1.9040581841645416 0.09177675684500744 226
98 6.8569683031784665 -0.3467477132166175 372
99 7.106608675790447 3.161078714904423 235
endpoint1 endpoint2
0 86
5 68
76 91
8 71
58 76
57 75
2 63
40 85
67 95
28 46
34 57
79 86
10 62
2 6
25 38
23 72
5 24
37 51
20 93
30 95
29 56
45 51
27 40
7 75
41 69
48 56
28 32
2 90
24 73
3 12
68 70
24 49
21 65
74 89
38 54
20 37
77 95
52 90
15 86
67 89
55 63
7 91
17 96
15 67
16 97
16 54
92 98
3 73
25 58
23 84
6 29
36 80
52 74
44 82
49 77
38 90
25 42
21 52
28 68
65 77
73 95
59 96
80 95
25 37
74 80
17 61
9 92
59 70
77 91
23 33
31 33
42 43
31 50
6 61
29 94
35 55
68 82
23 93
3 94
60 66
5 26
18 63
64 67
30 89
38 68
48 75
24 71
46 83
38 75
54 81
21 86
92 99
7 50
18 93
33 73
10 93
22 63
14 23
42 69
22 87
19 83
7 76
58 96
63 78
47 85
4 49
1 81
27 70
16 33
62 77
42 60
33 48
2 87
0 9
59 99
17 47
54 66
59 84
15 98
13 99
47 57
60 73
0 82
55 66
19 88
25 39
47 60
22 51
53 68
35 83
54 60
5 35
4 72
32 83
4 91
51 69
53 56
82 85
70 90
11 12
16 71
7 9
15 90
22 84
12 15
67 69
1 22
6 56
45 72
20 91
