nnodes nedges type
100 150 graph
nodename posx posy weight
0 -1.903378634463021 0.7673333643994585 12
1 -2.2359318679392777 7.060861394798903 168
2 -3.2244671992439384 0.4178833295025528 368
3 0.18396275143406132 -1.2266107115798754 343
4 -1.4812501787095411 1.8426267927121551 127
5 -3.430278222863154 3.5950354614032753 147
6 -1.8522578377946315 1.854399988662826 163
7 -0.16588124188174783 4.269291323074621 415
8 0.05649887181278189 1.99292972496162 228
9 1.334067531398719 0.934171053150469 480
10 -3.699384945125528 2.47820024595284 304
11 -2.1861424920160317 0.4847776671510147 368
12 -0.363506802651463 1.9028359006281828 465
13 -2.845405764715365 5.704541828891163 396
14 -4.852333510136947 1.815365568106866 181
15 -3.119338004744555 6.326444354914726 55
16 -5.234353633790477 3.735460019952015 66
17 0.00965726073793544 3.076742001994073 82
18 3.3666761284773323 1.352863982966906 121
19 0.24344565621782452 1.6484884385675538 328
20 -1.9207239476243594 3.31283382071154 89
21 -2.481789168465194 -0.6371421617621832 497
22 -3.504158962386121 0.8946166139774693 426
23 2.1889944075590533 1.3696722286639667 113
24 -1.5288677046567958 0.23004699947521132 390
25 0.3189422056692376 1.312841629508979 316
26 -1.4275324523911663 1.0001526827811746 229
27 -4.662535221848507 0.6484318687521984 73
28 -2.2766120804587553 8.14000230053445 67
29 -1.8677881459903147 3.9232595925696323 390
30 -0.7705905759358588 4.315095488913726 190
31 0.949826609851832 2.272801786279944 19
32 -1.95212893691369 2.6171807851946047 289
33 -2.14678300742199 4.295824202442706 41
34 -0.6460011300247742 0.14970189605523737 327
35 -1.0675335894908058 3.243315606829001 228
36 -1.119927028922664 4.097192990193409 8
37 -4.703652599479045 2.9014853040758264 13
38 -1.3890455387214145 6.39647048778671 432
39 0.04811814855943865 3.6651541058030794 256
40 -5.807277474127529 3.185565973568681 227
41 -1.138014425526185 2.186899546206083 346
42 2.6344051387935465 0.6242492637996231 200
43 -3.158759451958011 3.2513533603105245 184
44 -4.328864083043799 4.99139234391845 406
45 1.2045259790330989 0.26900305866409624 149
46 -5.645226215156192 0.020856952122482085 329
47 -4.245975665238617 3.8558593157802545 475
48 0.3544793325757177 4.112033472345307 197
49 -2.9801270172099827 1.7885116028918862 335
50 -1.3149926623425534 -0.02173567697844833 446
51 -1.9504222258296393 -0.8510681410222991 224
52 0.9240434509635973 3.8381666519380184 195
53 -3.199751657593031 1.0073860591022132 195
54 -2.7665143061588675 -0.302939125264933 299
55 -1.3375929259379395 4.725589278209193 470
56 -5.26536833771269 5.688444016309913 110
57 -2.196957367161394 -0.13517629382367286 320
58 0.3654538412571649 5.097977719540193 88
59 -0.7928659635615023 1.1599167748799695 134
60 1.4531114687831859 1.2986543092803764 139
61 -3.3461374220816134 1.6960477725754914 98
62 -2.7156085379178507 4.8492540239576645 412
63 -1.5414808789613528 -1.247830972965071 459
64 -2.23985044793229 2.3504161610598375 132
65 -1.0826540666148916 -0.8115735680693497 131
66 1.5956182105438896 -0.03807388271028207 227
67 -3.7610719684406653 -0.22276236760045046 484
68 -3.8038962502852907 3.206302395498014 156
69 -3.6576061686990897 1.5610865068505027 64
70 -0.1306332053764381 5.726023786620205 89
71 -2.962007259647351 4.308400169216247 365
72 1.2216066130818402 5.6454606510816365 125
73 -3.9110420596525834 0.271862477485525 120
74 0.20481979771799821 2.4715801744343784 165
75 -3.619793422332447 2.159193614874038 302
76 -4.534557127449639 1.0207422135651418 474
77 -0.5121605048600532 2.8846334857302964 106
78 -2.7550384778629 3.9838701490213215 153
79 -1.810085007405548 4.429123318004536 164
80 0.9978849626508413 2.993055059350945 320
81 -3.268227444203845 4.221097796614908 183
82 2.5957913003918667 3.373465437747232 163
83 -3.1200537357223475 5.0161254916254245 407
84 -2.189446513656674 5.410235760761521 95
85 0.4229967055727842 0.1375020254434915 234
86 1.5409340193482362 2.8225614877596414 50
87 -0.7058417266418211 -0.9971820041970761 396
88 1.294850155211257 -1.1105692919401122 487
89 -0.8202950171354109 6.071298327970489 262
90 -1.141388508422006 5.066396981405293 394
91 -4.419756574842623 -0.3587122459378447 124
92 -4.260075649750015 3.3677882699089934 50
93 1.1126673825872964 4.683532212751705 174
94 -3.3290475346072466 2.478445923207647 490
95 0.03744527509020356 0.8432890233221034 371
96 0.4649564555382109 -0.2937275355459508 42
97 -0.8720585084883653 0.5145611259982559 61
98 -0.09680871546152363 -1.4368115016378364 18
99 2.388684721126196 -0.11652211232242987 112
endpoint1 endpoint2
82 86
27 46
21 97
47 75
12 31
35 41
2 67
61 76
16 47
79 83
27 73
52 58
84 90
12 59
3 45
26 32
31 80
36 78
44 56
12 17
1 28
39 86
17 36
25 60
43 81
29 30
11 63
67 73
64 69
15 83
12 97
43 92
23 66
54 73
1 38
63 98
12 74
4 32
37 94
69 73
39 79
1 15
58 72
38 89
87 96
50 95
29 79
10 92
50 97
55 89
30 70
37 68
81 92
72 93
47 71
38 90
12 41
96 98
26 50
8 25
74 95
14 68
5 83
88 99
2 24
37 40
79 81
4 64
35 64
20 94
53 61
26 34
31 86
88 96
50 65
5 62
9 96
35 55
11 61
32 33
55 62
58 90
22 27
2 75
21 67
53 94
10 78
6 77
0 22
4 49
44 83
16 92
31 52
78 84
29 68
51 65
0 34
30 77
20 90
44 47
53 57
67 76
9 42
23 99
32 43
24 65
13 84
39 93
57 87
7 52
13 33
19 41
6 75
6 24
39 74
8 59
7 29
5 61
69 94
18 23
71 79
10 49
35 77
0 57
3 65
77 80
14 27
14 76
70 89
10 22
24 85
43 71
50 54
8 77
23 86
0 51
16 40
11 54
60 85
66 96
25 45
4 25
11 59
20 41
9 31
0 41
22 91
7 39
34 96
35 48
