nnodes nedges type
100 150 graph
nodename posx posy weight
0 4.778934213489796 -3.792975781712837 352
1 5.555497954442037 -5.723226828139754 96
2 5.569833223456327 -7.326475007918814 263
3 9.260384420001056 -7.985265135412756 374
4 6.980945971376083 -4.7241645940633346 469
5 3.4660838715848836 -4.4145621545194365 98
6 10.507906733912527 -2.852843344094071 180
7 5.083933613825455 -3.146768860203757 112
8 11.779183853103074 -2.925953931440191 491
9 10.605319722682887 -7.258596195938964 270
10 11.243452592601951 -2.275295386012453 354
11 6.908783312462711 -4.291604689755981 238
12 11.125647038005038 -3.1496106464666327 98
13 7.634199008692577 -3.2798843405518636 282
14 8.80462107941578 -6.935152160765628 475
15 8.261765469929305 -6.05046262670352 443
16 4.8985416040372085 -4.275165247393673 249
17 9.045104396091752 -5.739343242727576 84
18 6.314779371031783 -3.1770261687709778 52
19 7.752811024872878 -7.673731550786438 223
20 9.602290314577408 -2.901051928190834 313
21 6.6935611003791236 -1.8948779171001842 145
22 9.300438807718209 -3.1576959028703384 66
23 10.947065941303782 -1.463224000227435 146
24 9.570641234389795 -6.6080136330451635 9
25 5.953230670855514 -5.3206636683165645 140
26 6.706275689276467 -7.320669430253983 112
27 9.798616011982201 -3.985400991870506 148
28 7.398826010818749 -1.6373500703672852 154
29 7.373055549370492 -5.502004957213222 166
30 8.314736927748973 -1.9767455408320147 424
31 7.843516368893053 -5.399934696122061 307
32 9.429150619652871 -5.030777312828207 346
33 4.630265700703295 -2.2046808006733323 495
34 10.261640445168414 -6.1536690865086845 455
35 7.743279031719755 -8.168634994763742 10
36 7.637460288474907 -6.945835252979139 42
37 8.27076347176378 -5.336485368940176 389
38 7.669490576077239 -4.40483228193182 207
39 5.430930493067232 -4.646483103029351 491
40 4.7535441868466215 -2.8728627537727633 338
41 5.622627250676152 -1.9210882990667888 270
42 6.722364595317777 -2.5496496485396563 329
43 5.573604380015176 -1.3516669930656193 170
44 6.460403228715538 -5.972595612670177 499
45 10.957848200191938 -0.13795839044228855 452
46 8.248590814758865 -4.126908844738539 408
47 5.567356310324134 -6.897538403990676 434
48 11.564953734079703 -2.401382103582928 121
49 6.52927580821851 -0.5919069755895215 344
50 6.0227817888025 -3.6091411792193657 246
51 5.329796870907388 -6.212712147450312 120
52 6.5355238770640725 -8.340101194733334 13
53 8.286112030789845 -7.100780938475595 413
54 9.84967885284188 -4.980706598331647 110
55 7.723879388504493 -0.19369732673203105 337
56 10.09202230149781 -3.5847020787391517 226
57 5.149744700288186 -2.400514366337314 187
58 6.259102048669952 -4.869048361116303 299
59 8.169559079725095 -5.009854807944121 183
60 11.832469363152951 -0.7404850834866169 103
61 6.168456165027031 -7.822765583550526 464
62 7.767176840755301 -3.0104658832953373 347
63 8.579002082165003 -1.4005710789457457 191
64 6.294494032901565 -6.970522611409128 435
65 8.701167968446699 -2.293250966114916 23
66 6.482804839181566 -4.999668796232309 408
67 10.961578648369445 -4.269257955739676 338
68 5.979103286459838 -6.204648023923771 275
69 7.684039277035315 -1.4209266378707293 280
70 2.3986250822526034 -4.869401810955119 425
71 4.669448079977824 -5.245148392811016 473
72 9.941970984414203 -2.5370896105904084 102
73 8.195720413920581 -2.736009065927015 24
74 7.6153662694448885 -6.201493866713158 226
75 6.194048726409891 -4.170041685995378 299
76 8.044149754772542 -4.403519302963212 345
77 4.226267377556973 -5.174967863766885 184
78 8.860397275947493 -5.445680735223394 385
79 6.304353828637971 -2.7030710130030244 362
80 7.533942594127068 -3.5795387088699835 313
81 7.140556754637781 -2.008787822389736 8
82 8.9270600029045 -7.477177695670153 161
83 9.109114325923201 -4.2306082145802035 447
84 7.055252669399278 -6.351801587361466 54
85 5.402475332656109 -8.000721323117975 154
86 9.877443214794186 -4.2540407368885225 224
87 7.690444322290869 -2.0311848386086817 229
88 9.261385444085565 -1.8445763388535974 184
89 9.712868277727429 -5.031495560692045 391
90 2.3966974441495315 -3.9619118038197914 77
91 8.278178713438987 -3.512406878943444 381
92 5.73023069739188 -2.975375302461505 456
93 4.480194926795946 -7.204377279417027 88
94 6.8318245584118165 -2.8604243258941953 326
95 4.425324538560072 -5.940729244131961 47
96 4.946833563852605 -0.416946659110419 458
97 4.400205607641032 -3.5296976350623286 142
98 8.752033168255506 -3.9815212954270645 151
99 4.779154318564749 -4.786574843758918 435
endpoint1 endpoint2
30 65
38 50
14 74
3 35
76 91
23 60
25 71
41 81
33 41
39 92
69 87
40 79
31 74
3 24
56 88
38 76
5 97
78 98
57 92
7 41
38 83
11 42
20 98
80 94
5 77
14 24
6 23
5 90
46 98
15 76
31 38
7 97
72 86
20 63
62 98
85 93
21 62
80 91
74 84
21 43
59 66
36 64
29 59
44 66
17 83
51 93
17 29
47 64
38 89
21 49
4 84
26 44
50 97
62 65
0 77
2 64
41 43
35 61
51 77
59 86
0 33
62 79
25 95
5 70
39 44
16 66
7 18
22 83
33 43
24 53
6 48
10 72
80 98
65 72
6 27
11 25
13 75
13 22
26 85
36 37
51 58
43 96
27 37
15 19
12 20
1 25
50 57
63 81
13 91
36 53
9 24
25 29
42 69
55 69
54 56
21 92
31 46
69 88
13 81
56 67
4 76
18 28
1 75
4 29
62 76
44 47
6 8
22 56
39 71
0 75
73 94
24 54
46 73
58 80
19 52
13 46
4 18
15 31
30 80
44 74
23 45
1 2
7 99
28 81
51 61
2 52
32 76
26 36
6 22
34 78
42 92
68 74
11 37
16 40
80 87
35 53
28 65
71 95
68 99
53 74
54 98
24 82
67 86
36 82
66 75
79 92
74 78
21 69
51 64
50 94
