nnodes nedges type
100 150 graph
nodename posx posy weight
0 -5.339425215947995 0.3528136035805291 160
1 -9.224676651846647 -1.4643961192185617 28
2 -10.511757829127943 0.7354594265067232 215
3 -6.6017359598832925 -1.6233121097814873 229
4 -7.6542597756900905 0.47010751489640085 401
5 -8.43151913515257 -0.7039748637594972 70
6 -7.873057844266305 -1.319278067990044 207
7 -5.000710424627204 -0.9506712654234143 340
8 -5.424939167519783 2.7073740695176904 221
9 -5.888969314128877 1.9538769223979098 455
10 -5.775524867515608 -1.2139800076325291 341
11 -8.907050250039399 0.38892036288934745 188
12 -7.297117812679271 2.081130116900244 25
13 -3.803177339903617 4.12380705990602 68
14 -6.117650612667754 -1.1565583957236072 283
15 -4.661920447257219 0.18751641252895931 317
16 -3.489905659189636 -3.465810322948522 158
17 -7.8827633382835165 -3.2124595794438506 409
18 -4.180886084992971 -1.4153873797196492 152
19 -7.612887101395823 -3.0011492349254763 35
20 -8.08465048563218 -0.668598309995355 408
21 -8.429007371090554 1.8079844333341786 33
22 -10.357738192753187 -0.7908111700785749 295
23 -6.028928380810246 3.06305858717224 234
24 -9.011585884113154 2.0285320938751092 71
25 -3.9975965161737017 1.8797749404180568 118
26 -8.065813076934518 2.2292482581521407 64
27 -3.7756364602447285 0.7018573702747984 166
28 -6.406717264840792 2.6713702323503954 495
29 -9.12711735878741 -2.83570669752422 458
30 -9.71201129747516 -2.2381835201029276 59
31 -7.996017523765069 1.0540521202435995 318
32 -6.144555175987831 -0.7946965236856436 456
33 -6.853449734025461 0.8386291548815334 266
34 -6.660802544589798 -2.1008855584024024 350
35 -7.162083101868044 1.0339433003574598 256
36 -8.529123539816672 -2.3446014954534062 442
37 -9.369862502503663 0.7754766217470553 296
38 -8.265539751487692 -1.7650707944283393 198
39 -8.269520745269514 4.352864868114338 33
40 -5.019120776932066 0.8993941504610968 347
41 -9.169198767392443 1.956299918745112 429
42 -4.980211252596032 -0.48190499558101124 491
43 -6.631132955463442 -3.1499021569483547 364
44 -6.32720468326534 1.7339352571362336 173
45 -3.7758270292336906 -0.14081162367859174 298
46 -8.742628478693257 -3.5632373818773746 52
47 -5.265222719703321 -0.2672754134071671 325
48 -5.524901497550369 1.0033169670457576 103
49 -7.77395944297859 1.6903230622299787 392
50 -7.054633246340933 -1.0661442627687494 4
51 -4.838997372264579 2.7503796437219563 462
52 -7.797345056021054 -2.625368249343257 479
53 -6.573736387099696 3.4213270652059995 249
54 -9.12522233768672 -0.6616477142990635 226
55 -6.539803089047254 -0.8284442157638148 56
56 -4.594310463317609 3.325198060088462 138
57 -6.214747534188796 -3.4773419957337923 209
58 -5.084074889526889 0.6354107875275254 239
59 -6.7604726786655975 -4.161716576129203 337
60 -7.025804503705475 0.21610346629494423 235
61 -6.958808494540327 -2.97917435137672 198
62 -9.310713758644603 -0.07495017667810577 327
63 -10.167379062272646 -1.589697588125546 206
64 -6.555911633898405 0.05005937294425536 473
65 -5.616496044661026 4.883859429947799 467
66 -7.510542526130451 -0.08270125512752231 279
67 -4.31605139216347 -2.6441572864635114 84
68 -2.3179131117128913 -1.8244817976014611 247
69 -6.952782647776336 4.202831660994088 128
70 -7.845618282406266 1.5458996935649414 370
71 -2.700392163222989 1.267283315903211 280
72 -9.6073422671991 -2.9120153699236186 57
73 -4.048605437392365 -0.24492194564988837 181
74 -3.490725757730196 -1.438871918215926 174
75 -5.383688206618657 3.7302741343916845 418
76 -5.938790255079999 -2.4430993851864047 240
77 -7.436553829520595 2.4597263177616746 211
78 -7.558420502689118 -2.1668919627826546 216
79 -10.187870047351602 1.8962761840835953 500
80 -6.033914162755798 0.33972314934648074 47
81 -7.061624488931744 -0.4826882692099524 341
82 -9.900767932922308 0.8588799031301305 158
83 -9.500880293947294 0.5489218112421382 245
84 -5.85289128914079 3.6406393539978814 176
85 -4.501122971266142 -1.7486033810246502 493
86 -7.6788541767159355 2.7018737157439614 341
87 -8.204095323526033 -0.7074730837264419 463
88 -3.9509000261924685 1.0165540495363121 487
89 -10.983204577573385 0.785349062432335 292
90 -5.422192345501239 -2.3444230893429197 265
91 -9.757993502594049 -0.536190466713405 371
92 -5.548723622602345 -3.1454011398901236 247
93 -9.365421705614978 -2.086350897635132 341
94 -6.000873171605367 2.0948051211884433 209
95 -6.4269835457110585 1.15627193122226 55
96 -4.522920427211053 2.324413318854032 135
97 -6.6300878597611135 -5.271025157586807 290
98 -4.380150864866343 1.4205839340076267 76
99 -9.18953215920923 3.3796232356863727 87
endpoint1 endpoint2
40 88
38 50
41 79
8 44
58 98
12 31
36 87
3 7
9 51
17 46
65 84
18 45
28 75
82 91
10 18
33 50
27 45
39 69
34 57
0 73
23 44
56 75
31 35
59 97
85 90
7 58
55 87
40 95
70 94
57 59
14 64
3 61
67 90
59 61
58 88
24 49
2 11
19 34
43 52
14 78
35 81
54 62
40 45
40 98
1 87
0 14
36 46
42 58
36 52
42 73
11 31
6 32
83 89
72 93
79 82
40 48
96 98
34 81
10 66
34 92
26 33
15 25
48 60
12 95
61 78
29 46
41 83
78 93
35 64
31 86
11 20
34 76
7 74
62 82
28 44
17 38
60 87
41 99
17 43
15 32
27 48
35 95
20 38
53 69
0 94
40 80
54 63
9 44
18 67
35 44
9 33
15 42
31 49
43 90
41 49
31 66
47 48
5 66
66 80
34 50
6 52
4 95
35 49
37 62
13 56
36 72
37 70
44 58
16 67
42 85
83 87
39 99
54 66
94 96
8 23
55 81
5 6
32 50
22 37
21 35
22 93
63 93
3 76
4 70
35 77
19 36
71 88
9 28
3 20
84 94
21 41
44 49
6 91
56 84
30 38
68 74
29 38
9 53
25 56
20 62
28 86
51 56
14 90
42 55
4 20
24 82
32 47
12 26
69 84
9 48
