nnodes nedges type
100 150 graph
nodename posx posy weight
0 -2.817859725426779 5.908451480539408 242
1 -2.294709010424214 6.638674032598074 116
2 -1.3697167752718178 5.66968735526061 251
3 -2.80200568543994 2.9091380015074138 358
4 -1.938446680248511 3.1415160609041375 220
5 -3.1846523150853976 8.490761901090984 171
6 -0.7141341613933982 4.081673141164178 391
7 -0.9973099799559673 1.2516212779541622 346
8 -4.495056853730122 1.589068818925015 214
9 -3.4613360348626245 6.332404402109118 190
10 -3.213515591467349 3.2274937070785867 334
11 -4.52307681020644 5.071855057022087 228
12 0.3615164493971354 4.779485912955086 285
13 -0.426863253833092 2.357639286793914 94
14 -3.377915540591675 7.063945189464545 376
15 0.35343564952501405 3.5071592024288116 296
16 -2.8343187517332393 6.817507140970029 362
17 0.08398351054301556 6.167573205110809 147
18 -2.410992622350418 1.711466140080712 332
19 -0.812688234827612 2.635227119360665 488
20 -0.41423620474353967 5.937237107286325 345
21 0.9970972405411831 6.351683831100696 481
22 -2.2224109118426387 5.325481573220004 253
23 -6.096790805910874 4.501255216015139 388
24 1.9058560930067738 5.03835903227127 5
25 -4.321216233703848 2.2381543312112826 465
26 1.506854197664658 5.161514826721222 461
27 -4.309624392060445 7.782207491584591 466
28 -3.4275434758980827 5.321471716931834 190
29 0.1815074626881193 3.0237274678310655 362
30 -1.8410731575456425 6.085853928027946 207
31 -3.781824381765487 1.6269562102158504 199
32 -4.927570940105782 -1.6972659320230095 123
33 -5.541979470227161 5.785144373841394 83
34 -0.5777954949565244 4.283185825312399 72
35 -3.6381742597226316 4.36068075173491 368
36 -2.7770657189265013 2.248465354289558 214
37 -7.365954385578312 6.018110114386982 260
38 -1.0292434439264755 2.022256753127621 49
39 -2.8201606967661137 3.639986501122738 88
40 -2.5195769397976333 4.648690121511032 305
41 -1.7307444016853302 1.8152355769087625 357
42 -5.656789417771801 1.5401572135929091 216
43 -4.264161817485902 4.205374383128079 333
44 -3.1091804364172937 7.414669575433253 218
45 -0.4976896962999515 6.70216419183773 262
46 -4.428148069168801 3.3920846510631444 482
47 -1.313730985344443 3.853231688079057 312
48 -4.270420736525843 2.993651954785562 492
49 -4.220805708757526 7.036749134326462 487
50 -2.893870456118066 5.6873754349902015 312
51 -4.645230563675187 4.591986054814026 235
52 -5.724196185585722 2.651790331832694 129
53 -5.440220092625109 3.8722403884185357 370
54 -3.938756732260974 4.942743907732105 127
55 -6.7903308383893135 6.445860272499108 144
56 -1.0839748121716424 0.8565778901985669 282
57 -3.9228985782937356 3.2418384875075557 224
58 -2.9572043666401413 7.913504747526506 113
59 -0.7421210361812411 5.119797294579055 59
60 -1.5132676437711954 7.350221782229476 13
61 0.20992549796045473 2.6424961573421046 86
62 -0.987165231196064 8.44634153476173 108
63 -6.568285821134136 5.495247626236977 188
64 0.19399094558815086 4.218574921804636 349
65 -3.9922720110143604 0.32188179477026074 153
66 -2.685024957682579 -0.12438766199177206 224
67 -4.338011845381222 6.379782956595047 35
68 0.3089862189399961 5.688348671194211 87
69 -6.725391197830433 3.614415486391203 348
70 -5.173913074421829 2.7725855750764046 60
71 -0.03249632396243833 1.7197417853031363 109
72 1.489982307307457 3.58871042934513 136
73 -1.2268209783009703 3.3204919074245733 365
74 -1.7453692630398456 0.616523584375454 279
75 3.0334748151690567 5.214640928829066 45
76 -6.009339103176591 7.528182462702059 500
77 -5.882810733073239 4.036346178552014 130
78 -3.3339198293848042 2.57006805318851 477
79 -1.7060635528522867 3.930122638131883 368
80 -2.332848904837079 2.2624050910703435 224
81 -1.8764052579111878 6.32894339808697 444
82 -2.127986908020128 5.056708140991787 195
83 -3.1330205219637426 4.176177850935673 19
84 -5.065755514913679 5.4353190808579 127
85 -4.761241929168856 6.424975129389303 129
86 -1.451636660592214 4.907172609784458 139
87 -5.2097070458745085 3.924201286500993 366
88 -5.333389984712922 8.961061493034117 48
89 -4.519836011673443 -0.7052130118153372 485
90 -4.957588054886055 7.776738586742763 185
91 -5.472422967777916 2.5768892079920893 16
92 -4.78136645603884 2.9363261558501845 68
93 -1.3137837980206002 2.165741267849695 304
94 -3.4789837423787557 4.622682985581345 479
95 -6.245075179241381 6.028784214306192 172
96 -4.932145750067519 4.431080552781458 232
97 -5.361715687299079 6.406703600919278 500
98 -4.547508015310383 8.35175326732729 480
99 -3.0974382718809026 1.9116280433331545 362
endpoint1 endpoint2
43 48
9 84
33 55
22 81
11 28
58 98
30 60
73 93
10 46
69 87
65 89
12 59
19 29
35 87
31 80
70 96
10 18
41 74
29 34
22 28
23 95
15 29
67 90
8 57
14 49
4 73
60 62
51 83
8 65
84 97
5 14
9 30
42 52
53 70
30 45
95 97
21 24
39 79
14 50
73 86
88 90
1 60
43 46
65 66
22 86
41 56
59 86
31 70
6 73
38 41
22 59
27 44
41 73
49 97
30 86
7 18
11 87
8 42
22 83
52 92
7 71
35 39
38 80
20 59
33 67
19 38
29 72
1 58
34 82
13 47
10 25
0 81
7 74
16 82
57 94
41 99
57 83
28 67
3 83
15 19
48 51
82 94
39 54
46 92
39 78
36 92
10 78
25 46
46 53
17 59
23 77
21 45
59 64
0 22
56 93
3 99
28 43
27 85
2 20
66 74
63 84
6 59
28 50
38 61
2 40
7 13
61 64
28 40
39 80
30 50
16 49
53 84
29 71
94 96
76 95
33 51
24 75
6 47
54 85
43 77
23 92
32 89
46 57
48 99
19 36
80 93
0 44
59 68
40 47
76 98
52 87
24 72
10 40
85 97
11 54
84 96
1 50
37 55
4 39
37 95
1 22
12 15
12 26
19 71
49 67
57 91
40 50
0 35
50 94
6 79
