nnodes nedges type
50 100 graph
nodename posx posy weight
0 -3.809692406986122 -0.15228294900913525 3173
1 -1.126167355309622 0.6277290617180172 1216
2 -1.3582430110107342 0.06150688544453956 4679
3 0.5140926980778036 -1.2764514372061584 1619
4 -0.6324027772355845 0.5836290850286064 2875
5 -2.227512058746566 0.7649277861742937 4193
6 -2.0359686135657786 -1.8602813165290182 4284
7 -0.5260995385524876 0.11349407473111038 1071
8 -1.7900448441324341 -1.2322650511623425 4251
9 0.7438964742174059 1.305139228267744 3163
10 -2.910329128065063 1.0940781702443034 2506
11 -2.9782330564429893 -0.8675163125933659 4601
12 -3.4528536227102875 -2.880169192923664 4181
13 0.1746142870437548 -0.44245397837676376 2867
14 -1.0323053187151643 -0.14374868721571835 2483
15 -1.696911713228983 -1.0340512085621438 4439
16 -2.637034019358801 -1.271670440033083 2684
17 -1.7930140736484186 -3.083684039036045 2990
18 -1.4069207868722173 -2.2107627318378045 4925
19 -1.2015465208309104 -1.390702343480601 3674
20 -3.645443232411559 0.3719667910980634 1520
21 -2.5033719144065736 -0.4713077659715342 2275
22 0.2178031529837026 -3.6093083503138073 3879
23 -1.5659622444287915 1.3153326307721382 3868
24 -1.588760626855986 -2.5640827852075327 2223
25 -2.5762175677893264 0.17684304639433493 1165
26 -2.1700519754029473 -0.08113524043735465 2336
27 -0.7777161334499961 -2.153723009934116 2252
28 -3.518446287900531 -1.3454289262009274 2333
29 -0.5797245639086136 -1.5427394193979325 3795
30 -3.295703998590989 -2.0094415775519816 2885
31 -0.4984233315100367 -2.5963043986790435 1405
32 -3.439712404379396 -0.41271651536350556 2777
33 -1.0124563246228364 -0.8870236456007902 3103
34 -2.3341257640253676 2.068898612237837 4592
35 -2.147692763266647 -4.153462540419842 4094
36 -2.586937530994744 -0.9073643101424365 1453
37 -0.08624741757096266 -1.856941837550164 1374
38 -0.5019032299949167 -1.0420678268373254 3375
39 -2.5218245897925717 -2.379453240199182 3019
40 -2.9240357942918367 -0.003112936438013455 4016
41 -0.4191239290563775 -0.6468838869217943 2963
42 0.952241166790895 -0.700454995535854 3527
43 -2.18341041551959 -1.6591132347621826 1120
44 -0.915689404341763 -3.3336648532690143 1522
45 -2.9708433459710095 -1.624907380217447 4670
46 0.4762501010668893 0.2647013202889975 1655
47 -0.28150226557206753 1.4457114477174957 4416
48 0.19673032000396545 -2.5695527755839787 3341
49 0.737299859307783 -1.898283930870446 3614
endpoint1 endpoint2
15 27
6 28
33 36
33 41
18 45
8 24
19 29
24 27
39 45
8 41
24 39
8 21
14 15
11 21
16 19
17 39
15 33
4 26
1 38
26 43
24 31
32 45
17 24
16 32
0 11
6 11
14 19
4 47
23 34
16 26
2 7
5 10
5 7
27 38
1 47
2 33
5 20
20 28
11 25
16 39
2 8
26 40
3 38
44 48
15 19
6 17
5 23
1 25
14 38
4 13
31 49
8 29
15 39
14 23
38 48
9 47
1 23
16 30
17 31
17 44
19 31
7 13
18 33
13 33
19 41
18 44
38 43
3 42
6 21
10 21
16 21
6 24
5 32
28 45
7 29
22 31
36 43
10 34
7 46
37 42
29 31
13 49
6 37
41 46
36 40
8 11
4 14
8 30
25 45
6 19
28 36
9 46
0 26
18 29
42 46
17 35
15 40
12 43
3 29
13 42
