nnodes nedges type
50 100 graph
nodename posx posy weight
0 3.0827020090072366 0.5247344913341915 3821
1 2.618575973917701 -1.2400217757290148 3031
2 2.1605527754733096 -3.122819897218486 1060
3 1.3236770633158554 -2.0055459729528082 1348
4 2.19395905721015 -3.6658419036443437 3534
5 2.577444695619474 -2.991648102815329 2635
6 1.9715047841332354 -1.4328068270020082 1300
7 0.30075802081705616 -1.7917918387691367 3996
8 0.4415959565380596 -3.583841345971924 3762
9 0.7025474434043792 -2.7494155597583476 4014
10 1.8012797036601882 -4.572655075288981 2099
11 4.710241037533028 -2.9116002165243815 2428
12 3.38514188075388 -3.681116626655633 3530
13 4.819343783115513 -1.569498400992544 4430
14 3.5955523707138366 -3.2954048927757045 1506
15 1.823102561673425 -5.101174853254174 2892
16 4.0726017158915155 -0.698736035880599 3085
17 2.2673237657032748 -0.10558486334971524 4260
18 2.8415298723092777 -0.22135106951375255 3607
19 0.7525351813194617 -4.3127746987571856 2800
20 1.5182096610676916 -1.548718548037255 4592
21 3.433524599642422 -4.666084052986754 3891
22 2.9278142545560573 -3.298112083655782 3691
23 3.435760859820812 -2.331296897271968 4014
24 1.9222395807840114 -1.0511048094107611 3267
25 1.0469989800921073 -2.420932543601001 3578
26 0.5798031528028539 -1.0483139210840429 2717
27 1.3424693415781286 -0.8432930049914755 2816
28 1.755626691303482 -2.4798824863476283 1328
29 1.3678678221414313 -3.232657837123721 2264
30 4.334141727856992 -3.4580331262703576 4566
31 4.591062046319519 -3.993453605037381 1495
32 3.2739535813759626 -2.868624602084613 3261
33 2.470749909095194 -4.183766235213803 3113
34 -0.5883672089193552 -2.9022901694291017 2163
35 1.912246133534969 -0.4018422046034927 1749
36 2.6162926136852422 -1.6804119167964007 3021
37 5.318469851679061 -4.285794333233557 1457
38 1.6695219891833997 -4.245372542113226 3986
39 -0.07587154847411016 -2.400330355830494 1946
40 2.983270377547326 -1.608630758970809 2451
41 5.936257310316149 -2.9375938618404 4458
42 2.59874611354338 -2.03787282694875 2558
43 0.9895049840136491 -3.7679486542808274 3296
44 3.180025211379578 -4.333557431007509 3814
45 3.552786513705916 -1.181119285529908 3064
46 2.120613131639171 -2.4535933912079373 4602
47 3.2244924975778515 -0.6794407546140389 1446
48 3.920086545163756 -2.50845908056169 2481
49 4.6969304765447495 -2.345188619032363 1997
endpoint1 endpoint2
20 25
5 44
6 35
31 44
2 22
16 47
3 24
18 45
19 29
24 27
4 46
0 17
25 26
7 28
35 36
2 6
18 35
22 48
13 48
3 40
8 38
22 42
23 28
4 15
11 41
3 39
10 29
4 32
9 34
8 9
24 46
42 47
2 12
14 22
28 42
1 16
23 40
13 16
17 24
40 48
9 20
2 43
22 46
9 43
29 46
24 40
19 38
2 33
8 39
32 36
5 33
22 30
2 29
12 32
28 29
9 29
4 22
11 14
1 42
6 17
4 33
1 20
5 36
33 44
36 47
31 49
8 29
12 48
14 23
20 27
25 29
5 42
11 30
10 44
30 49
2 14
20 45
4 29
2 25
17 47
0 47
1 46
24 26
45 49
27 42
11 23
23 32
30 37
12 44
9 28
13 49
22 38
18 24
15 38
5 28
28 36
21 22
42 46
3 29
3 46
