nnodes nedges type
50 100 graph
nodename posx posy weight
0 -1.821862543446788 2.77170571713003 4420
1 -0.46959322219026545 1.5754482751472043 1149
2 2.186818616891614 1.7196864320275782 4128
3 -0.726439685731249 1.372935763918739 3273
4 1.852820236834995 5.0695422251383135 1570
5 0.13318886052684362 1.9957549358592108 1156
6 1.972364868784105 4.308993949844763 4759
7 1.7735658238954706 1.5292191279972969 4012
8 1.6950617712223754 3.3798394082121486 1860
9 2.4955009781175033 2.4517788407144465 3861
10 3.2029232206782394 4.154424462861167 2126
11 0.19302085227892402 0.21692899844831715 4956
12 0.8131556556928783 1.2478171809719538 2913
13 -1.8119462517105065 1.8203600510465008 1235
14 1.2397207214963055 0.9919641072480088 2305
15 1.683939727584777 0.5966777838312051 4658
16 1.0782732647278923 3.130720687966045 1060
17 0.21128379182366608 3.022210358952391 3348
18 2.2464979981604123 3.3148423607997066 2353
19 1.8346624228271826 2.759360641629261 1254
20 -0.12836924668600455 1.3283752887249642 4239
21 -1.3690698139620148 3.358084203222255 2480
22 2.6256461743297295 2.1165448396798947 2583
23 3.30617284797265 0.9048675482419611 3167
24 -0.03906711512015551 0.985588854373054 1269
25 2.2465464107523454 0.4028546921460617 1390
26 3.0022800946699797 1.3591061231705668 1083
27 1.7196364136609983 3.6027930995378186 2959
28 3.473510279469924 2.6985228256098264 1170
29 0.8330210995897853 -0.1295266380602436 4765
30 -0.40009105432125985 2.6910101423750854 2151
31 0.6668891365406202 3.9373366534124203 2279
32 3.6798660195880535 4.347644492993227 4181
33 0.6509835157665255 0.5634373221250302 1601
34 0.004092780457118604 4.158113337612538 2686
35 3.351706323855001 3.2110063654005616 3449
36 1.145452132339527 2.2759675261539267 2640
37 -0.6225566643917918 2.428804337980551 2019
38 3.05091331444227 2.1584415656007057 3871
39 -0.40991852208997726 3.305937620364307 1416
40 1.0781755632876728 4.375578596803192 4946
41 2.272598687297275 1.202878474045708 4190
42 0.5052612115004979 2.780269637165619 4762
43 0.06394981343154872 3.506676808833147 3999
44 0.07191164459255814 5.138839731673805 3202
45 2.318560809498431 3.8589177105757155 4708
46 2.0543793422255017 0.7846016107644825 3941
47 0.9561277694368223 1.6163643842465696 4707
48 3.0177032583823435 2.8694960865631676 3915
49 0.45053835918362295 3.6036931999085224 2693
endpoint1 endpoint2
7 12
7 25
31 44
1 11
15 47
3 24
18 45
20 30
10 18
7 19
30 42
22 28
10 35
23 25
14 24
5 24
9 16
14 15
27 40
8 38
3 12
27 49
21 43
26 38
31 40
5 37
2 18
17 34
12 36
2 12
20 47
15 26
14 22
0 21
22 45
32 45
1 5
14 47
18 31
19 43
15 25
8 42
10 32
16 45
2 7
17 40
9 23
6 27
5 33
16 39
36 42
42 43
16 42
24 37
27 48
46 47
30 31
11 14
1 42
31 43
12 20
31 49
0 37
25 29
5 39
7 36
18 28
15 41
38 46
24 29
5 16
4 40
11 29
2 25
35 38
14 41
17 47
16 49
19 41
37 49
4 45
13 21
34 39
17 37
12 33
9 28
27 36
31 42
6 40
3 13
3 30
19 35
6 19
12 15
7 26
33 46
16 34
9 48
35 48
26 48
