nnodes nedges type
50 100 graph
nodename posx posy weight
0 -7.356754016223432 -4.350561050100844 1339
1 -6.199048374935112 -3.174269841159186 1100
2 -7.745813583306919 -2.8701585534549627 3500
3 -7.2758140860238925 -0.6684883860900852 3031
4 -6.080763100594414 -2.2860414169344145 2758
5 -5.654967692964103 -1.6968424283332262 3417
6 -7.41528484307882 -2.5848045739512213 2122
7 -6.411435772750538 -2.8404293565327854 2629
8 -8.221979039857677 -2.151389749611522 2977
9 -6.594861625562021 -0.06294344948626483 3339
10 -5.713862924761227 -2.8092963906339334 3268
11 -5.759948110308951 -4.0843567475237466 4287
12 -7.552232655705738 -5.274147823773369 4939
13 -8.28273711929585 -3.2601376022535784 1123
14 -7.633103835733558 -1.842011669913585 4101
15 -7.992807050439094 -0.7017892164962399 1442
16 -4.497540618142234 -0.9962746275940807 3680
17 -5.863508830178178 -0.2697906257255509 4665
18 -7.178768653917991 -1.1352606719213705 4472
19 -7.102205654982551 0.8589501887256973 2870
20 -7.527923269659502 -0.010099554586310443 1308
21 -4.892494184803838 -3.1012807579587243 3985
22 -6.9239394855582335 -4.183728992087586 1174
23 -6.877544418533812 -2.0237216295243563 1551
24 -6.270446824982366 -2.170625934226828 3235
25 -8.692452117982283 -2.005067627769936 2910
26 -4.659951436855309 -2.403918513685559 3239
27 -7.162691566739912 -3.04421336348992 4056
28 -4.0110039114978795 -0.5630511970574064 1466
29 -6.046997584762691 0.33658308441410345 2030
30 -5.991820568276067 -5.54933866780656 4315
31 -4.095486247273905 -3.7627199368202904 2892
32 -4.244608222882277 -2.336360222834139 3699
33 -5.317595618522742 0.04082424729541873 2417
34 -5.163076132797867 -3.4231549735998366 1975
35 -6.44631888574582 -0.4908317548766791 2678
36 -4.866191542667468 -1.9795360912430824 4378
37 -4.7199974483322835 -1.5902127527884746 3813
38 -6.342759469534781 -4.426121271895658 4266
39 -7.596202432745319 -1.3242855377290181 4537
40 -5.25445667695085 -2.9388487438635837 3361
41 -5.18954657110261 -1.3659110074547505 3675
42 -7.935271123074423 -1.1649265527488475 3578
43 -5.204428441640949 -2.0193030733838198 2178
44 -6.84322745733405 -1.7233798767544957 3656
45 -5.00210328088901 -0.6719410086146911 1460
46 -4.628130999950072 0.248314264680751 4536
47 -5.736476889397591 -1.1132221757888963 1996
48 -6.469474586728735 0.8560958400245973 2342
49 -6.405194558490726 -0.8758898008191005 4497
endpoint1 endpoint2
8 44
15 20
5 44
4 36
28 41
40 41
35 41
20 48
20 35
24 27
14 18
6 10
2 42
6 25
28 46
32 41
6 44
2 27
34 36
18 35
24 39
3 23
1 40
14 15
21 37
11 21
7 22
12 22
16 41
7 44
1 38
3 39
21 24
31 40
1 26
33 45
37 47
0 11
41 43
17 45
43 45
15 25
16 26
23 47
29 46
10 32
7 40
5 10
8 39
7 34
10 37
8 13
36 37
9 29
5 26
16 17
5 36
35 44
9 33
41 47
16 36
5 49
13 25
36 47
15 42
7 14
9 47
1 23
7 27
1 4
9 49
33 48
5 45
33 37
23 27
16 46
7 43
24 41
10 11
18 44
4 18
29 35
3 14
11 38
1 2
9 15
17 42
20 39
44 49
7 10
15 18
23 39
30 38
0 38
19 35
5 41
0 13
13 27
9 48
3 29
