nnodes nedges type
50 100 graph
nodename posx posy weight
0 1.6894406410358 2.5949278230331276 2922
1 -0.9827552226799577 3.494494345815627 1355
2 0.9410031370163513 1.6331713599144344 2214
3 -0.5462494360034337 2.6326287226793563 2089
4 -0.19410539733531842 4.757959195858693 2001
5 -1.2209860817709912 0.7972194221467197 3809
6 2.5741748966915705 1.990450793700666 4339
7 1.5320539435257725 1.7901854716520398 3122
8 0.11005295234064041 -0.8977021097837242 1210
9 0.9234872706132263 3.681417677972683 2686
10 0.9310264187054303 -0.5259517217642125 1725
11 -0.6010875521767867 2.0684153934371534 2885
12 0.21344926491895014 0.8467667806265163 1145
13 0.27573985271072293 2.546417526274004 3661
14 0.3140594602980878 3.066398313944176 1710
15 -0.9235025744006493 0.2212612050881807 2225
16 1.6058570289397947 0.3503441732411527 2814
17 2.798861989245479 0.8032907417000976 2261
18 -0.3725410497154529 1.686483745851911 3610
19 -1.2997199142552258 2.7812622521591144 3835
20 3.802893314069344 2.494892336627412 2976
21 1.9595171397997668 0.8782088917682185 4823
22 2.2437853506553362 1.6227998844709717 4453
23 0.41545913204442947 0.47913975169490775 4474
24 2.8442195973598285 0.13531444258131495 3240
25 -0.3586792037919732 1.0084673583843076 2212
26 -1.1586776017468878 1.9553245088453013 2233
27 0.773402473626904 0.8385307044597512 1681
28 1.163700541121117 0.21738894410663048 3511
29 3.718773308008713 1.2349278359467062 2879
30 1.2161582158224313 2.167137733294939 4540
31 2.691973822696452 -1.8168245703696813 3206
32 0.029019663395162123 3.626151951195838 2959
33 1.5715882562350878 2.766990956987197 1006
34 0.6041316632194699 2.258110626110779 3076
35 -0.07530546235261167 3.131176790853574 4149
36 0.3539155023282903 -0.17041850491962576 4104
37 1.3981900574042003 3.167757476389345 4593
38 0.9013111536777705 3.163981078535674 4762
39 1.691412352133092 1.1894748672147637 1115
40 2.205827619477097 4.002117306971577 4603
41 -1.4338707848142347 2.3163196542840763 1976
42 2.184299254409044 -0.8180220964889363 4110
43 -0.30197110927776194 -0.05172701876374927 3444
44 0.2399485669315338 1.4706350477298011 3375
45 2.94314329824801 2.1237181114293544 2246
46 1.5734189569279229 0.9169091771397319 2751
47 2.81084966158567 3.133759309678656 1297
48 -0.7550763262802005 1.3818955989354569 3481
49 -1.8362705022995027 1.2966424104582448 3454
endpoint1 endpoint2
27 46
0 7
10 46
35 41
32 38
23 44
15 49
10 36
18 25
23 28
7 44
2 11
0 39
13 38
4 32
6 39
1 26
0 14
7 38
17 29
9 34
3 11
11 35
18 26
24 46
2 12
15 23
22 45
33 40
17 24
14 34
13 44
3 44
15 25
45 47
34 37
25 48
2 33
6 20
16 39
7 34
16 42
13 37
44 48
6 17
16 17
5 36
30 33
10 43
9 33
16 36
22 27
2 30
1 14
18 27
41 49
19 32
0 22
21 23
33 47
34 44
43 44
23 48
3 32
17 21
7 30
13 18
29 45
35 38
23 27
11 49
19 41
8 23
14 30
19 26
6 21
5 19
25 27
7 16
32 37
12 16
3 48
3 14
28 30
5 25
3 41
27 36
2 46
23 39
6 37
31 42
9 32
33 35
7 45
0 38
41 48
25 34
12 26
2 21
33 46
