nnodes nedges type
50 100 graph
nodename posx posy weight
0 -3.101954386645606 1.0297269218483436 3323
1 -1.9015143192907242 -0.56156142078542 3053
2 -1.967167768752281 0.2241655130472285 4744
3 -4.115155261764582 0.303819535884962 4087
4 -1.7366584665317237 1.820820772870893 4120
5 0.4181327793989489 1.3094284420397226 3110
6 -3.113968332757078 -0.6265569733279285 2752
7 -2.581309346138473 3.179383371809384 2706
8 -1.2276875063923969 -1.2156033433697877 2663
9 -0.3200108236324783 -0.39391240925978555 4735
10 -1.2558685376272636 1.675353115382128 1645
11 -2.222354852195897 2.129013779750406 4773
12 0.38428487123691485 2.793146426749531 4778
13 0.6413268554885481 0.019709570310780973 1924
14 -3.7636425871591292 -1.5654900000936272 4580
15 0.3381370188276959 1.7966804561590828 1074
16 -0.2566007948233112 0.42309123161292533 2968
17 -0.9923921008629951 -0.8685554642472283 3380
18 0.26952211777301943 2.4000301517852605 3485
19 -0.8901262889518704 2.1741240533418655 4384
20 -1.647609474292559 2.4942684788114593 3976
21 1.3902984131521445 2.032686389466935 1497
22 -1.6938252853895057 0.8505417351186387 3477
23 1.0695925770210117 2.408455410040634 1399
24 -3.926893944915304 1.188006819303216 2218
25 -0.8617131092602552 -0.34687042765001164 4604
26 -0.2513085730209553 0.9911400336304694 2956
27 -0.2844979816937593 2.013249468899408 2039
28 -0.898302459530768 0.36508298064352135 2278
29 0.4501792584017327 0.3634639341066819 3240
30 -2.3871324086223265 -1.232727526145997 3397
31 -2.941792090985452 1.9397561655127034 4427
32 0.7401098575936703 0.774432236237766 4416
33 -0.651051537606342 1.0330079334905236 4035
34 -3.293135993900096 0.08860662567688037 2550
35 0.10792613092075673 3.515235775648251 1259
36 -0.4383403371574378 3.1870928810660835 2936
37 0.06409821757050534 -1.146960808906065 1081
38 -2.2303744523105506 -0.11864979346308205 4918
39 -2.885236409598486 0.9800449533409856 3477
40 -0.4351085931832204 -0.05289690640125821 2862
41 1.8168086396893008 1.2056034501486383 3702
42 -1.374300061910492 0.5211492487254027 3711
43 -3.1211452886354007 2.6025017364377816 3249
44 -2.104505246338631 2.971366296004042 3153
45 -4.286641687688382 1.7706693737878614 3689
46 -0.5950045956789133 3.4082296801811056 4517
47 -1.9945872191505676 1.4383272462898973 4145
48 -1.4983691624289552 1.263576891137255 2632
49 -1.2938133318351102 3.3214426379112774 1017
endpoint1 endpoint2
26 28
1 17
23 41
1 6
13 32
3 24
11 48
4 19
3 45
28 48
2 42
32 41
16 25
35 36
4 10
18 35
24 39
18 46
9 16
15 29
5 21
8 38
7 44
22 26
13 26
18 26
42 47
12 36
24 31
6 14
4 42
3 34
2 38
11 31
26 29
16 29
13 29
3 6
43 45
25 42
46 49
33 38
18 21
12 35
16 48
38 39
42 48
19 27
12 23
11 39
19 48
5 13
20 43
13 37
2 34
15 19
11 19
1 25
2 30
18 27
19 47
13 40
20 27
27 32
25 29
10 31
20 22
4 49
10 44
35 49
0 34
39 47
5 16
29 32
23 27
11 44
2 4
4 7
5 19
8 40
5 32
1 2
17 37
12 33
11 43
2 9
17 42
19 36
10 27
9 17
8 37
10 40
9 32
19 46
26 42
25 28
1 22
6 38
0 48
25 40
