nnodes nedges type
50 100 graph
nodename posx posy weight
0 -1.0198373616087324 2.6998873967518535 3525
1 -0.237029393787267 -1.178679433859139 4957
2 -1.472184356226222 0.35157440608222795 4122
3 0.8656218443808349 -1.7634156833194898 2206
4 1.7217063502518102 -0.11562785591412891 1061
5 0.2772004337613148 0.2792646498432385 3211
6 -0.12850249054149404 -0.8049368392802801 3169
7 2.2106342136350228 1.2516684071528466 3858
8 1.3961869706206893 1.5377202923019597 4762
9 -0.009449220604787124 -0.2819716766863979 3569
10 0.2679428511861912 3.012068554948266 4316
11 -1.5533043804623898 2.441224999960207 1650
12 -0.3158873476178846 2.634269775199312 4588
13 -1.4405481668834297 -0.8019325108709969 3930
14 1.0361303752962627 -0.499468339920539 2174
15 0.12606680205039966 -1.5127195674674063 4907
16 -2.1207355097436698 1.386080111560066 4838
17 1.1573239084844138 -1.5344955068394743 2973
18 0.3920967885824295 0.7438689091614256 4251
19 -0.2896288035970398 1.914383404843992 3116
20 -3.084134959800063 1.6946022790462976 4889
21 -1.3443936046891996 1.4039724829789235 3192
22 1.5188321160568943 2.450210334838188 3251
23 -0.4853493109497234 1.353987453922196 3240
24 0.5660688843187774 2.8376602452919824 4695
25 -1.474051919310152 0.7736928169065125 2841
26 -2.0307294203705037 -0.09436915922666972 3208
27 0.7018134885160033 -0.6274389782726424 1057
28 1.370565998757208 -2.5699946708532395 4269
29 1.2442173352208898 0.5353730448939389 3449
30 1.7077728256959157 2.821258091576787 2391
31 -0.33290543037034126 0.43325276734040047 2196
32 0.4780616132869883 1.4003394714183504 3452
33 -1.8601965281271766 1.407721938098766 2595
34 -0.6988924269102332 -1.5863407603628985 1276
35 -0.7832515945172267 -0.47538559606101377 2967
36 2.2047940127648755 -0.29956363344823733 3113
37 1.9349133312037152 2.1982106496545106 3056
38 1.099406240818489 0.7037432854441218 4091
39 0.35163128902886664 -0.28112107016774074 2459
40 0.8986608952621793 0.9760803990458872 3408
41 -0.8463174758980313 0.09019008401653607 1294
42 0.5289973552353434 2.056033502508753 3357
43 1.9830487700688046 0.31270057990061406 3998
44 -1.6226307032129246 -0.21975147476838378 1463
45 1.728593349236696 -0.8877952524457822 1714
46 -0.4650923043689351 1.4957634910777986 1833
47 -0.6317718309319963 2.2590207024144395 1982
48 -0.777571999354488 0.8512707883250151 3262
49 2.2125108629676946 0.7591760397465274 3239
endpoint1 endpoint2
24 30
14 17
10 46
11 47
19 40
46 48
3 45
14 18
32 41
31 35
13 35
4 5
18 46
19 24
27 39
14 15
27 40
7 22
31 38
34 41
14 36
0 42
8 18
11 16
7 38
3 28
39 41
3 34
31 47
2 23
18 31
3 27
0 33
13 44
1 44
8 42
16 23
5 46
16 26
17 27
18 32
25 48
8 22
38 42
20 33
27 43
6 27
12 23
29 36
41 44
12 32
4 27
18 48
9 18
11 19
29 39
17 28
33 44
1 14
24 47
14 38
18 38
8 29
21 48
25 35
19 21
4 49
0 12
40 49
19 42
8 43
6 31
29 32
29 45
7 43
13 31
5 9
4 7
5 6
26 35
8 40
32 37
15 35
26 41
21 41
19 25
2 35
10 22
22 24
23 29
19 46
8 30
41 48
9 31
38 49
27 35
15 17
1 27
33 46
14 45
