nnodes nedges type
50 85 graph
nodename posx posy weight
0 0 0 4972
1 1 0 1794
2 2 0 2610
3 3 0 3125
4 4 0 2196
5 5 0 3391
6 6 0 1772
7 7 0 2112
8 8 0 4188
9 9 0 1775
10 0 1 2118
11 1 1 3497
12 2 1 2179
13 3 1 4546
14 4 1 1387
15 5 1 1494
16 6 1 4186
17 7 1 2376
18 8 1 3268
19 9 1 4117
20 0 2 3773
21 1 2 3397
22 2 2 4475
23 3 2 4157
24 4 2 1592
25 5 2 3514
26 6 2 2065
27 7 2 3378
28 8 2 2666
29 9 2 3129
30 0 3 2160
31 1 3 1408
32 2 3 4350
33 3 3 4246
34 4 3 1746
35 5 3 4920
36 6 3 2136
37 7 3 1317
38 8 3 4429
39 9 3 2906
40 0 4 1641
41 1 4 3804
42 2 4 2729
43 3 4 1607
44 4 4 4379
45 5 4 1817
46 6 4 1133
47 7 4 3988
48 8 4 3977
49 9 4 2422
endpoint1 endpoint2
40 41
18 19
0 10
34 35
1 11
6 7
19 29
44 45
20 30
25 26
21 31
27 28
35 36
4 5
37 38
14 24
14 15
11 21
12 22
0 1
17 18
33 34
13 23
8 18
9 19
15 16
22 32
7 8
6 16
22 23
35 45
36 46
8 9
37 47
2 12
12 13
20 21
15 25
16 26
32 42
17 27
23 24
33 43
38 39
24 25
10 20
23 33
7 17
42 43
28 29
36 37
30 31
46 47
27 37
28 38
16 17
32 33
29 39
24 34
25 35
47 48
38 48
41 42
2 3
18 28
34 44
43 44
45 46
30 40
3 4
10 11
5 6
31 32
1 2
26 36
39 49
3 13
4 14
5 15
11 12
48 49
26 27
31 41
13 14
21 22
