nnodes nedges type
50 85 graph
nodename posx posy weight
0 0 0 1923
1 1 0 3056
2 2 0 4383
3 3 0 1732
4 4 0 3349
5 5 0 2498
6 6 0 1087
7 7 0 2515
8 8 0 2236
9 9 0 1638
10 0 1 2629
11 1 1 3396
12 2 1 1417
13 3 1 1061
14 4 1 1680
15 5 1 1073
16 6 1 3173
17 7 1 4185
18 8 1 4416
19 9 1 2657
20 0 2 2833
21 1 2 3695
22 2 2 4837
23 3 2 3896
24 4 2 4272
25 5 2 3468
26 6 2 1146
27 7 2 3423
28 8 2 3751
29 9 2 3125
30 0 3 1654
31 1 3 2836
32 2 3 1111
33 3 3 3916
34 4 3 4813
35 5 3 1140
36 6 3 2051
37 7 3 1922
38 8 3 4981
39 9 3 4071
40 0 4 3386
41 1 4 4098
42 2 4 2963
43 3 4 4860
44 4 4 4060
45 5 4 3503
46 6 4 3662
47 7 4 1332
48 8 4 4652
49 9 4 3293
endpoint1 endpoint2
40 41
18 19
0 10
34 35
1 11
6 7
19 29
44 45
20 30
25 26
21 31
27 28
35 36
4 5
37 38
14 24
14 15
11 21
12 22
0 1
17 18
33 34
13 23
8 18
9 19
15 16
22 32
7 8
6 16
22 23
35 45
36 46
8 9
37 47
2 12
12 13
20 21
15 25
16 26
32 42
17 27
23 24
33 43
38 39
24 25
10 20
23 33
7 17
42 43
28 29
36 37
30 31
46 47
27 37
28 38
16 17
32 33
29 39
24 34
25 35
47 48
38 48
41 42
2 3
18 28
34 44
43 44
45 46
30 40
3 4
10 11
5 6
31 32
1 2
26 36
39 49
3 13
4 14
5 15
11 12
48 49
26 27
31 41
13 14
21 22
