nnodes nedges type
50 85 graph
nodename posx posy weight
0 0 0 1563
1 1 0 4886
2 2 0 4047
3 3 0 1219
4 4 0 2787
5 5 0 4741
6 6 0 2419
7 7 0 2232
8 8 0 4026
9 9 0 3750
10 0 1 2931
11 1 1 1302
12 2 1 3481
13 3 1 2558
14 4 1 1247
15 5 1 3093
16 6 1 2130
17 7 1 3140
18 8 1 3595
19 9 1 3769
20 0 2 1399
21 1 2 2059
22 2 2 3138
23 3 2 2766
24 4 2 1578
25 5 2 3140
26 6 2 1842
27 7 2 4464
28 8 2 2506
29 9 2 3628
30 0 3 2023
31 1 3 4866
32 2 3 1604
33 3 3 4296
34 4 3 4102
35 5 3 4315
36 6 3 2428
37 7 3 3782
38 8 3 4414
39 9 3 1456
40 0 4 4763
41 1 4 1114
42 2 4 3983
43 3 4 1965
44 4 4 4763
45 5 4 1547
46 6 4 2475
47 7 4 2982
48 8 4 3811
49 9 4 3573
endpoint1 endpoint2
40 41
18 19
0 10
34 35
1 11
6 7
19 29
44 45
20 30
25 26
21 31
27 28
35 36
4 5
37 38
14 24
14 15
11 21
12 22
0 1
17 18
33 34
13 23
8 18
9 19
15 16
22 32
7 8
6 16
22 23
35 45
36 46
8 9
37 47
2 12
12 13
20 21
15 25
16 26
32 42
17 27
23 24
33 43
38 39
24 25
10 20
23 33
7 17
42 43
28 29
36 37
30 31
46 47
27 37
28 38
16 17
32 33
29 39
24 34
25 35
47 48
38 48
41 42
2 3
18 28
34 44
43 44
45 46
30 40
3 4
10 11
5 6
31 32
1 2
26 36
39 49
3 13
4 14
5 15
11 12
48 49
26 27
31 41
13 14
21 22
