nnodes nedges type
50 85 graph
nodename posx posy weight
0 0 0 1158
1 1 0 1499
2 2 0 2213
3 3 0 3909
4 4 0 1996
5 5 0 2150
6 6 0 4776
7 7 0 3595
8 8 0 2905
9 9 0 2004
10 0 1 3898
11 1 1 2294
12 2 1 1585
13 3 1 4899
14 4 1 2678
15 5 1 4826
16 6 1 3007
17 7 1 4020
18 8 1 1880
19 9 1 3511
20 0 2 3942
21 1 2 2157
22 2 2 2143
23 3 2 4808
24 4 2 3665
25 5 2 2313
26 6 2 4776
27 7 2 1678
28 8 2 1879
29 9 2 1767
30 0 3 1133
31 1 3 3301
32 2 3 3244
33 3 3 2886
34 4 3 2531
35 5 3 3854
36 6 3 2840
37 7 3 2978
38 8 3 1454
39 9 3 3203
40 0 4 1898
41 1 4 4387
42 2 4 4037
43 3 4 2949
44 4 4 1833
45 5 4 2563
46 6 4 1699
47 7 4 1563
48 8 4 4929
49 9 4 3972
endpoint1 endpoint2
40 41
18 19
0 10
34 35
1 11
6 7
19 29
44 45
20 30
25 26
21 31
27 28
35 36
4 5
37 38
14 24
14 15
11 21
12 22
0 1
17 18
33 34
13 23
8 18
9 19
15 16
22 32
7 8
6 16
22 23
35 45
36 46
8 9
37 47
2 12
12 13
20 21
15 25
16 26
32 42
17 27
23 24
33 43
38 39
24 25
10 20
23 33
7 17
42 43
28 29
36 37
30 31
46 47
27 37
28 38
16 17
32 33
29 39
24 34
25 35
47 48
38 48
41 42
2 3
18 28
34 44
43 44
45 46
30 40
3 4
10 11
5 6
31 32
1 2
26 36
39 49
3 13
4 14
5 15
11 12
48 49
26 27
31 41
13 14
21 22
