nnodes nedges type
50 85 graph
nodename posx posy weight
0 0 0 2753
1 1 0 3448
2 2 0 1331
3 3 0 2845
4 4 0 4494
5 5 0 2260
6 6 0 4999
7 7 0 1820
8 8 0 2890
9 9 0 1995
10 0 1 3839
11 1 1 3222
12 2 1 1766
13 3 1 3873
14 4 1 1323
15 5 1 4831
16 6 1 1329
17 7 1 1828
18 8 1 4576
19 9 1 1863
20 0 2 4105
21 1 2 3690
22 2 2 4650
23 3 2 1932
24 4 2 1118
25 5 2 4103
26 6 2 2277
27 7 2 4798
28 8 2 2568
29 9 2 2371
30 0 3 1969
31 1 3 1688
32 2 3 4066
33 3 3 2530
34 4 3 2271
35 5 3 3653
36 6 3 4116
37 7 3 3063
38 8 3 2561
39 9 3 1957
40 0 4 1059
41 1 4 2332
42 2 4 1290
43 3 4 3829
44 4 4 1792
45 5 4 4858
46 6 4 2748
47 7 4 1917
48 8 4 1586
49 9 4 2747
endpoint1 endpoint2
40 41
18 19
0 10
34 35
1 11
6 7
19 29
44 45
20 30
25 26
21 31
27 28
35 36
4 5
37 38
14 24
14 15
11 21
12 22
0 1
17 18
33 34
13 23
8 18
9 19
15 16
22 32
7 8
6 16
22 23
35 45
36 46
8 9
37 47
2 12
12 13
20 21
15 25
16 26
32 42
17 27
23 24
33 43
38 39
24 25
10 20
23 33
7 17
42 43
28 29
36 37
30 31
46 47
27 37
28 38
16 17
32 33
29 39
24 34
25 35
47 48
38 48
41 42
2 3
18 28
34 44
43 44
45 46
30 40
3 4
10 11
5 6
31 32
1 2
26 36
39 49
3 13
4 14
5 15
11 12
48 49
26 27
31 41
13 14
21 22
