nnodes nedges type
50 85 graph
nodename posx posy weight
0 0 0 1811
1 1 0 1974
2 2 0 1038
3 3 0 2354
4 4 0 1933
5 5 0 2912
6 6 0 3119
7 7 0 1558
8 8 0 3811
9 9 0 3220
10 0 1 2360
11 1 1 3808
12 2 1 3228
13 3 1 3056
14 4 1 4095
15 5 1 1952
16 6 1 2439
17 7 1 3728
18 8 1 3418
19 9 1 4842
20 0 2 4531
21 1 2 2759
22 2 2 3542
23 3 2 1072
24 4 2 2655
25 5 2 3822
26 6 2 1887
27 7 2 1117
28 8 2 4084
29 9 2 2568
30 0 3 4020
31 1 3 2752
32 2 3 3300
33 3 3 3329
34 4 3 4889
35 5 3 3900
36 6 3 4277
37 7 3 1979
38 8 3 3441
39 9 3 3443
40 0 4 1502
41 1 4 2249
42 2 4 1513
43 3 4 2753
44 4 4 2584
45 5 4 2688
46 6 4 2575
47 7 4 4207
48 8 4 4916
49 9 4 3974
endpoint1 endpoint2
40 41
18 19
0 10
34 35
1 11
6 7
19 29
44 45
20 30
25 26
21 31
27 28
35 36
4 5
37 38
14 24
14 15
11 21
12 22
0 1
17 18
33 34
13 23
8 18
9 19
15 16
22 32
7 8
6 16
22 23
35 45
36 46
8 9
37 47
2 12
12 13
20 21
15 25
16 26
32 42
17 27
23 24
33 43
38 39
24 25
10 20
23 33
7 17
42 43
28 29
36 37
30 31
46 47
27 37
28 38
16 17
32 33
29 39
24 34
25 35
47 48
38 48
41 42
2 3
18 28
34 44
43 44
45 46
30 40
3 4
10 11
5 6
31 32
1 2
26 36
39 49
3 13
4 14
5 15
11 12
48 49
26 27
31 41
13 14
21 22
