nnodes nedges type
50 85 graph
nodename posx posy weight
0 0 0 3539
1 1 0 2465
2 2 0 1608
3 3 0 1864
4 4 0 3772
5 5 0 4818
6 6 0 1576
7 7 0 2183
8 8 0 1029
9 9 0 3038
10 0 1 1545
11 1 1 1948
12 2 1 2772
13 3 1 1425
14 4 1 2503
15 5 1 2846
16 6 1 4202
17 7 1 4247
18 8 1 1987
19 9 1 3934
20 0 2 1809
21 1 2 2071
22 2 2 2366
23 3 2 2662
24 4 2 4115
25 5 2 1707
26 6 2 3769
27 7 2 3099
28 8 2 4416
29 9 2 4398
30 0 3 4505
31 1 3 2782
32 2 3 4006
33 3 3 1006
34 4 3 2833
35 5 3 3737
36 6 3 2761
37 7 3 3179
38 8 3 3820
39 9 3 4047
40 0 4 2587
41 1 4 3038
42 2 4 4214
43 3 4 2633
44 4 4 1094
45 5 4 1279
46 6 4 3965
47 7 4 4681
48 8 4 1876
49 9 4 1058
endpoint1 endpoint2
40 41
18 19
0 10
34 35
1 11
6 7
19 29
44 45
20 30
25 26
21 31
27 28
35 36
4 5
37 38
14 24
14 15
11 21
12 22
0 1
17 18
33 34
13 23
8 18
9 19
15 16
22 32
7 8
6 16
22 23
35 45
36 46
8 9
37 47
2 12
12 13
20 21
15 25
16 26
32 42
17 27
23 24
33 43
38 39
24 25
10 20
23 33
7 17
42 43
28 29
36 37
30 31
46 47
27 37
28 38
16 17
32 33
29 39
24 34
25 35
47 48
38 48
41 42
2 3
18 28
34 44
43 44
45 46
30 40
3 4
10 11
5 6
31 32
1 2
26 36
39 49
3 13
4 14
5 15
11 12
48 49
26 27
31 41
13 14
21 22
