nnodes nedges type
30 70 graph
nodename posx posy weight
0 -3.2844585448117742 -4.213486882370184 4844
1 -1.828951291988812 -2.711280914246464 1892
2 -3.4648855444352207 -3.5202421607009033 4890
3 -2.7045511632515304 -4.103665389045474 1248
4 -2.7709960699306397 -5.132446209813897 4891
5 -4.147086613189717 -3.9322231045635743 1023
6 -5.525728274210807 -2.1415653491485203 1710
7 -1.4200111799200144 -3.5992183592452 3741
8 -4.5241789053856065 -4.790025528071922 1609
9 -2.2494214820049954 -2.083594024062564 3631
10 -4.463249674210619 -2.579320951540668 1683
11 -3.4832119642401023 -3.0105783268811286 2609
12 -2.196793489652353 -4.5660139409472995 4817
13 -3.114197604917781 -1.731903298342848 1734
14 -3.6591984678737792 -4.137499969889841 1876
15 -1.5610095443486791 -3.2704280625739135 3607
16 -3.6155644377322864 -2.1899597385460647 4103
17 -6.499416910567296 -1.7568713129075497 2468
18 -2.40918024772617 -3.3080077562833545 4347
19 -3.5923902975253292 -4.711691066245896 4602
20 -2.9037503157104676 -3.2611569972416268 4688
21 -4.605608186211572 -3.0325666117932917 4089
22 -4.871091212679874 -4.168676030491694 3555
23 -2.3063835434827644 -1.4086752195168775 1405
24 -2.624285343464026 -2.876398278129043 4394
25 -1.7883995596571038 -4.199674540670527 2904
26 -3.5375783695643808 -1.100498516659286 1825
27 -3.8402915124760657 -2.426539270161951 3007
28 -3.1045216838887875 -2.385707412221058 3030
29 -4.118663060930613 -3.4845284706718966 3054
endpoint1 endpoint2
3 15
7 24
3 25
10 11
7 12
21 28
13 26
10 21
4 12
2 12
23 26
11 14
9 18
6 17
0 3
3 14
14 22
1 25
4 19
19 29
21 27
1 16
6 10
14 18
16 29
13 16
0 24
24 27
3 20
0 11
9 11
8 29
10 27
5 22
11 18
13 20
2 27
1 7
1 24
24 28
4 14
2 10
2 3
4 25
22 29
0 5
18 28
0 8
23 24
2 14
14 29
19 20
3 5
9 13
26 27
15 24
3 12
18 25
24 29
8 22
10 16
2 11
9 23
5 14
13 27
20 28
11 20
14 21
5 27
10 29
