nnodes nedges type
30 70 graph
nodename posx posy weight
0 -1.4752630781975054 0.3390953538603488 2047
1 0.45147284425566003 3.063695663943008 3302
2 0.015040688974637203 1.2074125108770195 2187
3 -1.3049668620115507 2.338094153621452 3884
4 -0.49639704115922917 2.536020563541741 3969
5 -1.165509163505844 1.6501526726997733 4847
6 -0.8686615060948027 0.24490959451525526 4255
7 -0.3513439645487084 -0.22486793074437256 2604
8 1.3283839795955927 0.711351914954078 3392
9 1.0539349794246784 2.370736123024499 2874
10 1.8903699301826051 1.9728138488233975 3363
11 -0.5428886400040763 2.908123934175473 2725
12 -2.5534598760007787 0.36231824754569675 3578
13 -1.8627218206241134 2.240140906907429 3539
14 -1.6989353683758397 -0.6951852903200497 2754
15 0.8389389808721357 1.7311707859071086 1130
16 0.35442299381632963 0.685445220812998 1934
17 -1.2959130663594742 1.1788474348735256 4455
18 0.4148433164120412 1.8775251979393208 1540
19 -0.2703240784003227 -0.9461558179707519 1514
20 0.0829703347924694 0.3200744185951295 3195
21 -2.09527502807834 -0.32268389702279426 4954
22 -1.9539053246087519 1.3048256825150633 1068
23 0.568279001197403 -0.1482970848652539 2974
24 -0.3393016770522959 0.7380954334389989 2629
25 -2.6389916468284684 1.1829771181299586 3328
26 -0.39143988181257505 1.6561384146156721 3135
27 -0.42450149506458135 2.1269872370203404 1783
28 -0.9279005598446144 0.5909196221687394 1319
29 1.2969739980974977 1.3104426683071997 2987
endpoint1 endpoint2
13 22
9 26
5 6
21 28
3 11
4 27
18 26
10 15
9 29
17 20
20 29
7 16
17 25
13 17
16 28
0 7
16 24
6 14
7 20
17 28
9 15
24 27
7 24
18 27
2 23
17 24
6 22
7 28
5 22
3 4
8 16
11 18
16 18
2 15
12 14
5 11
4 5
12 25
16 23
0 12
9 10
2 3
17 22
2 24
5 28
23 24
12 22
4 11
6 19
22 25
2 28
0 26
5 27
3 22
4 15
1 27
13 27
1 18
4 26
6 20
18 29
0 6
8 18
14 21
16 20
17 26
19 23
10 29
15 16
6 16
