nnodes nedges type
30 70 graph
nodename posx posy weight
0 -3.8572359701704437 1.368671047922169 1711
1 -1.520531440390854 0.9946902859063281 2431
2 -1.552596491814367 -1.0962366626338838 4633
3 -2.8717851603469904 0.4279261029395118 2950
4 -2.3438120278755066 1.9614107359403061 3594
5 -2.313289151089232 -0.2506704312780527 4783
6 -2.282561445461536 0.5003074632576056 1524
7 -1.893677009602538 1.5236725763542398 1819
8 -1.8061085470795 -0.6218354907426434 4484
9 -4.398763487635098 0.9765525757313139 3446
10 -2.8988555175095185 -0.9061489328322013 3984
11 -3.3688698924458302 1.3384815578648483 1923
12 -4.0532969986288 0.19870861180075303 2602
13 -1.1890639531834806 -0.3701290354261967 1166
14 -2.383730459854992 1.0119599005503017 3773
15 -3.063931593319091 0.9356520168833973 1620
16 -2.8376151762813557 -0.3304157661768865 4312
17 -0.7287519639829861 1.4454962063365542 3644
18 -2.310660045150839 -0.8005339539337996 4066
19 -0.37406463380665805 0.4263087520107064 2337
20 -1.4305121438728812 0.5999168247223292 3126
21 -3.199026562872016 -0.2220787704082632 4419
22 -3.9448776285098304 -0.7763458608155618 1785
23 -1.757008293044624 0.2694389611152908 3884
24 -4.979910154952687 0.8573776287357827 4178
25 -3.644287347042123 -1.0873216376246742 3640
26 -2.866524284642782 2.6459952983238226 2340
27 -2.9364643667032353 1.4495706725910507 1371
28 -0.6710369667348667 -0.4738934935891553 2336
29 -4.380799196553386 -0.43595185033304906 2722
endpoint1 endpoint2
0 27
4 7
8 13
8 23
2 18
5 6
17 20
1 15
3 21
9 29
10 21
11 14
8 28
3 7
2 5
0 3
5 23
6 7
0 15
3 10
0 24
1 14
12 24
2 23
16 22
2 13
3 6
3 16
16 25
14 23
3 27
18 20
12 21
25 29
17 19
1 23
6 11
3 23
7 27
1 13
8 21
12 25
10 13
5 15
14 15
5 21
13 19
12 29
4 20
11 12
12 22
19 20
4 11
16 20
12 15
9 27
26 27
6 8
18 25
21 22
23 28
4 15
4 26
3 18
14 21
1 7
23 27
10 29
7 17
6 16
