nnodes nedges type
30 70 graph
nodename posx posy weight
0 0.09596014008216926 2.4593393025563586 4415
1 -2.6093795176825774 1.8253958043975076 4087
2 -0.6305929706216661 2.1065202840362565 1289
3 -1.2502398543174436 1.0804594485882888 2054
4 1.292881963530446 0.812969132913285 1268
5 -1.779215522849158 -0.016060946896144294 2924
6 -0.004945041669252465 3.290665884823911 2298
7 -0.07073710987236219 2.1375672899739415 3821
8 -1.169307509868643 2.5016197314784168 2088
9 -1.599786245230346 0.572486951372669 3687
10 0.8170796585491349 -0.17626264275265494 4242
11 -0.831961759311079 0.38023535745803344 1062
12 -1.8680148022923306 1.4881145569589371 2044
13 -0.8846925986644351 1.6410017676491284 4810
14 0.8696625035457672 4.109550306991238 4746
15 0.30868556761613036 0.8850333240800932 1065
16 -2.4154226565524275 2.6777009853009517 3600
17 0.3214462615746509 1.3109247089733338 2212
18 -1.0761220488051697 3.8124049536622975 1038
19 -1.431558413390263 1.671101994110435 3696
20 -1.8473069293193227 2.955820715136786 1459
21 0.9501715730133131 1.61906811371467 1384
22 -2.596542401608354 0.7380053473551818 4678
23 -0.4451680010728167 1.169459055658565 4835
24 -1.9190608218809335 2.2898713095813448 1210
25 0.12042730156789236 4.118462381975643 1036
26 -0.1501765275070078 1.6850859037936496 1698
27 0.8856266360484802 2.4267976914295053 1461
28 -0.7405570865089327 3.2614124125065627 3304
29 -0.28591684076000795 2.8355671921463363 1233
endpoint1 endpoint2
0 27
2 29
6 28
19 26
9 22
3 11
10 15
8 19
2 12
8 28
11 19
15 26
0 28
1 20
6 14
2 26
27 29
6 7
7 15
15 23
12 13
26 29
8 20
2 23
0 17
7 19
9 11
12 24
8 29
17 23
5 22
13 20
8 16
18 20
25 29
1 24
2 6
6 18
5 11
7 27
3 23
13 15
23 29
19 24
1 19
2 3
2 24
16 19
0 8
17 27
12 22
2 17
3 5
11 17
1 22
3 12
2 28
20 24
1 12
2 21
4 15
0 13
4 17
15 21
9 23
3 8
18 29
4 21
9 19
7 8
