nnodes nedges type
30 70 graph
nodename posx posy weight
0 1.6230844077683497 1.179232276597672 3822
1 2.824686234211339 0.23792693452639177 2969
2 1.2163451842644075 1.816960995798547 1230
3 2.4030660591243103 1.9300537475486115 1284
4 0.1801899412988866 2.994265635597646 1785
5 1.8538104585724775 1.7594999970483853 2130
6 1.573643166465362 2.356854467251419 3807
7 2.3045543237353066 -0.6080971513479042 3971
8 0.5671719135056589 1.0048794803200118 1758
9 0.7111468473121529 2.0442543205045483 4984
10 3.8298602498254297 -0.32228887641985277 3337
11 0.2456932114027089 1.6808663766621337 3631
12 0.9125811538114101 3.3496935556159557 4985
13 0.19128144458684856 2.4010064555616943 2092
14 0.5680215778827477 0.04639306626140695 2315
15 0.6299048743993866 -0.4437912034474418 4481
16 1.8559839423612035 3.27835336225195 4011
17 2.2246977387093305 2.655843785438669 1391
18 1.2425416006320977 0.9859820302106601 2036
19 1.1071804710917537 2.584419292685545 4852
20 2.1087544760674835 0.30606811923520655 4590
21 2.1325307491681302 1.5422436603458316 4781
22 2.7960441020438194 2.037871297314661 1394
23 3.1986402049978104 1.09594981984178 2883
24 2.4851660806519527 1.2049376292793637 2361
25 1.5736769625627673 -0.06934993108591711 2682
26 -0.1870912491219375 1.5789833469796393 4502
27 1.3678452319874426 0.451708284967385 3559
28 1.567860769519231 3.075683219350462 3421
29 0.10238883042689131 0.6619592580869509 3884
endpoint1 endpoint2
1 21
15 27
20 25
22 23
0 20
5 6
6 28
21 28
13 26
6 21
18 26
5 19
4 12
6 24
12 16
9 18
3 17
3 24
8 14
1 25
17 28
4 19
26 29
14 18
9 12
9 11
2 13
6 22
1 10
5 22
2 27
0 29
18 20
2 16
0 22
4 28
1 23
6 11
18 24
8 11
7 27
15 25
0 25
15 29
2 3
0 5
8 17
6 12
16 19
18 21
23 24
0 23
9 13
18 25
5 27
20 24
14 25
0 19
2 21
2 11
11 29
4 26
3 18
6 13
1 7
0 9
8 27
9 19
6 16
21 24
