nnodes nedges type
30 70 graph
nodename posx posy weight
0 -3.79420207608087 -0.6332200591361524 1129
1 -3.6415167434866373 0.5851842965138391 1690
2 -1.7596816690951678 -0.7225475188991761 3850
3 -3.163175173625646 0.3543553666326775 3644
4 -1.6881769157681903 1.2258013403697372 2996
5 -3.6533163543781635 0.10896751740165998 1669
6 -4.09737475022513 -0.9144636750415794 2562
7 -3.4396423380132646 -1.6128607907970431 2132
8 -4.535900881999142 -0.05526345411928954 4346
9 -2.3721385838283395 -0.8172607054230577 1224
10 -2.00573776049415 0.02524810955909475 4083
11 -3.0906289346162366 -1.4606554003154915 3540
12 -1.1150025695168049 -1.8081821190850362 3636
13 -3.760389776361015 -1.7612190323700379 2992
14 -2.2418294097256077 2.4404271166492815 1482
15 -1.6589093342287828 -1.1545632322556176 4152
16 -2.232416150176488 1.2642560956445308 1278
17 -2.2628563644648247 0.806991341369028 1075
18 -2.363546654012271 -0.08754879793718538 1688
19 -1.6002256610227943 0.20357868786979444 1945
20 -0.5060388216302449 -1.1635709577342406 4183
21 -2.9532728721993124 -2.1537324660876167 2512
22 -2.302180768893231 -1.8999753874483165 2962
23 -1.0418092930214993 1.0188199549221304 2273
24 -3.239718426255644 0.9951844087323451 3832
25 -0.9341434543387588 -0.23118206967031632 3214
26 -2.7876246756012852 -0.7002379925715436 1605
27 -2.611078607822384 0.10110187773769816 2391
28 -2.2432823479774693 -1.3803908886224217 4774
29 -3.266037034238503 -0.3385272553464336 2061
endpoint1 endpoint2
13 22
15 27
2 29
1 3
20 25
18 22
10 17
15 20
17 29
5 6
26 28
6 21
18 26
0 7
2 12
10 26
9 18
15 19
16 24
9 25
2 26
12 20
2 19
6 7
4 19
0 9
24 27
11 22
9 11
8 29
13 29
3 6
17 23
7 28
22 28
12 28
27 28
5 29
16 18
23 25
11 13
15 22
1 24
10 19
16 23
5 24
9 10
11 26
1 19
0 5
3 26
17 27
7 9
0 1
9 27
5 10
14 16
0 26
6 8
24 29
1 27
15 21
10 25
11 29
16 27
3 18
1 8
5 27
2 15
3 4
