nnodes nedges type
30 70 graph
nodename posx posy weight
0 0.4979040649368865 1.0901045310052522 4383
1 -0.2823483862833918 -1.0333180707760117 3131
2 0.9563088568972945 0.9558942245379786 1194
3 1.6686413721018971 0.6983340891146643 1385
4 1.0918694217821594 2.1818040105196568 1096
5 2.1286688672660805 0.7408502216183468 2553
6 -0.2338938366068046 1.2949342365183802 2222
7 3.2515381879485235 1.4120317889456178 1976
8 0.7957657951552345 -0.17294654858265784 3939
9 1.9334194892011276 2.1398383491404327 1353
10 -0.6621324254661818 0.5714537849988176 1244
11 2.4901836439813323 0.9498167700445301 4143
12 -0.08870191553342952 1.9256176695190972 1817
13 2.912599328969731 2.6571898747533167 2903
14 2.6028784261772806 1.5435376092720783 2426
15 1.7041471852152013 -0.408794061835704 1554
16 0.3886242955810736 0.12529223150854563 4674
17 2.1382082322996783 1.7163285729548003 2959
18 0.5670921599319796 2.539167201783977 4645
19 0.9657567954669117 -1.4463143793173312 2749
20 -0.3505322493127786 -0.5407063645441312 2450
21 1.1742470942528174 0.31361193626843104 2005
22 1.3798525371576742 1.1969717563720104 1539
23 2.8780151291256533 0.4693028203265858 1289
24 1.6140356285331132 3.0972614365890947 2035
25 2.3947090750371163 -0.11166780445355164 1742
26 1.1321753362788018 1.6467472837728008 4140
27 1.6434176367922435 2.494843688711862 3555
28 0.4131442539079243 1.6010940617544875 4639
29 0.5230853777721545 -1.0242332768845528 4049
endpoint1 endpoint2
9 26
3 25
6 28
6 10
18 26
13 17
11 23
2 22
16 21
4 22
3 28
2 12
0 10
1 29
15 19
3 17
7 11
3 14
1 20
4 9
15 23
2 9
0 21
22 27
24 27
1 16
18 27
16 29
11 22
8 20
14 27
5 25
17 24
16 22
8 29
0 4
5 22
22 28
17 23
12 28
14 23
8 15
23 25
2 16
2 6
9 14
21 26
18 24
0 18
0 12
12 18
11 26
0 5
2 3
0 8
19 20
6 26
2 17
9 13
21 25
21 22
5 7
4 17
5 14
3 8
4 26
10 20
7 17
2 15
11 25
