nnodes nedges type
30 70 graph
nodename posx posy weight
0 -1.796429861492305 -3.2162211091235986 1838
1 -0.5646604362868334 -1.3886639279427853 4982
2 -1.1229772209358875 -2.119110401575913 3473
3 -0.0246195894720739 -3.1355623059504127 4606
4 1.3720861541552818 -1.5795987399000828 3205
5 0.7525574989223779 -0.9092220931915086 2218
6 -0.7501363396693245 -3.429033427104563 4857
7 0.19374532576216022 -0.5247545090328882 1159
8 -0.9429242457731268 -0.39783160803590945 3570
9 -2.26587976205704 -3.1099067521431047 1242
10 0.9851977773954114 -2.6231926631048745 2334
11 -2.6179993273276874 -1.3816881330035968 3825
12 -1.346128365246613 -2.953041942599071 2523
13 0.24766073362483607 -2.1631931506035573 1582
14 -2.3785848509966847 -1.9988809881486125 4612
15 1.1600842657766237 -3.160604682023331 1802
16 -0.15597720815568342 -3.800839073484961 4661
17 -0.732027322967247 -1.097141178946161 3119
18 -1.478075884196782 -1.713896250666513 1503
19 -0.19516579559751965 -1.4190407441606685 2482
20 0.21002875833079654 -4.865244891516895 2243
21 -1.4490436516169665 -1.0939953918738523 3486
22 -0.6080794705934749 -2.060723315991414 4355
23 -0.9044449984912669 -2.7427314432208814 3512
24 -1.4961521797703348 -4.31153148135557 3388
25 -1.8662842849505323 -2.202519567663886 2006
26 0.9391207313643896 -1.5814587233485728 1837
27 0.9181740456775875 -2.304571733115826 1456
28 0.1750647498190208 -2.6486435143703435 3418
29 0.48387582047739236 -1.3907450267311852 3239
endpoint1 endpoint2
15 27
1 21
4 7
2 18
1 26
6 28
2 8
28 29
4 27
13 17
18 19
17 25
5 26
3 28
2 12
10 26
16 24
7 29
9 25
18 23
4 13
7 19
2 13
3 6
9 24
11 18
27 28
3 27
23 25
19 21
4 10
2 6
19 28
9 14
3 13
1 23
5 17
10 13
13 15
12 25
0 18
16 23
22 29
18 21
2 14
16 20
10 28
12 22
17 18
26 27
3 12
5 10
3 22
23 28
21 22
10 16
5 7
19 27
9 23
1 18
0 6
15 28
2 25
1 7
0 9
14 21
12 23
11 25
7 8
6 16
