nnodes nedges type
20 30 graph
nodename posx posy weight
0 1.3158266041039828 0.08818240002241978 318
1 3.7606471400555015 -2.2924412645345433 29
2 0.25180865992597234 0.41335312156074916 135
3 2.426805783181475 2.6374216862113338 330
4 1.4675770962883805 -1.6602795904176406 421
5 2.1598299778270293 1.8048214579296042 290
6 1.994130212187238 1.2023816621268353 35
7 0.8944776515843633 -2.5671120353896013 463
8 3.0162497036306104 -1.5038867403240415 488
9 4.044972834802249 1.9596994293771703 4
10 1.4370737239697084 0.9490035279441815 205
11 0.6339842549015904 1.5203237522883974 368
12 2.1323036100618555 -0.7189208348732827 460
13 3.2672431392848362 0.8468815901421152 390
14 3.1420225149168504 2.2495239983407913 324
15 3.051220687401878 -0.5423578420592824 27
16 2.5296038868713886 0.3894629787434797 389
17 0.8369083528573493 2.0705091312536297 303
18 1.429835144728387 2.4497704984328275 116
19 3.0621376726047647 1.4969747534279376 226
endpoint1 endpoint2
4 7
5 13
5 19
4 12
0 10
12 16
6 17
6 14
13 16
10 18
8 15
9 14
6 16
5 11
0 12
3 19
13 19
16 19
3 5
17 18
12 15
8 12
10 16
2 11
0 6
1 8
3 18
9 19
15 16
0 2
