nnodes nedges type
20 30 graph
nodename posx posy weight
0 -4.7813060406531145 2.5790123551672144 88
1 -1.1782568354639489 1.6491007346730777 56
2 -2.4712631188241314 0.720094993260604 240
3 -1.7544018205189023 4.715542940297407 29
4 -1.0823939723487899 0.24337406158377684 110
5 -2.6620784073782064 2.8146499428957847 239
6 -1.9928027189302764 2.050046973797023 334
7 -0.10665545409825168 3.7358278264266724 452
8 -3.3576070584214484 1.246427405489199 21
9 -1.1583501887600989 4.230230940319948 185
10 -0.09589321836185087 2.483094157042693 344
11 -3.7108902798531025 2.3539579787293237 155
12 -2.512604558113612 3.919849216069562 412
13 -0.9764225809381637 1.3351883828214821 347
14 -0.5553598455682259 -0.6996760575317519 436
15 -0.8278106834395501 2.621732443919485 255
16 -3.259074148093019 0.6068805009198551 203
17 -2.098720365970739 0.7659037532001798 468
18 -2.4155676155487447 1.6250297732265366 267
19 -1.6816721057272466 3.4708793057265797 496
endpoint1 endpoint2
5 6
2 8
5 19
10 15
1 6
15 19
6 17
1 2
5 12
5 18
4 13
0 11
7 10
1 10
8 16
16 18
2 16
5 11
8 11
13 15
4 14
3 9
3 19
8 17
7 9
17 18
4 17
13 18
9 19
9 12
