nnodes nedges type
20 30 graph
nodename posx posy weight
0 -0.9221856449169155 2.8002297126647853 193
1 -2.1925804818942884 3.3181000213582164 324
2 0.013394392487140309 3.6282732508641784 414
3 -0.4846613824963449 1.4195672161204194 135
4 -1.085958803136652 0.443057177681881 35
5 1.1608962909994773 4.011291154701297 190
6 -2.0642679437791003 0.6383067945060872 155
7 -0.3776594050200248 2.011966839199961 172
8 0.7763202574793046 1.8417256330655989 468
9 0.8481812235719254 1.273442259377932 305
10 -1.569787025599057 1.6664716913200164 57
11 1.9347071067617396 0.8395197012367197 257
12 0.1527316567368066 4.63659787517275 61
13 -0.12838789609484993 0.8715436839947637 355
14 -0.9516819806909608 4.382075139732994 15
15 -2.2708708824841555 2.5155701534247354 149
16 0.04817138818283458 2.004844287830888 235
17 0.36316606542980057 0.37868301892635065 188
18 0.804015880789296 2.913878519217625 179
19 -1.2283677853344281 3.12056741306052 236
endpoint1 endpoint2
8 13
2 18
1 15
10 15
2 12
3 7
0 3
3 17
15 19
5 12
6 10
5 18
4 13
7 19
9 11
9 17
3 16
16 18
12 14
14 19
9 16
7 9
0 1
4 6
10 16
7 13
3 8
8 18
3 4
0 2
