nnodes nedges type
20 30 graph
nodename posx posy weight
0 2.2386933675010874 -2.6976864480397644 148
1 0.9155012591274085 -3.178778199045869 127
2 2.6387816299712554 -3.9498883963827085 54
3 2.7668588727137378 -1.4648170659227062 108
4 4.0699249143058625 -2.2163119414653676 35
5 3.8606061819664514 -3.708250830576943 450
6 0.6118557389832835 -5.842267802441456 320
7 2.84920273255337 -3.3784557986189134 175
8 1.2098866836452877 -4.989415094059443 107
9 3.8971481940170407 -2.97465359264302 93
10 3.6507338256501702 -1.1724773141795704 79
11 3.3384890201890873 -4.472062651841406 440
12 2.4649096525636596 -0.38440964196005656 284
13 1.5612154948223937 -2.2256085806494976 439
14 2.902962813794141 -2.005976042848705 202
15 3.3909012064589565 -2.322121315948466 261
16 6.23336950662751 -3.181729441234283 256
17 1.7606329477053686 -4.015499247212389 250
18 4.883764818474527 -4.239358706534014 119
19 5.137637055278405 -3.2455023567958206 444
endpoint1 endpoint2
5 9
1 17
0 7
10 15
18 19
7 11
2 5
0 3
3 14
7 15
5 18
9 14
5 11
4 5
1 13
8 17
16 19
2 17
7 9
3 12
6 8
13 14
4 15
0 13
2 11
10 14
7 17
9 19
3 4
0 2
