nnodes nedges type
20 30 graph
nodename posx posy weight
0 -2.69055477208909 -4.799671529515426 463
1 -3.9525042988950556 -3.585332924429787 136
2 -1.083039055691908 -4.231372883231158 2
3 -2.8261112293328283 -3.381074004196887 194
4 -1.9797198692471243 -1.2908448682965221 222
5 -3.384760299087713 -2.212093509036705 145
6 0.27757963506802075 -2.4995330016832167 84
7 0.23837824407591712 -5.116724219584653 373
8 -3.9270502105158482 -4.768624357016101 400
9 -1.646424452464793 -5.071337614907117 11
10 -3.6241109236296416 -2.730130042209811 403
11 -1.4116459221797848 -3.322500695452955 388
12 -2.6550332660285356 -2.1040185010838095 402
13 -3.4412094168356098 -4.28650892227913 235
14 -0.7858772673421962 -2.931296598221113 195
15 -2.3230791798864474 -4.359474874150234 161
16 -2.140276586873267 -3.2907901277673806 179
17 -0.6460322009463523 -4.512922803843966 440
18 -1.1580254878311775 -2.0179521871378836 260
19 -2.9067689532327834 -5.971849771716646 469
endpoint1 endpoint2
3 15
1 3
4 18
3 11
0 16
4 12
11 14
12 16
6 14
2 9
9 15
5 12
3 10
10 12
9 17
3 16
1 10
11 18
3 13
0 8
2 17
3 5
11 17
14 16
0 19
2 11
0 13
1 8
7 17
0 9
