nnodes nedges type
20 30 graph
nodename posx posy weight
0 1.143080059317264 5.424788165341085 386
1 2.42128085426794 5.2959949652721106 468
2 4.376736611588199 4.823016596244304 342
3 2.7881382158755135 4.601768481886915 421
4 0.7641078307279328 4.189633077867251 391
5 1.8720758217386186 5.581790756494777 220
6 0.7166409140835932 3.4668320666779384 117
7 3.3704203701081075 5.059033767107998 465
8 4.87756588817265 2.1444271189224713 424
9 3.987101811990147 2.3249543746629784 459
10 1.579486944944569 2.9314141922964776 112
11 2.540046519298578 3.9665615303469135 118
12 5.583388142729788 3.2553253472297756 146
13 4.060001943927714 1.110271721684753 384
14 3.8747563693078173 3.8132186463150832 422
15 0.6626594641210201 4.845635318349078 172
16 1.7991038020835044 3.4675807995428194 390
17 4.352296814825397 3.012749983384634 486
18 2.9606563028892205 3.0697497971230474 86
19 1.6227657638251876 4.807540504066147 307
endpoint1 endpoint2
11 16
10 11
3 11
8 9
7 11
15 19
1 11
3 14
0 15
6 10
12 17
0 4
11 18
6 15
16 18
9 14
4 16
5 15
3 19
8 17
2 14
3 5
2 7
0 1
17 18
9 13
4 15
0 19
1 7
6 16
