nnodes nedges type
20 30 graph
nodename posx posy weight
0 -0.6924794077658176 -0.13403786210260937 35
1 -1.1771963350638073 -0.6677685489971233 238
2 -0.4162722549328823 -1.4462127576048582 222
3 -0.3466816443659567 -2.7353895752863666 319
4 1.5022128704624798 -2.2888125964820003 179
5 1.2099942590217065 -1.2219049726173234 481
6 -1.6324652837933054 -1.5688616250776113 326
7 2.5737761509607795 -1.6846467907512725 275
8 2.101253105617079 -2.180194977402401 448
9 0.47491253533181554 -2.4617072931486015 254
10 1.546596104875162 -0.030181330605910644 473
11 1.8476021207681186 -0.786249669207661 316
12 3.1019382100912556 1.5798428519994587 472
13 0.6600622932086853 -0.416798569250942 185
14 2.1754530767725604 0.9683736787040963 356
15 1.452406439819449 1.9326634911982927 328
16 -0.9715100025227071 -2.1481264895457253 266
17 2.1882844260112173 2.0747926225359357 322
18 0.004892436136152647 -1.2258477456294228 358
19 3.3818547324846966 0.7468776919471732 189
endpoint1 endpoint2
14 17
4 7
10 11
4 8
2 18
9 18
7 11
5 8
4 9
5 18
2 13
3 16
16 18
11 13
2 6
12 14
5 11
14 19
4 5
10 13
0 18
3 9
2 3
14 15
15 17
0 1
5 10
1 18
10 14
6 16
