nnodes nedges type
300 1000 graph
nodename posx posy weight
0 -0.6965204032824786 -5.2878517682242405 160
1 0.6243910057442674 -8.52982438596124 164
2 2.4067703383694132 -6.724695087614299 416
3 4.24328893955759 -7.627878889868432 27
4 1.667833653887831 -7.449316617574717 394
5 2.194513578689656 -8.115663199304441 390
6 0.4528593101873567 -5.025637606254539 32
7 3.1518062898145214 -4.600134363556046 145
8 2.111586445355351 -5.898984117706527 480
9 0.6801495891008235 -7.077588256384625 264
10 1.8193284539498156 -8.477129471974354 219
11 4.597795721538238 -6.002242041791798 85
12 0.31084715135655044 -3.4786861393326567 32
13 1.0916953965722824 -5.892481701175451 330
14 2.140318553319504 -6.92574469707569 450
15 1.508825287343575 -7.388950383216465 463
16 2.71650250597098 -8.776646489918107 258
17 4.130919780985993 -4.88545417279033 260
18 -0.14585853634118232 -6.034480700014376 110
19 2.7900543307176213 -5.94187721195877 460
20 4.722621361628326 -6.3800969551011395 215
21 0.12504384497235302 -5.395078957537259 59
22 3.683814470053789 -8.287492597545388 447
23 2.3938218027319005 -7.770923763910186 419
24 2.357139355085904 -8.358350327059757 333
25 0.5932089146891311 -7.7363174434782636 37
26 1.6724100616072124 -6.542300802146268 458
27 2.033377997128804 -5.077453039320376 247
28 0.2637448470101063 -8.011780585205702 7
29 3.3690402924298986 -5.5821149880633545 317
30 1.206372715758528 -4.720041775280532 102
31 3.419160679365412 -6.5694595687912924 203
32 3.5286661529083982 -6.646198897037418 371
33 4.104738719262952 -6.120768312519788 171
34 3.785513712699372 -4.2778319770442685 148
35 4.2690073341933825 -6.995589324894131 450
36 2.4227039859402018 -8.041730025249278 340
37 0.9120556665302375 -6.12687549579026 68
38 0.43740331911282226 -6.736801555787827 203
39 1.9917000496738364 -4.947346238066865 130
40 3.8650210653642816 -5.969293453974041 410
41 2.95254055232439 -3.9678111357954022 159
42 2.6218222654204184 -6.072839567760426 120
43 -0.1657486918045079 -6.306185445320041 149
44 1.9834796295895714 -5.597969683699102 357
45 0.8172558794984206 -7.192776495431919 497
46 1.0023506058274148 -4.183108065588319 106
47 3.106112154492091 -7.456237402493162 396
48 0.5394858069101448 -5.6466887676988 244
49 1.821308588361555 -5.182965583200468 497
50 3.4991442997645508 -4.022603670054807 23
51 1.2214365587203564 -6.952564041192475 273
52 1.0983265776452082 -8.532952937981204 299
53 -0.38795325677280834 -4.722515257758765 199
54 0.2734687582242667 -5.966223405579478 110
55 1.273470340289096 -8.205610523275654 190
56 -0.08934447289054707 -6.874271149818924 310
57 1.588489021034685 -5.7114474085677776 336
58 3.419870154633389 -7.006004465197507 375
59 3.5155761532593046 -5.746542475784835 322
60 3.8902800939117395 -5.316894967494936 484
61 1.1868450005805946 -4.1061738604223885 148
62 1.3103972472104368 -5.0454981402818575 31
63 0.28329188848191544 -5.230960815004793 109
64 3.1465727428932757 -6.802836423105316 476
65 4.567945131003502 -5.088472401810253 403
66 4.873457689215623 -5.350079099747746 80
67 2.758702410490021 -4.86471199779407 143
68 -0.7776823949603588 -6.326933765304129 167
69 0.1801163158557144 -6.717051018765686 40
70 3.0379286826143033 -3.78425891731606 307
71 1.5536069651334017 -5.835619487781529 282
72 1.7804308439312655 -7.758330922287732 391
73 3.457869001796512 -5.011276447158317 138
74 1.1582090702195837 -4.442308385781388 29
75 1.8074981741387235 -6.063709479162768 290
76 1.1288701348637875 -5.475126482041942 275
77 -0.25080260557060835 -8.293482908782767 77
78 4.491771036297807 -7.428625104332629 188
79 0.4256804846207353 -7.454408094359199 171
80 4.379831192735516 -4.301108722003958 244
81 0.4013067154381597 -7.168589782242891 61
82 3.1299974392780636 -6.101175456716657 231
83 4.639978132746642 -6.760854552117321 22
84 3.054777771415277 -7.942018770493812 32
85 1.7979214392180347 -4.471589942657342 135
86 1.2768207093446247 -4.570645393211922 326
87 1.0864186581033912 -6.678218215801466 94
88 4.491313497628169 -5.402491633428317 71
89 0.1954772944459264 -6.36226858347462 425
90 1.7723793913453614 -6.947119630371367 334
91 1.516585542526873 -8.70923107803987 355
92 0.8627151266880375 -5.072116318043446 299
93 2.8315636736712895 -5.282155085672221 135
94 1.5213290097537524 -3.7782711629941095 51
95 2.551676353546026 -3.6885752990440777 32
96 1.0130339320910677 -5.7872988202396805 418
97 -0.4343280950710373 -5.2636052934367745 118
98 4.27324400257435 -6.456933080429799 60
99 1.5979657309716013 -4.078812345756909 23
100 4.608266155945946 -5.349206310692031 414
101 4.135285376206735 -8.003983060590214 320
102 0.3000257703411698 -4.078278102382849 13
103 3.054032143833693 -3.555962128413446 92
104 0.07789348850492234 -6.5613560991623165 324
105 4.664458724653644 -6.133364940678138 289
106 1.020254906425686 -8.721071429135076 337
107 1.7887137037298209 -7.911728381239755 187
108 1.4895211955736727 -8.150132054865374 216
109 -0.45227518639974207 -6.924678430874379 374
110 1.5526025619710224 -4.405651988504509 490
111 3.091264888570945 -4.691358302203865 30
112 1.561125955535896 -6.244713522819566 186
113 3.5436193410429344 -4.8565188705218905 317
114 3.002676001528137 -6.217734234087333 175
115 1.786846517797998 -7.166036564238244 90
116 3.809663345529412 -7.394431591555086 82
117 0.6433406577485157 -6.876260418289686 44
118 2.07324374275681 -7.181103030600625 401
119 1.8013324085222584 -4.908570311913628 21
120 -0.5348167014517368 -6.706267134981295 317
121 3.9347329475224253 -6.587977327544737 297
122 2.023903973464526 -6.846003991061745 183
123 3.827581891556249 -7.158855040817254 343
124 3.082254170613523 -8.365187806322963 440
125 2.4731278752791095 -4.219594446272263 4
126 2.077296075342327 -8.188453884844145 57
127 1.938035663663595 -3.3406846999580986 37
128 0.6615933191536562 -6.519522358806824 395
129 1.2018753691341038 -3.0723556420696876 500
130 1.4374227825732995 -5.157720792978814 322
131 4.692240648184186 -5.653051550032368 190
132 0.8192572815058164 -8.142918544013309 424
133 1.9223378369464172 -3.0728649536012345 100
134 0.649078031489909 -7.475634336956508 424
135 1.2325271273490745 -7.887698576248132 10
136 1.8389034996785574 -7.656711274629822 151
137 2.576019796681461 -5.605536062765375 147
138 3.2397428377907422 -7.728540399220167 17
139 4.051400034340128 -5.643530883217771 235
140 3.322189271107175 -3.9656472925906043 161
141 -0.1187698164602691 -7.247236872465424 72
142 3.858392772012039 -5.11706127401935 176
143 1.7943982971244172 -6.833780157939284 40
144 1.437122070167808 -8.51408918349577 449
145 2.124093128560606 -8.57397216926649 449
146 0.314904379999244 -8.151681865740906 392
147 0.14051800523014693 -6.066077175689677 352
148 0.14463011689036537 -4.399626366680837 6
149 3.3877208077350294 -8.069887539411159 245
150 0.3683192466463896 -5.077384846645799 163
151 3.2504626084468122 -4.2272875349332715 425
152 1.5091594041395595 -3.2512324089415996 348
153 3.2277268910735266 -5.246416859447176 71
154 2.6579319014560836 -7.355773571714323 206
155 0.4082436971773866 -4.536694037439902 320
156 3.8830531866995788 -3.8943794934857303 265
157 2.109861817268267 -5.035776233444151 379
158 0.685603318917896 -8.199756429757633 151
159 0.08082806648079148 -7.9748615143307005 53
160 1.4494668597934688 -7.9082981408446775 222
161 2.572148167252701 -5.166733953345286 331
162 2.971106362302409 -5.064442360143037 145
163 2.947799843431018 -5.640547544324547 139
164 -0.5481747483434228 -5.660122585751451 86
165 1.5170578138308481 -8.247296763542034 197
166 3.019224671691212 -4.13615896852212 97
167 3.8575779091092017 -5.557255383659559 490
168 -0.22089246653133657 -5.982924701097585 55
169 1.4095769136480432 -6.905457589572352 75
170 4.432570123819603 -3.7332780766900906 18
171 3.975597689598033 -6.350395665798034 46
172 2.153450178031775 -5.46021822495927 488
173 0.267157767352699 -6.2324185501960585 219
174 0.49414406686526646 -6.432743377117431 379
175 0.06054417035720989 -4.497799296724454 262
176 2.3409299077924195 -6.412158278911989 111
177 1.0800054177574399 -8.17254471514432 63
178 2.8696727680807768 -8.150468751258904 186
179 4.603509552587393 -6.571167995972651 334
180 3.379232574451838 -8.220044344666645 443
181 0.9454401699171976 -7.961408475710679 86
182 2.5915662358878975 -6.549765997462252 5
183 3.883189220619531 -4.374616743632661 434
184 4.173634271950255 -4.633156989669372 350
185 5.11572437775558 -7.325096084412163 471
186 1.7838178111209513 -5.601660315458016 278
187 3.3263631158474305 -6.237857931160011 3
188 0.5903909621428828 -4.533334614636234 200
189 4.84274708718129 -4.889666611487487 351
190 0.9371755541278125 -5.41897358366324 180
191 3.4110090132213946 -8.507349209830027 444
192 4.282632109068693 -6.719040630317129 260
193 0.45816358782672534 -7.878572660566108 56
194 0.544152629609741 -4.724667057624154 396
195 2.5369534951242803 -8.327878377745142 71
196 0.736886718810649 -3.5592552846432817 62
197 2.3099546273779192 -3.848840349148592 86
198 -0.006939582984111978 -5.602778159522838 313
199 2.593586767004107 -5.012853720185321 11
200 2.376305339204172 -6.14485119456255 459
201 1.3471517380363414 -4.1934551079888855 467
202 0.5941056378083789 -7.248315144115213 471
203 1.960827791939592 -4.61990135634355 429
204 0.8725744323192366 -6.524880927790734 421
205 2.3548399793905554 -7.193943502344881 331
206 1.2228042584801704 -6.074430360005835 335
207 0.7637913178526352 -5.521596780897314 115
208 2.118167770099136 -4.366796123511036 77
209 1.039864115751131 -7.611678867462353 24
210 3.6142670566923814 -5.356546323351614 207
211 0.7201918782580925 -4.054470991418047 398
212 -0.17624675009726504 -7.6775850173704905 131
213 0.8499766781217147 -4.785059693412156 270
214 1.1953064183197757 -5.248165956387541 335
215 -0.25724402854147754 -5.485838404852148 119
216 3.162901046265223 -7.059931097376763 266
217 3.6828572879916948 -8.091633439714343 147
218 3.7853865219479075 -4.883012956459285 357
219 2.2502310090656072 -4.783139619266304 222
220 0.9918403595348303 -4.938751193181683 101
221 3.880445291540733 -5.461962259463882 355
222 2.91612567761871 -4.355279570331242 161
223 2.916985943983721 -8.402523189627427 332
224 2.660437261957842 -6.676086408265127 291
225 2.7776214952081366 -8.564712743599035 444
226 1.9097155211580963 -6.597394353971553 468
227 -0.37357479764451196 -5.788329087850243 128
228 4.128508914856713 -7.177292789501194 53
229 1.2836669441961186 -5.517148858366021 136
230 2.455803835165367 -8.932608999420127 269
231 -0.6350174616773042 -7.162981144936706 446
232 2.820977473636277 -6.72622941354053 327
233 1.6034226841101105 -6.428774623458518 314
234 2.63286679603652 -4.09287667404587 332
235 2.6921709518912484 -7.089089307874201 186
236 4.1490417310130345 -7.041619344987579 341
237 0.9504648979231808 -3.8107109860418107 232
238 3.7535217475228926 -5.05573462166786 28
239 3.090763442934881 -6.507126809378877 193
240 1.342290062327752 -7.7134240933479425 207
241 4.521473191650456 -5.81192131267121 87
242 5.426359433028423 -6.085890146318372 227
243 1.1297963357859269 -7.392671817919339 302
244 3.546763250263753 -4.593492849695641 255
245 3.3004994484134507 -4.109140425716909 265
246 -0.4603911347840669 -5.98642972122369 486
247 1.5775458928098205 -4.981878191094873 443
248 2.379888474239204 -5.271071617585625 83
249 2.652153042058187 -7.6765186096448925 367
250 3.5819540016430387 -7.709899950960033 141
251 1.7638613910150427 -4.106820118097972 327
252 3.2267277128429805 -5.4107476995886135 423
253 2.2164122044810277 -6.214967422511607 173
254 3.2385782106217755 -8.394680413461673 200
255 1.8910828319580282 -3.7999250577780246 212
256 1.7477520472880226 -8.416116348713102 302
257 0.532179057375156 -5.428253510599689 399
258 0.8896348739256771 -6.260306594633425 486
259 -0.1588860637562366 -4.650095214406937 273
260 1.8428260723198404 -6.381131353967209 18
261 3.7749875194289975 -7.244887504360626 291
262 4.079724019391544 -5.864751668143018 290
263 1.3186378191008108 -3.769551837682692 352
264 0.3318834988087868 -7.026634261993234 332
265 -0.3291904349207322 -6.799348913996184 484
266 0.9482411901968791 -4.527685732010502 499
267 3.274813576178848 -6.747497501136164 278
268 3.6979953734620654 -6.3822333300688046 213
269 3.4029846044538274 -7.322125559419476 360
270 2.9116606318887692 -7.110424619255286 451
271 -0.45861713212634025 -5.10751801849487 277
272 3.490413501037362 -6.053205623344186 72
273 2.360278107351327 -7.429189393831479 327
274 4.078678182896777 -6.670936715752144 16
275 2.7334338908046765 -7.899254074850553 154
276 1.3023530900329119 -6.423359210656595 368
277 2.336618625081461 -7.845159122984097 352
278 2.409470805159883 -4.653587486959858 434
279 4.201318976989852 -7.465860174538581 158
280 3.0319100002444475 -7.185142219565282 188
281 2.016578314331288 -8.798348286801335 119
282 2.9627105905931237 -6.020596709035625 461
283 2.619347170417628 -4.401004526700804 265
284 1.2106035799395185 -6.6529820002103675 204
285 3.3727962906141102 -7.72594499339173 135
286 -0.09196924233134036 -7.0182817483812565 396
287 2.827220716333998 -5.73843870525449 111
288 3.8730992854951514 -6.196376716955326 345
289 2.4247178273383865 -5.7513733518834345 29
290 2.442011810362441 -3.9453917719718987 210
291 2.291672988940452 -3.620723209404488 327
292 2.9548998154079604 -3.525315467280816 120
293 3.4248111853841796 -7.514732812004101 210
294 3.717013859063398 -4.712364232525613 328
295 0.13950862678257417 -5.17981420450666 489
296 1.069228666743276 -6.2050370837215985 278
297 1.4719121283014118 -7.132725685828181 164
298 3.1649667083229387 -4.85604839621563 207
299 2.1556114758304474 -4.4639005635116185 241
endpoint1 endpoint2
13 108
112 176
122 219
172 187
165 230
59 274
21 28
23 264
17 20
94 157
121 205
269 273
147 271
64 261
10 180
43 174
40 60
101 124
157 186
59 131
15 112
55 217
113 114
8 142
87 264
201 283
198 264
115 253
139 162
236 241
92 219
87 289
70 283
210 245
214 257
98 142
216 244
182 254
101 131
234 255
195 281
145 275
36 256
206 240
184 274
123 250
95 207
206 269
117 259
11 125
85 298
161 266
35 167
27 194
37 194
47 143
143 273
69 158
49 299
90 214
42 57
78 294
139 288
111 188
4 87
142 288
13 51
149 171
171 242
172 252
18 62
97 130
237 246
43 202
61 295
22 195
206 209
144 265
182 241
287 293
102 266
62 104
82 273
135 281
67 127
111 267
23 288
7 113
48 110
54 175
62 251
31 171
48 203
235 260
149 224
194 255
4 260
133 237
42 143
129 133
137 234
115 280
140 196
151 186
90 209
167 267
25 104
136 165
222 263
14 138
163 266
62 182
54 243
14 172
96 172
85 127
101 270
117 223
18 72
145 269
44 233
60 93
156 234
184 262
19 27
14 248
117 227
244 252
11 65
33 60
78 270
85 294
235 275
6 196
99 226
164 201
63 164
56 122
46 237
14 141
30 208
57 130
217 277
36 180
260 289
5 226
153 233
258 275
181 253
51 174
78 230
185 250
114 176
50 189
98 239
15 174
7 125
216 277
87 231
32 72
30 166
258 295
93 156
128 186
70 127
27 70
20 138
226 281
95 244
25 277
153 200
24 106
89 92
79 209
82 151
104 132
22 281
114 247
73 186
232 298
4 112
54 110
19 67
59 232
29 239
62 103
82 203
91 195
64 157
57 299
34 83
81 297
75 132
116 249
218 289
245 252
186 278
20 171
118 270
49 99
9 190
186 199
30 260
251 290
54 257
155 157
7 46
199 238
131 162
7 161
223 228
214 219
73 163
124 297
13 186
52 107
19 98
144 160
49 214
27 107
177 281
58 139
226 239
3 238
71 162
248 276
129 213
80 170
6 125
26 289
52 191
43 226
200 213
13 229
73 241
128 136
136 216
201 289
9 258
65 272
51 90
26 195
33 176
118 176
5 51
197 199
240 284
64 223
163 294
196 213
51 64
116 178
187 232
4 193
260 286
173 266
99 197
172 245
50 94
20 236
61 167
177 198
157 222
96 174
41 92
94 229
224 260
8 71
105 294
81 207
41 282
107 296
122 256
49 157
2 63
67 299
267 278
204 216
136 276
170 244
138 225
18 159
19 138
130 155
110 157
102 206
29 166
53 89
165 195
33 163
66 179
197 234
252 253
253 276
24 101
30 214
88 121
202 277
197 244
139 161
284 288
6 246
182 193
44 226
67 111
120 136
119 252
7 269
146 164
44 248
56 174
16 224
218 292
165 226
31 161
86 94
116 154
220 229
52 90
130 297
30 259
273 285
106 117
88 163
171 219
40 70
113 237
187 297
23 135
2 100
197 253
114 207
178 216
97 141
134 160
45 176
31 122
179 216
191 216
1 10
11 274
56 181
69 112
175 227
8 42
13 123
122 200
154 293
64 272
38 77
104 231
45 126
268 285
5 284
155 296
50 75
260 267
81 143
223 230
198 263
26 283
6 224
49 257
212 286
30 234
173 297
188 263
235 240
147 220
13 227
2 8
182 239
68 109
186 287
62 255
80 111
220 251
161 220
9 165
22 33
19 161
70 111
140 234
64 279
51 213
234 287
134 233
95 125
25 209
190 206
208 247
25 108
61 203
54 68
179 185
200 274
107 149
26 112
79 207
40 90
163 270
172 291
156 210
44 207
53 207
51 104
38 157
17 199
27 152
9 226
41 66
180 216
208 291
195 267
24 143
258 276
31 118
15 135
162 172
51 173
90 144
33 222
206 232
180 236
122 270
182 280
81 231
123 216
132 143
218 252
9 265
85 169
118 137
240 277
153 161
163 253
263 299
3 177
74 291
146 267
71 253
76 200
233 250
187 241
178 270
92 188
4 208
14 187
253 268
134 258
192 261
44 63
239 274
126 261
240 243
8 112
159 286
13 21
229 296
75 173
58 239
96 122
137 143
134 193
87 104
49 148
175 257
56 57
48 118
58 293
204 260
93 257
244 299
80 103
207 265
166 187
71 220
128 190
31 163
29 131
118 128
60 275
95 234
190 248
5 35
8 174
119 133
44 137
183 255
71 250
17 32
200 256
216 293
44 167
36 209
6 286
0 120
119 163
84 135
19 258
276 297
22 232
128 202
143 200
45 148
201 248
182 222
20 218
236 239
115 233
135 256
63 296
60 113
214 283
109 145
200 210
219 222
89 143
130 248
98 123
67 283
14 293
110 292
121 216
143 287
34 170
84 160
268 287
137 235
252 289
4 55
16 149
36 216
150 203
47 243
49 121
100 244
210 299
113 228
70 133
50 298
124 293
23 158
45 141
107 158
47 217
67 95
40 242
249 277
111 142
236 252
32 253
66 113
57 92
14 209
7 283
34 203
72 106
59 294
13 251
4 16
43 119
45 91
56 164
54 135
19 163
136 273
44 284
38 122
83 267
205 277
289 290
200 270
9 52
93 190
183 235
215 220
24 272
10 51
156 189
13 38
69 181
74 221
114 116
162 176
61 157
39 154
39 289
1 26
60 125
86 143
27 176
165 276
18 92
44 253
85 198
8 81
157 238
168 198
178 181
29 49
214 247
174 229
104 215
42 295
26 214
107 118
130 298
6 190
64 262
20 274
26 240
95 245
154 178
37 169
143 205
31 232
172 276
26 154
55 246
44 57
62 296
41 73
9 233
40 105
136 158
124 180
202 215
17 208
218 262
67 218
136 228
39 96
65 153
37 112
67 224
122 279
48 104
93 287
53 61
32 199
229 282
14 239
99 102
230 273
11 205
146 256
74 229
31 262
94 175
48 164
61 62
253 297
72 161
21 284
2 235
143 202
114 287
163 260
92 211
24 159
139 176
168 174
75 273
59 238
14 51
7 262
92 201
12 152
89 141
98 224
37 224
33 192
205 212
79 144
140 239
150 215
114 153
62 85
92 150
26 194
147 258
121 192
206 289
22 225
138 195
86 190
67 162
216 221
261 272
143 249
52 159
14 264
44 99
192 289
59 84
100 137
66 105
42 272
37 76
48 264
3 267
112 188
144 225
62 92
136 275
73 272
79 135
30 37
32 40
84 270
221 272
15 209
15 282
273 293
30 207
74 292
135 143
126 195
173 260
103 241
14 180
68 193
182 192
112 199
239 273
145 178
84 236
93 199
96 154
210 249
80 272
111 280
151 299
51 177
10 79
102 148
174 257
160 229
116 262
37 117
35 93
127 148
17 283
9 89
96 214
238 255
29 285
44 142
84 277
90 160
144 254
99 234
4 273
58 189
217 236
126 202
46 245
98 185
117 134
91 191
110 137
112 280
34 142
0 258
113 119
86 162
79 119
28 202
224 273
36 154
48 155
151 288
45 296
82 277
92 204
83 225
115 149
130 253
67 226
28 158
123 280
32 217
157 287
168 213
57 199
29 278
116 224
90 171
174 212
73 88
63 213
252 294
125 229
154 187
191 274
187 210
114 285
82 169
65 298
34 248
35 250
88 245
138 169
35 101
117 211
109 141
73 289
150 278
2 178
89 147
58 296
82 221
270 277
38 109
42 279
39 113
87 91
48 71
58 274
9 45
132 135
44 289
35 268
83 262
134 232
118 177
54 186
206 295
151 183
40 287
30 278
47 298
75 87
38 89
50 294
183 238
128 266
202 257
36 57
21 255
31 216
152 203
253 282
7 183
162 219
37 45
66 83
58 116
200 247
126 160
218 278
27 153
126 285
219 263
159 181
71 87
63 257
74 130
105 192
23 272
130 233
17 252
195 225
59 76
12 76
258 299
168 233
0 74
60 283
27 203
68 150
143 270
10 182
15 258
15 249
10 144
30 215
31 239
213 290
71 147
221 290
158 286
261 289
184 298
15 58
105 167
55 147
85 111
18 227
132 230
55 106
71 76
7 219
92 247
50 184
92 259
25 186
179 248
206 271
93 153
21 39
89 284
184 211
144 240
76 97
214 237
94 291
96 206
247 276
176 239
38 45
76 220
203 272
140 162
117 174
19 233
124 176
188 265
134 286
105 279
39 229
205 253
147 214
16 275
220 268
108 169
87 249
38 243
159 193
28 273
36 72
14 243
120 229
37 205
210 272
105 254
205 285
291 294
252 288
29 270
235 280
182 289
26 76
223 225
75 203
13 46
227 276
46 109
198 286
115 118
55 225
29 110
67 199
27 130
126 280
96 119
292 294
2 9
90 150
186 284
92 271
107 225
4 23
37 246
8 262
145 240
32 200
40 47
115 168
2 93
49 115
57 176
85 175
108 205
236 282
69 172
1 240
123 179
54 69
114 228
161 166
171 238
58 145
117 176
74 87
108 235
103 125
93 208
55 254
47 205
59 251
18 69
243 260
88 228
98 288
129 197
77 135
234 244
14 253
