nnodes nedges type
300 1000 graph
nodename posx posy weight
0 3.093643800023136 15.939501221915345 271
1 2.9445521263885635 16.819098037878213 417
2 2.994061047160697 20.873812935463803 362
3 4.491564409555793 17.08578586143327 121
4 0.900808686153392 17.723900452366593 92
5 2.4455902349988627 15.873288927722509 303
6 2.028559765580824 16.789605713631488 329
7 2.987969035021412 14.33337555182479 469
8 1.779930566092358 19.2480645546118 235
9 1.1502743918276126 17.274597977832038 344
10 2.034453907376953 17.031995118933956 40
11 1.9647751621671437 19.37265904789431 44
12 3.9979315760729506 17.12839074151707 206
13 5.471526971568647 17.330997327389387 461
14 3.090197023389847 17.471984638122464 316
15 1.688543296559385 15.516418588097624 202
16 1.8327819463963615 15.230736480018981 247
17 0.11084181715182101 18.757573214127532 497
18 1.2485632264621676 17.044032581301018 479
19 3.2529784736512695 17.22686924019785 468
20 2.893368337895739 18.164224983300187 420
21 5.290694736681857 17.426353189659547 399
22 4.76761475778059 17.69237585897353 366
23 1.2682640334959698 18.973537281722187 372
24 2.8168066038024255 18.001505819078357 151
25 4.38941137825656 20.59510465555637 21
26 2.763514991055225 17.200552521216494 30
27 4.6427757214414935 16.813530265285078 433
28 1.5716406114207409 19.311261447721936 120
29 2.2498227253751457 16.151439512626464 232
30 2.2542609295806244 18.585302417094322 51
31 4.631418948269777 16.09296468819282 441
32 1.2652903384278105 18.10861224773161 316
33 3.465151916516148 16.669878280700804 495
34 2.9528169899499885 19.789776729456655 420
35 2.6650866523715164 14.919063097935682 103
36 3.9580032330019206 18.334184674595072 463
37 1.8547769797804312 18.535370259505555 366
38 2.556549326982419 19.840326626470198 85
39 4.4303923489909085 15.946272024312979 418
40 5.255152222423111 17.00204958697025 459
41 1.334206494035591 18.470615890622128 138
42 3.4815415857610796 19.693785994800255 175
43 2.328775194842898 15.076182510218032 259
44 0.9151039937182961 19.41010672034228 63
45 1.6847359299595035 17.63348885001453 49
46 3.6698453784641214 17.765236000434427 2
47 4.345467378064811 19.819638762503228 89
48 3.9066154368719217 19.440180963391587 56
49 5.579012787800176 19.12958248845866 371
50 3.004655447020601 15.66894560116329 416
51 4.528585146224476 17.18114963609985 130
52 1.0364555377771134 15.679021374279895 228
53 5.765059338753624 18.129151073465128 259
54 2.0888444766494465 18.474144519188197 340
55 2.162455749532071 15.729038685566545 266
56 5.470608561795848 17.628217080471057 364
57 1.8539275988689534 17.292189229499282 473
58 3.845676910289462 15.973867131547337 288
59 2.755153937391087 15.686773588381486 418
60 3.1125923357950156 19.8112391009612 356
61 1.3399164614393198 18.355543913356428 422
62 4.156076029440725 16.626397576192097 275
63 2.1002016112869164 16.440914825574414 206
64 5.255337480095295 17.16335978156723 202
65 1.2519346764535753 17.614175467521186 366
66 4.220089157910166 18.889664375585657 100
67 4.642840289738261 16.55166392920203 406
68 3.99508143647792 19.811775692411555 406
69 3.9132578306404073 15.810170890765024 198
70 0.3596527080095931 17.61667034414734 469
71 5.048641956818602 19.207749346533657 202
72 0.5236280866905899 15.921738834155626 446
73 0.5476303084330755 16.945795448283974 330
74 4.336678595708615 18.004003674000177 431
75 1.0258078668240151 16.663832265258748 496
76 2.72787589740201 19.613196710840608 83
77 2.8316598768986685 16.585107024683737 313
78 4.418100379091543 15.391641826275222 193
79 4.09975796472802 17.985128845055446 133
80 1.6704347997045892 18.06244776507488 1
81 2.507138961687096 18.551551023934795 178
82 3.5191468381144007 17.80240460543023 396
83 3.118457569093691 16.264158842637322 237
84 4.51542109612676 15.613571568455715 229
85 3.462265866009707 15.003052622631134 299
86 1.797917951160432 16.332737470728965 495
87 3.743898244766203 18.907923132634437 125
88 4.881242305003957 19.12405718558358 245
89 3.4901294564801075 17.400336032015662 191
90 2.195633054592344 19.47488889868019 414
91 5.450786781287578 18.478232964903082 5
92 3.5291966215246116 15.767979069826918 237
93 2.186476234523615 20.323855050880315 168
94 0.9696499523825719 18.105958192003044 29
95 3.703511141281855 19.140304764774367 104
96 2.3385709651931323 18.84104337021515 297
97 2.0721323181089173 19.827205006445062 13
98 2.304459605029484 19.94296161837738 105
99 3.180674140368929 18.718745663383697 420
100 3.978456187648642 16.115353222818968 409
101 2.393379858537747 16.90930241606039 127
102 3.726289752724874 18.343662874169127 179
103 2.3699422768316296 19.427595866285195 479
104 1.7510806374747172 18.801653076291224 73
105 1.3459742927050034 18.051840213205388 242
106 1.084078289898008 18.903818552943623 179
107 1.6604076611777863 17.74824452526582 169
108 3.3250820032924837 14.739740305399646 164
109 4.620194976789619 19.18051573462974 372
110 4.356171570960665 16.786785578545512 450
111 2.8612742504357525 16.410195424098344 307
112 1.6177726114511581 17.180742048152783 334
113 3.5879497005030294 19.50369873324116 166
114 1.6079907251021663 19.143459066567786 245
115 1.1070781770131237 19.84662184728013 468
116 0.6430824867689268 19.70289937257194 133
117 4.125198121583561 16.357900957596982 31
118 5.118176173681286 19.757051602635954 210
119 0.828998140316404 17.932243547766824 367
120 4.1055177670246925 17.316048803113382 411
121 2.139923300014564 18.309564640141552 219
122 0.7843032720702394 16.644544998655807 462
123 0.605962249415289 16.700033852396167 401
124 2.730113355858852 19.119372005462466 332
125 3.685940101051816 18.732295933389967 202
126 1.7305008184415172 15.8695585032788 462
127 2.0212329369284427 15.147620899119133 352
128 2.788259547854194 18.583002070367687 163
129 4.817970306911842 20.162417923373283 440
130 5.256787059699854 16.467822144991104 138
131 3.289520166585326 17.89819935919903 373
132 3.5504730713514583 19.3561619090755 367
133 5.3518249550822 18.955424776515628 180
134 1.648911023496389 16.858103614554878 263
135 0.8510738381471333 18.2553588902903 438
136 4.68572068778297 18.568242140944875 92
137 4.52588351426957 15.82974844952847 210
138 4.708406204284152 18.891268480354338 222
139 1.3043266736840387 16.000829949979536 463
140 3.1671981530447897 16.486668128037632 52
141 4.8668164002789185 18.13830140428449 442
142 2.2778688455096296 15.262624485280108 349
143 1.7223578292857684 20.920653232161037 333
144 1.431086004567392 17.4389466147781 332
145 3.0110890211498385 18.801315370933324 182
146 3.954066633916826 18.187365389132857 336
147 0.8593435706321481 16.44406587942647 395
148 5.413907236180524 18.307023369372253 32
149 5.396710765263955 16.806603403663317 127
150 4.842329079978135 17.56864792677728 452
151 1.1434568853357425 16.81976884007593 21
152 0.7988642931932434 17.474135924352115 149
153 5.199006951685777 17.84899460236823 88
154 -0.24920449530263633 19.08394116488621 229
155 3.413657019500318 17.16778378248791 23
156 0.8147905665035291 19.061897897344593 319
157 1.1150030379655302 18.440755077814217 326
158 4.641917879310257 16.344040338239353 21
159 4.840427466900216 17.014722678585752 101
160 3.306773184520783 16.851828533350503 199
161 3.6282641028225044 18.20438247458112 162
162 3.864219161329082 19.8326365312543 407
163 1.0476452306897344 17.417935071136267 292
164 1.4177260155141336 18.876683671641388 222
165 0.1913846251126796 17.971294699330358 458
166 4.691141589146376 17.498802968738367 298
167 3.668944380156653 16.13237574714026 334
168 4.18217090270219 18.589834134154607 18
169 2.685301478004716 17.425378010588457 19
170 2.9898533147366746 19.674616612170645 271
171 3.343881876722728 18.88357454676323 477
172 4.508219501981171 18.139675892768224 358
173 5.187948971957116 16.53493579385315 375
174 4.930783390029946 17.2890518268701 342
175 4.740597503422944 16.90076565501954 374
176 1.8133062041583827 16.97989322560604 174
177 0.6854517835947426 16.255837247282948 174
178 3.3150207433605194 18.169923729074135 191
179 1.5462409141563018 18.633439697266372 107
180 5.245342132843525 18.14049971558654 221
181 3.534617373693155 18.88182816188935 496
182 3.4302468730706934 18.412144037270508 100
183 2.449079025677766 16.566054901014358 196
184 1.4958837848982105 20.085495952583713 118
185 1.0334162214255753 16.066377430981227 399
186 2.5983982657708897 19.086927430679314 121
187 1.493875282554748 16.345697037977025 197
188 5.119308116260745 18.758215421013244 394
189 3.013926826970836 17.287708943768866 406
190 2.1223224922224295 17.90901913052501 66
191 3.4772723080824655 17.920601008120705 154
192 3.8215915441465107 17.274902837635363 59
193 0.7098883793948748 18.497916636157917 66
194 3.6203801982807007 15.636035090203883 33
195 3.4275448328691915 19.177853169965502 52
196 3.2123723881761417 20.33213096245658 480
197 2.8402909748743737 18.85575960499532 404
198 1.0448082498532578 19.05015734577228 173
199 0.258836397776243 17.288026186211308 6
200 3.7786131180629625 16.301177685577986 402
201 4.139939444135035 17.68387261353066 197
202 1.0049208267136476 17.845637406350512 234
203 1.9429599290330712 15.647457460317757 265
204 4.846471505650845 16.484223753976213 251
205 1.9909843240077318 17.59503055788574 295
206 2.0645817269752302 19.955847601260004 140
207 3.8232419097031376 15.372237048443045 197
208 3.4502530654493535 16.544059352472395 391
209 3.6439286235711843 20.094633760624514 8
210 3.098550663092533 16.768013736188212 405
211 4.191217396845029 16.203527376484836 439
212 1.7212396549806042 20.14174728795215 192
213 2.8938355298912724 17.774025589610535 4
214 2.3283351905073832 17.42512924471444 471
215 4.094753521786802 19.497459613913524 317
216 2.546591140607422 20.164726361262666 393
217 3.957667132201612 15.285633883958162 110
218 5.425072429447048 19.760922111783294 423
219 0.7940539102887237 17.15214849407302 362
220 2.8046785689506266 20.521406855721608 83
221 0.4564276122741406 18.19846712917936 418
222 1.9791682578003884 18.13724026639105 25
223 3.968906865210169 18.700743314032827 372
224 4.813068382986836 18.220174094323347 46
225 4.363733236583797 17.806662441014453 452
226 3.034165917790489 15.574530805666829 470
227 0.3649082343284254 17.702605362965176 9
228 1.861436082554365 16.592923278933945 30
229 2.7506028913174636 19.41221100991901 455
230 2.4613441009684056 17.706852694026008 219
231 2.885633389085386 15.822533879929384 84
232 1.3798512034653043 15.233003017942849 308
233 4.274836726588228 18.36126011858702 264
234 4.82566322416956 17.16143913114926 274
235 3.824518135832619 16.517769550220308 143
236 3.2315118253919097 19.653185492306886 100
237 5.416929273559743 18.867879423744505 22
238 3.4148876257900764 15.370808604641264 243
239 2.9508342225276225 17.64288716895859 267
240 2.8831054744741693 16.717917697119187 255
241 2.2827725505593492 17.08426696717907 105
242 1.6544798537737648 15.847820369186291 290
243 4.6096816273336225 15.483255337133935 37
244 2.475602731938997 18.026350813457636 85
245 0.9137743728804102 17.33268296306823 431
246 4.4126700302690995 17.31595633017939 472
247 1.7064447432650478 18.25119812628613 225
248 3.4272720130067214 14.27877990873004 478
249 1.9723269187545864 16.205634906745264 104
250 2.8454480696316633 19.04961384173776 8
251 4.549726110480784 18.397020098345234 79
252 5.10218491485807 15.847341876535577 93
253 4.42919096351063 19.36399409216381 381
254 4.0966701790917215 15.731890410132879 420
255 4.931990236323799 16.373118720226845 57
256 3.164536648212391 19.181819500445467 54
257 5.840939347746227 17.8717573697805 221
258 2.930629236149756 18.576628883811058 105
259 2.69834342571712 16.874449252946214 364
260 2.5341837700818273 16.16388620349455 304
261 2.501908694189362 18.394595032845576 74
262 2.821536200636176 15.451608688125974 219
263 4.789360432917051 17.879046729739777 323
264 3.6514203323392898 16.884517642852483 134
265 1.2364402091640039 19.96851727832429 383
266 3.455853819476904 16.22502507072564 10
267 3.101004214050104 15.150481688297738 416
268 3.2944510599552093 16.218578687512277 317
269 1.383633255011992 19.26697715091701 404
270 3.223079122976446 18.44666843573752 436
271 3.927520468133822 16.90070510882598 295
272 0.6239279718521666 18.289888908326464 280
273 1.9550243732291184 19.192853393522228 194
274 0.5752185165241335 17.223304517442088 290
275 1.983015987343739 18.957572755094546 399
276 1.4898859773858741 15.629221443401443 179
277 2.272497646363178 15.77621850789788 128
278 3.8581502113255324 14.875081527633826 226
279 0.924831681291998 17.0338586490512 340
280 1.2812689335502232 16.984009046931735 186
281 2.006901780658726 14.531494490112888 114
282 2.704457578698422 18.225462830117454 373
283 2.5100433682091396 17.940998983334605 235
284 3.0211738900605956 20.093517214846585 188
285 1.9329391222956027 17.49828948534117 85
286 3.8313686710851598 17.481236765134433 76
287 1.802144636529852 16.680410775539027 59
288 4.031613800776385 17.556960461021895 150
289 1.2588838210145712 16.615031645498266 262
290 1.5666264160319818 16.429331829727218 308
291 5.7922384570083265 17.74635043968083 224
292 2.788023642289703 19.838587951648705 76
293 2.759773969155071 16.422417074011207 450
294 4.271625539122342 19.631094837628257 455
295 4.737158113737008 19.53198573158853 93
296 4.43378922230648 18.82807874960809 305
297 3.937251288566572 13.848917684057653 222
298 1.8246620182374138 15.320861634472726 274
299 1.4999872903987346 16.191761568293277 212
endpoint1 endpoint2
224 246
5 31
81 230
28 41
54 179
34 256
105 242
196 258
1 64
196 223
51 74
31 286
1 276
11 48
167 277
1 122
146 239
201 246
144 183
153 295
80 155
248 267
101 131
36 256
132 224
12 111
94 245
12 224
93 116
107 290
117 259
180 256
82 231
24 163
44 273
11 244
128 191
28 32
207 264
119 269
121 214
4 285
92 158
198 230
153 211
173 240
43 52
26 228
71 138
275 279
72 134
20 82
51 148
121 169
28 198
239 282
45 54
24 158
10 104
67 89
50 266
214 280
86 152
51 186
191 197
12 102
68 91
102 131
105 176
16 277
64 136
63 287
28 275
125 135
48 68
121 223
194 255
54 282
147 164
103 146
135 249
12 211
131 169
45 242
6 205
109 222
167 267
127 299
167 238
247 261
162 220
163 214
45 259
47 99
178 283
152 238
6 249
96 293
127 287
13 224
37 99
34 103
15 187
10 222
112 165
242 278
3 22
41 239
59 85
156 273
195 214
66 225
131 136
147 290
40 168
9 261
65 160
35 187
148 174
107 112
0 192
25 113
174 197
222 270
97 186
74 240
86 176
6 222
212 221
50 208
69 180
174 175
222 272
213 293
92 160
172 286
214 298
203 211
183 190
16 200
116 212
36 283
146 166
61 269
65 135
112 178
38 197
109 182
134 231
103 128
3 172
64 263
236 275
101 122
6 282
69 189
191 234
29 219
79 209
63 139
137 192
42 60
264 282
210 217
89 255
215 296
239 287
74 175
167 208
46 192
283 286
58 234
168 273
42 96
191 222
126 274
63 266
84 208
139 144
99 131
216 284
144 222
82 229
123 281
79 138
73 119
181 259
44 275
23 206
58 62
243 246
8 284
213 241
215 237
20 145
111 208
88 95
13 160
52 77
157 177
128 284
40 194
9 15
76 216
140 293
189 203
46 225
79 125
76 81
114 284
56 110
101 160
226 239
239 292
113 250
137 211
228 276
58 108
262 293
157 197
45 171
8 227
121 145
32 249
11 265
46 173
19 46
125 171
131 255
92 111
182 233
96 106
3 19
160 260
94 260
4 20
16 242
161 257
140 232
120 233
80 230
60 190
183 241
168 225
71 236
141 155
14 102
36 56
202 256
138 192
76 215
65 94
5 289
153 252
171 294
83 134
56 263
26 151
56 91
42 82
85 208
88 225
230 250
41 102
169 288
66 102
55 177
59 178
77 228
150 239
95 197
267 278
20 167
148 295
21 31
58 262
162 251
99 228
26 83
187 225
139 203
50 89
113 125
6 289
163 193
221 244
162 213
74 271
22 260
43 58
197 244
62 191
8 104
89 244
40 252
49 218
135 164
33 96
192 259
61 154
76 265
1 31
77 268
86 130
121 126
43 75
99 182
49 188
218 223
56 174
35 92
43 277
254 260
39 278
6 16
56 148
220 229
235 266
106 107
36 201
171 197
90 282
27 88
84 159
29 191
128 210
198 227
27 231
177 268
226 248
46 264
150 173
61 147
13 153
70 287
127 271
183 264
75 285
164 283
140 262
89 110
146 159
1 10
58 210
240 299
136 258
241 298
80 104
139 227
176 290
88 132
95 209
29 33
12 95
62 81
185 205
61 65
79 178
106 247
24 214
89 264
289 299
199 232
106 124
26 283
3 67
115 198
237 291
172 270
164 292
19 100
122 156
253 256
223 261
11 186
40 83
169 190
83 131
128 229
46 201
122 134
8 229
61 134
33 227
205 247
17 105
85 92
118 250
216 229
159 207
47 170
71 89
123 272
102 153
30 184
130 158
0 205
10 140
75 86
113 159
143 220
123 176
259 287
98 162
90 199
67 167
191 224
6 80
100 267
82 161
19 244
93 209
105 155
119 203
114 219
4 247
14 271
99 179
204 252
195 273
21 51
152 190
57 208
161 213
98 105
114 143
39 204
73 277
54 273
97 196
14 230
289 293
199 222
87 192
185 193
15 210
9 63
81 112
115 212
129 180
157 187
140 213
89 208
6 210
67 172
150 182
142 211
14 30
54 113
137 264
188 201
76 95
7 69
61 152
93 196
139 185
86 128
37 104
244 269
27 183
36 263
136 226
39 239
43 232
111 259
58 201
44 115
182 275
132 269
90 133
50 147
234 257
174 238
161 192
14 290
142 279
140 246
6 260
7 142
9 32
132 156
228 293
197 209
139 194
140 204
0 120
188 234
176 259
102 124
21 286
101 217
24 110
42 161
200 230
233 261
120 171
51 266
54 193
181 216
101 163
87 164
61 145
276 279
51 149
74 171
106 190
21 91
55 235
12 101
168 178
155 286
37 123
23 289
63 226
59 194
12 158
12 67
62 77
69 126
32 279
6 9
181 271
175 237
98 220
161 268
20 183
9 41
24 79
83 258
27 254
176 231
48 191
152 199
119 214
110 249
213 285
146 250
200 243
55 123
135 279
166 211
84 108
151 272
0 58
28 144
145 288
87 264
241 289
103 178
134 213
57 70
93 97
182 263
87 239
81 236
206 256
27 40
2 197
72 112
175 208
94 274
75 114
160 194
82 107
228 299
252 278
266 270
17 163
46 117
146 296
21 109
238 278
60 125
64 120
164 273
55 151
192 294
72 232
114 179
82 211
92 251
256 292
126 147
19 33
36 224
172 180
29 287
140 249
77 250
68 145
230 286
112 151
273 280
146 210
176 270
50 85
46 247
81 145
203 262
236 296
132 189
73 187
124 273
114 246
200 225
134 139
40 224
41 73
22 201
243 268
157 205
140 267
120 140
201 223
283 287
117 280
100 189
50 183
17 115
105 206
161 236
161 279
117 246
131 247
69 268
186 220
85 297
111 235
4 44
29 280
107 111
34 145
128 283
19 125
171 223
18 37
49 88
108 299
5 92
31 255
9 244
267 290
57 89
17 116
160 241
37 121
125 172
229 244
60 206
141 168
63 202
189 241
84 281
144 234
30 181
241 256
142 185
63 208
26 194
131 168
110 268
84 263
226 298
110 149
251 286
40 49
119 186
128 195
138 195
15 111
274 299
51 277
36 160
29 293
109 291
124 285
34 245
54 240
212 256
49 162
244 285
132 215
191 205
208 288
112 192
235 244
14 215
35 78
93 273
16 127
20 184
9 290
57 280
50 100
120 239
21 137
186 261
39 286
175 210
33 263
205 275
171 205
52 247
68 178
4 207
202 230
138 294
60 136
121 186
26 264
3 82
284 295
162 206
99 282
26 102
38 145
89 124
152 156
179 285
244 258
175 286
24 48
78 231
245 259
121 269
57 289
120 246
172 182
37 95
202 299
161 195
118 141
65 210
0 101
36 214
24 107
79 208
124 216
129 162
12 175
233 256
46 223
120 168
149 175
32 116
5 81
30 107
134 163
170 270
181 197
140 190
59 235
165 283
74 182
93 250
54 151
37 229
64 180
18 111
47 53
23 258
97 104
144 245
21 133
59 62
4 280
37 189
133 225
96 195
46 296
5 285
250 274
35 142
66 190
157 170
1 260
247 265
46 230
107 157
64 255
56 204
74 282
104 283
30 82
70 273
170 188
48 146
77 182
86 276
55 126
45 289
186 251
100 166
32 97
8 65
200 214
53 225
170 198
26 183
91 102
32 299
111 242
18 274
155 264
115 128
98 216
45 94
45 213
29 59
254 283
32 182
34 166
62 192
83 262
187 245
50 69
131 170
13 79
132 292
240 285
253 288
201 266
25 109
151 183
22 296
94 190
153 195
253 282
14 22
28 216
141 235
3 111
146 246
148 246
95 169
197 294
73 151
59 112
101 277
167 223
43 85
242 277
191 213
69 252
145 292
3 130
169 219
23 272
98 284
99 150
98 104
3 33
7 248
99 124
272 282
70 123
6 187
172 215
91 130
23 24
81 113
3 78
174 200
61 197
10 63
46 240
0 249
27 120
42 48
38 42
128 295
1 100
148 253
262 276
54 201
138 270
119 193
225 234
29 249
239 275
92 217
169 262
244 268
11 101
60 87
159 293
94 247
73 105
55 137
69 271
98 99
82 233
258 290
181 263
75 230
90 283
67 140
266 299
36 47
160 179
188 233
235 291
20 286
46 251
228 245
1 125
43 50
96 189
117 174
134 260
128 239
13 291
219 277
155 213
129 209
35 126
58 233
132 237
69 238
42 212
27 296
87 102
94 103
119 274
78 150
32 219
63 285
28 273
124 132
134 221
97 215
89 178
145 296
103 186
57 197
59 185
28 182
38 213
30 182
3 53
110 172
30 63
92 155
142 259
31 62
141 159
79 80
26 76
225 258
176 230
3 66
8 23
113 284
135 179
1 104
79 100
14 55
287 288
145 271
42 223
99 141
18 239
44 96
185 287
68 229
8 204
10 89
169 208
97 103
172 188
10 163
119 152
217 252
208 210
264 293
101 105
181 186
193 236
19 134
130 159
148 257
259 286
149 191
173 254
61 164
82 158
22 223
85 243
20 76
189 286
177 221
12 26
190 285
166 213
68 236
90 145
102 145
111 261
105 198
66 250
