nnodes nedges type
300 1000 graph
nodename posx posy weight
0 -7.73221949328099 -4.186287130957372 19
1 -7.466473904954896 -5.003857305241787 279
2 -8.922210449170823 -8.998395701148656 442
3 -8.41760546067143 -7.833653552212211 133
4 -11.509277367417296 -4.603010575426537 126
5 -8.90138921443505 -7.126956869894873 265
6 -10.913948557672096 -4.917343486127818 366
7 -8.654708152966816 -5.394324780149638 492
8 -7.770696195036417 -4.7268718196148 443
9 -11.15972709498826 -4.713713589961146 464
10 -8.684863286885584 -6.550688878834768 322
11 -11.25145585094783 -5.468216918479435 148
12 -10.584576023826006 -6.174256162408617 408
13 -7.113866173786707 -5.241557021117745 38
14 -9.530298756850659 -8.491823858973845 325
15 -10.005067053840797 -6.161100358787523 346
16 -11.756261375911285 -6.098969495805762 425
17 -7.889940648201658 -5.230869825520713 185
18 -10.319855044972892 -4.442192253492109 372
19 -8.87966585329124 -4.333584265145254 52
20 -11.857310060369457 -4.92273748590524 49
21 -8.093646333416272 -6.181721791414116 375
22 -7.1492285405932465 -5.854289134981222 312
23 -11.386262122734653 -5.221395836576871 441
24 -7.7696729186085225 -4.59286881746722 488
25 -8.668604394126852 -5.692026867673229 428
26 -9.953962219710695 -6.315867298859077 393
27 -9.912356503153205 -3.021157978280395 57
28 -7.5696482868481505 -7.144785705305915 255
29 -10.64805703182929 -8.596117197134369 488
30 -7.947621049453669 -5.631612060831375 4
31 -8.917284756400255 -7.7487799303676494 487
32 -11.56065036697415 -6.016141597354861 386
33 -11.485579715672216 -3.0287686624165406 221
34 -7.766279641086769 -6.13765996307485 46
35 -9.140454416799447 -3.154717166344917 422
36 -9.76672703271216 -4.585074434787096 312
37 -11.133024994292363 -7.2643377787995735 20
38 -10.03665565458205 -7.955857459817523 490
39 -10.355809318281775 -7.3441563642456 196
40 -6.8975778882814085 -6.456852587172092 372
41 -7.382524017580735 -5.246646465960841 255
42 -10.129448783717008 -4.8785137962249845 318
43 -11.567594094385358 -5.035025718957411 9
44 -10.035545195209185 -5.342002828255813 458
45 -10.555318101480262 -4.528793151192539 358
46 -13.041315452685259 -4.657031339473748 375
47 -11.149288278619796 -6.262843067057172 369
48 -10.647761408752004 -4.872677449802337 423
49 -11.925804187946435 -5.634254436262621 305
50 -11.281017159000692 -8.330399252302119 257
51 -10.246280416532828 -5.9978600192746105 326
52 -8.3329614521681 -8.081666845384937 329
53 -7.221729047681601 -6.429185276608082 173
54 -9.293693992596944 -8.428036460707398 132
55 -8.988892233356014 -5.050323671942969 205
56 -10.382173905441935 -3.8673222982311937 336
57 -11.222303492638074 -7.541448847698172 111
58 -8.10029238404757 -4.309287544139614 324
59 -11.019246018402765 -6.7197613240078065 261
60 -9.7609443415821 -5.352161851781304 110
61 -10.194412905942722 -6.739855934513181 363
62 -9.13669386305634 -5.540260909232895 109
63 -9.398499742862633 -3.9203430042100313 23
64 -12.001548031511849 -3.2302406854475003 377
65 -10.815685513743343 -5.471386149688806 250
66 -8.90128887311685 -3.3770375899591265 330
67 -6.222640165474523 -7.141623075819085 456
68 -10.159262363142153 -6.270502767221398 193
69 -9.121240267378788 -4.671466088511288 267
70 -7.190835856321954 -4.672627357415649 373
71 -7.607760285665207 -5.50038288833351 311
72 -10.178178763392086 -3.4775282786802486 216
73 -10.985170228415823 -4.040097962531616 325
74 -10.140338955854329 -5.466080542316865 383
75 -9.888707494072067 -4.723847037934397 16
76 -10.750825985003367 -7.841653429726649 24
77 -7.833358950841717 -6.584949701827843 487
78 -11.56688321984642 -6.6103604520990595 438
79 -9.917233633722235 -8.334868245399859 398
80 -9.989534297667749 -6.66648259001189 245
81 -6.98263017022082 -5.6784444654837305 189
82 -7.234212490881807 -4.206180724632565 140
83 -9.829036654616221 -6.806014330436166 104
84 -8.06105111860025 -5.512548732746712 431
85 -10.121942972414722 -7.284022217465401 453
86 -11.255693275192382 -6.27471646660221 279
87 -8.856568392907013 -4.189022137517622 395
88 -9.780783928101153 -4.250483722287795 487
89 -8.000381913141668 -7.266736537961188 244
90 -7.298771933096498 -7.956755925036006 363
91 -11.13258789852476 -7.121966971745597 429
92 -9.14389524468228 -4.560529750494247 239
93 -8.817242864705753 -5.53125097928475 267
94 -8.969224000639215 -8.525406850188402 7
95 -10.358595966487577 -6.002936924480169 192
96 -8.157316848594398 -7.492296216429484 467
97 -7.540813177517798 -6.854552856276181 223
98 -10.11131050289972 -8.52277898793189 119
99 -9.684784644451966 -5.677325292078224 344
100 -10.45949902547635 -3.581539460222803 207
101 -8.56434400965773 -3.7866195510278597 375
102 -11.115554342208895 -4.4601586649176825 447
103 -8.197418709506474 -5.49731499187785 229
104 -11.50013008129542 -4.917234732899075 241
105 -8.489158408803908 -7.429345222759662 96
106 -9.98133519424389 -7.6262593709692466 421
107 -9.503019965956906 -2.86590035323705 261
108 -9.10749292107394 -6.213279990386984 314
109 -7.305148694873387 -5.651713866070282 11
110 -7.882009924061596 -7.559239457255735 181
111 -11.229801775183795 -5.8032350131082815 475
112 -11.956085640227334 -4.729382544938442 452
113 -9.097796183485771 -6.633338512961005 449
114 -7.661639652208491 -5.380527741452879 294
115 -7.3005425728440985 -7.4774657752299 94
116 -11.544763302067775 -7.283438774335487 85
117 -10.782131249347385 -4.283934757709593 20
118 -10.911115820209112 -8.18410473939327 251
119 -8.288306256580757 -7.7707198300473 320
120 -9.342105093148561 -4.990396362411222 194
121 -10.939887329737683 -5.177478318499248 156
122 -7.404410566304571 -4.614947101114474 473
123 -7.945923507081033 -3.817235160847523 370
124 -9.504978972130845 -7.398035612295583 483
125 -11.759417336912055 -6.7412890976173125 320
126 -8.955297935959983 -5.751245207573067 93
127 -11.800510751214004 -5.259821799955201 385
128 -10.47652788870632 -4.729695967540754 80
129 -9.011568131850073 -4.237561768395165 2
130 -11.3483063907865 -6.530211211237895 243
131 -9.534959800701216 -5.37480123640901 487
132 -8.04876738016624 -7.030675247346265 91
133 -11.158552019040524 -7.83484283461595 200
134 -10.037167547990764 -5.0955414661114435 119
135 -9.291472267127935 -4.659385118556414 473
136 -9.329841813265762 -6.590405629999626 358
137 -10.976426237804503 -5.457731222349627 472
138 -8.920393269642219 -6.099462339736855 385
139 -10.874947380831907 -7.15219702684223 310
140 -8.349890336502645 -6.0194911939873466 143
141 -8.981938804420711 -7.398906457291102 131
142 -7.747495470671189 -6.466467848656553 226
143 -10.416132881931189 -8.343550882051185 445
144 -7.155127713941844 -6.077360897168455 17
145 -12.026331662980065 -6.72764475487762 302
146 -8.227807957973113 -5.122124586533318 226
147 -9.120127439176125 -3.8271977497124214 465
148 -11.691379763417258 -4.68786017094815 437
149 -12.87359083425979 -5.924958401734652 211
150 -8.813085208623296 -7.892465560623327 292
151 -10.144853737257716 -8.193827556036494 87
152 -8.916455527477208 -6.568737654248944 448
153 -9.009586072395969 -4.768417092562027 37
154 -12.483634980783902 -5.904484417626259 457
155 -9.615854236280361 -7.014470384349919 236
156 -9.756311381983634 -3.709039915193528 47
157 -8.55589531899258 -5.989480147078424 98
158 -9.53145071985109 -4.193608903713418 157
159 -10.490214149362355 -7.594199172973918 232
160 -10.365123362337293 -6.229216457607156 76
161 -8.354923005000314 -7.890566728569208 88
162 -8.519727976738238 -4.226494475051901 463
163 -8.273141730062259 -4.7170192000584885 345
164 -10.09325262857923 -4.708291018942164 224
165 -11.580623707046628 -5.673814916605119 31
166 -10.4046749584759 -5.665860144395869 89
167 -8.9073402206339 -3.7228278717747822 500
168 -11.709890027235963 -7.551611932360529 496
169 -10.409941560307 -3.2478590722701206 181
170 -10.824171946986292 -6.6220960099934345 303
171 -8.187609329071394 -7.394015008799132 349
172 -11.269643982474657 -6.723765891301655 481
173 -9.533862088050338 -8.042213641422762 227
174 -9.886364079994832 -5.020872283613385 98
175 -7.592707583450082 -6.43276314710962 20
176 -10.732626476109205 -8.206725791910275 62
177 -8.54969445204252 -4.36194887013035 45
178 -8.006480220846294 -5.091455090749519 192
179 -11.841456932623366 -5.78020716173142 36
180 -11.556671905094378 -4.427388169250233 42
181 -11.314313246266282 -5.882047305502167 220
182 -10.91161211500218 -7.554162876885387 461
183 -8.411519297335373 -3.458954507524813 269
184 -9.443870885985836 -3.533324799777524 459
185 -10.340467695956876 -8.045391548131771 454
186 -7.693245895659267 -6.282342914679678 315
187 -9.096387596751903 -7.143857520971131 190
188 -9.836104497494093 -7.420161459498158 102
189 -9.043955087668959 -3.624571264144114 294
190 -8.03622731122328 -6.687135045709185 419
191 -10.27658230757022 -4.27431726203977 449
192 -8.593006868968088 -5.148680229936486 101
193 -9.779640362740885 -6.553770106696451 209
194 -8.255268401019189 -7.009787748143264 193
195 -10.394691223309595 -6.9550055620926265 105
196 -9.578120371421527 -4.624417997227687 344
197 -8.620043737034955 -8.098752131454273 258
198 -8.782036855451661 -5.876731860439365 417
199 -8.31227938310416 -4.232698288179142 6
200 -8.920947920476715 -2.8290796629249764 89
201 -11.327665879531644 -3.723247114184736 72
202 -11.481692227714825 -7.317651502632793 354
203 -9.354601517956258 -6.711364633392364 455
204 -7.415696805441465 -6.0858156539450565 345
205 -9.678356503631356 -5.212831256332356 109
206 -9.846926265664054 -3.969929633828821 9
207 -10.598037057619065 -7.227326238557754 454
208 -9.991711970962502 -8.195922934060484 375
209 -8.10575175167034 -4.532817520980448 281
210 -7.686256408639633 -5.852244419012285 285
211 -9.276352625596957 -7.557020092357134 28
212 -10.264310384094381 -4.086117759068774 157
213 -7.428390782314643 -7.372837284604453 110
214 -7.58954261000881 -4.277732762980144 489
215 -9.914905100160498 -5.553134774632584 438
216 -7.897411614844969 -5.891303616521869 494
217 -8.323781117923556 -6.393421380409373 382
218 -9.275645094957607 -6.327949720414036 396
219 -11.124546137072771 -5.3841965731403265 21
220 -11.966633144183138 -7.844459723922235 151
221 -10.714034092733964 -3.701943647641664 75
222 -11.458856469791147 -6.291637711427766 316
223 -9.814622729301124 -8.079742959878459 423
224 -9.071452155857829 -6.899473822399178 30
225 -8.402955000251156 -5.359091158838301 197
226 -7.29018801617613 -4.906683289286174 190
227 -12.056397201733036 -6.949369877845753 488
228 -9.97669716886435 -7.017561181101885 222
229 -8.181116255577106 -4.9848504270787 29
230 -10.680820796108843 -6.8637915508349 220
231 -8.30684506306682 -6.546160886610861 134
232 -12.144118005458356 -5.53186136330612 234
233 -11.782020794072634 -5.9399658574298 441
234 -10.830900654307499 -3.839347709667508 395
235 -9.852467100930964 -4.298784300463663 414
236 -6.790247181821166 -5.532489744987557 296
237 -11.321399302488564 -6.814501518579769 84
238 -10.973415545104976 -4.615289252130184 336
239 -10.96091301984633 -4.4174581900817245 346
240 -8.284801091629232 -4.188269324958086 392
241 -9.632705905446146 -6.123577504345369 286
242 -8.334904971166829 -6.957625807620675 200
243 -8.11451016018492 -7.670155648074119 434
244 -8.51890877861868 -4.474800428098848 313
245 -10.324041121400521 -5.55528041934312 394
246 -8.728652225554441 -4.052501786217968 61
247 -11.29384793363168 -7.85548293365938 412
248 -9.439501393000231 -7.515800531194865 382
249 -8.699321923658413 -6.837811479957651 209
250 -10.089181750467354 -3.8131925802469393 425
251 -9.738736973811658 -8.034872351581996 312
252 -7.866184008246192 -3.5827197553033425 186
253 -7.985375969469789 -3.3136002347352385 370
254 -9.693125498788381 -3.103384917667163 390
255 -8.77396562438296 -5.184398029544367 478
256 -9.033440860396032 -8.04429146485274 292
257 -9.315817566094754 -5.454917952183947 314
258 -9.08541997508024 -7.595253728088861 154
259 -6.95042655090536 -6.295364116304921 80
260 -11.006498101066049 -7.4227836233231335 295
261 -8.51101814784671 -7.616167868406917 178
262 -10.458035067178335 -7.75782918890641 339
263 -9.504473893836007 -5.795984475834161 467
264 -12.174534074228895 -6.611698741059269 407
265 -10.71755133904386 -5.9787292421531015 112
266 -7.172185783481371 -7.134592827181413 346
267 -8.626774474170714 -6.677654434896619 54
268 -9.309142105736862 -5.849937578293022 209
269 -11.409026456354262 -5.452281364485365 422
270 -10.4056318451467 -6.732778069108249 42
271 -9.254066880441568 -7.89352308194284 59
272 -8.571509037975177 -5.654438295991422 179
273 -9.180137770327601 -5.8495676799215035 127
274 -8.847285014047854 -5.023721512370593 198
275 -11.998134614231924 -6.260505631362981 98
276 -11.610812589458353 -3.8919999240755474 404
277 -10.131435329292902 -7.616465327931134 154
278 -12.007770618010452 -5.799699183512571 137
279 -8.645241008525804 -7.196451631137718 171
280 -9.190713983608285 -7.946592871487533 455
281 -8.962915220407075 -8.2178952626349 317
282 -7.338458039367038 -2.355542082730569 37
283 -9.54139061790109 -7.295628295120817 216
284 -10.014889723156092 -3.524910116798893 403
285 -11.249159642989783 -4.958280325405952 38
286 -7.736704676943456 -8.01187278426468 15
287 -10.066282670624744 -6.930004867029316 316
288 -10.206868717560592 -6.41488537191559 74
289 -8.358185088326257 -6.934258364640391 358
290 -11.063525650330817 -5.982972105562407 202
291 -7.885461797347365 -5.792939230055101 69
292 -9.664828149990441 -4.007942713066425 412
293 -10.83099118518465 -6.359163589858618 371
294 -10.815884249738465 -3.6495456361399525 364
295 -11.629812399426184 -3.868600737432919 451
296 -10.966037500573783 -5.63808894329378 221
297 -7.02350499561529 -7.139402593699117 436
298 -10.456844519205823 -5.039544078485549 192
299 -12.810923938869802 -6.324964949305335 454
endpoint1 endpoint2
193 195
214 246
165 230
101 235
134 225
80 125
107 252
159 251
153 160
164 246
12 221
120 191
18 45
154 181
52 98
48 130
79 106
105 266
181 222
41 74
136 157
103 203
51 298
0 55
5 126
42 235
255 292
6 158
114 135
18 112
20 32
57 59
215 245
18 284
24 163
26 208
14 119
122 204
4 285
53 175
44 160
88 166
130 139
108 217
112 284
26 287
276 298
135 158
55 288
35 147
152 193
50 222
18 62
124 261
241 243
64 117
70 274
22 88
34 114
15 148
49 51
42 109
121 147
142 231
7 263
97 257
191 298
3 152
65 181
12 245
2 38
190 224
68 134
38 203
83 261
63 209
20 295
14 96
237 288
129 191
20 269
57 151
238 298
76 78
259 289
83 132
26 137
105 151
35 254
157 192
45 166
86 296
55 122
103 215
86 117
55 153
229 291
25 138
21 77
42 265
38 232
145 220
155 248
147 199
72 107
294 298
31 144
2 194
175 211
63 222
161 203
5 258
85 173
131 174
152 160
19 136
18 296
72 87
81 124
227 237
223 271
89 204
171 224
203 256
208 256
232 285
24 236
54 202
86 170
189 284
239 278
145 179
195 268
43 222
133 299
224 281
19 58
9 201
149 264
62 124
67 115
5 150
151 262
120 245
69 137
62 207
268 270
75 229
198 203
172 211
29 161
12 223
65 262
10 59
4 181
76 124
42 60
128 246
157 210
6 235
203 287
177 212
88 100
158 191
75 174
116 211
138 161
186 243
91 195
245 269
43 237
135 206
97 248
108 174
43 264
130 264
255 268
190 255
77 242
28 187
267 280
62 216
196 267
65 212
10 34
131 162
171 267
153 209
75 95
43 191
73 163
79 289
89 192
61 174
63 158
85 237
103 194
223 289
180 215
105 283
69 234
10 203
30 142
258 287
150 273
26 182
96 141
42 268
220 264
49 130
69 244
195 211
41 273
74 154
137 159
30 144
96 106
211 267
283 291
68 128
34 272
8 259
75 126
103 140
231 268
18 164
240 284
171 256
30 273
128 265
43 47
52 114
223 256
37 61
41 186
91 160
177 198
193 279
31 110
125 287
15 288
59 230
19 216
113 213
7 197
93 205
58 81
46 180
170 285
98 293
62 263
69 253
162 174
92 255
10 69
44 257
70 199
45 88
21 53
160 283
181 277
118 145
131 138
26 32
61 85
21 136
7 249
1 210
167 292
102 244
37 220
180 292
35 36
17 142
25 119
260 261
171 287
11 182
20 235
97 146
187 272
75 218
157 215
218 272
60 231
208 280
90 115
21 205
39 290
135 265
61 273
62 129
65 99
1 291
58 225
134 294
51 59
13 261
128 134
57 288
138 142
96 266
132 259
159 217
9 88
23 56
183 199
9 268
44 278
58 257
214 236
183 253
175 192
31 207
232 233
127 219
72 189
177 268
97 171
160 168
139 166
53 211
79 118
95 263
215 298
54 108
92 215
174 295
224 274
1 292
21 93
76 185
108 146
71 167
110 218
132 236
139 283
186 241
83 224
24 129
126 153
168 176
5 157
48 263
129 244
41 122
95 203
192 214
70 82
194 198
206 273
39 271
63 274
118 133
68 155
34 279
194 224
39 222
177 291
243 248
93 141
224 231
106 247
187 255
1 93
17 146
93 167
47 120
175 190
51 273
238 295
112 125
99 222
76 83
190 297
19 239
50 262
187 203
93 216
26 138
103 252
16 79
43 206
1 105
49 174
105 281
100 167
155 193
94 224
224 271
99 138
17 224
114 186
123 272
61 247
12 241
42 276
46 149
68 130
216 267
62 88
12 207
74 235
23 191
120 209
45 238
26 86
50 251
24 122
135 147
160 166
176 277
21 268
10 150
40 90
177 196
198 272
178 279
188 286
0 25
113 203
104 160
163 171
15 60
12 146
166 212
34 99
230 248
242 274
87 140
100 180
56 169
66 253
13 109
4 134
71 108
245 246
113 190
72 117
188 245
152 281
14 111
87 192
99 230
17 140
119 140
52 242
74 291
5 296
45 129
7 175
80 132
226 255
88 123
51 113
4 111
99 210
128 233
165 188
62 135
88 234
13 21
57 247
87 114
19 201
70 71
146 162
60 80
75 131
151 258
36 237
150 228
68 121
24 162
92 238
93 152
68 277
219 255
109 178
52 211
131 155
36 203
29 38
58 184
43 164
74 298
128 212
125 233
42 56
133 143
31 215
189 206
53 209
44 189
7 66
140 163
11 135
76 187
17 92
62 142
55 235
58 246
83 91
141 208
61 139
267 288
146 157
156 244
169 196
179 269
122 236
124 133
219 288
155 224
23 287
158 212
80 227
78 262
198 216
130 133
32 168
69 162
164 193
113 228
35 153
189 199
140 289
61 170
137 215
45 167
120 289
14 52
164 181
47 78
59 124
163 164
69 93
86 116
5 132
69 240
156 272
21 161
82 216
160 280
166 181
229 270
57 205
18 134
3 265
69 129
79 133
218 243
115 286
34 58
10 261
251 277
11 223
101 114
85 136
140 216
173 262
108 287
130 182
133 155
145 154
106 160
51 106
55 249
152 244
14 182
0 27
140 175
127 166
76 270
114 217
33 250
184 294
157 244
140 268
166 202
211 251
25 140
37 148
150 262
179 257
8 218
95 193
78 139
194 240
40 174
32 192
164 233
75 107
83 272
197 204
139 233
181 293
124 224
55 268
144 146
15 271
6 73
29 220
22 280
228 262
58 122
66 169
36 178
78 121
92 190
199 268
45 153
192 263
111 156
159 280
248 268
95 288
141 213
186 242
30 134
71 192
160 250
25 191
99 128
77 153
132 271
61 225
6 20
176 182
152 173
179 227
116 230
279 289
63 205
78 180
37 193
28 186
195 241
141 256
28 80
75 293
51 241
251 281
113 225
172 275
103 114
178 263
188 194
17 56
144 175
51 151
39 136
24 298
45 172
86 278
96 115
39 230
61 256
60 206
37 224
103 183
39 119
85 185
36 252
184 221
3 54
7 129
54 283
24 81
267 286
83 260
272 289
68 173
6 59
100 290
22 225
31 277
188 217
200 239
53 216
55 196
25 266
26 257
71 152
214 272
85 126
68 218
33 104
249 283
111 136
73 145
95 181
36 285
24 41
39 245
104 204
127 239
77 229
84 288
3 267
254 284
59 179
201 299
38 195
148 294
89 277
202 288
250 294
9 179
8 164
234 293
270 298
109 258
63 167
83 166
18 184
275 292
40 213
47 287
259 297
89 289
221 292
155 218
71 175
170 263
111 127
185 249
82 209
60 85
26 42
99 157
4 130
32 285
7 296
56 147
209 284
60 272
118 141
185 197
117 156
51 196
31 283
139 193
16 56
113 238
84 132
152 297
26 152
71 142
3 194
47 215
281 287
249 293
65 238
135 184
84 235
217 263
105 170
25 288
66 214
8 253
41 81
254 292
186 240
69 87
93 250
116 269
87 100
98 124
20 180
68 273
95 111
94 139
15 92
230 279
173 211
102 251
6 274
100 201
251 283
226 242
228 242
198 255
199 263
91 170
9 16
13 147
206 212
8 123
86 159
44 72
118 195
55 126
239 269
235 241
34 210
42 269
135 198
108 166
18 241
86 270
70 84
73 240
74 155
174 245
160 233
5 161
229 257
83 288
7 8
150 213
143 283
7 131
225 291
231 271
0 204
21 291
102 212
160 165
52 115
113 279
253 282
0 226
83 126
80 140
28 216
51 158
115 242
10 30
47 195
144 190
257 272
101 178
149 290
90 105
169 285
84 231
121 288
12 145
209 246
44 228
190 287
15 61
117 274
69 99
256 289
23 68
52 54
132 261
254 258
172 185
51 219
109 186
173 197
147 174
65 165
48 219
189 226
45 232
213 236
208 237
143 218
113 124
146 292
75 221
6 247
203 283
27 158
131 198
261 289
21 204
60 121
193 257
22 67
89 157
248 265
102 285
11 101
145 202
141 216
60 87
16 104
155 242
96 242
4 27
58 200
193 198
38 248
61 228
49 111
26 210
48 75
228 239
15 127
68 187
110 262
103 274
153 205
9 11
74 91
172 228
20 260
76 220
188 275
38 142
117 174
5 95
176 197
39 143
189 274
10 106
158 162
84 126
86 275
159 187
80 182
26 293
104 179
77 286
30 115
66 206
15 176
59 195
120 255
112 172
130 263
205 215
141 290
93 105
125 137
209 267
13 122
242 251
11 86
227 296
51 207
148 284
152 268
29 270
279 283
72 165
222 237
93 166
103 110
65 195
178 259
25 241
178 246
98 168
172 293
134 273
218 269
278 287
186 249
12 99
126 129
205 290
116 195
15 185
44 96
230 298
39 248
122 246
270 283
134 212
183 212
16 288
48 192
19 25
78 131
201 294
241 260
83 264
15 77
48 95
79 89
132 175
65 196
113 277
7 62
15 263
162 217
65 117
19 82
4 234
68 198
90 119
53 97
24 144
80 285
103 210
224 263
138 184
15 134
34 96
134 290
30 158
94 242
62 231
66 250
