nnodes nedges type
300 1000 graph
nodename posx posy weight
0 13.218029675599453 5.67156516996804 223
1 12.007140693023073 6.375292717485133 427
2 13.519825233454332 3.549617431522129 85
3 14.589346827012386 8.031714833413913 459
4 14.006147435221063 6.64701276194296 177
5 15.094996463509933 3.471515248549667 355
6 13.078949924712527 4.93130876674387 472
7 11.515257955279829 4.468486711350114 425
8 14.309332399228328 5.588971581310284 392
9 15.982513036853575 4.96345424503435 77
10 15.656573180788595 3.3537964652927656 207
11 15.506770192382053 4.3701270504389 109
12 13.791246399446171 2.664616371899168 51
13 11.2617606015886 4.947912988890286 81
14 13.044604806298645 5.190061581309279 443
15 15.37454047886236 7.541214126828993 450
16 12.739229195270049 4.315558112769173 227
17 16.267651973506563 6.258148148148074 451
18 14.823009137603975 6.690054351603085 263
19 13.635202066356518 6.282865813578817 69
20 14.263926520414856 8.32314076009895 211
21 14.07245611527299 5.9915644673202655 23
22 13.478591947440897 6.4257313164853525 149
23 15.925733092590818 4.5755453124869305 330
24 14.074057931116247 7.970213542573872 175
25 15.030102519949526 5.362362303266751 295
26 11.850651692307085 5.833176368570035 316
27 14.589153931086209 6.961781831894219 233
28 15.290754729812724 5.348270255932288 138
29 13.879528518674048 7.391390630764062 363
30 12.388196823007455 3.6584923589317793 478
31 13.470801366607647 6.679361859693059 411
32 12.513418259871068 3.415514483375051 456
33 12.528366938845377 3.748305582310062 67
34 14.509368821923173 4.204531452665034 5
35 15.783591000973557 6.479595310587848 430
36 15.670541243849552 6.538026355998574 211
37 13.82715120868933 5.296104144966592 412
38 11.896535389013412 4.821618373557591 126
39 12.388737053447366 4.257708332187734 470
40 13.045873152340372 4.040516431026537 296
41 15.972078110962862 5.930282234275136 196
42 15.91735360911679 6.07362111867241 468
43 12.667875438986915 7.2946440290682215 123
44 12.946124313040436 7.5549448625702835 391
45 12.600636240837765 8.352592549656995 381
46 13.835721243645265 3.7590588789830126 234
47 15.450181159781822 5.379216407350885 471
48 14.344976888835912 7.245442476645314 445
49 11.734922206671522 6.4541266336615974 77
50 13.265775569126536 7.025616868935333 153
51 13.804941316835059 3.336186570226387 376
52 12.226117864200774 7.4433706378399265 294
53 13.856265104702947 7.10351353083925 228
54 14.223323751372238 4.37262611054766 90
55 15.44956315015379 6.061289452304818 446
56 13.34652777438936 4.322161184651172 208
57 12.99069461970465 5.529375065729065 432
58 14.94464143796834 4.748969929349591 3
59 15.024805114353395 6.211976958518749 414
60 12.4100376292495 7.18041769260471 22
61 15.041899135185854 4.966116450746319 74
62 10.952044316270461 5.071063554495497 490
63 12.44630594629756 4.992626352204101 333
64 15.193610566073719 4.532169743382112 341
65 14.78279995311917 5.0738075124421185 454
66 15.066951613965225 6.959535517506468 381
67 15.81663041650017 7.157972042105372 66
68 14.093093732983236 3.935845463002724 316
69 11.8469404633088 7.814037348970933 332
70 15.551874535245098 4.934413427165794 402
71 16.216033206293066 6.93323671930956 325
72 15.157717703492466 4.187413080769999 474
73 15.733731372565428 4.183280343395312 166
74 12.937198176888662 4.65644504630004 377
75 11.4253967641753 6.1351255855625535 139
76 14.995679662561349 7.560583760923373 240
77 13.228400148681152 6.623823686230202 152
78 14.263899724546917 5.124875154839817 233
79 14.963309281734693 8.175290918929262 379
80 12.551976373785081 7.875114827539812 204
81 11.538512061368637 6.041815949788516 90
82 12.559103870010807 4.44175333254178 107
83 15.384082502942018 5.813622625349615 411
84 15.499338927550626 7.025462886315585 370
85 12.688136522669758 6.323005017751706 136
86 12.231018422595003 3.844826760724337 85
87 13.959970063450298 6.117044800644972 184
88 13.910312466387504 4.454946371812969 328
89 13.33825985357692 4.746924812580578 440
90 13.193756708356021 3.629668009133102 440
91 14.915588183325406 5.301001311694103 179
92 12.086242936506922 5.635477227865962 77
93 12.409933452509934 6.679684862080546 260
94 14.346620411868226 4.021814234689523 120
95 14.7032787502437 7.446674192593935 98
96 16.12052923534111 6.386338879490094 226
97 10.543389240084533 5.829723263938194 353
98 13.100118509695326 5.101112631173739 181
99 14.544194134572049 4.885142154521977 57
100 13.003279161696195 6.942596766608478 343
101 12.787099175313818 5.2637940705945 348
102 13.786509008294141 5.125733261831255 223
103 13.382595886265102 6.274063280158021 336
104 15.430236898520702 6.466714808946625 96
105 11.127354370189726 3.8575523849340665 50
106 10.972734225526443 4.375155227659726 386
107 11.759025267883544 7.513762398660461 12
108 12.970221023773236 3.8872168702710033 250
109 14.424772512303983 3.1346202613872363 95
110 13.288822592359818 3.9906188701249263 241
111 14.560742268533067 8.401292021847407 122
112 13.745491453130679 5.674691350335455 70
113 11.618918115673527 6.733633966565169 168
114 12.79943604926275 8.889079121343556 471
115 13.456495539838324 3.1423273294956204 342
116 13.893058953652634 7.497256704676991 263
117 13.252343635812734 7.208745225698081 465
118 12.902432103307937 8.19543737046954 242
119 11.144140900187402 6.8441432160789795 499
120 13.97175804440272 5.401424037933306 388
121 14.09437936276746 7.579888439065863 298
122 15.916106158139879 5.713327452443775 252
123 12.12816277884602 4.069526540521834 336
124 14.086000843346863 5.098613131362137 143
125 13.864287750753086 6.92308446393606 77
126 14.51214906675544 6.838097252050053 169
127 12.530872633142973 7.2773567259474365 469
128 12.292807859112413 7.652297169394626 480
129 14.840167438496454 6.8050535645958625 91
130 13.453272247122806 5.233239662498401 202
131 16.17835285679119 4.388016449552024 207
132 14.052111093031074 5.701980264434543 190
133 12.170860165866802 5.434576123018611 151
134 14.69361426431516 4.66370159175922 215
135 15.275725975104153 7.583537341193967 372
136 11.86981064432212 3.7789248396338313 499
137 15.377573665262446 3.4444926548589185 2
138 13.428339302341124 7.406343381105184 197
139 14.716908442196242 8.02835266753879 474
140 13.380888991330039 6.88150031035585 447
141 13.654158017965878 8.533060787471367 109
142 11.957721029144851 4.973125568606331 62
143 11.99542970031475 7.018437918890585 48
144 13.270255586754075 4.642206207016307 394
145 15.202143143947763 6.6951814956612115 476
146 14.030907560726225 3.0516774258476254 236
147 13.890476352815341 8.260284611918996 29
148 15.351490507001479 7.3629083619218205 330
149 14.220732675599319 8.078988957566011 194
150 13.839341768459008 6.33230677789998 457
151 13.521272519074735 8.379032427186607 215
152 15.82338976695349 4.4445649698298295 292
153 16.436362113272565 6.495241740774878 138
154 14.96636565568465 5.954712018281463 329
155 13.489989438603036 5.330386341060365 271
156 14.455083121390524 7.655507784692091 250
157 10.955574651315542 6.193229347417816 212
158 12.514605088907155 6.689764674414067 349
159 16.243883125059742 5.260898678506954 174
160 15.599344562633886 6.9135843977689495 84
161 13.312335674429164 7.784227604413356 3
162 14.027229175632531 7.161115026712599 155
163 12.27293194184303 4.398986343223013 130
164 12.740327251248745 3.671144646474429 417
165 14.933827363318644 3.787600608377214 223
166 16.54481399835537 7.322782628222093 258
167 13.441726185039808 5.875331540294713 387
168 11.576045339713142 5.4765892406228165 96
169 15.172413446437513 6.359842395704766 25
170 14.485124584167394 3.7565406595418236 259
171 11.978951408887932 4.275880726399662 400
172 14.772035298178839 3.5326756223946907 324
173 14.084805709773914 3.873524180318759 306
174 12.95834026066949 7.22485090571842 396
175 12.7660689499425 7.979545047495102 357
176 15.007251101860875 6.565532416443463 421
177 15.460624380657038 5.110533289325639 459
178 11.796308529443094 4.279993355116591 320
179 12.65975631868198 6.974949071222746 196
180 14.300742645736264 4.207924948629678 351
181 14.805646935109174 4.124227865001597 412
182 11.08012828943998 7.548427561468925 17
183 14.057242765983123 3.477771775761151 348
184 14.199920799532402 6.862307374284551 177
185 12.976368131837294 5.094346897148258 158
186 12.65903475208653 4.059951928074485 305
187 11.651640772883974 7.247771711679805 32
188 14.526049489806276 3.5061622242552786 274
189 15.630851444111679 5.521438872440286 37
190 15.376751618904061 4.210553038584987 409
191 11.637206151414368 5.812104657203208 209
192 16.159515608860048 3.6657196162886048 441
193 14.460292940411927 6.362786220983278 457
194 11.914800830910387 5.204191153724108 64
195 15.692904729773312 7.4429917530514516 414
196 13.13793983555555 8.11899126001332 200
197 14.540195253504594 4.385841450358242 167
198 11.86055393723716 6.140551503992514 430
199 12.907410581309977 3.3632067722143097 154
200 12.044776055468017 5.753379927540429 471
201 14.22808529716716 4.771883824293209 364
202 13.785495170146557 4.252226260814271 355
203 12.216092803854014 5.9111301125833515 167
204 13.51288193214606 7.224838593031135 273
205 12.104812121811921 8.07525794441457 415
206 12.788985416115027 5.721948819094599 175
207 14.372930739914477 5.985672723476017 436
208 14.60639591918513 3.2075292174033327 439
209 14.663642519321769 6.159691284575187 2
210 13.78448434088029 3.6011793018434735 214
211 13.689940091776817 7.4657785170231685 70
212 12.87505185440647 7.699753564295775 338
213 11.313854342048193 5.775258331973197 8
214 16.067834471873542 5.8546044252385325 368
215 15.633479520887418 6.217980670071579 79
216 13.779885613178116 2.885342039003564 303
217 11.232899001687283 7.433818163847376 143
218 11.458386469525333 4.712924674622724 124
219 14.96159487436821 5.654808139152808 171
220 15.661312982861407 6.696879024081002 474
221 14.956461304174566 7.229882356589621 478
222 13.695077228956695 4.641226195524096 495
223 16.492524445895874 5.554352673151063 302
224 16.098962871093672 5.505201984170736 159
225 13.29974441034748 5.989634901392238 244
226 11.212359038447397 6.300523780510755 293
227 14.472482082269613 7.137541843736858 303
228 11.571004238161489 4.293488720550687 197
229 15.643646097931324 4.471255087213633 486
230 15.685585732013292 5.69068720335479 252
231 12.446325110946068 4.588849624162971 237
232 13.750324438830132 8.130819589083892 48
233 14.592351370992809 5.433045805323771 140
234 15.118033765085169 3.9294289465760164 138
235 12.125264333137025 3.5943710704189336 258
236 12.767741505304498 4.9087721161460625 358
237 14.05960142109606 4.6295428492390664 105
238 12.834832869443659 6.0775235903277816 210
239 14.217111310932694 5.317848266796542 224
240 13.409961303435045 8.684965233757765 478
241 12.442671174065177 6.5029533092769745 236
242 11.56921691727862 5.084188837091352 380
243 13.633914334638032 4.28201739283173 18
244 14.115487495462293 6.523288344997938 212
245 14.611439771374705 5.934382691646706 424
246 12.40096183753378 5.516886054217621 70
247 11.33942644831525 6.474961465442235 12
248 15.210196112897544 5.708892003698998 152
249 14.997762565509653 4.135338018346183 247
250 12.667589464011787 5.560067852185158 44
251 13.097591241578908 4.2041793120807185 250
252 13.170352886481519 3.283483245589143 413
253 15.083876703352143 7.764531262298226 104
254 11.429206128873664 5.103299153623397 359
255 14.99458936277713 3.0469008367659924 178
256 11.949794450156311 6.707319716628216 95
257 14.349273270024742 2.897062863426397 228
258 15.877568886350884 6.92201040805324 496
259 11.540506478614338 5.21529376329881 76
260 12.976566210217586 6.43822236124928 464
261 12.036892090962791 5.109617272812181 282
262 12.126139797474492 4.845531718657846 121
263 15.209151097312276 5.894368081221076 438
264 12.90467882055563 6.236296620811527 24
265 13.041202330275453 3.7908009345518736 354
266 12.840063389793634 6.600056416876523 113
267 15.231515924024778 4.645520550922726 463
268 15.718966757341098 4.771995920629508 340
269 16.62725168103224 5.813052417579306 206
270 13.663195003501452 6.099762932054916 282
271 12.096043796940812 4.6271334621176115 301
272 13.477775075114208 3.931784055154664 491
273 15.89554215136094 5.037541515182879 290
274 14.219010309442128 7.679045939712751 461
275 13.769001615179944 4.757560850117514 299
276 12.424624486825882 6.3255125418224285 239
277 14.747450346483664 4.500986276205448 487
278 14.165196578536406 3.601275922433783 70
279 14.537313448644959 5.672017503618519 3
280 14.293464459187367 7.08454290049078 11
281 11.283427935283923 5.618681500623947 413
282 13.620988048782303 6.918793455212766 87
283 12.547413319163663 6.054809948725284 106
284 13.881577078914686 8.58482559565651 293
285 13.186198578337274 6.214618806838583 396
286 11.60560871572814 3.9472414687544397 208
287 13.273645808366066 3.101875972185829 354
288 13.147835716740962 5.429417202053708 45
289 15.386927274157145 7.757073321509757 499
290 16.363241165494973 4.840816703572207 213
291 15.400427754802749 3.766889642786087 386
292 14.582340212150209 6.630896126722242 152
293 13.7652704693804 4.939810679197921 155
294 14.752669278060795 7.04931910629467 375
295 12.041262207876564 6.793971582757241 470
296 12.337094852369976 5.674188998959694 277
297 16.029710258391024 5.426043867760448 150
298 14.735953195191785 5.814092187992212 27
299 12.258415872143066 7.050150549449512 402
endpoint1 endpoint2
194 295
159 221
29 50
145 233
81 93
8 275
76 100
109 210
139 204
9 153
201 236
108 277
0 251
14 31
74 199
207 222
190 290
120 165
122 137
225 232
22 200
155 222
33 252
53 241
117 205
230 292
7 213
83 220
17 124
131 269
65 154
30 171
195 232
137 144
215 245
63 278
134 216
166 184
283 296
4 148
194 228
8 282
73 91
65 214
197 268
46 249
67 148
50 196
251 262
70 131
228 247
74 206
252 257
190 293
36 184
173 275
55 71
249 297
127 264
44 77
162 191
32 231
150 275
37 270
184 281
63 237
2 12
35 70
62 286
44 107
72 251
145 219
118 127
255 267
43 113
99 108
144 233
0 211
25 70
81 97
101 110
86 199
78 160
221 280
122 177
241 283
116 176
200 238
46 234
26 116
7 186
119 209
145 160
177 192
93 213
101 270
5 249
15 294
17 195
18 211
149 158
95 279
163 272
27 31
174 279
155 278
5 131
8 206
182 226
70 72
91 270
27 53
131 257
53 151
9 291
57 204
115 132
38 194
30 191
172 190
225 295
57 259
66 155
29 261
15 214
162 253
1 246
2 252
183 234
0 276
83 167
52 127
35 129
26 246
88 291
2 278
176 245
61 162
124 283
16 185
207 211
27 258
201 243
38 144
15 154
10 255
113 200
95 179
9 201
59 211
5 115
81 194
91 263
32 235
111 263
181 272
106 218
48 270
75 143
16 238
121 233
47 154
79 141
183 197
239 244
272 286
130 299
8 170
143 266
54 82
31 280
5 277
26 241
86 203
88 298
52 283
89 92
15 24
21 117
28 201
163 286
60 117
16 86
52 138
2 25
14 277
32 105
75 174
142 226
18 84
10 73
76 149
161 227
98 275
35 67
94 96
158 206
19 176
141 174
156 285
102 224
104 223
6 21
62 246
118 270
236 266
288 296
228 235
200 259
40 194
6 285
0 244
259 276
55 290
162 195
77 93
253 258
114 284
1 107
85 237
134 165
14 171
8 227
132 233
56 186
129 207
72 265
107 285
63 281
87 268
183 219
29 153
86 106
181 268
25 169
239 250
27 221
120 233
243 255
76 227
242 247
154 155
27 84
23 42
44 288
59 280
56 134
13 217
85 162
181 189
50 68
38 163
40 286
108 261
31 276
24 193
94 185
68 180
85 140
250 262
40 239
33 170
225 248
65 249
214 273
98 158
79 96
7 82
159 172
133 185
150 296
75 178
17 219
120 266
3 24
18 96
43 241
16 112
103 175
116 245
35 87
103 294
22 58
121 230
158 194
140 231
73 279
18 122
122 220
54 154
105 235
103 133
129 297
9 267
93 129
224 233
263 275
212 241
16 165
138 203
103 282
164 296
37 38
100 196
150 176
26 265
74 271
65 293
139 161
65 73
8 145
239 272
114 212
258 273
285 293
87 292
87 112
125 189
162 169
60 221
47 190
180 287
146 164
43 246
135 211
151 256
64 190
72 122
22 158
80 113
77 247
266 298
177 298
39 88
246 272
101 120
5 275
57 167
0 102
88 90
48 160
110 257
99 243
223 249
143 206
13 191
217 284
248 297
48 134
18 195
218 283
104 277
174 295
127 182
60 212
28 225
239 263
59 234
59 101
168 275
207 238
92 281
37 125
129 244
185 279
161 276
132 266
47 173
64 181
60 75
21 33
167 185
130 288
6 180
52 198
7 40
9 134
260 267
202 233
99 248
222 236
132 167
28 292
177 233
155 181
197 230
77 292
0 236
208 278
11 186
74 283
146 252
37 288
125 260
36 267
211 240
129 282
130 245
127 133
78 152
14 88
41 234
2 173
39 112
2 34
26 39
0 94
130 239
163 238
32 183
60 184
40 46
103 142
233 239
110 275
107 127
49 288
81 128
51 251
57 155
197 239
21 268
132 180
30 237
124 280
1 98
201 206
20 67
144 191
68 197
89 120
113 203
84 224
126 139
64 102
111 284
174 283
19 57
130 204
71 298
34 99
86 262
90 144
91 258
136 251
97 286
8 294
11 230
42 227
4 29
19 31
167 294
75 105
62 200
32 164
51 192
112 270
20 143
213 235
93 185
42 156
252 275
95 139
61 190
178 197
24 240
188 201
223 273
130 173
90 293
45 274
191 247
103 200
167 215
130 199
10 197
159 189
90 155
57 82
174 260
244 299
4 141
64 176
4 34
130 144
25 126
101 102
89 261
197 209
15 126
10 152
208 251
76 292
145 150
103 112
64 197
83 117
215 292
208 273
213 276
124 177
219 276
33 246
140 256
248 273
98 136
157 200
55 98
102 277
112 215
43 225
183 288
150 274
125 174
57 226
30 173
96 224
100 101
22 44
100 238
78 262
104 233
231 275
124 244
289 297
166 269
2 228
261 264
82 138
35 153
157 167
65 89
46 229
175 184
26 119
85 143
110 249
225 251
187 205
21 100
4 236
48 149
6 248
7 200
52 187
44 232
3 248
159 298
37 100
117 250
130 243
60 92
63 241
13 251
2 32
99 146
56 164
63 120
185 256
70 109
102 241
61 239
83 267
74 233
77 193
47 248
27 78
225 282
241 285
97 187
56 293
143 296
50 211
178 200
202 278
22 85
48 140
132 220
41 207
96 152
91 112
121 128
230 290
186 235
163 179
169 292
52 295
181 273
168 198
116 260
118 149
190 237
153 189
186 270
100 156
172 180
69 138
21 27
125 244
239 245
113 299
77 250
180 288
104 253
12 222
74 250
101 123
94 164
77 212
87 179
61 188
30 218
31 232
58 131
95 282
86 293
64 230
3 127
124 271
25 149
117 204
41 83
61 112
106 296
126 154
169 193
170 298
151 284
45 196
39 199
148 298
152 173
138 148
172 201
214 224
113 143
51 82
73 188
83 152
126 209
80 147
150 161
243 277
199 291
30 108
36 135
98 134
47 67
67 126
86 115
19 47
38 246
39 252
147 193
98 218
57 202
87 89
14 127
28 177
0 113
8 189
112 276
109 265
177 237
64 222
54 65
226 260
46 235
95 264
80 138
4 238
108 133
231 243
82 265
104 294
31 117
151 274
123 225
146 172
25 36
5 172
23 278
44 121
245 292
132 140
92 288
2 88
16 142
4 161
269 277
234 293
20 140
270 298
85 271
56 242
265 271
233 245
27 239
25 275
127 211
222 253
173 251
26 264
103 126
128 240
20 79
8 144
44 60
229 230
185 293
168 299
14 39
185 249
19 196
32 236
1 50
80 211
144 216
231 259
65 184
197 202
29 285
171 194
40 267
101 242
70 245
178 231
4 77
17 35
59 132
110 256
203 245
6 283
75 89
112 280
128 247
246 254
202 287
207 219
74 194
74 275
135 263
74 172
150 293
14 46
191 217
87 280
18 246
186 218
11 233
22 41
180 297
35 263
42 131
54 163
99 290
165 208
13 185
228 271
63 179
85 130
140 294
167 242
77 293
54 76
28 72
227 274
121 174
150 167
56 257
21 103
12 188
152 234
170 265
49 175
218 271
19 210
21 65
37 103
25 134
9 220
19 184
68 108
282 299
1 38
35 294
18 274
42 279
160 233
89 181
49 155
4 158
95 223
8 260
254 283
243 254
23 37
79 184
215 229
169 244
219 238
235 287
69 295
150 207
84 138
20 135
270 289
42 148
94 190
17 55
201 229
125 292
47 229
171 281
81 155
101 168
14 22
261 286
29 79
124 287
57 126
66 83
156 209
81 256
132 209
120 293
169 285
66 77
157 247
126 138
93 204
3 27
243 296
29 145
15 162
50 98
40 171
29 52
93 128
104 212
22 132
129 147
139 244
8 61
14 110
8 273
72 209
32 163
91 130
34 155
102 207
142 168
61 78
51 193
202 264
260 262
138 292
221 264
18 47
19 250
11 169
139 160
53 201
248 291
48 128
284 289
1 264
238 282
266 276
0 31
6 108
87 295
165 189
62 271
18 227
24 50
117 283
114 175
67 269
19 198
80 296
67 116
31 154
23 297
54 146
206 271
195 230
68 120
53 135
205 266
66 292
57 188
53 270
58 270
88 263
103 155
31 206
103 274
4 176
14 155
37 46
156 174
43 187
112 282
160 169
1 125
27 284
214 288
101 164
208 272
78 202
187 270
102 171
144 279
36 269
60 213
40 115
176 219
155 203
3 240
255 291
161 299
22 53
70 83
204 258
92 228
37 70
129 237
0 88
88 133
204 280
213 254
9 42
49 241
212 238
40 78
123 186
56 285
71 129
89 197
99 193
55 66
48 55
123 144
4 122
241 246
56 87
231 246
249 278
55 120
37 265
98 252
84 99
36 274
69 241
144 200
10 208
91 243
92 227
151 253
270 283
194 222
111 117
103 298
36 248
58 272
154 230
43 147
78 264
140 193
22 24
93 296
6 198
49 295
119 182
64 210
50 292
24 196
92 136
189 193
120 184
28 65
54 210
108 235
99 198
42 55
109 243
142 201
74 259
81 262
162 179
177 221
43 220
96 135
210 250
87 116
229 249
23 70
134 207
45 85
