nnodes nedges type
300 1000 graph
nodename posx posy weight
0 2.996504099599747 3.2738773288502867 401
1 7.508119232003461 3.3325394618218636 286
2 5.900565084265595 0.8404195410582348 63
3 3.4973862630495307 2.679131465389466 337
4 3.959984829992146 5.284770555252308 28
5 5.973525904945641 3.8046268965114707 270
6 7.9186274939986205 2.170055100038562 222
7 7.8152259267013156 4.560066614813054 26
8 7.32679648643004 2.491566916825156 81
9 4.270439132964653 3.0583659214160352 324
10 5.103447160024996 4.613429259890129 72
11 8.5392113512674 2.8291729612167082 353
12 4.288153234623683 1.3833780901521588 216
13 7.352592888952315 1.0054577923883716 17
14 5.774397469407171 2.1745344346306736 398
15 6.254380903754755 4.755632539355061 423
16 7.758960757172203 3.6897354065589796 158
17 6.031850826955228 5.4581152201914955 198
18 5.538739243334266 5.722310686518526 214
19 4.003788314740687 3.0939497361002073 459
20 4.761279994786439 3.537517901469348 79
21 5.820619647113728 2.585118609494106 326
22 4.388545276753939 0.9058499461790327 349
23 3.2303751328258214 2.0312452178444445 182
24 3.66202366096241 1.918006691089394 24
25 8.58759570913431 0.7043420729666401 229
26 3.4486001848765726 3.430906268387888 367
27 4.624755412687863 2.7383460589961133 286
28 7.171291222763305 5.3387523063323385 237
29 7.0351754319621564 0.46566190650836936 337
30 6.096736357348047 4.558009888496611 292
31 5.763191976713186 4.927650731381487 277
32 4.9757805576075205 1.2437838506740746 19
33 6.54855794105292 1.6757883357084884 403
34 5.099716596275416 2.740597945202557 475
35 5.667547372543605 1.3638047696742992 312
36 5.427624131400638 5.2344451468538615 321
37 4.670756773476949 0.975059257989015 92
38 5.9512558508954045 0.6720209866043165 60
39 4.212588866158354 3.565558754061895 324
40 5.159023142957049 -0.13645921048065637 423
41 6.619016034943613 1.2357084231111028 427
42 4.016086600063143 3.3235721381854817 404
43 3.051467178021278 4.126787992428173 10
44 7.19819608266957 5.004907115148664 345
45 2.991307499338407 4.021140152681766 148
46 6.028104689019977 2.3158688083339376 381
47 6.753869578639059 4.262155284126879 265
48 7.725669318811506 1.970887709210226 124
49 5.009245690939149 4.914536072956726 221
50 6.01399639532481 3.588888007082609 420
51 7.3496775010125415 1.659214481078632 275
52 5.330956756606599 1.8590293275192793 11
53 8.464098421989643 4.026819355161816 402
54 6.313505209066711 0.8799840115086024 70
55 5.8014964987328215 4.320538183051845 18
56 4.049087729138771 2.1552590878628783 454
57 7.677252658648287 3.4309613999259 319
58 6.831046829818559 3.093301668271291 346
59 4.388967698013617 4.440225210617854 150
60 6.792817099563639 3.4274336704288086 240
61 3.8372147317775607 2.2669148312753045 224
62 6.334439988788873 1.8109269637291145 114
63 4.701278785868378 4.938868534457381 361
64 6.691866640276092 2.4239827381753645 444
65 6.946321289392084 3.4237471001381463 457
66 8.394042080815058 4.153542025373068 241
67 5.187344912773527 0.6589300423232725 125
68 4.638397794339476 2.2246607115227968 447
69 6.436766373212719 1.0112319680405752 167
70 4.70352932341316 3.2949569770983382 282
71 6.72305661749379 5.069169311907282 411
72 5.048049456682835 3.6526414033266463 323
73 7.966095867622499 2.5329833068112384 63
74 6.845137983509084 4.06534710736121 130
75 6.160843383552056 4.03233313321791 358
76 7.269332360118579 1.419087405753831 157
77 7.0213121302032935 2.4968398720409386 81
78 3.8267711680731042 3.5346727314754496 222
79 5.590566546388492 0.9333510080169235 429
80 4.351112359216958 0.9202369267326941 50
81 5.725754300874381 3.261334944666784 479
82 4.403519983325921 2.397718855573262 244
83 3.96602451618117 2.618076370620048 304
84 4.257033961637455 4.4997391048404225 168
85 6.9098067859572785 4.538086004113047 454
86 3.320700623084283 3.8363893794546153 235
87 5.4255678830894425 0.5690187070349263 474
88 5.223195606968534 0.4139103609148466 391
89 4.428657745838346 3.589883576487284 115
90 6.645722441529726 1.538838252860998 267
91 7.137139172123953 2.8727638726528175 100
92 7.7806068448292995 1.8179921109533492 338
93 6.539905161820976 3.560309403821991 294
94 6.939792334634655 0.9092309943459542 478
95 8.386717203730129 3.6483991824286828 91
96 5.802131523050248 1.7146946935149616 271
97 6.511300419269075 2.5431791223594216 436
98 5.501931770579318 2.7074097028137927 494
99 7.668371929619472 2.584760597874413 191
100 8.383827653628897 1.9155182158166648 362
101 4.980470590488898 2.473933792734871 237
102 4.266760085997963 1.1443767262427706 463
103 6.347940760296632 4.353903771206007 275
104 7.787460537680534 3.979833549555 122
105 3.6099623591689785 2.26259887641829 277
106 6.560910743711219 0.6529273786104701 335
107 6.367199347775326 5.708186891562311 451
108 5.318120043647677 5.295635012273116 227
109 6.46199153443723 5.0772556706140275 291
110 6.343059987373554 1.653701105133225 176
111 3.9933174167018004 1.6402949840272716 416
112 3.946356500902955 4.738608665634151 224
113 3.7451339261693146 3.118392743942044 13
114 8.25379085618447 2.590623922600018 110
115 6.338234131913726 2.172163871196281 99
116 4.038072614061023 1.5141703548835732 210
117 3.3264284906395427 2.5391647945352096 99
118 6.6675541093302755 1.153694551053729 336
119 4.455060432779403 3.9671312990648357 288
120 8.243180818694215 2.200176929790817 37
121 4.600846343969499 3.0373623323950225 172
122 6.484892614458846 0.45646259114720283 345
123 6.652134232714821 3.8645886440714845 471
124 4.239534074003671 3.8382648841336877 284
125 3.5477180418719154 1.7553331618842716 241
126 6.116762731342888 1.230580414040658 147
127 5.094388240014055 1.4106073129522545 26
128 5.952987453177912 5.292535770714266 460
129 6.207761639917864 5.813737293388549 260
130 4.772543521132292 1.575203954565848 448
131 6.004219351835913 2.526985170288881 421
132 4.394245250205106 2.1824018858574576 375
133 5.926767066219914 3.573423057952158 421
134 6.188864862374164 1.9224822512104907 456
135 4.825408475746251 1.9116306657291933 89
136 5.705888201401451 3.9282263976412164 73
137 4.363070218584325 1.6237959695020538 106
138 7.082872337332697 1.0534351019180905 333
139 7.470754880359095 1.5045666639487454 193
140 4.705063990589248 1.0052251197847886 406
141 4.78784966117344 5.575924225733617 332
142 7.881916560995748 1.4336010221541766 210
143 3.756884037577276 4.543776755357399 258
144 5.483829157197006 4.045610785716627 383
145 5.056671947518002 1.8453575788680983 450
146 3.4875089592039896 3.4585971633708414 138
147 5.548796195438114 4.877659105976889 348
148 4.789315766009085 4.6058026274496 66
149 6.216230301220953 3.129091367146362 197
150 6.483485421402764 2.9068016778990833 195
151 6.278656073203738 3.7848618226696478 432
152 5.148969312838002 4.03877647597335 466
153 6.471203281741803 5.4474875480824 49
154 4.180901506648689 0.6106132801087343 411
155 3.915640933471038 4.051035333709877 478
156 4.038815837118849 1.7675883150286493 82
157 4.125674507692248 4.216797513841074 315
158 7.309905233302437 4.027564949937539 385
159 4.862267323425042 4.037178536370062 323
160 8.263762963365942 3.2476667490635323 73
161 7.516102079435724 4.578304320135672 456
162 5.671419505767849 5.521805079689963 198
163 7.803350446879269 3.0458975541998994 167
164 6.751565077843165 4.939461841332132 152
165 7.868295656169986 2.7237334037241396 375
166 5.29150704324486 4.051706946072122 234
167 7.3524359821101095 2.0081210860451773 465
168 6.471962744371117 4.657127967353763 157
169 7.244632225309908 4.332972643463124 367
170 4.021228849586593 3.9329967004596944 268
171 4.263075214759194 3.373168691301159 234
172 7.736461210774373 1.5368793317185085 245
173 3.5521204190137756 1.480369995640852 147
174 7.495013599400193 1.018599991560638 26
175 7.505735492111931 3.4925727063868424 286
176 6.132442006736813 0.3843053665793509 81
177 7.20876123841541 2.1974480278547555 453
178 7.599203685191923 3.1333519243998835 169
179 5.583886244042844 3.0092269564709944 408
180 5.261649103979209 4.983570685838195 487
181 5.884049352133983 4.155137729337836 92
182 5.5497863643684395 1.8363387693572757 496
183 5.932719080076001 1.325816218536179 480
184 3.418593034250413 0.5873491225048934 356
185 5.940446700541714 3.266138483100427 112
186 5.755948041743755 5.221564323329705 426
187 6.983341283717114 4.691745605427037 14
188 7.326385283010131 3.1164717574011482 340
189 7.503316956062419 1.3950724460261925 91
190 3.92931350924311 2.5179538826614847 364
191 7.065251658379112 3.1394553166482777 370
192 7.674988094316821 2.288287692424325 279
193 5.547369758312931 1.4693294378298045 456
194 6.977929344798334 0.7164157171643778 15
195 4.631761918183119 4.0980386016564205 306
196 8.090205025772473 3.367000933434174 486
197 4.734765525294936 4.212410911908576 8
198 5.348072541792218 3.4385630459152674 293
199 3.787237535700592 2.7962050521604658 249
200 6.922881122775222 2.7131592145248495 291
201 5.594051027157633 4.289691950661003 274
202 6.240620031496454 2.3328825527781176 111
203 4.347184944995714 4.801126199285137 147
204 4.918496738076043 4.8916941811124595 148
205 7.036750900371434 1.9883730641821418 350
206 5.3974008733336705 2.8346068821710135 189
207 8.64879709064102 1.960932367559549 211
208 3.709880309762509 4.143398873750765 150
209 4.790913331831499 3.7371804285482737 437
210 6.29033047104947 3.51435824338878 74
211 5.917047023432332 4.760693391899498 211
212 3.654818035819416 3.94223026670353 457
213 4.085684292677003 5.175969530508362 392
214 3.26182035864954 2.5985738287950686 122
215 7.599601488545123 2.429252390208569 339
216 4.583547034662947 1.8485509277515917 433
217 4.900299892352542 1.1189917369989428 281
218 5.852859026985028 2.9208276565715825 46
219 6.761681675070428 2.8020109886395077 129
220 6.883777116981393 3.7703286417393356 53
221 6.982235690172961 4.183995960505618 16
222 6.677816255733226 5.5129591724272045 396
223 4.945451514958695 4.417544357254931 313
224 5.5848745708614915 2.5089077507965034 230
225 7.8993550016051755 4.325567384596051 146
226 4.354513247228163 0.24993825498730202 161
227 7.2463471588235855 4.576985861660272 108
228 6.229100823796587 2.9437163527633183 397
229 3.37804114117096 2.462053212748376 473
230 5.111356980449668 2.3753414617486257 334
231 6.82488364478443 1.890081657082338 221
232 5.292375817363178 2.2296534625766853 125
233 8.068375114055375 3.107378926288764 380
234 6.225869883109664 0.9468777413562771 443
235 4.259227574283328 2.6867925081439785 88
236 7.573522068228172 0.40532806669493815 286
237 6.040405337252557 1.5189015364220975 399
238 3.916210934606871 2.9044245548901992 47
239 5.405116890773381 1.6230020415351125 259
240 8.20875048199988 3.986003651520302 500
241 7.87304629533997 4.117106262349978 32
242 4.4589665314336004 2.836355340475152 278
243 4.593254045823747 0.6575758451195012 290
244 7.075089884002571 5.109935938466312 279
245 5.400866347891265 0.4072172141647189 152
246 6.661600823047402 3.2262074898008297 337
247 4.344393451725092 5.48228917900843 303
248 5.561831362899446 1.2043490296809363 417
249 6.743107392187224 4.05383616727036 298
250 6.595855953732555 -0.003094587287211684 168
251 6.539435596671655 1.9886880515725553 330
252 7.0043771081367785 1.7392443039940297 147
253 3.8944106814388055 1.2137186624231187 39
254 5.638411231011537 2.2602201560373194 415
255 6.246394540299797 5.163859787285614 282
256 7.182156904583105 4.589317499916305 206
257 7.43516100181538 2.8151198581181633 490
258 7.377326950246676 3.8333404443144277 342
259 7.2930029748717375 3.729817749095358 251
260 6.74944083261209 0.45401282848895874 437
261 5.645847112743046 2.0205145830728517 39
262 4.582654912889883 4.701463691926104 485
263 3.860626217847751 3.8681313180498833 152
264 3.948790942083178 0.6707255260137696 360
265 5.1788882036613915 2.063417701417868 71
266 4.4680451162142285 4.634976771802075 481
267 4.599591967882995 5.6173099036079845 419
268 5.210039361437116 4.326695992730302 332
269 3.6089618849511003 1.737290768520616 266
270 5.512551017476526 4.300320738887566 258
271 7.013029400060933 2.0979164082228476 39
272 5.468412981403957 3.31466891945632 417
273 2.573599263252474 2.644778182356943 435
274 6.535947681231226 5.298396245109164 420
275 4.670236079055814 2.320644210661175 9
276 7.8489376006082825 5.281034549025012 58
277 4.698332274598248 0.1614569925268305 300
278 3.1949336134730033 3.3577428432841643 42
279 7.36259439816154 3.5760913143575914 286
280 6.1794079350650195 4.383121686769567 460
281 4.068309732934176 3.479302809970708 172
282 6.433005907927738 3.2288705452142836 218
283 4.538410713383987 1.5076215635484567 52
284 5.737765223046482 0.4491544615311546 455
285 3.465873775596682 4.3255315126574665 251
286 3.4947338525602354 2.842223814274766 141
287 4.929133055768921 6.161407436711898 409
288 4.980845407699629 3.4361988850397105 392
289 5.727305666771192 0.721605850045911 385
290 4.854084711114998 2.1803780062742337 430
291 4.694055029364274 2.6403680749206977 398
292 5.381030537522838 3.650776520538533 398
293 4.919071652837569 0.19112970087641734 230
294 5.187284895829147 1.179495158575956 152
295 5.065804299740804 2.901894640962905 59
296 6.87107725650484 2.2029818426400833 187
297 5.304995544224242 2.9989264948915313 191
298 6.859421471080218 2.3885863507412606 472
299 3.483720851845634 1.8890036427636971 52
endpoint1 endpoint2
43 273
6 167
215 252
37 82
192 241
40 264
52 243
82 127
52 68
34 46
2 78
36 171
19 117
190 216
18 180
222 225
208 261
213 288
3 86
12 59
92 189
13 131
39 45
22 111
56 101
15 298
134 138
27 144
56 273
205 232
78 98
194 260
191 220
87 132
254 289
163 185
175 249
255 292
130 254
96 269
88 154
21 37
5 187
199 214
209 272
112 141
90 172
108 195
111 214
73 91
31 263
116 131
158 244
197 268
171 265
153 211
10 272
35 52
89 216
21 233
97 168
30 220
14 131
44 55
91 169
242 299
45 266
111 154
33 126
237 246
2 260
174 298
31 103
125 264
14 286
38 299
8 225
60 215
15 148
46 82
254 296
33 239
85 201
183 291
11 279
68 248
51 160
96 260
142 150
170 229
151 220
12 90
143 286
175 202
115 165
16 150
110 271
182 295
151 186
15 201
34 268
72 80
79 165
123 188
51 126
16 172
126 219
103 227
54 217
46 234
164 168
102 299
110 254
100 271
65 251
124 201
156 214
133 280
62 182
44 211
48 150
144 187
59 228
278 285
50 168
96 130
129 287
41 96
149 271
98 115
134 297
93 274
82 290
60 93
206 228
35 298
105 195
42 275
83 292
0 170
204 222
84 168
245 293
26 204
10 258
19 275
21 251
74 240
252 279
233 246
89 204
20 96
17 162
9 29
201 272
41 189
64 67
120 160
7 73
159 171
123 129
14 217
34 126
15 128
120 271
46 70
67 264
230 291
130 279
146 166
245 260
5 150
9 211
281 291
133 223
115 179
127 243
150 218
214 238
141 262
61 193
78 84
81 144
176 236
88 126
125 199
133 266
223 274
266 272
67 183
208 285
205 230
219 272
174 289
180 200
32 105
189 271
109 149
147 213
8 89
14 202
179 265
81 297
5 159
98 275
206 275
93 149
21 35
93 108
86 232
34 281
80 239
192 202
28 187
22 245
178 298
89 266
72 162
81 137
91 181
90 257
237 293
124 214
193 224
77 93
50 220
8 122
71 162
214 286
188 261
209 228
95 276
65 145
218 296
271 294
269 295
61 98
82 297
60 64
137 159
62 249
98 219
46 151
235 262
45 214
33 57
264 290
168 225
89 275
152 272
3 299
86 197
149 200
148 262
97 167
28 70
177 198
65 249
22 216
209 221
72 149
64 235
50 166
52 134
134 182
3 253
75 178
138 189
99 177
24 42
98 113
144 204
186 280
84 204
135 218
43 104
77 228
63 101
184 229
52 202
148 295
105 235
289 295
32 41
190 243
112 147
117 295
40 261
40 176
167 258
16 44
27 67
123 183
160 187
128 256
63 166
68 179
41 52
72 182
56 98
248 290
78 117
101 188
119 198
51 138
61 273
190 257
46 191
162 169
185 292
21 183
147 206
157 235
39 203
123 258
92 236
102 239
96 215
116 154
27 193
149 218
150 216
173 217
81 107
62 215
197 211
85 158
158 241
38 183
135 157
196 225
115 193
262 270
6 233
249 292
177 202
56 198
34 254
139 188
3 235
101 280
88 239
202 210
131 210
60 212
79 231
47 71
9 127
10 119
66 120
186 241
96 136
219 220
161 225
128 157
49 143
105 179
73 257
52 216
35 288
103 187
255 270
161 270
82 253
19 291
33 189
75 242
52 79
1 93
31 63
6 206
47 241
114 256
201 256
163 207
90 91
97 172
42 170
85 129
45 143
212 286
191 251
198 281
176 251
78 204
115 291
97 134
47 197
15 144
118 192
134 272
153 227
122 134
230 239
170 272
180 255
81 288
44 103
49 128
195 213
177 191
60 66
220 251
151 268
144 237
201 295
29 177
39 78
33 259
125 253
0 116
9 143
93 297
209 295
156 298
52 235
270 294
136 169
104 244
196 215
46 282
30 203
233 241
178 240
222 267
12 37
26 268
51 104
147 255
119 203
113 203
27 295
52 293
195 218
82 286
258 270
109 159
131 140
159 210
58 282
71 108
37 83
272 283
158 234
19 140
121 206
15 210
34 152
30 50
24 277
24 202
196 257
106 131
198 238
146 267
76 200
103 123
187 274
252 265
94 200
64 71
54 206
152 249
139 163
55 244
149 163
119 192
225 233
133 160
1 134
48 58
85 231
5 136
151 240
106 298
87 284
174 260
93 254
155 281
179 251
17 244
218 290
181 227
93 257
38 277
186 222
62 278
97 265
131 272
97 221
185 202
148 278
31 201
129 141
23 171
13 90
177 258
196 227
20 81
99 219
55 68
64 251
65 227
166 198
36 133
17 203
114 167
32 230
74 181
138 183
211 288
91 98
242 286
216 224
117 269
47 175
11 115
39 265
96 224
68 284
76 224
209 266
16 28
39 83
105 253
103 147
139 251
26 238
223 263
14 133
90 250
15 244
0 238
9 21
7 187
5 71
227 279
137 284
239 288
58 104
99 166
0 4
101 182
165 257
189 260
3 113
59 124
21 199
121 149
85 211
166 211
106 284
126 134
19 50
151 272
179 201
87 126
14 94
151 252
64 142
185 242
182 237
117 278
270 280
103 178
161 210
98 256
152 185
72 199
61 88
245 294
204 221
103 136
155 291
55 281
38 167
130 156
140 216
22 115
29 76
5 64
57 131
81 261
69 223
60 228
10 103
184 294
182 228
52 295
234 245
32 234
118 284
97 127
33 54
81 92
3 173
95 100
80 126
13 69
31 47
194 234
72 93
174 207
237 275
4 180
26 121
91 189
51 232
27 125
32 156
10 159
74 196
56 102
14 185
55 246
220 282
218 262
141 213
116 119
280 296
131 268
94 250
175 259
58 291
64 178
70 212
118 265
20 170
107 244
176 182
49 108
147 279
145 251
24 286
74 229
188 228
47 244
153 210
176 283
221 227
117 171
232 272
16 76
70 275
156 216
88 243
103 195
84 121
118 205
32 111
19 208
96 115
82 197
33 238
62 150
53 227
97 242
130 217
118 231
114 191
109 169
0 190
79 283
166 297
97 99
5 42
140 239
30 181
69 134
16 30
61 212
62 194
210 271
59 281
148 287
17 31
68 173
124 246
51 91
8 189
27 75
93 163
82 136
36 63
179 180
66 187
3 206
44 47
69 202
33 118
239 290
13 142
146 248
157 223
88 250
238 269
14 58
39 159
41 196
52 133
61 281
134 177
168 187
144 295
38 102
57 211
117 226
100 110
14 70
74 110
20 166
128 164
179 288
20 123
35 37
81 132
42 145
157 190
47 224
8 138
253 277
152 290
159 170
111 145
39 148
60 127
95 178
48 228
14 275
149 279
52 289
169 298
60 85
44 255
1 218
171 181
8 220
114 139
109 181
267 268
2 218
11 240
175 219
136 282
55 165
152 285
188 241
5 191
75 228
73 77
101 242
178 231
35 137
161 188
64 194
214 290
248 296
32 116
112 254
217 263
17 95
26 130
170 181
164 282
99 188
86 285
145 272
69 87
94 248
98 231
2 48
122 277
118 226
86 247
72 247
27 56
113 171
73 118
46 177
113 290
239 252
38 76
62 217
55 263
49 68
232 239
138 252
20 119
167 271
156 171
43 190
132 166
54 76
56 283
222 259
199 263
36 187
13 48
14 134
90 296
32 139
77 92
10 238
3 209
21 103
138 284
1 181
102 265
47 77
39 224
42 209
70 299
53 225
205 292
87 125
16 221
20 42
195 297
23 79
175 233
6 174
230 270
73 218
11 196
128 276
57 178
137 239
51 248
10 143
174 193
172 260
210 295
115 259
173 230
110 253
113 242
262 285
54 246
5 230
180 223
149 290
53 99
50 167
41 202
148 220
81 282
131 231
108 157
121 131
119 121
34 199
21 52
61 84
114 142
245 290
207 257
21 30
268 274
150 198
143 270
65 258
36 169
247 287
6 221
275 294
163 192
197 261
110 132
88 122
2 106
23 137
75 221
203 212
231 234
181 208
78 195
111 282
3 229
152 158
18 227
111 121
25 51
175 255
14 79
58 292
28 129
186 266
39 125
135 232
23 263
229 285
202 297
84 152
237 271
102 127
90 261
50 198
8 179
102 216
17 152
51 236
22 235
155 191
62 167
153 247
49 210
27 151
168 270
92 95
126 271
163 259
56 199
158 257
12 135
65 123
35 126
180 203
234 248
32 229
75 185
57 227
175 271
81 210
53 57
39 195
124 132
154 245
87 92
77 239
14 120
72 223
123 205
110 172
59 159
114 257
50 193
124 292
89 197
18 59
24 26
227 276
6 94
93 215
39 63
101 183
80 173
182 202
35 194
58 218
181 246
42 112
19 186
131 224
118 251
100 142
38 99
12 242
31 150
83 290
283 292
133 206
200 295
4 152
147 288
264 293
164 225
113 132
228 298
124 242
189 231
141 152
93 296
42 146
232 254
149 191
65 83
50 210
110 131
146 299
63 128
133 259
31 107
162 262
122 142
18 204
27 155
236 250
7 198
32 243
163 279
91 210
96 135
164 272
169 259
77 135
101 154
249 257
74 128
37 284
34 90
