nnodes nedges type
300 1000 graph
nodename posx posy weight
0 -6.029571267176043 0.7152151558644982 10
1 -4.521032877032038 0.1081445477545477 123
2 -5.1653150469288205 -1.4474054234974998 411
3 -3.4559618909280623 -2.4457432327260644 284
4 -6.284377551123737 0.4526383387794443 379
5 -2.5388131043026014 -2.4396423301129357 321
6 -2.135262249605948 -0.8645981427582023 486
7 -2.4753971624908573 -0.3137221319294045 107
8 -3.721185423834936 0.6598028502751063 299
9 -3.708666381332934 -0.7767457708231096 223
10 -4.989780890514106 0.2920729681786052 91
11 -5.494801201705367 -0.2856483522488109 46
12 -3.824694157439072 -3.6761275097129698 448
13 -4.934636204936057 -0.1650243238380891 285
14 -4.757841779349369 -3.510256050432239 273
15 -4.927261611288683 -3.633371500535763 53
16 -2.908341714086906 -2.637465153963758 188
17 -3.151234442986461 0.5378571478870084 343
18 -5.477662264224897 -1.7194953506003021 170
19 -1.8137005805579525 -0.9470462856144816 236
20 -7.03716953993563 -1.9710453665142396 476
21 -2.9426207878303487 -0.07131275980805855 14
22 -4.772686437749919 -2.210976852294922 420
23 -3.2920938883991755 -1.8721700907225813 457
24 -3.310006583440034 0.3091652738634334 428
25 -3.1305018059483447 -3.8561257196593117 79
26 -3.1600699061840216 -2.7141831492050286 49
27 -3.701623857157021 -0.2783228165391259 318
28 -2.554698443879201 -0.13962384229784305 11
29 -5.197258445768739 -3.3158819572580693 16
30 -4.780795929849254 -1.6591155056104465 92
31 -1.6622771215871244 -0.7349133822773845 419
32 -5.040989374046809 -1.1330278450088962 212
33 -4.017256345049843 -0.7468904394465293 212
34 -6.245276506883143 -1.632370543848477 99
35 -2.236156687291592 -0.685463897855572 379
36 -2.9909724958035295 -0.8054868599929844 44
37 -4.424159646744275 0.8376812714168568 298
38 -6.212953196656223 -0.4241599831393507 272
39 -4.033190891638355 -2.023196240039484 56
40 -2.88210531652614 -1.4881258851318178 459
41 -5.228620104071107 -1.0214774226022671 449
42 -3.729999693400968 -1.2855167556154163 446
43 -4.349461293312674 -1.8872531964666204 331
44 -4.812670864490547 -3.800655706536128 230
45 -6.843775258116734 -1.712327959111012 41
46 -4.819302689717028 0.38946400182240687 460
47 -4.669828785255959 -1.1494994357904447 341
48 -4.517517258618532 -0.26597101116895516 172
49 -3.4348311307516646 1.259706265999453 336
50 -4.293141607462682 -1.371014169589145 371
51 -2.4425478064179806 -2.8131148332449856 395
52 -1.9452039259176366 -0.24245850136044012 187
53 -6.274310088083226 -0.6732198681001007 118
54 -3.2412634320958253 -0.39546454732639647 294
55 -2.615249818971948 -0.09866467279256733 331
56 -3.810488486709136 -2.3796334037674685 355
57 -6.050177027503214 -0.2702275330709295 138
58 -5.123323486755569 0.2613620769416774 154
59 -5.2167234186623865 -2.6558026341195595 370
60 -3.983354236006539 -2.5064428241567565 40
61 -2.652323849817918 0.23752750273064832 171
62 -3.629845920777296 -1.0659401162190218 18
63 -4.773454602590678 -1.9891777708549954 97
64 -4.223662243607247 0.8681879678758252 68
65 -6.842781654342149 -0.16311767661489848 463
66 -5.113108916341409 -3.3542594680627364 111
67 -3.9257455213034977 -3.9655530947099744 275
68 -6.424863557377336 -3.2029135708404706 131
69 -5.158144185376822 -0.6656212619647652 405
70 -3.6246870740943984 -2.967168980553563 324
71 -2.535528878662694 -3.2497442260263685 247
72 -5.068222406278718 -2.7904425954698198 365
73 -2.1042925737417506 -1.784928696500742 150
74 -5.837140257620468 -1.096038342159142 170
75 -4.873605152546514 -0.9748077592577189 445
76 -4.8932556786783135 -0.012745743903327215 39
77 -2.01165023046868 -2.7271813778285754 131
78 -3.822079891204323 -0.19427693853076675 189
79 -4.7198828965158715 0.10531923145581475 210
80 -5.980264629057831 -2.4831087099173232 167
81 -4.757841017928057 1.3145443035545206 125
82 -6.414626383731717 -1.940308641220804 430
83 -6.049217935501771 -4.433355323715883 457
84 -3.4986048689252334 -2.755850261264335 302
85 -3.9920539430023827 -1.7917268506043154 244
86 -5.789260888070447 0.9323124624582343 123
87 -2.3193589308068345 -0.2075259661863657 188
88 -5.796864651857349 0.016984266281976718 341
89 -2.1994472167694257 -2.270063075384866 269
90 -4.666257909061328 -2.9533314792387335 134
91 -5.488767317788003 -1.4600976755010948 287
92 -7.5301698215713655 -1.594827774236239 39
93 -2.5164312947869045 -1.9175125810080191 153
94 -6.014133887156627 -0.1501610220759943 423
95 -6.6041935772024205 -0.3583292905624279 438
96 -3.800507972219852 -1.5613478755940193 246
97 -2.677016433580176 -2.462242933421566 473
98 -6.316259084025042 -1.0030784099544885 460
99 -5.8738253450409035 -2.1245230392162338 84
100 -3.113918331570873 -2.001424310705032 472
101 -4.255880681547794 -2.7142399609303425 187
102 -6.705464777483905 -0.8359069053252253 202
103 -6.211279523557691 -2.8403998837199684 285
104 -6.917407585363217 -2.176703104358818 116
105 -4.161565939774316 -4.231357485251655 423
106 -2.6677543716735808 -3.587412253605629 260
107 -5.1144581298815925 -1.5783974777800385 28
108 -3.6063719600600317 -3.866715935988661 30
109 -5.539277708395846 -4.209908161808354 168
110 -4.107739056172616 0.5265398863742968 47
111 -4.412331836411688 -3.66813221297711 451
112 -1.1927338135434227 -0.9046411726516914 11
113 -5.898021319681165 0.4841140163126644 178
114 -5.909084414312043 -2.798618588478696 196
115 -3.5074338512056755 0.309776614878927 239
116 -3.939809773793206 -3.1916904371897936 127
117 -5.374457815109491 -0.992798712049918 202
118 -6.208365848969256 0.15483149681946523 103
119 -3.4870224387432973 -3.6679157947034327 411
120 -5.941010358318974 -2.3101997709454096 91
121 -3.238718553165328 -2.407032869692468 131
122 -6.182999602397916 -1.911544951990326 47
123 -3.2677858292511113 -0.9985659176705614 64
124 -4.344226767492873 -4.454117312839797 309
125 -4.271012295792771 -2.0364068896823166 120
126 -5.680275894600768 -1.423440838328059 177
127 -4.097916083313326 -2.1537537564652562 209
128 -6.3066690499958735 -2.7653914096770653 125
129 -5.9717229366736975 0.3854897493468744 398
130 -3.5450156367943224 -1.4795380773303193 138
131 -4.400823111455323 -0.061388500561586457 114
132 -2.6000925553103666 -1.5786196459949589 483
133 -6.515620246971571 -2.417469762190069 86
134 -7.0890166258088305 -0.5107142196972436 121
135 -1.0788817919202331 -1.4740166971927855 340
136 -3.968471519600073 -0.16406440471099987 167
137 -3.958000306181583 -2.95857050297761 377
138 -4.827951151564162 -2.7430460967352044 279
139 -3.837861935142647 0.6895937646788792 428
140 -4.776537238535759 0.9332746992165342 91
141 -5.339273897448757 -0.10253362895498071 403
142 -3.18224051011799 -2.7954594820678587 284
143 -5.319029186099798 -4.002826455673986 240
144 -6.688223376658345 -3.2689730347500574 197
145 -4.61607882698102 -4.580837185047829 26
146 -2.48472257113748 -0.8530205051090195 284
147 -3.9169805053957094 -1.3387765661469224 498
148 -4.759754555954915 -3.029764766518618 40
149 -6.939455391405413 -2.5371770461315895 103
150 -4.754966313094913 -0.4608645270964382 292
151 -3.4578300970232076 -3.1644855715763747 500
152 -3.9910382775514157 -1.1724845262411951 180
153 -3.1581543170258803 -0.2742738071445906 465
154 -3.243378726150513 -2.100559620103957 284
155 -4.246231637669906 -3.318542906500077 77
156 -2.4478804060789483 -3.005391691686945 282
157 -5.373070143372575 0.7645050864112951 176
158 -1.492022499478396 -1.423607051035712 245
159 -5.40507440307985 -1.9524645635535485 463
160 -6.468192073868756 -0.9633810616126337 83
161 -5.535782308587034 -1.0350123659972081 288
162 -1.9897245841928553 -1.595943603100254 129
163 -1.7360799575797652 -1.9696415081860479 299
164 -5.072515291743523 -2.239883025468755 498
165 -3.3613616919688756 -1.4944929914787661 341
166 -4.357693091437932 -0.6339289469597782 155
167 -4.5475416484467095 0.8065129304964593 61
168 -6.545307392444232 -0.558451628536753 250
169 -8.415293102782602 -1.2634719203639144 315
170 -2.2008517361506232 0.0655758343284113 308
171 -3.782645549991965 -4.189367496059749 10
172 -5.631431640715965 -3.30291131961896 323
173 -5.5686897550482195 -3.0125323337628034 464
174 -2.5343267876669766 -1.1204456099084732 305
175 -3.2011333139832074 -3.031718381868247 108
176 -3.5548641921313764 -0.3878030178194212 286
177 -4.209543731837354 -3.0998944217065643 342
178 -4.366601759897373 -2.287427174514164 495
179 -7.010607796953483 -2.430705215048629 334
180 -6.01772166326883 -1.751653103006444 197
181 -2.0557868716389227 -0.4265694748788503 152
182 -2.807430278229464 -0.6586142175456694 419
183 -4.129934925947917 -3.3947021576655882 82
184 -5.552234540002863 -2.53940701205898 474
185 -4.964106784845779 -2.39072981804682 183
186 -3.6728593337471724 -1.9250891405934372 439
187 -4.972677999463146 -3.3341787877529883 271
188 -7.1302090676958905 -1.3890617183252068 224
189 -2.793510841912878 -2.9903011618916575 334
190 -4.192997107641193 0.3032089603164225 306
191 -4.26061716982042 -1.584632039462073 48
192 -5.4942589102198385 0.43011341507014517 378
193 -6.130928322372987 -2.1080203318630772 212
194 -6.4509895974495395 -2.172107862391841 344
195 -4.702109992406627 -1.9260435910144873 499
196 -3.3742063414734833 -0.18484467399170812 11
197 -6.920984165161384 -1.0659033373657854 96
198 -4.626767666364112 -0.48326564170517433 500
199 -2.2804791392441204 -2.8491241136477856 457
200 -5.956363203616261 -2.9774144487439265 1
201 -5.829595980093072 -3.6200773265507915 36
202 -2.480060962795843 -3.0993222904254876 477
203 -2.394486025407895 -2.568101104991705 73
204 -3.3846405072976777 0.04929288107557415 66
205 -7.334251932449943 -0.43475149036440164 311
206 -5.815087522592857 -3.1235462431174716 365
207 -2.769825814911118 -0.25445200510733823 232
208 -5.187906552930681 -2.083215359393072 195
209 -4.334657089722914 1.3930571129044198 452
210 -5.300141811994021 -2.8328506305776364 498
211 -2.7790832833942805 -1.8957977746520105 428
212 -3.185616297591302 -3.2919986842419213 300
213 -6.499935358454714 -1.163807387802145 389
214 -3.68322598081686 -0.5651330703693501 326
215 -6.614036069209216 -0.17492839379020333 15
216 -3.348851028828243 1.0559933737762304 494
217 -3.710945703964259 -3.308505554969594 326
218 -3.5087937456162877 0.5076758138242309 282
219 -2.9081466159452165 -0.3700473278639025 471
220 -6.335899985571448 -3.3386224664821094 160
221 -3.6619880509606575 -3.624246946714304 195
222 -3.8076230878560224 -2.215883032697251 90
223 -3.088258589720935 0.32737595001056113 458
224 -6.0086147560884715 -0.9451665303625794 278
225 -5.059374126690125 -3.9326360155232556 45
226 -5.274413139207104 -0.4000137426757804 185
227 -4.438135392452127 0.4047509669383902 104
228 -6.879243499503344 -2.933209174616932 347
229 -1.9484566057345445 -1.983846949975001 94
230 -6.048316640914154 -1.4441338327457096 466
231 -2.7969533644484974 -0.8247934457704954 429
232 -4.423896083263918 -2.910769404614109 145
233 -5.399343224040465 -0.7685264701926243 337
234 -7.4041189050144 -1.2081978362280617 155
235 -4.539594483656509 -2.3650429600096543 463
236 -2.8216208596048356 -1.7452358886489823 466
237 -6.122889237987868 -1.1755487837017717 211
238 -4.661564819387742 -2.6009240821013395 362
239 -4.30422452574083 -3.6999710384063196 378
240 -2.9524182142221016 -3.5453546084147414 16
241 -6.411027509450701 -2.444365120784465 413
242 -4.5139932234309645 -0.8276518571661071 129
243 -6.096256737618366 -0.49548878675076996 219
244 -4.544014530380734 -3.741111298175423 22
245 -2.6461313037416834 -1.968822990134348 101
246 -4.475355383361926 -1.1675565267144585 431
247 -4.804802849125345 -2.517564432611297 238
248 -3.353342836515855 -3.7790073877777397 192
249 -4.146888172109681 1.6426248651550437 436
250 -5.768083613173417 -1.914064652260143 4
251 -6.165769207043175 -3.767555146932019 301
252 -5.615985977793674 0.3799232961578616 111
253 -4.788241370560096 -3.290475043341443 17
254 -3.5820436008976073 -1.8214214982643837 248
255 -4.018631907350942 -0.8965334858661864 319
256 -6.907112173060388 -2.0676939085563415 172
257 -6.090693884787189 -2.4679263567162852 128
258 -4.708027392118126 -1.4647461318489376 364
259 -4.698844087431641 -0.7040802626895292 60
260 -2.2908107794498016 -1.5805014353229414 314
261 -3.127860227906584 -1.2645028050879292 270
262 -3.0996548561066852 -0.9582607848589184 499
263 -5.660121951254038 -0.607677480712571 205
264 -4.990169274684317 -0.3063913133470395 209
265 -5.979105227375303 -3.609960526732165 248
266 -2.143950041570413 -1.6489557147559768 56
267 -2.463784090994716 -1.2981736296282196 249
268 -4.221827033553106 1.1418368725453882 126
269 -1.9602166260710927 -2.3766066037076206 211
270 -3.2537568094099365 0.7944559560929841 456
271 -5.675303959739108 -1.7453315639331919 495
272 -3.8824179682751976 -0.5035231757067297 268
273 -2.9202970215493624 -1.1290187869484807 322
274 -4.966089782735317 0.690226873818511 291
275 -5.323034122593042 0.4899456273016213 73
276 -2.1025357054917717 -2.5106333398705134 233
277 -2.6776292950388383 -2.239777146628613 216
278 -6.067425404842302 -0.7038623177713365 131
279 -5.510317491252453 -0.17927677672258924 191
280 -4.396433972160138 -1.06718738463075 244
281 -5.564806062582758 -2.195467528049097 178
282 -4.162450008679289 -0.35683258279783336 10
283 -5.260989334207126 -0.005776872991068742 348
284 -4.039705404832032 -4.772285179966524 499
285 -4.126999009213519 0.09701672775487706 3
286 -5.421561877532455 0.9645506879624134 225
287 -5.336732346314442 -2.281751335615999 244
288 -6.709712566279071 -1.1300646193109436 316
289 -4.2745944450875335 0.6095002477891059 352
290 -2.787433718276632 1.0514149354055584 398
291 -7.118867145307071 -1.828564942143132 8
292 -5.738304389601825 -0.20552402201733966 265
293 -6.597523492258948 -1.4974031626429347 265
294 -3.857461857874052 0.5587946364139944 246
295 -5.354176070647878 -3.045089851388937 232
296 -3.322190095915777 -3.2489158973455794 279
297 -6.6911385721783665 -1.590087595361805 340
298 -2.4464129673061725 -0.9102759197670806 32
299 -3.983926691697349 0.8204024730807623 495
endpoint1 endpoint2
150 226
47 152
204 270
121 235
21 28
75 227
5 269
126 253
14 108
29 44
102 205
118 299
129 139
197 215
78 86
203 240
67 175
91 186
173 247
112 229
145 156
64 88
75 259
72 159
221 235
20 220
13 296
8 113
125 186
110 214
89 106
87 132
83 220
80 94
122 278
22 48
7 292
27 39
73 202
62 75
63 278
3 147
111 232
65 188
100 127
132 276
8 282
67 142
236 264
151 199
59 257
250 279
151 189
61 182
73 189
1 263
47 211
29 121
191 255
97 130
84 247
30 111
88 242
41 85
59 239
142 231
126 279
91 198
116 125
66 119
161 230
138 180
37 122
41 127
43 91
80 206
194 197
41 275
175 236
21 46
95 107
9 161
97 108
64 275
165 242
175 202
178 295
140 196
28 174
11 46
87 207
164 194
119 187
270 290
142 162
36 62
65 193
252 280
106 156
200 238
14 138
16 66
183 258
70 277
84 254
14 172
188 258
62 182
47 198
243 283
143 228
43 217
53 237
97 244
182 226
80 197
184 253
39 250
114 185
18 98
57 69
47 62
121 261
244 288
9 170
72 200
175 211
62 196
57 259
22 30
212 247
24 125
1 246
10 139
100 296
3 77
17 162
50 208
208 256
47 104
239 296
13 136
178 201
44 202
214 298
138 259
88 192
7 73
224 281
153 154
136 254
96 255
59 201
88 149
151 210
254 262
27 32
74 104
90 185
16 132
76 237
9 181
153 166
40 266
118 297
13 167
20 275
41 63
38 46
114 247
58 123
75 261
90 247
107 165
6 96
64 231
65 102
75 283
24 54
159 190
11 153
92 243
23 89
96 246
19 176
72 246
114 133
72 127
29 128
9 195
107 247
2 45
37 89
9 190
190 255
34 281
194 226
136 209
50 232
48 79
215 237
120 226
3 187
91 159
291 293
55 208
15 194
115 196
199 260
96 177
105 138
40 232
2 258
48 52
61 174
137 211
33 139
125 177
79 226
136 289
207 245
91 103
1 168
68 287
12 247
5 162
116 238
148 187
126 237
13 118
15 90
69 286
163 236
91 148
110 176
35 269
114 291
106 240
196 207
75 233
226 299
107 125
147 261
184 196
18 29
241 281
217 225
16 174
22 127
5 221
111 173
31 231
53 193
114 120
214 273
192 268
10 242
146 147
15 50
190 286
200 220
71 296
98 113
32 289
82 288
100 138
87 261
94 271
73 97
111 248
84 85
35 87
3 266
166 289
185 217
186 258
82 102
21 31
179 291
5 181
126 254
68 149
250 295
57 180
8 272
35 36
99 228
18 20
109 257
82 128
187 225
178 237
127 210
59 142
30 214
66 173
27 260
152 247
117 166
71 267
18 200
39 151
8 78
101 287
165 273
194 213
1 49
12 229
128 134
57 288
21 62
62 272
120 247
136 283
146 190
263 264
97 267
231 258
202 296
116 154
109 206
146 260
196 219
66 138
115 219
0 102
144 149
52 229
227 250
27 285
60 254
80 159
213 278
134 160
21 93
149 287
86 274
66 120
68 253
72 248
70 203
34 75
100 123
64 272
61 216
133 224
65 285
235 281
50 75
152 223
79 81
122 178
18 32
40 281
60 159
55 163
237 291
187 213
198 252
95 133
5 89
42 180
17 87
39 60
164 258
120 150
99 164
218 268
36 267
78 246
6 115
186 248
278 286
120 287
116 277
38 257
144 291
69 242
28 150
90 137
64 140
41 279
74 152
154 255
207 285
21 42
159 213
43 281
186 204
32 258
114 148
255 285
160 192
8 55
41 47
166 262
79 258
153 275
7 152
17 139
34 129
10 140
56 238
115 258
20 265
53 293
275 288
264 272
30 237
137 263
74 258
30 90
162 178
49 167
78 249
53 98
136 298
66 195
9 196
64 131
241 292
161 280
43 106
131 140
58 282
255 282
179 293
185 193
8 167
210 287
208 238
7 52
202 229
212 217
177 265
198 267
176 233
1 123
124 220
76 166
105 156
138 271
218 286
45 274
181 223
142 245
87 294
150 289
96 157
14 221
62 268
216 243
42 101
63 265
2 191
80 297
18 261
137 143
161 238
3 138
11 287
157 233
112 182
151 238
254 266
204 209
27 36
71 101
131 272
9 185
86 213
43 164
53 160
109 111
117 131
10 152
42 56
114 243
2 98
117 173
70 164
30 110
117 215
126 278
57 91
44 241
16 217
10 214
144 210
82 225
123 285
13 278
73 123
4 41
55 191
16 298
179 230
152 178
22 44
29 63
114 155
12 89
88 271
3 191
101 111
171 271
172 220
24 117
25 105
61 176
79 218
74 200
26 238
17 170
225 251
61 170
14 18
169 188
43 192
61 289
14 175
69 214
100 276
25 60
148 208
93 240
4 10
147 222
21 78
15 184
0 58
216 231
60 203
185 242
16 125
94 264
35 299
47 63
243 292
23 195
93 269
12 80
62 246
119 177
141 270
151 174
132 182
60 142
178 277
42 189
262 272
103 247
127 166
102 263
78 255
34 232
96 152
125 160
59 107
44 253
36 127
72 206
30 161
88 285
33 54
70 221
115 176
80 126
125 244
107 255
27 204
40 61
33 167
125 238
198 236
59 130
275 299
154 178
106 171
79 117
132 219
19 229
76 190
70 280
101 283
85 108
87 135
143 145
103 160
211 285
151 284
93 287
90 131
245 253
82 228
63 273
146 186
183 195
27 38
117 258
5 186
79 274
99 102
80 238
195 241
231 276
59 256
10 37
31 203
196 266
50 76
36 211
188 228
103 114
22 238
46 268
57 141
88 205
33 125
70 154
172 297
23 121
103 195
60 208
287 292
105 183
22 179
2 13
35 73
18 243
117 255
184 247
17 279
219 290
207 272
111 240
53 141
28 56
2 39
235 263
166 297
94 263
230 264
254 277
50 226
69 134
147 167
72 75
59 281
70 225
59 144
149 201
193 232
68 173
171 212
60 258
1 252
10 129
165 219
73 165
146 277
17 49
49 81
177 199
63 132
84 255
102 161
38 291
6 119
147 224
157 249
15 51
35 199
148 210
224 259
168 292
78 156
38 233
186 238
28 146
21 54
107 226
58 195
93 130
2 195
85 172
199 221
40 207
6 270
84 151
56 123
46 242
40 298
222 253
163 222
70 148
227 242
124 276
128 293
139 174
17 76
167 252
4 213
99 282
67 70
70 269
132 222
239 273
177 210
91 215
219 282
100 170
30 96
107 197
117 193
39 242
69 110
60 85
26 165
3 137
155 260
19 35
115 140
129 252
63 99
184 235
69 257
69 136
18 288
255 262
73 77
25 222
77 248
0 79
54 182
193 250
207 298
217 236
23 174
46 289
55 270
78 85
11 53
40 273
163 199
222 280
92 184
228 256
248 296
90 244
68 200
69 198
213 279
77 262
230 247
127 183
51 182
56 180
18 246
43 267
97 269
75 98
62 247
56 154
4 46
7 19
14 122
81 246
123 203
180 297
9 36
78 259
96 195
31 181
42 131
85 152
103 265
46 252
26 227
140 294
56 111
242 294
101 175
100 259
222 293
187 200
164 257
25 156
130 218
71 276
18 76
45 68
56 187
2 11
41 272
166 182
178 191
42 279
129 224
44 124
29 59
143 172
183 240
85 282
235 287
79 259
69 295
93 298
40 202
206 295
91 141
2 224
35 274
138 193
113 279
189 195
66 185
0 226
158 269
172 246
79 204
64 290
54 121
97 152
66 83
44 206
3 214
36 136
158 174
153 229
159 264
117 220
10 243
19 219
205 241
94 234
174 282
66 194
62 260
9 76
155 253
119 121
47 59
133 201
29 145
23 272
28 49
45 206
121 229
48 126
136 192
234 281
113 191
218 255
160 198
30 43
238 250
263 274
95 226
74 118
2 251
19 276
234 291
22 254
57 157
23 147
116 186
173 258
50 207
191 238
87 182
39 51
48 128
90 235
15 296
32 127
101 187
218 273
176 206
131 198
74 278
26 185
108 148
96 121
155 242
43 233
118 233
54 146
46 47
98 99
82 233
97 266
38 113
168 208
14 232
46 136
99 101
62 212
237 271
38 180
130 141
47 294
135 156
197 252
262 271
171 240
104 173
143 247
261 298
219 277
53 252
34 116
8 255
129 209
33 82
90 101
154 203
58 74
3 240
219 223
129 256
96 137
22 53
192 215
148 191
159 239
121 217
204 280
143 284
71 121
32 177
82 250
62 223
67 155
227 270
166 230
105 143
52 267
133 147
74 280
2 150
94 223
39 63
210 233
158 165
223 290
102 271
123 246
91 278
60 101
168 184
268 289
292 294
66 201
41 98
110 196
136 245
100 142
133 206
37 79
16 245
185 257
125 130
88 140
150 235
153 181
5 22
136 219
1 222
23 39
11 198
3 165
78 264
85 280
69 293
40 204
67 128
54 69
33 175
188 213
23 148
109 124
95 141
78 79
232 254
54 299
26 269
233 282
48 139
221 295
32 122
60 235
141 195
140 275
164 272
57 237
101 154
41 210
2 165
107 230
