nnodes nedges type
300 1000 graph
nodename posx posy weight
0 -7.233816132446528 2.6233714655622102 112
1 -10.396088330752416 1.5272436183920708 132
2 -10.154890896603476 1.8829377077584162 156
3 -6.6277677619759165 2.1175150206077604 392
4 -9.978655264440317 -0.4064264820457132 155
5 -9.175653203041138 3.289996763249067 488
6 -6.143235283574197 -0.7027870713314622 339
7 -7.46054362098793 0.9351428987292095 423
8 -9.428280739920021 0.36405225887072107 75
9 -9.915051205061598 1.1038729503406781 466
10 -6.302080151002835 -0.7155103061721345 392
11 -7.866123057064221 2.3520159359124495 194
12 -6.946243343101524 -1.1970775588406566 414
13 -8.994263237497934 1.6935560424677552 171
14 -8.9331764925921 0.7698947236388216 152
15 -10.16058918278248 -1.3883363398835242 60
16 -9.028230306187407 2.9517328428779095 245
17 -7.409822152001568 -0.1578253972106676 274
18 -8.531657330495825 1.7332766450736348 492
19 -9.631954326504156 3.198113582839084 13
20 -9.47422707720555 -2.2739458204246983 293
21 -8.698588856440228 -0.16502107434913374 487
22 -7.051411573906908 2.1548219555054886 327
23 -6.516291264355523 -1.3897893250804516 498
24 -7.546602507739263 3.3125501778117576 426
25 -9.539855789600274 0.20168229190206718 349
26 -8.989772141376525 2.7002634996524546 311
27 -8.810795497213068 -0.9086421245131377 375
28 -8.846644668525366 2.883560445600078 298
29 -8.435265951283432 -1.9706674373782909 163
30 -11.192289157581651 0.6800776888337983 295
31 -11.048910999298005 1.0398270985757267 51
32 -8.020230288809817 -0.2995419873351504 221
33 -6.495632388343708 0.8741048845934242 403
34 -10.052608761146477 -0.9111797652446577 365
35 -7.8393152956291265 -1.936121749472779 90
36 -10.97244773383336 -0.41119396451679024 473
37 -10.60458806384896 -0.34223243949830906 481
38 -8.259770550206259 -0.13589988169683861 146
39 -9.507010276932872 -0.35033184211032575 37
40 -8.627166478231894 0.2871611167921867 26
41 -8.250966962763037 0.18995330452098177 478
42 -10.70541206849228 1.069704222428824 282
43 -10.116847706245766 1.2590348789606636 111
44 -9.758805763229496 1.0043072471618013 189
45 -8.982948321520865 -0.6124595304254752 310
46 -8.920213425724354 -1.2782355405549752 98
47 -5.943067216937522 -1.5063957952177875 17
48 -6.420237294071144 0.17920772849347763 187
49 -7.56819819791132 2.953671041963611 225
50 -7.242529603215183 -0.9430197504389767 193
51 -6.456889657406212 1.241155804319928 93
52 -7.348164629257784 2.7719505770850303 452
53 -9.02415161454423 2.5108562093393325 59
54 -8.84522601889654 1.8199390997054967 424
55 -7.1858329031362125 0.27008324708551934 475
56 -9.054412613976226 1.8385587095358351 268
57 -6.970328589555523 2.202562687749052 459
58 -8.39931011482405 1.9673783984317423 499
59 -6.533566095279958 1.819853054348902 211
60 -8.609718569340707 0.5917198820873757 220
61 -8.27180096294785 -0.01859846466601468 408
62 -8.527275788800486 1.45769990208465 321
63 -11.289821329059645 1.0245072611774007 274
64 -7.631026289099399 2.761907942114548 331
65 -7.6687871653145825 -0.2197332604313834 29
66 -7.375410294367252 2.4466258560333265 406
67 -8.307438841700204 -2.191764511125618 361
68 -10.22646872082421 -1.189365497488134 114
69 -10.201456404784635 -1.9270121403455385 309
70 -6.642929732627082 0.4240485181741761 406
71 -9.298739534057177 -0.7398708521093927 255
72 -8.77410836909536 0.27870118229501445 113
73 -7.558352328075093 1.451142443278035 56
74 -7.3645254999134355 1.3721994434529468 340
75 -9.342084862171873 -1.3688514490065753 420
76 -7.164099026136395 0.8287051937605917 122
77 -6.148003361375055 3.0070680451394027 141
78 -8.633054347936405 -1.59769354454538 309
79 -6.8149125112866855 -0.6051674610110135 225
80 -9.953340523971281 1.4071761367297067 66
81 -10.9510675909241 0.583688142314043 61
82 -10.491533184450375 -0.6966167014459118 277
83 -7.088227766645937 0.01290094493179082 259
84 -8.301481474759717 2.45726675300416 439
85 -6.308823327000024 1.6609631493390962 105
86 -10.256775173693049 1.2879654726133185 280
87 -6.439868992169071 0.6425895596367617 356
88 -8.914757404398216 -0.3836341862276817 107
89 -7.554691181010232 0.033755241766180895 241
90 -9.856043082257859 -0.7077751075562563 438
91 -9.339835222876971 0.9779103259131227 63
92 -10.299278585048128 2.8286898103664204 187
93 -10.728109179686381 1.921311574572559 308
94 -10.019882108959777 2.128752522195557 57
95 -7.934532423625997 0.7301173641430205 348
96 -7.22955412547154 -0.711999151553483 232
97 -7.495340782018197 0.2667610560312556 364
98 -6.0672987061431565 2.041175287401554 57
99 -7.028734732375797 -1.3948794345453006 184
100 -7.89832484120591 1.1556769664847553 343
101 -7.698733502453325 -0.9356664092992882 223
102 -10.162080513939365 0.42832377594261023 372
103 -10.92480548365054 -0.045859053356920275 248
104 -8.47215333047817 1.2350732009585037 307
105 -6.715082600076067 0.6396102199633982 478
106 -8.9538251263656 3.1703742247973463 68
107 -8.009491043989385 1.8067721081169754 369
108 -10.265215849321523 -0.34650336650514 281
109 -9.001382462401237 1.5350692035552649 189
110 -7.291111844115098 0.43197069731931803 315
111 -8.432862013986632 0.7482816873431072 136
112 -9.300789761242124 2.5350285791862213 19
113 -11.165143295857066 2.0694452350424433 17
114 -7.942521923936041 0.2532237816228764 55
115 -7.149212152102833 1.1552806657903383 36
116 -7.741275304173228 -1.8808090248448541 279
117 -7.592562616958983 1.7661672711413683 9
118 -6.798525721366129 0.8562175793017637 415
119 -9.77719558740186 0.791348335272319 110
120 -8.287245776252687 -1.4172179181799491 221
121 -9.014375542991063 1.3074085770867987 31
122 -10.735930748569869 -0.13628017590652397 340
123 -9.62532523401205 1.493709823805784 247
124 -10.898496427053189 1.7427797232412543 9
125 -7.546297090361164 -0.5851282698940633 243
126 -7.0230432930399145 1.827152914520043 168
127 -8.087327454705244 2.412823892816608 126
128 -8.974089044911235 0.3321213072828954 488
129 -9.433709233832658 1.2596272853860886 263
130 -9.549184714547653 0.7130776804412978 176
131 -8.744405633523144 -1.3480060453775593 483
132 -10.522570127071901 0.16694457689812933 278
133 -10.891192881572024 0.2876265630857219 26
134 -8.321629472571447 3.037247861620397 162
135 -7.608904640697399 -1.4132517711965917 351
136 -6.594292891810166 0.7759707624423386 276
137 -9.320242998658376 0.6638538011311023 85
138 -6.361929425394338 1.463431551796447 19
139 -9.189218166717326 0.31211572669351934 18
140 -5.626852253243666 0.5537265501592772 462
141 -9.542055198597351 1.813058654648625 195
142 -8.884714981362153 0.9875758589723235 441
143 -8.108488905509155 -1.709637108402861 296
144 -9.570225298059054 -1.4220206748139381 399
145 -9.248698095635476 2.8298154673739133 411
146 -10.206627656777663 1.665912483696266 119
147 -9.114330550492301 -0.24625503239085839 210
148 -7.586469526366541 1.5347184031922567 93
149 -8.78617044565104 -1.736958114623224 297
150 -8.621084978879223 2.369725915610464 104
151 -9.846158657787278 2.9661813240864685 496
152 -10.630031643012623 0.904201172868624 339
153 -8.701900056298847 1.4711779255166937 381
154 -8.196957808057357 2.562652909559171 20
155 -8.055380684254295 1.34711211877651 427
156 -8.022203326693843 -1.4634021826122217 101
157 -9.190628868410686 0.11025871817549834 249
158 -6.29276862431221 -0.9376244948655278 382
159 -9.834795294048863 0.42727228353668256 302
160 -6.628419411999925 -1.0244395975932867 418
161 -7.869162429730263 2.7690949925872266 328
162 -8.964227350637865 2.383242234773175 306
163 -10.689957171832091 1.2938706934533148 100
164 -7.831701640357691 -1.6026271205539213 124
165 -7.008480734345904 2.701215763626474 156
166 -9.648302675754467 -1.1710415711327615 375
167 -10.366004318602766 -0.928096331231218 80
168 -7.59208638013596 2.503475139631698 414
169 -9.351302015165508 -1.6225063778313455 136
170 -10.844142901187867 0.4735244172429423 154
171 -7.632125846821761 -1.2003169237684244 223
172 -7.123666911934594 -1.6946220657600288 223
173 -10.42591862167548 1.076945279631568 481
174 -8.404649100502205 -0.6963824091855042 9
175 -6.610774059667443 1.3120868487376849 50
176 -8.657991916311117 3.420566240258238 65
177 -11.252456178973876 -0.2565843732001649 144
178 -7.803182017794839 -0.7776886411001155 264
179 -9.395726955018667 1.6126449607814644 430
180 -6.004822107839328 -0.13372119654460957 446
181 -9.807139188439113 0.6591775651770627 317
182 -11.220366010141335 1.6228986132597165 229
183 -9.547136788607478 2.239620707602982 90
184 -6.198244894462889 1.1248308248950123 482
185 -7.0870340840443395 -2.3888895793826155 405
186 -8.655309813603035 2.788390804943388 130
187 -10.439412530409315 2.5795155138716743 135
188 -6.729713865782123 1.9579936234758157 484
189 -6.682408918349328 1.6120477595259535 235
190 -10.515179499547012 -0.10784050894866733 87
191 -9.778512610455607 2.578446988493038 487
192 -11.527624063616713 0.34003846680150146 438
193 -7.9388245113941815 1.32413692341326 92
194 -10.3465809959988 -0.2519488350541848 138
195 -8.518723742564058 2.177717539273771 440
196 -7.0121214627668325 1.9828985517825373 149
197 -7.345879101733717 1.809763140466945 44
198 -8.499976394249968 -0.39289462995619717 253
199 -6.854944765418825 1.1957820723162356 410
200 -7.679644748564061 0.27506145834014223 178
201 -5.390331877946132 -0.5192682585449456 256
202 -6.624945528162617 -0.6105690787342581 280
203 -7.615472235159712 0.7901603900241149 102
204 -8.246529560427396 -0.6523710837387409 363
205 -10.521743325403902 0.6572205150021551 265
206 -6.477819356163861 0.027910572354083462 55
207 -9.060523598262472 0.023632254864676714 73
208 -7.577926047436948 0.476487529518357 147
209 -8.286400948672402 2.0373176894240945 302
210 -9.549147730706622 -0.7819648220368556 25
211 -9.523871252870952 2.96517412968425 42
212 -10.622483201656946 -0.7547920647067684 365
213 -9.099811314076673 2.1350063318651586 146
214 -5.960284733943646 1.788666583199622 78
215 -7.380553094467988 -1.3456703929590013 150
216 -10.817938728054802 0.23144168850044147 271
217 -9.196239851562025 -1.5246614206980245 23
218 -9.323213639527575 1.9584620224174583 158
219 -7.720535369916615 2.004115646807144 107
220 -8.179354980517216 -0.9292263672144648 27
221 -6.741782251036154 -0.1480046680598556 475
222 -8.401983666976943 -1.3008505281578637 103
223 -5.828082056599328 1.3762655645605282 100
224 -7.841069870286019 3.1500082477073317 36
225 -8.731468881827062 0.6467074258317907 177
226 -10.626397732205637 2.4270757403613907 136
227 -6.7592200307489305 0.1797937426819304 248
228 -10.489575193226687 1.3064046481346134 409
229 -7.004360749343176 -0.8054717631864668 63
230 -9.69973557181207 -0.5009760723097042 90
231 -9.248208442375569 -0.8821330014881559 216
232 -9.34921456206093 0.8371651968500539 276
233 -9.182926822802909 -1.2499322916182845 75
234 -6.417837075590174 -0.18426307903521708 130
235 -9.120817281532581 0.8457253423929251 90
236 -10.22939147708401 2.070985572372974 16
237 -5.520874986461303 0.961242815432581 430
238 -10.190417616130318 -0.6410672448238737 213
239 -7.944986080974352 3.0812771670044548 50
240 -5.809837149364513 0.6220221853369031 10
241 -6.753273678741613 2.4922730242715043 312
242 -8.125384780208558 0.7968649677975984 417
243 -9.410815659610515 -1.139137535173234 100
244 -8.535465618975625 2.4890881160582867 451
245 -8.837930860649244 -1.8352769040108339 495
246 -8.434373741293093 -0.4533496406020464 215
247 -8.136718054052038 1.604426158553575 446
248 -8.065748822086562 0.5885576391753973 280
249 -9.986438954872343 0.09745695337899514 377
250 -8.407280499181658 2.851761175932064 72
251 -10.11091240723588 -0.7440864543579644 63
252 -10.649718925353943 -0.5123155797090926 462
253 -7.958918205305397 -0.6618925142876396 132
254 -10.029549265492864 2.5454780215515824 385
255 -7.4890879284309415 2.3484288905271304 202
256 -9.75750392068938 -0.0501357250402968 380
257 -11.220923652702153 1.2507689283666843 85
258 -8.430555073476459 0.941151003268393 248
259 -7.944505196011065 2.130783909071992 402
260 -6.0390627940967985 0.12719444234412622 194
261 -5.755258349867012 0.25755349335668554 470
262 -7.072262471378167 2.884154794338313 216
263 -10.630647018193978 2.0651610632318884 306
264 -7.4244648348959235 2.0353710932347218 259
265 -6.030195230865539 0.17917794409739812 481
266 -7.738861635956625 0.7328897889606818 61
267 -9.367258687369363 2.3464135671923576 386
268 -7.198670380065111 -0.17937985017683822 432
269 -8.845936654491215 -0.6643602735207154 64
270 -8.710878897742026 2.9959444252326644 25
271 -8.506202898353173 -1.0348058587593059 376
272 -7.736880040003156 -0.2888341534902746 13
273 -9.413459013462148 2.6487641310537753 95
274 -11.142978159972055 1.418267480192284 44
275 -8.940313961192123 -0.8435518795075523 127
276 -8.3474230317729 1.2645137402825541 222
277 -6.059826668429084 -0.27911898615695946 338
278 -9.272700044400873 1.5226427014166874 78
279 -8.965873779146268 -0.09685073181424603 363
280 -7.815368439349479 0.058940100410839566 73
281 -9.893937306077298 2.472760468529451 17
282 -6.907269235672005 3.7414408178730816 145
283 -10.291929223211087 2.322238228408309 155
284 -8.327977980641164 -1.694478376513678 6
285 -7.413251995612308 -0.8847725001558424 453
286 -7.090996622593226 0.4381751131391951 1
287 -9.594913611335436 -0.2856182412004125 40
288 -6.015600300450542 0.8174414834793504 126
289 -7.086516785250968 -0.24552216126761653 27
290 -8.13373424781427 3.4109095195721926 409
291 -7.663328021614704 1.1204553674835493 260
292 -6.567441802167417 1.4354831297783377 129
293 -8.358995513961892 0.3968260619793792 295
294 -9.858088362410665 -1.0850598052404767 445
295 -10.229062007508041 0.6389481703334667 449
296 -6.914825263064734 1.5132377445982064 292
297 -7.367076971446245 -1.6655328775896308 137
298 -9.674361296682806 -1.4042721098446957 14
299 -6.283688306956266 2.487303631121755 337
endpoint1 endpoint2
8 217
36 231
121 235
29 50
87 229
57 262
14 231
120 217
28 162
236 273
71 252
22 289
140 214
190 216
153 295
218 287
101 185
111 157
24 290
243 269
64 126
71 171
170 182
188 268
54 225
59 214
41 256
82 278
160 277
137 142
155 244
96 269
92 239
33 200
81 86
249 251
135 234
161 199
20 169
95 213
100 224
147 159
38 73
178 227
60 62
26 250
81 139
76 121
21 285
74 89
225 271
141 283
73 189
128 203
65 200
252 257
94 176
77 296
104 137
144 174
32 136
6 101
30 230
198 293
126 186
96 149
188 267
2 18
64 107
65 147
5 154
43 91
34 108
62 286
40 155
63 287
2 209
179 233
15 88
3 259
120 231
132 275
195 247
0 211
96 199
138 248
45 242
212 232
157 166
127 299
176 273
89 203
15 108
21 256
24 28
191 228
43 195
15 157
118 199
96 293
7 110
93 274
102 156
38 97
18 270
71 205
61 244
28 54
128 141
184 227
112 187
72 200
7 255
50 156
288 292
30 36
39 75
27 246
38 164
143 269
101 202
123 181
128 270
10 48
166 287
1 273
99 200
41 189
109 241
196 291
43 56
22 106
197 290
11 19
81 177
89 125
141 193
111 150
119 226
154 264
91 263
137 139
186 232
15 39
175 242
116 261
98 239
122 269
16 236
13 106
184 234
4 129
51 223
101 233
48 223
126 227
272 286
199 219
100 114
40 181
194 235
26 92
148 266
105 240
57 161
101 221
141 224
46 125
65 245
129 163
253 265
181 220
208 285
29 245
213 264
137 279
13 155
87 168
139 259
262 290
189 277
166 194
2 25
17 215
11 153
155 246
13 256
67 120
17 114
97 248
57 299
158 206
90 128
85 296
115 184
8 284
105 114
7 139
114 296
111 208
218 236
53 173
52 77
197 266
100 200
25 101
79 222
43 191
246 271
16 183
94 182
66 161
162 278
171 289
114 284
203 276
130 163
142 195
38 59
31 254
137 280
126 184
21 88
134 165
168 175
242 259
40 119
41 271
61 136
57 88
218 296
60 207
38 247
195 211
39 266
42 250
118 125
157 281
111 243
4 20
33 299
207 275
35 174
21 44
48 70
80 230
105 123
27 84
160 206
52 84
35 180
121 199
110 154
85 261
178 242
25 245
44 183
139 210
190 210
55 199
83 127
165 292
225 248
73 142
74 260
26 151
44 205
101 268
138 262
284 297
286 297
83 101
208 289
143 230
104 295
11 270
110 200
87 242
40 132
156 275
120 266
146 173
102 146
206 285
125 158
116 245
72 278
54 154
267 278
39 210
132 141
119 148
174 225
155 292
56 141
255 280
45 233
269 276
104 112
109 213
29 166
109 257
228 231
124 228
16 165
189 221
55 220
203 258
3 85
35 233
71 144
105 158
200 253
29 99
214 296
68 194
119 198
92 216
102 179
248 264
111 126
124 150
60 86
44 248
56 174
140 158
131 243
204 215
146 190
137 147
61 229
80 113
2 80
95 232
54 183
61 72
76 96
227 288
7 140
52 255
34 149
103 152
9 278
83 174
189 214
17 34
8 9
107 129
112 281
115 193
139 166
103 233
58 121
166 238
3 197
13 54
218 283
271 279
42 68
55 74
70 287
71 167
4 251
85 105
45 295
40 114
91 286
123 254
34 216
115 148
89 137
131 248
32 277
1 44
207 276
70 203
135 230
72 97
220 297
239 255
14 295
61 65
0 208
88 269
78 256
61 216
93 141
97 202
81 108
51 87
34 37
118 191
110 264
89 220
107 134
76 117
88 170
24 115
9 134
75 294
91 183
22 278
201 227
89 198
55 200
130 161
143 289
162 276
40 234
103 252
62 179
81 187
72 144
9 249
10 201
46 86
189 262
149 280
6 115
139 272
161 250
105 291
119 232
121 249
5 13
23 78
183 213
80 111
32 62
22 33
114 289
35 271
106 254
74 235
44 155
26 193
69 294
213 226
208 247
106 152
57 155
232 253
13 40
122 167
21 268
109 244
64 291
32 131
36 137
48 138
167 192
95 275
198 298
50 164
124 163
204 230
97 292
207 252
13 28
14 218
131 230
42 122
89 98
96 99
18 266
147 294
72 204
167 294
214 241
23 265
240 277
8 274
9 63
112 270
70 241
72 91
146 267
137 249
75 198
89 208
11 49
78 222
56 219
22 282
66 171
1 123
4 208
75 256
9 235
30 254
2 133
16 263
66 218
81 274
73 225
12 110
33 215
43 232
111 259
211 228
52 62
5 146
80 93
54 147
109 178
71 220
48 280
8 37
18 148
80 236
240 268
266 296
7 142
119 133
54 86
1 90
27 249
151 162
29 215
162 283
171 243
108 246
132 192
40 110
124 177
147 243
62 142
286 291
71 280
10 204
21 190
8 93
64 106
92 283
23 289
58 208
46 55
0 188
100 128
175 237
48 202
23 202
86 236
184 219
168 254
134 244
178 294
130 133
30 274
39 169
115 200
88 210
225 251
198 287
157 193
114 125
210 230
130 217
149 294
79 238
39 157
147 222
157 251
209 242
255 299
37 100
118 248
39 251
41 232
205 207
135 217
60 289
19 163
204 272
20 164
94 274
104 208
129 159
159 253
38 167
27 78
29 169
3 74
207 291
128 269
157 160
53 291
67 169
51 227
74 84
28 219
276 293
26 266
75 217
99 280
49 165
11 206
209 235
161 241
229 248
117 195
91 112
216 238
59 107
258 268
51 54
139 152
123 127
60 91
74 129
109 183
248 253
198 202
8 32
78 173
58 258
25 123
111 200
13 168
152 257
25 278
26 121
109 235
114 246
175 180
79 117
117 162
83 110
119 194
219 273
58 100
98 126
91 230
282 290
183 195
4 44
220 225
7 17
18 146
61 68
100 225
65 280
148 153
65 207
126 209
190 298
51 268
56 83
170 190
84 121
29 233
79 227
145 267
267 290
102 128
11 278
63 236
85 95
130 258
7 235
104 197
39 119
45 215
243 252
8 258
84 281
64 175
114 153
165 241
237 261
152 271
16 151
110 268
87 206
147 258
221 279
61 206
227 231
81 122
76 214
260 285
55 196
164 169
14 16
176 255
136 140
163 269
27 268
286 296
173 293
62 183
194 279
71 275
58 255
40 125
204 235
80 281
53 236
65 107
120 128
8 207
117 276
87 266
104 204
147 293
195 255
138 224
25 213
107 115
110 156
273 293
6 50
114 227
50 291
51 70
42 145
85 150
138 202
227 286
264 276
191 236
164 208
129 169
233 287
46 212
159 170
90 114
73 154
213 270
74 165
0 150
4 243
14 275
49 189
41 104
1 187
32 83
144 194
130 200
85 196
41 114
119 283
61 111
18 288
45 108
129 150
142 272
25 222
14 115
88 89
83 175
102 121
50 83
109 114
199 240
250 267
76 125
117 134
156 172
225 267
24 244
71 142
197 298
17 188
27 149
92 93
112 254
142 249
76 91
157 203
76 184
53 254
17 95
129 211
60 219
154 205
219 265
16 273
58 213
18 246
21 114
73 258
43 130
45 101
97 209
25 167
235 256
11 84
110 174
135 253
115 276
197 221
94 173
31 256
139 198
128 285
27 116
9 14
172 269
228 242
108 121
87 160
124 205
58 109
209 219
107 179
107 262
180 208
50 55
96 289
60 210
79 237
12 97
224 270
151 279
12 275
69 243
51 165
122 232
1 38
47 50
181 267
131 285
119 263
28 179
21 142
71 116
39 212
9 45
34 166
11 196
82 108
40 45
5 262
86 218
221 277
67 158
10 143
141 273
110 155
102 212
138 193
19 106
221 271
57 126
260 293
238 275
33 110
95 272
69 210
46 88
59 223
136 250
60 88
25 42
183 211
181 276
31 157
70 196
170 235
22 59
104 107
11 66
17 288
53 55
147 174
52 203
30 43
172 185
126 255
94 159
159 249
162 248
64 259
119 141
52 241
54 94
28 94
180 184
226 254
213 290
65 292
207 220
125 279
70 172
123 130
97 139
82 181
159 287
209 239
8 248
78 229
118 272
13 103
80 213
193 198
186 209
82 233
67 275
73 196
169 230
66 292
190 251
58 187
61 222
53 161
38 75
133 230
34 43
39 91
40 275
50 198
227 265
190 295
36 190
48 135
153 247
203 272
59 247
101 164
141 247
20 217
236 238
239 280
13 291
176 197
111 291
3 234
10 229
144 279
59 237
168 276
191 219
104 179
109 146
155 203
209 250
131 251
193 223
33 195
68 275
13 195
107 232
94 137
104 127
142 186
178 297
10 33
8 49
0 126
119 294
75 245
39 174
228 252
2 124
17 60
47 277
177 194
4 122
16 64
48 148
72 145
90 108
150 276
117 279
62 119
136 266
32 210
18 100
94 267
21 41
3 58
146 192
159 242
119 182
52 244
123 179
115 261
137 247
0 107
143 297
80 142
54 244
244 281
112 196
145 189
100 175
39 294
19 56
230 249
27 177
60 193
14 32
127 141
82 210
91 113
139 153
175 240
48 199
66 250
