nnodes nedges type
300 1000 graph
nodename posx posy weight
0 -16.801248934276487 -4.081462198064265 86
1 -14.218253894552632 -3.3859249494891883 495
2 -14.818651615385512 -0.357867674865266 494
3 -14.053714577710847 -2.6652411095883797 416
4 -15.122601655317968 -0.7505163420276462 471
5 -15.967567182312152 -0.6950925875973114 317
6 -16.0047864398111 -1.4110168822716105 445
7 -15.644343423921498 -0.7665553813967089 100
8 -14.82668636248303 0.13907608011775788 193
9 -13.00781609164908 -2.1137229130769346 124
10 -16.86669004039406 -1.46679291900701 74
11 -14.035518145304742 -3.0899818750835695 412
12 -14.461578016393762 -3.554876914480246 281
13 -14.130202619350367 -3.922214872651994 324
14 -17.8472145853994 -1.650733526759819 348
15 -14.793429811948986 -2.414313019021112 314
16 -14.46426424196036 -2.598847363713557 400
17 -13.821243834374409 -2.265782403142104 223
18 -17.507314475876367 -3.2177062140359975 218
19 -13.816579366643369 -2.949439498066589 459
20 -12.9618637930848 -3.687132515210397 384
21 -16.369127814979574 -1.8021400061987503 146
22 -16.79700747449479 -1.013984286740279 71
23 -18.194659660914063 -0.914612587372976 308
24 -15.510734214073915 -3.357931282248746 51
25 -13.457928909052738 -2.2052183062965116 291
26 -18.060376887480754 -3.120994575482958 296
27 -17.70154105291252 -1.1940605790802175 259
28 -13.44761611683043 -1.723736747175061 256
29 -17.773747062930134 -2.9616079111811895 245
30 -13.422137010710687 -3.146898940007266 236
31 -13.85588414117969 -4.161306132929548 500
32 -17.485987568682233 -4.373201775007044 176
33 -13.256220077180712 -0.3191288119821018 276
34 -15.836494644133701 -3.319387445424526 436
35 -14.016986013873108 -1.0767920202627774 415
36 -15.574393155185703 -4.144672770156313 353
37 -14.842893833160007 -1.75629129697423 463
38 -14.807690434848878 -2.670495961653714 119
39 -17.981633635464256 -3.7966991780318566 177
40 -15.330869077702657 -1.4024101429427893 263
41 -15.580879266244146 -4.511131263220717 122
42 -14.785380226233599 -4.711605394011233 458
43 -14.2159113410948 -2.4081631112690065 244
44 -15.46962425458675 -0.3888335089064186 187
45 -13.803019016626227 -1.191578069918703 278
46 -15.763769042411154 -0.5172373279012227 109
47 -15.834567040586755 -4.396171346711497 444
48 -16.445813714574104 -3.0206536346382364 90
49 -14.080048038663353 -1.9921666910124989 178
50 -14.241846477347712 -5.251656343330238 247
51 -13.930791249453202 -1.5439838102327523 371
52 -15.085807370706007 -0.4842547116269429 292
53 -14.473821317414426 -4.191782637099696 185
54 -16.997892219276217 -2.69842092618446 295
55 -13.511855040455004 -3.829658418193471 109
56 -13.9255590780877 -1.8680550206739455 361
57 -14.401693323456207 -0.29212486287032635 183
58 -13.940937690145518 -3.8805904795568513 73
59 -14.012358939261448 -0.7024288503427013 74
60 -15.736524562001284 -2.5438326531994937 185
61 -13.522575029088781 -2.1446590682760047 100
62 -17.33654457180265 -2.631972891042291 409
63 -13.79960429005757 -2.697842839775121 390
64 -13.972011839515913 -0.8622365135776721 376
65 -15.738994942126686 -1.9285360487217862 235
66 -15.976803566522863 -5.185943369243822 53
67 -17.170655023220558 -1.3978844745832102 103
68 -14.31358695469657 -4.64280532752086 13
69 -16.802761732874497 0.16328483066429736 48
70 -14.977754391814965 -4.7899521541492 248
71 -15.584930327028308 -0.9564125804576937 438
72 -15.825978520189333 -3.527870933263111 462
73 -15.89417118859111 -4.238809944410878 3
74 -14.690675034367729 -3.05686444237592 67
75 -13.653800431941479 -0.14429269961421554 397
76 -14.184119814107307 -1.7534457595124862 50
77 -16.000266136740798 -3.832039098382861 435
78 -16.724257453847088 -3.5233696029270716 201
79 -14.55165269260523 -0.08885063472038658 224
80 -15.654363592857155 -4.703276995449457 251
81 -14.390633481777876 0.11752446290505951 440
82 -14.676507452427156 -3.4467331729439663 433
83 -13.278464324207492 -3.4233032380384807 474
84 -14.553712854223747 -0.5377375826667636 71
85 -12.98076882464591 -2.6945360228998645 499
86 -17.079470072674923 -3.6621766195683843 79
87 -16.82876148513163 -2.2509561115280183 332
88 -17.264940848445328 -2.486466539994004 103
89 -17.488097222095302 -3.5922060400106735 424
90 -13.246070117644635 -1.446587439454567 375
91 -16.25716728138558 -1.0657796361552052 256
92 -15.06690103584175 0.45052239840608643 206
93 -15.338695496185439 -0.07981269177206515 166
94 -15.2167373987638 -2.002097393302818 31
95 -16.980669474000667 -2.8920833838220874 244
96 -18.235656788723016 -1.1245910929735228 274
97 -14.146069177633484 -0.1989878804678616 491
98 -16.01966095554077 0.07008889338459777 86
99 -14.75416099874306 -4.321249757528046 500
100 -14.667116003849179 -1.569695374784272 93
101 -15.037954539503959 -4.179401139177721 487
102 -15.309679284175186 -2.4568371949142183 335
103 -16.14166858130941 -0.8778038554557963 315
104 -13.632083022855344 -1.8209663184998186 255
105 -15.631246299663484 -1.2041979686691875 197
106 -14.897946948791018 -5.731586249590418 88
107 -13.426534395683692 -3.285215734416849 46
108 -14.334122843965643 -0.6266470491522675 175
109 -16.550384334383203 -4.393872296256613 330
110 -14.809064296579868 -3.3235691464658736 498
111 -16.443049253169463 -3.252326125465728 175
112 -14.368238248140647 -1.3172180766331127 16
113 -17.078065189157027 8.559034724052797e-05 12
114 -17.94654170660271 -2.212113855722393 132
115 -13.408002133200275 -0.5890901130301791 286
116 -17.619177172907825 -4.034229417386592 333
117 -15.192776444345812 -4.389383329782766 360
118 -16.510836470073308 -0.6926917939073118 95
119 -15.575703420048116 -2.4666711772765404 404
120 -17.238046510719546 -2.990246988027457 340
121 -17.328828590565827 -4.470995804859702 124
122 -15.378467788731129 -1.6265132253378503 95
123 -17.986250614324472 -2.539678611446085 369
124 -16.675087454618705 -1.9896470954430352 181
125 -16.679102565631183 -0.43223680936072284 109
126 -17.26129135274678 0.11882346190787395 434
127 -15.054351193214037 0.029049990942659448 241
128 -14.197797260933074 -2.8222622992537794 361
129 -14.637581151441317 -4.713397439189383 442
130 -16.27532204182588 -4.558432680427851 212
131 -14.407750886439567 -1.0142951637076023 430
132 -12.864523143274948 -1.1078722946677408 375
133 -14.694445468307231 -0.4267084497464778 255
134 -15.701135269991584 -0.3029688749149945 48
135 -14.641457958961531 -4.0102676777107895 236
136 -16.35795420820764 -4.777157359950679 248
137 -15.846782120335316 -3.145242742223727 24
138 -15.276943645055633 -1.000787604612295 186
139 -14.119884237856823 -5.105708114240414 166
140 -16.041962436411236 -2.536181957953884 434
141 -17.078329354092737 -1.5885052596089277 83
142 -16.641437232742565 -0.8334962294107939 236
143 -12.953907077865864 -1.876228608842504 304
144 -12.638480355305905 -3.47821978230133 455
145 -15.12058566968945 -2.114218331057881 394
146 -15.85012601344325 -2.9639803481743674 126
147 -14.22355523574479 -4.063277543754866 261
148 -13.909525972894203 -2.048891497744054 281
149 -17.266344808180385 -3.18419125812156 267
150 -13.672454769817245 -2.4975688899184707 405
151 -17.451636386915894 -2.3928497903062462 90
152 -13.095397826182111 -2.2690286875447008 121
153 -15.446679464285333 -3.7725151250598543 417
154 -13.524073289715144 -2.569209172419454 106
155 -16.80000403903439 -1.4515009981198974 186
156 -15.990686055133583 -4.457673431852913 440
157 -15.535282754023546 -2.086253878546544 330
158 -18.089288468259415 -1.6781693457310949 153
159 -13.128188575016926 -2.3900857500299995 108
160 -15.386353789651361 -3.122362202477781 134
161 -14.370507221690906 -2.7917921132585155 397
162 -15.123543339118457 -2.715404516532174 500
163 -17.454169719784957 -1.4334095819106891 29
164 -15.51127778998178 -5.290103153430948 1
165 -15.39933878104156 0.11169143803246988 331
166 -16.346936231422273 -1.4996726607608002 398
167 -16.57550838058696 -2.2111418925892052 303
168 -14.304026292971917 -4.34056961448344 137
169 -16.38955347215949 -1.3075820993673088 328
170 -16.069641565309272 -1.9253414325473976 414
171 -15.223566439696194 -3.3089115942898952 99
172 -13.70741545821891 -2.0834826502057258 440
173 -15.213149534899145 -2.97570445199442 28
174 -15.154405100407374 -2.3931923503638344 58
175 -16.76203461274157 -3.733697096504815 126
176 -13.448679388248747 -2.936602982137747 458
177 -14.948843664234023 -3.1267673490612857 494
178 -15.74969829037494 -5.03791761153077 97
179 -16.243077928001103 -2.3180223698665867 264
180 -15.53943086492261 -3.6502281918376713 242
181 -16.04747164147275 -0.9595951237958781 107
182 -17.32726843085377 -2.3239199030915945 371
183 -18.33544896496459 -2.875655294458422 253
184 -14.999749020483994 -4.444152960549649 288
185 -14.710726374703574 -1.9052910922056219 284
186 -17.403510303297786 -3.3144249179477203 460
187 -17.012693320758363 -3.9846643366926746 282
188 -16.097328072591356 -1.3310450997828887 431
189 -15.708811591580298 -4.089819417317104 163
190 -12.610154386704732 -2.093384332972203 133
191 -16.264313864954346 0.06569525126259934 357
192 -16.923394327315414 -3.1171572046555625 433
193 -14.67893381681388 -3.6397748993988874 380
194 -16.075306867416195 -4.810223703635838 175
195 -17.748802185140175 -2.802855911495712 260
196 -14.629174420262853 -1.3585350151576716 373
197 -16.164213068858643 -0.37988131310895135 288
198 -15.855046130666743 -1.812127696725923 212
199 -13.89260640147545 -4.500630510394056 67
200 -12.807211433932071 -1.527883700002709 315
201 -16.9848145685989 -0.28069134837727194 275
202 -17.795073873785434 -2.5369017311426196 105
203 -16.75388292973033 -2.7381288211959576 406
204 -14.738384985171951 -2.0756337080759035 309
205 -18.099856131294224 -2.4187001552611265 433
206 -17.04382631418206 -0.7068354976897054 19
207 -15.428119968419631 -2.5570742499710204 107
208 -17.773739289401014 -1.8664558261364814 417
209 -14.171951706956337 -3.1697976989057244 226
210 -17.52958611653119 -1.1060162302381007 283
211 -13.506062130387813 -3.3593532787962785 444
212 -16.788323687380775 -2.6111739593017496 167
213 -14.759649933283832 -1.2073196479511832 308
214 -17.56170745613835 -1.9247876463928923 301
215 -13.035034989005592 -4.17600170518995 197
216 -16.62912150111681 -0.22931275940823811 205
217 -15.621107169626963 -1.6871968178407524 329
218 -16.54030168632695 -1.7568228160383998 200
219 -15.282237532749583 -0.6898085506907754 183
220 -17.30550707400487 -3.7152700918900208 383
221 -14.466202297165685 -2.1874090962896013 261
222 -18.937651236062926 -3.205472740088501 152
223 -17.374066583232807 -0.40056057617955926 187
224 -13.508096913168654 -1.1195996241539832 483
225 -13.785876460962154 -4.862744204266186 362
226 -17.058890289557933 -3.333075273181001 57
227 -16.296250324803513 -2.6240228665206224 60
228 -17.969548571961617 -3.521190988497442 154
229 -17.373555665011864 -1.7901768164120035 410
230 -16.17346743849323 -3.2794476185941304 369
231 -13.752748869738951 -4.458802661468552 440
232 -16.983111756479293 -3.8665540533780596 336
233 -16.449347440299107 -3.876775501092549 389
234 -15.624544799212467 -3.0354519227471943 375
235 -15.77979871560351 -2.1549230559664916 358
236 -16.11450052269016 -4.790241374110603 411
237 -14.438060418075308 -2.0133560951571314 224
238 -17.972995826855005 -0.41295377423301577 358
239 -17.435039716408728 -1.6568205790052286 159
240 -13.629402857427145 -3.554988384519267 7
241 -17.5527085959831 -4.147690749315602 97
242 -14.305797002171596 -0.04200890308634997 355
243 -16.585184051873096 -4.044025419254407 414
244 -16.99713856732044 -1.8407068543554475 66
245 -13.997349061057632 -3.559736628227823 212
246 -16.23916115392807 -2.8374517268478443 351
247 -13.522687909022588 -4.206643728762267 319
248 -14.850805597857645 -2.0461966272254832 389
249 -13.192215172419829 -1.0857750027623603 169
250 -14.882136697699305 -1.0006216598176585 499
251 -13.660405645073183 -2.826937378309314 22
252 -17.34007522436617 -2.07300726277629 357
253 -15.34505705230589 -1.0684660657639324 87
254 -12.92682221987951 -3.154215350724007 43
255 -13.783578475083884 -3.73414800178219 468
256 -16.509214802924593 -3.380699561077712 493
257 -15.280420803769376 -1.2720362594972696 328
258 -13.807255143938773 -1.0580659450782028 199
259 -13.159323924654277 -2.8954159824156847 71
260 -15.226404943178665 -4.662750611817145 431
261 -15.310584547435065 -3.9668094926961364 71
262 -13.661354087666984 -3.8945949022937665 133
263 -14.937970252341303 -1.2679239460173408 143
264 -16.28828897573103 -0.5425359195580363 182
265 -14.514133580833654 -4.396529191091044 314
266 -15.059975451129237 -3.603913292191148 477
267 -15.039898122216881 -1.9171486300671436 7
268 -13.704650020403642 -0.5062815933899742 163
269 -16.048200468107087 -3.6863093203482964 114
270 -14.177366591535977 -1.3324200504863961 320
271 -15.360278569059505 -4.614432887451241 323
272 -17.393926641876707 -0.6836111989023227 400
273 -15.373148448873788 -2.77955907960854 35
274 -16.19050118817752 -3.5627220754221387 373
275 -15.325849580052166 -2.168318868523225 118
276 -13.002479795650373 -2.881274766983001 212
277 -16.617513734075743 -4.309860001144267 91
278 -17.15645879538269 -4.6403994624366875 193
279 -15.575839898664091 -1.0605873340813132 369
280 -13.08039665414426 -1.7577136290910853 341
281 -15.978094709270383 0.21946127894984602 388
282 -15.59571820481218 0.07227292046053006 27
283 -16.250277703795774 -2.940127983837534 235
284 -17.075055426010508 -2.0807179979701367 92
285 -16.771595411402597 -2.160207818503552 253
286 -13.275816712731718 -1.5911757130031856 28
287 -14.466735670010603 -4.979505871557208 67
288 -16.335412127918428 -1.9782842991119576 239
289 -15.047625074534798 -0.25822013431277574 138
290 -14.47338818318928 -3.2107959389249294 320
291 -14.793695138300206 -3.7917965116491152 469
292 -17.010994586734448 -1.078898576160411 278
293 -16.333014002507564 -3.9130728501935588 82
294 -15.195830221498515 -3.4287126652871502 395
295 -15.238545426215989 -5.6516964895326485 49
296 -16.977224326946402 -4.760408839351634 320
297 -17.073200017807192 -1.1588795795472515 418
298 -14.25700052510487 -0.5357818043732506 332
299 -16.1484174771974 -0.4682496800044251 135
endpoint1 endpoint2
38 275
209 261
192 219
0 175
4 264
191 292
101 235
52 213
248 252
23 183
61 76
40 179
104 115
22 252
140 214
36 171
198 264
178 271
1 122
74 199
21 119
162 257
67 181
30 255
74 161
63 290
202 214
138 163
181 248
90 152
114 173
16 286
34 85
175 256
95 207
4 142
180 256
97 264
34 182
28 276
18 284
21 37
135 234
112 288
70 215
48 77
8 282
165 201
52 250
36 41
34 41
176 260
5 272
59 152
48 163
122 182
52 105
110 247
142 253
23 126
1 15
11 279
207 235
141 169
6 145
145 219
62 114
209 265
119 266
84 280
82 248
30 61
45 242
10 283
67 157
162 226
3 68
187 291
24 255
16 172
26 239
127 299
52 112
56 115
188 292
5 223
29 294
70 156
54 243
186 234
257 275
158 272
80 175
10 244
21 198
150 157
3 112
137 184
50 168
45 64
5 131
19 53
51 169
240 293
32 212
92 253
156 234
115 132
57 281
93 268
59 75
201 292
54 285
109 189
125 250
156 293
43 171
104 247
111 194
227 237
128 217
25 248
1 77
65 218
106 135
25 268
46 281
17 162
40 297
0 230
121 187
232 285
11 61
260 283
19 249
252 269
163 223
149 167
188 281
67 206
0 149
16 95
25 147
180 193
12 262
117 194
2 298
148 198
103 170
2 56
35 90
90 185
12 72
70 101
82 234
215 254
132 138
71 224
83 275
9 270
197 203
7 27
48 72
76 102
217 237
103 158
128 261
15 270
28 211
46 125
13 129
15 24
175 183
167 250
28 112
151 156
72 87
112 253
145 180
106 178
4 112
217 256
94 209
104 275
22 71
16 207
117 203
7 264
195 283
67 120
139 144
180 246
0 47
28 157
151 235
41 296
118 122
4 45
5 185
48 283
16 251
23 206
43 122
121 212
185 207
145 250
7 16
56 255
176 262
139 199
4 188
152 221
17 37
140 207
227 269
182 187
191 275
100 200
138 299
107 132
64 81
5 91
35 251
62 141
134 165
85 237
17 200
154 215
83 231
135 283
134 191
209 254
38 259
122 235
186 228
7 234
146 178
43 248
105 216
3 154
140 232
86 227
84 282
48 70
204 276
32 256
24 82
78 261
88 274
61 211
115 282
140 198
72 169
236 287
142 160
72 82
15 110
142 297
51 276
107 147
104 152
176 240
124 203
80 260
148 245
114 120
137 212
159 172
79 235
104 190
61 280
170 285
43 82
86 256
78 157
11 109
150 258
25 43
168 194
128 143
211 221
17 253
153 185
73 220
245 291
173 198
82 102
57 257
48 218
76 240
30 280
38 83
123 183
65 216
24 275
176 266
47 227
162 213
266 269
110 135
111 170
43 58
25 224
39 48
44 61
71 267
68 194
140 170
20 209
21 205
204 227
74 162
167 213
107 267
66 220
122 289
145 203
62 272
77 204
41 248
73 280
129 290
159 231
41 130
71 248
88 163
113 118
47 232
108 273
264 284
109 232
259 273
24 245
56 224
11 294
218 283
21 214
187 271
237 249
21 93
13 16
69 239
170 220
86 244
63 107
172 174
33 204
59 91
105 213
55 189
0 71
236 260
110 175
7 133
24 77
133 224
88 170
149 205
86 192
108 213
18 32
19 265
128 207
51 273
177 287
91 173
155 171
102 173
88 246
14 169
31 99
244 273
112 204
141 203
111 140
37 131
29 230
52 185
111 279
30 117
37 102
116 194
49 128
269 293
6 149
144 215
20 43
161 263
26 39
36 255
167 182
40 165
60 184
25 74
11 199
63 221
66 156
198 221
89 273
48 94
90 221
26 86
193 237
6 266
191 282
97 165
16 160
188 288
11 56
110 130
147 255
94 193
233 283
164 265
11 30
79 98
99 173
101 177
165 268
261 295
42 80
204 230
159 174
87 297
94 235
209 245
166 212
116 284
140 274
95 182
249 258
145 283
22 163
180 236
131 140
10 292
121 228
150 237
204 218
81 94
89 167
189 225
49 117
18 157
28 161
21 299
134 250
24 277
128 221
46 285
152 211
177 265
102 294
46 126
40 65
165 299
152 249
266 277
105 267
79 242
183 186
201 217
211 254
84 112
15 140
267 299
62 96
64 154
76 154
56 176
62 278
48 118
100 153
146 188
78 277
6 22
105 210
21 38
5 188
65 189
74 148
140 246
2 46
122 207
40 270
38 72
175 194
24 284
124 253
126 201
35 138
48 162
55 215
0 261
109 274
246 253
75 213
15 100
171 243
239 283
21 212
56 200
13 290
206 208
133 169
12 128
168 172
46 196
214 283
204 242
76 145
174 271
36 99
119 237
206 279
120 256
123 285
134 210
73 123
118 155
120 230
57 174
50 73
119 289
143 209
160 161
227 229
187 288
3 204
96 181
38 134
162 274
100 270
180 211
127 185
100 161
145 270
64 97
86 116
85 90
37 235
20 53
145 221
117 278
150 271
46 155
58 273
214 252
1 221
183 205
53 178
135 247
51 94
124 243
189 230
10 138
137 291
196 209
89 205
221 268
154 171
46 258
133 258
284 293
69 223
40 98
70 168
68 72
74 167
60 125
8 75
21 87
101 274
89 153
201 214
12 261
92 98
55 110
61 119
7 272
43 108
68 139
87 228
40 174
104 110
101 234
112 298
148 291
3 173
169 226
34 53
95 239
164 247
231 287
188 237
44 170
27 125
60 133
87 179
76 160
188 279
153 243
221 234
87 169
136 158
49 57
140 267
56 76
105 275
218 219
181 282
150 250
90 131
258 289
148 298
113 181
4 44
128 176
35 166
127 249
153 168
145 251
109 202
251 291
6 46
231 276
45 248
151 188
38 171
47 291
110 146
1 251
6 64
75 92
36 48
10 15
142 289
88 205
112 122
99 262
163 208
208 275
63 159
37 291
45 172
248 275
170 267
10 202
101 139
258 286
3 245
56 185
99 137
37 224
122 234
21 166
25 35
66 231
58 276
153 177
185 209
119 156
65 174
146 196
197 216
65 273
182 292
88 174
137 243
108 118
175 186
127 298
22 126
161 162
60 241
189 296
120 154
49 162
24 140
155 197
243 256
31 117
206 284
130 285
3 25
59 84
59 179
3 267
93 267
104 105
288 293
28 257
175 210
43 148
265 293
235 274
60 146
43 170
30 207
36 38
177 230
85 150
21 264
77 80
19 248
80 129
146 294
56 97
70 295
248 263
229 299
22 167
180 232
131 240
182 284
150 225
12 73
54 277
192 244
87 220
64 280
129 136
55 270
109 233
16 56
11 172
217 285
166 233
266 273
45 270
76 263
63 144
282 284
84 235
44 216
262 291
22 207
83 251
137 179
35 219
134 197
48 241
19 40
99 130
181 239
62 78
18 111
155 239
42 240
111 245
60 74
95 111
18 283
235 256
114 297
52 197
102 251
155 297
146 203
5 285
199 233
13 86
9 135
58 174
261 267
64 217
16 168
98 170
6 227
49 213
38 56
109 296
261 277
228 277
226 236
157 196
59 224
7 84
5 100
136 290
10 113
134 188
190 276
92 279
37 103
81 289
0 39
218 297
80 193
42 269
19 184
154 254
87 244
2 172
33 79
117 265
160 233
229 257
283 290
87 91
140 233
7 8
80 231
158 216
62 91
17 251
44 289
103 143
101 107
188 253
127 206
34 267
151 183
147 260
212 235
102 212
174 193
178 243
56 290
246 263
176 276
238 297
212 292
9 25
259 290
65 248
4 103
85 245
53 192
149 155
36 136
157 221
104 258
102 256
21 195
17 99
58 231
77 137
1 160
30 152
68 107
27 54
243 296
175 246
37 74
54 155
8 267
39 205
230 257
78 269
40 177
31 193
124 229
226 285
202 228
177 266
121 184
29 223
213 290
38 42
4 110
149 164
14 186
170 174
91 94
137 275
137 166
8 79
166 206
25 144
78 229
47 185
2 297
102 138
139 156
63 250
87 105
23 297
14 198
281 288
97 115
12 287
117 261
94 124
192 208
42 291
16 135
202 297
2 81
54 180
78 177
192 246
184 211
41 129
60 274
246 273
176 258
44 166
118 165
197 270
49 65
141 285
198 269
189 207
62 167
54 192
27 284
11 13
166 239
9 237
69 196
248 298
13 152
63 146
174 292
5 242
116 222
129 209
50 58
36 269
45 294
59 100
74 180
61 259
62 147
169 197
32 66
77 149
160 212
98 223
161 269
79 286
14 292
3 53
173 209
142 186
181 298
76 253
67 155
35 59
247 255
76 219
29 296
17 60
37 49
238 292
161 173
177 286
278 293
54 100
97 133
124 207
12 190
120 151
153 226
29 229
87 275
138 177
75 190
36 274
73 246
179 236
180 230
77 232
158 222
34 67
21 140
100 148
204 279
263 279
31 267
166 263
112 159
273 288
52 244
223 238
234 294
116 189
196 254
137 217
26 146
103 244
167 195
55 254
262 275
187 195
12 181
119 202
9 104
124 188
15 63
192 293
51 172
141 221
123 229
80 186
66 101
58 70
123 124
125 155
