nnodes nedges type
300 1000 graph
nodename posx posy weight
0 -2.1394515452938063 4.088004362732272 419
1 -1.8841252013561278 6.086825863547859 13
2 -2.7804046768538013 4.42805279205988 6
3 0.6730544065790691 5.024050894298927 384
4 -0.9612473282318456 5.018652945157075 26
5 -2.205084122816868 5.58625554974729 156
6 -0.708049129564564 4.0160647377585015 81
7 -2.108617045143306 0.3830928978747669 218
8 -0.9363898834933367 0.8696086936622699 412
9 -4.589319801988955 1.2996267456585817 104
10 -2.173188300601928 3.3440847084722587 325
11 -1.7649758493438046 2.4813638670378193 10
12 -2.091150637415541 1.960281824565319 254
13 -3.4878795627016266 3.672939313878628 231
14 -1.385138827520816 0.846389586841683 274
15 -0.42882040154069107 2.2582395996969895 483
16 0.248331360161892 1.5532299699264664 29
17 -2.6950077532109193 3.44013102243694 446
18 0.011310366930868612 4.045173660827551 224
19 -3.896938939775992 3.234323070232075 314
20 -2.908753119393152 1.9863451227685323 16
21 -1.6951850278856049 5.497581637968697 62
22 -0.19147962244081812 4.857659482311723 341
23 -3.5815159669781806 1.1430685627216666 454
24 -2.368834814316206 4.8902083269371905 132
25 -2.0436622190091516 1.8822255367174614 354
26 -2.3115585883567698 2.826445612257746 184
27 -1.6258514769783061 1.644896392598312 21
28 -2.9979717326782023 1.3941175094243974 178
29 -2.358740200825221 4.472482497569481 253
30 -0.9408099759111804 5.304969868325699 480
31 -1.5607155122008178 4.890449353760151 77
32 -3.484844404967195 5.297877257661557 109
33 -0.996752761293304 2.807501717097141 260
34 -4.071763026043881 3.8849069311357587 213
35 -4.037001204838323 1.495117094694109 386
36 -0.21037476520793602 1.8366613669102962 454
37 -0.580453492566621 3.720972634364562 107
38 -3.5497182292429876 2.3156974864100377 415
39 -1.0575686845464527 3.869080085333927 394
40 -1.6474747390034201 1.2492375450452018 356
41 -0.9661626735701339 1.2170044225824086 249
42 -1.1709627700931176 2.5692674558182387 187
43 -0.3229054287079843 5.000469127620731 249
44 0.05983480984215205 4.734247154851013 231
45 -1.889568303095228 4.318716811890946 376
46 0.05575868265657604 3.602038878133628 133
47 -3.9987858954379885 4.555897074095133 326
48 -3.134347382893105 4.739145672825774 217
49 -1.109636064763643 2.1329830554596056 55
50 -1.6681024351523568 3.335563614609869 195
51 -4.257533054295131 3.27980933137213 326
52 -2.6502260876064865 4.483417876619624 400
53 -1.366605468826335 5.731410931183705 57
54 -1.6091835355615325 2.567416031230855 445
55 -0.13409192540916245 2.538048304649812 201
56 -1.4126025690087198 3.5079656147994056 169
57 -3.821552132654613 0.7130352404363435 145
58 -1.6886836225303985 5.6535075792906 117
59 -1.025969437358967 5.524610886920936 198
60 -3.0059146478311094 2.4461840585158554 388
61 -2.65255371463474 0.8211560814861714 425
62 -4.134269820501015 4.864249328414365 460
63 -2.922212861988227 3.6583433758356505 475
64 -3.057088720425138 5.0809141898946715 90
65 -1.2457832003352662 3.0086682453819087 215
66 -3.6031745346366266 4.594126103202699 276
67 -2.581430408259465 2.4117072678231835 389
68 -2.672999806653542 4.822599169456183 327
69 -2.5086468753777584 1.7793820296006626 245
70 -2.8723517469830706 3.2908422482829924 166
71 -1.9362368534002132 3.452965663647853 36
72 -2.1887383339581454 2.096773126609554 422
73 -3.73441268213387 3.985027159952111 156
74 -1.5993757244050568 2.8109279590088567 365
75 -0.9020446860381416 4.556879536227349 373
76 -0.8426376076643151 1.428379326213365 98
77 -2.170144656521866 1.017481896777674 350
78 -1.3883898336466156 1.7388676672886292 405
79 -0.8331944066735072 2.9570534684258627 163
80 -3.5606697174860065 1.9464241534565938 177
81 -3.9265260871834413 2.499637993692847 30
82 -3.125402096268828 4.039431370193263 106
83 -1.6661773279664596 4.0288909718164225 332
84 -0.9692739300895225 3.1378855717053478 14
85 -4.297925235109359 2.450795604442541 344
86 -2.853750865039613 4.814117474082783 30
87 -4.102440711426971 2.5638915120384618 423
88 -1.0011104351396227 4.530857394286613 308
89 -3.159407161808517 3.903257863913921 292
90 -0.8083945118658225 3.275169689955796 283
91 -1.3401250291748492 6.272871123738889 330
92 -3.3789161706267796 4.963218217471464 165
93 -1.2197451781088524 6.264550862845172 281
94 -0.6426272574495439 5.375880815350124 486
95 -1.7547947856819637 1.4656546791538072 406
96 -1.2727227726218335 1.495205171183667 285
97 -0.5083434367200412 2.071962329977564 55
98 0.8139788628678881 3.556908626517759 93
99 -4.573425158745853 3.645505791083562 366
100 -1.3546668427338662 3.989505548228364 117
101 -4.334467316296465 3.9890427511008735 1
102 -3.502152909566378 2.57542719070879 302
103 0.8411984203069571 2.0010900061746546 138
104 -2.523468023043344 3.177078689086018 490
105 -2.7797447556444617 0.48246743269986375 164
106 -2.0118040540101543 1.4910297226120994 33
107 -1.2558942183359887 0.4523033033383727 98
108 -2.78322671845445 2.3830261288090444 158
109 -0.9611071524884288 2.4084346127906344 445
110 -3.288552717666109 3.811740094780463 357
111 -0.7257851642182289 2.25439918452706 430
112 -1.104630598234861 3.31308907750708 169
113 -4.02619677385406 5.03387857433708 199
114 -2.7561195038842503 2.1870504132891826 328
115 -2.9551979129337265 2.7277930295272226 268
116 -2.5500357132678064 4.766560887439498 133
117 -2.9300226317656466 4.617880363228302 279
118 -3.7928161219507186 5.004280888368588 292
119 -0.4289287881374905 4.60777084357882 115
120 -0.41046878216815913 3.6055581091933835 357
121 -5.0718510227222735 3.5908816615411987 375
122 -4.115098256536944 2.91797390612237 413
123 -4.961878294051395 2.6375126582662602 473
124 -3.0915629785246197 3.528058888992974 258
125 -0.2980544750527149 4.413933278908715 489
126 -2.5336527641301534 3.9460091208925436 403
127 -2.3993288658764103 3.5760091730807537 303
128 -3.792420369856336 5.742384056567373 78
129 -3.403550341323317 0.6290050676739048 166
130 -1.7670610333911168 5.230223888620674 66
131 -1.5326287612961462 4.3916435402041705 430
132 -3.043740619453814 4.946029531908548 414
133 -3.3336068820500593 1.488078223777735 128
134 -1.3420690514621743 4.2282471510195085 400
135 -1.6178870423930465 4.468516527772802 452
136 -0.8885182988431566 2.0306756508685138 356
137 -1.31250908492071 2.249310962950744 250
138 -4.056504951254581 1.893787952795186 117
139 -1.6914670416391866 5.9297126554682515 433
140 -1.9782315615720378 2.7082129154224215 18
141 -2.9496532150453465 5.924027380198387 128
142 -1.7584598346157967 1.8986241913549322 235
143 -3.096434417529963 2.592565328384365 359
144 -5.1551229595410515 4.505920623607067 432
145 -3.5930440862410897 3.2314323574869492 3
146 0.8603055533213012 3.7885143063232225 114
147 -3.3709511902356573 5.115711524227192 274
148 -1.7601113677305504 3.059082658723616 430
149 -4.513947441982628 2.95016226691791 82
150 -1.97383822055823 4.60643737455923 180
151 -4.151906632649423 2.2982359166961697 64
152 -2.5152250798128533 6.457146956978044 145
153 -0.37998242609049854 1.8238005322068307 147
154 -1.2482843753755763 4.502365854891645 480
155 -2.637960185847656 4.135370327246529 117
156 -3.9331878988653353 3.9620492852154663 162
157 0.26357181979290345 2.1009962437630376 392
158 -3.775503797878366 4.605455169327647 213
159 -2.0443409072820913 5.789402322304874 386
160 -4.624605134463967 1.8775244416933528 118
161 -1.2093324795581002 4.249507663484847 172
162 0.04110026625266787 2.6240618117812278 385
163 -2.3729725536164787 5.388040029455934 193
164 -0.3517507142271376 5.669792171676381 374
165 -2.15470374001635 4.929657766944651 478
166 0.06546269525629453 3.3652034751526663 374
167 -3.3340409856650477 3.243554185987604 154
168 -1.6189335575553112 0.7036964226033738 259
169 -0.6512906522276235 4.399833553996264 124
170 -4.522536387570189 2.847555089422538 418
171 -1.5890623869672666 0.34930882126105556 454
172 -1.3505782107674706 3.1298108266124145 279
173 -4.109438353538393 5.405371989660747 22
174 -2.2289768865925654 3.5901853621525905 288
175 -3.573322399174969 2.1173216679158724 106
176 -3.7023774043966102 5.881058351681283 31
177 -0.4115998481683685 5.193897071502187 261
178 -3.7811117450629954 2.612728933421794 230
179 -3.1836517710420003 5.830346169142058 161
180 -3.496227939144659 4.354081027928224 123
181 -4.076474482361236 4.4266623401219505 295
182 -3.6487837530898073 5.032561349759959 340
183 -1.808148115909443 4.147840083239112 335
184 -0.710429207337046 1.6920262466623888 329
185 -1.3813196114116197 5.191446580684153 64
186 -3.6545278176881837 3.767422256940319 229
187 -1.788890978799543 2.07766212585166 149
188 -2.7631468119699987 1.4679500995053263 196
189 -2.455335015504885 4.259387823958647 92
190 -1.8529912768618697 4.779274235841599 300
191 -0.270157621384281 3.608209386311348 430
192 -2.935824260003021 0.9208295746961924 225
193 -2.6001334844019017 1.9586308709958704 380
194 -2.4013926088946533 6.003908803698402 216
195 -2.083282094763346 4.283557746254015 378
196 -3.377507683558604 2.889514592749834 462
197 -2.81933990063773 5.9721135128659135 413
198 0.07363688815985758 5.1627695534105715 152
199 -0.8876080091814258 2.5454187319341712 390
200 -2.0985087866975847 3.8137393239575417 319
201 -0.5122889707293297 4.787897502009986 361
202 -2.803795591857731 1.104539042080489 328
203 0.2986268147940755 4.172090829055622 250
204 -4.718290172045486 2.650653695332183 423
205 0.4969459523960494 3.2322712073408475 28
206 -0.4968820358368138 4.058816227253763 128
207 -2.3446598433380013 2.328509539212816 483
208 -4.101722110544667 4.65800902198619 287
209 -1.3626978265892302 1.9308425946336372 173
210 0.2782082091172661 2.992247483827213 350
211 -0.5341648044273981 3.4927997780486493 309
212 -1.4872481037330887 1.9291165981122897 289
213 -2.9322773663288033 4.25885034835843 368
214 -4.286339058164001 4.234217301166344 278
215 0.04764674154409122 4.28463504092628 323
216 -2.7734151755050767 1.789545589009635 347
217 -1.1265626519562593 6.064871583655061 455
218 -1.4941737784293734 6.593232894349866 99
219 -2.5585329756052784 5.760832071989773 290
220 -3.445984225408726 4.211296311827756 104
221 -1.718703730220313 3.756431649516804 227
222 -0.14906742686106272 0.8333128094211237 82
223 -1.2841245874466582 2.4356749912755267 322
224 -2.127868742181115 2.9022669579438016 160
225 -2.564492008991936 1.283701769806143 165
226 -4.135381914103528 3.583066634340945 161
227 -1.4380680439197189 4.669034340354294 279
228 -0.09805585397320891 3.090577620588152 282
229 -0.2919895406991685 2.7385529996665627 482
230 -3.3788287722610115 4.612054990727558 36
231 -0.8967282724736233 4.892850344606095 119
232 -1.3156988690237255 3.7209387221078125 485
233 0.2564708686085111 2.5918785738380827 221
234 -3.2633262765984252 1.6701074980052106 448
235 -4.897742644673187 3.4338938484853703 366
236 -0.21107612260019873 1.6520912966550154 451
237 -1.5381424294788633 1.2562510113057064 248
238 0.2697305446448028 3.786995094325767 286
239 -2.497935790189782 2.755836965903633 309
240 -4.24254198524616 5.512871062801552 481
241 -3.163655108751775 1.2996831988656248 245
242 -2.513993758617102 3.712864320732577 272
243 -2.091054031870049 5.496626248526388 138
244 -3.533050920097093 2.674536477193963 292
245 -2.550646597263079 1.5267820131727041 235
246 -2.4925779887893262 2.956404615670723 370
247 -2.216075716965116 2.1802328485019187 99
248 -4.610665458447189 3.8322305043344076 228
249 -3.6810016895012945 5.207639483894862 104
250 -4.496101206755128 4.1896805480544 195
251 -4.575667627334909 2.5801596697982507 27
252 -1.9160247893040672 5.270302252822957 386
253 -0.5885248554045194 2.577082296478348 15
254 -3.842574200878405 2.088001749468341 148
255 -3.9562839390358016 3.648595245639658 159
256 -2.240719855095643 5.249546761676117 272
257 -1.970283388480654 3.054686969381603 308
258 0.22458631537546514 3.4583060219023802 255
259 -3.2380366046969766 3.3596108217580767 295
260 -3.7396481987556176 3.417089058219167 348
261 -0.3565916425765345 4.734479310419493 208
262 -0.8430227475753904 3.86880742759722 345
263 -1.7264764665828525 3.63739565209413 387
264 -2.7494845968474055 3.6861437499467375 319
265 -2.9230405523616954 2.9696799755490435 498
266 -1.0543848864931165 1.3343019019051083 79
267 -3.376634450201522 1.712737536396625 372
268 -3.1608569517353415 5.43590488702859 262
269 -2.948008107635678 5.550744408068752 442
270 -2.327767972115693 1.4661805876078418 161
271 -2.3295461495914376 1.377274252166066 77
272 -0.15465460607479567 3.340240833230966 244
273 -1.640744999535816 0.9844479575640996 138
274 -0.3066969783813617 2.9380264427085416 453
275 -0.8631746301651787 1.759135667243072 98
276 -4.610370696082011 3.5085140703041406 116
277 -0.7358946685228123 5.026030839798644 359
278 -1.3218224992163974 5.321817540773758 398
279 -1.557036061137813 3.3778408522581365 3
280 -0.11441060005088212 1.1821250202446314 155
281 -0.2966940271672617 2.3492106064191858 214
282 -0.9422362089687369 3.489374873260966 395
283 -3.2374920885079383 2.218804474119779 46
284 -2.7514035692431227 5.176020954888947 94
285 -2.489138741674557 0.6038683509519477 84
286 -1.04423664138395 5.150351873193088 36
287 -3.6363272689372765 1.6118603553438158 193
288 0.060793220640293015 3.0504064067207985 270
289 -4.597734152058047 4.2154145198984025 324
290 -3.32582638485881 3.076121418988991 192
291 -0.6810683972857661 3.751486713969476 368
292 -4.697376568793596 3.153471172826011 175
293 -3.2856288764708155 1.8521154183926114 298
294 -0.32119364288081975 4.208020213150419 326
295 -3.664577140600868 2.3738190458018353 408
296 -0.47329480593454865 2.7080954630239296 200
297 -0.3623602440811889 2.5076464888288545 77
298 -2.028433613663416 2.5455882355255546 5
299 0.4568494589655871 3.6684592886759697 344
endpoint1 endpoint2
257 290
0 86
149 244
216 275
167 174
97 120
29 50
34 52
156 290
78 172
1 201
6 54
126 199
68 190
58 152
67 175
191 232
115 253
8 107
125 277
212 267
266 274
9 234
78 193
61 151
80 276
110 214
21 180
68 92
16 106
95 207
43 278
122 226
59 299
83 278
65 188
25 162
82 92
0 67
69 279
193 254
29 37
156 178
36 41
85 155
50 79
13 89
37 44
38 170
114 260
34 138
63 182
66 163
166 237
120 172
70 165
22 195
17 83
5 240
131 213
112 200
145 193
186 252
83 229
33 239
126 156
140 287
42 270
92 276
21 189
229 245
150 252
7 285
186 230
73 122
14 298
125 135
17 298
231 274
175 202
119 288
60 257
153 212
15 201
0 201
79 82
156 167
81 123
123 188
102 209
83 158
251 287
25 267
50 261
54 122
94 221
199 281
48 150
11 26
202 216
168 285
17 195
240 248
30 120
57 234
67 239
17 265
3 22
205 206
150 268
17 255
100 109
118 147
35 85
209 258
20 28
9 81
36 95
2 91
76 246
31 33
225 281
72 87
35 129
125 288
212 221
177 277
174 175
82 156
63 130
116 165
3 218
233 280
77 171
83 104
104 163
12 20
47 86
10 100
121 292
174 286
8 76
271 298
50 189
124 148
66 99
150 263
230 261
39 201
204 213
90 185
17 292
29 135
231 256
54 56
38 114
198 203
126 227
112 257
183 227
83 172
110 259
105 129
89 255
49 221
71 262
90 288
112 253
11 131
232 298
56 196
90 124
239 287
101 167
3 233
13 18
224 272
25 148
144 276
231 252
69 225
140 189
61 143
215 262
51 62
206 246
231 291
63 230
23 293
116 249
48 240
68 243
182 278
5 6
30 169
29 128
89 173
84 275
2 71
235 295
102 115
5 286
108 270
223 228
259 276
56 282
42 65
113 250
114 200
93 218
174 296
21 88
56 84
73 239
100 165
83 231
58 86
200 213
220 264
129 207
121 251
100 131
97 263
6 12
13 255
34 68
112 134
11 74
70 230
101 108
190 200
193 239
110 154
84 137
6 56
135 145
187 232
22 299
189 196
27 233
226 230
259 291
17 74
149 156
15 288
27 134
208 289
64 235
111 274
167 220
193 212
81 207
30 155
11 109
42 229
23 69
52 53
99 151
35 87
32 51
43 284
185 217
50 154
24 89
23 35
51 216
69 142
180 292
58 179
104 112
223 234
39 163
101 127
202 267
26 244
40 299
65 242
114 115
224 293
119 198
6 111
100 286
50 161
93 198
156 197
43 75
162 169
8 247
180 195
52 290
102 284
64 152
34 124
174 262
31 155
211 281
99 156
122 267
45 200
118 232
90 135
32 195
282 294
148 183
263 294
39 88
25 199
41 61
45 252
89 219
6 215
162 236
153 206
10 154
125 197
103 233
108 244
158 256
82 175
21 93
14 283
194 256
77 188
42 110
68 88
156 250
63 224
84 184
142 280
29 277
26 220
90 168
33 38
111 210
139 249
247 274
40 196
11 45
100 294
12 167
45 143
55 200
60 245
34 249
26 138
66 89
120 150
223 291
43 206
67 196
139 272
66 115
207 247
106 202
5 134
292 293
100 141
155 231
166 183
30 31
96 229
161 263
26 39
283 293
167 182
216 267
51 213
82 109
49 288
132 174
73 170
24 195
76 209
190 208
232 253
48 180
275 288
90 199
38 187
89 207
165 290
79 207
2 283
37 162
25 271
126 161
257 279
69 209
133 167
245 285
13 28
98 291
71 298
62 121
207 282
83 296
57 285
211 223
58 206
143 180
12 77
148 289
134 224
84 265
14 111
17 140
236 272
84 146
270 297
181 295
115 212
2 248
29 71
117 186
227 259
109 237
225 247
75 256
90 232
67 178
13 158
86 128
118 244
181 249
147 208
115 145
92 284
160 248
117 232
86 243
63 108
84 298
52 211
6 22
20 168
46 137
55 166
209 273
184 212
8 281
110 170
36 40
50 78
12 49
160 170
178 265
237 296
36 191
89 195
38 143
15 239
37 190
52 269
39 142
65 227
83 252
52 150
76 187
105 175
45 174
23 246
0 13
21 190
111 264
126 159
12 279
271 293
28 153
154 242
191 299
104 195
54 55
149 225
167 187
81 235
154 291
72 192
173 208
147 165
11 192
39 83
62 220
34 170
193 234
223 224
24 117
1 117
29 295
105 142
88 210
112 127
260 275
46 229
18 56
26 136
35 102
127 185
111 142
104 187
213 263
135 279
87 126
98 294
185 286
140 142
127 135
50 133
0 179
157 277
175 234
26 37
195 221
95 216
4 258
137 236
52 80
265 295
118 180
19 137
41 148
241 285
48 182
161 165
26 126
5 64
0 265
75 217
85 121
19 220
183 191
163 278
41 207
169 258
119 227
30 159
73 254
163 179
10 65
174 259
97 224
22 161
16 280
132 256
5 30
98 103
71 110
68 145
4 174
212 253
58 191
263 293
70 247
171 275
253 272
67 174
119 164
167 276
29 220
37 169
33 153
16 191
88 198
89 248
162 203
225 239
42 206
124 180
55 236
107 271
27 137
242 267
84 215
159 294
218 219
67 224
63 110
70 95
7 295
73 284
24 164
254 264
49 108
59 165
132 277
32 189
147 158
34 145
128 214
49 298
143 202
74 207
56 281
21 262
40 80
30 231
24 298
106 265
140 258
45 172
56 83
57 254
170 267
27 142
211 239
87 99
50 136
161 223
125 134
166 297
242 246
150 215
27 85
2 200
94 297
25 69
31 176
89 268
199 228
13 81
106 120
177 183
49 246
69 160
50 296
187 233
226 260
223 257
56 116
212 282
29 113
50 214
164 169
36 297
242 291
104 151
69 202
46 112
62 183
72 148
194 279
70 183
100 278
74 186
25 137
41 103
101 158
37 233
100 137
10 68
121 260
157 275
175 244
131 256
84 195
13 269
117 226
63 263
63 122
81 226
2 195
75 116
78 271
84 169
46 131
61 237
199 221
59 169
184 202
47 250
70 242
27 239
107 137
81 158
17 161
77 80
143 298
39 190
54 114
88 120
57 129
187 273
64 68
58 113
53 68
30 94
203 281
200 252
45 277
25 225
139 269
136 153
82 256
2 134
4 243
141 218
211 278
48 271
45 201
38 250
32 194
136 282
18 288
65 184
30 44
239 247
32 47
118 141
19 144
141 250
102 192
6 53
70 245
124 226
197 256
7 171
51 234
232 261
40 69
25 234
157 209
104 270
138 267
203 286
130 169
92 93
90 125
65 238
97 142
87 290
35 245
224 273
148 224
89 224
75 282
195 282
98 272
179 255
149 250
20 35
254 270
7 236
10 80
1 45
72 96
219 243
8 285
114 297
169 243
2 68
31 60
47 246
52 227
40 76
64 217
74 205
44 185
64 82
72 137
99 264
154 165
42 78
78 207
113 249
193 285
65 126
28 102
75 166
20 204
135 282
43 229
85 214
96 142
147 221
36 111
117 265
145 216
74 155
150 264
157 280
92 269
42 279
63 244
127 224
95 223
77 234
167 183
254 283
213 249
124 127
228 296
44 154
15 67
69 295
37 210
108 262
47 255
172 216
74 79
174 193
143 221
108 112
68 181
36 162
77 222
113 123
17 174
111 172
261 286
102 167
26 148
45 163
89 242
130 213
46 88
136 148
219 263
44 228
96 133
31 119
87 122
220 256
257 266
62 159
86 257
151 248
38 239
73 249
64 130
47 176
61 241
33 291
116 246
166 294
209 263
173 197
11 253
66 150
142 271
189 226
60 283
8 273
24 64
72 90
20 142
115 213
116 186
26 245
0 96
95 136
4 201
188 210
253 275
21 278
19 250
114 251
228 283
85 254
173 284
138 270
88 195
89 251
91 94
60 224
55 76
38 151
63 149
2 132
193 257
87 295
242 268
110 208
195 279
92 247
5 147
244 298
19 172
84 297
53 135
39 125
55 274
126 230
198 206
238 253
144 240
130 294
77 109
25 127
241 266
11 200
146 261
106 114
72 190
91 177
196 226
142 290
125 272
81 175
189 274
110 126
238 263
181 195
71 281
78 236
10 207
47 70
195 284
154 203
147 214
184 279
62 147
43 238
205 253
75 185
117 242
140 150
56 63
37 227
4 139
205 215
75 100
94 256
73 116
33 279
229 262
31 169
148 191
70 200
86 239
119 264
104 127
288 299
106 244
0 126
110 265
182 289
48 88
24 264
178 259
155 180
75 203
20 259
178 246
126 213
162 222
177 286
271 287
80 151
61 171
109 294
64 241
20 224
119 215
54 100
55 120
102 132
34 208
11 266
45 66
169 206
89 145
131 224
86 268
69 241
185 243
18 272
37 79
75 148
99 147
81 237
185 213
59 73
4 257
100 148
20 155
113 132
115 287
188 255
200 269
181 186
34 265
47 249
15 212
117 150
0 206
60 151
70 255
172 262
54 69
196 208
124 232
177 279
119 172
11 178
25 28
207 209
152 243
101 176
243 260
88 228
186 234
