nnodes nedges type
300 1000 graph
nodename posx posy weight
0 -7.564155107097045 -2.4612507559339707 466
1 -5.702683900523065 -2.728894908129173 415
2 -8.632636837437383 -2.7279753706882324 441
3 -9.31463217438124 -1.3706802263397235 294
4 -9.396182343221037 -2.394352025560814 475
5 -7.802208301631694 -0.558770202853938 322
6 -9.27222800159807 -3.89534255598882 82
7 -8.220035197005334 -1.0689336446307032 479
8 -9.865266969877444 -3.159680974095915 365
9 -8.339330597642789 -2.4808892623575516 475
10 -8.924570506851168 -5.299970248283591 242
11 -7.967583706304956 -4.950643522177516 103
12 -9.703535909320939 -3.408617524640866 303
13 -6.527058207576581 -2.679780965786722 435
14 -7.783395193081524 -2.791959842058105 112
15 -10.562590167898161 -3.5841662605077116 364
16 -9.356240429627416 -4.483998572288423 12
17 -7.503896819922559 -2.6523855336266235 470
18 -5.524355873389927 -2.9419470681621323 310
19 -10.814940710172598 -2.7124428665354214 332
20 -8.05383449165606 -3.3336283250055834 453
21 -8.842608635523943 -1.9075874254684253 179
22 -5.825801577204226 -4.515469183982945 101
23 -10.422801815460945 -1.5383773717623819 443
24 -8.435126592858868 -0.875874304490634 2
25 -10.365979870097428 -1.969553175040084 445
26 -10.55494342087423 -1.702406611228085 306
27 -9.009087929328098 -0.7877640656306728 46
28 -6.032022450842683 -4.265456018407404 79
29 -10.08842239769546 -1.844196903690516 490
30 -7.1330881839762625 -4.1951708356087565 404
31 -7.936857522935646 -3.8998659556846444 400
32 -8.010248844967998 -2.8389863223924716 299
33 -6.324954676537658 -3.139047475758859 148
34 -5.740766043968698 -3.948661456439839 190
35 -7.936251898421614 -5.349684633551219 418
36 -7.203862652854029 -3.7859166096452865 366
37 -10.297609658112105 -3.243101983652052 2
38 -10.044877457813131 -3.2771117505617022 436
39 -10.119452882205383 -2.108750140219419 201
40 -10.993614614322764 -2.190563360012284 367
41 -7.082532880912909 -5.468514335495727 389
42 -10.386217969588614 -2.645051260770562 1
43 -9.587017654417515 -3.6410597656408172 304
44 -6.285269609072274 -4.488697148881752 370
45 -8.464172007434282 -3.2379002323471586 376
46 -10.585843225669379 -2.450877410360098 265
47 -6.615012109414663 -3.8928938047069823 439
48 -9.615353209634847 -1.7497483084493117 18
49 -9.933039257174968 -4.237473657323622 41
50 -8.475168752482135 -4.418694992063374 35
51 -10.377186435396167 -4.557758838296267 22
52 -7.5386049696505175 -3.432867909952764 414
53 -9.471666838586637 -1.2282408621929026 320
54 -10.760336034955486 -2.8429145470935424 12
55 -8.28050007412308 -5.512754544746777 448
56 -8.54906839007386 0.10556450316285122 172
57 -6.809547020459775 -2.4358021464451065 198
58 -8.173410039309367 -4.757360907274564 310
59 -9.718683706387829 -1.209754853268106 273
60 -8.737715540816202 0.029046379269134563 328
61 -9.774568259165362 -4.1427961333286145 193
62 -10.757627762888928 -3.0070890844290767 347
63 -6.343728825623408 -2.264586598425369 450
64 -6.763102662757289 -2.8896311034440076 62
65 -10.811638975110338 -3.3195640795886816 412
66 -6.228710977451052 -2.005353924063324 368
67 -6.781086866782616 -4.386517245943461 112
68 -5.971371888532143 -3.859690627019014 259
69 -8.587686568544314 -1.9037121149153557 277
70 -6.3189664597250035 -4.032330909366516 126
71 -6.578921636978931 -4.309739326198358 1
72 -7.66747927665107 -2.02748733038442 125
73 -9.385965423267788 -1.6369352709232825 342
74 -7.985499337681085 -1.7557077256751676 408
75 -7.516191909467409 -3.212012636824968 357
76 -11.949844800374036 -2.7904905732791274 145
77 -9.702887357592955 -2.5691169012151587 219
78 -6.4992324227761635 -1.3067452063554856 162
79 -9.261505380305188 -3.3600810899300333 159
80 -7.550553075129325 -1.3099551355828372 289
81 -7.821154276470246 -3.812615213390375 326
82 -7.234438969524835 -4.414103205391359 128
83 -6.1082222063688905 -1.2198458191815997 425
84 -6.661784706106209 -1.877818637827518 284
85 -8.72016420762723 -1.3682034806219323 370
86 -7.217790953860155 -4.691030619053509 165
87 -6.597539604151644 -4.593748403698183 298
88 -8.589972355259565 -2.9408834874964955 95
89 -7.174732008203751 -3.679619181116483 147
90 -7.822088068635783 -4.017407891852222 270
91 -9.46748081490754 -1.778044882652355 275
92 -7.657282649338952 -4.210434721430251 267
93 -7.981577739886025 -5.663613194719738 58
94 -9.460520894514719 -5.067736857389617 362
95 -10.459617634356057 -3.8571448593381508 458
96 -6.548819204858584 -2.0134553825124426 432
97 -9.028238361722543 -2.6604446844745353 406
98 -5.893207384559532 -3.040161450058587 215
99 -10.01604785804393 -1.7381852461406073 376
100 -8.209189582608246 -0.7769586951476941 350
101 -7.048923165667745 -2.707976848130685 496
102 -13.028770058406305 -2.88722468023069 363
103 -7.882606860654658 -3.5327088540607345 75
104 -8.454539510055955 -4.097997199681999 429
105 -7.273778426046377 -2.7538629229053546 273
106 -8.526883125787968 -5.304457577390255 60
107 -7.702379647901397 -4.600246721894004 222
108 -7.793070552634167 -2.9858551694921123 105
109 -7.974730476135876 -1.0200718132051254 291
110 -6.156535853308186 -1.4160565170058175 398
111 -9.101893490843628 -4.753899486812623 421
112 -7.2032946114715335 -5.100245949098576 266
113 -7.403944637413296 -1.46388852590735 471
114 -6.464246042127917 -0.8575818025162792 10
115 -9.80980043724278 -2.1733195078955974 239
116 -9.093371029942928 -5.828911065247982 253
117 -8.826149942424589 -2.9918289146166592 300
118 -9.042611454728732 -3.6704900672415324 124
119 -7.646363715862046 -1.108420184625529 395
120 -8.348309401067272 -3.966210883154771 14
121 -10.62113430229155 -4.49114816236037 486
122 -10.722659733547387 -2.305901384281978 40
123 -8.32615443535613 -0.7941778027712457 28
124 -6.411714001880861 -3.8677841939028066 460
125 -7.978189987631039 -5.257136614250221 276
126 -9.674751522237655 -4.513399419310384 492
127 -8.390383764877328 -4.431448109081099 491
128 -9.920001202484391 -1.271206129834074 252
129 -8.842855893816667 -2.56089365880033 411
130 -8.12034137597051 -2.2465627150622205 185
131 -6.571810757937682 -2.328645023802036 297
132 -9.719489466574398 -2.766509291004754 160
133 -9.554975210324592 -3.9223980991158065 118
134 -8.563308319812297 -4.687033362396051 422
135 -8.271091699844527 -1.8924383989933575 158
136 -7.4705694276292505 -2.1317845420146884 489
137 -5.922393443226162 -2.295252145440384 147
138 -10.306426459560077 -1.7484804203884434 472
139 -9.495792861031074 -4.391031366933449 30
140 -7.9691211999717195 -2.67495668231701 368
141 -10.211135583271654 -2.2767207345261693 277
142 -7.3085394206551335 -1.7407817601643163 367
143 -7.58443825128319 -3.7106340900541577 402
144 -7.882930269964128 -0.9074224439090942 49
145 -9.358183221466737 -2.718571599784733 370
146 -6.674591623921153 -4.825324097833849 85
147 -8.251614562891152 -3.612003347845003 204
148 -6.0134919908071325 -5.158504009187802 294
149 -9.244803466394028 -5.304974780862011 84
150 -5.9508910242611 -3.1991398308250183 209
151 -9.616771303606388 -2.0494053499005878 249
152 -9.21422596551637 -1.2333018321896856 59
153 -7.5434842244402525 -2.059439958215766 43
154 -9.91823229197716 -3.430991372010131 392
155 -6.505883530256967 -2.182489085559783 442
156 -8.437009131539009 -3.7983521015916244 38
157 -8.980201757251784 0.006558954989073606 253
158 -7.082174447293118 -5.028206576540336 420
159 -6.229564175207789 -1.640730374707506 414
160 -8.737885125582155 -5.012487416687781 346
161 -7.571994215783622 -3.9749984298871137 258
162 -7.497137336169412 -5.36577317269896 384
163 -7.781559251511377 -4.372129288253603 375
164 -9.245028136762707 -2.0174415474612153 457
165 -8.642880286989397 -3.869476472866541 424
166 -5.941018282196356 -1.6604686626144214 186
167 -8.075361160641638 -4.3127684599299565 9
168 -7.2742207795891725 -0.7947405106701212 167
169 -9.195057684119705 -0.5333558024203119 140
170 -8.978443725819032 -1.512943804432461 287
171 -9.481928859857595 -5.408232479241382 462
172 -9.831047546159308 -1.4076312057411617 291
173 -9.184573206733406 -3.211038593308432 262
174 -6.133614545393727 -2.7892403273168167 92
175 -7.5511388695003046 -2.980349203405233 137
176 -5.69882402276307 -1.5195433882455254 238
177 -7.005980267544704 -4.623016423085269 125
178 -9.720525991790998 -0.7946210347030748 426
179 -6.4556004900581945 -2.405311423905942 440
180 -7.010720084741213 -1.5016069314634162 145
181 -8.437538150170713 -5.128465898328115 126
182 -8.65057358247493 -4.217605201589723 68
183 -9.184382354415831 -4.451617258898439 443
184 -7.877378265442797 -0.512818808348993 368
185 -7.393092185648478 -4.0893457835420435 288
186 -8.936030300431764 -2.19473247566887 493
187 -7.778195646868495 -3.3452634219519095 131
188 -5.795901779358448 -1.8515806492880138 24
189 -6.170324383963558 -2.66201063220784 224
190 -10.269560452544956 -2.8898239500826794 38
191 -8.68901961218312 -2.14860902793643 288
192 -6.539441832808222 -4.858006039123455 279
193 -6.324982895489367 -3.3857127065740094 296
194 -8.707824373321033 -3.714812526128495 368
195 -9.180391918923732 -4.045604777034286 364
196 -8.878183201772487 -1.565367591530976 134
197 -5.948583807022091 -4.085091444603625 253
198 -10.660869991821066 -4.027935836669807 92
199 -7.406088972565809 -0.4450798644514103 170
200 -8.36983551429726 -3.4515297564657383 112
201 -8.68634333657198 -5.2737933694590495 402
202 -6.22184238885155 -2.878162868108914 279
203 -6.937633945113615 -0.9435669346027229 72
204 -6.804556355780151 -3.372184592073185 274
205 -6.637600496163884 -1.4442776021600214 62
206 -10.580101744443214 -1.2225555379724844 189
207 -10.125727616345184 -1.0546169372919172 44
208 -8.872397197888523 -1.0241760434402591 458
209 -5.795082919886 -2.416670708676031 167
210 -10.2167996251533 -2.809425194771181 134
211 -6.8370993217440805 -1.797633194523444 353
212 -9.625186430903776 -4.826994797867779 273
213 -9.032171846697116 -5.0608694528869185 143
214 -9.74564352114913 -0.28391478696662076 398
215 -8.560549458434275 -0.5129370632028195 71
216 -6.8690294505859315 -4.602337931675813 315
217 -9.075686681128385 -4.2233698316768695 235
218 -6.8068311850355885 -0.38850706694429293 26
219 -8.055982789664931 -1.3086358248826129 478
220 -7.230170875034558 -0.8900989096355398 275
221 -7.043185139974359 -3.4352685185942042 99
222 -7.220158816710073 -2.125347288835234 5
223 -10.056528209535474 -4.384733644606776 463
224 -8.127543086526073 -0.39105161340754624 175
225 -8.734889392924185 -2.400822516467353 470
226 -5.674736556004181 -3.5401956403022434 145
227 -5.658803202255384 -2.837681762414265 423
228 -6.842482686548511 -3.820782719227158 351
229 -8.015022152362931 -0.19388530916925065 358
230 -9.331208873939907 -2.172116528199739 431
231 -6.901589285051171 -3.2949273856169596 444
232 -11.317165222583668 -3.3090584463515813 195
233 -10.301548683365214 -4.865263873603289 291
234 -9.078656733304848 -1.024261908420564 483
235 -9.976252491977604 -4.070640077516217 68
236 -6.667545354419095 -3.1936186061253538 185
237 -8.263287442831809 -3.150293396277197 252
238 -8.446753209489176 -1.3146409641150847 215
239 -10.639555636492693 -2.1735416700733428 362
240 -9.847869963478535 -3.5409632022549684 307
241 -8.923983688788802 -3.435423018291381 406
242 -5.821056704659583 -3.3617937992067746 296
243 -8.86460851160546 -4.795103723571095 405
244 -8.731225826810252 -0.6686327167951512 82
245 -6.8564656439921015 -4.092555732119983 293
246 -8.203844407821256 -0.08036601533912152 83
247 -7.254110838196037 -3.570192804256749 202
248 -8.207005478091839 -5.185977255655298 471
249 -7.9921866216054305 -3.0887393911748324 272
250 -5.295422131743958 -3.8273648173782133 390
251 -9.606055096313579 -3.019956271184458 326
252 -9.993877425035654 -1.3951431256087752 347
253 -7.229129772260606 -1.7097397413664495 52
254 -8.597535951749133 -1.6059681215681876 367
255 -9.26641342888993 -4.801701290585936 438
256 -8.483254858536382 -1.0436496670359856 240
257 -6.71716295557017 -1.5877420738326709 256
258 -11.242886957958161 -3.025301977609571 131
259 -6.5855536284703735 -3.702741362918478 181
260 -7.883772944770543 -2.333945054420916 153
261 -10.095549798094968 -4.623990857257473 210
262 -8.94410265416805 -3.862633111897437 425
263 -8.441980910956202 -4.721580554442926 343
264 -7.842385210410359 -5.022728944573194 390
265 -7.648366286594089 -1.556792296075914 369
266 -5.8817399409831586 -2.1176838753380216 108
267 -6.669417024438031 0.2620603403729373 147
268 -7.686937393396042 -5.00980950229765 233
269 -10.102112246815492 -3.8727011596830736 228
270 -8.5054884385516 -2.2788606378555913 160
271 -9.141397544050664 -2.995457980539279 64
272 -8.880446391800872 -4.23891149633788 361
273 -7.021030603261664 -5.142266852411416 94
274 -9.384189339613135 -0.8485073893164637 86
275 -6.578115080372358 -0.8768076546237279 199
276 -7.072893214602766 -0.32706027228410905 87
277 -7.155248901120234 -1.1715596493105167 87
278 -10.257836906235447 -3.5314313234726558 105
279 -11.159434479601387 -3.5966926970144715 189
280 -6.688534339186139 -2.1348140660818977 213
281 -6.016673672473452 -3.5567718653661573 385
282 -9.707981536477785 -3.819334042840659 239
283 -9.16441935278601 -2.4439918540746146 33
284 -8.352301614849178 -1.6572877857393062 296
285 -8.201782032883978 -2.7937582095672666 11
286 -7.794223460087595 -1.8130042107587923 144
287 -9.429462950589157 -3.168308546989242 288
288 -7.122837249888172 -3.192023029401273 33
289 -7.043552785927785 -2.3962279895159755 287
290 -7.563243166446054 -5.051456221259917 447
291 -6.736571745204853 -1.2256847623261262 163
292 -7.546763298673478 -0.7024594971194128 153
293 -6.901635950865333 -2.7646475249048357 168
294 -8.634452404511487 -3.2383604032136994 197
295 -7.52554718464608 -0.9299201087363315 206
296 -7.78401813026771 -1.2735244261700314 217
297 -8.050609785127579 -1.500502720533036 204
298 -9.001203544596818 -1.9764643336388297 201
299 -9.88898935079616 -2.495951993083144 77
endpoint1 endpoint2
67 248
131 143
13 108
156 260
72 205
54 278
57 185
120 217
180 295
2 249
164 299
6 292
38 40
56 220
196 296
221 288
70 162
30 255
178 220
219 286
31 247
49 58
26 135
19 65
144 274
83 220
168 204
55 139
27 172
97 113
114 135
219 254
87 216
172 200
164 253
175 205
252 299
66 137
118 187
110 260
19 261
46 271
260 277
64 296
271 272
224 277
8 225
215 285
254 296
211 236
170 276
32 221
1 33
234 265
270 278
133 195
142 150
216 263
36 243
90 183
64 174
50 70
251 287
6 58
198 243
233 269
3 207
238 298
108 117
21 256
32 143
55 92
135 173
56 208
43 195
86 147
257 275
140 177
133 187
145 186
64 98
179 277
84 109
44 98
91 122
60 196
81 293
241 288
175 245
194 298
54 132
193 200
71 112
21 138
254 287
43 149
25 79
82 243
95 126
66 155
27 246
40 206
153 221
77 119
234 292
2 252
53 91
74 295
128 270
141 269
126 194
202 249
151 169
260 283
167 286
133 154
174 175
92 160
52 101
15 19
173 287
8 239
108 131
119 196
215 275
287 299
155 219
240 255
184 295
127 260
45 185
36 146
129 219
91 115
149 264
141 219
117 286
67 264
81 194
160 272
68 259
12 235
36 120
111 237
3 172
224 238
76 102
15 223
92 129
17 44
122 173
17 155
114 267
104 132
111 177
143 204
23 133
152 296
199 271
105 129
72 129
20 85
83 113
95 261
79 255
285 288
137 170
74 175
17 88
92 262
108 144
7 92
149 273
67 221
1 189
87 134
180 200
87 281
217 298
118 237
45 195
184 241
11 127
64 179
137 150
165 237
78 280
103 185
112 290
118 270
189 247
81 247
163 231
165 247
147 161
160 183
128 215
16 145
31 61
138 299
119 188
104 139
111 190
21 247
261 268
265 284
42 172
103 228
89 192
40 232
117 170
191 249
38 59
115 234
54 97
21 88
96 288
47 66
104 183
10 112
89 140
107 285
81 290
122 235
24 172
175 238
77 235
69 286
74 237
265 291
187 242
176 275
199 253
37 164
78 209
117 221
18 209
32 103
87 148
136 147
32 240
126 133
54 235
175 272
105 294
43 262
151 249
123 224
154 271
105 193
134 200
29 53
91 294
32 204
248 249
165 249
133 212
69 142
9 178
22 28
14 105
11 89
106 133
74 293
50 89
212 290
154 182
119 168
31 236
124 194
125 204
75 270
86 289
53 109
23 100
240 241
164 284
248 264
92 125
135 295
31 155
33 293
94 127
69 256
117 262
160 264
103 130
12 195
57 266
66 144
125 241
48 74
8 279
43 299
69 145
88 262
11 201
38 183
91 190
174 180
222 281
227 250
89 253
0 21
132 198
19 230
50 271
31 243
67 84
101 280
14 283
85 105
59 234
141 210
165 282
18 82
32 228
123 293
109 147
63 224
57 297
122 274
63 107
119 275
80 203
97 117
118 120
10 81
191 297
97 208
63 113
33 189
16 147
8 48
35 177
44 156
107 134
58 175
69 164
232 269
113 230
38 39
27 109
69 206
19 239
239 294
109 295
187 260
22 264
210 232
5 252
247 294
49 283
130 219
10 201
81 270
235 240
35 195
268 288
81 288
42 115
28 150
185 236
11 118
130 257
74 152
183 213
131 284
68 281
49 154
199 203
195 251
213 248
288 289
40 46
44 290
155 289
190 206
13 78
150 204
14 100
20 127
45 238
113 159
226 259
20 101
147 255
85 244
208 291
111 149
236 249
200 222
209 245
55 149
36 280
216 236
151 251
62 121
47 179
92 249
160 285
82 213
9 295
94 269
37 73
115 136
130 230
87 262
132 262
37 240
90 186
69 140
165 231
174 231
133 210
98 202
138 239
8 62
5 179
147 268
107 116
151 207
23 27
75 79
225 285
135 136
270 297
274 289
68 189
14 145
15 248
49 198
108 225
55 81
143 195
222 276
75 220
25 230
4 208
56 100
15 299
8 147
126 261
237 254
241 251
16 263
38 231
39 239
159 292
52 181
128 152
129 270
2 52
35 94
8 223
4 141
84 298
120 249
80 103
85 299
52 211
36 66
161 192
120 223
69 296
90 175
47 140
210 278
141 258
81 105
43 164
175 194
65 282
115 272
126 201
157 180
192 237
216 293
6 213
71 250
21 286
165 212
123 164
103 112
31 290
30 68
120 171
62 164
67 187
18 193
124 268
150 163
76 258
2 156
248 273
98 136
17 203
28 227
154 200
155 202
53 229
63 226
89 143
30 112
120 256
132 244
118 126
39 265
48 287
184 219
7 135
3 191
8 187
253 292
167 264
104 143
176 231
13 182
228 266
66 189
28 75
144 164
162 223
114 280
20 70
228 272
42 178
53 196
166 249
46 207
138 283
162 185
168 284
83 96
78 244
98 131
114 222
50 171
39 157
43 230
64 97
26 59
0 58
11 104
136 246
39 251
73 245
57 70
270 280
111 255
131 286
151 270
88 141
214 252
1 221
9 262
209 293
6 264
91 142
20 130
111 195
22 250
61 201
57 153
0 108
161 165
108 287
72 179
180 188
123 168
56 214
143 196
0 265
158 173
140 175
47 87
100 275
80 286
58 93
127 261
57 236
75 182
41 106
101 153
96 101
217 290
25 182
64 187
9 91
43 139
119 142
12 222
199 246
98 187
7 169
236 296
174 177
12 52
45 153
14 185
46 217
203 284
95 282
6 99
21 80
248 268
283 287
17 260
68 93
25 40
2 189
128 154
14 197
99 128
144 297
158 201
181 225
186 220
215 244
6 20
84 189
53 132
179 227
34 280
185 200
21 135
0 221
30 263
2 241
59 256
128 214
75 241
284 285
167 269
53 72
108 127
89 193
17 183
21 210
187 259
124 179
30 108
164 263
14 170
170 190
117 213
215 284
134 190
103 217
66 256
107 282
32 69
46 53
32 297
50 136
83 202
256 296
94 263
4 156
84 281
240 261
41 143
143 281
36 81
116 139
72 168
153 270
99 297
117 138
163 243
153 219
227 231
72 230
51 65
202 259
124 236
89 202
164 169
10 235
109 291
24 230
17 75
3 212
35 104
0 159
184 289
104 294
84 229
47 182
186 238
123 225
152 187
17 254
27 211
147 293
30 188
132 140
134 237
45 115
4 161
112 146
77 118
167 259
35 281
75 197
139 200
140 218
36 175
28 92
152 208
200 278
101 211
119 169
70 148
47 107
42 50
150 179
78 219
233 287
99 282
68 193
7 72
29 251
100 285
211 253
117 285
16 118
139 154
231 293
45 82
19 170
159 222
20 173
82 96
33 280
5 191
45 108
113 297
0 79
78 179
193 250
24 69
88 89
196 269
127 216
86 200
113 119
132 191
191 277
113 238
47 112
146 289
124 216
88 200
77 163
158 259
143 245
217 263
30 107
210 240
200 201
125 183
49 182
165 283
186 240
64 158
42 258
72 259
121 241
33 205
60 74
174 242
23 54
33 273
4 284
2 42
14 294
26 223
110 289
132 279
71 216
105 113
225 298
61 217
73 88
94 173
95 252
51 243
167 271
251 283
54 76
85 130
175 191
9 16
104 146
217 264
39 61
286 295
67 197
37 132
73 238
85 214
89 147
180 254
17 225
271 289
51 165
216 228
207 274
160 233
229 257
3 260
77 234
82 247
51 210
101 228
29 178
235 287
139 255
79 95
1 242
142 161
36 162
1 285
41 185
121 183
79 204
2 282
83 137
209 220
38 156
26 29
9 227
69 210
27 153
126 285
139 278
91 208
80 283
20 186
13 247
155 257
34 92
194 245
245 290
73 74
190 240
224 234
87 193
90 167
10 182
177 228
106 130
22 291
5 297
31 72
252 254
78 80
74 80
61 191
111 181
120 163
277 292
173 284
12 299
225 234
142 244
0 291
13 159
97 139
11 143
34 228
48 57
120 137
193 257
14 273
17 211
96 277
62 271
84 119
62 232
34 87
4 140
144 218
195 230
70 209
32 33
9 186
31 43
234 298
71 251
4 79
92 156
237 271
274 283
200 287
75 288
11 55
29 65
104 135
24 246
2 101
108 124
176 280
85 135
71 259
95 262
249 299
222 288
88 103
128 239
30 105
45 175
24 57
114 166
155 203
52 179
10 116
90 143
92 228
24 168
183 223
68 275
4 40
176 291
18 142
9 163
240 258
151 194
29 32
0 88
70 226
85 277
108 265
52 237
31 221
202 260
94 181
199 257
96 180
90 253
7 184
69 205
61 171
82 167
74 280
45 49
163 264
133 147
25 27
52 156
107 181
235 243
123 246
17 231
117 251
101 145
180 276
186 284
136 266
93 235
57 71
166 180
32 63
97 103
84 174
6 37
237 257
24 222
226 294
190 207
159 242
99 224
203 296
110 153
112 264
36 59
33 175
265 266
81 153
208 270
106 163
86 148
15 152
104 161
3 119
177 221
42 198
127 282
96 135
161 242
194 269
1 166
37 149
145 282
13 265
184 267
207 229
65 129
211 222
