nnodes nedges type
50 100 graph
nodename posx posy weight
0 0.10548032419024506 2.0630764380241193 79
1 -1.469241113129525 2.4018900259971954 41
2 0.4425611390683488 -0.0024127736086846517 433
3 0.8891312810384928 1.4046011908347997 306
4 3.1956500313548215 -0.45191257107592775 262
5 2.9922528904141745 1.3141604263391362 100
6 -1.0269693430638152 0.21873708333371908 34
7 0.8687899035233019 0.975086724048825 22
8 1.2773104606395265 3.020011499343456 498
9 2.2033762863136843 -0.3398224788133823 65
10 0.1635747915191809 2.6268282645224574 148
11 -1.148831967270166 0.9767673291706043 133
12 -0.23465723106756442 2.7882117418287153 57
13 1.9639535839677194 2.6680176590574955 301
14 3.9036448980605467 1.9813784854338388 14
15 0.8809970232650083 2.7999124917286022 461
16 2.3968466586689043 4.096683233033414 395
17 0.6668800911240879 1.866332520223321 365
18 0.09515910010289155 3.646648543417823 52
19 1.152553680996588 0.45773630788612196 4
20 2.8582890549255016 0.8607762827010289 171
21 -0.054400403569582985 3.466819633780008 388
22 2.8999193356300084 2.9051911468435856 463
23 -0.13530797540652534 -0.8269589077039801 377
24 2.223216302635028 0.03268495306248156 259
25 1.5204348410115887 2.7641112822215144 279
26 1.1638318244142232 1.944695398318176 343
27 3.3613825943209643 1.3014969555677924 65
28 1.8397006291296767 0.5493741760806552 352
29 -0.5832207593122634 0.2260422295006393 425
30 2.242007977294047 3.573348094636148 286
31 4.080570803579892 0.6139989641953332 447
32 1.8198704200210287 3.4134640237414673 212
33 -0.3612407441082613 1.5175583625158033 45
34 1.5827464185102385 1.0913868921829917 419
35 2.954641602870773 1.972306693577913 347
36 2.1566293187606846 1.684819456079607 491
37 0.7695756402774712 3.5429268567604697 90
38 0.23252883086668458 1.0752430304367224 52
39 3.4891249083476006 2.2656051894757785 206
40 2.487847871303951 1.0094653438528791 245
41 1.5092509622513708 2.083230069735768 440
42 1.3171562477195589 -0.779098868403217 192
43 3.389696382689507 2.644697624000717 455
44 -0.6510977051253714 2.4745587261227024 147
45 -0.9368481133719947 2.8154318631302795 362
46 -0.7363988970217212 1.2480843475671797 417
47 0.18844293736598527 -0.9164826943691804 81
48 2.433090833385451 2.127427540940272 208
49 -0.690830296438815 1.6638469972374423 145
endpoint1 endpoint2
0 7
40 41
10 46
1 11
20 48
18 45
20 35
10 18
0 17
29 47
27 28
2 6
17 41
13 35
0 45
21 37
5 34
10 41
36 41
5 14
19 34
8 18
9 19
1 21
33 45
13 26
42 47
0 49
13 41
4 31
15 26
14 22
25 30
7 15
6 29
28 42
8 32
7 24
13 16
35 40
26 33
15 25
9 20
6 11
30 43
29 33
29 46
0 8
25 48
24 40
8 22
0 46
26 34
5 20
20 28
32 36
3 49
6 46
10 37
17 38
8 13
15 32
13 37
20 43
36 48
2 34
28 38
5 36
2 19
33 44
22 27
12 37
4 24
35 43
0 12
17 44
25 41
11 29
9 42
11 49
18 44
11 38
4 9
14 27
17 19
31 39
5 48
3 13
23 29
12 38
8 30
13 39
3 19
8 17
25 34
27 35
21 25
28 36
23 42
26 48
