nnodes nedges type
50 100 graph
nodename posx posy weight
0 -2.958422852545428 -2.900885464797772 129
1 -0.831490775257097 -3.3668542048462955 302
2 -2.3927110721824603 -3.882617200594914 174
3 -1.6777327097719668 -1.1626528122311626 331
4 -3.0877442936832744 -2.564229116678318 405
5 -0.0874887712164913 -3.0181392280262567 166
6 -1.5887786035604423 0.1056651753057695 204
7 -2.598318308978587 -1.9873390859903202 422
8 -0.2024913170472425 -3.9562088037608723 51
9 -3.4121690023648745 -1.3862621446452266 149
10 -1.6007968878583 -4.8936086746735326 309
11 -0.5635517687204215 -5.400445562132946 164
12 -4.30085180624059 -2.1399385768053794 230
13 -0.8299472187842399 -1.8834225490625427 401
14 -0.8622542287877497 -0.8168399246278244 21
15 -2.713287548178671 -1.0384694632833986 255
16 -1.1885398043584527 -0.8972963185832189 61
17 -3.2035264178786425 -4.658322345758247 196
18 0.983614780881163 -4.239684521966767 146
19 0.19419513385092999 -3.7856826042252867 111
20 -1.437295700854502 -3.086217662374839 305
21 -0.3817345172511812 -2.320641291769439 429
22 -3.533034395356483 -2.103931997382772 355
23 0.20855561382517457 -2.3743680388084503 293
24 -1.0644104543288977 -2.8734087162663715 126
25 -3.409228064067551 -3.4771951815193174 353
26 -1.5035814026402705 1.1836665241976414 120
27 -2.2779603069136365 -4.61989410153409 454
28 -2.08561047787733 -2.0048865924853962 165
29 0.7811111248525838 -2.1209076042356227 183
30 -2.8254311819244307 -3.6991989016314353 103
31 -2.270207698469022 -0.8016353385104736 339
32 -0.19209144286049384 -4.9490146458541275 275
33 -3.3168543107102204 -1.0570815990206692 3
34 -0.5494014443703372 -4.328680698556025 404
35 -1.2622839401775847 -4.091927549509697 310
36 -3.641194149579815 -2.848337180997855 451
37 -2.1371147112191506 -1.2008170731075771 451
38 -1.2802484573615087 -1.9435666858093905 427
39 -1.3758073757354796 -3.6325495293536703 295
40 -0.5490211472122566 -2.8002908054966453 410
41 -2.531819945881852 -3.402205002747463 228
42 0.634179847975154 -2.708992432150281 274
43 -1.3748862873964485 -2.368582203393285 71
44 -0.24188588878880457 -1.3889747865265667 332
45 0.19366568777047197 -3.2722522929901383 381
46 -1.1887679417211572 -4.644005612844588 79
47 -1.6381541576328729 -3.6663948515844376 239
48 -3.929908360171867 -3.9927602984431854 364
49 -1.855382009823641 -1.978878973709607 366
endpoint1 endpoint2
4 41
27 46
28 41
0 7
35 41
19 40
38 40
1 45
23 44
16 44
17 41
24 39
37 38
8 21
27 39
1 40
32 35
6 26
31 38
15 16
21 24
1 21
25 47
21 49
38 44
6 14
5 43
7 37
24 43
20 49
18 42
14 28
24 28
3 33
23 47
17 27
18 32
25 48
38 39
15 28
22 36
10 20
8 39
3 49
22 30
31 33
20 43
0 43
46 47
20 38
3 38
22 33
1 20
31 49
24 34
5 29
15 22
32 46
4 49
12 25
7 36
7 49
19 42
25 41
13 43
20 45
7 13
6 31
21 29
27 30
10 11
37 49
1 46
23 45
1 2
34 39
16 43
12 33
4 9
20 39
10 27
40 47
5 35
1 24
3 13
1 13
8 11
19 35
9 31
21 44
2 36
7 9
30 35
13 14
11 32
1 8
0 48
17 48
13 42
4 30
