nnodes nedges type
50 100 graph
nodename posx posy weight
0 5.94210719605573 -0.8832325266692053 184
1 4.7522117077524735 3.575446606890358 183
2 2.370213013815036 2.834645642911333 56
3 7.642745260427633 1.7934307406286947 67
4 5.5376517451748395 0.9012962399712772 170
5 4.380249822378442 1.6724949268086213 320
6 5.662737069174124 3.6802164179923884 186
7 5.0458385189753825 -1.2294728293552317 49
8 4.954357242721698 3.144326627742486 328
9 5.172143083506335 4.393775065685224 48
10 5.828632843939087 1.8286309436681534 346
11 3.493132851336509 1.4808637628455694 396
12 6.793413443958449 2.817936330377767 119
13 5.4965659689024156 1.4367593605327889 209
14 6.662245115109789 3.5649893469190115 427
15 5.2909292665542 2.354985485985048 63
16 3.455244307351792 1.0338505643414442 241
17 7.882561741867397 3.402598341771798 198
18 3.802337292105823 4.911544337256719 256
19 5.920695516687602 2.859203524502088 474
20 4.549610777948025 1.4175302630312818 482
21 2.9989646643420986 0.5079757035249101 212
22 5.5376617181326395 2.875047338273275 150
23 6.305576657188474 0.39867363180505133 366
24 4.278336576880303 3.9129424283200955 16
25 4.52485353492204 0.26802465000223835 134
26 6.509789967563053 -1.2876341065965493 291
27 3.3456745652307305 2.0871298953767226 331
28 4.5818932073530805 2.6947541468515173 90
29 3.811916522871112 2.3650661094190304 301
30 7.225634940711918 0.00033685188385440117 427
31 8.319475977519275 3.0900808717244366 215
32 3.2703139473916125 3.7085843238094705 365
33 3.3055431391823804 2.6625353851245097 165
34 5.048598981984017 2.1097483589904877 191
35 4.612826263767044 0.712188415675359 253
36 7.195994733077408 2.5411513541274617 367
37 2.2705921004239387 1.2770569456190817 67
38 6.796215939856927 1.489384374631169 186
39 2.8707425156603104 1.9574436807390942 316
40 6.514307192003617 1.1470998551770581 442
41 4.041433548485375 2.7660672756484725 368
42 4.035382099205778 -0.31449340348668803 339
43 5.005421191199434 1.5645221214112903 110
44 4.0529909863552716 3.6698385701608256 480
45 4.0915795139687425 3.157149056603528 310
46 5.658858075411537 0.5649705574206818 489
47 4.269426408070784 2.3213904161332586 378
48 6.333692301939548 1.9468118013804367 56
49 5.432240248788879 0.257015846295064 16
endpoint1 endpoint2
1 34
8 44
6 28
11 28
0 7
32 44
34 35
16 47
7 42
15 47
19 40
38 40
1 45
24 27
27 45
8 41
12 17
33 39
22 28
13 35
13 48
21 37
4 35
10 23
10 36
34 41
14 36
5 27
34 48
16 35
6 14
39 41
21 27
29 43
4 48
34 47
25 42
1 44
14 19
26 30
15 48
5 10
13 47
1 47
28 33
11 20
5 33
28 44
16 39
2 29
21 42
27 37
15 19
40 46
29 39
31 36
8 10
8 29
12 48
9 24
4 43
12 14
28 43
20 22
13 15
35 43
15 41
35 49
13 43
44 47
4 40
29 32
23 46
29 45
18 44
38 43
13 46
9 22
20 29
6 24
3 48
10 49
5 25
4 23
10 22
30 38
12 38
5 15
4 25
6 12
5 28
4 20
3 36
0 23
7 26
35 42
24 45
19 45
24 32
20 46
