nnodes nedges type
50 100 graph
nodename posx posy weight
0 -2.1478419745699293 0.5275639778181015 3
1 -2.837273604068465 -1.616563234213388 57
2 -2.471683868580825 4.2240604576766465 364
3 -1.5507389067490753 3.2366817098516845 147
4 -2.7036433202050056 3.01108001063597 50
5 -3.8569943068781316 1.5011286620205646 156
6 -3.2048613436719053 1.4575901125070865 435
7 -1.9088673752150427 1.9234003769077892 229
8 -1.8759242628725068 -0.22432683406777268 15
9 -5.148779829678552 2.6937281017547896 172
10 -4.447133114089887 2.5045006012143425 285
11 -3.576210966276971 0.21076625521858583 23
12 -3.524815816408825 3.6541336842245102 371
13 -1.1578848986312886 1.3066961641080532 461
14 -2.280253356581137 2.3538432331126575 174
15 -0.8132484206976967 2.661728479237427 277
16 -4.786912295181977 1.5868142194832124 336
17 -2.7810656995376566 1.5578781865021516 221
18 -4.992311048944521 0.5302909729394105 419
19 -0.9571186988109596 0.7803665915324809 246
20 -1.4698369687560555 2.4711996734964714 102
21 -3.1882357597838658 1.9588957234422288 365
22 -4.196843428755682 0.35789067147264064 336
23 -3.4361725402783883 2.781569159120062 177
24 -2.126848833378013 3.1843293903367256 411
25 -3.684094553710114 -0.7607888263534888 88
26 -1.8501895616330701 1.078359785559072 286
27 -4.052905595668887 3.464244537608757 128
28 -5.570895525949056 0.24767834421779553 337
29 -4.565523264859014 2.2755854901343935 418
30 -3.514176488230863 2.052037452996626 39
31 -4.4924664495378765 -0.5740490595510628 438
32 -1.6317995092326387 0.21865011885915472 26
33 -2.8460440866084036 0.5845829494226739 245
34 -4.313175704245392 1.7729455615405862 142
35 -6.092001941035986 -0.22361198019690534 436
36 -3.020250048748416 -0.2256041910759757 201
37 -0.7264491284551376 1.2459694806999286 285
38 -0.7546539170197231 2.142377016599982 188
39 -2.339448507043098 -0.6515387168143654 489
40 -5.015383679763952 -0.340979027464927 385
41 -3.879823720286341 0.8069255202066452 343
42 -1.9338804963724663 1.6212695527244942 314
43 -3.3038568385208102 0.3570402586069761 189
44 -5.668799512328604 3.0285367041941083 458
45 -4.158730954066546 -0.05710885000874295 148
46 -5.012169787763248 0.8408732232676834 41
47 -2.284779738570492 0.924109454324784 180
48 -4.486015842363852 1.1811215820741925 304
49 -3.259412734391366 -0.29816622125401643 42
endpoint1 endpoint2
43 48
25 31
29 44
10 46
33 41
18 45
25 43
26 32
28 46
22 28
17 36
18 35
37 38
14 24
5 21
5 34
16 41
0 39
13 38
20 42
14 21
7 38
17 34
2 12
18 41
6 14
0 21
5 43
11 31
30 48
43 45
0 33
46 49
26 33
33 49
6 30
6 45
2 24
0 8
23 24
13 47
4 17
32 49
22 36
8 39
18 22
11 40
4 27
8 19
14 26
0 43
3 38
22 33
5 23
40 46
1 25
41 47
0 37
4 24
5 29
11 30
13 15
30 34
25 41
9 27
15 24
43 49
20 24
28 40
7 30
12 30
33 42
17 26
3 4
25 36
19 26
10 21
16 21
3 14
23 30
14 42
18 34
17 42
4 23
10 27
5 22
7 32
8 11
23 29
31 48
15 38
1 39
39 43
4 20
19 20
0 26
29 41
0 13
9 48
15 37
