nnodes nedges type
50 100 graph
nodename posx posy weight
0 -2.0736641840218013 -5.368733437394166 158
1 -0.5201897008667498 -2.9116740885324317 312
2 -1.5279370875898362 -1.908482290912168 193
3 -1.107807581930139 -1.9222295367553879 131
4 -2.2039591674575085 -0.7414492156067007 76
5 0.005534952156245442 -4.744293992075868 43
6 0.551589628039919 -5.223935481415809 280
7 0.15936814933976354 -4.427538307853411 179
8 -0.9311163667401687 -3.472023018487525 176
9 -0.8633276495358191 -5.760571774077488 28
10 -1.5008691698159904 -4.841447764218732 206
11 -2.0878867721110086 -3.1305604937498286 97
12 0.5507795491484819 -3.7975001186147432 473
13 -2.6586510477957734 -3.8934637183416085 267
14 0.20014552903132252 -2.95473811580324 457
15 -2.0645469258850913 -4.196629739830095 287
16 0.642349212511882 -1.7219000404112796 485
17 -3.013502898156192 -1.5652074501343138 467
18 -0.7595600082893136 -2.2378730123596724 257
19 -1.5439799665389382 -4.363083827187665 21
20 0.3739426399925715 -2.7493689575611158 275
21 -0.9738665818234779 -1.3807142094710994 97
22 -0.6721881617043997 -0.6083987958225143 187
23 1.0784500693827797 -2.9852763374751445 470
24 0.31067467336889515 -2.108227792415565 155
25 -1.5885477470866358 -3.848329397771953 500
26 1.0055617165292727 -3.3845348507464426 127
27 0.7061130669739094 -4.481283592883774 284
28 -0.24035196638672401 -3.7250482783196857 270
29 -2.1092808798261498 -1.4827749580450817 481
30 -0.9759224171645623 -4.485923990093495 201
31 -0.35909612052175743 -2.155542116329761 107
32 -3.704802507857904 -3.337596619629412 324
33 -1.4326789071885784 -1.1216174449671585 250
34 -2.651515967701459 -2.030945033546456 496
35 -0.24439876512809577 -1.3528975769492548 369
36 -3.1212465373889327 -5.041725717914104 50
37 -0.5909530050814039 -4.359795811332857 479
38 0.2576402708206986 -1.2818641616782964 106
39 -1.5114155386552626 -2.682347797745411 20
40 -2.798979686097904 -2.9927046854251915 387
41 1.162776557642565 -1.8519808674040292 185
42 -2.021551218170257 -2.5272867730717716 21
43 0.29358152861040776 -0.8357860314481134 51
44 -0.8827754455602334 -3.8500363045642763 325
45 0.03823234836841624 -4.011809295431896 16
46 -3.2380645462867546 -2.157255539129307 435
47 2.2506993593832565 -3.4503390801610756 97
48 -1.323350945592886 -2.901408212348643 167
49 -0.5891873189818558 -5.730946346546754 203
endpoint1 endpoint2
26 47
8 44
7 12
35 41
0 10
1 11
13 32
20 48
7 19
33 39
31 35
27 28
11 42
18 35
13 48
0 30
30 39
8 12
8 31
5 14
3 18
4 21
11 15
21 24
28 37
29 40
1 26
17 29
16 35
19 44
0 36
5 30
20 26
8 45
1 16
24 28
8 42
13 19
8 48
25 48
3 22
25 37
15 28
6 27
12 23
23 31
11 40
3 21
10 15
1 37
8 19
20 38
15 19
22 33
7 20
31 43
5 49
11 34
1 14
8 10
21 48
2 39
32 46
13 15
35 43
10 44
5 45
35 38
27 30
14 41
18 33
18 44
38 43
5 6
3 42
3 48
9 37
23 45
3 14
34 39
1 2
16 43
10 49
17 42
24 38
13 36
12 44
29 31
2 35
22 38
21 38
4 34
2 46
8 37
6 37
18 39
25 45
1 39
26 27
25 40
