nnodes nedges type
50 100 graph
nodename posx posy weight
0 0.28978921783880845 -3.261198289437977 449
1 2.215170217736356 -2.7333343965823054 236
2 3.5266847726876125 -4.430725077033582 280
3 2.2416193498293624 -5.475060528290821 90
4 1.4998945156667927 -7.175707678055799 169
5 1.2805076501867896 -6.632834805690177 378
6 1.0864951220377401 -5.066321455936068 323
7 1.7466377891039848 -3.176282207390868 71
8 1.201724341874166 -6.029476300164205 53
9 0.03659193974760101 -3.8551039488777876 230
10 2.8585187986131912 -3.4736311002861004 87
11 4.162773594981412 -3.6660291579345006 384
12 3.282448144603344 -3.319304445274815 12
13 3.14417136717238 -7.789296817750579 169
14 1.8559581488680565 -3.7811042797741745 481
15 2.219092726689591 -6.892445679718455 286
16 1.2017871383152408 -2.9696515838905087 302
17 0.36339524366377957 -5.481095552659843 460
18 1.4249927834667833 -1.3627447037221985 373
19 3.246937653173895 -4.653689763486388 248
20 2.4326087688246 -3.7655348097828902 193
21 0.1596108682777621 -4.7807135100023155 427
22 1.7510028225917942 -2.5161203752053294 17
23 4.325635149409072 -4.4802026347542245 297
24 3.0712192828954077 -4.139524129180224 95
25 2.207841240654236 -4.410625169495128 102
26 1.0180515610297844 -3.7584487336223567 427
27 4.914139318741283 -4.63211637271112 261
28 3.28038669154388 -6.552641889988275 113
29 2.362868632671872 -4.152966265150931 211
30 3.1206805058168214 -5.18943374753489 24
31 1.2258125231845285 -4.629420779654266 260
32 2.812739527670405 -2.800733554643151 459
33 2.4047482958826807 -4.879016674335089 343
34 4.050244253326693 -6.024502172948366 410
35 3.9832212858229683 -2.9928578435260245 441
36 3.2595221089676394 -1.6927505461655792 38
37 3.908544246348255 -6.764161731276337 173
38 -0.13350074771119178 -5.505002957651231 427
39 1.3627214088738913 -4.0710883739346135 369
40 2.054996981468321 -5.725098376666092 33
41 3.864580855233178 -4.987362084743269 436
42 3.0434948233828676 -5.999463642627521 222
43 2.5693099287095045 -6.619945799606341 368
44 3.0382521928082697 -5.626319049907933 238
45 0.5964528998146873 -4.197311811660629 301
46 1.6537938597229898 -4.496660609669434 423
47 4.198507355741452 -5.287305679161299 446
48 1.3054493496027082 -5.637717883641088 267
49 -0.6123838892863892 -4.79911040007272 415
endpoint1 endpoint2
43 48
20 25
25 31
7 12
7 25
17 46
5 8
14 31
19 29
30 42
11 27
33 39
8 15
20 32
19 24
10 23
8 38
32 35
7 22
2 47
6 26
34 41
37 44
22 32
28 37
9 45
6 39
31 40
3 28
2 12
24 33
19 33
1 16
16 29
40 42
33 40
1 10
44 46
3 33
23 34
22 46
29 33
16 26
29 46
34 37
3 5
2 33
10 25
24 25
10 20
0 31
32 36
9 38
18 22
42 43
13 37
14 26
10 26
1 20
1 14
34 43
21 48
21 45
29 48
21 26
30 47
6 33
13 15
9 49
24 44
19 42
17 49
25 41
44 47
6 8
4 40
20 24
27 47
2 40
12 19
11 29
0 9
15 44
3 25
14 30
28 34
8 40
0 16
3 20
20 39
2 35
27 41
7 32
3 30
25 45
38 49
7 9
3 8
17 48
24 32
