nnodes nedges type
50 100 graph
nodename posx posy weight
0 2.493020896341759 2.6721062437437855 233
1 3.6182072631447304 4.10080653192395 44
2 0.727467236763878 3.317422607710056 446
3 -0.19038803118984254 4.231355325493433 342
4 4.621951591831305 -0.08932421198343832 247
5 1.2928956261638715 1.3050055206583702 107
6 2.2284421845127516 0.8527881823787342 170
7 4.095384881538811 3.400431228505602 437
8 2.312117682379429 5.281696069273206 48
9 0.6150917501849694 2.477505513890418 298
10 1.5104275852907108 0.6738167477585042 126
11 1.187408175469744 2.1643620339558427 361
12 1.8705703492975863 4.580083927558272 240
13 2.6733627208462827 2.322739419909639 473
14 2.689724570375341 1.142717281516581 16
15 3.054949736528532 4.285478773094571 18
16 0.4554806245843656 4.79579828806261 488
17 2.0433724425626365 1.8270737075342225 111
18 0.8950798636502129 4.510245677072773 286
19 3.8333195368922346 0.6588570991809282 206
20 0.7296836071331044 2.9832242901465102 261
21 1.822594253187784 1.5983440629743937 22
22 0.08481023333767118 2.5427483939266002 126
23 1.43706421922156 4.892653180625002 245
24 0.21703113867295734 1.6142860830970098 147
25 1.41810028937785 2.8595857475554953 39
26 -0.8431346532051283 0.903077995234239 243
27 1.7017340630446975 3.4823727943009204 10
28 2.0807601407724774 3.088432842404428 349
29 2.9175207633731652 3.905602806776123 416
30 4.528042950112145 2.331091826554364 50
31 1.7363297723710853 3.716395678199745 150
32 3.493206324778718 3.5931743063937542 74
33 1.2493991304678587 -0.5270776862633011 79
34 3.2750435557885456 2.8349296962563426 120
35 3.214856386846338 3.1808659710412592 179
36 2.990219254982896 1.6069038382753038 86
37 2.427688404137064 0.32773573933414846 67
38 0.8437279336046054 4.0165857192550884 25
39 3.149955602953594 1.8611272544441688 125
40 -0.4386287784256148 1.9325039155206594 313
41 1.0862435991907928 3.64135027709048 14
42 4.023440560788998 1.4172998141684365 227
43 2.1666036801390978 3.943900399469518 179
44 0.7049211608856509 5.558860413939632 237
45 3.9479375828044048 2.491035239919681 392
46 1.5033695790799635 2.3019539189970257 102
47 2.5978153547679157 2.9699018478572485 417
48 0.21261982501622495 2.9418917027228733 159
49 0.5683258665003056 1.1220654885768806 165
endpoint1 endpoint2
21 47
20 25
25 31
11 28
23 41
12 31
34 46
20 48
46 48
4 19
6 10
22 41
30 42
11 27
23 44
29 47
17 36
8 15
15 34
14 36
2 11
10 14
8 18
39 42
21 24
0 27
6 39
0 14
25 47
21 46
18 31
34 47
40 48
12 41
2 43
32 39
28 47
12 29
35 39
25 48
24 40
13 34
13 47
27 38
1 47
15 28
21 36
20 28
11 25
36 42
7 47
14 37
15 32
0 43
9 18
6 36
41 47
5 49
36 47
18 38
3 16
38 48
20 22
23 43
5 39
30 34
35 43
17 31
13 28
9 49
40 49
19 42
0 34
32 43
16 27
29 45
10 33
2 25
6 49
10 11
18 44
38 43
24 26
1 29
27 29
17 37
2 9
19 36
3 41
9 17
5 22
35 47
24 48
12 38
41 48
20 41
13 14
13 27
36 45
20 46
