nnodes nedges type
50 100 graph
nodename posx posy weight
0 -1.0878327639653724 1.014032731977827 147
1 -2.736280798260639 2.719566714816781 450
2 -1.6425199918907762 6.113225613461006 69
3 -0.414693400780989 3.488120947597557 140
4 -2.927962747552309 0.6926789968235615 170
5 0.1029144401170137 4.563192367316661 83
6 -2.183763353307756 4.911561043065756 166
7 -3.209781594955036 4.125484966932547 252
8 -3.0368899640281874 3.2288828817663227 307
9 -1.293183157267707 2.925927387344702 167
10 -1.7009154187992992 3.2745862532931658 23
11 -1.1267017740834437 3.627897390204945 417
12 -0.555855303208838 1.7615159556045379 174
13 -2.460762460224822 4.05486244511851 395
14 -3.0420923091061116 1.6109157524453828 42
15 1.4115390502114038 4.239572122252614 313
16 -0.9494401510685926 2.4988073379181355 456
17 0.5383457583529898 3.852962703897573 412
18 -2.588456394954803 4.363930917714768 354
19 -4.406433912699247 4.422577212350315 191
20 -1.542547748312274 2.3916667119260415 42
21 -0.036472780503671164 2.314431498603075 231
22 -3.486700152689893 3.114690618806888 109
23 -1.1141473675128668 4.534545456499341 156
24 -0.6742498158801287 2.0855127714883723 278
25 -3.2256533306351987 3.5215703206339266 259
26 -0.7720493604875122 3.6341252235159454 68
27 -0.6051334958536156 5.259948616667413 368
28 0.0039414282833057914 3.994515178958758 379
29 1.0286969112949655 4.208501080984148 71
30 -3.838936502487602 1.8569392342431432 185
31 -0.0561155106577507 2.9020928532938015 166
32 0.7142882242242954 3.1696757749850697 141
33 -3.3137141854697774 5.205872794196796 267
34 0.5835638086635081 5.4201892073853655 242
35 -1.5075992857153986 4.6552823661514795 178
36 1.5439295298194344 2.8194099976555385 225
37 0.4357783166280656 1.9869690181316502 357
38 -1.9677250730829572 3.817608436774494 112
39 0.041653553339267825 4.903355629270005 281
40 -1.5076719270321008 1.7476461918164674 419
41 -1.9855140266703395 1.497412452605968 38
42 -2.710928024245085 5.412984518717261 187
43 -2.298591275069978 1.6916061281313963 279
44 -0.022261112454030407 1.1605523545678282 385
45 -1.8482441935473854 4.435219904426893 117
46 -3.5741568368966226 2.3869468620917353 74
47 -2.1291039813288735 3.248225452902613 317
48 -1.1784850300943224 1.9773922166632458 469
49 -2.2574290842945937 2.3946491268400583 71
endpoint1 endpoint2
26 47
43 48
3 35
0 20
11 28
7 25
6 35
40 41
11 48
3 24
18 45
13 45
26 32
7 19
14 43
28 31
25 49
15 34
27 39
1 40
10 23
7 22
23 38
5 34
23 28
24 49
1 49
6 13
27 34
1 43
7 38
6 42
20 47
24 31
20 21
0 24
12 41
18 42
46 49
17 27
37 40
3 5
6 27
29 36
1 30
9 38
7 47
28 29
36 37
15 32
20 38
26 39
5 23
29 39
41 47
7 33
10 38
21 48
3 16
26 45
5 29
4 43
11 13
8 46
9 47
6 33
24 44
40 49
3 26
6 8
10 16
22 47
26 31
17 21
1 18
14 41
10 11
14 30
32 37
16 21
18 23
8 14
16 43
10 49
0 44
2 35
35 47
1 13
24 48
4 14
25 45
9 31
0 41
21 44
8 47
15 17
1 22
12 26
9 48
13 42
