nnodes nedges type
50 100 graph
nodename posx posy weight
0 2.9846600516116415 0.2671523230288481 33
1 4.3410457372468665 -1.4984154851106704 45
2 2.474447979865209 -1.3843806027082979 47
3 3.8338550868792916 -0.6634622583307705 32
4 4.665423205651803 0.043485785829892994 39
5 3.96642806890462 0.8562934295614673 85
6 1.5116214633973213 -1.0499107354803958 13
7 1.8076663343957877 -1.2505038971357125 56
8 4.426491601089169 -0.18224816886533213 4
9 4.775717521030793 1.343165193787138 66
10 2.429204846750077 1.636195925981299 58
11 4.779831523922583 -1.9233205605955612 20
12 3.9549870200509445 0.2148346088562809 41
13 3.1861617353134206 -1.6299073957354624 19
14 1.3936251542565479 0.8031356431559133 4
15 5.487875469432722 -1.3174402753499685 22
16 1.96509599468825 0.6458531515898406 77
17 5.435475239878349 -0.993094650753695 6
18 3.52755151934954 -1.108617790301806 94
19 2.27506487377657 -2.0020239431072753 97
20 2.9576251666446938 2.3692563228573293 16
21 1.5381000100094602 0.11287728305473062 28
22 3.2579079542265856 -0.08236209250795855 13
23 3.457277832481007 2.7643310496684004 37
24 4.010000942908959 -3.342621254210992 17
25 4.7460802101591515 2.115151250472337 3
26 5.55274463062069 2.3706810170097974 56
27 2.8919040534739873 -0.40365099803540233 9
28 3.136314853279632 1.892514857089252 56
29 4.047929417941526 1.399315569482853 30
30 2.337909067865199 -0.10850379112129903 97
31 6.525538242191182 -1.6468472002094152 29
32 2.671806752262911 -2.475137468306717 77
33 5.7792444976629 -0.08484532301960648 19
34 3.894882727277354 -1.7539613649695023 93
35 4.728583014168567 -1.1730681386102773 15
36 5.795067757121814 0.8524103128744173 40
37 2.56307289784328 1.0061324313206632 63
38 3.9991985632569356 2.151053536150496 64
39 5.342011462085305 0.432958362429432 37
40 3.210029106671318 1.2746197681488134 92
41 1.6411846770530518 -0.32078813122336264 84
42 3.9030452356863568 -1.1092747955140485 24
43 6.003533153341663 1.241293797022281 88
44 2.6108977411395426 -0.857354816077533 86
45 5.175165356247591 1.104259082638799 10
46 4.386954482578687 0.653072852334358 97
47 3.814880746273215 -2.1744519914921088 33
48 1.5399885171080614 1.4208725323220104 13
49 2.8323688479041547 0.5282560365447654 60
endpoint1 endpoint2
9 26
39 46
20 25
22 44
33 36
0 10
11 47
1 11
18 30
20 48
2 42
16 22
6 44
2 27
8 15
7 41
2 6
18 35
4 35
0 30
23 38
12 22
29 37
17 39
5 27
11 15
0 27
34 42
17 34
42 47
4 12
4 42
8 45
0 21
23 40
43 45
28 49
6 30
21 30
9 43
0 46
22 49
8 22
10 20
9 38
14 37
28 29
9 29
20 38
27 37
40 46
5 36
2 19
18 27
17 33
24 47
19 47
41 49
5 29
8 46
7 27
17 31
0 12
34 44
12 42
4 29
3 47
30 40
1 18
29 45
27 30
8 49
3 4
9 12
19 41
14 30
0 16
0 3
4 9
25 39
0 44
11 18
32 34
29 38
10 40
35 47
7 32
1 13
41 48
39 43
10 28
30 44
4 39
11 17
9 46
5 38
33 46
13 27
1 8
13 42
