nnodes nedges type
50 100 graph
nodename posx posy weight
0 -0.18087958054392678 -0.8751919960616216 31
1 -0.6194321144064755 3.088882835578312 72
2 -0.6278763581876965 -0.17428310816567955 37
3 1.2498982844122601 -0.5812524313662105 81
4 1.1975047688188 0.3620385181467786 31
5 -2.887677230679817 0.6947517999704352 85
6 1.0803612340735929 -0.933177645271627 49
7 1.54244877824879 0.6265551843738716 59
8 0.1984720519109444 3.4389931268038767 84
9 0.06066331816745972 2.2136319816399377 57
10 2.1074284952391578 0.8714264379801554 50
11 -1.6895231351155544 4.0541022548097265 71
12 1.4227536505336909 1.698765546146331 79
13 -1.9425822069435636 1.5752134470132386 27
14 -1.311689004706848 -0.22618573557997798 55
15 0.5054068209762783 3.107668785210894 44
16 -0.9565493260859258 3.3802635241593437 32
17 -1.5333679288866149 0.7370138384157269 67
18 1.1111691678700852 0.8223742998637182 6
19 1.6044815212938692 2.960196941394096 60
20 -1.8721736508586007 3.0668428117483195 84
21 1.5698136108778846 2.297236173417376 16
22 0.6238061985194584 0.11129105762173738 51
23 -1.9543864652196252 2.185526805090553 91
24 1.6693025258486416 3.4575371993879562 27
25 -0.21265735406726327 1.822633405031963 61
26 -1.7974978819990937 1.3071474836166377 38
27 2.0271029923205215 2.00223559905763 40
28 0.0322441800403711 0.06313825439238599 58
29 0.9719438429940654 2.603548597171674 75
30 0.47305143297178204 2.0118706515329867 54
31 -0.7428066808657265 -0.6235175119509818 51
32 0.5444919844291022 1.3400145591570136 45
33 2.7583848625056304 1.9085240618097654 53
34 -0.18238883658007055 0.20129604764033932 95
35 -1.0319291021355832 1.213189834466583 45
36 1.9624668573027348 0.03352254951350516 82
37 -0.6954998366545266 2.401216474154006 29
38 0.6388538024040077 -0.44722039782584666 29
39 -0.0019179182974796728 1.301170285122967 65
40 -0.7878982308798942 0.8973204387296163 100
41 -1.3893024571063954 -0.6814459648753985 49
42 0.6235659631529675 0.5808133791324245 76
43 0.44159782260157887 -1.804203041012733 67
44 -2.060493447496775 0.12967332126793646 15
45 -0.06619129396195358 0.6068345041622826 1
46 -1.0780047887484325 1.9121558396496414 74
47 -1.4560551603678458 2.313223374343091 19
48 0.17617263499184535 3.012827323945971 2
49 -1.4257101800915064 0.11371867316475806 72
endpoint1 endpoint2
6 28
5 44
16 47
23 26
6 7
37 48
3 45
19 29
24 27
28 35
10 18
2 42
30 42
17 23
22 28
29 30
8 21
26 37
22 42
12 22
41 45
18 36
15 16
11 16
9 45
7 21
40 45
0 14
1 15
25 47
26 44
27 33
2 38
22 45
21 27
28 42
3 6
17 45
14 34
2 49
10 32
18 32
25 48
13 47
19 27
11 20
2 44
16 20
0 2
41 44
36 42
18 22
19 48
5 13
1 37
0 43
14 26
4 22
3 38
34 49
0 28
40 46
29 39
6 43
18 27
37 46
18 38
19 21
0 22
4 38
1 23
32 46
17 31
1 9
35 49
26 46
15 24
2 40
30 37
22 31
35 37
12 33
18 34
9 15
28 39
8 37
32 34
35 47
16 37
2 31
7 45
18 39
13 39
4 25
20 23
12 15
1 8
17 35
25 40
20 46
