nnodes nedges type
50 100 graph
nodename posx posy weight
0 -0.7966444519333578 -0.5519814101772389 14
1 -0.2660977369110687 -1.5368981595048996 24
2 2.4500973124922942 -1.9963234656251254 80
3 0.9151855869678794 0.6296171748963958 95
4 0.5225818644026421 -1.725206773110065 54
5 1.457557503487554 -3.5793836154679903 100
6 1.3623654254517525 -2.5164794276577442 10
7 2.7795581564916154 -2.334405705035961 89
8 0.26277904259744256 -1.9022084552588105 51
9 -1.7444434120943484 -0.45661129327562033 22
10 3.0922959656374274 -4.491865585855584 94
11 -0.55943513148439 -4.106346987073748 12
12 0.5042970684744722 -0.9437896572623906 42
13 1.189157717612782 -0.3745900699716547 73
14 1.3208825216377065 -0.8306022486898327 49
15 1.32549047454467 -2.056487163255034 48
16 0.4934122178623744 -2.9057356184418377 61
17 -0.6744780323773041 0.3957726182763483 24
18 2.921758615805218 -1.316454124404497 36
19 1.904870687337792 -3.917203409278451 94
20 1.8551978451487285 -4.617728610137936 23
21 -1.3593927707798525 -1.2701124397484316 2
22 -1.141167482910751 -2.815802643419949 48
23 1.5753912445347396 -1.7424189839274327 34
24 0.07625600811013589 -5.079095979015078 38
25 3.23511089972736 0.005788393896412645 84
26 -1.1196351973080274 -3.8200514670182737 79
27 0.030457461920918263 -3.4864167787502676 65
28 3.60947403243443 -1.2331990347407873 2
29 0.30680420677598885 -2.2234776394135842 67
30 1.964154636675804 -0.1238239825778864 71
31 0.54371542091926 -4.314367684782198 25
32 2.0809349301301383 -3.2052680435281884 62
33 1.903525148377955 -2.5374837317098646 48
34 0.9229101800988817 -2.8542784818251365 21
35 0.0014302960281474743 -0.4777285895503661 37
36 2.1816661087346825 -1.350920616275129 54
37 1.178260396683837 -1.4418397563246588 52
38 -1.4835105573229739 -1.5826746115087484 3
39 2.976802446490927 -3.329190228849031 20
40 -0.22364784796708412 -2.4612383061859857 21
41 -0.6357230426669862 -2.1832310016178433 91
42 0.6153157613950355 -0.16017165278487622 71
43 1.6744499619106175 -3.2101481779504106 15
44 -0.5707743556789495 -2.8875991857169483 54
45 3.547262632126592 -2.3926540304555357 8
46 0.5126927949868634 -3.5884184365718745 1
47 2.0538912409638077 -0.847692640751397 98
48 -1.0827436866899343 -2.521990291313099 23
49 1.027655108769574 -4.265921695859782 27
endpoint1 endpoint2
3 35
4 36
29 44
2 5
11 48
18 45
6 7
38 40
9 21
39 45
11 27
33 39
7 28
16 44
4 16
4 35
2 47
1 12
34 41
24 49
19 49
15 33
27 49
5 27
1 21
23 37
26 44
0 21
25 30
6 29
5 43
12 13
11 31
16 29
4 48
19 43
46 49
1 44
20 31
32 39
23 47
31 34
12 29
34 37
33 43
4 6
18 47
32 49
10 20
9 38
6 46
15 32
20 43
32 33
40 46
22 27
36 47
12 37
21 48
1 23
23 43
31 46
13 15
0 12
16 33
7 36
18 28
2 14
1 35
33 37
16 27
12 47
2 45
8 40
30 37
5 32
11 24
18 23
8 14
16 43
14 42
37 42
17 42
1 41
9 17
8 37
32 34
6 37
7 32
10 39
16 40
3 30
0 38
25 28
6 19
26 27
1 22
16 34
15 40
8 27
