nnodes nedges type
50 100 graph
nodename posx posy weight
0 1.301909456248598 2.9763998845161383 42
1 1.573245520520418 -1.0265607924286948 3
2 0.303978672565949 1.1936437074215016 24
3 0.8955280957297 0.13824078742351298 100
4 0.1153657396257586 -0.5374479466358417 41
5 2.4168841817930597 0.5548639796324568 61
6 1.9110837692133498 0.4905211509811512 89
7 2.1839282086631373 1.9570691741671673 64
8 0.1027252521993579 1.756066823790559 54
9 4.14092502669808 -1.2104306272039564 5
10 1.8285431321596262 1.638627685120886 51
11 0.79088944643626 1.6058459370861906 60
12 1.0374769704222835 1.6953745572553722 98
13 2.4547957771295206 1.3381460367085267 16
14 -0.736937636794698 0.9377850863080788 20
15 1.1656457209972815 0.8580924127071295 27
16 1.4161001789405963 2.465677216584176 54
17 2.5761279882821366 -1.8148016528283988 12
18 2.5227077997736345 0.8381110272350898 22
19 1.9466170450227458 -0.16180344051239773 55
20 2.7630828543007255 -1.324144432524362 39
21 3.975982134693707 0.7244614917537405 20
22 -0.5427404290822808 2.226579759850203 70
23 3.9486897394069373 1.9450641521960164 28
24 0.9934580195024122 2.8055022555113407 41
25 0.44551015665655164 0.6003055993863516 79
26 3.378636521025645 -1.8454531770016378 38
27 -0.2140743257850916 0.09326413171127461 93
28 2.0803037997488185 -2.198084532143918 84
29 0.1820354145372365 2.386834000714618 28
30 1.7211568684050444 -0.585502602709519 53
31 0.6067263701626869 -0.7501045650230772 89
32 2.431293734256962 2.6550396254403696 44
33 1.1792769431120957 -1.5472558252483406 11
34 3.5025316576941132 0.4920417958535548 20
35 3.516357039796118 -0.5031108582646956 56
36 3.9978396034706654 -2.826933383884144 47
37 2.671195148548064 -0.149149857878981 25
38 0.572614157598306 -1.7360676085192266 16
39 2.5043768397233417 -0.7711068725170352 40
40 3.076370963218837 0.5469095095124065 87
41 1.327115341429597 0.3462823282884726 67
42 4.745386899440256 1.02886356143675 27
43 0.9466519653268742 0.4571952633809509 6
44 0.2957535179257482 -0.0953706698555938 4
45 2.841966775966878 -0.6735907897699224 99
46 1.6159755237675693 -1.9381293287016943 59
47 1.149780555382946 -0.721519351122248 66
48 3.184334149092514 1.81615192061673 75
49 4.505290157533937 0.1060552163450726 35
endpoint1 endpoint2
9 26
2 41
25 31
0 10
17 46
19 40
8 24
11 22
28 46
2 27
13 48
21 40
5 34
1 31
31 38
4 15
25 44
3 18
6 13
30 45
34 42
19 44
1 33
7 15
5 43
12 13
16 32
3 27
9 20
23 49
6 11
7 18
6 30
30 43
22 29
6 45
27 31
10 32
5 10
8 22
14 25
10 25
28 33
2 29
1 3
10 48
13 37
4 27
1 37
15 19
4 33
1 20
31 43
30 33
41 47
17 33
8 29
21 48
31 46
12 25
2 3
9 49
35 49
43 44
2 14
25 41
38 46
26 46
39 47
8 43
11 29
13 18
19 41
26 35
21 35
25 27
23 32
7 16
30 37
11 24
28 45
16 24
6 47
11 43
18 34
26 36
7 10
0 29
5 35
2 16
6 40
18 39
4 25
19 20
5 41
34 45
17 35
24 32
38 47
19 30
