nnodes nedges type
50 100 graph
nodename posx posy weight
0 -3.8837363648123033 -0.5307271116949774 3
1 -1.4730555088956236 -0.6248571130637544 54
2 -2.625411873146066 -0.024983676983196073 21
3 -2.6830272152825345 -2.2367214920138783 48
4 -1.7887091174667895 -1.490380073715867 88
5 -4.032953576597296 -1.988004153485086 15
6 -1.7592632356747233 -0.22378709647380016 91
7 -2.936387445915802 -1.600356818151247 1
8 -4.838231174607557 -2.8179548387558007 75
9 -4.90400518279207 0.4798213227548088 98
10 -0.3958015358932474 -1.4511600498518604 9
11 -2.6483097074538637 -3.7282805335647375 74
12 -5.205205277692521 -0.49087373865293127 67
13 -4.892150845068307 -3.9232056247118337 22
14 -1.5507630534891395 0.5526494178990679 100
15 -1.9807999002189123 -2.3689112312267366 30
16 -2.116400283174361 -3.0657719552633083 46
17 -1.6656652995248535 -4.303668058724889 14
18 -4.0661186083874234 -2.9471916092303037 21
19 -5.4415315081050775 -2.207726662801409 32
20 -4.397113472860994 0.06937598427853935 62
21 -5.513627445295866 -0.916980618185507 77
22 -1.3610368720720103 -3.3535032696882108 66
23 -0.8381974426064492 -2.2049383777067235 35
24 -4.593089768636479 -1.7547003449021745 88
25 -3.013327534392853 -2.3558267193150106 15
26 -3.9707101560267275 -2.4348399046640385 39
27 -1.1392583964753216 -1.4869930729135055 10
28 -3.7973480444567844 -3.502482477501781 16
29 -2.1387179032651753 -1.2479016351789172 70
30 -2.5372969425695953 -2.965755887692763 19
31 -0.8223363136773266 -2.484919728571816 68
32 -3.236132109178075 -1.3744957882933593 78
33 -3.9101176399705624 -1.0489079538821946 94
34 -2.138861518228632 1.1069684662508759 80
35 -3.233172577259753 -3.821004725763882 32
36 -3.5034198325709456 0.4503740228618968 81
37 -1.8523408713837928 -1.85408157653937 25
38 -5.745943842020879 -3.49334349151781 15
39 -1.0393696563446295 -0.8810028795624519 87
40 -3.5335332475522923 -2.800207658206527 37
41 -3.8033241301618763 -1.4130228130425886 63
42 -2.311201563053058 -1.7687217223979892 1
43 -2.871753531093509 0.9725807284550875 14
44 -1.2582824612507835 -2.0570736299619226 77
45 -2.4563153563615607 -0.40796504069940503 71
46 -1.4921363252955475 -2.6657784827837157 51
47 -2.4233971358498683 -1.3417910548115837 22
48 -2.9220516221420634 -0.5223070541382184 43
49 -0.4660436282930574 -4.1036609385003535 53
endpoint1 endpoint2
43 48
27 46
0 20
7 25
15 47
8 24
6 7
9 21
39 45
5 18
9 36
16 25
16 44
2 6
18 35
0 45
2 32
2 47
8 38
29 37
4 15
13 38
21 24
11 16
6 39
16 35
3 28
8 28
24 33
5 30
4 42
7 15
12 24
35 40
14 34
15 25
39 44
27 44
16 23
22 46
0 5
29 46
18 32
42 48
22 49
5 7
25 37
20 33
24 25
11 25
22 30
10 37
1 3
7 47
16 42
5 26
2 34
16 17
12 20
1 14
34 43
47 48
10 31
25 29
15 22
1 4
3 26
2 14
25 41
44 47
3 32
27 47
13 18
29 45
33 42
23 27
3 4
9 12
15 31
5 19
4 45
27 42
8 40
32 37
22 31
26 41
4 23
23 39
40 47
31 42
12 21
10 39
41 48
20 36
2 36
4 39
36 45
18 40
4 30
3 46
