nnodes nedges type
50 100 graph
nodename posx posy weight
0 1.3166970546874257 0.0963620419947363 73
1 3.3740660712310304 1.1548150618606463 8
2 2.6903762106834335 -0.7491594679467641 88
3 2.06635856803841 0.2253900760210292 73
4 4.550836264355047 -0.03330772313445829 36
5 6.247704490498821 -1.0876435612811424 56
6 2.9391467835358576 -1.412009868602584 6
7 3.138415679809561 0.5774673396715466 92
8 4.099190473014683 -1.1506296404051501 25
9 4.722646550521685 0.14345060766819148 47
10 5.427141793620358 -0.1922429393342907 9
11 2.531121278176111 0.5367454283123616 12
12 3.6901705654744976 -0.16960106484263002 7
13 3.570466044814866 1.7081115983973432 84
14 4.235761888924674 0.5074440522038173 3
15 3.696986514390322 2.8470957172057356 44
16 2.466132873740654 4.019477836536286 99
17 1.9494611201869874 2.4048406874229973 12
18 2.9576068074244026 0.9174538453862827 69
19 1.7384253732192645 -0.18735238452223513 37
20 4.951753675763426 2.659062901971477 35
21 4.531577418677522 1.361707331743306 70
22 2.7481714613949797 1.6644529299115578 11
23 3.2372176676530464 1.6955376825308055 81
24 4.327387210139425 1.828782656950029 2
25 6.016614928421413 0.0017264848178207522 51
26 4.98334466061372 -2.07441719479332 26
27 4.980982142454009 0.732487534963746 73
28 3.6532541153058253 0.24078886904519792 93
29 2.52675055078885 1.4677832140860645 8
30 2.6968882197798756 2.3643484868607763 28
31 2.813856147247254 0.15106967910761598 51
32 3.793898525924662 -2.229805242184034 85
33 1.3370105291864074 1.5128463561701675 33
34 5.381865235948735 2.032477233004953 92
35 3.137048782197976 3.064088640962313 36
36 4.183782572319052 2.449661591459567 12
37 1.6173877913102406 0.6565010981679948 49
38 1.7992405596528709 1.341224587905487 48
39 2.0557944830834063 -1.923129694072798 23
40 3.505862102362019 4.181049487884174 18
41 5.862329560870905 1.7455416489932327 33
42 4.80405053708555 -0.8943245823657598 2
43 6.371866148541825 0.6764534018165516 89
44 5.448194093345624 -1.2898944768585525 1
45 3.6986686410409346 -1.337682351544656 61
46 2.1259151680287736 -0.8849312268975256 49
47 2.980312475365936 -0.6532195264410238 79
48 3.6894371813173987 -0.7303005835903048 11
49 3.920847694558039 0.9466563687690916 15
endpoint1 endpoint2
39 46
8 44
15 20
5 44
13 17
11 48
2 48
25 43
26 32
14 18
7 19
1 28
7 28
35 36
34 36
9 14
12 45
37 38
29 30
15 29
12 22
1 31
24 49
25 44
24 36
3 18
1 38
4 21
27 34
7 21
6 39
16 35
31 37
8 28
15 36
21 49
26 44
21 27
20 21
8 32
6 32
31 47
35 40
41 43
18 31
0 33
28 49
4 47
6 45
23 24
6 48
2 7
9 13
5 10
12 46
42 48
21 36
1 30
23 31
28 29
18 37
7 11
22 33
23 36
10 43
17 33
42 44
31 49
12 14
2 3
7 49
19 31
6 31
13 18
24 41
0 47
11 23
27 42
2 45
25 27
0 3
7 29
11 38
23 30
10 12
14 27
13 49
18 24
42 45
9 10
26 42
8 47
22 35
1 22
30 35
1 27
17 30
9 48
3 29
3 46
