nnodes nedges type
50 100 graph
nodename posx posy weight
0 6.351251506882937 -1.070547310220924 92
1 4.223594239696567 -1.3834641030192671 2
2 5.523362082095617 -1.6306239693864777 49
3 4.2515429229031465 0.33827326284123393 77
4 4.772047609925493 1.8408926536048518 37
5 3.0886118352767604 1.6559783082206636 29
6 5.617112922219668 1.206309404860064 74
7 3.491421857175701 1.7105556858441275 99
8 3.250411235460887 1.0428595178704032 44
9 6.49147479970817 -1.2668606638498292 39
10 2.763354477857153 0.07580867960442476 71
11 4.222890365641101 1.1432494188791178 74
12 5.189923187121062 1.836850088989328 30
13 4.589409603443885 -0.7367495228976446 24
14 4.303986319164973 2.0699371425942745 92
15 3.2115878245993508 0.6108375107502548 55
16 6.52736046538734 0.8182711420591902 54
17 5.642765607779585 -0.7855265465528025 54
18 5.293239985876495 -0.187200422278452 67
19 1.6009903732803024 0.12991580054116442 94
20 8.281842412391057 -1.5926918801028636 25
21 3.9094827498905627 -0.3310417665244708 76
22 5.980924356995069 -0.11736582489283867 94
23 4.545216511627076 0.7578070436654692 21
24 5.849096966620079 -1.9018054585618327 88
25 5.107805501855869 -1.4664886491744071 67
26 7.277902984328791 1.184730758130064 21
27 6.737580096222653 0.037133169215933584 16
28 4.435265645136783 1.0290440858318235 13
29 4.7723996325284395 -2.481753291835276 97
30 6.718952611393218 1.7754815766650058 94
31 0.5542850777992677 0.31607646682038243 22
32 5.484583115516571 -0.3024591909498938 82
33 3.3761550882429257 -0.9016514391998419 51
34 5.172263529667462 -2.0760442221390933 71
35 2.914257663267422 0.42166341311910294 87
36 5.25344423048956 0.2179743279767251 65
37 6.163107191592031 1.012498504775367 30
38 7.489363706838597 -0.7702560019263242 44
39 6.77681382738201 2.544073076971165 82
40 4.817467190533824 -0.1186361143109031 46
41 4.590675027337124 -1.2247825940828594 13
42 5.274962357072986 2.0092281753289076 38
43 3.6873256884674954 -0.1024797507444383 19
44 6.038729987092632 -0.4690341677230359 77
45 3.9315008906810354 0.31408940042634537 14
46 5.5328140665704035 2.7787021359229382 32
47 3.6824491094861207 -2.3105976020892234 13
48 7.3944473790234815 -2.0689069321670854 11
49 5.839242866704053 0.440803876931832 65
endpoint1 endpoint2
39 46
13 17
33 41
5 8
20 48
18 45
4 46
7 28
17 41
21 40
30 39
22 25
13 23
34 41
37 44
5 14
0 27
2 18
22 26
11 35
3 11
17 34
15 43
0 36
38 44
1 33
6 14
4 42
8 45
5 43
4 37
0 24
6 32
43 45
4 28
23 49
21 33
10 19
6 30
4 11
17 40
12 46
24 25
22 36
32 49
15 28
22 43
12 23
0 2
41 44
3 15
16 42
20 38
11 14
27 37
9 18
26 39
16 17
6 36
1 25
41 47
22 27
13 25
8 10
24 34
27 32
16 30
21 23
17 49
19 31
24 29
21 32
28 40
10 33
6 49
4 7
18 44
8 23
3 42
11 23
10 21
28 45
1 2
2 9
1 36
3 41
9 17
7 10
11 18
6 37
33 35
8 11
4 14
6 12
11 12
28 36
40 44
29 41
9 48
24 32
