nnodes nedges type
70 100 graph
nodename posx posy weight
0 -1.7396535036711764 0.22744598880812883 6
1 -0.3462184156509362 -0.8474389496443643 396
2 2.2552360480181264 -7.590133007334339 201
3 -1.7226645142225194 -4.599454510542867 178
4 4.881226345994327 -5.084414749729835 110
5 2.7579689905658973 -2.621916646306348 367
6 -1.6894991280310905 -2.876656356670684 349
7 2.781717031883142 -3.7290540506739647 250
8 1.899178493728515 -0.9935891180153591 264
9 3.6916788362344293 -1.0487999992408086 359
10 1.9682786740911353 -2.033511540374471 80
11 3.9764854946524806 -3.6419421625204915 70
12 -0.0503398839419883 0.4468972189427518 116
13 0.8675029867669654 -1.4111994438899156 500
14 1.9790929828453874 -3.4698786399851653 123
15 -0.21272360267057136 -4.423166858362395 217
16 3.657169389097137 -6.293472420274445 165
17 2.3036448876905355 -0.6023969994114271 256
18 0.6700137964654204 -1.1891561665161878 361
19 1.7239000529156063 -4.121808926787624 153
20 1.625485983834823 -6.6025537830073295 73
21 0.8970560126456747 -2.3668439748003447 441
22 0.5343587120776985 -2.3355392604688 262
23 1.5076562502237294 -2.2965386829821486 304
24 1.4307902650459718 -0.7585634259594635 311
25 4.2786498605941246 -3.0723984599269816 319
26 -1.0795681482481225 -2.8351434944985967 484
27 1.7418157102247214 -0.10048928852084099 129
28 1.250789668659923 -3.0601163910246236 242
29 -0.7212116917527791 -4.205104945429821 152
30 0.5204946209699044 0.004513670822434819 313
31 1.8790017037538254 -6.077342808599108 228
32 0.9509803402911057 -3.841696461656658 68
33 3.757723281318336 -4.633949242638853 26
34 2.9782499510497162 -3.3620945437639627 107
35 -0.5445500934528015 -2.2943897607252692 268
36 4.640713106470936 -1.8382580555302814 34
37 0.7632896186558105 -4.0450673431154955 268
38 2.6818089320511307 -0.4212385370579142 198
39 0.8986204808552347 0.6904656706230755 373
40 1.0663911703245992 -7.631820511410806 390
41 -0.7692869717904796 -5.270213562876499 488
42 0.6513408625314048 -0.40924894542064616 219
43 2.9093994136818573 -4.673571512805884 1
44 -3.8800549784820855 -3.9836356575261314 437
45 1.872272849674782 -4.826438618696084 446
46 -0.4171712338334123 1.5436465038338807 320
47 2.913688778283288 -5.440080468522596 320
48 1.6132101188946033 -5.296774527695956 39
49 0.16570642800305252 -1.898508625574582 67
50 3.3204251746798477 -1.4938604601005756 157
51 -0.2883966972707336 -2.4374102467616843 432
52 -2.8139822227704467 -3.7264307524764146 161
53 -1.5791024441098531 -3.508644090299111 397
54 -1.7010084186329952 -0.7333716932082502 277
55 2.2918018867022707 1.7494339907011058 460
56 4.593073657924585 -0.36933931896088756 71
57 -0.9560397917155301 -1.4127221234440144 500
58 -0.2366000518119054 -1.4614999493756946 229
59 2.648908108426107 -3.314899224560428 80
60 3.3463258027344165 -1.911166654810714 466
61 3.0222094873283534 -1.339523406813493 365
62 -0.6784056058607169 -0.4737485444690371 341
63 1.6104406567041472 -2.8177665313355593 237
64 -1.7269398509629388 -1.7565914152877202 410
65 0.43600393612539434 -5.6537575015413575 46
66 -1.0731524383327542 -3.9384508671306335 198
67 1.8996520126295144 0.6249503246763894 280
68 0.2738988711551447 -3.2044313300174405 53
69 -0.19494498295420476 -3.085477858428976 399
endpoint1 endpoint2
23 51
21 28
7 25
6 35
38 67
49 63
16 47
13 30
35 58
20 48
37 48
52 53
22 58
45 48
9 36
45 65
18 35
1 54
24 39
10 23
17 18
33 34
12 39
14 21
21 24
42 58
28 63
37 68
44 52
49 62
9 61
0 62
14 34
19 43
54 64
18 42
28 68
30 67
38 60
8 42
23 34
8 61
49 57
9 56
17 27
10 63
12 46
5 7
53 66
55 67
1 30
59 60
19 63
53 69
12 62
4 33
26 69
32 69
20 40
19 32
47 48
41 66
13 68
2 20
9 60
33 47
12 42
29 68
26 51
35 68
45 59
31 45
15 68
7 43
3 66
1 57
8 23
25 36
22 37
59 63
66 69
5 61
49 69
24 38
18 49
9 17
10 22
7 32
10 50
51 69
6 66
11 59
5 28
1 22
41 65
13 27
21 69
3 29
51 64
43 47
