nnodes nedges type
70 100 graph
nodename posx posy weight
0 -1.8051363357939774 -3.3048975644887655 390
1 -5.700655939162084 -1.3673107439725936 188
2 -5.685180795109068 1.9506858950743375 119
3 -0.41705865968808825 3.2049634447340947 156
4 -0.18452373030468777 1.07550415404113 305
5 1.8795414468258798 2.4394437936179894 409
6 -3.3061564039399425 1.3574827749028957 364
7 -5.3138415764433296 -3.0944050318051888 134
8 -3.3040766637001115 0.16139855579854331 156
9 -2.1079037011418 -1.9602637604863622 494
10 -2.506533169284948 -3.391184583046776 251
11 -4.175202663388742 -1.5490210088055854 126
12 0.830052519958385 -0.2699949148306019 192
13 -4.885833351242545 1.2033782822551817 349
14 -3.928404515896924 2.7833200036785253 362
15 1.3218769648959559 0.9837178019598364 394
16 -2.4999668269305606 0.2253779752530262 182
17 -4.829130138064323 0.45518209750478217 40
18 -2.472259738428126 -2.0054174563303775 451
19 -1.7813381659858694 4.4557996349623386 381
20 -1.7369408402124085 -2.0892863574818734 303
21 0.2886151412095171 4.2274359987016465 423
22 -4.909630320879009 -1.5910868878624975 194
23 -2.887848140946127 -0.8951955801054348 165
24 -0.5021030993598165 0.3273786085707041 65
25 -2.3106585735642025 1.9803845735669816 272
26 -2.730819740076828 3.205806286624481 318
27 -2.68309598933151 3.839888633240669 52
28 -1.3712477870711275 2.894787780203729 478
29 -6.364791170612918 -0.21952585435255226 206
30 -2.9757082794383 -1.1464322293819713 221
31 -0.3837936901826132 -0.8964052907078098 110
32 -4.48043539360183 -2.24670670929804 357
33 -2.4729652355569836 2.0733424270253846 5
34 -2.9067317021351915 4.9032380555059465 419
35 0.08333533019149449 3.0484305890960814 174
36 -0.7935792603922178 -2.0715236327243898 62
37 0.11935279138964958 -2.9100113806051118 141
38 -5.762037177153517 1.0532132775894407 290
39 -4.276486441370446 -0.19515834027092918 97
40 -4.640092550174541 -0.5891908709901066 86
41 -2.95005276617191 1.749130674299318 498
42 -2.89585069494113 2.450668019407181 243
43 -3.517710585924531 -1.23505834764849 282
44 -2.6862149396836545 -3.111997127879769 208
45 -3.6643456978552584 2.179124146321415 147
46 -3.349804734660482 -2.4880214412973176 129
47 -4.020289805680301 3.354436421646023 137
48 -3.707914991172552 0.7773548934453915 84
49 -4.0359165083913595 -0.6259760415500951 246
50 -3.4255282259597974 0.4920360916013008 18
51 -1.7101584672959471 0.9698902621326794 63
52 -1.1171972585949583 -0.05160355035366137 470
53 2.3989092505514074 1.3549776580385564 442
54 -1.0676295521619679 -3.168251059023101 87
55 -0.4065933296210892 -1.733550534217188 133
56 -1.33452839606347 0.44623820183809204 447
57 -1.8160487265530232 1.5283304612020892 430
58 -1.590674919572802 3.1176979420085864 441
59 -0.27250073636700695 2.3003808550658915 81
60 -1.5988930622030122 -1.1035357093580518 63
61 -1.9030631269119453 -0.5522761415546806 27
62 -5.2236798926962695 3.2034207062655717 342
63 -4.9582675974448795 2.1359757834212516 158
64 -6.089443388211465 -3.854657551807422 115
65 -5.670037122473789 0.617062210263665 158
66 -2.8457945175686934 0.7630856083438903 356
67 -3.5797124651565166 3.9738584784246673 408
68 -1.4002031808699809 2.2873222077539106 196
69 0.7802542968779153 2.185058172283482 231
endpoint1 endpoint2
0 20
30 60
12 31
1 11
56 61
38 63
28 35
10 18
11 22
9 36
4 52
27 28
27 67
18 20
24 52
30 39
41 45
51 68
42 57
23 66
19 34
52 60
6 16
25 58
41 50
6 14
7 64
58 59
39 65
9 61
5 53
11 46
40 48
3 68
35 69
44 46
45 47
8 61
50 51
8 48
15 69
25 48
20 54
47 62
22 49
8 39
41 68
45 63
17 38
11 40
36 37
3 21
13 50
59 69
3 59
9 44
31 36
47 67
19 58
2 13
43 50
26 45
6 33
2 65
41 42
16 52
18 43
5 69
6 8
27 47
4 59
32 43
16 49
2 62
11 23
1 29
24 51
31 61
45 66
26 58
0 44
56 57
34 67
18 60
14 67
29 38
7 32
60 61
42 45
15 53
8 17
57 66
20 36
28 57
20 23
12 15
9 46
33 57
55 60
11 32
