nnodes nedges type
70 100 graph
nodename posx posy weight
0 1.664747975105477 -4.997106542038305 290
1 2.344316211025588 -2.274616375410406 227
2 0.9097485037370173 -4.651863272393019 173
3 -0.7517710206230516 -3.306359199981416 194
4 1.530169030088928 -2.3522102942244896 70
5 2.8593420733741133 -0.7049467520297437 383
6 -0.006624057017023417 -6.508593079738905 428
7 -3.0860208549931936 -5.213806001812857 401
8 1.6135184446182436 -3.6642253473366226 335
9 -2.2548921705358067 -2.7172850011091767 444
10 -3.3980133533499273 -1.0965519146536664 357
11 1.5126841644422435 0.3050403465232613 16
12 0.4540542958944034 -0.4807871435061344 86
13 -5.5580952560780235 -0.507623472138193 115
14 1.8920887532245576 -2.127090803614379 357
15 3.439097831211335 -3.296806882410836 18
16 1.363760333002834 -1.695359594106436 214
17 -1.4094262460218998 1.1442465568770979 190
18 -1.1368958477584072 -1.9121707255484506 214
19 -3.719855784616174 -4.242174260632962 289
20 -3.216049009100264 0.8200558066752635 334
21 -0.08661686829806814 -1.1980366489906265 102
22 1.7313136218354586 -1.2165550110730252 179
23 2.11952168357849 -3.2961604626984013 244
24 2.3448062626952986 -4.87089383753089 415
25 0.19081665206949294 -5.300621975859007 229
26 2.722404536117177 -5.797699679094904 467
27 0.2873914420046437 -3.5487721476479135 227
28 -0.13713403015324763 0.6850083284511708 400
29 0.5170999973236072 0.2716923204374863 271
30 -1.8290934422847305 -4.039893409680708 440
31 0.7674865346897682 -0.6827381157530932 265
32 -2.474520372793154 -1.8682892556909871 216
33 -1.898667094995036 -4.858027673122699 487
34 -2.326058159663819 0.10154644063977039 28
35 -2.159033242567473 -1.292368818524508 447
36 -4.523055755942926 -0.8327362211991653 136
37 1.1638215376969974 -4.5038065688895434 411
38 -2.4012226180020937 -4.351416529574525 156
39 -1.9923158855376881 -3.4630270689007405 490
40 -0.4451019676845685 -2.9878272267018247 442
41 1.4728110867843596 -6.227364179291245 160
42 -0.4036486022799887 -4.378132124783353 412
43 0.32002452014581767 -1.7016770105576675 489
44 -1.6779058346696698 -2.698174546886981 349
45 -0.940502064772048 -5.57929652634725 267
46 0.35928680609843044 -2.4356497245167703 192
47 -3.850410615141926 -6.00669133659344 102
48 -0.10647844225686091 -3.7194919105624855 75
49 -0.24108790547443454 -1.8602360751854234 273
50 -1.2613290178446284 0.19282018989814456 75
51 -0.961487995530155 -1.2770515095243573 403
52 -1.0512649075365712 -2.343553604746411 152
53 -0.6825949655687616 -0.9680767719312827 432
54 -1.5618463439593633 2.2973713570256447 315
55 1.8641317999809206 -1.6314390199157103 421
56 -0.3609645948881005 -0.7295424093788736 197
57 2.0411995045560833 -4.008812043314164 101
58 -0.22130971947177752 -7.613937740022336 411
59 1.0533558509699754 0.7998611445773275 415
60 2.445680775681428 -3.6224101495602423 109
61 -1.1303247031538297 -4.000448174801178 100
62 0.1634687631074778 -4.638947297248191 369
63 -1.1133395359777887 -4.739996981495637 18
64 0.934727725261381 -3.257954607894831 183
65 -1.8324162895310339 -0.7819504503909186 494
66 -0.3314830645077344 -2.308135537438118 102
67 -2.962650027418165 -3.2450551307783044 252
68 1.0846806919044432 -0.5532211603924432 359
69 1.395237192103996 -2.658492642332949 213
endpoint1 endpoint2
16 68
34 35
23 69
46 48
12 59
52 53
9 66
38 63
4 46
3 62
2 42
7 19
33 39
10 35
28 31
3 40
64 69
14 64
27 40
33 61
12 22
18 65
9 39
6 41
10 36
18 51
43 69
50 56
33 45
17 34
35 51
1 60
43 46
43 51
14 22
21 46
15 23
48 63
11 31
1 16
40 42
40 61
0 62
6 58
42 63
25 42
3 44
2 60
16 66
49 52
6 45
18 21
0 8
23 24
18 32
38 39
25 37
40 64
50 65
7 47
4 8
12 51
57 64
4 22
37 64
43 56
44 67
35 44
17 28
7 33
40 52
31 49
17 54
23 64
1 23
40 49
51 52
14 16
21 29
11 29
49 56
19 67
24 41
20 34
22 31
13 36
53 68
8 27
5 22
42 45
3 30
39 52
1 22
0 26
40 44
1 69
18 40
42 61
46 55
3 46
