nnodes nedges type
70 100 graph
nodename posx posy weight
0 4.431972425448833 0.31273669178625046 311
1 4.044567642712013 -3.914825056712121 149
2 5.202648031846511 -5.541033383713819 413
3 6.091238577068366 -2.513455255064211 399
4 9.395975661703028 -4.571497032210835 64
5 7.5893978174421735 0.7857491308455175 176
6 9.516838900589637 -5.790098546335887 64
7 4.984223893875117 -3.0786257199130325 228
8 6.155908117382392 -3.1326106925039405 51
9 9.887912551919134 -3.2745209054041924 415
10 4.6871977771697795 -4.285038932504179 257
11 9.684213366677213 -1.8664287829754236 229
12 9.096123419888468 -3.2504064786522555 37
13 8.17479597535078 -4.77955070312928 396
14 5.94781360712898 1.5084696488698384 272
15 2.194429048251688 -2.578649495198268 459
16 8.60348478061674 -2.0657537544267104 260
17 7.285645791044162 -6.357983022794277 356
18 5.470665619188343 -4.20713585937285 268
19 10.289621746329493 -0.6257172031891663 102
20 2.8818063772993594 -3.907503138445469 433
21 6.709686223972226 -0.3977981969394307 187
22 5.948697642916831 -1.00994822519364 231
23 3.864601367306823 -4.49537056972909 43
24 7.64812903762812 -1.53863626867915 125
25 3.7371229797502226 -0.8317289022514722 23
26 5.9387560092443925 -5.226327339737255 407
27 3.442431500034979 -3.419277419727409 388
28 5.201212001911453 -1.127248666202173 380
29 6.741137335052989 -0.8750291404156518 358
30 6.198884833493577 -5.875617861440888 272
31 7.515552524335529 -0.17980259555734543 219
32 3.3979324431524476 -2.798948630939738 429
33 6.948542875271132 -2.149156058794119 108
34 5.788838177098912 -2.149463522787199 46
35 5.698143047675111 -0.6287799376129667 261
36 7.56716456399023 0.30581039297797546 33
37 4.343755887767996 -2.102939642428797 60
38 4.1540501717360065 -5.370634644040023 179
39 7.107458379701633 -5.376213849339656 398
40 6.95099008849699 -4.214245931473644 465
41 8.16936492970929 -4.058561655723386 233
42 5.250623602897376 -3.7901740125877796 467
43 8.614105371606382 -0.7772472581407222 53
44 7.02918662802807 -3.075383404351055 233
45 5.53693662978052 -4.669778046582826 341
46 3.043460865970818 -4.935271397910877 121
47 8.8792017379474 -7.675657922414618 177
48 9.068275506971364 -2.175865082554551 199
49 8.555427323341975 0.25923780977900096 423
50 7.633210588617414 -1.9560726118464746 383
51 4.117745033324923 -5.7976197271085885 332
52 7.249593095845163 -0.4396232680525007 170
53 7.950540502974367 -0.9247037510181544 71
54 6.483355449504763 -5.781786189366598 79
55 3.461167431158588 -1.9271806957308815 258
56 5.18668587563209 -2.165925780297645 68
57 4.387665498897102 -3.0688266519462726 453
58 9.158295999013735 -1.147571024590635 426
59 8.055496863593609 1.8355988918367305 294
60 7.45436879206606 -2.935086875666149 279
61 4.530786003467797 -0.7930977322231384 374
62 5.255748984320772 1.3662326512206389 335
63 7.496768365190055 -4.463281428020377 142
64 8.512497915618633 -6.6279057451562755 105
65 5.805505747660107 0.34422587962743867 342
66 6.297538751721336 -0.22960715448473884 316
67 6.1908880823467545 -4.876710416984979 141
68 4.702133433670677 0.08477168988626688 325
69 6.2792300544228095 -1.7267669068931621 398
endpoint1 endpoint2
23 51
40 41
22 68
3 69
11 48
27 55
52 53
17 64
10 18
49 53
61 66
35 65
20 32
44 50
48 53
5 21
17 39
16 60
11 58
2 54
34 69
30 45
11 16
2 18
56 69
47 64
10 57
33 69
36 52
32 55
65 66
62 65
8 45
7 37
12 41
35 69
40 67
3 44
30 67
7 18
29 33
5 59
34 37
8 69
24 53
4 6
3 22
25 37
53 66
14 65
21 36
50 52
60 63
15 32
7 56
6 64
26 39
54 63
0 65
31 43
34 60
33 44
5 49
19 58
52 65
4 13
13 40
38 45
12 48
1 32
39 40
0 25
55 61
10 67
38 46
28 69
1 18
23 46
2 51
3 42
32 37
29 35
22 31
16 43
4 9
36 49
56 57
10 27
43 53
26 42
20 23
23 42
40 44
17 30
24 69
24 58
9 48
21 69
18 40
20 46
