nnodes nedges type
70 100 graph
nodename posx posy weight
0 -1.7266827045280835 5.523255854837611 161
1 -3.5378389148585443 5.78179956212738 497
2 -8.124441698068305 2.9064426641914927 58
3 -2.489731985381749 -0.29576160723275213 404
4 -1.7400501466024056 3.542936927539105 64
5 -5.825550896627978 1.0868379001528001 146
6 -3.503431636588915 -0.499746836075066 353
7 -6.1543448711125635 4.6291201066878065 58
8 -3.92346023300922 4.5056938288617 35
9 -5.229212829252036 3.031854678694544 301
10 -0.45313753357399467 0.7349570678125683 487
11 -4.948177144597799 4.454784405942267 82
12 0.1576346308691179 -1.0263553795860032 18
13 -2.8083297294409695 4.325500960697115 244
14 -3.5980643464198274 1.6103011110292227 404
15 -2.938049923878795 1.577568217688828 303
16 -5.31720879181541 4.230617135072027 372
17 -4.054481910734319 1.458980590669543 92
18 0.2699094437780416 3.337839036206672 422
19 0.11811338871552245 2.4276154124964893 420
20 0.6056585742181573 1.4986781460249932 309
21 -2.297662540572939 6.450414679066631 425
22 -2.3186480438345036 2.0606689977846173 482
23 -3.1544082797390023 4.195046597325423 217
24 -4.577770454672151 0.6631248748785965 314
25 -2.5117569081365345 3.633870534914685 234
26 -2.9241757449020076 2.2120230991241807 173
27 -1.7479631157380255 2.452417639831524 152
28 -0.18579237316383793 3.7411346368524363 12
29 1.7138862716959506 1.2903953673914617 117
30 -2.1604205144812716 -1.4958220143057972 85
31 -2.751719297835977 3.1208788734232393 234
32 -3.6887017149397194 5.093475100827898 254
33 -3.9343028254316637 0.02039126362452391 12
34 -3.222910143660515 0.534676530846374 319
35 -0.9442261486638569 1.8823820066909525 466
36 -2.4736756580664223 5.281169486575838 340
37 -3.162810230505651 5.55518936327088 141
38 -4.01706931374382 0.8351117307280812 492
39 -1.4685101345993865 4.26042725360426 86
40 -3.157796262198062 0.2786222606740314 90
41 -0.8803328644752914 3.3290521351484914 327
42 -3.563634048812394 2.8410200549938 129
43 -2.4064433806863246 0.5248120093878526 460
44 -1.662457699429547 0.2196129701714214 153
45 -5.519181852642699 -1.4123425876423978 8
46 -3.902930885259471 3.0750645987166365 56
47 -4.434796377142459 3.0352041921482638 24
48 -3.2828561040868 -0.9916403706550283 331
49 -2.502187793760183 4.903451075407033 6
50 -1.9711377135852588 4.658315882128049 435
51 -4.075557391757077 4.098924433809917 230
52 -4.416969302440619 1.7708182104440338 282
53 -4.676614893458843 5.607473335404616 454
54 -2.0234600929857365 0.9834868656819112 308
55 -5.0944948773934176 1.0435743274761635 90
56 -4.785240410557597 -0.5405239710056725 443
57 -5.844841616500608 2.8830805210460237 117
58 -4.868577449259888 3.9225086498938846 481
59 0.6504240801073747 4.6941939623545474 382
60 -7.028565598624463 2.868833446588614 321
61 -1.691511618749727 2.9471088615138945 136
62 -0.5195733096810102 4.094901992554995 15
63 -5.9334614943813975 5.28438532340414 198
64 -1.1093579509541653 5.2695338911674785 444
65 -5.438328513866399 1.9336784011579817 181
66 -0.601740475708542 -0.1284262801965929 234
67 -1.5055303846423098 0.9833134141683623 395
68 -1.0674341182544675 1.3869510520711852 105
69 -0.5248434369399093 5.250639645102903 216
endpoint1 endpoint2
26 47
62 64
34 52
27 68
18 19
24 55
14 46
11 47
13 32
39 69
59 62
9 57
25 49
7 58
11 63
36 50
26 54
42 51
14 24
37 51
9 16
22 25
0 39
42 52
18 62
36 64
15 67
14 33
18 41
17 55
4 31
57 60
14 22
23 50
15 26
3 34
39 41
17 24
24 56
11 51
8 25
19 28
9 65
2 60
44 68
66 67
21 36
10 20
22 43
8 58
61 62
26 61
4 27
38 55
23 36
6 43
52 65
15 42
0 37
8 16
3 54
45 56
5 52
34 44
10 54
35 68
47 58
12 66
32 53
33 48
17 26
35 67
47 57
13 46
20 29
23 32
3 48
13 36
36 49
1 36
25 39
55 65
28 39
27 41
31 42
6 40
3 30
15 38
13 39
19 35
19 20
22 35
26 27
9 46
23 42
4 50
1 8
15 40
6 56
11 53
