nnodes nedges type
70 100 graph
nodename posx posy weight
0 1.035078964585572 -3.9294248268608163 177
1 -0.6178068199340861 -0.28733260846549397 69
2 -0.540700590201063 -0.872992117424495 314
3 1.9083243239787249 1.9246038321445889 80
4 1.1850442207894591 -2.642466707791901 488
5 -0.7290116085728565 3.472771196371297 259
6 4.649979384432978 2.1596517736092573 218
7 2.01100365708176 3.2429586700972584 392
8 -0.579468073000179 1.536814091465806 495
9 6.955029123183809 1.860326095459438 107
10 4.626588865511731 -0.5353139336569551 11
11 2.9542985067009053 -1.3072757565171766 406
12 1.3594605367044466 -1.1697719120861203 266
13 3.434402077788681 -0.41033256949300956 399
14 -1.2256565496268212 -0.5250194483977264 410
15 2.4878892688919922 0.7831062237161461 93
16 3.71609584019899 1.4852538468710195 56
17 1.0256383429659106 3.439577468059677 355
18 0.283049005857968 0.11667207622231515 73
19 4.9937245181352194 0.7161629398238065 197
20 3.7132680058803444 0.463620438205355 280
21 0.5103978283844508 -3.363620700741101 353
22 2.7279837795968485 2.5044632540348406 383
23 0.2428981659277436 -1.6196804214298277 82
24 -0.1633622596516131 -1.640387347627647 57
25 -0.4188137093740246 0.6063378674482988 401
26 2.5810732281504176 1.437449870903163 248
27 2.7810042845044665 -3.2455277027984715 110
28 3.5865862165828317 2.318006230589412 12
29 0.6595263184528006 -0.9423454782963714 482
30 1.6791526006260282 1.5953381885156261 112
31 6.042202446724988 -1.4535678230918598 176
32 3.9252018109259765 0.9785858682417199 93
33 4.2911311117509765 -1.2582317575812179 433
34 5.3944276801577855 -1.6885218608361563 130
35 0.8959268663970007 -2.135525926783117 496
36 4.947567936546118 -2.4094703745046853 63
37 0.7593826733178904 1.3859416490358132 426
38 1.3413708260358308 0.2294420214954403 220
39 0.9538594466983983 -0.22267168286893488 171
40 6.126066927886062 1.1461110971315263 419
41 2.3109288249211803 -2.5146388692704265 493
42 1.290914041069517 2.207807848249855 494
43 -1.4162313355957434 0.4503337449308694 26
44 -0.6333042357008268 -1.657925000211212 159
45 0.5183227899345383 0.9840411003644759 435
46 6.002799445196947 0.23430087592958052 359
47 -0.4172448469439228 0.0423344806943048 79
48 -1.5935057007680273 1.284486722821133 107
49 2.5221486647884186 -1.7959573249957643 298
50 2.0224089618016308 -1.4616297049829186 471
51 4.89784706251256 -0.7895003306239259 174
52 5.268285636033765 3.225717407447917 224
53 1.9875209750140386 -0.7998291642654562 407
54 3.109913182891023 -0.07486410468567589 366
55 -0.21237072572154422 1.0655544951327032 469
56 -0.32636559127504466 -2.2710369494815255 184
57 2.2615585636068527 -0.10688595599111025 108
58 3.0244260713457356 0.9651293512980781 141
59 0.3576493369312553 -0.2862713952137827 128
60 -2.4672376142207333 -0.5204986059148187 469
61 3.446988425089483 -0.7467559305532319 427
62 0.8784380809689573 4.57784187098566 258
63 5.8278641186404405 -0.7489378721516531 77
64 0.022118204503105518 2.531908564600325 429
65 1.9953806711301343 -2.1354476269272435 271
66 3.6249766925781133 -1.903204132250372 113
67 3.9255849721020812 -2.1786072634370224 330
68 5.833145182836367 1.6448332664674867 398
69 -1.7674037008713435 -1.438082673869438 256
endpoint1 endpoint2
26 28
33 36
16 28
29 44
35 41
3 7
13 32
19 40
18 45
25 43
12 59
15 30
39 45
14 18
29 53
11 67
44 56
16 22
0 4
13 20
20 58
37 38
10 13
17 62
33 61
16 19
22 42
33 34
31 51
12 50
27 49
5 64
1 43
15 16
34 63
4 12
41 50
8 45
32 58
9 40
6 32
8 25
11 66
45 47
26 30
2 69
12 35
10 63
35 56
25 48
33 67
46 63
18 47
25 37
55 59
2 29
37 64
14 60
50 57
24 47
51 66
18 38
2 56
13 53
3 37
39 53
41 66
49 61
19 68
14 44
6 52
12 53
53 57
58 61
2 25
26 57
13 33
53 65
3 42
21 35
33 51
30 37
15 54
19 51
17 42
3 58
23 39
42 45
12 38
19 46
11 54
15 38
24 35
12 49
9 68
1 39
45 55
18 29
25 59
11 53
