nnodes nedges type
70 100 graph
nodename posx posy weight
0 -1.5156640161441073 -5.381431692993449 100
1 -3.3399785954766883 -5.340163156432699 274
2 2.4667392294754933 -3.1114381451744295 423
3 -0.4668646356935224 -4.106910838822721 141
4 0.8858777972504644 -5.215514273962628 432
5 2.1637154496040583 -3.9870871766447133 369
6 2.5880494960085656 -7.688928342041244 91
7 0.6560829343998142 -6.600929290727781 416
8 -2.531129968698699 -5.719976946764308 20
9 0.45661207611113963 -2.490947551680604 410
10 -2.434289505094239 -4.419514995261491 175
11 0.9041303400293713 -1.5719897355683854 381
12 6.475648236518233 -8.764233547218211 44
13 1.6430442320266014 -5.45172926187537 332
14 2.073162292238573 -6.428581171857688 296
15 4.182043182666221 -6.359043640656196 320
16 -1.4482972730746353 -3.0517052461236065 319
17 -2.501138839953469 -4.183802199411381 346
18 1.8188684361826906 -6.878224234850775 439
19 4.792291158174809 -4.275626817946152 370
20 -2.1650840403448957 -6.16755984452476 56
21 2.5850648871049464 -4.22689579232668 154
22 -3.8126739908241247 -7.298984797668193 200
23 3.7112181940614803 -6.227642003350198 292
24 1.2621323362206813 -0.48777282446815334 67
25 -0.0903623551204963 -6.27819016027572 110
26 1.7469755651136447 -2.833291748261826 311
27 1.1159913076382602 -2.929440314393216 271
28 0.44032682942131524 -3.6971350172117714 23
29 -0.48713580707446874 -5.49498492843056 396
30 0.1759566592804881 -7.47582257421751 201
31 -1.871260471847842 -3.010643771555019 375
32 -0.7957252578109776 -4.145280038377271 85
33 -0.2926329398008344 -3.7388358044001557 469
34 0.24929624911885087 -4.772381072451521 130
35 5.7786979755500605 -7.963476670762962 415
36 -2.011996685043996 -5.434828262789545 465
37 -0.25847978373659 -5.330326858610279 189
38 -0.4260950300678797 -2.7131053509509497 18
39 -2.5956850574956967 -6.873820607984328 149
40 2.835825847092201 -5.271384349533935 260
41 -1.3088816812578596 -8.115285913104604 191
42 2.1421844507064725 -3.1020616765792637 282
43 -1.643381643002185 -1.7401834652335886 5
44 5.046235711387292 -7.129743048118428 428
45 1.4412485974974536 -7.181295308300852 285
46 -1.1886753033335429 -1.4297894735596768 27
47 -1.134127916293431 -7.121106168756029 159
48 -1.1129043126696991 -6.043672709607587 301
49 -3.675750751373999 -3.962315570301505 309
50 0.8611731108852584 -4.120125770328501 479
51 -0.8671632166666197 -2.1045653423510973 487
52 -1.8844805338285537 -8.258743256624493 282
53 2.1669555172767443 -4.5027532147345335 134
54 3.666116636397519 -4.72527200992153 466
55 2.4083720415917425 -5.951181842195702 47
56 -3.215386995674775 -6.938739178080285 393
57 -0.48275119023091595 -6.686356446530595 59
58 -1.5395861453352606 -3.599713822573306 192
59 3.1401421721719243 -5.546853888345076 304
60 -0.4972151988076332 -8.50454319942646 314
61 3.3659377358996694 -4.3122556504167475 449
62 -1.3678806052185162 -6.738800134496624 135
63 -0.6021214316306771 -3.092673566951015 447
64 0.4474764340605575 -1.952355714472254 94
65 -0.9455486888668877 -5.288632194697357 177
66 0.6761892603788164 -5.6154105164868575 183
67 -2.4118252247025245 -7.5108438533853965 340
68 -0.44511514351113557 -1.1929408663436851 360
69 2.5671243635275585 -1.8329345323049246 120
endpoint1 endpoint2
9 26
18 55
11 68
48 62
20 65
30 60
0 10
37 48
14 18
58 63
29 34
11 27
2 27
27 28
17 36
36 39
27 50
21 40
22 39
59 61
33 34
15 59
31 51
51 68
52 60
30 45
5 50
0 36
6 14
38 51
3 34
28 63
25 30
54 59
29 62
16 32
7 37
19 54
7 18
33 38
4 53
14 40
12 35
31 63
13 34
21 55
37 50
34 65
9 38
20 56
36 37
42 53
3 38
34 66
43 68
35 44
8 10
26 69
16 58
3 16
10 31
30 47
21 26
33 58
0 25
56 67
38 46
28 50
62 67
53 54
9 63
15 44
47 57
23 55
13 59
28 34
27 42
11 24
5 61
27 64
16 43
10 49
1 36
8 20
29 57
4 34
32 34
4 25
17 58
8 47
39 52
45 55
26 27
13 14
2 21
14 45
0 48
41 62
3 29
51 64
