nnodes nedges type
70 100 graph
nodename posx posy weight
0 -1.8047956896499475 -3.0017703527695363 311
1 -1.8802823367924617 -4.177416013678277 43
2 -0.015646561534428914 -0.1448903921783965 68
3 -1.0986203443239535 -3.481925414327149 31
4 -4.603812017700318 -0.9796625235511884 75
5 -0.2723913975364743 -1.653178696579323 343
6 -3.2312909838761334 -0.41257703280876573 46
7 -2.6053054693441826 -0.6282613824129503 495
8 -4.5171467141944355 -0.030492119185569915 84
9 -1.7014061063118182 1.8694577219355908 175
10 -2.177217326303186 0.11393838295191663 168
11 -4.655334272173018 0.6380927186018442 81
12 -6.239612358135421 -1.874675852330285 44
13 -0.6370147256747674 0.4523056890438156 138
14 -3.651033833655213 1.690787378088752 371
15 -1.6207646648661822 -1.6424773089913858 33
16 2.090483345613804 -2.24148250781953 18
17 -0.6065577391675404 -2.8536021435340384 486
18 0.37088901725359386 -3.5780859585032383 370
19 -0.9217403784729693 -0.7239960498817972 433
20 -0.9083374997549692 -4.6957393479470415 245
21 -4.023856531825048 -4.851711838780694 385
22 -0.5668483808888053 -5.735458537496814 406
23 -1.5304925562179168 -4.163898627457247 371
24 -3.669217441844695 -3.526524233135438 11
25 -5.52306075596583 -2.7353569555694928 187
26 -6.221040965093057 -2.9959622485909536 155
27 -0.2824875310453963 1.162122244884892 9
28 -1.2621908409370297 -0.19100241649729136 52
29 -7.481608527479177 -1.987167586351108 46
30 0.3571738680865188 -0.061945167277067004 444
31 -2.9295722975324243 1.3933028657961848 98
32 -2.4288203452554016 1.1917807975948735 412
33 -5.017146348047213 -2.5915428038530735 235
34 -6.5096401146877225 0.06919637361282222 57
35 -4.031240499544944 2.7985065481150007 285
36 -0.02072527429861366 -1.271458686403185 348
37 -2.209361546113438 1.377529840650599 75
38 -1.6300768936945276 0.6894510248075386 215
39 -5.82866399670001 0.28739184166788534 203
40 -5.989035107265179 -1.2139985680728809 33
41 -2.9439443946539643 -4.2172776981066855 391
42 -5.062957219723052 -0.3711095731765302 467
43 -2.694874339899911 -1.9841272070560994 149
44 -1.5987954044152912 -2.1000174992744056 449
45 -0.840367481789007 -2.92757706902997 382
46 -5.715091629497237 -3.4879234989877808 472
47 -5.443738473084747 -0.7575628283119729 43
48 -1.9403096007989846 -2.4626640841063363 335
49 -5.5643921329672565 -1.9849871376496675 158
50 -2.8023041462853757 1.8711536408279896 304
51 -3.079908235877201 -2.161994268922688 199
52 -0.9676255026710465 -1.4039141949086718 88
53 -3.926742995645612 1.3534539459690855 342
54 -1.4379279982801003 1.1836454402475762 439
55 -4.6192342686187695 -3.8144405027483232 278
56 0.9390663772595657 -2.135451673204899 7
57 -2.607486162162459 0.5374932255262586 303
58 -4.2093698332548355 -3.277362615456572 348
59 -2.6449533903801323 -2.889420302978538 411
60 -6.80924575239527 -1.7981162886470365 61
61 -4.111318432669622 -0.8392030033627101 308
62 -3.363787785100287 -1.6783460131758405 380
63 -2.926711653136613 -3.6296432551193183 221
64 -3.9281780156856443 0.7467281659146615 214
65 -3.831250943516734 -1.7012259174271156 125
66 -2.341137707910075 -1.0756232393442844 370
67 -0.893637717718044 -2.1081192739227275 435
68 0.9146188407015122 -1.2777845002653192 159
69 -3.720998328591251 -2.8965141629817084 402
endpoint1 endpoint2
32 54
5 68
48 62
5 44
23 41
40 60
14 31
1 45
6 10
32 38
17 23
2 27
9 57
17 36
25 49
1 59
41 69
4 62
17 18
15 59
50 64
7 57
37 57
21 24
43 69
15 67
63 69
25 58
33 69
6 57
3 17
4 42
44 52
58 59
5 56
33 40
34 47
27 54
46 49
43 62
26 33
10 19
14 53
12 29
10 32
4 11
15 45
28 54
44 51
15 28
38 57
11 39
14 37
13 37
47 61
11 14
15 19
28 38
44 67
0 15
15 66
9 54
39 40
10 31
55 69
20 22
4 49
12 25
0 63
17 44
14 35
43 44
32 53
6 8
61 64
7 43
12 47
5 19
3 48
0 3
24 51
51 61
13 36
6 65
3 20
2 52
65 69
48 52
50 54
6 66
8 47
20 23
49 60
12 26
24 69
11 53
42 61
16 56
46 55
19 30
