nnodes nedges type
70 100 graph
nodename posx posy weight
0 -2.563526875151635 5.423328999753014 309
1 -5.261869887750255 3.3708431736674473 212
2 -3.3973506524966472 -0.7347947625422492 472
3 -1.3252946384215252 -0.8854451333771488 335
4 -1.5723587329828501 3.007191565051913 365
5 -1.7197259151266944 0.9859310673179017 498
6 0.26456968316834995 0.6859440711997415 303
7 -6.154255385424787 3.8728363561864225 106
8 0.3371272331649753 7.874191784512072 30
9 -2.588465146373902 4.437745964536861 354
10 -4.570553363247485 2.45347005500576 58
11 -3.718240411075716 5.298353979982959 55
12 -2.0417128848707344 0.17438016330959 120
13 -5.954984997760928 5.166248812560191 140
14 -4.531232687722368 0.8486081158296273 34
15 -0.04040881116990841 2.0162096653261825 327
16 -2.431029641619399 0.9980927429307723 315
17 -2.6240844714761216 2.385732022886249 234
18 -3.1016046662388885 2.207006653201508 317
19 2.1809026006885923 2.239109314896469 126
20 -0.8720044600062227 2.264141344849236 147
21 -1.9480910225296664 3.998484203530862 51
22 0.3270016334916743 6.74859396086403 276
23 -4.612574290403377 5.38774605600154 375
24 -1.4287187535550787 5.0991168698120966 103
25 -2.7585673101270247 1.4452735770489908 23
26 -4.4533292198024 3.2840923025249196 150
27 -0.5897881297556075 0.19790786402986282 142
28 -0.22867753100566557 3.518112945575088 294
29 -1.061427984543873 3.464787941469747 382
30 -0.6171249367559943 4.00095923887102 493
31 -1.259668641127554 2.0068316514463698 215
32 -4.99494207602053 4.428607901164782 1
33 0.2228269865073444 3.6219310286976865 471
34 -5.860258735911304 1.6228374543733213 152
35 -3.3077955793364984 1.105297211653311 99
36 0.3250443961144796 4.857925134193985 351
37 -2.3281703573579016 3.9078776934310775 283
38 -3.118656304093992 0.44104157264364446 367
39 -4.744439528798608 2.0784296846622787 342
40 -0.08349761687712205 5.359658447943997 96
41 -0.32909820405639933 1.786904859762357 413
42 -5.141895190043117 0.5314655759277509 388
43 -3.9062179620095 0.21199916757474593 99
44 -2.469569909788969 5.923503975739808 167
45 -1.718674591834734 1.8636323269366277 16
46 -3.6057031310144216 6.261829159906 231
47 -0.33973469178309834 2.7312186208043636 320
48 -4.209405934177772 3.9414620127535986 244
49 -2.6187870308301426 -0.33492436947671034 11
50 1.0332723086859694 2.4682543011146705 312
51 -4.6142260488861515 4.237488838586237 2
52 -1.702112842598595 2.494370968449525 200
53 -4.060479049935581 2.414874528141794 329
54 -4.251240444266944 6.498913686773325 68
55 -3.6082516940184917 3.3115834882280466 363
56 -5.92353946087782 2.7007083811288193 128
57 -3.3018460205299385 3.7240675267278913 45
58 -6.004125502014956 -0.31108127849278583 426
59 -2.8368357354182256 3.148703001778843 308
60 -2.52197421902964 4.876672370561153 353
61 -0.850141877178321 4.618069476947387 415
62 -0.4653764768203427 5.8774919496749565 367
63 -3.9246102479680314 1.4203890481689665 336
64 -3.7067415176648546 4.668032688427515 67
65 -1.295120594516327 0.6520398819710956 499
66 -3.424871936763555 2.7541631427941824 57
67 -1.89431564777195 3.7879878090274275 465
68 -2.188921851073611 -0.9870618441367311 119
69 1.4354527334322411 7.07888841601326 396
endpoint1 endpoint2
4 41
15 20
13 32
36 61
53 59
43 63
26 32
25 66
49 68
19 50
25 38
55 64
33 61
6 41
3 12
15 33
47 50
5 27
39 66
10 57
18 26
42 58
17 55
37 60
18 52
22 62
2 38
0 21
31 47
30 61
22 69
40 61
4 67
2 49
42 63
21 52
4 28
47 52
21 30
16 45
10 63
1 53
8 22
0 46
4 17
6 27
61 62
7 56
14 38
9 11
37 59
1 32
17 59
39 53
30 47
38 65
12 25
17 31
15 65
40 62
5 52
24 44
20 45
23 48
24 29
39 56
48 66
23 46
29 45
11 44
26 48
16 49
21 57
38 43
55 66
34 39
4 9
5 12
60 67
17 63
0 44
12 68
16 18
55 57
5 35
24 61
7 32
14 39
11 54
35 53
25 45
12 49
60 64
4 20
37 66
59 67
11 32
51 64
51 55
37 61
