nnodes nedges type
70 123 graph
nodename posx posy weight
0 0 0 18
1 1 0 31
2 2 0 43
3 3 0 95
4 4 0 100
5 5 0 31
6 6 0 86
7 7 0 10
8 8 0 99
9 9 0 23
10 0 1 77
11 1 1 38
12 2 1 8
13 3 1 37
14 4 1 30
15 5 1 96
16 6 1 25
17 7 1 64
18 8 1 88
19 9 1 74
20 0 2 42
21 1 2 96
22 2 2 65
23 3 2 78
24 4 2 25
25 5 2 24
26 6 2 37
27 7 2 84
28 8 2 74
29 9 2 53
30 0 3 60
31 1 3 35
32 2 3 52
33 3 3 65
34 4 3 2
35 5 3 5
36 6 3 15
37 7 3 64
38 8 3 63
39 9 3 51
40 0 4 25
41 1 4 64
42 2 4 48
43 3 4 17
44 4 4 33
45 5 4 22
46 6 4 50
47 7 4 26
48 8 4 67
49 9 4 70
50 0 5 42
51 1 5 20
52 2 5 27
53 3 5 77
54 4 5 87
55 5 5 98
56 6 5 29
57 7 5 29
58 8 5 36
59 9 5 88
60 0 6 42
61 1 6 93
62 2 6 56
63 3 6 30
64 4 6 75
65 5 6 49
66 6 6 26
67 7 6 40
68 8 6 49
69 9 6 53
endpoint1 endpoint2
54 55
40 41
18 19
0 10
34 35
50 60
1 11
6 7
19 29
44 45
52 53
20 30
25 26
21 31
27 28
35 36
4 5
37 38
14 24
14 15
11 21
55 56
12 22
0 1
17 18
33 34
13 23
8 18
42 52
9 19
15 16
22 32
7 8
6 16
67 68
22 23
35 45
36 46
8 9
37 47
2 12
65 66
58 59
12 13
20 21
56 66
54 64
15 25
50 51
16 26
32 42
66 67
17 27
23 24
33 43
38 39
24 25
57 58
10 20
23 33
7 17
42 43
28 29
36 37
61 62
46 56
30 31
46 47
27 37
59 69
28 38
16 17
32 33
29 39
24 34
58 68
25 35
47 48
38 48
57 67
41 42
2 3
18 28
34 44
43 44
51 52
45 46
53 54
30 40
3 4
10 11
47 57
5 6
48 58
49 59
31 32
63 64
1 2
51 61
52 62
56 57
53 63
26 36
39 49
55 65
3 13
60 61
68 69
4 14
5 15
62 63
43 53
11 12
44 54
48 49
64 65
45 55
26 27
31 41
13 14
21 22
40 50
41 51
