nnodes nedges type
70 123 graph
nodename posx posy weight
0 0 0 76
1 1 0 59
2 2 0 7
3 3 0 95
4 4 0 35
5 5 0 55
6 6 0 35
7 7 0 12
8 8 0 37
9 9 0 53
10 0 1 20
11 1 1 7
12 2 1 21
13 3 1 98
14 4 1 12
15 5 1 92
16 6 1 61
17 7 1 54
18 8 1 49
19 9 1 49
20 0 2 49
21 1 2 36
22 2 2 53
23 3 2 30
24 4 2 83
25 5 2 44
26 6 2 68
27 7 2 33
28 8 2 11
29 9 2 27
30 0 3 71
31 1 3 73
32 2 3 21
33 3 3 12
34 4 3 83
35 5 3 8
36 6 3 16
37 7 3 52
38 8 3 83
39 9 3 94
40 0 4 1
41 1 4 9
42 2 4 67
43 3 4 73
44 4 4 98
45 5 4 8
46 6 4 99
47 7 4 20
48 8 4 30
49 9 4 32
50 0 5 9
51 1 5 100
52 2 5 70
53 3 5 56
54 4 5 96
55 5 5 33
56 6 5 32
57 7 5 33
58 8 5 84
59 9 5 57
60 0 6 53
61 1 6 79
62 2 6 46
63 3 6 91
64 4 6 78
65 5 6 51
66 6 6 3
67 7 6 92
68 8 6 12
69 9 6 19
endpoint1 endpoint2
54 55
40 41
18 19
0 10
34 35
50 60
1 11
6 7
19 29
44 45
52 53
20 30
25 26
21 31
27 28
35 36
4 5
37 38
14 24
14 15
11 21
55 56
12 22
0 1
17 18
33 34
13 23
8 18
42 52
9 19
15 16
22 32
7 8
6 16
67 68
22 23
35 45
36 46
8 9
37 47
2 12
65 66
58 59
12 13
20 21
56 66
54 64
15 25
50 51
16 26
32 42
66 67
17 27
23 24
33 43
38 39
24 25
57 58
10 20
23 33
7 17
42 43
28 29
36 37
61 62
46 56
30 31
46 47
27 37
59 69
28 38
16 17
32 33
29 39
24 34
58 68
25 35
47 48
38 48
57 67
41 42
2 3
18 28
34 44
43 44
51 52
45 46
53 54
30 40
3 4
10 11
47 57
5 6
48 58
49 59
31 32
63 64
1 2
51 61
52 62
56 57
53 63
26 36
39 49
55 65
3 13
60 61
68 69
4 14
5 15
62 63
43 53
11 12
44 54
48 49
64 65
45 55
26 27
31 41
13 14
21 22
40 50
41 51
