nnodes nedges type
70 123 graph
nodename posx posy weight
0 0 0 7
1 1 0 60
2 2 0 30
3 3 0 60
4 4 0 80
5 5 0 80
6 6 0 45
7 7 0 42
8 8 0 65
9 9 0 67
10 0 1 5
11 1 1 33
12 2 1 1
13 3 1 56
14 4 1 66
15 5 1 93
16 6 1 21
17 7 1 78
18 8 1 71
19 9 1 37
20 0 2 49
21 1 2 71
22 2 2 76
23 3 2 25
24 4 2 55
25 5 2 59
26 6 2 15
27 7 2 60
28 8 2 7
29 9 2 52
30 0 3 50
31 1 3 41
32 2 3 28
33 3 3 89
34 4 3 77
35 5 3 74
36 6 3 22
37 7 3 70
38 8 3 36
39 9 3 87
40 0 4 59
41 1 4 29
42 2 4 44
43 3 4 61
44 4 4 29
45 5 4 7
46 6 4 4
47 7 4 89
48 8 4 95
49 9 4 86
50 0 5 21
51 1 5 48
52 2 5 7
53 3 5 49
54 4 5 82
55 5 5 94
56 6 5 91
57 7 5 24
58 8 5 100
59 9 5 95
60 0 6 54
61 1 6 83
62 2 6 44
63 3 6 46
64 4 6 14
65 5 6 84
66 6 6 52
67 7 6 79
68 8 6 29
69 9 6 98
endpoint1 endpoint2
54 55
40 41
18 19
0 10
34 35
50 60
1 11
6 7
19 29
44 45
52 53
20 30
25 26
21 31
27 28
35 36
4 5
37 38
14 24
14 15
11 21
55 56
12 22
0 1
17 18
33 34
13 23
8 18
42 52
9 19
15 16
22 32
7 8
6 16
67 68
22 23
35 45
36 46
8 9
37 47
2 12
65 66
58 59
12 13
20 21
56 66
54 64
15 25
50 51
16 26
32 42
66 67
17 27
23 24
33 43
38 39
24 25
57 58
10 20
23 33
7 17
42 43
28 29
36 37
61 62
46 56
30 31
46 47
27 37
59 69
28 38
16 17
32 33
29 39
24 34
58 68
25 35
47 48
38 48
57 67
41 42
2 3
18 28
34 44
43 44
51 52
45 46
53 54
30 40
3 4
10 11
47 57
5 6
48 58
49 59
31 32
63 64
1 2
51 61
52 62
56 57
53 63
26 36
39 49
55 65
3 13
60 61
68 69
4 14
5 15
62 63
43 53
11 12
44 54
48 49
64 65
45 55
26 27
31 41
13 14
21 22
40 50
41 51
