nnodes nedges type
70 123 graph
nodename posx posy weight
0 0 0 86
1 1 0 73
2 2 0 57
3 3 0 82
4 4 0 65
5 5 0 28
6 6 0 4
7 7 0 28
8 8 0 80
9 9 0 80
10 0 1 31
11 1 1 13
12 2 1 80
13 3 1 6
14 4 1 54
15 5 1 30
16 6 1 10
17 7 1 64
18 8 1 21
19 9 1 11
20 0 2 55
21 1 2 12
22 2 2 17
23 3 2 58
24 4 2 73
25 5 2 100
26 6 2 56
27 7 2 71
28 8 2 59
29 9 2 68
30 0 3 59
31 1 3 84
32 2 3 53
33 3 3 29
34 4 3 45
35 5 3 5
36 6 3 12
37 7 3 14
38 8 3 33
39 9 3 65
40 0 4 42
41 1 4 99
42 2 4 29
43 3 4 25
44 4 4 67
45 5 4 62
46 6 4 94
47 7 4 43
48 8 4 58
49 9 4 21
50 0 5 35
51 1 5 26
52 2 5 38
53 3 5 69
54 4 5 35
55 5 5 53
56 6 5 66
57 7 5 55
58 8 5 64
59 9 5 18
60 0 6 24
61 1 6 35
62 2 6 22
63 3 6 85
64 4 6 76
65 5 6 38
66 6 6 23
67 7 6 45
68 8 6 62
69 9 6 81
endpoint1 endpoint2
54 55
40 41
18 19
0 10
34 35
50 60
1 11
6 7
19 29
44 45
52 53
20 30
25 26
21 31
27 28
35 36
4 5
37 38
14 24
14 15
11 21
55 56
12 22
0 1
17 18
33 34
13 23
8 18
42 52
9 19
15 16
22 32
7 8
6 16
67 68
22 23
35 45
36 46
8 9
37 47
2 12
65 66
58 59
12 13
20 21
56 66
54 64
15 25
50 51
16 26
32 42
66 67
17 27
23 24
33 43
38 39
24 25
57 58
10 20
23 33
7 17
42 43
28 29
36 37
61 62
46 56
30 31
46 47
27 37
59 69
28 38
16 17
32 33
29 39
24 34
58 68
25 35
47 48
38 48
57 67
41 42
2 3
18 28
34 44
43 44
51 52
45 46
53 54
30 40
3 4
10 11
47 57
5 6
48 58
49 59
31 32
63 64
1 2
51 61
52 62
56 57
53 63
26 36
39 49
55 65
3 13
60 61
68 69
4 14
5 15
62 63
43 53
11 12
44 54
48 49
64 65
45 55
26 27
31 41
13 14
21 22
40 50
41 51
