nnodes nedges type
50 400 graph
nodename posx posy weight
0 -2.0273054343018018 0.3608993389967388 432
1 -0.8142806192777853 0.8026277762295151 419
2 -0.022257644053489664 -0.14192292355512742 429
3 -2.111433847236529 -0.3657029282763104 488
4 0.290050776014504 -0.23940902799157188 310
5 -1.5077067905207182 -0.691485238194806 84
6 -0.1765597664655246 0.47309915525397006 122
7 0.17768227110004264 -1.1630624483220762 276
8 0.15559895756951003 -0.5841639142113386 430
9 -1.2482102470118526 -1.3504578536159464 432
10 -1.8985092325086628 -0.05469384175900635 274
11 -1.309234793063504 -0.34608107144420813 167
12 0.5020529045588557 0.1858150247152042 236
13 -0.4340834685401587 -0.16885726780595606 357
14 -1.1914239714529808 -1.0914026402067558 125
15 -2.0664047321931913 -0.6013934174467271 94
16 -1.4842539269065336 0.13807693763052847 442
17 -0.46712893563329555 -1.4220718404380768 12
18 -1.8592454732004418 -0.380961531908661 133
19 -1.371515453173496 0.09965506296804673 332
20 -1.4723018132681398 -0.8788513205947511 222
21 -0.5601171958399815 0.3349437617096092 98
22 -0.6006755514437897 -1.6590133815599855 325
23 -0.5998167800677158 -1.071901644346868 224
24 0.04386737204946123 -0.790327806392249 187
25 -1.0653563469687917 0.884021342526047 353
26 -0.17489422965007223 -0.5592483081358992 142
27 -1.8334819311729216 -0.8436495709314197 193
28 -1.590076226860346 -1.3015661644603476 103
29 -1.0177564009650975 -0.21367615773390206 96
30 -0.5940384722854604 0.6644142910659498 324
31 -1.9110258937271443 -1.1210427677234256 358
32 -0.9069036335861832 0.21023576194691013 53
33 0.20211912474307445 0.516894052408969 286
34 -0.47299266958427455 1.0140686349379926 445
35 -0.9437596406927115 -0.8070477056220814 155
36 -0.8187986023878447 -1.1884894009380786 44
37 -0.6990749078508244 0.13787716065679148 378
38 -0.58753640442163 -0.7835733490699769 448
39 -1.819415013913089 0.6845719139836876 93
40 -1.0830807991920348 -1.4954224703537435 154
41 -1.2707583993194702 0.5172907093583653 57
42 -0.18647530279575336 0.14813475672448836 410
43 -0.4833552116183463 -0.45405227130384124 73
44 -2.0814692421197907 -0.013562886483727325 222
45 -1.4770797534663718 0.4544384640029236 296
46 -1.0434946599865054 -0.6044727573766251 174
47 -1.4584180390211876 0.653426453075957 58
48 -0.3087849129560999 -1.0536013161575517 186
49 -0.711315827322196 -0.21814492065144203 248
endpoint1 endpoint2
5 31
6 28
30 41
28 41
17 20
32 44
35 41
18 19
23 26
17 46
11 22
19 39
0 45
20 32
7 22
33 34
16 38
6 41
36 41
11 41
18 36
10 14
11 15
9 19
2 18
3 11
19 44
2 12
26 49
1 33
21 46
4 42
20 21
16 29
23 40
4 48
17 24
18 31
44 46
26 30
15 48
25 37
4 17
2 33
22 36
20 28
27 43
23 33
16 42
36 37
17 43
9 29
14 26
15 19
11 19
13 25
2 30
14 38
3 31
15 39
21 48
5 29
27 32
21 26
30 47
4 38
8 33
35 43
7 49
35 49
18 43
43 49
39 47
2 25
1 46
6 21
21 35
4 45
5 32
9 37
23 45
36 43
10 34
7 46
9 17
14 48
3 13
0 38
24 35
3 19
1 39
5 41
20 23
9 46
9 48
18 29
43 47
9 26
15 20
11 28
13 30
3 24
25 43
6 7
26 32
6 25
30 42
28 46
22 28
29 47
18 20
16 44
12 34
36 39
13 35
37 38
14 24
11 21
0 30
13 23
1 49
25 44
19 34
3 39
6 16
21 24
22 23
31 40
29 40
16 35
36 46
37 47
18 41
38 44
39 41
0 21
2 23
0 11
2 49
20 44
3 44
21 33
8 42
29 33
9 43
6 45
10 32
17 27
37 40
16 48
9 23
11 25
4 8
19 48
2 8
28 29
25 32
26 39
5 23
9 44
40 46
10 43
17 28
5 49
18 27
12 37
8 29
41 49
14 23
10 31
11 30
1 4
4 29
19 31
26 46
30 40
32 43
29 45
16 46
6 49
13 33
11 49
11 23
1 29
2 26
14 42
15 35
27 36
2 46
8 37
32 34
16 37
10 39
8 11
37 45
18 39
48 49
14 45
15 40
26 48
24 32
21 47
5 44
6 35
10 46
11 47
44 45
15 49
2 6
3 23
19 24
26 37
27 40
30 39
10 41
7 35
23 28
8 31
14 21
10 29
15 16
0 27
3 28
20 26
8 32
31 47
35 40
16 32
34 47
14 28
0 18
1 19
13 19
2 24
14 40
3 5
15 45
4 6
0 46
22 49
5 7
27 38
1 47
6 20
2 44
7 17
29 36
9 38
16 39
10 37
37 43
11 40
1 20
19 47
3 16
1 32
47 48
4 43
19 21
16 30
40 43
17 31
41 42
18 28
12 42
44 47
9 27
14 16
45 46
10 16
12 30
27 30
5 9
3 25
5 19
23 32
22 31
11 38
18 23
16 43
17 42
37 39
9 28
10 27
0 29
12 21
1 24
13 24
25 45
0 41
21 25
28 36
8 34
7 26
5 38
29 41
35 42
34 45
17 35
35 48
43 48
15 27
2 22
46 48
20 35
3 45
1 45
21 34
4 46
28 35
32 38
5 47
29 34
16 25
10 35
10 13
13 48
14 15
2 17
0 1
14 49
19 49
2 11
24 36
25 33
2 37
5 40
17 29
7 38
18 26
42 47
12 36
43 46
8 28
13 41
14 22
12 24
1 5
3 27
25 42
26 33
5 17
20 31
27 44
30 43
21 30
32 42
29 46
33 43
17 40
18 47
38 42
11 20
0 31
13 22
20 38
21 39
34 49
35 44
31 49
11 13
13 15
3 9
19 42
3 47
4 40
8 43
7 13
5 45
9 42
33 37
23 46
16 27
6 34
8 49
7 43
17 26
16 49
10 11
8 23
13 46
9 22
45 49
25 27
29 31
3 20
25 39
21 41
26 36
22 38
5 22
16 18
22 24
11 37
12 38
9 31
38 49
10 28
15 37
4 30
