nnodes nedges type
50 400 graph
nodename posx posy weight
0 -10.400348187321121 3.2056559631370813 293
1 -10.518467048765585 2.5884152421217705 489
2 -10.434532839341305 4.264842238804894 277
3 -10.641276238634637 4.199368129744164 232
4 -9.661896978757511 2.5163412356184476 70
5 -10.769732074850562 2.41125085621098 302
6 -10.678405578275386 3.0296094932869764 466
7 -10.850192576387036 2.160620517819107 437
8 -9.738983735025318 3.9451846680663243 267
9 -9.450215660624378 3.537052274724054 145
10 -11.341619682982724 3.099714103888488 105
11 -11.313953124165355 3.6375091600122107 108
12 -10.333989424492676 1.8268936508741098 462
13 -10.33497278088051 2.979056317860262 236
14 -9.747142835901283 1.7696384546213666 434
15 -10.046277245120303 1.897935573017448 114
16 -10.085621570374357 3.7578824651858334 453
17 -9.652337775641614 4.378254643744308 303
18 -10.931951347514008 3.2223941921510324 26
19 -9.151774769709771 3.111035228517088 155
20 -9.96943743162926 2.1968374519434093 331
21 -10.073281436171879 2.4320506411264087 147
22 -9.111122787645835 3.6026378586805166 443
23 -10.633409656983092 3.3764037654390586 440
24 -10.978507218304301 4.098450347173587 190
25 -9.579595611202322 3.016361845217448 11
26 -10.143404825656663 3.306015985778055 469
27 -11.14117901295642 3.2318396308180786 182
28 -10.694216120948067 4.049041995636692 483
29 -10.46571352027747 2.1030394710415257 369
30 -10.008936917042833 2.604695868150202 70
31 -9.459660389281154 2.305303540283669 492
32 -10.753303395406402 3.7593079732017918 146
33 -10.888848892493403 2.772820781203548 166
34 -11.295678398449663 2.6393386832808554 109
35 -11.579925412921273 2.8695059200724278 142
36 -9.878787604035306 2.8823731654605806 255
37 -9.90002656553885 3.6276344312409528 233
38 -10.16309773198366 4.259817538450536 439
39 -11.012352205378592 1.8981671533336184 286
40 -9.705334124914717 3.1720280310421285 306
41 -11.012945993016023 2.40091099001595 146
42 -11.949350735594706 3.2578635362976884 493
43 -9.671874222054603 3.789285572002411 169
44 -10.384450823511372 3.81363007589332 104
45 -11.547759882026604 2.4920277283784085 187
46 -11.436154683178456 4.050848062508698 227
47 -9.359161082259464 2.851051080486523 382
48 -11.024942027261416 3.6155104088027725 17
49 -9.347329605976224 2.4520672491125444 108
endpoint1 endpoint2
20 25
6 28
4 36
7 25
32 44
29 44
35 41
18 19
23 26
16 47
34 46
18 45
14 31
38 40
39 45
1 28
2 27
15 34
20 32
1 40
21 37
32 35
5 34
35 46
16 38
6 41
8 12
37 44
11 41
18 36
39 42
9 19
2 18
26 49
3 17
1 33
47 49
8 45
23 40
6 32
16 29
4 48
8 25
44 46
11 26
26 30
0 5
5 10
25 37
5 20
36 37
10 48
10 26
15 19
0 28
12 20
13 25
2 30
25 46
15 39
19 32
0 40
5 29
30 47
28 43
32 46
16 33
36 44
34 44
17 44
7 49
14 29
38 46
43 49
1 18
13 18
14 41
4 7
3 42
6 21
21 35
32 37
16 24
6 47
36 43
34 39
17 37
11 43
3 13
2 10
24 35
5 15
20 41
1 39
19 20
8 47
20 23
40 44
21 22
10 45
11 32
9 48
42 46
26 28
0 7
12 31
13 30
24 42
6 7
4 19
26 32
5 18
20 30
27 45
16 22
28 46
17 23
29 47
12 34
11 21
0 30
14 36
25 44
4 26
20 37
27 34
6 16
28 37
34 48
31 40
33 45
34 42
8 9
39 41
0 21
14 47
19 43
0 33
3 44
1 44
23 49
6 11
21 33
4 47
2 43
7 18
9 43
16 26
6 45
10 32
8 48
7 40
37 40
11 45
16 48
13 47
4 8
2 8
24 37
20 43
30 31
4 22
19 22
2 34
22 33
9 44
16 17
6 36
23 36
7 33
31 36
11 34
38 48
0 25
12 25
13 28
3 26
27 47
33 48
30 40
21 29
28 40
7 30
29 45
16 46
17 47
14 30
15 31
11 23
0 16
2 26
19 36
26 41
5 25
20 39
27 36
1 41
8 37
35 47
9 32
33 35
12 15
13 14
3 8
3 46
4 41
8 44
5 44
9 41
23 41
7 42
18 30
12 40
8 24
13 45
37 48
9 21
45 48
27 28
15 49
4 10
2 6
5 11
29 30
21 40
26 37
5 21
23 38
6 26
10 41
41 45
7 35
18 25
12 39
10 29
0 27
24 46
14 33
15 36
21 49
29 49
27 33
30 48
18 42
38 41
1 19
0 8
4 6
19 38
0 46
3 43
27 38
6 20
32 36
5 33
29 36
3 49
16 39
8 13
1 20
3 10
1 14
4 13
0 37
20 40
3 16
19 21
9 47
23 43
30 34
10 44
7 36
11 33
18 28
43 44
8 26
13 43
15 21
1 7
3 25
19 26
22 37
27 42
32 40
22 31
35 37
12 33
15 18
39 49
11 18
0 29
1 24
4 25
5 28
3 36
5 38
35 42
18 40
15 27
13 17
2 22
15 47
19 40
46 48
1 45
5 47
29 34
33 39
16 25
6 44
11 42
18 35
10 13
13 48
9 16
10 23
14 49
4 15
2 11
5 14
4 21
2 37
23 37
22 26
12 36
13 41
9 25
24 31
25 30
26 29
0 24
13 29
24 43
26 33
3 33
16 23
6 30
23 34
31 34
35 39
33 43
23 24
13 34
14 25
0 31
1 48
4 27
26 40
3 38
28 38
8 36
31 43
29 39
6 43
36 47
18 38
9 11
0 22
12 14
0 12
1 9
15 41
0 34
20 45
1 35
7 13
5 45
33 37
16 27
10 33
18 33
16 49
24 26
10 21
0 3
27 29
4 9
28 30
2 9
29 31
7 10
22 38
27 41
23 39
6 37
10 40
17 19
7 32
31 39
18 24
42 45
41 48
9 31
14 20
11 17
26 27
12 26
0 48
15 37
19 30
