nnodes nedges type
50 400 graph
nodename posx posy weight
0 4.538262551876109 1.247957997982905 413
1 5.510943241917376 1.2205531859948886 49
2 4.905954690177196 0.5587967049452823 345
3 4.5940206188558275 0.40665272258025487 334
4 4.922456922270347 0.9019804847036973 145
5 3.109213127180043 0.2653661262450993 85
6 4.389817208182146 0.49436518744281055 153
7 3.8260704968821524 0.37415234956947574 216
8 4.427464447169354 -0.5286078966856711 473
9 4.149494851030483 0.3667428841577143 343
10 4.08196807618995 0.9933304780857856 464
11 3.896803599708347 0.8337851697804283 294
12 4.064076693211628 1.9531963385995164 168
13 4.503420169390778 0.9877290464781785 292
14 3.6947798306303237 0.7458346943008249 81
15 5.147542779815622 1.2790332120846655 198
16 3.320895533605382 1.3914725401496948 435
17 4.073030080155106 -0.09207391720436882 300
18 3.8583155010536925 -0.04455453125805045 222
19 5.347638833597824 0.20049081291165385 245
20 3.4216122419860615 0.11923888429115308 103
21 3.301703846787911 -0.26979757182887587 286
22 4.700499494536554 -0.2213651000917123 424
23 4.831593979743872 1.7718402502629782 393
24 5.367079508135001 1.5738848111966353 190
25 3.7758211819909553 -0.28853722004277227 442
26 5.318361716146705 -0.44886642123631343 70
27 4.769025101326793 1.6684846643565527 435
28 5.640476503228522 0.8905106812385828 305
29 4.495213947979259 -0.022328073737040374 381
30 3.846767491757159 1.3534781794142121 383
31 5.278043418895068 -0.14925045467565232 94
32 4.298441464658202 -0.34395882328682154 87
33 5.26866995381698 0.4078773000654664 219
34 3.4629568694946813 0.9462592436233663 433
35 4.283908764424584 1.4869222776622066 353
36 4.352892050979889 1.7441115249069454 163
37 4.726107561913397 1.002887607188304 438
38 3.6565070264423896 1.564051950321693 217
39 3.0565631021263884 0.7850406235435055 375
40 3.391931401687206 1.2102844901207048 54
41 3.5422942503489327 0.17530755626190642 42
42 5.603972698198873 0.444001003003402 465
43 3.2205811740476267 0.5288057795715914 460
44 5.345991455811293 0.9258309625845547 115
45 5.091802655970619 -0.5710779935985812 106
46 3.9775936806455015 -0.6413229877055299 371
47 4.750869800878705 0.03594492672414334 500
48 5.122993434957124 0.4447594147422154 132
49 4.077295339102837 1.43455685575358 398
endpoint1 endpoint2
20 25
7 25
35 41
16 47
17 46
13 32
18 45
1 28
2 27
20 32
6 23
4 35
22 42
5 34
29 37
33 34
6 41
10 36
34 41
37 44
11 41
8 18
9 19
2 18
0 14
1 15
0 36
24 33
3 17
1 33
47 49
21 46
4 42
7 15
22 45
20 21
9 40
23 40
6 32
10 47
41 43
11 46
18 31
13 44
9 20
45 47
15 48
25 37
4 17
5 20
16 20
7 34
31 33
18 22
36 37
18 48
0 28
3 31
25 46
4 24
5 29
3 37
4 38
5 39
29 42
7 49
18 43
0 9
4 7
5 6
6 21
22 40
5 32
6 47
10 34
7 46
12 44
8 20
13 49
44 49
9 17
1 13
4 14
2 10
0 38
24 35
25 34
6 12
19 20
2 36
8 47
22 35
5 41
23 42
11 32
42 46
12 43
24 30
0 7
13 30
5 8
3 24
25 43
6 7
19 29
30 42
32 41
31 35
35 36
12 34
17 41
0 30
13 23
14 36
15 33
20 37
27 34
6 16
4 32
28 37
9 34
33 45
16 35
6 42
37 47
39 41
0 33
3 44
29 33
6 45
8 48
7 40
9 13
38 39
8 22
13 47
10 20
0 2
1 3
4 8
24 37
5 13
3 21
27 48
25 32
4 22
9 44
6 36
40 46
41 47
7 33
5 49
12 37
8 29
41 49
10 31
25 29
11 30
2 3
24 44
3 32
31 45
29 45
35 38
17 47
13 33
11 49
15 31
12 16
1 29
2 26
0 44
5 25
3 41
27 36
6 22
9 32
16 37
36 40
34 40
17 32
31 48
18 39
39 43
12 15
2 21
19 45
26 48
0 35
20 46
3 46
22 44
40 41
6 35
18 30
12 40
37 48
44 45
9 21
45 48
25 26
0 4
12 28
28 31
2 6
3 23
19 24
2 32
26 37
32 48
27 40
23 38
6 26
7 35
11 36
8 31
9 30
14 21
10 29
11 16
3 28
25 47
26 44
5 30
3 34
28 42
29 43
35 40
16 32
30 48
15 25
13 19
2 24
0 8
14 40
19 38
5 7
1 47
4 44
28 33
8 39
22 43
3 49
9 38
6 46
10 37
17 38
7 47
11 40
18 37
36 48
8 19
2 19
1 14
15 42
4 13
2 13
20 40
47 48
2 39
8 46
9 47
40 43
6 33
4 49
17 31
11 33
9 49
40 49
8 26
13 43
45 46
10 16
12 30
19 26
27 42
6 24
28 45
7 29
31 32
11 38
16 43
10 49
13 36
18 49
10 27
11 18
13 24
14 39
15 38
3 36
27 35
6 19
28 36
5 38
29 41
9 35
43 48
0 20
2 22
14 46
3 7
1 11
15 47
3 45
6 10
21 34
22 41
29 34
23 44
10 35
34 36
17 36
10 13
8 21
13 48
10 23
0 1
4 15
5 14
27 49
25 33
19 23
2 37
7 8
9 45
22 26
12 36
8 28
9 25
15 23
4 28
19 28
28 49
26 33
5 17
3 33
21 30
17 22
32 42
18 21
6 48
12 35
17 40
14 25
10 25
15 28
11 20
13 22
2 29
1 48
4 27
19 37
0 43
46 47
27 37
1 42
21 39
4 33
16 36
10 38
34 43
9 11
18 38
11 13
12 14
1 23
13 15
14 44
19 42
0 34
6 8
6 34
10 33
17 26
11 44
9 22
3 14
27 29
2 9
3 20
25 39
4 23
2 35
27 41
23 39
6 37
30 38
10 40
11 37
13 39
9 31
14 20
38 49
15 17
13 27
0 48
14 32
15 37
4 30
