nnodes nedges type
50 400 graph
nodename posx posy weight
0 -2.4657878825527586 -3.2678282116398143 412
1 -1.6114608553782788 -3.9614549639525354 272
2 -0.7866789002212176 -3.889864852277803 233
3 -2.444735839948344 -4.388942114269144 193
4 -2.0738446052798527 -3.846603260155894 229
5 -0.7399753116924657 -2.8848308268625433 362
6 -1.637653207734955 -3.2358221151836712 145
7 -0.1264336645594329 -4.191594389418941 280
8 -0.7577859098850198 -5.0294868177657035 451
9 -0.1755645128294181 -3.5700906200758875 485
10 -1.1046031393860614 -2.868694863471864 383
11 -1.3300003805962821 -2.829381164496056 418
12 -0.3340460444065566 -3.0666521514383054 93
13 -0.3000819001169822 -4.2902087403330205 240
14 -1.806236285763951 -3.7172106301181107 49
15 -1.2162581490533504 -4.411243278960019 453
16 -1.3596487568987874 -3.6216753059791182 265
17 -0.952368773772531 -4.259623372765486 196
18 -1.0522993526813207 -3.7794382365739323 134
19 -1.3696368966754868 -4.901461797509448 6
20 -1.586453450406247 -5.346621278330972 313
21 -0.04850140326582839 -4.048022002371398 337
22 -1.6562459200668993 -4.582054162292673 483
23 -1.556829797548285 -3.518456546772389 55
24 -0.8140437086627769 -3.2742710330968476 29
25 -0.7407384056779509 -4.667893543050702 370
26 -2.1428705181703345 -4.168388801309623 155
27 0.08341486644498564 -4.850547987960962 323
28 -0.9960170167679031 -5.138000735681484 69
29 -1.9642405344247293 -4.633361428286646 493
30 -1.2917593560103755 -3.2167277090532003 132
31 -0.8133874060190465 -4.4391145548866175 382
32 -0.9395157443783357 -3.459403476067885 74
33 -1.7934350179332186 -4.987274040149487 112
34 -0.6341632731717373 -3.999265562846593 178
35 -0.5019274048222285 -5.069043890565118 470
36 -2.6210054712608115 -3.8994538516318404 464
37 -0.13581626984041864 -3.333370106202223 371
38 -2.308194037079181 -3.5738896081662523 201
39 -1.5140838409444806 -4.168848098508489 202
40 -2.1333597186618602 -3.0008971039307344 340
41 -2.128898127952876 -4.959412290771533 214
42 -1.8770140623897387 -3.4211488766785423 269
43 -0.5161207173987051 -4.5492478892667805 270
44 -1.7696126491056587 -4.280020757698965 45
45 -0.30047373598457017 -3.9107544225513453 52
46 -1.6759551144338727 -2.6135073838206817 196
47 -2.2712619772862 -4.589299459073973 186
48 -0.6665818673259325 -3.320439865341345 448
49 -1.1757649055987827 -4.755466699854465 147
endpoint1 endpoint2
26 47
3 35
21 28
28 41
31 44
13 32
11 48
15 30
39 45
12 17
13 20
2 27
25 49
15 34
4 5
19 39
5 24
3 40
6 23
21 37
2 47
7 22
22 42
5 34
33 34
17 39
7 44
37 44
39 42
0 14
2 12
26 49
47 49
23 40
4 48
17 24
11 46
14 19
26 30
2 7
24 40
5 10
3 22
25 37
19 27
22 36
20 28
23 33
30 36
28 44
41 44
31 33
11 39
18 22
16 42
10 48
13 37
18 48
14 26
10 26
1 25
13 25
2 30
5 29
8 33
29 42
33 47
16 33
34 44
18 43
14 29
38 46
39 47
13 18
14 41
15 44
5 6
3 42
1 46
32 37
22 40
5 32
16 24
23 45
6 47
34 39
18 34
13 49
9 17
2 10
20 41
3 19
4 20
19 20
8 47
7 9
9 46
6 38
7 39
11 32
18 29
9 48
42 46
14 17
26 28
28 48
26 32
5 18
27 45
30 42
12 34
36 39
17 41
14 24
15 29
2 28
24 49
14 36
6 16
30 45
21 24
4 32
34 48
22 23
5 37
35 45
8 9
1 16
13 16
0 11
3 6
20 44
3 44
6 11
7 18
32 39
9 43
33 38
16 26
34 37
17 27
9 13
16 48
38 39
24 25
4 8
19 48
28 29
2 8
24 37
20 43
25 32
30 31
21 42
22 33
5 23
16 17
40 46
17 28
41 47
42 44
8 29
41 49
38 48
25 29
15 22
11 30
1 4
32 43
16 46
17 47
15 31
11 23
0 16
15 35
26 41
0 44
20 39
3 41
1 41
32 34
7 23
29 38
9 32
16 37
6 40
7 45
31 48
37 45
9 10
8 17
39 43
0 23
1 34
6 9
4 41
7 12
6 35
10 46
34 35
12 40
13 45
37 48
14 18
45 48
10 18
25 26
0 4
27 28
15 49
4 10
28 31
2 6
4 16
19 24
22 39
5 21
16 19
30 39
22 25
15 16
11 16
12 27
21 49
20 26
30 46
16 32
17 45
14 28
38 41
0 18
13 19
2 24
14 40
15 45
4 6
5 7
1 47
2 44
7 17
22 43
3 49
6 46
36 42
34 38
8 13
11 40
8 19
9 18
1 20
15 42
19 47
2 13
3 16
1 32
22 34
5 42
20 22
6 33
21 23
4 49
41 42
9 49
12 42
13 43
0 6
12 30
1 7
13 31
2 4
5 9
3 25
23 32
6 24
30 37
18 23
16 43
36 38
10 49
9 28
12 21
1 24
13 24
2 31
25 45
19 35
3 36
27 35
30 44
21 25
8 34
16 34
36 45
17 35
43 48
1 17
13 17
2 22
14 46
1 11
15 47
1 45
28 35
2 42
32 38
22 41
33 39
23 44
17 36
8 15
11 42
18 35
10 13
8 21
9 16
14 15
14 49
4 15
2 11
5 14
27 49
1 38
21 43
19 23
2 37
26 38
7 8
9 45
10 42
22 26
43 46
24 31
14 22
15 23
11 31
14 34
26 33
5 17
20 31
3 33
33 49
7 31
22 29
33 43
6 48
18 47
42 48
10 25
0 31
1 30
13 22
14 37
15 32
3 38
29 39
6 43
36 47
34 43
17 33
31 49
12 48
39 40
11 13
13 15
14 44
19 42
22 47
29 32
23 46
6 34
11 44
16 49
45 49
0 3
1 2
24 38
29 31
25 39
21 41
4 23
2 35
22 38
40 47
10 40
7 32
5 48
18 24
23 29
16 40
8 30
13 39
9 31
11 17
0 26
12 26
13 27
14 32
3 29
15 37
4 30
