nnodes nedges type
50 400 graph
nodename posx posy weight
0 -0.7099215963146398 -3.0199677924527535 493
1 0.3280978104025942 -4.18906839959442 193
2 -1.446793830535506 -3.0439235427884115 395
3 0.08398845400880942 -3.5257210794665497 364
4 -0.560998551896218 -4.298581395180975 377
5 -0.5887588215997291 -2.405592275263636 241
6 0.32156430996040775 -4.810650438607168 127
7 0.9122190522240197 -2.751637848212951 31
8 -1.1876325322867594 -4.044418869549217 239
9 -1.0340642858339257 -4.1872512484589315 378
10 0.9347153308675388 -3.2956959955563474 49
11 0.13052821053982194 -3.0377143625850684 410
12 -0.9880718889166151 -2.914188553254592 8
13 0.6398778089458574 -3.705226342244316 329
14 1.075804826013733 -3.914171783642518 150
15 0.4274472707276794 -3.3545412398443477 277
16 -0.5122490698428506 -4.684247500669828 271
17 -0.6130022825292056 -3.3301912028969265 450
18 0.6179086410404875 -3.9978277725467217 192
19 -0.02514304885855138 -3.87595114648481 25
20 -0.05376646195466845 -2.675229689391049 188
21 0.14264872331504558 -4.458640923740616 74
22 -1.316446964905445 -4.493890897157516 223
23 -0.3385036749986688 -4.976781629117631 128
24 -0.42541211915383836 -2.8875133850965895 19
25 -1.304627074884982 -3.6403688628517608 459
26 -0.39663243391301345 -4.105328494106327 322
27 -1.3085951593469323 -3.200898032579171 433
28 -1.065563117434239 -3.455767472031456 247
29 0.2592425230858155 -2.502299230167622 106
30 -0.21355452216057152 -2.5123658615119586 338
31 0.08566898318531457 -4.914619538820136 432
32 -0.7768237639799181 -4.161792553666623 348
33 -0.10410693819143285 -3.0484785625447453 37
34 0.5463018799877144 -2.664031378362339 35
35 -1.319644683446768 -3.8836171871366343 433
36 0.22171629544912153 -3.7685145473777752 95
37 -0.7962250844085675 -3.9208572018176655 339
38 -0.27321726540424723 -3.2358751770649987 147
39 -0.27187363874707976 -3.7142143140314507 195
40 -0.8453408379790135 -4.580342853609562 470
41 0.5982998565382162 -2.9232659914448216 482
42 0.7876726646935072 -3.441525411132363 472
43 -0.697953134016621 -3.695178158241618 424
44 0.694060120840752 -4.263539956421167 179
45 -0.7773543146531802 -2.690364084030318 25
46 -0.07947089299765524 -4.38788839316117 127
47 0.24402790666354235 -4.118487627321038 290
48 -1.6125407085309227 -3.6452469980229543 367
49 -0.9918597396168274 -2.639016217347179 114
endpoint1 endpoint2
26 47
30 41
28 41
31 44
33 41
16 47
23 26
17 46
14 31
15 30
12 17
13 20
15 34
4 5
0 45
22 48
5 24
27 39
1 40
21 37
28 32
5 34
35 46
36 41
10 36
17 39
8 12
11 41
11 15
3 11
4 12
24 33
3 17
1 33
47 49
2 38
8 45
7 15
9 40
6 32
40 48
8 25
13 44
44 46
9 20
24 28
10 19
0 5
12 29
24 40
4 17
30 36
11 39
12 32
10 26
24 47
3 31
15 39
19 32
26 45
20 27
3 37
27 32
6 18
21 26
4 38
28 43
5 39
29 42
35 43
34 44
17 44
7 49
18 43
14 29
0 19
1 18
2 25
3 4
3 42
2 45
22 40
3 48
6 47
36 43
37 42
9 17
3 13
4 14
0 38
5 15
1 39
21 44
19 20
22 35
30 35
17 30
11 32
9 48
42 46
43 47
17 48
10 17
15 20
26 28
1 6
20 48
25 43
19 29
16 22
23 35
29 47
35 36
18 20
12 34
14 24
10 24
11 21
0 30
12 22
1 31
25 44
4 26
19 34
26 43
6 16
30 45
28 37
31 40
35 45
16 35
6 42
36 46
17 34
1 16
13 16
0 11
1 10
15 46
19 43
2 49
3 44
1 44
21 33
7 18
32 39
22 46
29 33
9 43
17 27
37 40
9 13
16 48
8 22
24 25
10 20
0 2
1 3
4 8
19 48
2 8
24 37
5 13
25 32
4 22
7 11
23 36
6 36
30 33
10 43
7 33
11 34
11 30
0 25
13 28
19 31
3 32
6 31
28 40
7 30
29 45
33 42
23 27
38 43
15 31
1 29
13 21
2 26
0 44
5 25
3 41
1 41
6 22
5 35
29 38
16 37
36 40
8 11
37 45
18 39
39 43
0 13
1 8
20 46
1 34
21 47
16 28
40 41
10 46
17 25
7 42
9 21
10 18
11 27
15 49
28 31
24 39
29 30
25 38
32 48
16 19
6 26
23 38
10 41
11 36
14 21
15 16
11 16
0 27
12 27
1 26
13 26
15 36
26 44
5 30
29 49
3 34
27 33
30 46
32 45
35 40
38 41
39 44
13 19
2 24
0 8
22 49
3 43
27 38
21 36
28 33
8 39
22 43
3 49
9 38
6 46
17 38
7 47
8 19
0 15
1 14
4 13
0 37
24 34
3 16
21 45
8 46
40 43
21 23
7 36
41 42
9 49
12 42
17 49
44 47
15 21
11 29
12 30
27 30
4 18
22 37
20 29
28 45
35 37
18 23
12 33
13 36
9 28
15 18
24 48
15 38
4 25
0 41
27 35
6 19
21 25
4 39
30 44
32 47
34 45
17 35
35 48
18 40
38 47
39 46
0 20
3 7
1 11
4 46
32 38
9 36
23 44
16 25
6 44
17 36
7 41
11 42
18 35
8 21
9 16
14 15
2 17
3 12
4 15
0 39
3 18
25 33
6 13
4 21
2 37
10 42
31 37
22 26
42 47
12 36
43 46
24 43
14 34
4 28
5 17
3 33
30 43
35 39
18 21
12 35
13 34
38 42
2 29
4 27
19 37
0 43
5 26
3 38
27 37
6 17
28 38
32 33
29 39
9 33
36 47
10 38
37 46
18 38
12 48
39 40
0 22
1 23
13 15
14 44
1 9
15 41
19 42
6 8
2 40
7 13
22 47
5 45
33 37
8 49
18 33
45 49
25 27
1 2
28 30
3 20
1 36
21 41
19 25
26 36
7 10
30 38
31 39
18 24
42 45
16 40
38 49
11 17
26 27
14 32
15 37
