nnodes nedges type
50 400 graph
nodename posx posy weight
0 -6.418044124883689 2.023302261106268 206
1 -5.567511604146271 2.3373924747475234 110
2 -6.428783640950115 1.8115891783792777 275
3 -5.144687641325344 2.626583665593889 340
4 -5.690146469094438 3.0928387450688968 489
5 -5.065972117196755 2.0829002887089625 304
6 -5.667898888528776 1.1710310112311433 491
7 -6.986854756981721 2.8492381137735436 185
8 -5.972947012713643 2.0389235332728592 383
9 -6.713128239446118 2.091732550565703 143
10 -5.902825381431293 2.3780696100573113 492
11 -5.910263974982145 1.1264982399736891 461
12 -5.645162182310789 1.9256013234462592 226
13 -6.156467410807932 3.3877715934169466 370
14 -4.774102926036017 2.361690438815271 82
15 -4.645863302021839 2.937419985628968 441
16 -5.980881906856583 3.3931397150220457 433
17 -5.044327792737375 1.4041332065978647 133
18 -6.692253362424205 2.7710698316049154 287
19 -5.341037808079491 0.861407997782833 208
20 -5.895498435514673 2.858297165676357 299
21 -4.552212673177242 2.5164662654206618 243
22 -5.3389414182557555 2.1766932434761816 290
23 -6.172470693236034 2.799405414970605 269
24 -5.735944783612504 2.565921974705552 394
25 -5.322368102839097 1.7646794073039465 448
26 -5.822762294035782 3.7265685507171527 421
27 -6.312910567709222 1.1421902684534198 71
28 -7.066017307543731 1.8507979136476191 55
29 -6.591115928161755 3.087832289578501 489
30 -6.598948324275871 1.3611100760929902 212
31 -6.969265228204848 2.3976224436373728 214
32 -6.193869888834762 2.5641610540567674 403
33 -6.552581591574694 3.497200088969221 244
34 -5.454527761290941 1.4322470119112378 112
35 -4.9462828868585165 3.1835059877762175 212
36 -6.7598194962864735 1.775323808481924 386
37 -4.494013009475938 1.8105963031723105 63
38 -5.230202351139516 3.331195450010148 98
39 -6.234603334012061 2.315732144297475 278
40 -5.053732345680413 2.8515450227434345 480
41 -4.983644158549535 1.8385924062420191 141
42 -5.090637943425766 2.365407212060748 142
43 -5.1875941765197835 3.041626582639655 481
44 -6.417192891185489 3.1185407316922253 476
45 -5.445939523451537 3.2714176108585082 334
46 -6.8164102984677974 2.5026923633673763 286
47 -6.221379456032445 1.4716079957437709 335
48 -5.783878888182658 1.6685568714582164 235
49 -5.577221273720251 3.54254570181899 194
endpoint1 endpoint2
3 35
27 46
30 41
17 20
32 44
31 44
35 41
0 17
12 17
2 27
4 5
22 48
1 40
21 37
4 35
7 22
5 34
9 39
16 38
10 36
34 41
17 39
7 44
11 41
18 36
10 14
39 42
1 21
2 18
3 11
15 43
4 12
0 36
1 33
6 14
4 42
2 38
22 45
23 40
6 32
18 31
40 48
12 41
8 25
13 44
44 46
10 19
0 5
15 48
24 40
3 22
25 37
22 36
16 20
6 27
28 44
42 43
16 42
23 31
12 32
9 29
10 26
11 19
2 30
14 38
3 31
5 29
3 37
21 26
16 33
15 24
12 19
13 18
14 41
15 44
4 7
1 46
7 16
22 40
6 47
34 39
17 37
8 14
7 46
37 42
12 44
8 20
44 49
10 22
2 16
1 13
4 14
24 35
1 39
6 12
20 23
10 45
7 39
11 32
9 48
18 29
43 47
17 48
8 27
25 31
15 20
11 28
12 31
1 6
2 5
24 42
5 8
20 48
3 24
6 25
28 46
7 28
23 25
13 35
14 24
15 29
26 43
5 27
3 39
27 34
1 43
4 32
5 37
36 46
34 42
17 34
39 41
0 11
23 49
23 47
16 26
8 48
37 40
18 32
8 22
24 25
4 8
2 8
3 21
27 48
1 37
25 32
21 42
2 34
26 39
5 23
9 44
40 46
10 43
7 33
41 47
11 34
41 49
13 40
9 24
10 31
24 44
26 46
20 24
30 40
17 21
32 43
17 47
42 49
15 35
19 36
0 44
20 39
3 41
27 36
1 41
6 22
21 38
5 35
29 38
9 32
8 11
7 45
31 48
18 39
9 10
12 49
11 12
0 23
0 13
14 45
3 8
15 40
1 34
6 9
8 44
5 44
11 47
18 30
12 40
8 24
13 45
37 48
44 45
24 27
10 18
0 4
27 28
28 31
2 6
29 30
21 40
5 21
23 38
30 39
41 45
23 28
16 41
9 30
12 27
0 49
25 47
4 31
26 44
29 49
32 45
38 41
15 25
0 18
14 40
25 48
15 45
22 49
20 33
4 44
22 43
29 36
3 49
36 42
7 47
18 37
36 48
10 15
1 20
2 19
4 13
2 13
24 34
20 40
3 16
1 32
25 35
4 43
8 46
23 43
21 23
30 34
10 44
7 36
41 42
43 44
8 26
13 43
9 27
14 16
10 16
0 6
1 7
3 25
20 29
28 45
7 29
31 32
16 43
18 49
10 27
0 29
2 31
24 48
15 38
4 25
20 36
6 19
21 25
9 35
43 48
14 46
0 32
46 48
20 35
3 45
21 34
4 46
8 41
32 38
22 41
9 36
33 39
11 42
18 35
12 45
8 21
13 48
14 15
10 23
1 12
4 15
2 11
24 36
20 42
21 43
4 21
26 38
7 8
40 45
10 42
9 25
24 31
14 22
26 29
0 24
1 5
13 29
14 34
20 49
20 31
3 33
33 49
16 23
23 34
6 30
28 47
17 22
32 42
22 29
29 46
16 45
12 35
13 34
18 47
38 42
10 25
11 20
12 23
1 30
2 29
1 48
19 37
26 40
20 38
3 38
21 39
4 33
8 36
7 20
32 33
29 39
9 33
33 44
16 36
6 43
10 38
17 33
18 38
12 14
2 20
0 12
0 34
20 45
3 47
1 35
4 40
22 47
5 45
29 32
9 42
9 12
16 49
8 23
24 26
1 2
24 38
5 12
3 20
19 25
22 38
27 41
23 39
10 40
7 32
31 39
18 24
13 39
9 31
10 28
25 28
11 17
24 45
14 32
15 37
