nnodes nedges type
100 800 graph
nodename posx posy weight
0 -3.923907308755564 1.9562100416114303 17
1 -3.472078065196678 1.7032471250634218 44
2 -2.7379818015161033 2.1617615378901656 468
3 -2.829416001350752 0.18973393050660953 30
4 -2.2445353018507497 0.7995193770806388 14
5 -4.511349775409817 0.28406665546787074 7
6 -3.823302106533971 0.2755842670649406 380
7 -1.770900411589335 1.251517936710222 347
8 -3.917937362857473 1.0897662394090146 273
9 -3.0286719459218325 0.7612843964811992 74
10 -4.365721225192567 0.14057147867630304 175
11 -3.866529214397112 1.4979665521655645 93
12 -2.9095546856756047 0.9847447768073768 339
13 -3.6410530825842184 0.9935232485853039 255
14 -3.0131050074993078 2.116711848466941 284
15 -4.466816972951477 2.2346477990288904 297
16 -3.459703500108423 1.4446546379265053 174
17 -3.1516233378402423 1.7995161452747246 301
18 -4.025777032564282 2.3584766343206183 100
19 -2.793641341669547 0.6570336881192324 468
20 -3.3706831602060228 2.108478816176805 402
21 -3.382770730677398 0.06985413618870183 337
22 -4.039373229483591 0.42255983645743145 460
23 -2.224659873780327 1.0918140868402149 387
24 -2.330377415938722 2.5271620745904246 76
25 -2.8764386593523463 2.573392997592522 201
26 -3.51550748718399 2.777073653633272 264
27 -4.30358328791631 2.3883101171367556 298
28 -3.1538490619103063 0.9665552053659977 128
29 -5.016868922415336 1.0667769794666597 159
30 -4.542085750708672 0.8434005193625292 160
31 -2.597697410978765 1.8740054126690457 83
32 -4.232848725147625 2.687247964121984 292
33 -4.452660899894662 1.9872505576799853 221
34 -2.8606389049070042 1.6284201848891624 210
35 -2.6348016072199467 1.238960217438621 141
36 -4.008103618064635 1.7129585344106744 316
37 -3.5602356034722265 0.2987600970841769 30
38 -4.794873037178714 2.3431039435957493 375
39 -4.322633310972246 0.7013338754396168 453
40 -2.3098524085451255 0.6493148942862574 2
41 -4.481235118965402 2.600498397824345 137
42 -3.758846011964734 2.847292210205238 244
43 -4.493539190757646 1.24978469830873 102
44 -3.3948854793614465 0.44127533028167565 139
45 -2.9730816108664713 2.3362056400508293 444
46 -3.304281692986939 2.659180367599518 409
47 -2.3036060511545857 1.2895859493065753 6
48 -3.2071682871502163 1.1870185349006237 64
49 -4.66477619887908 1.9852652701697349 308
50 -2.078885843338926 1.5807427959940274 314
51 -3.045428244843296 -0.07015737192492891 182
52 -3.13171872996173 1.5459210158012933 179
53 -2.45028934294685 0.9944256491861722 463
54 -3.3474134920699625 0.7040759298099944 216
55 -4.643443847305262 1.5707274215745215 379
56 -4.1042632109057795 -0.17534008358658926 221
57 -2.814307438095949 1.3651658049907844 197
58 -2.5008018887512318 2.0885007011427805 335
59 -3.7903134044327538 -0.14227440328835436 21
60 -3.1806375925408323 2.3203752099696313 446
61 -3.690340222183367 2.312525559319057 30
62 -4.207746922274035 0.15993976130413837 393
63 -4.327831997289089 1.5238200279165468 385
64 -2.257682663711044 2.0240273787192047 483
65 -3.9993326115704493 1.208761103307715 159
66 -2.5852776329506204 1.7030043299907474 310
67 -3.2581040264802454 0.18716821024113012 462
68 -4.253810330732793 2.1787898477696155 486
69 -3.4204750820079846 -0.10848210147477308 51
70 -3.6135834565460967 1.9306609784942625 394
71 -5.269247851890878 1.9257788990094977 191
72 -4.226599958919575 0.4907762703294593 203
73 -2.674043543934676 0.7487324633881246 247
74 -3.146948808325916 2.5069214478090487 217
75 -3.6357809690059337 2.11871981895896 494
76 -4.135999835478531 0.964677354720832 469
77 -2.517995590390093 1.49080639745571 187
78 -4.712918947372872 0.997633079104082 313
79 -3.750220370866442 2.6081122932741767 66
80 -4.625824541599562 1.3853965582989414 429
81 -2.796372260168507 0.41798746482423105 383
82 -4.771127339182151 0.7329226239713019 128
83 -5.166053400772381 1.2806993737918748 378
84 -2.2636651956285254 1.7313960410774976 80
85 -3.358775872922039 1.2241318237163015 45
86 -5.090324836537618 0.7123834634931324 91
87 -3.54317562479658 0.6735277511880486 29
88 -4.007741213595527 0.6606691980372884 486
89 -4.072659420334262 2.765295976324528 488
90 -4.078435489066205 1.4392504370887045 418
91 -3.5285802283165872 1.2027705360969878 19
92 -2.582321906508608 2.2980207234760557 478
93 -4.94360894567001 1.2641877060636943 401
94 -4.961690634840989 1.709875789704692 180
95 -2.9945938921853235 0.2500984699022739 284
96 -3.7407164377736852 0.444753844070206 284
97 -4.3925416475358485 1.7999622798687152 338
98 -4.5519430637016 0.5089133878762901 36
99 -2.4680693765953823 0.3688147988286483 492
endpoint1 endpoint2
35 88
0 86
14 74
12 78
21 28
86 90
15 74
8 63
29 44
35 41
18 19
18 45
53 64
12 59
17 64
19 91
44 56
0 17
46 97
6 98
12 17
45 61
88 98
16 84
21 81
78 98
43 76
0 55
24 52
57 81
8 87
39 97
21 59
19 39
2 53
35 65
22 48
10 85
25 91
86 93
4 35
37 91
15 83
34 79
27 93
39 85
63 83
61 63
49 89
30 69
19 96
55 71
47 90
48 50
43 69
35 96
83 90
47 64
3 11
1 15
23 84
2 12
35 70
14 84
71 93
60 70
36 74
9 40
39 82
36 80
2 64
13 44
28 68
31 70
20 89
76 78
5 70
16 66
17 84
39 57
22 83
11 26
57 99
15 48
2 7
20 54
1 58
73 99
22 36
16 20
48 81
79 91
26 85
16 42
38 93
3 77
4 69
53 91
23 31
1 77
13 37
77 81
24 99
55 85
74 85
38 55
4 99
39 54
13 63
19 84
44 67
7 73
16 95
21 86
30 99
24 47
58 68
80 89
22 63
5 29
14 72
3 37
63 96
37 80
34 50
28 43
31 46
72 94
30 49
54 82
36 44
17 44
41 63
13 94
31 52
28 90
43 49
67 76
30 64
76 90
5 82
55 72
67 82
17 88
43 78
46 73
51 62
58 79
22 54
5 6
62 73
1 46
25 89
21 35
58 62
11 85
62 83
38 79
39 87
52 77
17 37
50 77
28 81
11 43
26 65
18 34
3 65
36 49
31 91
37 52
76 81
16 77
19 72
12 96
4 14
87 98
43 93
61 98
3 19
25 34
4 20
87 88
28 57
15 90
8 47
5 41
20 23
3 57
12 84
61 92
8 53
40 50
6 56
53 80
10 55
65 94
18 55
14 17
6 82
5 68
15 20
22 81
19 81
68 76
69 90
16 90
60 97
21 75
43 82
46 61
57 75
23 69
73 97
45 88
37 75
34 95
4 19
25 43
21 53
84 85
2 63
62 93
16 22
4 57
7 28
18 20
23 25
1 67
51 73
65 87
31 73
55 87
3 85
39 48
11 21
91 95
12 22
10 98
8 78
30 97
56 72
85 96
44 91
33 90
14 36
11 98
62 98
10 76
25 44
21 62
80 91
32 74
37 72
27 34
82 97
95 97
28 37
52 90
8 35
86 94
13 66
24 70
33 45
54 80
1 68
36 46
41 61
31 54
6 76
15 26
22 99
41 78
42 68
55 74
69 76
23 91
52 59
32 65
91 96
70 82
3 44
6 11
36 79
28 60
8 42
29 33
61 65
27 81
1 93
51 87
8 48
7 40
17 27
37 40
11 45
40 77
36 51
49 93
48 54
38 57
51 99
64 73
20 68
0 2
33 84
68 71
69 95
19 48
85 92
26 61
71 89
10 88
57 64
0 94
14 66
33 63
36 92
4 60
8 55
27 76
74 76
6 62
53 94
38 94
41 49
55 88
1 98
16 70
66 74
58 95
16 92
18 94
10 67
25 41
28 50
34 93
19 31
84 87
22 56
61 83
12 77
39 71
28 40
75 79
40 59
4 65
54 95
7 52
50 87
0 97
29 71
13 33
74 81
42 49
38 43
12 58
52 97
67 75
2 26
20 57
62 96
25 50
8 86
45 79
20 39
81 87
36 66
0 66
11 80
16 37
31 48
78 88
26 66
9 10
62 63
49 90
39 43
11 12
7 66
48 49
55 68
3 98
12 15
1 22
13 14
22 91
43 66
1 8
16 96
43 88
33 75
20 46
12 67
71 98
10 95
57 61
59 93
28 62
15 89
5 44
6 35
39 83
36 87
52 73
63 89
79 83
35 58
9 51
6 69
3 69
36 61
17 51
9 21
42 77
45 48
16 65
19 76
7 81
8 68
19 50
85 90
9 72
47 63
22 39
5 21
6 26
2 90
6 60
53 92
40 54
41 55
65 82
74 84
10 29
43 57
39 55
64 66
20 77
44 66
56 69
1 60
69 96
15 36
4 31
86 97
45 84
34 91
80 88
22 62
14 75
20 26
12 79
27 33
3 34
33 54
39 65
5 56
29 43
35 40
39 95
4 67
2 79
31 53
28 89
38 41
6 73
67 77
13 57
65 77
0 18
1 19
17 89
22 70
19 64
2 24
56 76
33 94
18 87
10 72
35 64
26 55
9 92
37 90
15 82
48 78
11 82
29 36
24 74
54 84
10 37
52 76
2 70
7 47
63 82
78 94
13 88
8 13
75 92
12 51
43 55
13 50
19 99
28 78
9 18
56 83
44 78
33 87
3 10
9 99
23 87
15 42
16 98
43 90
24 34
14 85
27 63
9 69
57 67
10 93
36 75
37 67
3 54
16 30
38 65
13 81
11 33
35 60
26 75
75 85
72 81
20 90
14 16
16 67
8 96
28 99
20 64
44 69
0 6
14 58
47 72
27 30
8 70
21 76
44 99
0 60
9 78
1 57
73 98
22 37
5 19
29 54
14 70
27 42
4 56
8 59
32 40
29 80
11 38
9 58
54 88
51 70
17 42
37 39
11 60
20 97
13 62
14 61
47 81
12 21
43 72
20 62
18 90
1 50
51 56
68 80
10 79
19 35
63 99
9 89
33 52
81 82
39 67
82 96
36 71
13 67
48 73
61 73
55 60
9 35
13 93
63 87
35 48
42 61
40 69
53 77
3 91
12 54
30 65
65 67
31 93
44 59
13 17
43 65
44 81
0 10
50 60
55 97
42 97
1 11
25 54
45 75
2 48
0 32
13 98
32 64
14 80
46 48
22 55
59 88
91 97
21 34
2 42
34 74
32 38
62 80
59 62
25 66
38 76
73 88
17 36
50 74
13 86
29 92
75 94
12 45
15 96
30 72
37 51
18 61
77 92
42 78
6 88
16 78
56 85
2 17
43 70
0 1
1 12
23 81
21 65
2 11
35 75
26 60
32 71
32 61
11 77
25 75
40 45
2 95
29 85
18 26
38 89
11 57
18 52
77 85
17 73
21 96
30 85
68 77
1 63
69 99
73 96
37 74
2 60
0 84
14 68
52 92
8 61
7 31
13 72
5 59
11 88
16 45
6 48
75 76
1 66
49 72
40 64
52 96
64 70
44 62
91 94
0 31
5 86
1 30
34 87
52 61
32 75
62 69
59 69
10 87
9 95
82 94
36 65
8 36
63 75
29 39
76 97
6 43
41 60
31 49
9 11
4 85
8 16
13 53
20 80
55 69
47 88
5 95
1 23
67 87
56 80
50 58
33 82
14 44
46 76
83 88
18 83
23 90
62 76
6 8
36 72
45 99
28 61
58 61
15 94
49 96
11 86
12 88
29 32
3 53
16 27
81 99
2 66
16 49
53 84
54 66
36 60
4 92
12 47
8 23
13 46
3 66
45 49
51 98
30 80
56 87
0 3
5 98
58 85
2 9
26 58
24 38
48 99
1 36
47 60
4 23
2 35
34 67
11 79
40 47
1 85
41 46
13 77
48 95
79 89
5 48
42 45
16 40
36 59
51 69
17 53
8 30
28 65
5 65
55 91
3 81
1 97
15 17
39 52
11 17
1 27
15 63
22 78
34 96
32 80
33 70
46 64
1 61
28 51
