nnodes nedges type
100 800 graph
nodename posx posy weight
0 4.615108620398525 1.7534847466248624 393
1 5.643165935403385 1.7841907013759302 236
2 6.724719400598773 2.186837350043763 143
3 4.477239737571426 2.1860648682917 401
4 6.0353786190873855 4.388798657051658 33
5 6.091948179431839 3.2858628918837613 456
6 6.364200098594337 2.097602568076981 404
7 5.157292997702063 2.3682863022133227 316
8 6.362214995057012 2.5553946315440603 34
9 5.4292035543694865 1.5327703648092503 420
10 6.355626305304998 3.3874560662340976 97
11 4.497084345378629 1.9043284908424292 46
12 4.8215053042433995 3.6812706879980155 225
13 6.162776121376078 2.115546868457515 48
14 5.843296959243386 3.0151078949610386 153
15 7.23366584769029 2.3972992372655413 446
16 4.7510262641105285 4.006044701186662 300
17 5.892922876497989 3.880081851734498 366
18 4.785269635374197 3.4765692864815603 235
19 5.656213172026388 3.6271406275829627 495
20 5.102539080246696 4.180091590020875 461
21 6.462703531902556 2.707859018500086 231
22 6.4996456639109965 3.8237104189543833 119
23 5.538926727443978 3.270004807718773 244
24 4.643336458941391 2.1629227222424428 459
25 5.062740354883507 1.9998496080074468 231
26 4.706097329050529 2.84857735665538 412
27 6.78228683814915 4.258927562950966 303
28 6.654277762607079 3.5115108915979123 495
29 5.668995829428357 3.533580072782923 385
30 5.439182102255572 4.16389340002188 32
31 7.031866093331081 3.1337908640292267 201
32 5.533697925079878 2.1197542547878623 157
33 5.323478850652728 3.641598495476042 91
34 7.174905448877252 3.038813309421318 430
35 5.323809445527108 2.167052781191122 282
36 4.214675029869347 2.6462820437165355 90
37 6.663853623787607 2.967032171518993 302
38 4.698871239660204 3.5899981803848946 294
39 5.589073419442036 1.4236694478417045 267
40 4.770400137828888 2.6016485302593724 233
41 5.2912059795193 2.6052278695838305 79
42 6.1384246756546235 2.899240255294962 221
43 5.588927300618373 2.4505621678343132 398
44 6.257547535306522 1.4808553915547762 86
45 6.806501040943697 3.7598894597001036 290
46 6.139929161714554 3.613965718181989 429
47 6.749396655955936 1.8851444898424274 213
48 5.400901115118845 2.8803522360057947 350
49 6.791069756387689 2.493222217957041 427
50 4.140160258065102 2.9855313709636215 38
51 5.741867300745871 2.03624632948166 298
52 5.911650975727529 3.276030955910691 481
53 4.168698264524873 2.2692644276351452 278
54 4.818678076015379 4.258126192089143 339
55 5.6945386585049285 2.952285921835239 241
56 5.319891144373135 3.973546770412618 457
57 5.184373249218069 1.717313522824881 116
58 6.477131631411459 3.1492778511250523 269
59 5.684146658354441 2.31364585004851 191
60 5.170248261495156 3.9204332608901606 232
61 6.57301725290321 1.877207007986941 304
62 6.009363269299978 4.073404245816341 89
63 5.762388425923119 4.2951871261512835 390
64 7.013425422615741 1.8262501229292523 170
65 6.406339381390055 2.3887818192721233 91
66 6.057685037349123 3.8409678476373723 344
67 6.445073843546423 1.5821962791712227 149
68 4.980721133052064 1.4146474229325188 302
69 4.772760563835319 3.0859138033650897 222
70 5.906041854245848 2.2239626459786197 484
71 4.933848706668649 2.2213418947611854 116
72 6.423795028656793 4.046247261470319 184
73 5.0991813959339165 3.5847457575993844 70
74 4.286314098473175 2.8143646352119185 301
75 5.562614042082958 3.0301045575842536 87
76 6.056233100225729 1.5522107834016179 167
77 5.30280470957684 1.2680708513327057 378
78 4.446290589158522 3.427368436872643 418
79 6.821784194078149 1.255338940265211 482
80 5.928139971424789 1.3525560157084489 154
81 4.991084206769035 1.7233778307757324 300
82 6.781052066417256 3.2515129790920376 239
83 6.8820107435862585 2.311838569037509 81
84 6.166081251305054 1.671323200991467 266
85 6.012660398675857 2.55976238865647 477
86 4.684145798268695 3.2304343178031507 220
87 4.476576730886127 2.555411268319199 228
88 5.041520151491326 2.6759782674193766 247
89 4.360278707788383 2.9514919036179736 407
90 5.21878645738136 3.1669427253716096 289
91 5.582768401081026 4.208660048741102 353
92 4.318447384394665 3.2955338544044004 489
93 5.883608762636368 1.8956914228729105 118
94 6.93231973879689 2.9335469528859046 234
95 5.738224104982258 2.698922267111394 218
96 6.915910259870728 3.5700459490723184 239
97 4.9575829674661405 3.15629024259192 474
98 6.424640458957702 2.885902720519362 393
99 6.786599331755992 2.7797590579518014 73
endpoint1 endpoint2
5 31
11 68
29 50
9 84
6 28
34 52
17 20
7 25
23 26
13 32
78 86
29 70
38 40
3 86
20 75
29 96
7 68
41 74
1 28
23 97
67 80
22 65
65 96
7 98
83 85
46 75
15 34
35 65
56 58
70 94
62 75
59 71
23 53
6 23
57 59
2 47
15 83
29 37
38 73
39 85
60 62
13 89
35 52
18 36
40 73
10 14
2 99
39 42
64 95
19 96
30 69
55 71
22 88
43 69
1 15
25 58
4 12
33 74
6 14
21 46
8 45
5 43
61 94
9 40
33 59
24 80
40 42
81 97
10 47
41 43
6 58
13 44
37 63
14 19
47 99
64 76
21 99
19 79
14 53
8 69
64 98
21 77
15 48
44 98
24 40
14 95
25 37
21 55
45 90
4 17
0 81
12 81
26 85
42 43
40 55
13 37
37 56
77 81
24 99
55 85
89 91
12 62
14 26
67 71
64 67
41 71
33 98
14 60
66 73
8 76
21 86
19 58
32 82
10 78
51 57
45 83
14 72
11 70
3 37
62 70
59 64
2 82
8 33
31 46
48 72
55 61
29 42
38 84
72 94
49 76
31 52
28 90
11 50
3 88
53 78
42 70
21 95
43 78
24 54
46 73
51 62
57 87
1 52
26 52
46 51
5 6
62 73
59 89
1 46
75 99
28 34
58 62
5 32
61 67
23 45
25 67
88 95
10 34
8 14
7 46
31 61
29 93
16 62
17 63
44 49
76 81
45 52
66 91
14 48
1 13
21 66
4 14
19 46
26 63
33 72
24 35
71 95
9 68
23 76
4 20
37 66
45 95
8 47
97 98
29 60
3 57
51 90
2 94
15 64
63 90
48 92
29 86
42 46
72 82
12 43
51 64
7 61
13 42
41 51
18 55
40 88
38 50
66 82
39 59
44 70
41 92
14 59
47 75
60 97
69 90
8 71
1 6
56 65
19 55
2 5
21 75
32 93
57 97
10 69
57 75
35 87
5 18
9 87
16 22
81 88
28 46
8 60
5 60
11 89
72 89
13 35
65 87
18 46
12 56
39 48
13 61
30 95
44 61
91 95
15 59
30 97
19 60
43 75
51 59
57 76
23 66
43 97
32 74
25 86
95 97
28 37
55 63
5 37
38 74
88 90
17 34
41 61
7 51
78 90
26 68
12 55
3 90
36 52
41 78
5 80
66 94
21 93
44 82
19 43
91 96
22 52
9 65
47 52
2 43
8 42
3 50
24 77
33 38
34 37
17 27
78 93
29 91
16 48
6 71
12 46
15 99
64 83
44 51
55 67
40 83
17 87
67 93
11 25
47 76
1 3
58 84
21 64
19 48
84 98
5 13
70 85
14 88
21 42
82 83
37 64
34 66
4 22
30 31
16 17
6 36
25 74
5 49
17 54
9 24
27 98
5 66
40 90
10 31
7 76
14 57
69 88
60 99
17 98
43 84
2 3
14 35
96 99
51 52
57 73
23 71
34 93
35 89
14 69
11 69
25 83
6 31
30 40
52 93
34 55
0 75
8 62
48 85
5 58
40 59
6 49
54 95
10 60
13 33
74 81
39 50
20 74
12 16
66 69
17 91
49 59
56 74
44 85
32 86
70 71
18 89
1 55
84 94
26 41
0 44
9 94
1 41
82 95
2 46
8 37
0 66
13 64
61 70
26 88
88 92
4 72
16 59
90 94
3 92
4 86
17 58
7 66
16 74
22 91
2 21
35 71
24 32
46 55
20 46
25 93
86 87
87 95
48 67
61 95
27 83
23 41
81 98
51 89
52 73
17 25
48 89
79 83
35 58
26 77
16 50
6 69
12 40
3 69
64 85
28 75
20 88
37 48
18 56
47 96
38 63
45 48
49 53
44 75
27 28
69 93
23 82
58 82
19 50
85 90
41 97
14 94
29 30
57 70
21 40
11 78
9 82
10 41
34 58
17 18
23 28
53 92
10 51
17 52
65 82
29 76
18 51
24 98
14 21
43 57
22 85
42 94
46 95
17 96
30 98
43 86
44 88
33 69
23 65
0 87
32 55
5 30
59 65
39 65
86 91
8 32
0 77
7 24
48 87
29 43
35 40
38 87
52 69
2 79
5 73
38 41
67 77
26 99
41 73
23 96
49 57
67 83
41 83
83 84
46 72
42 99
14 40
68 93
10 72
21 58
84 88
85 86
34 82
22 49
5 7
27 38
60 72
48 78
61 68
62 82
55 59
38 78
39 84
36 42
10 37
17 38
63 82
90 92
54 78
2 96
64 80
65 70
48 51
55 70
66 90
43 68
9 99
1 14
25 57
43 90
25 35
28 56
5 42
61 93
62 85
38 65
36 81
52 75
17 31
15 65
13 81
26 75
12 42
65 95
44 47
6 93
66 85
19 78
41 93
18 73
13 31
19 52
43 83
20 55
59 84
25 36
23 74
80 99
37 76
19 26
14 70
29 54
28 45
52 82
31 32
48 82
18 23
23 30
53 90
4 70
10 49
20 97
89 90
6 84
15 18
19 87
33 97
14 61
47 81
0 51
33 91
20 62
68 80
8 83
21 63
80 90
32 73
5 28
3 36
59 67
82 96
86 89
32 47
31 41
48 73
11 95
24 69
33 46
73 87
51 79
34 45
17 35
2 77
7 48
11 53
35 48
74 93
16 56
31 93
20 86
78 97
94 95
50 60
42 97
71 75
68 95
15 47
8 90
45 75
80 81
52 58
91 97
22 55
10 80
4 46
2 42
7 19
11 84
6 44
10 35
37 41
29 92
9 14
6 70
4 82
36 50
17 62
16 78
31 96
50 55
33 85
47 77
19 49
26 60
0 39
14 91
46 59
3 18
59 81
25 33
57 65
21 43
35 81
32 61
7 8
48 71
11 77
29 59
62 91
38 71
39 79
17 29
7 38
11 35
10 52
65 93
28 71
77 85
9 25
18 52
40 89
6 83
10 30
16 69
17 73
39 58
56 92
20 66
42 83
14 56
18 71
16 91
17 99
43 85
14 34
71 87
96 98
60 88
4 28
28 49
52 54
26 33
35 86
70 97
24 90
16 23
39 68
4 58
17 22
13 72
63 66
22 29
28 94
43 61
30 92
39 51
29 98
20 73
7 74
91 94
48 57
55 76
12 23
88 96
13 22
32 85
24 50
51 58
58 67
21 61
8 85
32 75
70 88
86 95
54 63
2 81
63 75
13 65
11 81
16 36
73 85
34 43
17 33
50 81
31 49
78 91
28 85
16 58
36 53
19 94
11 13
76 85
16 73
2 20
0 12
24 57
3 9
21 70
91 99
12 66
6 8
49 96
0 88
7 13
29 32
11 86
24 78
36 86
1 92
7 43
6 68
54 66
36 60
49 92
30 78
64 84
15 98
5 88
38 62
47 97
10 21
20 69
0 3
27 29
57 93
8 67
45 66
24 38
5 12
59 83
25 39
57 71
21 41
23 73
93 98
35 83
34 67
5 22
59 73
24 85
23 39
6 37
51 95
2 93
1 85
5 48
9 53
74 77
40 53
3 75
65 83
11 59
18 50
12 60
3 81
0 26
40 97
12 26
18 69
21 72
56 68
19 56
34 96
44 95
71 81
25 40
8 80
