nnodes nedges type
100 800 graph
nodename posx posy weight
0 -0.7005517517161031 -2.954455687353791 218
1 -0.49626220083229494 -3.7716559132017116 127
2 1.8190660530852896 -2.4390102681517267 425
3 0.020829972099342176 -4.808238114209877 292
4 0.650425591892409 -4.689023841854028 124
5 0.25555461604431917 -3.982418839012943 12
6 1.6640631902573395 -3.1144184632525906 31
7 -0.07670422469409481 -2.644698322109217 168
8 2.5205311951680356 -3.823542516556873 252
9 0.689057611921612 -5.127118939712426 481
10 1.6081998251566214 -3.7253929073412873 154
11 1.4346327509472976 -4.037302074614425 153
12 0.8874296194523722 -4.23292339678417 179
13 1.054956264401042 -3.035384015948697 194
14 0.47033398293057527 -2.5579172002942534 55
15 1.3677747591777185 -2.5290964519968675 55
16 1.0270278405231643 -3.365806294835521 454
17 0.6439789335968762 -4.512061121755101 407
18 1.3079086453886877 -2.93696598414765 460
19 -0.2419660124213291 -3.8711637111824615 345
20 1.9577245720994023 -3.604890163563307 222
21 0.9126809193529637 -2.6095956444862876 312
22 1.3891616639317987 -4.936715566694352 430
23 0.2832049106092006 -3.294534164213562 356
24 0.7143939740725905 -3.8453640813367356 5
25 0.24680232070179814 -2.9467454497147454 438
26 0.0680989946338042 -4.161335800936971 488
27 -0.14301373406582107 -3.2546198600804357 259
28 1.221693055767547 -4.117230280701167 112
29 0.32956750879232977 -5.204717631473851 197
30 1.766030754766435 -3.2378296265756394 127
31 0.4135458694485593 -3.8279315749184506 265
32 1.6275806386625824 -4.425471099774214 418
33 2.0094967786878137 -4.167832926997477 479
34 1.2552975139430644 -3.7426704720285917 308
35 1.9357644477892586 -4.672303906651623 52
36 0.5116498813662124 -3.577436014265673 310
37 1.2308417016150055 -4.401729868719654 138
38 1.7642176610904057 -3.8843024400823176 406
39 0.5057971582465186 -4.194742075320343 39
40 -0.08971235883929055 -4.699554652730809 246
41 2.3320434440337294 -2.9218127078803033 313
42 1.15888014036512 -3.5923806506118905 280
43 0.7308337162675153 -2.309977019093809 491
44 -0.46553492620698794 -4.3279487753466395 493
45 1.1856539007200007 -4.745955575963441 464
46 2.0877539426826806 -3.8933043541481287 66
47 1.4994973863439265 -4.242355256913571 391
48 2.325117166530644 -3.391377381096634 79
49 0.4891735624730549 -4.768186423698425 179
50 0.3614972191115092 -4.510857319566173 105
51 -0.3999586333635734 -4.084706268324902 408
52 0.5629148891974484 -1.9796642485371243 138
53 1.2980482634692754 -3.2775410821990767 295
54 -0.1499396118292141 -3.7608164984127037 478
55 -0.10983370620329592 -4.336034399175752 239
56 1.100591959288828 -2.2342311599856894 225
57 1.1027282355186712 -5.241864967058122 143
58 0.934804861747043 -2.0401495246872554 178
59 -0.24066203520251409 -2.999803277837235 213
60 -0.7076222464013634 -3.6113363425620846 6
61 1.5726126321882188 -4.7801003728372855 310
62 -0.24942679865266087 -2.8129324352220455 456
63 0.6816220218294784 -3.283649866731048 52
64 1.5756312813531506 -2.9406097993314706 126
65 -0.7460499688615927 -3.729998647128667 386
66 -0.4664494070186702 -3.2991712548591203 13
67 0.22757832023357702 -4.732062688122685 415
68 0.8205131974868605 -3.440633135954855 441
69 1.2885726228120553 -2.268268539540569 492
70 1.194022650741353 -2.5425918772357616 241
71 0.3226653096640495 -4.264522004875669 191
72 0.9956849342103774 -4.632169717515191 228
73 0.7642893611632967 -3.109246730303145 103
74 1.5135640243158743 -2.463964122911345 368
75 -0.44859563399825725 -2.7192434982424056 427
76 0.5986173546732609 -2.9668867186946644 143
77 -0.7531317186582471 -3.111180282721664 220
78 1.0656879278372648 -4.364424471707489 402
79 -0.39488080527878966 -3.9374001615010443 263
80 0.0732859375978272 -3.5190994539855334 248
81 2.08104905570284 -2.8917299626831916 75
82 0.023441304773433105 -3.2961669274985574 200
83 0.5970183481358391 -2.308053703269088 274
84 2.1767621729815803 -4.338797125532598 191
85 0.9774591057560956 -3.83580726868613 185
86 0.3452451398896763 -2.8263036038635176 381
87 1.590686773761538 -2.812071878232652 244
88 0.21051776168032613 -3.737302415208542 472
89 -0.3079277074203743 -4.475811487353547 441
90 0.05550745265949931 -3.0065531215860686 50
91 1.7425612788051557 -4.260658815824031 81
92 0.6678184900160788 -2.7036639027454776 327
93 1.4471215469223984 -3.5688814404209164 293
94 2.155066580240013 -3.1684625921868768 110
95 0.30864560506797784 -2.1915257236636823 186
96 1.8506468003539547 -3.4678655127053513 122
97 0.028353402674594675 -2.2668655227901344 283
98 -0.054488652462168996 -2.399267969742139 134
99 0.9169986469873411 -4.713955873329739 162
endpoint1 endpoint2
14 74
11 68
29 50
12 78
81 93
39 70
4 36
28 41
13 70
18 19
33 41
39 92
14 31
5 84
47 93
45 61
23 97
21 81
13 20
19 65
44 86
71 78
68 92
51 60
25 49
19 39
85 87
20 32
9 93
86 93
36 67
37 91
32 35
76 99
38 73
39 85
30 58
51 83
60 62
78 89
40 73
2 99
49 89
64 95
65 71
31 89
47 90
45 54
21 90
43 69
18 81
69 83
15 43
21 68
24 33
70 81
20 47
71 93
3 17
25 92
82 87
36 74
2 38
34 70
0 90
61 94
9 40
1 82
52 74
10 47
18 31
75 82
49 82
64 86
37 63
39 57
11 26
50 51
12 29
27 31
16 88
15 48
4 11
24 40
70 72
9 79
10 71
60 93
19 27
2 33
32 49
61 87
20 28
27 43
70 98
62 95
37 87
34 59
22 30
13 75
53 91
36 37
10 48
51 71
50 91
24 99
55 85
6 87
39 54
56 96
7 73
14 60
40 99
8 76
56 70
1 51
25 46
23 64
80 89
2 56
54 56
4 38
16 33
40 62
73 80
54 82
63 84
5 72
3 88
53 78
15 24
13 56
0 19
7 70
55 72
16 86
23 99
22 71
19 67
24 54
39 99
5 6
14 83
3 42
9 67
81 84
4 45
37 89
15 93
32 37
7 16
22 40
62 83
59 63
6 47
88 95
36 43
34 39
31 61
37 42
63 93
78 95
75 95
12 44
54 79
36 49
8 20
5 91
6 91
55 65
69 81
16 99
21 66
80 87
84 96
14 90
70 87
48 96
25 34
6 12
4 20
0 92
12 84
77 98
6 38
21 22
39 76
51 90
2 94
15 64
50 68
40 44
5 51
27 74
38 88
6 56
43 47
9 26
24 30
77 86
40 88
26 28
41 92
69 90
15 50
24 42
20 48
18 96
4 19
45 88
2 63
35 87
20 30
25 77
73 75
28 46
9 57
75 77
4 71
54 89
50 89
37 38
18 46
5 77
64 69
20 72
76 93
42 93
33 96
66 71
15 59
58 88
32 84
68 81
51 59
23 66
8 84
66 97
34 86
43 97
14 78
20 37
59 66
23 56
21 24
86 94
28 37
15 86
7 21
63 72
16 35
17 34
78 90
28 84
18 41
36 52
17 68
13 54
20 87
92 94
12 13
45 57
21 93
43 64
44 82
36 97
84 91
26 50
52 59
71 96
4 47
37 71
24 77
25 65
30 62
2 69
17 27
34 37
11 45
8 22
37 50
5 89
10 20
30 83
20 68
24 63
68 71
25 62
45 67
28 29
0 56
24 37
5 13
71 89
59 80
14 66
1 86
10 43
50 66
18 27
9 54
38 94
3 72
54 68
10 53
7 63
31 66
27 98
24 96
14 23
40 90
66 80
30 90
19 83
0 25
47 85
12 25
13 28
34 99
89 98
10 67
69 98
37 73
11 69
59 79
25 83
34 55
63 77
5 58
24 65
75 79
51 75
17 47
7 52
41 58
65 79
20 74
76 95
42 91
55 79
32 86
24 51
0 54
60 80
10 74
80 93
2 52
52 62
32 76
84 94
0 44
34 84
12 68
27 36
23 58
8 37
31 42
76 98
9 32
16 37
38 72
30 53
60 61
51 80
78 88
37 45
42 56
16 59
40 72
2 98
64 94
11 12
7 66
45 55
1 22
66 92
16 74
13 14
47 65
25 59
58 75
23 85
16 96
87 97
20 46
70 80
12 67
1 34
57 61
71 98
82 86
87 95
2 41
73 93
4 55
51 89
52 73
63 89
29 89
53 83
54 67
76 77
77 89
44 45
47 96
45 48
10 18
16 65
17 85
20 70
8 68
14 94
20 53
71 91
46 62
10 70
47 63
22 39
14 64
3 61
33 61
39 72
10 41
2 90
17 18
50 64
31 38
23 28
54 90
51 68
10 51
49 84
13 38
77 82
38 54
39 55
11 16
0 27
16 94
17 96
32 81
92 98
3 28
68 86
69 96
23 65
15 36
1 60
19 33
34 91
26 44
9 91
24 93
59 65
82 98
73 79
54 59
4 37
15 85
52 95
31 47
35 40
16 32
6 55
34 47
50 85
7 54
14 28
40 67
15 25
64 89
13 57
30 67
20 84
19 90
12 18
16 85
17 89
21 80
56 76
49 57
60 82
22 49
5 7
21 36
32 36
48 78
55 59
62 82
12 92
16 39
4 74
36 42
34 38
13 88
4 80
43 55
49 88
20 83
45 53
67 88
56 83
43 68
41 84
47 67
58 73
21 67
2 13
35 73
24 34
46 53
61 99
3 16
68 98
27 63
57 67
47 48
45 96
36 75
29 61
20 22
27 85
3 54
25 69
61 93
10 44
41 42
13 81
31 59
18 28
27 75
16 52
12 42
3 71
1 75
53 81
45 46
10 16
15 21
20 64
79 97
7 83
83 98
11 29
47 72
12 30
1 7
56 64
35 78
27 52
9 78
34 94
32 50
14 70
11 64
23 32
63 64
79 90
11 38
26 82
16 43
53 90
12 33
17 42
50 88
11 60
74 82
12 63
56 97
91 92
16 80
13 24
93 94
44 90
14 39
1 50
59 67
25 87
81 82
82 96
28 36
0 79
5 38
55 60
26 93
48 73
24 69
33 46
38 85
39 89
36 45
51 79
17 35
7 48
11 53
26 71
74 93
67 79
39 46
6 97
47 94
58 98
42 97
71 75
25 54
19 40
2 48
26 53
13 98
20 35
53 59
10 80
47 53
36 78
8 41
32 38
7 19
24 76
39 86
10 35
49 68
13 86
63 92
11 42
79 86
4 82
54 76
15 96
17 62
30 72
37 51
20 93
42 78
14 15
40 82
6 88
66 88
44 72
18 76
58 87
33 79
20 42
27 49
6 13
47 50
87 91
32 61
22 32
12 85
77 97
9 45
23 37
25 75
17 29
26 73
18 26
72 83
53 95
36 57
51 67
3 73
17 55
54 71
28 71
29 79
18 52
5 67
6 83
10 30
1 99
21 96
79 99
12 24
1 5
22 72
37 96
60 88
1 63
21 52
19 28
28 49
14 68
20 31
27 44
16 23
37 84
31 34
61 78
26 80
75 76
3 78
1 66
31 72
11 62
5 76
38 42
53 66
17 66
39 51
64 70
19 89
11 20
0 31
42 90
46 99
15 58
65 98
56 73
32 85
24 50
20 56
71 76
68 82
25 51
45 80
4 27
34 87
80 92
0 43
70 88
60 77
86 95
32 33
55 62
11 81
27 91
16 36
7 50
31 49
26 69
18 38
4 85
54 75
39 40
64 93
31 95
11 13
76 85
17 93
49 61
13 15
19 68
24 57
69 85
19 42
12 66
6 8
61 64
12 88
27 80
33 37
6 34
4 54
1 92
79 80
9 12
36 60
49 92
37 49
18 59
24 26
9 22
6 94
66 86
25 27
64 74
19 77
28 96
0 3
84 99
24 38
37 79
26 36
16 18
1 85
79 89
9 53
42 45
23 29
6 63
12 38
72 85
41 48
42 55
10 28
25 28
30 91
7 79
14 62
18 69
1 27
16 93
58 92
15 63
13 27
22 78
43 87
92 97
46 64
3 29
