nnodes nedges type
100 800 graph
nodename posx posy weight
0 -3.411214991734717 2.2922590217398993 312
1 -2.2682744680935643 2.568668341736259 42
2 -4.285769255500296 3.6688259870285194 46
3 -4.64784321531822 4.92484145749811 430
4 -4.36197287419292 3.8737047968787577 99
5 -2.792228857112332 4.069005520791032 197
6 -4.257321337929271 5.270720476895325 72
7 -3.342443434642401 3.846354761532333 406
8 -4.836567391858626 3.195791181006755 314
9 -3.075419839258584 2.453799811022564 86
10 -3.7745026028088997 4.185828140008901 84
11 -2.436285358968966 3.597860968722343 244
12 -3.594933417098261 4.6989025226610845 249
13 -3.33229787181108 3.1819468049174 339
14 -5.22509820592505 3.2187544363548746 226
15 -2.980657050082926 4.339085284145402 239
16 -4.479246679522974 3.376661376965526 226
17 -2.8874439279230564 3.0736671451189626 448
18 -4.74626840848269 2.1772958890669645 486
19 -4.698512772158176 3.7750962019051895 13
20 -4.160445562865514 4.992623354048423 55
21 -2.2154148545621815 4.095190570498166 429
22 -3.8057476949230264 2.6698139402339574 388
23 -4.7973790929688755 4.46192127131388 157
24 -4.40367479115047 4.1941203954460935 68
25 -3.5483733703243434 5.223551104510474 435
26 -4.038918701535223 3.6977522679070853 349
27 -4.178030699885503 2.6040958688382383 84
28 -3.867751476044013 3.2540485511084003 482
29 -2.592825764419866 3.836628670715189 329
30 -4.084705233960363 3.390140799329467 118
31 -3.7699228657010333 2.858990586729282 150
32 -4.691780889610064 3.093100220475638 159
33 -3.8930247536947196 4.565352425900975 121
34 -3.607965888772264 4.084475404030029 400
35 -4.565575697176354 2.6061040941885394 303
36 -3.1289106754347356 4.1572269785001845 36
37 -2.8004483240808233 2.559326179976542 69
38 -4.63477844323013 3.9210573451993143 204
39 -3.537049888040542 3.4850084907834 376
40 -5.008997532842877 4.464185419067792 80
41 -4.0291340748577245 2.451568898063752 301
42 -4.402572441348711 5.006971484016401 483
43 -3.085462556743785 4.465222096013821 346
44 -4.000694852733397 2.7685534888135606 286
45 -2.271519582550898 3.163086581057946 460
46 -3.2122227414226567 2.984712173749052 59
47 -2.675387097301305 3.0771337532005707 312
48 -3.560469271947251 2.4983304048849986 184
49 -2.3169619434874473 4.529817233144447 465
50 -5.053731839097187 3.966195543492762 176
51 -4.046537508320655 4.314684324584128 22
52 -3.401338246867069 5.1653543998540385 273
53 -5.03597992615427 3.624409627569946 165
54 -3.767540770423913 5.14342715212871 408
55 -3.3013093796070656 4.549639173020363 216
56 -2.7927200634778084 3.37827726103531 265
57 -4.30637652470251 4.641587785036841 492
58 -3.2637851671625406 3.3874867878268713 392
59 -4.926323399535363 3.3879277416237734 427
60 -4.307174103942705 3.065087877225331 459
61 -3.81953125042077 3.8051140594424058 86
62 -3.556042375843349 2.8730844688015793 77
63 -2.761584445234687 3.635309887488012 343
64 -4.429486111349798 2.7722557557668126 405
65 -2.709223556011403 4.670245280753302 269
66 -3.034940251221776 5.243208078001527 292
67 -4.168686833259109 2.953102854423219 114
68 -3.967663625893692 4.780275221568432 2
69 -2.72799925194477 3.2559462826703416 186
70 -4.856457524213302 2.917854614940607 127
71 -2.8181205119783823 4.8460005823892205 172
72 -3.8013688759778903 2.065429214667583 395
73 -3.7305107592413584 3.3778261983081785 195
74 -3.6722795112624858 4.799014960830449 297
75 -3.3871636621687298 4.271175063276306 160
76 -2.128883847881313 3.934867468122717 280
77 -3.7366822495997756 2.448771666474354 110
78 -3.545059501326097 3.796648893241836 488
79 -2.662516849651229 4.347491625627861 83
80 -3.6067372107281486 4.348723941173575 188
81 -5.206618051558145 3.870936293356293 455
82 -2.3222764583197653 3.6796629039562947 381
83 -4.638528845764718 3.4963959669743163 341
84 -3.31375697063701 2.6887783090704183 427
85 -3.0621514432592427 2.8701400808329613 307
86 -4.710860390967559 4.336285531531225 314
87 -2.8974137986775292 3.901175931232583 289
88 -4.279107675812626 4.473572009745516 457
89 -2.548516583795796 4.7333779658223465 80
90 -2.9778358646526297 5.020245438516507 388
91 -4.562492364621791 4.503775694508753 438
92 -2.3320602039863774 2.989715918510664 286
93 -2.3859236344714367 4.150720362502387 225
94 -2.970341777583699 3.368572254555148 349
95 -4.078728074133223 4.020118801409939 352
96 -4.889632530987394 4.2037525386502965 444
97 -3.404479852466545 4.7368588005656544 392
98 -5.347972626794902 4.177266965854846 206
99 -3.909260308970344 5.0115490224644486 431
endpoint1 endpoint2
62 64
59 78
27 46
36 68
37 82
15 74
63 76
75 78
40 60
73 82
51 74
2 78
89 94
14 31
53 64
43 63
15 30
65 78
7 68
0 17
6 98
88 98
10 97
23 97
13 20
19 65
71 78
62 97
19 39
52 63
60 79
23 53
6 23
82 92
4 35
28 32
34 79
8 38
35 46
9 39
33 34
24 73
38 73
39 85
10 36
2 73
17 39
49 71
29 95
42 57
75 93
90 95
74 89
17 57
19 96
5 93
55 71
41 85
24 59
47 64
68 91
58 72
24 33
71 93
21 46
82 87
87 94
15 88
5 43
12 90
24 80
1 82
2 64
17 24
41 43
13 82
31 56
27 72
75 82
16 51
43 45
31 70
37 63
44 46
45 47
47 73
12 29
58 83
26 56
32 91
14 95
70 72
10 71
38 97
21 55
37 77
2 33
19 27
11 65
61 87
59 75
23 33
2 91
79 91
18 22
42 43
16 42
4 69
51 71
17 43
29 75
9 29
74 85
4 99
17 77
13 63
7 73
42 95
46 92
0 28
16 95
2 30
57 78
59 64
81 83
30 47
28 43
52 88
48 72
26 92
6 52
73 80
36 44
34 44
17 44
49 76
63 84
21 95
19 67
24 54
83 87
42 96
3 4
46 73
10 73
25 55
56 60
20 34
53 60
1 46
25 89
28 34
7 16
55 58
62 83
73 89
39 87
51 85
88 95
8 14
7 46
28 81
29 93
78 95
75 95
4 81
43 54
2 97
65 69
9 17
42 65
55 65
38 59
16 77
22 94
8 64
45 69
0 38
27 62
6 12
19 20
15 90
22 35
20 23
16 31
6 38
39 76
38 70
40 44
2 94
30 35
36 82
31 58
5 51
48 92
26 72
75 84
38 88
16 53
53 80
10 55
54 70
28 70
15 20
30 84
0 7
7 82
14 59
66 76
58 81
3 24
9 77
73 97
52 53
70 96
12 83
6 25
4 57
37 85
8 60
48 83
29 47
9 57
16 44
17 41
78 83
12 56
10 24
43 58
39 48
31 87
19 86
11 21
29 99
7 75
64 69
12 22
10 98
66 71
16 81
8 78
13 23
44 91
32 84
21 62
22 61
10 86
95 97
8 35
22 23
11 94
16 35
38 74
73 86
36 46
49 66
41 61
78 90
26 68
35 51
74 90
12 55
36 52
15 26
19 95
5 80
47 89
7 94
46 79
55 96
47 71
68 88
71 74
21 71
2 49
1 44
82 88
87 93
2 43
5 46
27 81
1 93
51 87
15 69
8 48
78 93
11 45
6 71
4 83
17 61
64 83
77 91
5 89
38 57
24 63
46 86
45 67
28 29
32 88
61 96
2 34
0 94
7 11
32 62
3 59
10 43
34 60
8 55
52 86
50 66
48 94
11 34
16 55
1 72
42 54
5 66
6 80
55 88
56 93
42 80
68 78
8 73
34 99
32 95
33 71
46 67
20 50
3 26
68 84
86 99
37 73
84 87
32 53
61 83
62 67
30 40
8 62
15 75
31 45
48 85
26 81
9 63
65 85
31 75
11 49
29 71
18 44
12 58
67 75
39 50
44 63
42 91
47 82
45 62
10 96
22 64
19 62
65 97
44 85
7 99
51 61
8 86
43 99
95 99
28 39
37 92
15 80
7 23
63 74
55 57
73 84
60 61
31 48
28 86
63 80
75 90
12 49
31 94
19 97
7 66
58 97
13 14
83 91
46 77
18 80
43 88
32 67
24 32
46 55
62 77
12 67
68 96
23 51
27 61
4 41
37 69
34 73
48 67
27 83
9 41
16 28
25 71
5 54
11 47
75 83
12 40
36 61
13 45
37 48
55 93
6 95
66 87
25 26
7 81
5 97
69 93
15 49
19 50
0 58
24 39
5 11
93 97
5 21
62 94
3 61
33 61
39 72
10 41
52 80
15 76
50 64
13 76
8 57
11 36
16 41
11 58
12 61
30 88
22 85
42 94
40 98
47 87
21 87
13 26
68 86
80 88
2 59
5 30
20 26
3 34
29 49
33 54
30 46
54 59
0 77
5 56
9 61
30 48
39 95
10 58
63 85
13 95
29 69
5 73
12 52
52 99
67 77
76 89
41 73
0 18
69 79
67 83
21 80
19 64
14 40
51 63
57 80
58 78
2 50
94 99
26 55
70 95
62 72
9 92
37 90
34 76
15 82
32 36
5 33
11 82
24 74
39 84
54 84
10 37
31 50
78 94
29 94
40 74
12 51
10 15
30 74
64 80
19 99
6 90
17 82
19 73
43 68
44 78
7 90
3 10
69 82
57 89
58 73
26 62
0 37
24 34
70 86
20 40
3 16
60 71
6 15
47 48
21 45
34 71
8 46
32 59
22 34
97 99
3 54
62 85
33 58
24 81
6 33
81 96
52 75
29 87
12 42
54 65
53 81
42 75
55 95
14 16
5 69
8 96
79 97
27 30
66 79
15 51
8 70
13 31
44 99
35 78
33 66
0 60
70 73
3 25
85 88
26 57
25 36
73 98
80 99
35 84
32 50
22 37
62 92
25 78
34 56
0 72
5 61
23 30
4 70
1 76
36 38
54 88
65 80
31 78
29 74
42 50
53 68
67 70
17 76
76 92
30 96
19 61
32 83
4 25
22 60
5 28
20 36
33 52
21 25
36 71
52 89
7 26
63 73
48 73
11 95
61 73
13 67
38 85
1 69
78 85
42 61
38 47
53 77
65 67
20 86
6 97
69 77
13 17
56 78
0 10
83 86
59 98
1 11
58 76
21 56
94 97
91 97
46 48
53 59
28 35
34 74
58 63
59 62
27 94
33 39
34 36
49 68
17 36
31 60
37 41
28 82
50 74
54 76
17 62
28 72
20 93
48 53
51 96
39 61
19 75
44 72
47 77
23 81
67 96
4 15
24 36
10 91
87 91
28 58
26 38
27 87
39 79
30 32
34 63
17 29
48 93
35 62
40 51
53 95
36 57
10 52
41 50
37 60
77 85
24 31
14 22
16 69
39 58
56 92
11 31
7 77
46 88
69 89
60 98
15 61
22 72
34 98
33 64
96 98
71 87
23 68
28 49
14 68
24 90
73 74
30 43
37 84
8 61
7 31
22 29
23 24
53 88
4 64
50 86
20 99
38 42
6 74
10 25
43 61
39 51
13 60
44 62
45 63
66 68
7 96
20 56
68 82
51 58
57 83
58 67
45 80
52 61
35 95
59 69
32 33
63 75
4 79
10 38
36 47
17 33
51 81
37 46
74 91
39 40
0 22
69 75
21 92
13 15
24 57
55 99
83 88
1 9
26 51
27 58
9 64
23 48
47 55
87 92
2 40
58 61
32 56
15 94
5 45
11 86
31 62
14 98
29 90
35 59
6 68
3 66
4 92
10 11
49 92
64 84
28 74
18 59
30 80
28 96
27 29
58 85
2 9
9 73
10 89
25 39
4 23
5 22
61 89
33 62
74 99
36 93
4 61
51 95
15 77
50 67
52 87
79 89
38 95
3 75
4 91
9 31
55 91
6 81
22 84
11 17
26 27
7 79
66 75
58 92
16 93
34 96
89 97
20 51
70 77
51 55
25 40
4 30
28 51
2 58
