nnodes nedges type
100 800 graph
nodename posx posy weight
0 -0.5390412296712404 -0.8982819441234706 205
1 -1.5241900360912333 -1.0947238094961877 492
2 -2.3290360471316163 0.4477734302662893 63
3 -1.470317187947186 1.5097906431198704 20
4 -1.9054822021193523 1.404089825022588 368
5 -2.6586907393095722 -0.2565174432164679 461
6 -2.0147923549418625 -0.41506718994291153 78
7 -2.0763073231547047 0.9996659922542412 266
8 -0.38195242593870926 1.6578126960678916 196
9 -0.4886764370405028 1.4569532929819633 256
10 -0.505093144519755 -0.24142425404769535 95
11 -0.8813484445915131 0.12831341527981266 436
12 -1.7822051969699286 1.379006429453695 379
13 -0.023487635229289434 0.36312756419233233 342
14 -1.7096250949831204 -0.08772539230745768 380
15 -1.660659908862221 1.0210249966322142 402
16 -1.348121015481878 1.4606650382456452 327
17 -2.333888028930675 0.8532234107060771 398
18 -0.5331843487355785 -0.015136531457256141 298
19 -2.133622616196101 0.03667083883097462 445
20 -0.5333587775383927 0.7764862416715611 66
21 -2.720590987673349 0.020510431456216737 451
22 -1.2686712358404455 0.2803118791719601 328
23 -1.5992632175850292 0.3747855374436303 238
24 -1.6380820487845487 -0.7613328705312937 385
25 -2.5675357747334546 0.8210858032557993 457
26 -2.1822975821408988 0.6918837813264059 107
27 -1.9209547676500383 0.5535865864870076 321
28 -2.253459602093282 0.07259381614573865 357
29 0.0819571611564267 0.9036414576261623 336
30 -0.6221929671546157 0.8996084243721273 148
31 -1.142933303040918 -0.628838097016949 239
32 -1.6411966156259312 1.6585737401785123 85
33 -1.4962627707547647 -0.48135605876930065 254
34 -0.8790308567492483 1.684297075741956 117
35 -0.6604760667355974 0.5165795058596921 413
36 -0.5173812894507623 0.24608345969579937 169
37 -1.3305281385685293 0.05989290965326219 76
38 -2.239269715062375 -0.7102588920138421 75
39 -0.08251871221058407 0.75118855047146 296
40 -0.6178816668824998 -0.5588001629141089 414
41 -2.44507933759755 0.16579451913247006 44
42 -0.5446314186427572 1.758232468571886 429
43 -2.3258405980661494 -0.3008921870037075 210
44 -1.1321050776154946 -0.4762413128035572 85
45 -0.18751302932003575 -0.18216774868016652 390
46 -0.8528793303880926 0.9799261114394652 476
47 -2.6625947505571483 -0.4201669794275398 178
48 -0.48435840461355867 1.2147680539961219 412
49 -0.11457992717490599 -0.6791283284240442 293
50 -0.30033696750848876 -0.8267375739213032 219
51 -1.2916612684774493 0.8631343878085823 6
52 -0.025449078269292658 0.09642063377421872 485
53 -1.0577157259412606 0.16000266698131096 50
54 -2.789902498866372 0.565479783180465 319
55 -1.209711436338808 1.0650608653805502 224
56 -0.3726276283149287 -0.5207784745308115 410
57 -2.5109140428107137 -0.5595888272629436 125
58 -1.4442595729477037 1.079568419999925 419
59 -1.1260623356198294 1.6223180810543916 477
60 -1.6696252057854406 -0.35141580366328584 191
61 0.03433466056206121 -0.021954771541481493 439
62 -1.2650479832670212 -0.22087492951545873 82
63 0.15170777968129165 0.384869810022903 249
64 -1.7275803151012086 0.25981159072931254 483
65 -1.6151087663405712 0.887149216464964 127
66 -1.6510001742632787 0.6065147129718643 298
67 -0.9853050197559594 -0.22046768560313446 485
68 -2.036436848198359 1.2586957924465114 484
69 -0.6932112876887648 1.1454013194367 445
70 -1.5372426864402295 -0.8900876255676142 14
71 0.3074260430529888 0.25921851037539956 16
72 -1.2495691258534811 1.7825949526965583 491
73 -1.903770722356232 -0.7359953850230012 86
74 -0.9373211634361821 0.41243139616233393 481
75 -1.4253353445050236 -0.747298859273114 156
76 -2.6928140262925098 0.2642277546900255 3
77 -0.8095423512186811 -0.8835058275195687 100
78 -0.09369703622336234 -0.4005548715552157 253
79 -2.021060900052155 -0.6485717405571904 433
80 -2.2331894900024705 -0.985579224426278 162
81 -2.2831100377541445 1.376626465646104 334
82 -0.2208074792190153 0.9957049417188754 200
83 -1.1513981403359725 0.6413819717488252 212
84 -2.6526169032146543 0.48117841433056485 165
85 -0.8337596387895175 -0.3219588708257882 311
86 -0.986256904926578 1.3562150741192605 352
87 -1.4724699986141163 0.01537766318041252 255
88 0.10126136334265073 1.1616746400198898 110
89 -1.8273366452651882 -0.2141260003628212 273
90 -1.2553741564363228 -0.9826623868977291 481
91 -1.0188591156744136 0.875790439940181 42
92 -2.1769157239368107 0.9651110000395932 109
93 -1.0436496869463485 -0.9699860982757107 173
94 -0.19587115208415334 0.19979744258526258 405
95 -0.9763944061849481 -1.0509383652278446 393
96 -0.3865222010923261 0.5915775061724956 138
97 -0.568316745270796 -1.0198167387473167 493
98 -2.5741870812747294 1.2955301574053533 445
99 -2.043334810849413 0.31464118499154536 370
endpoint1 endpoint2
35 88
14 74
33 55
30 41
37 82
5 57
11 90
16 47
10 61
34 46
74 94
55 80
14 31
67 74
13 20
56 75
20 58
62 97
18 86
68 92
57 81
51 60
43 98
35 65
14 77
20 32
75 97
81 86
4 35
11 83
26 89
9 39
24 73
30 58
52 67
11 41
35 52
79 85
40 73
6 67
4 87
54 73
2 99
17 57
64 95
39 42
37 54
55 71
1 21
67 89
21 90
56 82
17 83
2 18
35 96
7 91
47 64
3 11
90 99
19 44
87 96
32 68
46 52
70 81
71 93
23 50
36 74
87 94
0 90
22 45
5 43
3 55
72 74
30 61
63 88
5 53
3 68
12 41
53 82
31 70
49 52
67 94
21 99
56 89
20 71
17 84
64 76
14 53
47 73
27 31
64 98
19 53
43 80
85 89
32 91
24 40
14 95
46 63
45 90
2 33
14 65
61 87
25 79
6 27
11 39
18 22
16 42
51 71
1 77
9 29
18 48
5 79
53 69
10 26
15 19
64 67
20 78
11 19
66 73
44 89
33 68
1 51
80 89
35 90
59 64
25 80
23 62
82 99
86 88
48 72
29 42
9 60
24 68
38 84
39 94
2 76
89 92
38 46
6 78
67 76
13 56
48 61
17 88
13 18
78 96
33 93
46 73
51 62
34 83
94 96
56 60
5 6
22 54
3 42
62 73
60 73
20 34
6 21
36 77
37 89
7 16
49 69
17 37
78 95
79 87
11 43
9 15
16 62
3 65
43 54
13 49
37 52
44 49
67 91
47 66
16 99
58 86
19 46
85 94
48 96
70 87
71 95
10 90
23 76
45 95
19 20
28 57
48 70
24 82
33 57
38 70
31 58
5 51
48 92
26 72
35 63
40 50
51 64
31 64
13 42
28 70
42 72
14 17
16 68
19 81
44 70
18 70
69 90
0 61
46 61
70 78
10 69
57 75
60 95
21 53
22 58
29 53
36 89
37 85
17 23
22 28
48 83
54 89
10 24
15 29
17 67
39 48
44 61
5 87
12 22
65 99
22 66
44 91
46 68
20 63
60 86
57 76
5 27
12 74
60 76
4 32
28 37
86 94
2 80
7 21
0 64
29 40
35 45
16 35
51 78
52 64
31 54
40 70
38 44
15 26
22 99
66 94
21 93
43 64
69 86
8 91
84 91
35 69
32 65
13 97
62 79
1 44
57 63
28 60
22 46
11 87
33 38
25 65
16 26
78 93
29 91
35 56
16 48
90 91
4 83
30 73
37 50
45 50
67 93
83 94
5 99
3 15
18 77
45 67
70 85
27 48
60 66
82 83
28 59
93 99
22 33
5 23
3 59
27 86
9 44
12 86
6 36
39 78
77 96
17 28
7 33
41 47
11 34
16 55
40 52
6 62
3 72
10 53
13 40
37 59
29 78
10 31
11 30
41 66
7 76
14 57
43 84
33 71
3 26
69 98
37 73
84 87
19 31
0 85
50 99
14 69
11 69
61 83
23 61
2 87
17 21
0 75
48 85
16 46
72 91
39 93
49 79
28 95
18 44
12 58
43 60
17 65
41 75
48 58
10 96
32 86
1 55
15 35
14 76
70 89
20 39
25 84
81 87
6 22
4 34
37 92
28 39
0 66
11 80
36 40
34 40
17 32
50 78
75 90
62 63
3 92
42 66
12 15
3 98
2 21
44 76
0 13
24 58
14 45
41 86
25 59
2 15
62 77
68 96
10 95
72 99
36 73
28 62
15 89
0 89
3 52
24 79
4 55
51 89
1 83
14 99
27 73
75 83
40 79
20 88
44 45
77 89
16 65
17 85
30 81
19 76
7 81
25 60
2 6
20 53
59 82
10 70
19 24
2 32
29 56
9 82
33 61
26 84
27 78
72 86
53 92
51 68
8 31
11 58
39 55
56 95
18 66
92 98
14 33
20 60
1 60
66 98
57 79
69 96
23 65
32 55
22 62
24 93
81 92
39 65
15 85
7 24
32 45
31 47
11 93
38 87
30 48
4 67
10 58
49 77
7 54
89 93
38 41
53 79
3 89
15 25
47 92
44 87
83 84
46 72
33 94
20 59
59 96
8 88
80 95
26 55
85 86
23 52
6 20
37 90
2 44
28 33
5 33
73 90
4 74
13 88
31 50
35 55
18 37
16 61
40 74
12 51
3 94
10 15
53 72
31 88
20 83
22 89
2 19
33 87
46 83
18 78
23 87
85 95
26 62
45 96
36 75
8 46
0 91
29 61
27 85
23 43
25 69
39 77
52 75
72 81
12 42
36 63
64 87
13 43
65 95
9 27
77 87
40 87
6 93
45 46
30 87
21 98
41 93
56 64
2 4
24 41
19 26
2 62
35 84
70 99
11 64
62 92
59 74
6 24
39 74
52 82
22 31
48 82
35 37
3 76
49 74
7 59
13 36
31 78
11 60
50 88
77 80
14 27
6 84
3 82
30 94
13 62
65 74
64 68
7 72
33 97
91 92
66 70
93 94
85 97
60 85
1 50
58 69
15 38
4 25
19 35
2 57
45 82
14 73
3 36
24 95
82 96
36 71
37 95
21 25
28 36
16 34
36 45
10 56
52 71
49 67
50 83
35 48
38 47
3 91
53 77
67 79
64 91
30 65
6 97
58 98
50 60
33 92
1 11
25 54
58 76
26 53
91 97
22 55
59 88
58 63
7 19
23 44
8 15
63 92
13 86
11 42
75 94
4 82
30 72
37 51
9 16
14 15
38 56
48 53
39 61
22 95
19 75
56 85
0 1
7 84
46 81
47 77
3 12
24 62
41 90
14 49
67 96
12 97
26 60
35 75
33 79
5 14
61 97
59 81
23 79
25 33
21 43
87 91
37 65
26 38
7 8
9 45
24 83
52 85
15 67
31 37
22 26
11 35
26 73
18 26
74 79
29 85
6 57
53 95
17 55
31 67
77 85
55 89
40 89
20 66
0 24
42 83
14 56
1 5
57 96
8 72
17 99
56 66
19 54
43 85
70 79
23 68
4 28
45 87
84 86
35 86
27 44
33 49
23 34
39 68
4 58
34 54
15 72
33 43
75 76
4 64
51 72
13 34
29 72
74 80
55 86
39 51
64 70
11 20
41 68
45 63
58 89
21 83
65 98
13 22
43 74
7 96
0 53
33 89
20 56
60 87
4 27
62 69
12 75
82 94
36 65
2 81
8 36
31 43
13 65
61 71
27 91
30 52
2 75
31 49
42 59
30 71
22 96
11 13
44 53
42 69
12 14
3 99
1 23
49 61
2 20
41 87
24 57
46 76
3 9
57 84
45 73
32 66
12 66
23 48
21 32
29 32
30 63
4 54
2 66
7 43
31 62
11 44
18 33
9 12
6 68
3 66
10 11
51 98
16 64
20 69
44 74
46 87
12 99
15 54
64 96
35 77
41 98
24 38
59 83
60 67
38 99
47 60
37 79
35 83
7 10
24 85
16 18
30 38
1 85
27 79
74 77
53 93
4 91
36 59
1 79
13 39
28 65
18 50
42 55
5 65
6 81
1 97
17 79
39 52
22 84
44 65
7 79
46 94
22 78
44 95
14 32
20 51
18 95
25 40
15 37
86 96
2 58
