nnodes nedges type
100 800 graph
nodename posx posy weight
0 0.4670770038650746 1.021516949641807 354
1 -0.4120894016037613 -0.009088373407659976 250
2 -1.4558054243610605 0.9971874711368176 287
3 0.5766836517335339 0.5366019199733213 319
4 -0.491269906095706 3.3516056084383155 96
5 0.10210865002144898 2.164914934222771 410
6 -0.7697130233791173 2.2165640821978485 349
7 0.9221548932311223 1.8085971199940158 48
8 -0.2297710847672391 1.0135126822408849 11
9 -0.1737477455658132 0.7372054234787105 88
10 1.1951502216202046 1.435134081655086 199
11 -0.5151406507250906 0.5431200767532077 317
12 -1.014796907426566 2.492415466791856 488
13 -1.0967728630347997 3.0228777150842476 449
14 0.2895094249721646 0.7592459124643313 130
15 -0.06652812984453685 3.3354578525351872 461
16 1.0962419362845477 1.03192488971987 283
17 -0.867449845458526 1.3939261911490968 278
18 -1.5298102751143718 2.5065190517355025 419
19 0.21707995527198023 1.7032576040880951 157
20 1.0882696097548428 2.2562557630100284 411
21 -1.7602920720030903 1.7003363839824968 57
22 -1.5346380376985789 1.6501189564664014 367
23 -0.6538112287572642 1.0666280240244976 358
24 0.6679508334904252 0.7644823693576546 303
25 -0.06508678332679774 2.331053830132962 492
26 0.6269926782794698 1.6631854907383952 361
27 1.1072312413741936 2.053899334968408 449
28 -0.4727970303043685 2.468694902867686 343
29 -1.2239202350028018 2.0399145417317386 132
30 0.15023008655236522 1.9352688813233847 339
31 0.26537289410792086 2.97839853665841 309
32 -0.5207845146231093 0.38752016628434105 450
33 -0.3463279280491577 3.0031591169366414 67
34 -0.5282674278677097 1.485740099221248 123
35 -1.0154391054795728 1.1298917294570514 262
36 -0.8757395254296358 2.849458887234121 297
37 -1.6478469081457607 0.8881131698804737 202
38 1.3720413096758004 2.4974892122596315 91
39 -0.5705366180985654 1.1789845448108198 481
40 0.1338024751329996 2.4510793642348965 18
41 -1.078467238753656 0.696593158469586 63
42 -0.2984090193562478 1.6751188768281182 249
43 -1.307739693940747 2.709844753724134 264
44 1.1931892413444416 1.8375842133725138 226
45 0.5249211350057436 1.8989124997406326 6
46 -1.499824106340742 2.2110884602426943 368
47 -0.8128694596168156 1.6200143897265795 181
48 -1.1783546540039689 1.186178649052899 7
49 -0.06343134958577824 1.187251555985677 381
50 -1.7245355884575604 2.153126473639363 182
51 -0.10679553866427634 2.809535676555649 442
52 -0.8320895511133635 0.9359626402585113 137
53 -0.8780165244436461 2.0205006623170525 85
54 -0.034131681981706644 3.078198974814697 315
55 -0.9009640810131223 0.7395645467946765 408
56 -0.21769265076755448 1.2260218619197045 321
57 -0.3058957666448046 0.7989936042200728 347
58 0.16487302920845057 0.30558754234999674 363
59 -0.6385135058369251 2.5961178429361498 438
60 0.3728986919582199 1.5890375179433198 439
61 -1.3464610091688882 1.821207070332666 134
62 -0.8106738779523751 2.428715350394232 194
63 1.152103351220406 1.3443195029769786 445
64 -1.567283042513987 1.397757628103179 283
65 0.21507824750383076 1.228751389538227 327
66 -0.2399878573336963 3.19913027928354 235
67 -0.27040171042403577 2.4090670305151303 117
68 0.7730699246731226 2.217378025617515 233
69 -1.033772340494447 2.775427723347741 411
70 -0.8679650180870849 3.2498572971970088 362
71 0.5836632212017262 2.9748081921538048 34
72 0.5033983283403507 1.29444108762411 64
73 0.5550723868460763 2.4497709628862783 169
74 0.4669152678310895 2.537781152742008 460
75 1.0440014649619755 1.5917790616836112 428
76 -0.5610222373447733 2.9430903347807735 164
77 -1.3655132075657879 2.8575770020551974 228
78 0.6987668958008924 1.520630716570341 287
79 0.7684301704005545 2.9283962330243254 27
80 0.18266426043366504 3.6245989956683733 2
81 -0.48863652151370673 1.7408205457247985 385
82 -0.09036438205144956 1.6886023027253643 475
83 0.24906922698275713 0.9377237160923649 203
84 0.1925941692120692 0.5911984681855512 230
85 -1.272225834488423 1.53897263136864 490
86 -1.0994493186339471 1.704663317838911 222
87 0.8698547972757614 2.6799130581245643 380
88 -1.3614420103981044 2.2242055139894914 97
89 0.7540484098355963 0.9241658959348218 454
90 -1.3188485367890839 1.342234253970038 212
91 0.589113922020402 2.766975962592051 214
92 -0.7009849545104976 1.9344406484894088 209
93 -0.20918491159985977 0.4360782801969326 256
94 -0.0532740448102752 1.4995246714607713 467
95 0.29012804567984724 2.194472823428392 395
96 0.9454576060633145 2.278655250144108 374
97 -0.7199589696329095 0.4226440082881646 481
98 0.12716740452758488 2.8628848915627154 265
99 -0.24857806976407015 2.0729242161633823 160
endpoint1 endpoint2
35 88
26 47
14 74
9 84
4 36
86 90
5 57
35 41
39 92
51 74
49 78
0 98
31 74
28 88
38 40
17 64
64 88
20 75
76 88
26 98
0 17
48 59
42 88
47 93
16 84
23 97
49 58
19 65
7 98
33 95
24 52
71 78
57 81
58 65
21 59
34 85
82 92
86 93
5 34
29 37
61 69
9 39
26 89
76 99
39 85
60 62
49 71
16 60
54 73
2 99
39 42
31 89
19 96
76 87
42 67
54 99
69 73
56 82
41 85
33 80
7 91
46 82
47 64
68 91
8 94
4 12
33 74
70 81
59 92
27 60
47 49
32 58
29 62
33 59
40 42
36 80
50 70
29 88
27 72
18 31
53 82
28 68
55 92
17 84
28 98
11 26
41 94
14 53
26 56
5 10
20 54
1 58
60 93
45 90
32 49
14 65
70 98
27 43
30 36
8 58
15 79
31 33
26 85
18 22
9 59
54 91
7 56
65 81
77 81
18 48
55 85
5 79
19 84
20 78
7 73
66 73
21 86
44 89
32 82
92 99
66 99
57 78
45 83
32 72
63 96
5 29
12 72
33 53
30 47
86 88
73 78
34 50
32 46
31 46
63 78
29 42
35 43
9 60
49 76
7 49
63 84
35 49
89 92
67 76
19 93
0 19
48 61
47 95
23 99
78 96
0 9
24 54
83 87
59 99
8 89
56 60
70 92
75 99
49 99
7 16
29 35
61 67
6 47
36 43
4 75
17 37
50 77
63 93
78 95
11 43
26 65
18 34
90 93
3 65
49 95
9 17
40 81
66 91
21 88
44 79
69 81
25 56
15 53
57 88
45 69
80 87
85 94
25 34
23 76
4 20
19 20
8 47
0 92
61 92
3 57
29 60
52 84
9 48
75 84
6 56
72 82
12 43
4 88
8 27
28 70
20 91
77 86
5 68
25 31
22 81
8 71
13 30
56 65
46 61
5 8
23 69
25 43
19 29
34 95
52 53
0 83
22 58
5 18
70 96
20 30
59 77
30 42
37 85
15 73
22 28
11 89
27 67
16 44
12 34
17 41
10 24
15 29
39 48
56 98
64 69
44 61
0 30
48 56
5 87
12 22
66 71
15 59
30 97
56 72
85 96
20 63
23 66
25 44
80 91
52 60
34 86
14 78
59 66
23 56
36 64
34 48
31 40
11 94
26 90
9 34
38 74
39 88
30 55
8 9
26 68
35 51
53 76
22 99
20 87
92 94
12 13
3 96
58 99
44 82
50 61
7 94
15 46
2 49
52 59
22 52
14 81
20 44
62 79
27 59
10 81
47 52
34 75
23 47
10 32
78 93
35 56
18 32
12 46
49 93
30 73
31 69
64 83
13 47
77 91
40 83
51 99
56 86
50 52
0 2
46 86
68 71
1 3
45 67
2 8
33 78
3 21
59 80
9 74
82 83
21 42
37 64
25 74
51 92
8 55
17 28
63 68
13 78
53 94
49 86
50 92
31 66
17 54
11 56
24 96
5 66
6 80
10 31
17 72
56 93
19 83
40 96
69 88
19 57
0 63
33 71
24 44
70 76
71 86
57 73
84 87
35 89
34 93
61 83
53 54
23 61
81 94
21 29
0 75
5 58
75 79
40 59
73 83
54 95
10 60
1 65
72 91
13 33
78 81
28 95
55 81
52 97
17 65
76 95
16 83
13 21
56 74
14 42
46 74
51 61
19 36
35 94
62 74
23 58
37 92
34 78
2 46
63 74
31 42
61 70
35 47
6 40
30 53
7 45
31 48
29 64
40 72
6 66
4 86
90 94
49 90
22 97
19 97
37 55
28 76
7 66
45 55
49 60
56 81
43 66
24 58
71 98
10 95
6 9
21 47
45 98
5 44
3 52
1 83
50 73
7 42
5 54
54 67
49 83
37 48
28 75
6 95
25 26
39 62
12 28
64 97
32 90
3 23
38 96
45 91
2 32
35 82
29 56
9 82
39 72
51 94
2 90
27 78
23 28
40 54
12 39
31 76
29 76
11 58
55 90
6 86
14 63
18 66
16 94
58 93
15 62
19 59
68 86
60 91
86 97
19 33
20 26
62 65
24 93
25 81
82 98
28 42
52 95
34 53
48 87
5 56
35 40
9 61
33 40
38 87
6 55
51 77
42 63
74 95
6 99
49 57
78 99
44 87
0 8
42 99
41 83
58 78
80 95
84 88
2 50
62 72
1 47
75 96
6 20
36 76
28 33
37 90
22 43
5 33
16 39
38 78
30 59
4 74
61 62
11 40
20 83
45 53
19 73
50 57
33 87
24 60
3 10
19 47
2 13
33 73
14 85
20 40
3 16
27 63
25 35
82 84
19 21
15 91
0 91
12 91
24 81
16 30
40 43
38 65
8 52
14 97
18 28
9 49
53 81
30 77
39 56
28 99
27 30
56 64
44 99
0 60
26 57
46 60
9 78
18 99
28 55
2 62
29 54
33 51
23 32
6 24
28 45
34 56
48 82
23 30
6 50
53 90
54 88
17 42
41 53
28 92
55 84
5 78
65 74
44 60
91 92
66 70
93 94
18 90
15 38
34 89
35 93
0 41
5 28
14 73
39 67
8 34
29 41
27 89
73 87
49 67
41 62
40 69
67 79
0 20
7 65
42 71
3 97
67 85
56 78
94 95
41 81
24 55
83 86
47 68
7 95
44 81
8 90
45 75
0 32
46 48
3 45
25 88
72 96
47 53
8 41
7 19
22 41
11 84
12 94
27 94
25 66
7 41
31 60
37 41
11 42
35 57
9 14
16 63
6 70
54 76
49 94
65 68
76 82
9 16
55 64
40 82
45 51
51 96
67 90
64 72
22 95
19 75
31 96
56 85
83 95
46 81
47 77
57 95
26 60
0 39
33 79
9 75
10 91
57 65
6 13
59 81
37 65
26 38
12 85
27 87
25 75
38 71
52 85
15 67
29 85
35 62
9 55
26 73
72 83
7 60
39 58
22 86
42 83
53 99
16 91
17 99
34 98
33 64
70 79
23 68
25 42
4 28
45 87
50 98
62 66
25 76
39 68
36 90
52 92
8 61
22 29
48 84
11 88
18 21
16 45
6 48
23 24
17 40
65 86
42 48
3 84
39 51
20 73
76 94
66 68
22 67
19 63
2 29
43 74
0 53
62 99
1 48
57 83
21 61
52 61
2 55
5 26
70 88
98 99
21 39
36 65
37 93
8 36
7 20
5 36
29 39
26 91
6 43
10 38
52 65
8 10
17 33
13 91
74 91
25 97
3 93
4 85
17 59
7 67
92 95
45 56
16 73
13 15
19 68
33 82
55 99
3 9
69 85
25 52
8 92
36 98
19 42
2 14
22 53
71 99
9 64
10 94
23 48
1 35
6 8
87 92
34 72
32 56
30 63
18 33
53 84
15 98
49 92
77 90
45 49
25 27
39 63
31 98
28 96
83 97
47 79
69 94
19 51
0 57
33 77
32 89
3 20
60 67
19 25
5 22
14 67
59 73
33 62
9 83
6 37
79 89
38 95
3 75
36 59
54 69
28 65
29 77
18 50
5 65
6 81
12 60
40 91
1 97
11 17
12 26
15 63
89 97
20 51
70 77
28 51
