nnodes nedges type
100 800 graph
nodename posx posy weight
0 -1.1748082235787258 1.7513821622751635 204
1 -0.7611419902008136 2.1457851585797805 323
2 -1.841536415849275 2.7987602032521526 41
3 -0.1384115841524648 3.5617313546356066 304
4 -1.210423676110436 3.089898468469891 362
5 -0.5234269020973676 1.4445675706574683 461
6 -1.7119011202431653 2.1428610009589595 285
7 0.64044182686271 2.6244673995822905 320
8 -0.6194433830823182 0.8954923304578346 362
9 0.08842379508990482 3.702774072678548 432
10 -0.6034406102807659 2.3351655911792015 8
11 0.17738540411239465 2.8621027636645975 465
12 -0.3064106278606356 3.9481324369548343 255
13 0.3759589185092571 1.906477530651724 202
14 1.1833809447096382 2.5215537353502486 252
15 0.6782407351797934 1.8557902962153316 169
16 -0.22446188141672072 1.1385659486564816 305
17 0.3490243406005145 3.5980125236306084 398
18 0.6470236802803758 1.6416908222284627 323
19 -0.43863834613956676 3.9858866410396216 45
20 -1.675143407416621 2.9284618050721534 466
21 -0.7834210620448818 2.549963730085231 112
22 -0.20391468892915318 0.7461660575005947 316
23 -0.9471485766274825 1.7682619453713746 250
24 -1.3284762350103696 2.76708945392003 313
25 -0.9061836150073652 3.4735556793916906 189
26 -1.4874112012263896 2.2064994893285257 145
27 -1.4581064322199786 3.1441040114556635 271
28 -0.1577550875421616 1.8091701894638759 123
29 0.7170367701675193 2.2000209002805993 55
30 -2.075066012947471 1.7627765090694218 337
31 0.04180494154872213 2.6325967270523813 255
32 -1.6185745068501995 1.477127838565171 312
33 0.5737957757495679 1.899086596321337 377
34 0.3475337524600411 3.1606993586982512 275
35 0.15411532195951005 3.4533914157160073 162
36 -0.5366900764348035 2.8843183292907293 186
37 -0.2802342036915307 2.3158012629513056 146
38 -1.3003488373207923 2.3386235078782676 132
39 -0.9664019304980209 2.2087709205434614 267
40 0.7574335054254216 3.3150610098780526 378
41 -1.038756259977915 1.1219281613143264 97
42 -0.3934980323130846 1.1158845917667521 288
43 0.2238840526038589 1.2677252897041142 136
44 0.10384629852664277 3.0136273275434524 84
45 -0.22312940723221322 3.145076552881757 228
46 -1.6075920039521534 1.9393415355019465 100
47 0.46784903260431826 2.6899450537494607 221
48 -0.7437595297752911 2.9883793897263176 30
49 1.2247805910863352 1.9959278436519408 409
50 -1.202088680331091 3.679977866280982 85
51 -1.2664845925199457 3.5840978136504673 133
52 -1.9079402956268228 2.37965728029886 152
53 -0.46873395014313635 2.004233903359306 405
54 -0.05143387640312017 2.267341763193056 459
55 -1.276340648036134 1.3782023389703297 249
56 -0.7443576607164047 1.9158154186053233 473
57 -0.1737956817783677 2.9206101029239093 183
58 -0.5263995021037717 3.171304948252845 112
59 -0.10623569897653683 2.0410288584783807 112
60 0.2828606780765344 3.5654138375104933 123
61 0.5284517463279463 1.3916395849403 129
62 -0.49939602832782043 3.396020056806167 235
63 -1.0094066049244712 3.271431837745668 310
64 0.5728839833707666 2.9010197140387866 466
65 -0.049215583826458895 2.793553050238579 212
66 -2.038674347901076 2.0927875642510387 390
67 -1.0855266956379133 2.0807778187463852 188
68 0.6287163459388355 3.1183998000873197 324
69 -0.34032814922112226 1.6348827864665836 394
70 -0.8823426927230953 3.6573753113899428 273
71 -1.81241590181921 3.2258982172175465 50
72 0.816638597062656 3.0422313002849175 491
73 0.43458706350768234 2.364668627340994 495
74 -1.6024192411060667 3.347632722653949 372
75 -1.4261639151831176 1.8125723362800992 400
76 -1.4324543623359418 1.5265081053434568 118
77 -1.375337618182272 3.45534455246866 463
78 -1.5396298354174944 2.4559913858572453 145
79 0.3021134215259586 1.4807454455623148 47
80 0.05993226566123824 1.7382728285399636 262
81 -1.2656794489089038 2.596335743007211 476
82 0.12231113699026264 2.2326505424762892 52
83 0.3714015028182806 2.1405107339084295 49
84 -0.7283504241703836 2.7442102949792497 24
85 -1.0153740747142264 2.8989139240570436 301
86 -0.7114277948761099 3.8366729253487115 497
87 0.026604951033015137 1.4970035538245892 190
88 -0.3430560212359049 3.5381872281085 106
89 -0.1914088320938053 1.4591963537681747 499
90 -0.877599064417412 2.895675372500598 125
91 -0.9924209887753441 1.3735314219990866 83
92 -0.8623435837167551 0.9328660342254053 58
93 0.8595442162720786 2.2901063587204997 451
94 -0.8437750545779515 1.4242779198673738 164
95 -1.1720897691505503 4.164754728167475 130
96 -1.5423371191191642 2.7333649220174583 487
97 -0.344372416754335 2.5606830691678986 111
98 -2.212486535316501 2.757840886268762 202
99 -0.7269141583887558 1.213409848844844 418
endpoint1 endpoint2
5 31
11 68
59 78
6 28
30 41
4 36
34 52
9 62
17 46
0 98
13 32
14 31
13 58
6 98
12 17
1 28
65 96
19 65
2 27
0 55
83 85
80 94
34 85
26 54
35 65
54 61
34 79
15 83
1 89
37 44
11 41
90 95
2 99
42 67
48 50
47 90
45 54
16 75
41 85
25 58
21 68
19 44
43 91
35 70
87 96
70 81
1 33
23 50
47 49
60 70
10 92
37 68
7 15
0 90
20 21
11 72
24 80
81 97
39 82
72 74
52 74
50 70
63 88
29 88
79 82
75 82
40 48
38 90
43 45
37 63
77 88
18 57
66 84
21 99
20 71
46 85
5 96
57 99
37 99
5 10
27 53
1 58
23 75
38 97
73 99
35 85
61 87
3 60
59 75
9 81
36 95
37 87
7 34
63 65
27 65
74 75
53 91
36 37
51 71
65 81
37 56
77 81
74 85
40 93
12 62
3 83
44 67
12 20
1 25
8 76
30 99
22 76
1 51
57 78
4 24
2 56
63 96
5 29
20 27
62 70
3 37
27 32
82 99
36 70
7 27
5 39
35 43
40 62
38 84
7 49
67 76
44 58
45 59
23 99
17 88
41 82
47 69
1 52
23 89
58 79
15 44
34 83
62 73
59 89
12 71
23 55
6 21
1 46
4 45
28 34
2 45
0 69
24 75
50 77
53 87
10 12
28 79
76 81
66 91
67 91
3 13
25 56
21 66
84 96
35 72
33 72
46 58
5 15
60 64
28 57
15 90
48 70
20 23
5 41
77 98
24 82
23 42
16 31
25 68
4 50
11 74
52 84
8 53
50 68
13 80
16 53
38 88
72 82
36 56
49 80
17 48
31 64
28 70
20 91
77 86
38 50
40 88
25 31
56 91
11 28
42 82
1 6
69 90
44 92
0 61
24 42
5 8
21 53
37 75
2 63
26 32
20 30
3 62
24 89
81 88
39 69
37 85
31 35
23 25
40 57
12 34
36 39
31 73
28 93
11 63
6 85
38 53
3 85
10 24
67 73
41 69
48 56
10 98
8 78
0 52
20 63
62 98
18 91
22 61
82 97
4 32
37 94
52 90
34 48
7 21
26 90
76 96
36 46
10 57
75 88
6 76
5 80
2 23
44 82
41 80
55 96
21 71
32 65
0 33
53 58
9 65
59 91
57 63
72 97
3 44
7 18
22 46
5 46
61 65
29 33
48 65
33 38
4 53
34 37
15 69
7 40
31 63
37 40
17 27
26 79
16 48
75 81
38 39
8 22
13 47
76 83
55 67
10 20
64 73
22 92
41 89
33 84
5 99
50 52
9 96
58 84
21 64
45 67
3 21
27 48
21 42
93 99
26 39
7 11
77 96
6 36
39 78
34 60
48 94
79 94
9 54
74 76
16 55
53 94
86 96
1 72
37 59
11 56
18 53
74 86
42 54
6 80
38 48
4 96
17 72
22 87
41 66
14 57
47 85
18 68
16 92
13 28
19 57
70 76
20 50
4 29
84 87
12 77
27 47
59 79
39 71
4 59
5 58
65 85
74 81
6 75
53 65
12 58
43 60
67 75
13 59
0 16
47 82
67 81
56 74
13 21
44 85
20 57
71 79
57 82
58 64
19 36
43 99
2 52
12 68
59 68
37 92
28 39
8 37
55 57
11 80
39 90
60 61
34 40
52 66
29 64
35 53
11 54
25 96
62 63
28 76
35 97
24 58
14 45
46 77
1 8
46 55
62 77
53 56
37 69
0 89
33 36
25 71
72 73
81 98
36 87
39 83
38 67
26 77
35 58
53 83
12 40
77 89
9 21
14 18
18 56
25 26
30 81
0 4
42 87
69 93
64 97
28 31
43 81
5 11
25 38
38 96
45 91
37 78
93 97
34 64
35 82
14 64
29 56
59 72
4 62
2 90
15 76
7 35
72 86
40 54
13 38
42 52
24 98
17 78
21 87
18 92
10 65
51 54
5 30
20 26
3 34
33 54
81 92
39 65
30 46
4 37
36 69
8 32
6 29
31 47
11 93
33 40
24 67
6 55
72 93
4 67
10 58
52 69
17 45
34 47
31 53
78 87
29 69
11 51
18 42
74 95
5 73
89 93
67 77
39 44
31 83
42 89
66 67
44 87
24 53
20 59
68 93
45 77
52 56
85 86
84 88
32 78
70 95
27 38
60 72
1 47
57 58
4 44
5 33
11 82
62 82
73 90
54 84
63 82
61 62
18 37
75 92
3 94
10 15
43 55
64 80
9 18
42 64
55 70
38 58
54 96
16 76
56 83
22 89
45 70
80 86
27 63
60 71
19 21
62 85
52 75
17 31
41 42
15 65
63 91
13 81
26 75
29 87
75 85
4 95
10 54
17 49
8 26
37 62
5 69
64 77
22 80
19 78
11 29
39 56
47 72
27 30
1 7
69 91
56 64
43 83
26 57
32 92
28 55
22 37
11 64
3 63
9 80
25 78
4 56
28 45
7 29
16 43
6 50
36 38
1 76
50 88
41 53
28 92
5 78
89 90
6 84
56 97
31 84
42 92
18 64
66 70
2 31
85 97
44 90
24 48
68 80
19 35
35 93
0 41
3 36
24 95
21 25
54 57
2 83
88 89
1 69
2 77
52 71
78 85
26 71
67 79
31 93
20 86
76 91
26 97
13 17
44 81
55 97
47 68
69 87
57 86
39 98
91 97
56 61
22 55
62 78
12 64
23 54
47 53
59 62
27 94
38 76
73 88
1 94
51 84
34 36
17 36
7 41
28 82
75 94
12 45
53 86
3 64
64 82
31 90
37 51
44 50
48 53
40 82
38 56
45 51
51 96
10 23
39 61
32 97
24 62
7 84
68 70
9 97
35 75
0 39
23 79
25 33
87 91
38 71
50 69
16 54
38 89
1 73
51 67
31 67
37 60
11 57
9 25
5 67
15 23
17 73
20 66
42 83
12 24
15 61
44 93
0 62
32 94
96 98
3 27
10 66
57 74
1 63
73 96
45 87
28 49
84 86
14 68
53 55
33 49
23 34
28 47
37 84
2 86
15 72
7 31
26 80
27 66
24 64
33 43
6 48
17 40
50 86
13 34
28 94
29 72
52 96
39 51
44 62
0 31
48 57
45 63
1 30
10 99
8 79
16 82
13 22
44 84
71 76
1 48
57 83
23 93
84 93
35 95
14 79
46 47
60 77
23 59
25 85
82 94
54 63
28 38
86 95
7 20
24 71
16 36
10 38
49 65
13 91
35 50
12 48
54 75
36 53
47 88
1 23
44 83
14 44
3 9
23 90
32 66
3 47
21 32
34 72
8 43
0 88
32 56
11 86
39 80
30 63
73 94
15 68
8 49
31 62
10 11
31 68
65 90
18 59
77 90
48 55
6 94
55 66
19 77
69 94
19 51
85 91
26 58
14 89
20 52
60 67
47 60
19 25
26 36
7 10
61 89
3 58
59 73
29 57
16 18
23 39
30 38
38 69
51 95
10 40
40 47
31 39
65 83
28 65
37 58
11 59
3 81
4 97
10 28
1 97
67 69
64 65
56 94
19 82
46 94
53 97
18 69
68 79
0 48
20 51
70 77
10 64
57 72
45 85
