nnodes nedges type
100 800 graph
nodename posx posy weight
0 0.2811013411688354 -1.7999458753717816 387
1 -0.6242636318331224 -3.0841167218386163 489
2 0.35237077007255896 -1.3112221474400592 171
3 1.8866465508054815 -1.6548284785470604 53
4 2.335172167390016 -2.9883423478691022 131
5 0.6337441612101828 -2.7795660094208627 68
6 -0.2325607706313797 -1.1547670608011789 198
7 0.9479279333136379 -1.2401725858268107 313
8 0.09573466037866891 -2.3287372388702328 7
9 1.844506132298482 -3.2819240053972925 160
10 0.7525467466125073 -3.2756814412269764 195
11 0.10789351400350625 -2.1291253759739504 240
12 1.8608122249896741 -2.078943109329901 120
13 1.2067565815828483 -3.090181856110017 241
14 2.3028623162124644 -2.6619598994998737 360
15 1.3118985156949947 -3.4990665793978284 245
16 -0.060105085882425156 -2.0529406727262174 96
17 1.320707238897999 -2.861308575763209 94
18 2.2330329349775395 -2.102047534180024 68
19 0.12051273126762076 -1.164154054568085 376
20 0.5651314889348957 -1.6625344963050623 398
21 1.975067389179776 -3.0122633898105455 282
22 0.47545375966146924 -2.1795940939666147 178
23 0.4038275699448414 -2.37072184340094 133
24 1.492376524731095 -2.604724549508822 47
25 -0.283367163205586 -2.823763760307204 252
26 1.5112338616330994 -3.4621388357716616 147
27 1.4255332583633082 -3.260592708492947 303
28 -0.14315076885188546 -2.938265930824792 341
29 1.0536228489657788 -1.1154447723679453 485
30 1.2094397854382428 -1.4446327874606766 333
31 0.2234254273396032 -3.376996290371448 297
32 1.487805865617559 -1.1672760880718982 473
33 1.0922451465107927 -1.7773611887417207 148
34 0.9048555829381273 -1.6466446069734542 312
35 0.7384626053145082 -1.8036010193928869 248
36 0.9614278997215292 -2.251891598134993 478
37 -0.1849229380681933 -1.4706669509134422 158
38 0.7877356597045891 -2.4000412855947837 432
39 1.2222853105944 -0.7684008783437337 139
40 1.0611007560422492 -0.5409034538255899 135
41 0.2853241727914126 -3.185422401605325 134
42 0.06487080180269444 -1.399409259449772 230
43 1.2007038959550214 -1.9495433146270529 89
44 1.7445988803005574 -1.2025030183752283 294
45 2.5098400289400384 -2.6604726101631075 266
46 0.6951722092389298 -2.624515858234285 389
47 1.2177292789628784 -1.259836852762774 257
48 0.698888400105053 -2.048773768068623 166
49 0.4280966829360795 -0.9403632773959161 46
50 0.4688420793722972 -3.510662210516415 396
51 1.6105793013638712 -0.8381695650588352 8
52 -0.2783767932848333 -1.4865789613727405 418
53 2.2363450807827348 -2.4141328756714673 247
54 1.7134866855981241 -2.1735617177977384 354
55 1.5486743731886703 -1.5499352032555997 419
56 1.378616349252374 -2.1958849993983427 388
57 0.9206427604142875 -2.699155883068338 468
58 0.5998363378975607 -3.2272785680074394 225
59 0.30874923273751376 -2.1012013351023073 481
60 0.1748485667714485 -2.8897944319753646 165
61 0.772384977310141 -0.8118184705975675 414
62 -0.47979166250666994 -2.1870505341770765 159
63 0.1165195367039456 -2.570242048983426 60
64 1.8060825526495834 -2.968710608887583 338
65 0.08760904301318716 -0.7755440873411799 299
66 0.6434234854720841 -0.5487165291975716 13
67 -0.5066333896884905 -2.4618083164727844 313
68 0.08420383794343383 -1.6601567894339901 331
69 -0.13709477368420328 -2.373466582737654 34
70 1.4964398637999092 -1.7883447961921188 354
71 0.9308486565691637 -3.146403260871993 454
72 2.333598203324275 -1.561659861786003 275
73 2.2932966002408475 -1.7327389199971348 75
74 1.9560666289059112 -1.8428559953771653 307
75 1.1620558303398136 -2.3709461414415043 473
76 1.2050775346622944 -0.9762966786436967 259
77 1.4683615798486491 -2.2981018075728046 200
78 2.422368928832369 -1.9014986312310054 256
79 0.05543626411019878 -1.1241718941502052 325
80 2.074871662248135 -2.6319198156885837 305
81 0.3259063677051801 -3.5302628434050627 57
82 0.5638763603043434 -2.8841137764559246 438
83 -0.7435746691293031 -1.8020766832052029 179
84 0.9512179158590311 -2.8577485995764538 303
85 -0.7991469103549609 -2.1919399171595626 343
86 0.6074923195497093 -1.0530277401403638 212
87 1.626255837460092 -1.810833124075854 365
88 1.7821732417832514 -0.9733729867157271 379
89 0.47816902450201454 -1.4585109155242593 144
90 2.051133195971944 -1.205197746341891 263
91 -0.19139062805391854 -3.3098929876085483 32
92 -0.3605504921389473 -1.7337829008616776 326
93 -0.2189752253872067 -2.5783375153973047 286
94 0.5971933328624692 -1.323628006231401 170
95 1.555288029690278 -2.825932003010934 262
96 1.9786845158445727 -1.3920677383739877 88
97 0.9960131313900252 -3.612686844842023 214
98 1.595324704573466 -3.1905689633723004 464
99 1.675434952678934 -2.558771699819499 302
endpoint1 endpoint2
35 88
11 68
9 84
27 46
33 55
81 93
30 41
39 70
25 82
32 44
48 86
61 76
11 90
16 47
52 68
50 84
7 55
41 57
29 70
11 48
18 45
74 94
55 80
42 62
53 64
7 68
55 78
46 97
10 97
78 98
0 55
18 86
68 92
10 75
8 87
19 39
52 63
94 98
5 24
20 32
14 77
95 98
2 47
8 38
22 42
52 67
63 83
11 41
6 67
54 73
43 52
64 95
5 93
48 50
47 90
16 75
56 82
35 96
24 59
47 64
90 99
4 12
87 96
35 70
0 36
24 33
20 47
71 93
27 60
10 92
23 50
59 92
45 97
2 38
58 59
48 68
61 94
3 55
81 97
38 64
7 37
5 53
11 46
26 74
79 82
37 63
76 78
39 57
56 89
41 94
5 96
47 73
66 78
57 99
43 80
35 79
33 67
5 10
20 54
59 85
25 37
73 99
80 98
24 87
34 59
5 62
42 43
17 43
50 91
28 67
29 75
17 77
67 71
56 96
7 73
41 71
56 70
43 73
44 89
32 82
58 68
19 32
2 56
0 40
32 72
14 72
12 72
32 46
11 92
29 42
27 70
39 94
2 76
34 44
50 82
63 84
11 50
26 70
55 82
12 53
53 78
17 70
44 58
42 70
17 88
19 67
44 80
18 84
8 89
2 51
34 83
13 99
5 6
20 34
23 55
75 99
37 89
22 40
11 85
61 67
24 75
25 67
38 79
39 87
4 75
10 34
79 87
29 93
53 87
36 49
17 63
30 75
65 69
19 98
20 92
8 20
77 93
67 91
31 97
56 84
3 13
68 69
1 13
23 86
35 72
5 15
71 95
59 94
21 22
52 84
13 80
79 92
35 63
18 29
75 84
38 88
31 64
65 94
9 26
55 94
14 17
21 97
41 92
57 97
22 75
56 65
0 61
5 8
18 96
59 87
47 56
37 75
2 63
28 48
0 83
34 95
14 71
62 93
9 87
24 89
21 31
73 75
34 57
8 60
63 67
5 60
6 51
4 71
51 73
13 35
5 77
44 61
91 95
33 96
55 77
12 22
21 84
10 76
15 33
4 26
19 34
2 54
43 97
32 74
5 27
14 78
60 76
23 56
6 16
11 94
76 96
9 34
54 80
52 64
74 90
16 57
6 76
12 55
54 74
17 68
65 66
22 99
20 87
13 54
92 94
66 94
67 84
19 69
2 23
7 94
83 89
8 91
84 91
46 49
3 44
23 49
47 52
57 63
36 79
28 60
7 18
61 65
24 77
23 47
38 77
8 48
17 27
9 13
15 99
30 73
9 23
24 25
5 89
48 54
16 79
11 25
44 73
7 87
83 94
12 98
68 71
25 62
43 95
5 13
61 96
46 56
9 74
82 83
19 22
2 34
0 94
7 11
61 90
3 59
38 68
72 78
52 86
17 28
31 36
48 94
42 44
6 62
12 37
10 53
51 66
17 54
7 63
13 40
77 84
24 96
55 88
14 23
30 90
14 57
40 96
68 78
60 99
44 94
32 95
70 76
96 99
1 62
19 31
35 89
22 56
20 24
12 77
3 32
30 40
21 29
37 83
52 93
17 21
32 43
63 77
48 85
9 63
16 46
23 27
0 97
11 49
14 30
43 60
13 59
19 88
41 75
66 69
23 92
8 86
58 64
34 84
32 76
5 25
70 89
20 39
59 68
2 46
32 34
0 66
55 57
73 84
54 86
30 53
40 72
54 72
17 58
20 81
44 54
7 66
42 66
55 68
54 98
16 74
56 81
44 76
7 88
33 81
46 77
18 80
58 75
45 72
35 71
33 75
14 87
46 55
53 56
71 98
10 95
28 62
7 12
9 41
23 41
6 35
1 83
17 25
29 89
49 83
30 79
31 71
28 75
13 45
37 48
18 56
42 77
24 27
47 96
9 21
77 89
44 45
45 48
41 95
42 87
47 78
12 28
58 82
8 68
21 78
2 6
26 59
33 76
46 62
70 75
25 38
47 63
5 21
61 88
12 80
23 38
51 94
2 90
22 25
11 36
23 28
6 60
54 90
8 31
49 84
11 58
77 82
24 98
40 92
4 98
43 57
56 95
22 85
42 94
46 95
21 87
22 79
24 46
20 60
11 97
1 60
25 47
60 91
80 88
2 59
50 97
63 97
22 62
29 49
59 65
33 54
23 63
82 98
36 69
28 42
63 79
48 87
61 75
29 43
27 71
13 69
16 32
39 95
54 93
34 47
13 95
42 63
3 89
20 84
7 71
88 99
17 89
21 80
22 70
7 93
80 95
21 36
0 68
29 36
3 49
4 74
49 70
35 55
53 72
8 19
65 70
77 94
9 18
55 70
38 58
48 51
22 89
41 84
0 15
33 73
60 71
47 48
21 45
20 22
1 81
16 52
36 63
8 26
42 75
55 95
16 67
8 96
21 98
15 21
26 31
0 6
42 85
41 93
47 72
12 30
69 91
66 79
58 80
64 99
22 74
33 66
1 57
57 68
2 62
62 92
30 37
39 74
22 31
48 82
5 61
35 37
23 30
38 82
53 90
4 70
72 88
13 36
37 39
77 80
74 82
14 27
39 49
11 18
76 92
0 29
2 31
71 82
3 30
60 85
18 90
15 38
58 69
34 89
5 28
20 36
23 57
81 82
73 77
86 89
36 71
35 42
24 69
16 34
38 85
7 48
50 83
53 77
15 27
30 65
31 93
7 65
92 93
69 77
67 85
0 10
33 92
24 55
71 75
57 86
21 56
80 81
19 40
46 48
59 88
82 91
4 46
28 35
8 41
0 70
62 80
12 94
24 76
16 25
39 86
36 84
10 35
2 68
17 36
28 82
26 78
35 57
3 64
15 96
30 72
65 68
64 72
22 95
39 61
30 82
57 95
25 63
19 49
43 92
84 97
35 75
24 36
26 60
33 79
59 81
1 38
19 23
0 93
29 59
3 56
23 37
72 77
38 71
4 51
52 85
50 69
11 35
35 62
18 26
16 54
53 95
49 87
7 60
13 41
31 67
17 73
8 98
20 66
41 67
12 24
69 89
16 91
0 62
33 64
24 43
71 87
3 27
69 99
51 53
73 96
34 92
32 52
0 84
50 98
29 52
12 76
16 23
39 68
36 90
34 54
8 61
13 72
12 35
50 86
65 86
28 94
20 99
77 78
55 86
6 74
12 57
10 25
13 60
19 89
7 74
48 57
46 99
8 79
44 84
33 89
46 69
62 99
10 77
58 67
34 87
20 38
12 75
59 69
3 38
25 85
7 20
61 71
24 71
30 52
36 47
52 65
17 33
50 81
63 81
37 46
29 65
18 38
16 58
38 45
53 75
39 40
47 88
12 14
7 89
24 57
69 85
25 52
15 41
21 70
45 73
36 98
43 89
27 58
29 32
11 86
24 78
81 99
1 92
63 94
5 55
11 44
9 12
37 49
77 90
6 94
66 86
16 64
20 69
0 3
50 53
46 87
47 79
42 86
27 29
15 54
19 51
26 58
70 74
3 20
27 51
60 67
27 41
74 99
1 85
2 93
8 56
48 95
9 53
3 75
10 50
65 83
24 97
38 49
10 28
30 91
15 63
32 80
3 29
58 70
