nnodes nedges type
50 70 graph
nodename posx posy weight
0 -0.8203532328972057 -0.9675275976073744 34
1 0.24715396966801995 -0.8118130442983478 32
2 -2.850677650384398 -3.5981092161842065 3
3 -1.941752273965843 0.05637904240611554 49
4 -1.650473474665412 -0.6914505062831526 99
5 -4.086604339562509 -2.8378857481552355 93
6 -2.034305011708495 -2.201040460194818 84
7 0.2523010564321178 -4.3430642199325495 2
8 -2.2148524713255378 1.0515888824995878 37
9 1.1638722578748026 -0.3019845259048646 18
10 -2.352955889030311 -1.1675589488703586 69
11 -0.8177167980636323 -0.6195813278870872 3
12 -0.2858004826862504 2.0549142115814782 64
13 -4.197230918663386 -1.1318757851834806 32
14 -4.856350855670531 -0.10489333828044535 30
15 -2.4897016571882755 -4.731769435066927 29
16 1.1505358591214525 -1.6275677606662207 59
17 -0.0003158940471025501 -0.4606641125975517 18
18 -1.5529848536227853 -5.4479473602201 33
19 0.01565104416243579 3.1622400888974065 59
20 0.15186923499714594 1.0660687029136395 88
21 -0.9959849847886308 0.40809553580504493 95
22 1.4472094497151455 -0.5825472148750191 79
23 2.242084228432876 1.5049330374416947 44
24 -4.643857436201996 0.9796465349175768 95
25 -3.5037282901581612 0.743945215171861 29
26 -0.6853235903509861 -6.46208336121544 96
27 0.5808216604131522 -6.205611778405476 19
28 -1.3009050808957838 2.438985156309157 98
29 -0.2574325719573234 0.9530012818777431 82
30 -5.125364507963462 -3.280703626314499 4
31 -0.30157296767262287 -5.42106871517141 49
32 -1.6171406526498737 0.4986670223182152 82
33 -3.804303981887934 -0.9538954799280291 25
34 -3.2506849508024156 -0.36989252672407846 25
35 1.6258740858998546 -8.048389532055303 49
36 -3.3806239100205797 2.134373250676983 60
37 -1.098992845879898 1.2476429839102097 97
38 -0.025525477792015788 -1.9685364354329578 63
39 -2.921937330142345 -1.018644069127409 76
40 -0.7823931778829679 -1.9399881197456814 47
41 0.36153039765240563 -0.03991411462812401 49
42 -1.2745128716221517 -1.495828765059131 62
43 1.2928049561538346 0.8980956671257005 50
44 1.170367845384872 -7.115242242727986 54
45 -2.998930924189932 -2.3654365026888127 27
46 2.6261223441915287 -0.44161952192135956 22
47 -2.745336760495036 0.9998620493311988 84
48 0.26094009839790405 -3.175888782338473 39
49 -1.918617195201218 1.8860880650443306 12
endpoint1 endpoint2
28 37
3 11
20 43
17 20
9 41
2 45
14 33
0 10
1 11
11 38
10 34
34 39
5 30
4 42
12 20
35 44
38 40
36 47
6 10
39 45
40 42
20 37
12 37
22 41
15 18
0 4
18 31
8 37
38 48
3 37
8 25
4 10
11 42
6 40
23 43
27 44
14 24
4 21
22 46
9 16
13 39
9 43
7 31
1 9
6 45
0 41
27 31
25 34
29 37
8 47
0 1
16 38
3 47
17 40
1 22
32 47
3 32
29 41
5 45
12 19
21 29
11 32
32 49
26 31
3 8
7 48
24 25
10 33
2 15
3 39
