nnodes nedges type
50 70 graph
nodename posx posy weight
0 0.3362273643842072 2.6274774783729766 16
1 1.4009063140809541 2.860127852366911 89
2 -1.7668843919521589 2.3436612172134415 32
3 4.156732418456705 1.795931444524573 54
4 2.6092113112158537 3.0333752589981837 94
5 3.2589765597518574 0.6257306011323854 64
6 1.5025813880020489 1.3560631073309264 78
7 3.315638226932886 2.7019183407713974 91
8 -1.2221983720259764 -0.3124164827877633 85
9 0.7143339752696242 -0.03487114386465757 36
10 4.147465886587364 0.5774442509166957 74
11 1.1901661391814498 0.6397173629366041 38
12 3.317394484984353 -0.3186168133988345 56
13 2.1141913257548333 -1.2433360117199896 72
14 0.6119135714987393 1.721106053790214 13
15 3.010606720748974 4.174073542578069 39
16 2.955281696435609 -2.3136871044925056 31
17 2.934312160943579 1.3134696226929437 7
18 4.189450633395038 1.235790460675962 97
19 1.5690336299120071 2.172795767109972 14
20 5.396015761328104 0.2413268418560197 83
21 1.4286250528312927 -0.34522683614236954 30
22 -0.8806649158695331 2.799235064422061 28
23 -1.545978612780573 0.9231056692287755 48
24 4.0366241712916295 -0.7957846699098144 69
25 4.428217787654129 -0.17695049550954534 32
26 0.34853999233650557 0.2705366283077942 3
27 5.188623405663947 2.0625156899013 80
28 2.146458663230959 0.8435773166421281 64
29 2.2096123629778033 1.4984209919499285 25
30 -0.3223062021720306 0.08103008867922622 68
31 -0.6828214502509068 1.052542872453081 73
32 -0.25808721142425894 -2.525412628604475 88
33 1.2678419905805012 2.3789480247096497 16
34 0.32695113287975586 1.4926633573010473 25
35 5.437600408240123 1.092416108582511 44
36 2.2425993905013657 -2.2107906746198767 98
37 -0.4075331649462705 -1.2670208394345874 83
38 1.118574860077265 3.736279276529416 70
39 2.7616238030126254 -1.2487250721589254 6
40 -1.0623216047835697 -2.275342011626418 25
41 0.1648262080448276 -1.363056877280418 58
42 -2.686024940527315 0.5122079401142553 76
43 3.6598290355034044 2.1148691875043086 56
44 -1.8310923618207169 1.9659883947499797 55
45 2.789038854485062 2.463678784916137 76
46 1.7802623967662214 0.27104955450536505 98
47 -0.013920590924017892 3.782336386835996 67
48 2.350815527541889 -0.9992331291691284 62
49 0.9168739924436392 -0.7810584026944661 88
endpoint1 endpoint2
9 26
4 7
11 49
0 47
9 34
33 45
37 49
17 29
21 28
9 41
22 44
14 33
2 22
11 14
1 29
32 40
21 39
17 46
23 30
14 31
46 48
4 19
3 45
12 13
16 36
3 10
13 36
5 18
10 12
18 27
5 12
2 23
5 25
13 49
23 44
32 41
8 37
5 29
4 43
43 45
0 22
36 39
18 35
19 28
24 39
14 19
6 33
10 43
21 30
10 24
26 30
33 38
9 49
5 28
0 34
37 40
0 1
17 18
33 34
26 46
9 46
16 48
23 42
0 19
4 15
8 31
11 29
10 20
7 17
6 46
