nnodes nedges type
50 70 graph
nodename posx posy weight
0 2.3650498499114505 6.166395554563439 60
1 4.258426652321107 7.618586204264162 50
2 -1.2128382014087302 7.937955223651104 13
3 2.6735393101183536 11.833931939877454 36
4 2.5130886166395587 9.797063052127568 88
5 2.554127031215927 5.112706196817098 64
6 1.6819201980858105 5.387897902029752 44
7 -0.2707399059169328 5.862604926288957 80
8 -1.6195860479043362 10.678454598558067 79
9 3.3671292366285615 10.713727131078441 29
10 1.6240527238824292 7.671156429363261 56
11 0.02640496666761478 7.130103694857779 83
12 -2.372610922858223 7.908108616655888 52
13 -0.06723916424746716 8.342123490358954 18
14 2.087789028626352 7.429848835388111 73
15 -1.8681798437819943 12.063959136874223 29
16 1.8253188977017023 9.856822847797753 45
17 3.6001581536130263 11.785568653683514 100
18 1.2692262339635327 11.886335537936318 43
19 2.5880187608769187 7.506088391412234 81
20 6.434473990072433 9.563904604863007 36
21 0.8295280743336717 7.348835401100237 55
22 1.7313412412890776 11.308217589962346 18
23 4.5857936531368395 10.465462523566366 17
24 -0.3978847120912155 7.405083862328369 56
25 4.820547920081303 8.258679376983505 9
26 1.1286899399642778 7.911894906023138 54
27 3.65618322529057 7.692569148025171 57
28 1.1515079107793142 12.453751208343437 17
29 -1.0672455731246486 12.642491586545516 85
30 -1.1359181764477781 9.608891627544239 44
31 0.14961907534257804 10.921198761937404 36
32 -0.1076607307682638 8.740899674936935 60
33 1.4578191846307031 9.62407351727949 82
34 1.107893394891127 6.402553928596382 18
35 -0.8736069465714515 11.513243209824783 81
36 -3.4195157561601186 7.555158959483184 36
37 2.318603840808601 8.803699801461088 91
38 0.38397541645764616 9.602658382127109 62
39 5.32282004559548 9.446684852223852 7
40 1.9398451148265565 10.724126418264055 25
41 3.5320342761260544 7.0172618446267805 15
42 3.043253875258257 8.124045018976664 40
43 0.6274610384433807 9.112025882869071 25
44 1.5847535703615048 8.698617376606826 75
45 0.8416922191267637 10.393535305915167 31
46 -0.18835843305279168 9.523682187688488 13
47 2.628387478703556 8.208163568304006 88
48 -1.8503603351666165 6.921043148638905 37
49 0.7589857275204088 8.500206959767214 87
endpoint1 endpoint2
8 35
11 49
40 45
30 32
10 42
13 46
33 45
5 6
0 14
32 44
19 37
10 21
12 36
25 27
22 40
2 12
29 35
1 42
7 11
3 17
13 21
26 44
2 48
4 9
37 42
10 49
41 47
15 35
25 39
14 27
16 22
20 39
44 49
9 17
18 31
31 35
22 28
27 41
23 39
43 45
16 44
46 49
13 24
14 19
31 46
10 19
2 32
8 30
3 9
14 44
0 5
2 24
38 49
33 43
13 43
38 46
44 47
4 40
37 44
9 23
26 34
0 6
3 18
31 45
26 43
6 34
33 37
14 21
4 44
21 24
