nnodes nedges type
50 70 graph
nodename posx posy weight
0 -5.91334725867986 1.7834181974871577 78
1 -2.5495309609588466 -4.135206353851021 8
2 -6.8049846117324755 -3.2034120755958564 85
3 -3.749552684924444 0.19057629246074795 16
4 -3.287098032904359 1.2372171529648672 15
5 -5.143629901685249 -2.8689449169558827 29
6 -4.5226249055755785 -0.14340133484486486 58
7 -4.283055901643678 1.4090615011784562 32
8 -2.2726821894589637 0.9460895889673581 2
9 -4.2147858666379205 0.745846580391578 26
10 -5.883046059813468 -0.4631148356523443 34
11 -3.323364216634033 -2.2451690884535496 100
12 -2.9553978613788425 1.4916664954526926 15
13 0.6865268613339007 -5.25870051351165 14
14 -0.8216563838949328 -3.749783272047006 64
15 -3.892796008521549 -1.0811264680545896 99
16 -3.174375691131041 -1.0909356984655936 3
17 -3.861400780266568 -2.4109734457147285 69
18 -5.022868489637637 2.2823272479636665 69
19 -0.8110787515164518 -2.0143809885120665 8
20 -2.875907104311119 2.4401291084622994 27
21 -1.3600260524436614 0.5884870140649765 99
22 -4.552787140961115 -3.045079566628467 36
23 -2.738375469647567 -0.31575274957782884 14
24 -2.392728379761245 -2.0973045573648426 38
25 -1.2020272115388502 -0.06396630097379202 79
26 -4.767243183202592 -0.8714703242876812 90
27 -4.526608879947475 -2.0768778513195927 62
28 -2.0457688713207354 -0.5849827274838517 36
29 -2.6690284051640316 -2.8854092858272486 18
30 -1.645829723056008 -0.9594432400266101 47
31 -5.544410182921138 0.7070178654852471 27
32 -6.656075927277453 1.0634175668981698 75
33 1.4254366732357997 -5.969963709314438 48
34 -6.5027319656876745 -1.5210698431419116 53
35 -1.0183340391804163 -1.543985896484576 65
36 -3.1332231861650714 -0.07214254272081107 6
37 -1.5188788322342424 -0.6901178816596614 82
38 -5.2551734700462465 -3.9850835004257723 21
39 -2.3527282701183654 0.1283545357417208 69
40 -3.2949240883426834 -3.5538976697120144 69
41 -1.5993615020140641 -2.8786039903277056 7
42 -2.5524555749011895 -1.422375509185518 67
43 -0.05840975823995956 -4.52377087514825 50
44 -5.8602162669878926 -2.5767947786763905 34
45 0.25304547200078764 -1.3644444848743302 37
46 -2.1101203429489694 -1.830971490442323 91
47 -4.611917935360135 -4.289291251475998 98
48 -3.273777158926728 -2.573860464583551 6
49 -3.595883245646228 -1.4503022402330257 68
endpoint1 endpoint2
24 41
3 15
4 7
15 27
13 33
16 42
19 41
35 45
11 40
22 44
21 28
5 44
24 37
16 28
27 48
10 26
15 36
1 29
16 24
31 32
24 42
21 39
10 34
8 36
29 49
25 30
4 9
6 7
30 46
22 27
37 39
11 22
17 24
28 46
11 46
22 38
9 36
23 25
10 31
14 43
11 42
23 49
5 17
3 23
0 18
7 18
3 9
34 44
16 26
9 31
4 20
17 49
13 43
11 15
4 39
3 12
8 12
29 41
35 42
42 48
22 47
14 41
11 29
2 44
8 39
39 42
0 31
30 36
6 49
19 30
