nnodes nedges type
50 70 graph
nodename posx posy weight
0 2.2503397553105 -2.2963006296355717 42
1 4.726836129044391 3.231025285931246 65
2 5.96085030297379 1.7120000610354504 69
3 7.234597148808253 -1.3790385110098309 8
4 3.5193153925676968 -3.6410626389123455 65
5 7.079519895594263 -2.7240098080677178 31
6 3.198838855214253 1.1646985918680943 13
7 1.4808481444337385 -0.8089162134729273 62
8 1.9440227417796119 -1.2178675058064994 35
9 6.8116817280270405 0.7956333195869125 41
10 3.0948999825132755 -1.5353262996991985 37
11 5.611448408008683 0.5329978003250389 35
12 1.92120321852107 -1.6156237143117642 15
13 3.529295168279165 -0.6938834864623442 41
14 2.263469893324577 -0.014384476534801599 11
15 2.187883512209007 -2.6352362896269215 78
16 2.792013292552599 -0.23671328985497808 71
17 4.77154496539949 2.117204592922475 49
18 3.139506274153982 0.2819781815413301 51
19 3.614326613909224 -2.1735829913695217 56
20 3.8637032332408427 -5.2109831421421795 88
21 0.8975643051078339 -2.6543042440365308 63
22 4.290908313232692 -1.4213605594923053 46
23 0.9881868877054981 -0.3482617029319435 75
24 4.3508438955990565 0.19451190362951412 25
25 6.394452619846999 -0.3590638464589863 8
26 4.642025852488684 -2.4365751279328505 57
27 1.0218793166429043 -1.708510691131068 75
28 4.593652882793731 -0.5727615153181859 61
29 5.688389702588427 -2.3505774410449964 6
30 6.493369542134227 -1.429201078478324 64
31 2.360532970189415 -3.5629305566754392 5
32 4.882268745571992 -3.2729278736110556 63
33 5.382182629858713 -4.018284671800711 52
34 -0.1546997844722084 -2.9836341004383935 89
35 2.527536586007941 1.6777824361114848 84
36 4.773020098960984 4.279800414579201 41
37 4.075660980777177 -3.9840689401822384 91
38 3.470559716547635 0.621492955201558 83
39 4.246363896770002 1.0311590718963806 56
40 5.426045716833317 -0.8409778060579451 41
41 5.443208698897619 -5.327782245126239 33
42 4.9114523768415825 -4.236106713750423 28
43 3.5430142031691227 -2.7317696668779914 24
44 7.500341501592911 -0.08645672873946313 92
45 2.902997374706568 -4.736453024422375 82
46 4.295039727360897 -2.2411354397841157 61
47 6.067727784188335 -3.462207407754998 65
48 5.264282694010627 1.081587737066889 29
49 2.853420773783478 -1.1417244971535179 57
endpoint1 endpoint2
11 39
0 27
3 25
6 39
12 27
37 43
7 12
22 26
15 31
1 17
4 45
42 47
10 15
10 46
22 40
0 10
4 31
9 25
11 48
4 42
2 48
32 33
25 30
2 9
21 27
4 37
4 19
14 18
21 34
8 10
18 49
1 36
10 12
8 27
5 47
10 22
14 23
29 47
13 24
29 30
32 46
10 13
24 48
33 47
41 42
18 39
13 28
13 19
29 46
7 49
2 17
3 5
43 49
38 39
17 39
13 14
10 16
15 21
25 44
28 40
13 38
33 37
26 43
0 31
35 38
20 37
23 27
25 40
11 25
6 16
