nnodes nedges type
50 70 graph
nodename posx posy weight
0 -4.706116434983022 -10.901044438246245 7
1 -3.7717933438248026 -5.272863537361282 39
2 -3.8758357645641617 -6.346376381725043 40
3 -1.305209664557055 -10.425751099596317 47
4 -2.232390605119847 -8.36461940408165 59
5 -0.1016544277842578 -7.076745681265283 3
6 -1.0941936616082684 -8.891118388854006 61
7 -2.6170914840498 -6.414571160301638 3
8 -4.463501976463731 -4.847910778739089 96
9 -1.7663868751456988 -5.852212353806028 85
10 -3.579251392264334 -8.790645704210514 82
11 -4.755867588515933 -8.224322492186575 1
12 -5.358798534696046 -5.403044986678506 10
13 -2.0821530969843436 -4.745093839492024 96
14 -4.650340932562043 -7.186456418453863 77
15 -6.1289803027563785 -7.946861202155723 24
16 -3.471690941547117 -3.972120808459065 93
17 -0.9894043570179581 -5.120504114797814 92
18 -2.5880247481116605 -4.740211775215601 36
19 -4.646189761545262 -6.206229042435663 73
20 -1.771171281148089 -6.416126975136165 19
21 -3.702347874192077 -5.566620372535585 15
22 -3.356760460320286 -5.406744908492152 41
23 0.1862721849798682 -5.253803193995269 43
24 -5.164542465016668 -7.7069318931153505 20
25 -3.5924282975390467 -7.69314021723426 47
26 -3.110478092271542 -6.635540524556456 64
27 -3.9596778542731497 -4.344301672271963 16
28 -2.8221937773735473 -8.816291428111624 30
29 -2.175114430655201 -3.5485647009715384 78
30 -5.82056142652887 -8.925607821233687 74
31 -6.188305913178488 -8.9171449967385 29
32 -5.914968222725357 -7.154091851560281 84
33 -6.126746191885171 -5.279882526656815 51
34 -1.977577806346874 -9.407353784127864 80
35 -5.645377319334336 -6.286005158812358 91
36 -0.3732104421502515 -4.146755960270187 43
37 -1.3516993167826732 -7.156257963305346 71
38 0.7279642507451063 -6.2775653243947565 62
39 -4.964319422474807 -9.557168435422616 35
40 -3.4395235625764244 -8.372475698013847 73
41 -4.785854862490105 -8.85455476315546 17
42 -0.34816472504161033 -9.71376325594102 9
43 -1.5204911832966417 -9.148775414343762 39
44 -6.360361118028002 -6.578573044750924 32
45 -4.2259556202140445 -9.749062091227039 22
46 -2.5445841307166432 -10.336764813594591 57
47 -3.9363198660477705 -10.504190769802472 85
48 -1.8235379341110185 -7.641793761746988 91
49 -4.971436539789955 -5.452675945559919 70
endpoint1 endpoint2
13 22
24 41
11 39
7 21
43 48
5 37
42 43
15 44
11 40
24 30
1 26
15 31
32 44
13 17
8 19
28 34
46 47
2 22
43 46
11 14
9 18
21 49
11 24
9 37
19 22
20 26
3 34
4 37
22 27
12 44
25 26
9 17
17 23
4 34
8 16
16 18
17 36
2 49
4 10
33 35
8 21
0 45
33 49
19 24
14 35
23 38
35 49
30 39
2 14
25 28
10 41
2 7
41 45
7 9
39 47
4 6
4 40
5 38
1 12
14 25
1 27
31 41
10 45
10 25
7 26
1 18
18 29
7 48
14 32
11 15
