nnodes nedges type
50 70 graph
nodename posx posy weight
0 -2.1702071034751813 -5.482093907856901 88
1 -5.525384864890604 -7.142191227580797 8
2 -1.85346889260461 -6.020033225408579 66
3 -1.6644643439256792 -6.85815433984877 43
4 -3.5741132371856117 -5.527217202775002 50
5 -1.4192429313349773 -0.8096408058686644 65
6 -2.8834969029947435 -3.671343587567836 91
7 -5.4375916998769 -4.805917079658061 37
8 -4.812551758186691 -6.1916266745319595 38
9 -4.978461164467132 -1.370862962247965 77
10 -3.963151410488511 -1.0255527505442583 48
11 -4.883205704250365 -5.20361719354594 42
12 0.061269071146496115 -7.307394148385418 82
13 -4.685501682085393 -4.076415225304488 27
14 -0.6059321415908776 -3.9598814353952747 18
15 -2.846250264284143 -1.74257838295348 66
16 -1.318716919812586 -5.035892047926646 34
17 -4.098142343903329 -2.6751881968644593 65
18 -2.564408779044342 -3.325894811000019 99
19 -2.6152457740713606 -6.747276853207902 67
20 -2.3490908683351317 -1.7387200709473438 88
21 -2.391738843961746 -0.42362262610393725 11
22 -6.09166837204716 -3.826220488046306 85
23 -3.343396237565282 -6.467697274763916 74
24 -6.349516506556651 -3.1399604470458473 80
25 -0.5555537106872545 -6.329355946919949 54
26 -6.141192562750594 -4.576166238219685 92
27 -3.4243328680494516 -1.8252436864565538 93
28 -3.1203227465143057 -5.313480472818823 37
29 -5.250997777229048 -2.8680711505797953 35
30 -2.1066822393300804 -4.794845468025374 76
31 0.27848132976781054 -5.40117281012927 51
32 -1.2080839785449642 -2.571697193188015 14
33 -4.115841049684844 -3.1518851935483787 11
34 -1.5249507503638886 -3.807755965231792 42
35 -3.806735549118248 -2.1999223627723805 100
36 -1.8990611852831507 -7.324042230228862 17
37 -1.9779968650602981 -0.7300105384417734 68
38 -4.402965562913442 0.03497415800954426 28
39 -4.228536625052302 -6.309567400406429 56
40 -4.654996783715083 -4.897211938966116 90
41 -5.133032579225619 -3.7620273639984583 24
42 -1.336846273971995 -2.922477889049626 83
43 -0.14197322685219582 -4.1941065775408735 76
44 -2.66767003927859 -2.804416496264047 95
45 1.3929233405583823 -5.5266171337804995 34
46 -4.2078749395978345 -2.3572010651192854 97
47 -3.628235339497408 -4.514094406255267 87
48 -1.3522302410108349 -4.543952423142211 87
49 -3.5437525037978252 -3.937693528157731 93
endpoint1 endpoint2
15 44
13 33
34 48
8 23
25 31
17 29
24 26
26 40
0 16
18 30
6 47
31 43
14 42
20 21
10 38
34 43
42 44
2 30
2 23
10 27
30 48
44 49
0 4
6 44
39 40
32 34
23 39
7 41
10 35
2 16
33 35
19 28
28 49
18 35
41 46
4 47
6 33
27 44
12 25
20 32
29 33
2 3
3 19
22 29
40 49
7 22
17 27
27 35
2 36
17 49
15 17
4 11
24 29
14 16
7 13
11 41
33 46
16 34
9 35
13 47
5 20
31 45
1 8
6 34
2 25
0 48
6 49
15 37
7 8
20 46
