nnodes nedges type
50 70 graph
nodename posx posy weight
0 -1.8967285301144363 2.4206179532209364 71
1 -2.8803510471138134 -1.636824909821412 61
2 -5.0543935754935685 0.5782417785971469 96
3 -6.480784110990124 1.5423211264149308 46
4 -4.551049409431474 2.300886171434599 66
5 -0.8106699165866565 3.0751376016941565 93
6 -4.850078786358872 2.780037116524108 98
7 -2.11729279008374 0.7129653240431667 80
8 -3.635393278808685 3.5572627677263613 97
9 -2.559684506910912 3.6243918648896654 64
10 -0.006948715662707588 1.3039853887621529 65
11 -0.6881917812308151 -0.8325248941149607 18
12 -1.3406560635634386 3.5218025063357636 22
13 -2.951651308701243 0.5558957708072003 30
14 -4.5081305173766495 -0.1203146893543035 29
15 -1.350127900738013 1.5847862255222898 21
16 -2.85438225175124 1.2537944645387669 48
17 -2.0905455928244936 -1.7105555120532423 2
18 -0.1753806324583829 2.0517717031081095 37
19 -2.7892498089141933 -2.815861920635056 94
20 0.9420074875237575 -2.216108164772812 70
21 -6.325810003351487 0.26654671117925 17
22 -6.045650740526411 2.2891808737500736 48
23 -6.099592286261144 -0.5545112636527422 7
24 -3.0887958829390825 -0.5109885782339144 96
25 -1.1302784636267071 1.1159119926071541 12
26 -5.09837719483716 -1.2830870221752289 60
27 -2.5421679824461445 -0.8435616739421157 53
28 -4.88720077726807 1.6907868837928708 72
29 -2.4440673726369524 3.0478074333087717 18
30 -1.604211150414274 -1.4966091811209878 46
31 -3.745227530826219 -0.7554605450601074 91
32 -0.5091037685368163 0.6497519081587811 64
33 -4.049507007651814 -1.5340978068525193 61
34 -4.264330962979725 -2.7129918334020213 60
35 -4.1142313231970205 3.3552142319044407 97
36 -5.289683361274583 1.2780702551111123 74
37 -2.493915794344913 -0.2455265612178794 95
38 -0.029104935343419944 -1.7386706342762714 30
39 -1.5502989751755407 0.1815600917940337 36
40 -4.224278068433592 1.0128327657248213 1
41 -2.9649008872908285 2.896766438695711 3
42 -4.916682663281357 -2.418786095207358 43
43 -2.2587558392964584 1.8029949215263934 39
44 -1.0192624240213906 -2.3675716476142417 36
45 -1.6685051429523192 -0.45728386445169317 26
46 -3.7921379619452282 1.249921626425395 92
47 -4.915923218188978 -0.16703799747073436 50
48 -4.063868801294336 0.05203579148532527 33
49 -4.255601549307684 -1.0594099423457366 18
endpoint1 endpoint2
11 39
31 37
1 17
8 9
15 43
0 16
35 41
20 38
14 26
38 44
1 33
11 38
47 49
6 36
7 46
25 43
2 48
17 37
0 15
31 47
25 39
29 43
10 18
41 43
8 29
28 46
15 39
15 18
33 42
22 28
2 46
40 48
40 47
1 24
7 32
16 37
26 33
11 30
24 39
16 40
21 23
7 45
37 45
13 48
0 12
14 24
1 19
0 5
23 47
4 35
17 44
10 32
3 36
2 36
13 43
33 34
6 8
3 22
4 40
24 49
14 36
2 21
33 48
1 27
10 25
28 40
13 27
0 9
1 30
30 45
