nnodes nedges type
50 70 graph
nodename posx posy weight
0 -0.7581950507667037 3.202565742872473 85
1 -0.6555489740358645 0.7035313320496637 10
2 0.2610301442758195 2.128552966595021 60
3 -2.287633445008794 0.36962949142111867 97
4 2.202769661788916 0.987249507365209 35
5 -2.743532304283792 0.1683278076941523 99
6 -1.8412569632492701 1.4444756744702032 89
7 2.1651151302541605 2.372662570877896 16
8 0.29806453056034204 2.878332099656851 30
9 0.8130775022152404 3.811723360519015 7
10 -3.884327544808044 -0.5384235058257152 3
11 -0.6894277984919992 1.176610641250111 93
12 -1.5660937904685024 0.05414105115942639 82
13 3.1860285067200413 0.9464249867999741 76
14 -1.322189238076369 4.465544712152617 49
15 -1.5918138174617458 4.937516075833351 94
16 0.7607679201133939 4.659405851487182 53
17 -0.5060223031273329 5.272392052360808 57
18 -1.5533611081435499 2.209920389484965 50
19 -3.5045408688655955 1.1493454489679866 8
20 1.2451864534270696 2.9678684622231954 81
21 -3.0743553828422123 4.680530929002252 6
22 0.025933512984932905 4.390721666437455 92
23 -1.751953221064919 3.2179207553794615 97
24 1.2601980084695168 0.24049113771864755 37
25 -3.4910376781213697 2.2957452862096863 20
26 -2.0661400470552285 4.87063554102084 23
27 2.712247174824542 2.0808530480233114 74
28 3.422521179387827 4.116410955532129 42
29 -1.2397255026611635 3.646393051457861 86
30 2.7655673687464986 -1.1065013708019111 86
31 1.7632460788225726 4.219466129471224 72
32 -0.04847670582669519 1.706134960455983 91
33 -2.1479542066185324 3.5306901356147544 78
34 2.3215744927726756 -0.09825113380179198 23
35 -2.074243834211233 3.8366852945313084 22
36 0.8614297467399784 5.305068053173489 29
37 -5.5180397836297645 2.641927613450999 57
38 -2.5201200396207986 -0.7853805579966964 62
39 -5.668402319212809 1.7254263980628854 49
40 -2.3429816529014507 2.677752579831108 8
41 -0.7159492500830182 2.6019372434864243 87
42 -0.2856418904280294 4.094850817199583 63
43 1.383620667666809 4.490528532557211 74
44 1.9298312070439276 3.442540857240678 50
45 -4.688455857574695 0.5266678176023847 54
46 4.334755968400679 4.642966804300874 28
47 2.437914170958504 3.598701142166133 47
48 0.1799202025458626 0.6498339743658487 64
49 -4.6041820631591515 1.8782710173597585 39
endpoint1 endpoint2
14 17
29 40
2 41
37 49
1 48
9 22
4 27
21 35
5 19
45 49
14 33
23 41
1 6
29 35
20 47
7 20
11 48
16 17
14 42
15 23
31 36
26 29
8 32
10 38
23 40
31 47
8 20
5 12
16 22
33 40
19 25
28 46
3 6
39 49
4 24
24 34
11 18
1 32
32 41
16 44
0 33
18 35
25 49
9 20
6 40
20 31
24 48
27 44
2 20
8 42
12 38
30 34
28 47
32 48
22 29
0 41
14 35
0 8
11 12
43 44
15 17
44 47
13 34
29 41
10 45
2 11
13 27
22 36
22 43
25 40
