nnodes nedges type
30 200 graph
nodename posx posy weight
0 2.413046324288053 -0.23280002076943157 1912
1 0.6926304928361077 0.6158649117887185 3755
2 1.1046585875608124 1.5675948861920308 1303
3 1.1501128694417284 0.106434420511423 4459
4 2.036201540829586 0.997281628736776 4068
5 0.38230520218220637 0.6775667547849684 3760
6 2.6030738538387124 0.2741660817956963 4073
7 1.4677345817574143 0.7855764991323428 3339
8 2.6097522118044503 0.7243621338334454 2611
9 1.6344889717832658 1.101305500356644 2578
10 1.5457256533687234 0.20549494045831682 3498
11 2.1606851298487606 1.393292560813198 4143
12 0.8629261316276047 0.05587118916362203 1727
13 2.2667832332819264 1.253432996953715 1946
14 0.688697719496823 1.292580213261297 2160
15 2.0164351147140915 -0.018676813533827902 4792
16 1.906301061820951 -0.5906714130151205 3374
17 1.0075584202638224 1.17783122944199 2880
18 0.13309626746435715 1.0657641562008426 1891
19 1.852701896041946 0.6614408514559066 4045
20 1.371078999722771 -0.2664081448803812 2089
21 1.42044808393419 1.664722005651387 1277
22 1.0826926620570618 0.3766089843430802 2489
23 1.7193943913810714 1.492560144122658 4986
24 1.96435932702023 0.20609332549850104 1124
25 1.609700986468061 2.1622631892992343 1864
26 1.2696757228278752 0.7470814439902952 3631
27 2.1920188135582803 0.5152036776023073 1219
28 2.585529189862597 1.2656134084886137 4068
29 0.9316086598568808 -0.42899656570842293 3948
endpoint1 endpoint2
9 26
15 27
6 9
14 17
0 20
15 20
7 12
21 28
1 17
26 28
7 25
13 17
17 25
23 26
3 7
2 5
1 11
3 24
8 24
6 7
4 19
24 27
14 18
5 18
6 10
16 22
12 17
11 27
17 23
7 28
27 28
2 27
8 15
23 25
9 14
10 13
8 21
19 24
6 23
11 21
10 23
7 22
16 19
6 26
2 17
2 28
1 12
23 28
4 15
2 11
4 26
10 14
19 23
10 29
15 16
6 16
1 21
0 27
7 21
22 23
2 18
1 26
17 29
22 26
3 11
1 15
8 9
4 12
8 28
14 22
20 26
7 15
12 13
0 24
7 24
16 29
12 24
2 23
0 11
17 24
1 10
19 28
9 20
24 28
10 19
7 18
22 29
12 29
18 21
0 8
23 24
17 27
3 5
2 7
5 10
4 6
8 22
14 25
4 17
15 28
10 20
7 17
6 27
16 20
11 25
18 22
1 3
8 13
4 8
3 21
8 19
14 26
5 26
4 22
10 26
7 11
15 19
5 23
11 19
1 20
0 28
7 20
2 19
0 15
13 25
3 10
1 14
3 16
9 24
8 16
14 23
20 27
19 21
21 26
12 14
0 12
13 28
1 9
9 27
24 29
20 24
10 16
1 18
17 21
1 7
17 26
3 4
2 4
5 9
10 11
8 23
19 26
9 22
24 26
5 19
11 23
7 16
11 24
1 29
13 21
27 29
1 2
8 14
2 26
4 9
2 9
9 15
5 12
9 28
10 27
9 17
6 22
5 22
0 29
7 23
17 19
22 24
13 24
3 13
8 11
9 10
4 25
3 19
14 20
4 20
19 20
7 9
6 19
12 15
1 22
0 26
21 22
12 26
2 21
1 27
13 27
18 29
3 29
2 15
8 27
