nnodes nedges type
30 200 graph
nodename posx posy weight
0 -1.9878743453547207 -0.7606560065067366 2322
1 -2.358113836998267 -0.25821006496358545 4073
2 -2.7835047535733515 -0.07073390329730775 4665
3 -3.1098947934945125 -1.5679795505492158 3636
4 -2.4205944378319293 -0.6416984811173126 4162
5 -2.6741470532965064 -0.5293350497472903 4357
6 -1.8916558376872408 -1.572196768960671 4723
7 -3.3422048344259694 -0.6182278637988813 1517
8 -2.194483766329232 0.27950259266787697 2838
9 -3.826542664337266 -0.5321901457156204 4713
10 -3.124322835845895 -1.1473222760740331 1355
11 -2.54921625488776 -1.2488432117850403 4917
12 -1.7167323969648476 -1.2881301605975761 2022
13 -2.6692114931950752 -1.611910523358328 2936
14 -1.3260160214448355 -0.587767695306615 4883
15 -2.790783121232308 -0.8501691342263242 2269
16 -3.379319018726584 0.14487325587897626 4342
17 -2.597073204138583 0.5383387967644861 4456
18 -2.0851447686117437 -0.14854227975357984 1548
19 -3.538129997362811 -0.19718469609939585 2988
20 -2.2872742582061227 -1.836095974846253 4814
21 -2.3028392473152155 -1.1729073702382609 3958
22 -3.4038849976462378 -1.607708684018401 3163
23 -3.44802374855806 -1.1215992070725216 3941
24 -1.5491107464790632 -0.1620300307111682 4521
25 -1.9410684702826233 -1.1157136981569118 3005
26 -2.841168010129877 -1.9108832881240418 4457
27 -3.029946947840491 -0.06221345854902111 4050
28 -3.485262655954058 -0.8580030188214572 2911
29 -2.35239793902603 -2.176919235822671 1814
endpoint1 endpoint2
20 25
0 20
15 20
26 28
1 17
16 28
2 22
18 19
3 7
2 5
1 11
5 8
8 24
6 7
4 19
24 27
14 18
11 22
10 18
0 17
25 26
6 25
11 27
1 28
0 4
22 28
27 28
18 20
8 15
3 23
14 24
5 24
5 21
7 22
6 26
2 17
0 1
22 25
13 23
3 12
2 28
1 12
18 25
4 15
5 14
4 26
14 21
6 13
5 27
11 15
19 23
10 29
11 16
2 18
1 26
22 26
1 15
8 28
15 26
6 14
20 26
0 21
7 15
6 29
21 27
15 23
12 13
26 29
0 24
1 16
20 21
12 24
2 23
1 5
0 11
13 29
3 6
3 27
8 25
19 28
6 11
10 19
0 18
16 23
11 26
0 5
12 29
2 24
18 21
4 11
3 5
2 7
5 10
4 6
3 22
14 25
5 7
10 25
9 23
15 28
6 20
11 20
10 20
7 17
12 23
11 25
0 2
13 22
28 29
2 8
5 13
3 21
10 15
5 26
10 26
9 18
15 19
7 11
7 20
12 20
2 19
3 10
1 14
8 10
4 13
2 13
6 15
0 22
15 22
21 26
0 25
7 27
13 15
21 23
0 12
13 28
3 9
1 9
3 26
2 14
9 27
5 16
0 19
15 21
21 29
11 29
17 21
0 6
1 7
23 27
2 4
5 9
4 7
3 25
10 11
5 6
9 22
6 21
5 19
10 21
25 27
6 24
12 16
11 24
13 21
1 2
4 9
3 20
4 23
15 18
6 22
7 10
0 29
7 23
12 21
2 16
1 24
1 13
18 24
4 14
2 10
9 10
5 15
4 25
3 19
8 17
5 28
10 28
0 23
7 9
25 28
21 25
12 15
15 17
20 23
21 22
1 27
0 13
3 29
8 27
