nnodes nedges type
30 200 graph
nodename posx posy weight
0 -0.021894541566782975 -0.4595289190694462 2586
1 -0.9106347332192821 -1.384139587232227 4221
2 0.508402569312081 -1.0387212701878057 2842
3 -0.5241389518485023 -1.183962672329878 1593
4 -0.7928947797297565 -0.34229969496212415 4064
5 -1.3102929896234712 -0.9299763879923731 3816
6 -1.0804251289321827 -0.7844182249162579 2997
7 -0.7282487883511559 -0.8310075018142825 1655
8 0.35621852995397585 -1.394236526095698 3564
9 -0.04964735174610562 -2.0059362983903295 4381
10 -1.713720403835385 -1.794922890898058 3807
11 0.36750703762008496 -2.11211795741474 1025
12 -0.41622217598236055 -1.5029329319272786 3910
13 -1.2210917295264194 -1.9068852276539847 1572
14 -1.6504991091853023 -1.458931902054046 4832
15 -1.1680491402167943 -1.4331412490381978 1498
16 -0.7735032809278081 -2.4445164288586345 2506
17 -1.1236158242136474 -2.2742123813536934 2265
18 -0.21352933131144164 -1.8105000485139926 2122
19 -0.4318646066180079 -0.7856191426008069 1773
20 -1.8813742050978053 -0.9898876085819593 4535
21 -0.07685156661520046 -1.4027209043437605 2885
22 -0.40312329037259476 -2.221147250770394 3295
23 -0.5990680003007235 -0.15491846444526694 2041
24 -1.330524118905285 -0.4712684040306682 4455
25 0.33102525836819985 -0.5163926018111338 3394
26 0.44302761932752355 -1.5696441667716032 3671
27 -0.22489830621984705 -2.7339405730910356 1505
28 -0.10172198473702783 -0.8311491194252736 4913
29 -0.8684440991693337 -1.7452484077184474 2070
endpoint1 endpoint2
9 26
15 27
14 17
15 20
6 28
7 12
26 28
1 17
7 25
0 7
2 22
1 6
18 19
3 7
1 11
5 8
3 24
19 29
9 21
5 18
16 22
6 25
12 17
11 27
0 4
22 28
13 20
12 28
23 25
4 10
4 5
10 13
8 21
9 16
14 15
5 21
11 21
12 22
17 18
3 12
18 25
8 12
23 28
2 11
5 14
4 26
8 18
6 13
19 23
10 29
9 19
7 8
1 21
7 21
12 27
2 18
0 14
17 29
3 11
8 9
4 12
3 28
2 12
8 28
3 17
0 21
15 23
7 15
6 29
12 13
26 29
1 16
7 24
16 29
1 5
17 24
13 29
3 6
8 25
14 28
4 28
24 28
14 19
7 18
12 18
11 26
1 19
16 26
22 29
13 19
2 24
17 27
23 24
0 8
9 13
5 10
8 22
15 28
10 20
12 23
11 25
0 2
1 3
8 13
3 21
10 15
9 29
8 19
6 17
5 23
1 20
0 28
7 20
2 19
0 15
22 27
3 10
18 27
1 14
4 13
4 24
8 16
6 15
5 29
19 21
15 22
6 18
12 14
1 23
21 23
12 25
1 4
0 12
3 9
2 3
1 9
18 28
3 26
14 29
24 29
14 16
15 24
10 16
15 21
21 29
12 19
11 29
0 6
16 27
13 18
2 25
0 9
3 4
5 9
3 25
19 26
9 22
5 19
20 29
7 16
16 21
1 29
7 29
13 21
27 29
1 2
2 26
3 20
10 12
9 28
9 17
15 18
6 22
7 10
10 22
16 18
7 23
1 24
1 13
8 11
23 29
4 25
3 19
14 20
11 12
19 20
0 23
15 17
6 19
12 15
11 17
26 27
1 22
0 26
7 26
13 14
21 22
2 21
18 29
3 29
