nnodes nedges type
30 200 graph
nodename posx posy weight
0 -0.9364710869936604 -2.682691591387766 4333
1 0.1656296744668619 -1.2296213067242132 2160
2 -1.347981131310544 -1.0041968137327781 1055
3 0.023695307026833725 -0.8641685898346867 4372
4 -0.5401151126876969 -2.47691077496155 1914
5 -2.2790214892818828 -1.571198840199147 4176
6 -1.8911267351516219 -2.2392815165831412 2483
7 -0.7162542581253641 -3.0387405319107383 3897
8 -1.2496821003704683 -1.2727673520662128 3920
9 -0.4368456070632883 -1.474010576076616 1393
10 -1.1019021435479242 -1.7049325660623187 1620
11 -0.9114032735886118 -1.9699674182451177 4145
12 -0.9512476790340758 -1.0844215189449058 4046
13 -1.7098636064011774 -1.7384411387372862 1599
14 -1.4070396080851046 -2.3958969997742003 3861
15 -1.6142311595391508 -1.5784922841577733 1482
16 -0.37245837918668756 -0.651020778065793 1959
17 0.2690328734945895 -1.8230567781047922 1650
18 -0.37803595949252755 -1.1005446352530772 1297
19 -1.0644678954369404 -2.5162712368193865 3860
20 -0.12462162502171291 -1.7053573896143657 2203
21 -0.3386620716511212 -2.512672265575316 3068
22 -0.5306400417326091 -1.974586103099668 3859
23 -0.7811078318512278 -0.7178778459748871 2603
24 0.13344568490944744 -2.5797569603796497 1240
25 -0.6629395476303331 -1.6099251426829297 1823
26 -1.4640580904143872 -2.9292915903043135 4984
27 -1.4423946584729057 -2.0090689024908595 2259
28 -0.016591027162953697 -2.0553673341160543 2660
29 -1.6843192326436034 -0.9787239024248752 1501
endpoint1 endpoint2
20 25
10 17
0 20
21 28
11 28
26 28
0 7
16 28
1 17
0 10
1 11
6 7
19 29
10 18
0 17
16 22
7 19
6 25
11 27
1 28
0 4
17 23
2 27
18 20
23 25
2 6
9 14
5 11
3 23
14 24
19 24
9 16
15 29
14 15
11 21
10 23
7 22
12 22
13 23
3 12
1 12
23 28
2 11
5 14
4 26
10 14
8 18
14 21
5 27
10 29
9 19
15 16
21 24
1 21
0 27
7 21
22 23
2 18
13 26
3 11
8 9
4 12
3 28
2 12
15 26
6 14
7 15
12 13
7 24
13 16
12 24
2 23
17 24
1 10
8 25
14 28
4 28
19 28
9 20
24 28
14 19
15 25
10 19
16 23
12 18
11 26
17 22
18 21
17 27
4 11
9 13
5 10
8 22
10 25
24 25
20 28
11 20
10 20
16 20
6 27
12 23
11 25
0 2
3 15
18 22
1 3
8 13
4 8
4 27
8 19
14 26
4 22
10 26
9 18
15 19
7 11
1 20
0 28
7 20
16 17
1 25
22 27
8 10
4 13
2 13
9 11
4 24
6 15
5 29
20 27
11 13
25 29
15 22
6 18
21 26
12 14
0 22
20 22
0 25
7 14
12 25
2 20
3 9
1 9
18 28
2 14
6 8
21 29
11 29
0 6
17 21
23 27
3 4
9 12
4 7
8 23
5 6
19 26
9 22
25 27
13 21
1 2
8 14
2 9
5 12
3 20
9 28
8 20
14 27
9 17
6 22
10 22
16 18
2 16
22 24
18 24
8 11
23 29
4 14
9 10
5 15
4 25
4 20
19 20
10 28
7 9
6 19
21 25
20 23
11 17
26 27
0 26
7 26
12 15
13 14
0 13
13 27
18 29
1 8
8 27
