nnodes nedges type
30 200 graph
nodename posx posy weight
0 -0.7479783776086972 0.1296756194713566 2994
1 -0.6730968277501375 2.3727183224920942 1723
2 -1.4490221719366942 0.615536018950804 4754
3 -1.3482713131054285 1.6483747281181693 4246
4 -0.5176095369558178 1.369192512543326 1985
5 -1.2231478644247764 1.109250930753632 1261
6 0.017179879472786142 1.911376653279855 2018
7 0.5724809389326979 1.8621106127049296 4966
8 -0.01833865378438119 -0.27796872873906975 4738
9 0.11542625979414486 0.27660719169751286 3803
10 -0.0646410186776548 1.3309944702361274 4799
11 0.43180325830681576 1.3895134890456742 2635
12 -1.158310468226129 1.7986649068200435 2993
13 -1.3186385961608773 0.001857556719586369 3546
14 -1.3535876287634998 1.3785672835287923 3257
15 0.3514390422159822 0.6053692326177922 1259
16 -1.6353066112505894 0.9222915159702916 3473
17 0.10264038206743224 0.9827019436761576 3492
18 -0.11705415259517618 0.19655954173346152 3202
19 -0.6261082459114253 1.7919728527422045 4490
20 -0.46308603570793266 0.41237046053376775 3318
21 -0.8173193114754005 1.1391959359513393 4371
22 -1.1010626120202482 0.22449723537650929 4632
23 -0.28407444882346994 1.5184248041017248 2143
24 0.6545334334252315 0.7381168385669995 3452
25 0.7029597870212994 1.0860353766284556 2532
26 -0.23283899210277267 0.8361665033647189 1591
27 -0.10440340633536553 2.128886579398679 1438
28 -0.8484753054372839 0.5673309099415447 3395
29 -0.6067615396996171 0.824616130426328 4446
endpoint1 endpoint2
15 27
20 25
10 17
15 20
11 28
1 17
16 28
7 25
2 22
18 19
8 24
6 7
4 19
19 29
9 21
24 27
6 10
10 18
16 22
7 19
11 27
17 23
0 4
22 28
18 20
8 15
4 10
4 5
3 23
9 16
15 29
11 21
6 26
12 22
17 18
2 28
18 25
1 12
23 28
4 26
10 14
8 18
5 27
4 21
11 15
10 29
19 23
1 21
12 27
2 18
17 29
0 14
18 26
8 9
4 12
3 28
2 12
9 25
15 26
14 22
6 14
0 21
7 15
15 23
6 29
26 29
1 5
0 11
13 29
3 6
1 10
14 28
9 20
24 28
14 19
15 25
10 19
7 18
16 23
11 26
17 22
16 26
22 29
0 5
12 29
18 21
0 8
23 24
3 5
5 10
4 6
8 22
19 27
10 25
9 23
24 25
5 20
20 28
10 20
7 17
11 25
1 3
8 13
18 22
5 13
4 27
3 21
19 22
10 26
7 11
6 17
5 23
16 17
12 20
2 19
0 15
8 10
4 13
2 13
9 11
4 24
3 16
9 24
6 15
14 23
25 29
15 22
20 22
7 27
21 23
13 28
18 28
3 26
2 14
8 26
14 29
4 29
24 29
14 16
5 16
21 29
12 19
17 21
13 18
1 7
23 27
2 4
5 9
4 7
10 11
19 26
24 26
6 21
11 23
16 21
6 24
12 16
11 24
0 3
13 21
2 26
9 15
5 12
3 20
10 12
9 28
8 20
14 27
19 25
9 17
15 18
7 10
5 22
0 29
7 23
12 21
2 16
17 19
4 14
9 10
4 25
3 19
8 17
5 28
4 20
11 12
10 28
15 17
6 19
21 25
20 23
11 17
26 27
0 26
13 14
2 21
1 27
0 13
3 29
2 15
