nnodes nedges type
30 200 graph
nodename posx posy weight
0 -0.3488068413977699 0.3131049627288413 3279
1 1.0645313831347967 -0.5448893561022213 4828
2 1.0669784836334955 0.9365115958555307 2231
3 1.4225219403047376 0.3315074378720094 2608
4 0.26908462736227895 1.1410040741178908 3423
5 -0.05322004403109166 0.7183795419981481 3604
6 1.7902139678783764 -0.22461271691182916 3769
7 0.7335260515657885 0.3071694971924639 2004
8 1.6852030861865428 1.089636105354614 4114
9 1.1109839104885053 1.3326410240630595 3320
10 0.13180731239432122 -0.20028910258307447 4185
11 1.6961273944543278 0.8691648980063772 2989
12 1.4492187649891421 0.13450843075655597 3999
13 1.0559050863852686 0.050578179596133956 2238
14 -0.16920709433850117 -0.22643174295463978 4886
15 0.24939327386334087 0.35355808421307344 2826
16 1.4354247093889776 -0.5122058390720252 4500
17 2.0362436276860576 0.5234925961133834 1425
18 -0.22911458045964642 1.1651279208390974 1020
19 0.4551494420684931 0.1810813221947404 4400
20 0.9939937872133041 -0.8369374219117356 1073
21 0.1028258535640953 -0.5256883895126309 4265
22 0.6723532733754045 1.5067066407025331 1569
23 0.26310576309635664 0.8765304170847606 3232
24 0.35954078356417135 -0.49901732438849355 1375
25 0.601050806646282 0.8359839042499688 4110
26 1.1501222773820363 0.65202853185607 4987
27 0.8756705745355421 0.574966912911154 4181
28 0.7374796721925643 -0.22264529882463527 2403
29 0.6673521186969129 -1.0936440556633744 3422
endpoint1 endpoint2
15 27
15 20
6 28
21 28
26 28
0 7
16 28
2 22
23 26
2 5
6 7
4 19
24 27
11 22
25 26
7 19
12 17
1 28
0 4
7 28
13 20
12 28
27 28
23 25
4 10
5 11
10 13
14 24
5 24
14 15
5 21
7 22
6 26
2 17
1 12
8 12
18 25
4 15
2 11
5 14
4 26
3 18
5 27
19 23
10 29
7 8
15 16
0 27
7 21
2 18
0 14
22 26
3 11
8 9
4 12
2 12
9 25
15 26
14 22
6 14
0 21
12 13
20 21
0 24
16 29
7 24
13 16
12 24
3 6
1 10
3 27
8 25
14 28
4 28
9 20
24 28
6 11
15 25
14 19
10 19
7 18
11 26
1 19
17 22
16 26
13 19
2 24
18 21
9 13
5 10
5 7
19 27
10 25
9 23
24 25
15 28
16 20
6 27
12 23
3 15
18 22
8 13
1 3
4 27
10 15
8 19
14 26
5 26
4 22
7 11
6 17
0 28
16 17
7 20
2 19
1 25
0 15
17 28
22 27
13 25
3 10
4 13
2 13
9 11
3 16
14 23
19 21
15 22
1 23
0 25
13 15
12 25
21 23
8 26
14 29
9 27
15 24
6 8
20 24
10 16
0 19
21 29
12 19
11 29
16 27
2 25
17 26
3 4
5 9
3 25
8 23
6 21
5 19
11 23
16 21
12 16
1 29
16 24
7 29
2 26
18 23
1 2
4 9
9 15
3 20
5 25
10 27
9 17
7 10
15 18
5 22
7 23
12 21
2 16
1 24
17 19
13 24
1 13
2 10
5 15
4 25
3 19
8 17
14 20
6 12
5 28
11 12
10 28
25 28
7 9
0 23
12 15
11 17
0 26
7 26
1 27
0 13
13 27
3 8
8 27
