nnodes nedges type
30 200 graph
nodename posx posy weight
0 0.9114087028461564 1.1287303531722461 2556
1 2.119012746908325 1.1631469829707757 1697
2 2.9429107309746505 1.7643381822241673 4769
3 1.9199255304596854 2.386805717499309 2341
4 2.053238561218657 0.28770242796316453 4833
5 2.3526351295010777 0.1359972443957003 2722
6 2.806782482814553 0.5526133785646559 1389
7 1.348031225490927 1.6290979201227611 1763
8 1.1666702188760363 0.6770326516655101 3027
9 1.342041277004248 1.980251835425151 4736
10 2.4343122591726973 1.2727446452988949 3920
11 1.7475907259543237 -0.20321247341281143 3840
12 3.2528228472492904 0.982744454740523 3251
13 1.4600509584464465 1.0594694434254126 2196
14 2.1392447419067686 2.281499839781262 2669
15 2.8386901769334645 0.8241704228645322 1967
16 1.5459154832978899 2.2308323030264883 2874
17 1.6523639362404505 0.7126833168625186 3148
18 3.391937902419077 1.259739379096634 1378
19 2.330555634973029 1.5323549684219386 3704
20 2.09614408196654 1.6997824636383898 4787
21 1.860514366995107 1.1786738849057112 4641
22 2.536402120615686 1.9216456537383437 3119
23 1.2230497833457945 1.4239081826190387 3601
24 1.4964414224942257 0.4716450286188365 1356
25 2.9951175097086127 1.5956190331681617 2619
26 2.0681453658776987 0.6368684556710735 3777
27 1.807257731882454 1.7331520370710753 4159
28 2.490814707152353 0.6848749230657749 3814
29 2.5397846399186887 2.150097691542576 4104
endpoint1 endpoint2
15 27
14 17
20 25
0 20
6 28
21 28
11 28
7 25
13 17
2 22
1 6
23 26
3 7
2 5
5 8
8 24
6 7
19 29
9 21
10 18
7 19
6 25
16 22
12 17
11 27
17 23
0 4
13 20
12 28
2 27
18 20
4 10
5 11
4 5
10 13
5 24
10 24
5 21
10 23
16 19
7 22
0 1
22 25
2 28
1 12
23 28
4 15
4 21
19 23
10 29
9 19
21 24
7 21
22 26
13 26
1 15
8 9
2 12
15 26
14 22
0 21
6 29
20 21
26 29
1 16
16 29
7 24
9 20
15 25
6 11
5 17
16 23
11 26
1 19
0 5
13 19
4 11
4 6
3 22
14 25
10 25
9 23
20 28
10 20
7 17
16 20
13 22
3 15
2 29
18 22
8 13
1 3
4 8
5 13
3 21
9 29
5 26
19 22
10 26
16 17
12 20
2 19
17 28
22 27
1 14
4 13
4 24
14 23
25 29
6 18
12 14
1 23
7 27
13 15
12 25
2 20
1 4
13 28
3 9
18 28
2 14
8 26
24 29
6 8
14 16
20 24
10 16
15 21
7 13
12 19
1 18
17 21
16 27
1 7
0 9
3 25
8 23
4 18
19 26
24 26
6 21
5 19
20 29
25 27
0 16
16 21
11 24
0 3
13 21
27 29
2 26
1 2
8 14
2 9
5 12
3 20
10 12
9 28
8 20
4 23
10 27
9 17
7 10
6 22
15 18
10 22
2 16
1 24
17 19
22 24
13 24
3 13
1 13
8 11
23 29
2 10
9 10
5 15
4 25
3 19
6 12
14 20
5 28
25 28
15 17
0 23
21 25
12 15
11 17
6 19
0 26
7 9
21 22
0 13
13 27
1 8
18 29
3 29
2 15
8 27
