nnodes nedges type
100 300 graph
nodename posx posy weight
0 -3.586869622007881 4.982663271735165 4411
1 -2.972188433870923 7.877733304825195 1598
2 -0.9108929508785623 7.5298816451760215 3141
3 -0.4606915995172036 7.7677526975322735 1874
4 -1.3128901922129772 6.915056712967066 3363
5 -2.7035750225716884 7.9653632834996895 3953
6 -4.066905804162786 6.192668960923477 1500
7 -2.498308696883851 5.027290088769405 1834
8 -0.213424896619184 6.060855401586255 3688
9 -1.44262327339784 8.55354130734162 3697
10 -3.5227729393810154 6.057130595233583 2416
11 -0.5841376455257928 8.041164565972705 4271
12 -3.3422280596015193 4.2378365760157495 1858
13 -2.385913568442403 5.473257607140481 2998
14 -1.3230481540148984 7.299685518150038 4600
15 -0.6353784154778837 4.296026786531994 3224
16 -1.2075620496244506 6.060011591734462 3771
17 -2.933373626094943 5.322630308675162 2154
18 -1.989936270052428 7.167865599020835 4504
19 -3.398779746834752 7.580643907218556 3499
20 -3.8736694322743013 8.039748080579725 3952
21 -3.5659731851392813 7.1074351939123135 2974
22 -2.1442092412442992 8.45744412444663 3750
23 -2.81548698305757 4.080484127129363 3226
24 -1.0675453215528647 6.439001102713683 4074
25 -4.034380197727821 7.700765451613421 1123
26 -2.482866389969941 5.292156917832075 3296
27 -3.633781737665215 4.435743032925571 2744
28 -4.590642241881143 7.029251165438917 4330
29 -3.279679019649856 7.187588041327282 4458
30 -3.3842661251175157 6.529047050562889 3253
31 -2.465095915219478 6.855677301942055 3553
32 0.1206389477808131 5.7523414989915675 4798
33 -1.6135575260027606 7.366332589684808 3340
34 -1.4089514499144626 5.357386632287982 1216
35 -3.084832502647702 5.649813149873332 2523
36 -2.967041305307892 8.418644993023996 3242
37 -3.0829949806460095 8.49431545822224 2835
38 -4.018975219312659 5.5913887372817115 3086
39 -2.2001744702247588 4.838527649196198 2785
40 -1.7270117416815205 6.842269831716242 4622
41 -3.5668120136860955 7.445382692121966 4998
42 -1.7585325035086927 4.400377530720405 2307
43 -2.155513368060177 4.0266438981701675 2168
44 -1.999606836181165 8.527508701735014 2844
45 -4.055444616066914 7.024251933281568 2838
46 -1.8047559460447635 5.547962280305262 4480
47 -1.7837632384766646 3.505361423508168 1252
48 -2.690642014926706 6.879621055132165 3136
49 -0.8437413814552552 8.01419880106208 3724
50 -2.9162088185446446 6.570769248069579 3455
51 -1.9111137048653868 7.051450803812666 4408
52 -2.1833007710462082 5.747188595521567 4694
53 -3.071148958574928 4.163977089561874 4071
54 0.050026607235904054 6.405542576936764 2500
55 -1.994584815342679 6.573702118995274 2602
56 -1.5648992872571423 4.975236492685129 2529
57 -3.2634527956394277 5.542641849807758 1938
58 -0.6969358257085576 6.100243698759388 4223
59 -1.8170080251739305 6.367806696650807 1006
60 -1.4292289184943878 4.555655803768036 1139
61 -0.47984545828745023 5.130587097758574 2818
62 -1.1966597265589347 5.271543824547269 1171
63 -4.596806822537959 6.196689236039241 3663
64 -1.815135926507357 8.061181470066103 3160
65 -0.9654529167400596 5.816726482206198 4916
66 -0.730266350528529 7.126979975612377 1038
67 -3.0684966354650656 4.570975615350754 1207
68 -4.463813855209278 5.155597059256208 4236
69 -0.9876301636337211 8.289145833030075 3902
70 -4.135159374322199 6.7251557850809345 3036
71 -2.7393779397259728 6.183527186849817 3943
72 -1.9900432850740373 7.773734754892577 1999
73 -3.815271106823598 6.73813056635869 3593
74 -0.508391552152401 4.585865496872547 1612
75 -2.3725503243871495 4.641774300371338 2956
76 -1.8606952483572314 4.71834946959518 2879
77 -4.193160880478049 5.866887433309764 1724
78 -2.0472233279864946 7.414278229845478 3319
79 -2.945158532223763 7.38018615172773 1503
80 -3.29207200192754 5.85249710696912 1624
81 -2.5660158151779893 5.930804239218769 2691
82 -1.0886916747660604 5.004145209193182 1175
83 -3.555873611917668 5.42213463697511 2316
84 -0.5962730321655882 6.635227233519018 2099
85 -3.877977198186595 6.500813804468219 3654
86 -3.9330255809006194 4.942521444118324 3293
87 -0.6442396865600923 5.686614113653034 4638
88 -1.7220174650323836 5.771468264923157 4676
89 -0.26651826063399736 5.580579867958787 3995
90 -2.8380390427771274 7.076422008899466 1279
91 -3.3369317061670656 6.829302001879792 2725
92 -2.3831088883126537 6.550775798426422 2408
93 -2.2576126753885317 6.090431783452837 2990
94 -1.46421343751349 6.391939674626553 2427
95 -1.1778546703851418 6.7045172429302 4860
96 -2.5742351280590277 7.713968164941958 4770
97 -0.3421987898315836 7.292354901762306 1397
98 -4.33963653519386 5.721612135330223 4154
99 -2.4693178809868406 8.133709342184979 3599
endpoint1 endpoint2
39 46
38 50
45 98
19 92
8 97
39 59
61 95
2 84
31 44
47 75
29 44
26 94
73 93
35 41
50 73
23 26
78 97
13 83
2 78
57 86
0 98
53 83
3 69
94 97
57 75
8 24
6 72
56 61
30 79
13 58
36 78
4 46
11 22
20 30
12 17
56 75
52 78
57 92
33 95
15 34
14 94
3 64
53 86
49 94
56 58
31 90
53 67
4 16
27 39
25 38
25 91
21 40
59 72
48 77
51 94
10 98
33 34
18 65
52 80
73 91
34 58
68 70
33 90
35 75
50 90
6 67
45 81
55 90
28 77
35 81
30 88
48 50
48 71
5 93
1 21
21 90
5 50
4 78
24 46
16 54
11 97
7 51
45 71
18 41
43 46
16 57
14 84
65 93
54 74
2 59
10 52
29 79
64 92
1 33
76 84
11 72
86 91
79 99
33 59
36 80
51 88
18 71
17 24
15 61
50 70
68 77
13 82
22 72
18 31
32 94
57 85
60 88
23 68
31 70
3 44
34 92
17 71
11 66
87 93
34 75
55 73
81 95
61 65
1 19
7 80
8 61
67 83
78 99
4 89
26 80
7 93
40 58
12 35
4 64
35 79
49 72
8 88
16 48
20 99
34 82
10 71
46 50
37 50
40 64
80 98
26 34
81 85
22 36
29 55
62 95
27 43
91 94
39 60
39 75
12 23
45 63
3 49
33 84
88 94
74 75
0 53
13 88
1 48
60 87
7 56
46 56
2 55
18 48
10 88
14 79
19 22
9 18
17 77
27 86
9 33
16 95
38 75
90 96
30 52
26 86
34 43
32 82
1 14
28 85
78 91
40 71
27 63
21 45
87 89
24 94
66 95
7 27
23 43
31 46
40 96
52 75
8 52
17 98
46 76
1 70
41 63
12 42
28 90
54 65
42 60
20 45
67 76
5 69
82 89
29 51
62 67
26 96
40 87
41 72
39 56
5 45
48 66
24 78
25 64
33 37
13 71
78 96
30 63
39 80
24 65
63 77
64 99
13 31
35 59
44 99
18 84
8 89
40 78
3 66
54 66
84 89
6 68
17 60
73 98
4 18
9 22
55 66
6 21
30 93
20 29
68 86
13 21
34 39
70 71
48 99
2 97
74 82
47 60
22 51
76 81
42 65
5 22
95 99
3 58
40 81
29 57
46 93
17 19
15 56
29 83
60 61
6 63
18 40
11 54
71 82
10 79
57 77
7 62
90 94
25 45
80 90
34 89
18 50
23 76
53 56
42 55
10 90
56 94
23 42
14 62
56 81
4 50
50 59
24 69
0 13
72 95
51 79
17 35
50 83
0 48
28 91
78 85
69 97
65 94
19 30
