nnodes nedges type
100 300 graph
nodename posx posy weight
0 -2.990894740306761 -0.387791002743316 2137
1 -6.000119086612747 -0.5401420166468425 1367
2 -6.0010945322869365 -1.2016033917700195 2344
3 -5.0743639776570655 2.7402636647596053 1378
4 -5.013417842160611 -0.2250994307316758 3434
5 -5.339409882340066 1.0925410010891778 1518
6 -5.313528366304327 -1.0254521930145528 3686
7 -3.2554960874123076 -2.5920811720442365 2245
8 -6.822442506140175 -0.7002265411231182 2007
9 -5.624107019172882 1.1028807942282488 3664
10 -4.918857803668334 -0.9817131331299218 2276
11 -2.5658262197496144 0.438310625152127 3842
12 -6.61888083167648 0.33204699772927676 3738
13 -5.804717380687571 -0.6939036940241695 1323
14 -5.013055565821731 1.4079572396686604 1089
15 -4.6505687712819785 -0.3437255379411882 4769
16 -4.398073379903908 -0.0877639834312572 1834
17 -2.928716530713874 0.05403352757901328 2776
18 -3.3586367992016517 1.2227541549032466 2238
19 -5.14450898947667 -1.1925608708234428 1632
20 -2.6793943534792994 -0.5692713471760594 3178
21 -3.710850905612613 1.055759178456112 4964
22 -2.9324753862493163 1.844227639060144 4642
23 -5.998786217459718 0.6956438228031789 1177
24 -4.0592475912425146 -1.3847169132101809 4775
25 -5.1554571574369215 1.9222706241421037 4449
26 -5.921350866874066 1.9497073659472353 1695
27 -4.9442520774498036 2.260064725733656 4325
28 -1.466949179659062 0.6092634136849059 4352
29 -4.130616142665533 1.9153005826544225 2241
30 -4.883236140803457 1.0643622232332335 2416
31 -3.799701577351385 -0.3422652153541704 4734
32 -3.9402554240736363 1.9429157292717893 4903
33 -4.9236518058316125 0.1708189816853679 2073
34 -3.39241265084266 -1.2819930311321854 3166
35 -2.5726537958285176 1.7056067507448094 4250
36 -5.500501995452166 -0.30153509530034606 2590
37 -2.234356255258773 0.5786471850785645 2831
38 -3.327496571909777 0.8980311917949646 2988
39 -4.670933904622718 0.6388726854230069 3698
40 -5.653502175755285 -1.5683061192358623 4589
41 -5.7023746624104135 0.0698840062718053 4852
42 -6.309357411773614 1.2134832297962306 3538
43 -4.993740268660566 0.0036652717730976565 2759
44 -6.261561725484374 -0.12436933530610839 4835
45 -2.4381583069370896 0.1002071167544275 1827
46 -5.482675445241137 0.6531082746341537 3484
47 -2.995419031388618 1.0058890980638622 4944
48 -2.8669782095390635 -1.6181446669181132 2578
49 -3.5217558395508366 0.29659823278990927 1412
50 -5.127211127681938 -1.6608627122923023 4871
51 -2.412167666134988 1.1865321139899363 1489
52 -7.127717367963744 -1.6137554538745058 2378
53 -4.3611101074602425 -1.145631274641277 1085
54 -3.315656180480262 1.90764477490102 4322
55 -3.6660548484746878 -1.1181428220856224 4002
56 -2.0728336903541296 1.5312281263007963 3663
57 -5.323647339011352 -0.5671744722447578 1771
58 -4.146056214183275 -0.9772134488337775 4047
59 -3.338353229822925 -0.7803826568035934 4875
60 -4.281153453479101 -1.9474969844905807 3583
61 -2.981969399243326 2.234602139414472 2860
62 -4.672206410201241 1.294776679267718 2537
63 -4.260482175576191 0.6173774612643002 2097
64 -4.446224521253366 -1.0204192254063487 1455
65 -3.813076963975799 1.4963849335500456 3241
66 -6.271303632980395 -0.9505857069804959 4722
67 -3.410523243484108 -1.5915581362309954 3543
68 -3.6661281179576344 0.6913233330723635 4670
69 -1.7404511879453095 -0.20867271510031105 1485
70 -4.854382425490159 -1.7090102453463125 3105
71 -2.138073315501637 -0.6944810418467489 3316
72 -5.218646044131486 0.7213540493970175 3729
73 -5.539597007711924 2.3176456315216325 4457
74 -3.4533532960402087 0.005240894836510472 1938
75 -4.622992176252191 -2.5006883478334254 1281
76 -4.284622421158286 -0.024040982371925104 4213
77 -4.66138403885476 -0.5605666486836419 2239
78 -3.597347452428283 -1.897237189080081 3800
79 -4.18002328762218 1.536641024994272 3933
80 -4.49719155310448 -1.7163185090422732 3753
81 -5.55230302394083 0.32236566198926836 3912
82 -4.6472286894537245 1.862105572946972 2723
83 -1.8343677576259707 0.8712330391033758 3247
84 -3.636911930207584 -0.6518140640411014 1005
85 -6.096120449098209 0.4556387985969013 1571
86 -6.526653928495197 0.19291617521977053 3522
87 -3.931673054791 0.03046752854109189 1748
88 -4.5603987015498975 1.0177562764069603 2109
89 -6.147493836925436 0.7596652143421833 1070
90 -2.7330049093061803 0.6156803462893093 3478
91 -3.87934761357691 0.3204736640750026 2546
92 -4.255904824155614 1.2020084958748605 3891
93 -5.432695035518506 0.1697445288882895 4727
94 -2.5689510965809084 -1.1367065400754581 3909
95 -5.433376820636876 1.5795566158585406 2337
96 -3.0508819490741046 0.5052129117425694 2725
97 -3.663454990584079 2.1734707577672485 2484
98 -2.694799017993247 -1.3333979588973293 1769
99 -2.391225291858053 -2.3152000501010117 3785
endpoint1 endpoint2
55 94
5 68
21 47
31 93
76 91
15 89
47 54
21 97
79 96
15 74
23 41
40 41
33 36
4 55
19 66
15 50
24 55
47 68
37 97
51 74
23 88
57 86
31 74
59 87
18 45
42 62
4 19
67 74
13 58
45 48
25 26
15 92
30 81
64 75
19 76
41 95
67 80
6 44
30 57
29 47
78 98
9 57
7 98
61 79
20 53
9 93
18 61
57 59
6 23
54 61
9 82
7 75
0 67
76 93
31 96
9 39
50 55
34 58
33 85
19 60
10 36
72 86
21 65
49 84
74 84
21 43
45 94
15 16
48 71
95 97
0 64
24 70
26 73
69 83
3 73
4 12
35 51
1 60
74 90
32 68
33 74
16 57
87 96
49 87
35 91
25 92
17 68
82 87
11 71
24 31
39 41
25 30
34 91
5 43
73 79
20 21
17 94
39 82
2 23
26 95
16 91
2 64
46 79
14 47
63 88
68 88
43 85
10 58
44 93
36 62
71 96
37 74
77 88
14 19
20 84
9 86
81 95
4 58
25 65
13 72
22 29
78 99
24 64
6 48
63 95
3 5
19 53
0 59
24 40
9 79
77 78
38 97
32 49
64 70
65 72
11 65
37 90
70 98
66 89
23 33
24 87
5 33
22 92
55 76
12 23
49 55
29 81
27 65
8 66
72 87
10 77
58 67
6 64
98 99
26 39
25 85
5 23
61 90
54 96
9 44
33 63
42 95
4 33
5 36
29 39
1 86
34 60
17 28
16 36
63 68
39 91
19 58
44 89
11 96
10 53
0 37
16 58
4 85
43 50
6 15
34 71
41 77
7 67
27 32
10 31
33 53
36 70
5 95
46 89
38 65
39 77
22 90
18 68
8 52
6 33
1 81
54 82
43 84
0 63
38 91
51 65
69 98
31 65
20 45
62 76
12 66
43 49
18 54
22 56
53 57
36 72
3 32
53 78
8 43
84 87
22 47
9 42
49 56
42 85
11 91
2 66
15 68
16 46
21 76
47 69
17 47
75 80
15 44
4 92
11 49
60 94
0 47
64 84
21 54
22 54
49 92
32 79
13 46
65 79
36 77
34 77
39 74
27 95
43 77
57 93
72 88
21 79
63 93
68 83
24 38
14 89
45 79
40 75
54 79
60 67
23 73
64 81
5 25
5 12
53 63
59 68
32 63
40 81
36 66
34 78
15 80
16 18
1 85
35 47
66 70
41 91
10 39
52 66
49 64
4 91
84 96
18 39
2 57
1 39
17 58
22 97
59 67
4 39
62 90
16 31
51 90
27 89
17 30
41 86
31 58
90 98
13 80
46 77
72 95
38 88
80 84
13 42
70 80
28 51
68 96
