nnodes nedges type
100 300 graph
nodename posx posy weight
0 0.2019289989838224 2.949790692940544 1095
1 0.28412160522187074 1.1279952117399645 1562
2 0.9041388556492373 1.9598308686613404 2808
3 -1.8656979514810077 0.8123917161303964 4709
4 -1.7481939874436443 2.020005286428038 1928
5 1.3432950801395025 1.3885989776321186 4363
6 1.6209047248154216 0.16245467061603425 2131
7 -0.32066364707188477 1.49173237928637 4614
8 1.7446913499671521 0.8433464021638583 1655
9 -1.067764749892165 3.098662353323726 1572
10 -0.48859207424678985 3.800005530986408 2354
11 0.05097754170218528 3.6469072735742576 4181
12 1.3480685939203783 1.6345665529269746 1012
13 0.8915005974626802 0.766686132472097 3116
14 0.126015364469444 1.8455297501203196 1602
15 -0.05954324500529188 3.1678425885250734 1174
16 -2.5510662165570723 2.519609328441813 1200
17 -0.8943696156481605 1.8838382095137995 1506
18 -2.3038029145211287 0.5293289165568799 3423
19 -0.8302650465832127 2.317849812117665 3768
20 -1.4740899574650257 1.5928390599270021 4155
21 -1.2140293540642315 3.8488967131994407 3050
22 -1.4951458660347372 2.33706323329412 1096
23 -0.44804881317724793 0.22551862361466388 1041
24 -2.25306021931846 1.8954001257167161 4160
25 -0.9368032972581063 2.8389890375711873 1905
26 -0.9363361538691274 -0.7007529518662557 4848
27 0.49180709228403513 0.07989951821438193 3130
28 -0.17571194499673945 0.5833720455276895 2527
29 0.6314702754241636 1.1897959145380554 3462
30 -0.02315700822562306 1.1811386861941058 4062
31 -0.4238933536917992 1.346147363409084 1404
32 1.555568901614211 1.6315795871037133 2110
33 -1.4415250906116 0.760498067110381 3079
34 -0.19660343426810287 2.5099038558118627 2917
35 -0.6495443391411474 1.6710155861127947 4403
36 -1.1793770434015114 0.18597763348909546 2025
37 -0.815938853582567 2.0344475682324354 4815
38 1.0602905061295271 2.1543848827865615 4153
39 2.383229859538089 2.7958359182414374 4745
40 0.6213948501086775 1.449515331093158 4077
41 -1.059916637102841 2.9627109466339965 3422
42 -1.2347670617616229 1.9014951576503105 2139
43 1.8049128805552466 0.512977948502286 1302
44 -0.5723968380061473 2.7526796248324454 2143
45 0.6403145307403424 2.693706585321814 1527
46 1.0583895088684627 2.924329236250376 3953
47 1.2804096091925683 0.9421488723985896 1935
48 -0.43015619779702785 2.160763799675016 4335
49 1.5842370068700582 0.12056246385082138 3594
50 -1.6397996107824584 1.1847371086722103 2730
51 -1.5735678288715351 2.9077944664479247 2371
52 0.2976479311937847 4.130961810750418 4165
53 -0.9696597892427294 0.9529618978192221 2913
54 -0.9455068021322903 1.143872211615154 3322
55 0.4341696712718974 0.4577821093190834 4956
56 0.18466291580267094 1.5750702627182813 2348
57 -0.690237381586411 1.0359774113265026 1238
58 1.9287208719091835 2.623238041925047 4561
59 0.7843628654937572 3.2830476116571234 1371
60 0.5820945850595988 2.530654728414657 2341
61 0.8137242417576179 0.41960034033603316 3263
62 -0.2689199609543361 -0.07652484609664853 2269
63 0.9290768543583192 1.4867724906065338 3350
64 -2.1099010763068176 1.3992701605013622 1591
65 0.1240682656320606 0.4235141050888194 4310
66 -0.022521667151759857 0.40626147252920775 3179
67 -1.188158605420131 -0.1951519632568633 3987
68 0.8492030906100784 -0.5060433411210965 2988
69 1.3894685197645684 -1.5945999247188116 3363
70 0.5917665858416365 3.35624924533456 2551
71 -1.6135145910558206 2.5758360000366483 1310
72 -0.749255271298488 3.625142087114929 1952
73 0.8517532166995441 1.2394453731771367 1138
74 0.49629559142812835 2.1672737760937313 1071
75 -1.0198629103632495 0.7073647306274754 2754
76 2.2870269595607198 0.8483643801639507 2740
77 -1.5312568395663322 -0.10259031016952613 2367
78 0.14332260100880215 -0.4963178279748842 1481
79 0.6394155527946312 3.8668696288543636 4905
80 1.3180180616863961 3.3600562629267534 1018
81 -0.6932766857966893 0.4483707797606604 1242
82 0.9269475358224593 3.6558033665979566 4696
83 1.1647016660593836 0.09655387151637874 3680
84 -0.2206303230729575 3.9413442503238474 4695
85 0.6328648883299782 -0.14505944990910566 4122
86 1.175621817080956 4.635632873116608 3776
87 -0.4815047878269031 3.3878120251340706 4569
88 0.6352878940628005 -0.32909505472364464 2244
89 1.1418480730586043 2.618989301496291 4448
90 2.0280265709167775 1.15066230699894 2513
91 1.8947865588944357 2.063477874928977 1426
92 -0.2330635869841718 2.0454353620980172 1543
93 1.3326849512484022 2.396013914860551 1125
94 -0.5087722411827885 -0.1312510727762245 4078
95 0.16047409675150004 2.5491246486241224 2302
96 -1.7123307259761433 0.6573732359241601 1889
97 -0.8151478018435449 4.179651980376266 2863
98 2.056602774454474 1.6167773845677953 1490
99 1.5785839166427107 2.7751652663342647 3029
endpoint1 endpoint2
1 34
42 72
82 86
19 92
33 55
42 71
15 89
19 81
15 74
17 95
46 91
31 44
26 94
35 41
15 71
17 25
14 99
26 77
34 46
44 92
33 65
7 55
49 78
4 93
12 40
26 53
65 89
70 93
13 45
2 63
44 45
46 48
30 66
20 30
3 62
76 88
33 50
64 75
47 93
2 89
40 57
4 71
26 78
9 14
32 90
57 81
1 54
75 94
12 45
35 65
23 53
82 92
28 32
0 30
7 75
22 25
27 78
0 52
67 96
14 36
11 41
10 51
18 36
42 57
23 66
14 91
46 59
37 57
52 60
2 99
12 74
67 68
42 67
48 50
54 62
28 37
34 48
9 45
40 98
35 96
2 95
79 95
34 97
17 34
36 57
2 12
6 76
38 44
25 92
61 81
55 74
34 53
39 82
5 56
4 48
66 77
14 47
6 55
15 46
31 53
38 90
33 64
45 74
7 54
14 34
14 28
6 73
70 82
37 74
41 56
37 71
2 43
58 60
8 61
23 96
21 80
73 95
63 66
44 87
7 40
33 94
63 95
28 83
14 40
17 40
46 63
20 54
3 22
23 75
13 47
17 66
5 89
29 55
15 82
61 68
27 92
0 2
13 75
56 73
88 94
2 29
44 84
32 85
24 50
5 62
47 76
2 8
7 56
5 13
75 92
10 15
77 81
57 64
47 61
17 56
28 78
2 34
15 19
54 96
9 44
16 17
25 74
14 60
56 83
2 19
18 67
0 15
42 44
7 50
72 84
53 94
45 70
28 85
13 91
17 54
12 48
54 75
40 90
4 96
1 98
30 47
47 88
1 23
0 25
60 99
35 60
10 59
49 76
58 74
24 44
13 94
22 53
21 51
28 50
2 61
15 37
1 74
59 79
45 46
66 85
30 87
11 86
3 53
5 58
39 80
1 92
38 81
79 80
54 95
6 68
11 49
54 66
84 89
1 57
30 78
4 18
62 73
59 89
9 22
60 73
52 97
80 99
28 55
33 51
12 93
24 75
67 81
7 29
56 74
29 80
10 34
23 30
14 42
31 61
79 87
35 54
51 70
33 77
6 65
7 59
57 71
12 63
12 68
53 63
25 84
38 59
11 79
29 57
31 42
5 35
52 87
17 19
46 80
30 53
29 83
2 31
68 69
57 88
33 75
13 90
23 29
1 13
10 79
32 70
8 83
49 85
4 25
46 58
27 62
2 98
8 30
22 60
18 50
4 20
19 20
14 20
66 81
32 60
8 47
3 81
28 36
33 57
17 92
0 41
21 22
48 73
43 66
39 76
1 27
72 95
13 27
23 85
72 82
51 64
1 61
91 98
41 51
65 94
53 77
9 71
