nnodes nedges type
100 300 graph
nodename posx posy weight
0 -5.262714581939265 -2.578253110906133 3461
1 -4.191364571546599 -0.8077270508853086 2151
2 -3.189712213806929 -0.6064308394394993 3777
3 -4.3311094347503705 -1.3025772632212345 2576
4 -2.784464479955242 -0.5502330962014339 2096
5 -5.864212590548707 -2.79890285434149 2186
6 -3.73892911895149 -4.6928146422286074 2023
7 -2.4828939097500435 -2.6006123667548877 1344
8 -3.2126887155197688 -1.9580065765498345 2693
9 -1.7565813438156002 -2.188004625141526 4872
10 -5.8929604120332275 -2.1725301565451614 3432
11 -3.8502432796722776 -2.3276020085214175 3120
12 -2.722951455094287 -1.6694573273224556 4186
13 -2.40571521570164 -2.228891678884969 4055
14 -3.2347899998968184 -5.437880275846022 3557
15 -2.3348218729620216 -2.506487776454109 1676
16 -1.976073564962305 -1.8860771442783881 1871
17 -5.009781995379408 -1.4924208958103087 2353
18 -3.196564495244589 -0.8466180782316353 2737
19 -2.7061095923614134 -4.815116794871208 2928
20 -5.436731561316782 -3.6338492235281064 3847
21 -4.71679568441482 -3.7424362143580803 4462
22 -4.822052766485103 -2.70762847070423 2142
23 -2.7440620051348104 -3.426467550325845 3555
24 -2.6238080545648894 -1.8581367001656737 2786
25 -2.831431601944794 -2.8276931434535437 1893
26 -4.080461043976062 -2.765028746275293 3797
27 -4.678952410404121 -4.1190253914575585 2810
28 -1.7871212354081991 -2.8850782373319284 2534
29 -5.061595210619687 -0.5995379409374775 2500
30 -5.93575464754593 -3.945318251660067 4781
31 -3.0007126219326197 -3.842735320017156 3713
32 -3.7445936213534634 -0.7237968007808941 3729
33 -3.62847088489276 -3.0064816095192453 4936
34 -3.2139894417694297 -3.0281665755870355 3820
35 -5.073233891092223 -2.317930912328039 4313
36 -5.332804997943093 -4.306143035260361 2244
37 -4.801314616617132 -2.088789100601816 4904
38 -3.99028348090092 -4.0896769174581635 4504
39 -2.300183922891331 -0.9182667449783612 4419
40 -3.226181079824576 -1.551681160546892 1048
41 -2.4296604935396964 -3.395863596877518 3758
42 -5.852479940514911 -1.9906915429625993 1067
43 -2.197253237786975 -1.7925252405476544 2183
44 -4.7026918170286045 -1.0240144191621663 4548
45 -4.030641230028281 -3.7377382016976846 2994
46 -2.9225839782431273 -2.312388634114873 3699
47 -2.9307321664306367 -4.427948242387109 1904
48 -4.941605990088098 -3.1022690858169066 4230
49 -1.3874350483287832 -1.3240970949497202 3169
50 -4.042972921106952 -3.2909271162584233 4957
51 -2.411036523322831 -3.909731771135665 2311
52 -4.480401931490916 -0.7937407728073702 3969
53 -3.9783586974848344 -1.5450253293746925 3877
54 -3.5412092582142765 -3.7853412661384187 1728
55 -5.308747462933586 -2.221313295561844 3736
56 -4.661369204407049 -1.7084252785014074 4256
57 -4.630877498497506 -3.3913910315988547 1023
58 -4.3599255490660225 -4.085667392956963 3678
59 -3.351573900116038 -3.5566186115122123 1031
60 -5.573509632777733 -1.624091482529234 4405
61 -1.7947025306481617 -3.1720747948465964 3856
62 -3.8262789015815986 -1.4480176509157212 4508
63 -1.9550992383837507 -1.4166753621220307 4911
64 -4.047866850916301 -4.808384526910813 3935
65 -3.2794483695081897 -2.5827180897915487 4320
66 -5.298052152387993 -1.085476087027557 1474
67 -4.10159406756786 -5.298386303188866 4346
68 -3.6838143757360453 -2.769614223212927 3156
69 -1.4236489864603623 -3.6473548004548717 1200
70 -3.4915402607859742 -4.182573541173849 1650
71 -2.3531387893566498 -4.1707642853215505 2908
72 -2.0125759835103665 -3.645097049519581 3701
73 -5.368337609251142 -3.3974690526252114 2351
74 -5.428877314422015 -3.073407117078541 2802
75 -3.7606924849785623 -1.7385012139498655 2118
76 -3.2050411466104536 -1.2987702746145668 1909
77 -5.284331303524603 -1.7520013861900758 3446
78 -4.172169705364575 -2.4020395605399485 4246
79 -5.123603373391167 -3.027014108528896 2335
80 -2.232731027340637 -4.814222554374673 1048
81 -4.055866489471706 -2.148871882081898 1480
82 -3.580449846932442 -4.485746319293416 3569
83 -4.730617319591084 -4.578103156003453 3095
84 -4.215793194902812 -4.481461318734356 3288
85 -3.8222639411041244 -0.8955820114741254 2673
86 -6.591147334529504 -4.219251748579125 3192
87 -3.0713654990243358 -3.440719622427393 4800
88 -4.366416574721133 -3.023455677620916 4916
89 -5.710755793310605 -1.2993417920452404 2419
90 -2.0071629576497996 -2.46435868471296 2470
91 -4.0906636685053455 0.6242797152810264 4060
92 -5.863110981043654 -2.4183647572982045 4676
93 -2.7857751380597655 0.5573994091118455 2780
94 -4.50393976987327 -2.308911399535604 3382
95 -2.506639252677246 -1.017994227975618 4355
96 -3.180919288499176 -2.215249915181958 2955
97 -4.473562712867609 -4.895324151222769 1488
98 -4.1532627247932945 -1.1840946602849463 4535
99 -2.724547872519262 -3.119606509736554 3618
endpoint1 endpoint2
11 68
20 86
3 35
10 17
6 97
54 58
1 17
16 28
63 76
68 76
44 81
6 54
5 8
70 78
3 24
30 79
20 35
45 88
59 88
2 63
42 77
16 65
25 26
0 17
56 88
7 68
16 25
23 82
42 98
38 83
6 51
20 58
8 87
46 62
15 34
16 63
2 53
77 79
75 94
56 98
29 56
13 61
36 67
14 64
25 72
48 56
31 96
61 69
68 75
95 98
48 77
41 69
30 97
39 85
65 99
46 81
34 41
58 87
37 44
62 98
15 33
90 95
20 42
70 84
12 61
1 96
44 55
15 16
22 85
12 85
0 27
41 64
40 98
11 94
35 45
76 96
47 87
13 26
22 79
26 73
90 99
8 9
15 43
3 11
21 68
71 80
24 46
25 47
24 33
8 81
18 52
17 68
62 65
27 33
21 27
3 55
34 53
27 82
67 84
37 81
56 79
9 61
0 11
58 94
38 87
21 74
11 46
7 54
72 80
69 99
8 25
5 73
26 50
12 52
47 59
45 87
57 74
32 52
14 19
21 33
29 52
37 74
34 75
24 90
42 89
7 71
12 95
9 43
52 92
23 47
17 89
15 72
23 96
66 78
7 40
6 48
38 80
37 99
45 64
32 91
24 40
31 72
39 96
6 71
34 82
26 55
64 83
46 50
53 66
9 23
35 85
30 92
26 34
61 87
0 81
45 50
51 99
21 36
46 99
6 27
48 78
38 57
50 94
48 81
65 98
7 96
2 8
25 51
25 32
5 79
82 83
77 94
9 18
11 76
62 88
38 68
50 57
8 76
16 95
90 96
47 67
19 58
2 75
11 55
10 53
68 87
24 34
45 83
29 78
39 40
22 96
13 53
20 27
34 71
1 98
44 53
33 53
0 22
20 22
34 50
27 70
83 88
21 73
22 73
2 76
23 90
41 63
21 70
15 41
54 65
11 50
4 95
74 92
89 92
51 65
62 76
37 73
35 89
32 53
15 24
43 49
17 75
32 56
28 40
45 59
15 75
67 82
20 64
78 96
43 78
3 4
37 98
10 73
20 55
4 7
36 60
1 57
65 90
4 18
26 35
13 59
31 81
11 23
76 95
14 70
47 97
41 88
0 3
38 79
52 77
1 2
40 56
37 42
84 99
40 75
54 79
43 99
13 49
6 84
40 94
59 68
18 60
39 49
40 81
65 74
12 87
16 18
31 97
2 93
73 84
19 61
88 92
78 88
10 79
25 45
78 79
54 72
68 99
11 59
39 43
20 36
23 57
42 66
56 94
19 82
12 15
27 84
4 39
58 97
55 60
19 71
36 82
44 76
15 63
18 95
18 40
75 89
21 50
28 70
62 77
