nnodes nedges type
100 300 graph
nodename posx posy weight
0 -0.8271604394203617 -1.2526290592767395 4609
1 -2.2221166428160624 -1.332387312250814 1584
2 -1.6941957337007463 -3.131719747383187 4295
3 -2.9444042809677167 -3.0435330165150085 1626
4 -4.023812636519398 0.8939673568300339 1075
5 -2.388138197489531 -0.8380980310996956 3965
6 -1.9930727510383288 -1.7284096870080334 3628
7 -2.635953367962752 -0.8008470302645931 3236
8 -1.4322174755865889 -0.6301380676328985 4036
9 -1.9507605486201023 0.2135500634730522 1552
10 -4.290317252872993 -2.4179816750461183 3502
11 -3.7690589113765496 -1.3072062759874432 3150
12 -4.098990533102212 -0.4205983423387706 3513
13 -3.187246550632671 -0.8840205138608414 1414
14 -0.38572897323284994 -0.46237478988771186 4247
15 -3.7813113314010005 -2.502203144037514 3763
16 -2.9352226376651678 -1.8070563555904358 3187
17 -2.934808143852747 0.2811619292347811 4521
18 -0.861192192231133 -0.35712688940188453 3757
19 -3.3100517777230607 0.2563814497993235 4555
20 -4.457017600025249 -1.7270501672237228 4690
21 -4.309779125985069 -0.7598977310184741 4434
22 -1.9696630630534386 -2.084490826389409 1308
23 -3.5827943280791033 -2.6073000577200403 1141
24 -1.9199249335998196 0.700299061344409 1963
25 -2.996315104318067 -0.42589102399616824 1386
26 -4.852009271318098 0.5584535612609705 1591
27 -0.8346190232959029 -2.4302807268847624 2671
28 -2.6395053942355586 -1.184323523101799 4979
29 -2.2832386950420207 -2.701062521954355 3835
30 -3.2537303332617706 1.2604773466680153 4967
31 -0.6252813500782984 0.20736101486359274 2511
32 -1.5155356967397104 -1.1261037792359436 1251
33 -1.632676743124013 -1.808817993139719 2587
34 -3.6656227978765137 0.781309928997575 4370
35 -2.551104407149622 -2.0520799495520694 2870
36 -0.7122449880398604 -1.7358306095620866 1880
37 -4.129123864595071 -1.1629932687090914 1325
38 -2.0845117324885156 -2.2208704874563616 3190
39 -3.7762314100930463 -0.14403497125624384 2652
40 -3.2430545388363483 0.6298817512882957 4141
41 -2.8508862131467274 -0.027160301846354998 1676
42 -1.6458188282326758 -2.7558139887921644 1103
43 -1.5759290461269486 -2.1123614260102292 1763
44 -1.172682579588631 -1.8647184172114963 1424
45 -2.348299931353125 -1.7778561476530903 3612
46 -3.9184276193825696 -2.3087851569543805 2155
47 -1.4596126673871372 -0.14839243273929978 4059
48 -3.583670995337077 -0.7975195371402687 4651
49 -0.9517071065009202 -2.0375412798290045 2391
50 -2.270332121606579 0.46795049827741686 4346
51 -3.243493734775266 -2.299881483829045 2407
52 -0.2578487928335643 -1.3168199126670335 3270
53 -2.623241444352835 -2.6869918220183155 2879
54 -4.686792603159084 -2.0067704792203824 1293
55 0.008226945817661596 -0.7141075510836596 3120
56 -2.2837834337167204 -2.363328834717957 3980
57 -2.5635053965002492 0.6808438020585064 4541
58 -1.5417738824370886 -2.5509334059241175 4382
59 -0.7728650887741065 -2.8678211461230925 3749
60 -4.953367045595646 -1.6539824156915324 1054
61 -3.176114373406466 -1.3848616338948756 4111
62 -3.4346695885208733 -1.5845196422498415 3236
63 -2.846737634654902 -1.6599881661719713 4923
64 -1.23589752452902 -1.0220086755920543 2486
65 -1.9812362105064159 -0.8506977069423541 1583
66 -4.034528205431134 0.144035339963544 4573
67 -5.693094224171603 -1.5944450429182238 4988
68 -4.078120860302571 -1.5835546262159943 4955
69 -0.12262421664072351 -1.673691496401005 1659
70 -2.965114635114134 -2.4508958780926156 1645
71 -3.164702311902019 -2.982403373902449 2559
72 -1.3633159914819253 -1.5831566225556453 1907
73 -1.5081070829878145 -0.7870717984756308 2438
74 -3.2499831010684113 -2.062621499984039 3304
75 -2.542553647314069 -3.354221100473282 3043
76 -2.0234620134920642 -3.6525918273581497 4797
77 -1.3757205281083247 -0.026526741324160816 3362
78 -4.357688623704375 -0.21634351725430578 1686
79 -3.178901376651672 -3.3635785048893636 3936
80 -2.8421454834439457 -1.0230088978989968 1043
81 -2.6414851072189425 0.22380571269116936 2875
82 -1.2313812953868741 0.48416949400350817 1925
83 -4.299686687141166 -3.1630290968232626 2139
84 -3.8640794560362455 -0.7871789889919157 4385
85 -3.617043750805843 0.22228110851338745 2646
86 -2.4032292366726224 1.0433032953580155 2480
87 -1.6975506841262895 -1.24642312564048 2383
88 -2.160629815444383 0.7771997301682225 1215
89 -2.2086518810407325 -0.321399735448753 4094
90 -0.9215557930056967 0.24421760925202837 3040
91 -4.511907570500566 1.7063558979793967 3458
92 -3.3189489387985307 -0.5656794435802757 2497
93 -3.975665928055695 -1.9709514516049245 1548
94 -1.8310036724228924 -0.3416613969140793 2905
95 -3.681394196181224 -2.9904462266605307 1423
96 -2.4440548690726964 -0.4504425931650643 4659
97 -3.5220083144755012 -0.36339568947559786 1140
98 -4.687354288279501 -1.0668432898990214 2104
99 -5.187978588264189 -0.15612788693636115 2646
endpoint1 endpoint2
10 95
6 9
36 73
92 93
5 81
5 62
19 81
16 87
15 74
31 44
5 57
40 41
41 81
8 90
75 83
20 48
54 67
33 65
65 84
18 96
52 58
9 77
37 48
4 19
35 87
1 45
6 10
38 63
61 85
28 35
28 97
45 61
44 75
37 85
25 66
46 84
14 52
45 65
78 92
49 73
50 89
6 70
14 94
19 39
70 75
2 53
35 65
55 87
15 96
28 72
37 78
64 69
13 61
59 72
48 56
10 98
41 90
7 84
60 62
58 87
13 89
3 74
8 65
1 49
25 44
7 57
66 97
29 76
84 92
77 82
74 84
22 61
55 90
47 50
12 61
9 88
9 19
1 96
5 93
23 79
12 85
1 21
27 87
23 37
7 38
50 80
89 96
4 12
11 97
35 51
16 54
66 98
58 71
7 51
29 79
50 97
22 62
38 51
2 38
41 78
0 90
48 63
47 89
20 21
12 13
24 80
16 29
8 32
66 94
7 94
22 72
73 81
2 79
18 31
50 85
11 51
34 81
23 68
65 88
28 68
62 79
58 76
64 89
40 86
5 17
9 86
0 18
8 42
49 52
26 99
28 98
20 71
78 99
75 76
63 95
38 80
46 63
28 94
85 86
23 75
56 59
38 42
28 73
14 82
2 33
27 38
22 49
5 89
65 72
19 89
2 44
41 68
7 17
6 27
48 78
10 20
35 71
15 79
39 84
3 15
26 85
12 98
48 81
7 47
16 42
31 50
25 62
71 76
6 64
54 78
20 83
13 32
9 18
25 85
5 92
82 94
56 96
29 58
69 72
33 63
32 33
7 11
77 96
26 91
83 93
36 47
57 89
36 58
24 34
3 93
32 72
5 29
14 72
11 13
62 70
23 62
55 69
21 26
22 87
28 43
37 80
45 56
30 34
39 77
41 87
13 81
19 57
44 94
0 63
92 96
5 72
77 87
25 94
42 75
36 72
45 46
87 92
58 61
3 32
5 82
48 66
12 19
48 61
3 53
39 80
1 7
15 68
16 89
27 69
22 74
54 95
15 51
18 33
48 88
33 42
13 33
40 78
19 41
45 89
11 64
45 49
1 29
23 45
13 21
22 64
19 62
52 77
35 37
67 98
16 43
84 99
51 61
10 74
8 86
6 65
4 81
34 84
9 28
11 60
12 63
20 39
9 17
54 60
34 78
47 81
29 38
12 21
38 72
30 96
85 97
7 45
16 40
3 75
38 95
46 71
35 72
0 38
70 80
62 63
43 53
64 94
25 28
16 71
30 91
21 25
24 82
17 92
63 73
53 97
8 74
36 45
1 8
13 93
53 80
40 50
43 47
17 48
24 32
28 70
19 30
