nnodes nedges type
100 300 graph
nodename posx posy weight
0 2.4878051152743317 10.28591105655127 2017
1 1.0765828829247346 8.645646930345274 3432
2 1.369029772139283 8.871136032194432 4030
3 1.171642737652088 10.348345236399503 3805
4 1.3959161577894033 11.149981130309817 1787
5 -0.33687929741900285 9.446759159431046 4182
6 2.408218319381641 8.716609259376956 2030
7 0.05251164226209198 6.8080077223219595 1441
8 1.972095852700746 8.970368900265374 1913
9 2.4906234172884982 7.593875419377923 4288
10 2.285974488787372 9.463523026032073 2982
11 3.3272434953526693 10.547142200014491 1958
12 1.2788639731601985 9.570273455629145 2010
13 2.620095558116461 8.83017011567741 2710
14 1.187525644841832 9.789595154874801 4603
15 1.8950399882083309 7.639809730337516 4320
16 2.121655484012531 9.591890006643315 3899
17 0.25127567102995413 10.181406615901128 1275
18 0.6013030976477326 9.492261816018361 1426
19 -0.04357413252511174 7.466239588767874 2350
20 2.4714977262287245 8.443301109601732 2455
21 0.5535946247656681 7.677651850425167 4030
22 0.641818950780188 11.179023446007681 4474
23 1.6754018644130024 8.562790748633425 1808
24 -0.21114386859739648 10.27547120400128 1713
25 1.3953072750358269 10.088070291874137 2381
26 0.7859363082167955 7.173326327628667 2449
27 2.200993936743908 8.031679809965476 1567
28 0.6984444213299495 9.163147394800236 2246
29 2.974519714445664 8.316145796282557 1623
30 -0.1272489878943993 10.756757246514539 3478
31 2.0019251923241006 7.79551689340618 1622
32 3.142012428527694 8.622383191174404 4083
33 -1.8949906995230403 8.501401585781695 1887
34 0.29808275274916834 9.655923380271828 3915
35 0.9631419680644657 8.50128582108961 3286
36 -0.6416240915806284 8.160969763026118 4384
37 0.4294205881922851 6.315523740941202 1116
38 0.03921641535409537 8.977721671481273 1495
39 2.056438638165433 8.251514047665237 4758
40 0.20616303213841386 7.96805677714913 3403
41 0.8294209556389566 10.79327569981231 3933
42 1.9391080515819907 10.67377580158241 1552
43 2.5109657601958895 10.836684333330751 3182
44 0.911622204478226 8.168191226229679 1301
45 2.154779903355159 9.991780850868505 4906
46 0.8740343123866854 7.846504384185011 1242
47 2.417310324076322 9.724804699893202 2785
48 2.892273361477067 7.805560469413845 1583
49 0.8449492748426728 9.490271514046084 1392
50 0.07492579116151384 7.653240245804098 4301
51 -0.08918347012369687 9.186420917594315 1656
52 2.646231424889483 9.944464011000406 3041
53 0.3429115941025095 8.404975517705235 3715
54 1.279103142610777 9.074304318869386 1659
55 3.3119274621459405 9.651700114737869 2763
56 -0.5737354546807705 8.721317518468037 3930
57 0.1609376316594426 7.262096063847844 4073
58 1.590051519544454 9.848820451590713 4546
59 0.268610626155977 10.725189690205205 1227
60 1.2787295920718997 7.860132865626004 1756
61 1.5630034356753266 8.222109960726529 1597
62 2.07505397729119 10.784274940388963 4799
63 2.009990596379399 7.275998011728081 3325
64 1.8316576911453941 9.313461743330528 1870
65 1.0051899278251013 7.184296398909102 1460
66 -0.900594923814842 8.021687544144571 1007
67 -0.5176595344047008 10.030348886946708 3586
68 1.6590180531842549 10.901662155424917 4445
69 3.377081306429796 9.303734899161643 3643
70 0.18206316743519477 8.747384221339379 4938
71 1.355250109839467 10.691099085399518 1595
72 2.8628818392136073 9.41735824904221 4563
73 -0.9511385980315676 8.725577252585932 2582
74 -0.39725526742689615 11.428679115954163 4453
75 0.505887805934417 10.406425740466343 3247
76 1.1168974579233468 7.427769747916758 1027
77 3.772858332165743 8.642545627752865 4625
78 3.47641472703547 8.051524238461594 4752
79 0.7319608705610808 10.270653378704274 2652
80 -0.9479381808038311 9.52521816378554 1911
81 0.022574345998063475 8.094151822585046 1800
82 3.416902126730993 7.173925980006451 2831
83 0.3761471315265106 10.922613456574563 1795
84 1.3415617492937844 6.744199133477629 2147
85 3.046539280923649 9.685716923952251 1637
86 -0.6711126290955651 9.038393536476041 1632
87 -0.20812799882584665 9.412656095131407 1931
88 2.642138070453536 8.30053981085752 4941
89 0.09876900896048471 9.761388705067121 2511
90 1.906383293080111 6.833117833522576 3165
91 0.8544809087701182 11.624516685527222 1205
92 -0.49278700061722863 8.088447771873648 2316
93 1.7685325995538392 7.294842974390689 4435
94 1.3810659235953813 11.67043301089665 4222
95 2.013761394642957 10.425340184685927 2004
96 -0.6265360261417005 10.24171137257651 2912
97 0.559175359751636 8.865225039056302 2599
98 3.760316025258697 9.607206511621898 3042
99 3.071877800143748 9.139667815480097 4557
endpoint1 endpoint2
0 20
41 79
81 93
3 97
44 70
29 44
19 66
34 35
0 10
5 54
79 83
11 47
1 64
0 98
15 47
20 48
50 84
2 48
26 53
49 83
30 79
17 51
21 53
20 88
12 64
1 56
64 88
14 71
55 78
39 69
19 76
45 61
28 46
1 28
35 36
31 60
10 62
1 54
25 49
40 76
20 98
10 13
9 72
25 38
54 76
6 85
13 48
59 71
32 48
25 91
6 88
67 73
2 47
76 93
10 23
55 77
39 61
25 72
18 65
27 93
7 84
2 17
18 25
6 60
21 65
51 59
74 89
3 95
10 14
1 38
77 82
12 61
10 29
60 76
54 99
44 66
33 56
49 51
43 69
26 90
50 56
16 35
21 87
5 50
47 64
68 91
1 15
18 81
44 61
46 65
4 12
45 71
40 51
8 28
42 58
86 97
12 55
60 70
15 26
22 62
6 14
57 60
2 38
76 84
39 58
56 92
58 70
17 94
32 45
23 40
36 80
18 71
35 40
50 61
41 43
14 96
73 81
35 61
43 85
12 41
51 53
26 50
43 62
77 88
64 89
5 17
57 63
70 97
25 95
8 42
49 52
14 68
47 99
4 58
12 18
34 54
17 22
67 83
14 53
30 62
78 99
10 32
35 39
16 88
24 53
38 80
45 64
3 5
18 87
35 79
41 96
7 53
10 72
78 93
11 62
29 72
60 93
32 78
84 88
3 22
4 83
62 72
28 54
1 58
42 79
23 52
21 36
37 90
15 82
0 68
30 83
12 92
34 59
14 54
22 67
68 71
8 13
23 31
32 85
50 76
49 70
23 93
8 85
6 64
28 67
27 48
2 34
56 96
54 63
3 59
1 20
21 39
22 59
61 90
51 92
2 19
24 71
66 73
50 66
13 25
56 70
85 98
7 50
16 55
20 61
11 55
54 68
8 29
49 86
74 91
4 43
66 80
30 34
47 85
1 81
9 60
73 80
12 42
1 75
57 73
31 65
3 47
52 55
53 57
27 97
0 85
20 90
11 69
20 85
15 21
6 31
47 95
0 75
9 63
52 72
27 69
64 99
26 57
23 89
75 80
34 83
13 46
46 51
26 35
20 29
28 34
66 86
16 64
30 80
45 62
34 56
2 88
0 3
31 32
73 89
4 75
52 77
72 88
36 38
79 87
68 83
43 94
16 62
21 60
45 79
70 89
2 35
32 63
37 92
12 87
16 18
46 93
31 97
22 24
18 24
8 64
67 97
28 86
13 39
70 87
59 94
19 97
10 28
34 51
7 26
49 60
39 76
5 38
20 31
9 35
8 53
83 91
44 76
1 27
17 97
44 95
52 71
40 50
43 47
41 51
