nnodes nedges type
100 300 graph
nodename posx posy weight
0 -1.727695050621741 4.932467152370407 3682
1 -1.3427089740394709 7.3636167892800914 4586
2 -1.6802143750719678 6.016294392699193 4334
3 -2.457638576240307 6.667465881996507 3443
4 -2.3845830326704065 7.327862802828698 3116
5 -3.530182800480213 7.284546318783856 4802
6 -1.9677063214962562 7.402428145236374 2455
7 -1.0759134604553133 7.431840260544152 3416
8 -3.0952885773869405 4.246355761931638 1576
9 -1.71571578487255 7.892875027844094 2935
10 -3.294457915121878 3.952884902496428 3947
11 -4.272193536762816 5.7008546608048265 1030
12 -1.6984606379903389 5.292478447264826 1060
13 -4.029247531379029 6.450338947687943 4172
14 -2.728885251720164 5.651074905785437 2925
15 -3.1130777125173634 6.652538423623766 3207
16 -2.517422218258714 4.829382891915482 4486
17 -1.1528471121138142 8.362581359837455 2329
18 -0.9193871588100775 4.214251387807017 1123
19 -0.8882998854283825 6.161168142699324 4172
20 -1.5113623524760142 6.88665175749067 2040
21 -1.137629055041909 4.722867693165689 3856
22 -1.4604901735939844 6.467644449066937 3233
23 -4.024379120649884 6.587012509806679 4202
24 -0.5111323638251969 7.062873219345109 2525
25 0.12196786363756176 4.30457392212768 4980
26 -1.7113750259912242 3.7953301202508527 3531
27 -0.8920628942210674 5.755745585270128 1397
28 -0.17989488628500677 4.808063692420536 1014
29 -4.289564452208169 5.330012904890482 4851
30 -0.9032756069781608 4.554720581669115 4124
31 -2.5595271144580196 6.881971645934586 3689
32 -0.6843338161826056 6.27829245164628 3478
33 -2.0202808640696843 6.6768359866586175 4253
34 -0.42821532814175267 3.6536064394829726 4225
35 -1.5974549325440286 4.724012119404724 2298
36 0.11788163441591187 5.6698935297997926 1229
37 -2.8978620978848406 3.411474137689551 4046
38 0.14412661977603958 4.866824975607098 2587
39 -1.9493036743644405 5.305248311281695 3121
40 -1.1617089854303313 5.257011195946159 2917
41 0.6353192433691762 5.823785611880423 4800
42 -2.096992865763969 6.271622555087428 4735
43 -1.2809032364569666 4.139367786469056 4415
44 -1.4515818698840628 7.944428040135421 2322
45 -2.510749770889357 3.235188349728922 3119
46 -1.0407329711871849 5.51586376309374 2558
47 -2.118853189569442 3.0213855968997687 4562
48 -2.299139895067151 4.282746106743871 4490
49 -1.4989711280304596 4.755390042055628 2331
50 -0.4032547981943665 5.541135469336463 1980
51 -0.2588289408109643 4.465004111347776 3123
52 -0.43576117944903753 5.134770852459026 4850
53 -0.0622174929226199 5.64801987332734 3163
54 -2.4656870192746054 5.3913444602547305 3131
55 -2.368056007763056 5.227176521874865 3146
56 -1.491108654640935 5.685939504286983 4967
57 -1.2888561554327314 3.064902295491476 1864
58 -3.082127028004982 5.29767129328241 4457
59 -0.0441971914601461 6.774317079722722 4921
60 -3.305666159764766 5.862401797908879 3190
61 -3.289694003110772 4.50929052454363 2177
62 -0.6700042321400895 6.674787327624133 1534
63 -2.1006865014608955 4.726533011810562 1576
64 -2.0607009024995127 7.040112896061424 2381
65 -0.5555905139322039 4.913377280982289 3682
66 -1.7549830549333578 6.289576464988799 3847
67 -3.480483647735782 6.7582514887767475 2492
68 -3.6522909729365423 4.759499473189073 1434
69 -1.9861345747561485 3.4598008771142226 2775
70 -1.21439382995885 6.226880751713027 1045
71 -2.0962634144468217 7.468377386711528 2411
72 -1.9326685775345005 5.7440030549501095 4595
73 -3.5329602254298975 5.971407469054111 3672
74 -2.5621385575134634 7.511608521464457 4667
75 -2.7454435228889627 4.342887545616761 4708
76 -2.6864244932158967 8.044911349256427 2875
77 -0.2836091957224281 6.135313035681583 3995
78 -0.3783620976385826 7.909820402200722 2842
79 -3.549498457637317 5.506011565273507 2864
80 -2.859489207522738 6.707171262691548 3398
81 -0.7916947289498234 7.242361071672829 3014
82 -1.6435712540652947 4.254976660870792 2317
83 -0.5736043054427141 6.871389315045106 2972
84 -2.7067058275918097 5.851512780588983 1755
85 -3.0975123551994663 7.6214188731506916 3289
86 -2.3944073381868023 6.128086270531534 3968
87 -3.947378127155972 6.099747392807735 3374
88 -2.169374924097095 4.092970435650931 1657
89 -0.09784620915766831 7.430546640515907 1287
90 -2.3462483819384605 8.154281006548429 1313
91 0.028589990715722793 5.222609125090394 4133
92 -3.297452064739777 4.84487772949313 3321
93 -1.114797140640999 6.591373276511748 3836
94 -2.9316656329809447 6.01565726313284 3350
95 -2.9414375727712043 4.911985127115661 2792
96 -3.003262532218259 6.207929224787961 3314
97 -0.9053293299047339 3.802948960145716 2768
98 -4.221359793818791 7.398324025970813 4034
99 -3.139725909468231 7.059289850451541 4434
endpoint1 endpoint2
32 54
67 79
5 31
86 87
38 50
44 59
39 70
19 81
54 58
67 85
21 94
4 55
43 65
94 95
25 43
31 71
60 74
43 63
29 96
28 97
28 46
45 61
52 83
49 58
19 65
2 27
14 43
79 86
16 63
5 11
6 70
19 39
84 95
18 46
1 59
31 73
67 73
14 15
61 88
12 80
28 32
27 40
33 96
42 93
39 72
31 96
18 65
67 90
1 31
30 82
0 30
18 25
0 52
85 96
67 96
20 63
61 63
4 15
23 66
58 66
37 57
3 95
2 54
26 43
39 42
6 86
26 38
15 16
22 32
64 66
86 94
2 80
49 51
31 40
66 72
16 35
39 88
36 46
1 15
49 66
12 36
87 96
2 12
26 49
4 31
36 52
14 22
59 65
22 86
61 94
34 53
67 84
58 99
39 82
26 95
10 47
83 89
50 70
56 66
71 74
3 6
25 53
36 62
18 97
9 76
35 69
64 86
65 88
38 41
28 49
27 59
76 78
60 88
20 89
62 66
22 46
39 68
50 51
17 89
42 84
69 92
0 8
24 64
21 77
18 21
19 53
2 7
35 56
32 91
0 96
46 63
49 72
77 78
57 69
55 86
0 46
53 66
80 98
5 76
74 80
48 54
4 44
76 94
7 74
49 55
61 68
27 92
33 84
16 39
22 30
27 65
63 82
40 55
79 84
46 56
9 74
77 81
35 95
18 48
24 99
3 83
10 26
67 71
56 96
19 84
29 58
27 86
1 20
32 33
56 83
2 19
7 90
63 68
30 52
2 75
42 44
0 50
40 52
11 96
17 33
4 90
51 57
3 72
16 58
34 88
1 32
42 54
64 93
21 45
82 84
4 96
41 77
0 91
47 88
12 14
32 46
40 43
13 15
48 72
1 4
66 74
16 33
0 63
25 52
13 94
51 52
42 60
86 99
60 68
6 93
20 85
9 85
7 70
76 90
22 80
20 64
62 86
7 83
0 75
30 63
60 96
50 72
71 72
26 57
58 79
70 73
10 11
5 6
40 65
9 22
15 31
46 55
47 97
32 50
52 97
67 92
48 79
52 82
14 55
48 82
3 14
52 77
67 98
14 42
24 51
36 38
18 34
35 77
8 86
32 89
75 95
54 79
4 81
23 73
20 39
80 96
2 35
77 93
9 17
56 97
9 83
8 37
16 18
46 93
31 42
12 21
27 41
2 93
1 24
7 32
16 37
73 84
22 77
93 94
44 90
2 72
20 62
53 93
37 45
42 56
60 64
66 81
5 94
48 49
28 36
38 70
21 91
61 73
13 14
19 71
58 92
0 48
42 46
58 75
28 91
80 84
10 55
69 97
14 87
9 71
