nnodes nedges type
100 300 graph
nodename posx posy weight
0 -0.5655693856568947 -0.6413052176831034 2046
1 -2.4707728511613762 2.0991526617064613 3358
2 -2.7271649850591215 0.07467166162517014 2142
3 -1.2756314948813265 -0.6103469525759014 3129
4 -3.889997814076049 3.380402670116442 2586
5 -1.7834812381529854 0.4947513537668537 3036
6 -0.7391598493423484 3.1557887805787943 2883
7 0.7536797638255984 1.9165286204715772 1784
8 -0.8227285897369199 0.08496897115366511 1098
9 -1.5528330590601933 0.7678463286632399 1509
10 -2.0901101706490923 0.6832123281366914 1353
11 -1.8456861795499275 -0.07618262345764087 3981
12 -0.15749655844628052 0.2954484099811239 1964
13 -0.2259277880237749 1.3072091553226328 4891
14 1.3235122173609668 0.43283554015587195 3699
15 -0.9403638287711634 -0.5095203780996915 2473
16 -1.1618242050429541 0.6169118299937434 1126
17 -1.403833997406552 1.88745172167833 3623
18 -2.909154841409289 0.8643739568925716 2862
19 -1.3547719431711713 1.0215574748611769 1962
20 -0.2908460150281939 2.01689444038853 4874
21 -0.8507689103161343 2.418682776428882 3078
22 -0.07938477031859481 2.3164261409250333 4079
23 -4.185426989925974 -0.06478803834063404 2203
24 -1.1503137455568868 3.3453841419775943 4264
25 -0.7678965995086346 1.3019597698110823 1054
26 -0.2842234368278183 2.4290597022066227 1571
27 0.6009784262790899 -0.22018412454973202 1534
28 -3.0458667613234387 2.474906741939934 2006
29 -2.391693958133738 3.1174128208472567 2314
30 0.02673872581658444 1.7768072018808787 1983
31 1.60280967565342 1.2081317711260244 2229
32 -1.5094447958395543 3.154778296365131 1037
33 -1.6727653028585556 2.4798283160782177 4650
34 -1.1752776327857026 -0.2612467290365914 3227
35 -0.2712140114536562 1.6433666013045123 2307
36 0.8829024958402178 0.7707385107073701 3957
37 -0.9002364837700979 1.716243770396683 2849
38 -2.188709637399775 1.3633705137346723 4798
39 -0.14453891322644494 -0.8546671429325046 1680
40 -3.6765060031011236 1.6528259790298692 4037
41 -1.2099574247016398 -1.100576510280525 1744
42 -0.574039595206211 1.6122845993877781 4980
43 -2.540736131659027 1.3852431675947272 4880
44 -0.9307607926436464 0.7405630803519322 1879
45 -2.0853617471760386 -0.37062073542208146 2990
46 -1.0298010678198704 3.056181853746017 2312
47 -0.8948247537223069 -1.4847193136750083 3853
48 0.5177561490423528 -0.7104260019929441 4281
49 -2.336126708040106 -0.36532281129575206 2036
50 -1.7859366419853033 2.0186785955366715 3893
51 -2.4424872641246362 1.6822791116830167 4448
52 -2.4016900201940548 2.439914995739785 4447
53 -3.35444625942982 0.421490231724922 3173
54 0.41547987260294905 0.7304767375617287 2855
55 -1.9026106114906243 0.17632687044632617 4182
56 0.12357404432124734 0.40984519144837206 2425
57 -3.42602769124334 0.790906442808928 1113
58 -0.43570686997699587 0.7694779892498578 2221
59 -2.0416492077626134 -1.34681022373379 2063
60 -0.9469952674592147 1.177401630181501 4233
61 -2.8170171963307795 2.1158561137655796 3987
62 0.757521121428272 1.4962451907179068 1638
63 0.5085109427903745 1.9527554012292054 4393
64 -1.6602022025206533 1.3520640116964553 4430
65 0.5764709576333787 0.3637570613632232 1585
66 -0.3474430603019661 0.44732341391394365 3870
67 -1.5731545942340792 -0.20933580197662285 1921
68 0.05450420127597331 2.7394379616576754 4163
69 -2.8749500451713472 -0.6961507149118064 2508
70 -0.7649377879694101 0.6142612033049808 3811
71 -4.037713277827479 2.4407435478125747 3083
72 -1.5692737148315758 2.7555458389885015 1226
73 -1.8785309422189482 3.277515679079004 3240
74 -1.5042169993762156 1.5362155052251325 2817
75 -1.0855163349219508 2.0033757523991995 2866
76 -0.14015458776829706 -0.5112990088520907 1764
77 -1.913165173170157 1.9367246491791794 2573
78 -0.40027556869008285 -0.2538492407292956 2668
79 -0.8265234493394448 2.6777633785841037 1937
80 -1.8872170205190963 -0.73922750983063 3537
81 -1.7230170624257173 0.9204840874116786 1037
82 -1.5854195592092237 -0.7137267526809477 4500
83 -2.998882188684191 0.2275529635986262 2230
84 -2.3839724807219134 0.7720312218117317 3499
85 -0.323761952951887 0.9903249435136143 4970
86 0.004179956072384084 1.0953974513740963 1252
87 -2.900128592512568 1.0697176650807017 4749
88 -0.3426706563419361 -0.9411968219423363 3488
89 -3.169294430343822 -0.09232246652924622 4818
90 -2.0558416610888615 2.8823194420273532 2054
91 -2.6988149127476566 0.5142410867541563 3660
92 -0.7133626022692076 -0.26331051554103624 4851
93 -1.5299987994908315 -1.4280377859797155 2915
94 -3.085527623403206 1.2593526655576328 4912
95 -0.25772476539145905 3.1008462274664454 3565
96 0.405455603524439 1.1814655094737743 2108
97 -1.2614524301108814 2.468543318102712 4895
98 -3.048092220157096 -0.3216213639690641 3212
99 -2.8042823606213068 1.8409418850422108 3843
endpoint1 endpoint2
57 61
45 98
59 78
8 44
25 82
7 12
5 44
54 58
7 65
17 20
23 98
16 87
72 73
41 92
51 89
34 35
50 60
2 67
37 97
35 58
10 61
44 92
15 47
46 61
70 78
5 8
52 58
49 83
14 31
45 88
17 64
42 77
5 18
25 26
65 96
69 93
8 15
50 74
24 52
40 57
51 73
32 90
45 78
35 65
27 39
0 80
39 48
55 64
17 67
12 80
76 93
66 88
0 67
48 56
5 34
11 83
6 26
33 61
7 22
63 70
39 85
9 97
69 80
27 78
50 79
51 83
11 98
19 49
60 86
49 84
8 84
50 90
9 75
43 52
21 43
28 77
70 91
37 54
20 77
9 45
0 27
7 21
46 95
67 89
30 32
2 18
9 34
13 79
5 50
3 11
26 73
90 99
25 58
38 74
21 68
40 51
70 81
68 97
2 59
47 49
22 62
9 91
1 99
25 81
3 55
41 67
6 32
14 56
26 95
44 82
69 89
43 64
37 96
50 85
33 64
65 88
4 28
12 65
13 44
60 75
37 74
55 92
21 33
84 87
62 66
10 19
2 43
53 55
81 95
30 86
50 51
16 26
29 46
66 78
83 84
57 99
51 72
35 79
57 80
65 86
3 67
29 72
28 94
0 81
64 70
31 86
8 39
91 94
42 90
19 74
8 58
22 30
46 86
9 96
17 38
8 13
21 64
20 56
18 37
10 77
36 48
59 80
10 15
55 85
19 22
37 64
6 17
6 90
56 96
22 33
1 25
15 66
33 44
63 68
13 25
19 58
9 99
51 81
10 38
40 52
12 37
87 99
26 62
74 91
33 73
60 84
45 83
3 16
34 88
77 84
42 54
5 66
47 48
19 94
97 99
10 44
3 9
26 75
18 28
53 81
36 63
55 82
71 99
34 93
3 47
67 76
43 49
21 32
38 61
65 76
5 16
66 85
16 67
42 70
20 24
11 86
16 86
42 85
38 66
39 80
36 86
25 64
52 72
57 98
41 82
51 75
57 87
41 58
6 68
25 36
55 81
6 75
30 78
56 60
74 81
32 50
42 76
11 64
2 45
58 62
67 92
15 93
30 37
66 86
24 75
13 74
43 77
1 2
69 94
0 54
3 76
19 51
84 99
9 15
10 74
21 60
84 94
14 27
20 92
34 67
63 74
72 79
8 56
15 56
13 77
24 72
29 99
40 53
87 98
1 79
35 72
45 82
29 77
19 35
74 87
22 97
12 60
23 57
22 35
30 44
41 49
14 62
5 38
55 60
10 45
18 69
66 75
55 98
13 27
19 56
3 8
43 87
21 72
0 48
28 32
68 85
50 94
6 79
86 96
37 72
