nnodes nedges type
100 300 graph
nodename posx posy weight
0 4.801703021730775 -0.8290604314388988 3522
1 5.204860198713612 1.0976873756896983 1179
2 3.222110686439002 1.022533670651412 3819
3 6.825254737115935 -0.7355307292850988 4068
4 4.049623282582255 -1.2050257259741746 4339
5 5.463730058219742 -0.7246399277840002 2669
6 5.804772729601679 -2.0391867470975495 3476
7 6.122124663676432 0.21670488124153384 4416
8 5.367529021260913 1.4490569080604514 4261
9 3.570778764954116 1.3382333567913784 3452
10 4.4934681707476365 -1.974706161449996 3937
11 5.770531113371844 1.8656862245494397 2579
12 6.519361680449972 0.5030500539571702 4653
13 6.748191789931627 -0.3641840526149364 1373
14 3.8500821141498873 1.5801489213807707 4747
15 4.229817164241961 -0.12284203178375253 4801
16 7.347601397242191 -0.46438142248091296 3534
17 2.4454995653391935 -1.5097203057453448 3460
18 5.816140050831513 -1.0541584053404702 3253
19 3.9920381326004866 -1.8591839115330653 4668
20 4.387372321456404 -1.1438478479390741 1720
21 6.0838130985893075 1.371147855615245 3288
22 5.150320694642751 -1.6008855923164869 4169
23 3.2093852335006146 -1.4665531693504872 3565
24 7.214332601097087 -0.17407924985675666 1029
25 7.760949393665657 -1.2873385468190621 4851
26 5.7789437673731285 -1.3511872552710105 2011
27 5.322559273727639 -1.8248964540921118 1010
28 5.892326601670808 -2.931608352240627 4689
29 3.6739177915515824 -0.014978459103113738 2617
30 5.068449854114765 0.5979233930854412 1475
31 4.70375300056649 1.8623180280117346 1503
32 4.288857797947008 -1.4727108544872758 2080
33 7.040367015721561 -1.0819101403890248 4209
34 5.850373134915192 1.0123900721080126 2570
35 3.624772743086283 -2.1189564447428473 4300
36 6.218390387019413 1.759354238794931 3545
37 5.793237059060667 -0.5840486688296596 1617
38 4.851351330355926 -1.568281867557657 2811
39 5.5301663971849795 -0.3184635778922994 3218
40 3.8970142778807992 -0.5246892726903998 1795
41 5.150994420021153 -2.0256600445985318 4825
42 5.290320527282583 -0.1496677188502572 2534
43 6.21572448142595 1.05768897808281 1520
44 5.7041008058235105 0.6346911975269299 2082
45 3.8189545254319355 1.2083933027793827 4930
46 5.287758079551584 0.39841569220106837 3981
47 2.1551562838586 1.546844957865229 1983
48 6.573205264600417 1.2317140906317625 3368
49 5.015406164279412 1.8149833964768352 2841
50 3.510171888879447 0.8506171867608568 2646
51 3.4903719024214293 -0.06006339502188383 2838
52 6.837644499879882 1.8957821603869571 1261
53 5.774828552604893 -1.5735209845648175 2354
54 4.496082698258188 0.9865565523477455 3942
55 4.7398474472625045 -0.40693274472647184 2833
56 3.1908314504477038 -0.7256394713199072 1190
57 4.646176997174662 -1.2614513180366203 4071
58 4.533212943334174 2.29760348678821 4313
59 5.602521100174789 -1.0922688621462084 1189
60 6.939216549801781 0.7637568603520857 1707
61 3.9072079717012964 1.8967649511943807 2382
62 4.37719936297916 0.31038912430716337 3762
63 3.9490630820808006 -1.108941295169233 4664
64 7.669436188842405 1.4679974528572721 1751
65 4.934035619167324 1.0875154379204408 1205
66 5.176193749202374 -2.7486414374664285 2400
67 4.700839351573432 0.25022158409589823 3882
68 4.519660351226987 -2.2828510266637307 4529
69 3.344083175254086 -0.8633020024899981 4352
70 3.62806404286313 -0.7389574800058987 4734
71 5.978324224444479 0.5801734243886008 3588
72 6.481707059625123 0.2692610665633378 3152
73 6.5334878508303085 -2.395066302461592 1701
74 3.7889410350905006 0.4027207932695188 4852
75 3.2931066708291388 -0.32224549636269717 1769
76 6.240860854779248 -0.3968403547968089 4855
77 6.639505162719899 1.0537287612265156 4887
78 4.273607344762251 -0.4394781995933386 1985
79 4.8020203300877435 -0.5375918293131032 2314
80 7.10678965668069 -1.6289387799354795 1650
81 4.528261991835152 1.4433125862398426 4310
82 7.235562557306509 0.23058986979601193 1799
83 6.724896771785785 -1.0372466655974546 3841
84 5.902614260629884 0.4176689086528758 1275
85 5.9051632715821745 -0.3156124805237143 2460
86 3.741032918997788 -0.933875250566706 2597
87 4.033835894608157 1.0007615207871 1432
88 3.3572345694326615 0.623419544028096 3215
89 4.212729777406902 0.8886637643120106 3384
90 6.706549210351595 -2.066408733403259 2636
91 6.752232221083403 -2.2850650585188372 4737
92 4.993977121476971 0.1868756786834535 1687
93 5.54077087857498 2.2387834100488013 2712
94 3.171446554936256 0.27734241719816205 2075
95 5.2915664236833235 1.8821782392975102 1950
96 6.299934032084629 -1.1300565795058244 4589
97 5.292050075980763 0.7097632083514944 2237
98 4.579650775232917 0.4854030006690188 3402
99 5.703891590682491 1.5463389020875355 3551
endpoint1 endpoint2
18 55
0 86
31 93
20 86
8 44
8 97
55 75
40 41
56 78
19 66
5 57
22 68
15 71
39 92
18 85
57 86
45 75
78 86
54 67
53 83
42 62
14 31
96 97
12 64
1 45
15 30
10 18
23 35
32 38
56 88
11 84
81 88
16 25
22 28
32 41
43 76
10 35
42 98
78 92
62 97
35 57
45 65
75 94
50 89
20 53
60 92
57 70
38 96
42 51
3 85
26 37
25 91
31 87
19 86
2 47
30 39
19 75
1 84
44 72
50 55
85 96
33 90
20 63
79 85
4 15
43 92
62 98
74 89
45 81
11 58
80 91
77 82
23 79
49 89
52 60
84 92
4 98
30 88
22 32
4 32
11 77
24 83
19 70
30 55
36 46
22 79
52 64
26 73
8 9
74 79
3 73
18 92
35 70
8 81
36 52
0 87
39 41
12 79
15 88
23 63
39 65
67 84
81 97
6 32
51 88
44 82
9 61
7 37
30 48
34 98
21 71
29 69
80 82
10 66
91 96
13 44
32 67
12 52
14 81
1 44
44 46
87 93
59 76
21 99
69 79
24 77
5 59
8 48
83 84
10 63
44 98
39 96
26 55
57 69
0 46
20 94
34 65
29 55
29 98
62 95
5 33
56 86
55 59
34 59
16 82
7 34
8 58
73 90
5 99
2 29
2 70
20 56
14 88
65 81
71 89
10 15
36 48
42 53
21 42
4 22
27 37
36 65
27 86
74 98
40 46
63 75
51 92
44 78
24 60
22 76
4 79
93 95
13 25
49 65
21 67
1 72
60 84
50 92
61 99
42 54
5 29
3 37
37 67
0 22
66 80
6 18
4 38
27 85
31 46
46 89
61 74
6 33
11 92
68 78
58 95
39 77
18 83
80 83
35 68
74 92
56 63
0 85
40 87
36 72
26 96
8 43
32 56
52 93
21 95
48 85
13 18
51 86
12 30
7 92
7 43
26 76
44 99
65 85
71 85
5 6
70 92
3 42
19 26
13 46
24 26
22 37
67 75
38 62
29 54
2 45
34 77
17 86
62 92
0 69
4 56
45 62
32 40
56 74
57 72
53 90
3 76
84 99
9 15
12 33
59 83
34 84
15 97
55 84
40 94
20 39
53 63
76 81
9 94
59 68
14 67
61 89
54 97
20 79
8 37
38 59
27 90
24 72
41 91
2 31
43 72
87 98
51 69
1 79
32 70
7 62
31 77
62 63
71 95
4 86
12 49
43 93
87 88
9 89
44 54
16 71
86 89
12 84
0 26
8 34
14 62
15 63
13 80
40 63
29 86
44 95
49 67
8 93
16 53
42 46
28 91
74 78
72 82
23 70
65 94
2 58
