nnodes nedges type
100 300 graph
nodename posx posy weight
0 -2.7763400070751003 0.39935811307814273 1239
1 -2.25648382403104 5.353768229639231 1991
2 -2.7140609847626544 2.6871048327153884 3931
3 -2.6588548785976265 3.682424732440708 4721
4 -4.114311369398148 2.1676605122550017 2094
5 -4.762053775229981 2.1244426291694434 3046
6 -4.94629380967527 2.605633667491385 2386
7 -3.962901978144375 2.6586274600393236 3600
8 -3.7883973852097492 1.9316287725777204 2410
9 -3.904372440894134 0.342441434629233 2712
10 -4.683946091248161 3.533819653717195 2108
11 -2.6186811750784 1.7281661574914227 4345
12 -4.960896459908947 3.678886568709702 3863
13 -4.47167706811229 3.2690194257229517 1509
14 -4.650642147235269 1.5999110931401606 3289
15 -5.088827024977089 1.409709361787174 4320
16 -3.600037817535345 3.1636858518009965 2070
17 -1.4406965312124989 2.1229101610917662 4866
18 -4.100927176609978 0.5915383184306356 1420
19 -3.056376306854626 0.7264913473636923 4825
20 -1.9258170938722556 4.1485475315218565 1892
21 -3.6132566842296576 0.377575693406055 1299
22 -3.31463973709623 2.6902204968714662 3863
23 -3.8861354539188415 3.7061560383020624 3946
24 -5.723191241741471 1.8408314720281234 3641
25 -2.930319980070604 5.2559696594618 3034
26 -3.0203069767901387 1.3585815935987846 3341
27 -1.9805523816464397 4.606140826699367 1930
28 -2.4771708734218807 2.716054826739854 4302
29 -3.177269523183358 4.341178800063418 2333
30 -5.4371507473249405 1.7591202384602058 1787
31 -4.100523470179983 2.4356690680320994 3720
32 -1.4846710766616265 1.6791039091620352 1150
33 -4.212906272692052 3.2235390114146467 3085
34 -2.004995355739286 1.9711712709019775 1682
35 -2.002041187429981 3.13593796811136 3497
36 -2.8604879177080655 1.9899413877927872 3455
37 -3.19067253022469 3.919261497821234 1320
38 -4.694314570850008 0.8712469955749523 4016
39 -6.092877543334805 1.5461621517209942 4963
40 -3.2850159966512984 1.9926724505674929 3867
41 -5.661493404600027 3.4575020116519224 4070
42 -4.209161828563352 0.9599466629370363 2914
43 -5.065330779338079 2.353387553862121 1868
44 -4.00217120787269 1.2334110339091433 4314
45 -2.70428595951145 3.0662310840182383 1186
46 -3.834977454286602 2.7239714147630973 3755
47 -2.116237232389426 3.3747281823840587 2283
48 -3.82132933405246 4.946068652269118 4238
49 -4.357497094902711 3.9843620296018583 4688
50 -5.6552755780797614 2.7855849909169534 3321
51 -3.983527732364336 4.14878405022892 2855
52 -1.6063387383203465 4.185355532352843 3846
53 -3.8831556585474147 1.5641496752195394 3145
54 -2.2990106427953214 2.8390283913993724 1504
55 -3.3933752588790456 4.620655743886639 4576
56 -4.218892406575337 2.994739200192693 2641
57 -5.125958758839255 1.8359366504223855 3145
58 -2.7937158830162097 4.177719863671212 1950
59 -2.28567703510679 0.8910240162700194 2838
60 -1.9988750947992668 1.262824253811468 1657
61 -3.0245117363483813 1.0173839841983763 4480
62 -1.9998476135184717 2.2147294884686763 3540
63 -1.9557987162085486 0.7503718045182759 3387
64 -4.476859492122652 1.663282434743949 4050
65 -5.4763848813205165 3.120711614565156 4854
66 -5.287040531761987 3.9973665839880628 2026
67 -2.5596584518296197 3.374774666324592 1777
68 -1.4446943695703713 2.8671816465413253 4687
69 -6.495593790826575 2.890669084793996 2990
70 -3.6714053881787105 4.53983959176386 2978
71 -2.3006550146506926 1.5255361366043356 1907
72 -5.838163341644453 2.0985196265549573 2911
73 -3.112868910160007 3.4493432759805396 4753
74 -1.8376303721999199 2.8015798012808495 2039
75 -4.2516063315732495 4.355823232366354 4006
76 -3.7827390477738203 3.3211786292584153 3083
77 -3.7498000956565045 3.7811307046805553 4099
78 -5.249921261309371 3.4035060901622054 2537
79 -5.841701008927689 3.2905876334743493 1636
80 -5.112988432930775 0.9352660589576368 4245
81 -5.421790000635645 2.7287793005959085 3994
82 -5.613268976420887 3.74971056122435 2805
83 -5.315443374455116 2.481130827454044 3998
84 -3.038741823071029 2.6234565569310626 2879
85 -3.120599542989316 2.2141753272063687 4668
86 -4.825503846663748 4.3600102934164475 1106
87 -1.451063127652766 3.602264550533033 4190
88 -4.686961415967085 2.8639639237072196 1861
89 -4.454296253967153 0.8515322279312499 3177
90 -1.9683820101058034 1.714522338899959 4182
91 -2.973929042977353 3.800078323214266 2399
92 -3.358868798184998 1.8482479788863153 1608
93 -5.496453101420763 1.2297777307902746 3190
94 -3.4067034469636743 0.15073701921870694 2672
95 -3.4188884062551783 0.7510693125278549 4399
96 -3.3048193984645895 2.9010086951588137 1522
97 -4.03605505196702 1.8030826567802356 1477
98 -1.7112935360676258 3.36669223745185 4104
99 -4.557563407285599 4.79124995045511 2263
endpoint1 endpoint2
22 57
30 65
40 88
44 59
33 55
17 74
81 93
5 81
61 95
36 68
3 52
54 58
48 67
31 44
2 67
94 95
15 50
47 68
44 92
0 61
58 76
5 8
6 69
36 61
54 67
26 53
14 80
21 53
37 75
52 98
67 74
11 67
12 83
36 89
7 28
6 44
22 28
56 75
36 84
83 85
72 89
53 89
13 86
32 90
14 94
34 85
21 40
45 91
59 71
93 97
45 51
16 78
41 69
31 96
55 56
2 90
73 91
47 77
52 67
8 12
28 87
42 57
23 66
4 26
54 73
71 94
29 76
0 42
32 74
61 97
8 18
2 37
47 90
62 91
27 87
49 51
39 79
26 90
7 91
16 35
13 79
22 26
11 35
13 92
11 97
75 88
13 41
20 47
80 88
6 76
19 95
20 87
29 49
36 74
76 84
30 46
54 59
56 92
7 77
23 40
58 99
13 16
25 70
43 64
5 56
41 43
0 62
33 64
45 74
40 67
46 49
37 74
71 96
65 88
23 49
65 77
19 90
36 90
45 60
14 53
41 83
24 53
16 45
19 53
7 53
5 10
11 62
47 62
5 7
14 82
3 84
9 92
77 91
2 33
40 64
38 97
29 55
20 28
29 98
22 92
5 33
9 38
31 33
47 76
10 37
49 70
50 76
38 93
11 40
41 99
12 51
29 75
26 40
42 53
8 19
57 64
31 88
12 75
27 37
56 96
12 86
9 44
74 98
8 36
72 78
46 92
61 71
69 72
31 43
2 92
34 60
31 36
76 97
43 73
3 31
58 68
15 39
70 86
36 53
80 89
8 16
49 91
14 72
3 37
10 31
16 70
7 14
39 64
5 42
4 38
77 99
62 85
58 96
6 33
42 80
86 88
41 66
83 88
0 63
50 82
72 81
19 42
49 81
13 96
46 54
86 99
27 47
16 67
8 96
6 31
0 19
61 64
12 88
33 37
51 86
0 9
16 46
13 84
30 50
4 65
46 73
1 52
49 79
33 66
14 92
53 84
3 25
36 60
24 41
28 95
20 55
22 54
37 49
2 62
75 99
30 93
4 45
12 82
28 34
66 86
33 51
30 80
6 24
4 56
28 45
83 97
48 82
54 85
35 37
67 98
1 55
32 92
31 78
34 84
64 81
22 51
15 18
7 10
11 18
33 97
72 79
31 42
67 91
15 56
22 77
73 84
43 72
34 40
85 97
15 53
23 29
60 61
36 40
43 93
10 50
38 95
15 38
57 66
74 87
3 36
9 89
30 44
54 98
17 92
5 38
7 88
33 81
40 63
73 87
4 77
18 80
44 95
17 35
16 53
23 85
63 90
29 67
26 71
28 70
71 98
