nnodes nedges type
50 70 graph
nodename posx posy weight
0 -1.5061119713050712 4.6097503899021195 421
1 0.35132313908734686 3.6540651336849312 148
2 -3.2583967184066456 4.662949929824434 158
3 -5.752300908578663 5.125242243811542 410
4 -7.874894497176212 5.592164478723093 279
5 -1.9923759883824974 4.1543151465564945 200
6 -2.8268491984861677 6.270574087122216 173
7 -1.0618886153116658 4.676644274566311 103
8 -3.9420550932658807 3.9822713499413744 434
9 -2.048949080563451 2.869190925433595 397
10 -3.9664354324262683 4.774445736703123 120
11 -5.223838861257089 2.4133585886131534 227
12 -0.06446897498565317 4.375023778066364 388
13 -0.06779238908860524 5.72256162119179 130
14 -4.612840393796157 3.785189726318877 478
15 -4.591603160562802 4.743021973974931 251
16 -2.938552532974872 8.414433946886605 488
17 -2.311665732953821 3.4026056887578813 306
18 -2.7686552606689 4.042561111096334 64
19 -3.5395990770288277 7.327557151358049 51
20 -5.270778035329273 5.645161936266279 95
21 -4.947429083066997 3.324726650228252 423
22 -4.247433895617462 6.266497035741919 159
23 0.767844994046858 6.437933639897744 190
24 0.4697605659179901 2.7525753935460546 27
25 -3.9240659070192443 2.0175418819430075 495
26 -4.208506822436555 2.8795581112506303 352
27 -2.538424914218049 6.852715083454499 251
28 -1.3445478490395963 2.4785899628263817 7
29 -0.06668242603048026 0.9782945417689668 297
30 -0.6245439749240723 1.9367147447630995 250
31 -0.9174861846292344 3.7715005094284946 39
32 -3.6723503037798757 2.8226233188470875 82
33 -4.462582898221952 1.7348798594363997 435
34 -1.7257940202712385 3.4823443593203023 445
35 -1.071745153729856 7.597079472802199 83
36 -2.432201985507018 1.6257534326829126 247
37 -0.07516953497626958 6.957777237392526 78
38 -1.591343128937012 5.6499505265469 125
39 -3.0053055647910902 2.7690460957095406 243
40 -3.401574672587124 1.4638940893782986 371
41 -2.5067324971289797 5.40514453215124 80
42 -6.8473559894068226 5.3911112573836775 120
43 -0.2179606752499358 5.085425339947808 76
44 -1.7048435511564783 8.61628487667439 362
45 -0.7380874185210536 3.1313393315071485 450
46 -3.766417783167543 5.589277741823002 114
47 -5.630522770305236 4.433381264798864 248
48 -2.8395125908320273 5.935253474593052 365
49 -1.7517769151495421 6.646357058295351 228
endpoint1 endpoint2
3 15
5 9
23 37
5 31
25 36
15 20
2 8
3 42
7 38
13 37
10 15
28 34
0 43
19 22
26 39
2 5
15 47
35 37
32 33
2 48
4 42
35 44
28 30
18 34
8 10
10 18
33 40
15 46
27 41
10 22
39 40
16 44
28 31
41 46
29 30
17 32
0 18
0 12
18 39
0 38
11 26
11 33
7 31
11 21
38 49
35 49
16 19
8 26
0 34
1 31
48 49
21 25
5 41
28 36
13 23
17 39
6 38
15 21
7 13
19 27
5 45
27 49
24 45
10 14
14 32
7 17
2 15
31 45
30 45
6 46
