nnodes nedges type
50 70 graph
nodename posx posy weight
0 3.910756326767032 -1.2087058034029203 137
1 3.1918955089891563 3.5006155685107694 104
2 4.950854305802411 -0.1478417505316679 186
3 2.3287245374155736 3.2619765318268867 260
4 1.337393382755957 2.8542769419062024 456
5 1.4231498443585189 -1.308109966841768 285
6 2.0410308797194348 1.448815879845702 87
7 4.243304261829862 1.3957645464296615 151
8 -0.2874545165702497 -0.7510481148817402 418
9 0.15335355137889356 0.6333978526289018 260
10 3.2040900548854276 0.564016138397251 363
11 3.339902227960919 -1.1963499777151179 131
12 4.514740040816815 2.9944941395685474 467
13 0.9202026247944541 5.118230541745707 339
14 6.464445818209292 1.0486607704360593 21
15 2.876794118259808 2.5530032563035516 446
16 1.2108805381085368 -0.12903432286296768 290
17 4.905987958992336 -1.4606813877913174 256
18 -1.3015994419027608 -1.1376108299918977 340
19 0.29800274747907884 -0.0902924886146551 263
20 1.9081774289118343 2.809316160193322 254
21 1.375893691018047 4.114739116062921 317
22 2.125941850365302 0.1624309978110721 333
23 1.8599308204176654 -0.4006484861683304 131
24 1.2763215950546067 -1.8391352479246865 298
25 0.9262104733045551 1.6794313783237211 106
26 2.7147605645959123 -0.7995432097325575 108
27 6.840818336955735 2.4345230716604522 120
28 0.7346787148340064 2.9115574743981676 190
29 2.0292364098934774 -1.0303400906089384 36
30 -0.36618532960056555 1.1831155536042275 361
31 3.914381328544967 -0.5604196480535522 483
32 3.384790411021932 2.0847211748986685 252
33 1.1718604244989976 2.2231249863783376 180
34 5.917310139792864 0.6084410882162314 343
35 5.892218223094832 1.7863344379925998 41
36 3.9505432265924187 1.761858211677523 436
37 1.166703169634653 -2.600318180189997 479
38 4.91099415265222 1.8667472937259453 80
39 2.543348976780349 -1.8408676551318424 80
40 0.8481891714725629 -0.5565004922586032 55
41 5.336811983886378 0.7509477953004956 258
42 0.40393193824002366 1.516766395057456 346
43 5.9523960354629395 -0.7280391411416215 80
44 2.635356129942659 1.1788557982358823 475
45 3.5620747933600554 0.3735820516507159 210
46 1.7442114683538001 1.9623784331977951 13
47 3.6928750256451317 2.8502772967286165 125
48 5.1455623728079996 -0.6009944960886011 119
49 1.16042145459554 0.8235006204662834 188
endpoint1 endpoint2
43 48
11 39
12 47
1 3
34 38
5 37
2 41
7 47
22 26
17 43
5 19
8 19
8 40
12 36
22 40
23 26
3 28
26 39
15 36
5 26
35 41
13 21
9 25
44 45
20 21
28 42
9 40
34 43
6 32
4 46
3 20
32 38
16 22
6 25
7 10
6 22
6 44
15 46
10 22
1 32
6 49
7 41
44 46
24 39
23 49
2 31
6 33
17 31
30 49
41 48
4 25
22 29
14 35
19 42
27 35
11 45
3 47
24 40
0 26
26 31
6 20
36 45
42 46
0 48
8 18
35 38
0 31
31 45
14 41
3 4
