nnodes nedges type
50 70 graph
nodename posx posy weight
0 1.1617335983360764 2.8986180189386967 59
1 0.36060072023400347 0.5479462857695281 114
2 1.928582821857391 -0.9803082621607063 384
3 2.3025959451276825 0.9255358367169202 313
4 -0.9807559873295821 3.0842685390874394 350
5 0.07213368117084079 4.7753174607644935 393
6 1.1254820745021856 -1.208357190726924 116
7 -0.046729012061397 3.496577307407266 105
8 1.324588384484912 0.6107507105275785 427
9 -1.6843283750947757 -0.8294923216680785 130
10 0.2000667059265592 -1.6902370351814742 372
11 -2.6855255824882183 0.4673563917547661 261
12 -2.5222895566702994 -1.6287740576332719 411
13 -0.06951261685405846 -0.17613877581924306 101
14 -1.6841194733287315 1.744307149196742 342
15 0.4552266100102987 -1.3395389789739598 21
16 -0.6382235539088572 -0.07772880208163152 333
17 0.5823123941394275 -0.3527780475244748 204
18 -0.40499658550549866 0.6754477761952227 193
19 1.4717090680251739 4.247815156456414 396
20 0.634696979335779 4.093434657149294 447
21 1.5948489040861362 -0.016833394261118316 312
22 -3.264392349516739 2.8355950813737865 195
23 2.5804984342148685 2.7732108001510376 250
24 3.9053555948626624 -0.23935801475483354 310
25 0.23914816191447738 2.8214620460895636 32
26 1.6616080265636295 -0.5407769415593882 415
27 2.0919922574087435 1.411988809089211 138
28 2.072817163966407 3.985061969960123 395
29 -0.5514595074085537 -1.262223313500583 403
30 0.5456423101271087 1.9092941461616568 155
31 -0.7639647315795635 2.5322931911332143 417
32 -3.0104623979693756 3.431649721531096 192
33 1.4705586278610137 2.9999634777404904 319
34 2.770237357059637 0.06274685393729075 408
35 -3.287656612883395 -2.3755553833763483 97
36 -1.390190796754055 0.823370921055311 317
37 -2.5330020745769493 5.011371316510293 458
38 -2.0464171360313266 0.09079972480976521 133
39 -0.8162523050868614 -0.47080057185527874 48
40 -2.5655796478136215 1.469211670858088 151
41 -0.6241838426467455 5.932631110822904 8
42 -0.6298411108355798 4.76263409790322 42
43 -1.752958966049173 4.156489665818889 94
44 0.3938328245849106 1.3302824914663756 42
45 1.4712818320460042 -2.0503672963199637 8
46 1.8177999723663145 1.8039450301201574 401
47 -1.2888159991128705 2.0069610028503617 55
48 1.114109575232881 1.2298847206225316 252
49 -2.0664459656294425 2.8498620181808425 265
endpoint1 endpoint2
1 21
42 43
20 25
8 44
37 43
17 29
1 17
0 7
3 21
6 21
18 48
2 45
9 29
30 31
3 46
2 34
3 48
6 17
19 33
15 26
16 17
30 33
14 31
46 48
38 40
16 36
1 30
36 47
6 10
1 16
31 47
31 49
24 34
15 39
8 46
13 44
5 42
10 13
4 47
41 42
18 39
9 16
13 39
4 25
7 31
40 49
8 17
19 20
8 26
2 17
12 35
15 45
38 39
43 49
11 36
23 28
0 46
22 49
5 7
14 36
18 36
25 44
32 49
20 42
23 46
20 28
27 30
27 34
9 38
9 12
