nnodes nedges type
50 70 graph
nodename posx posy weight
0 3.977509246065019 -1.013152469875397 188
1 1.8548597619929539 -3.6774422808136626 166
2 2.4233273195501472 0.40865092935112485 382
3 -1.6878244322567897 -2.7189924260980725 264
4 2.1621651384071425 -4.409896380526559 411
5 1.1665262794074671 -1.2168128161577714 204
6 4.9854385830622725 -5.146846934547952 82
7 3.8290625308881228 -4.9670684954963 259
8 2.928163149567894 -5.428359964531589 211
9 1.7567310714767053 -4.762272733760486 355
10 4.045042856005684 -3.674760151873728 82
11 3.959972352594754 -2.6152386608668845 151
12 1.639427927947979 -0.5976752481284086 468
13 1.7098165424177931 0.7609278574956767 125
14 -0.6625589142975682 -3.330606114210224 264
15 4.371590239905361 -5.988227674263729 341
16 -0.4193659701899521 -1.2539934969121935 460
17 3.397865102896439 -1.4140309943102451 276
18 -0.9826259002515634 -1.9575631335726427 500
19 2.7307083413836724 -0.9179423859042232 265
20 3.0414262586783467 1.1290970125047999 84
21 4.409262585187487 -1.8626848216727012 341
22 0.5082475979047644 -3.3065758124225337 457
23 1.2128075386603019 -5.880677366180066 479
24 2.4030703338749726 -0.11905051974914777 94
25 1.350637270123199 -0.15133315166036593 46
26 0.6043245683474866 -2.6615065316449122 200
27 0.12449923219268955 -4.466822563314265 181
28 1.218082600723845 -4.385870748098818 357
29 2.490442363825588 -5.4231706146668355 351
30 3.813103000820298 -0.3724531665935897 430
31 1.206002294458567 -3.57632824917328 481
32 1.4257035408077465 -2.0073335428833436 478
33 3.536791355862684 0.08515173080307871 169
34 3.3487226476415572 -3.0939168365725167 340
35 0.3099147951575076 -1.9467150880396924 174
36 2.4184979534822846 -1.4026218260143115 89
37 2.4506229477247663 -1.8457725236415476 430
38 3.0052641258814674 -4.018890945633414 419
39 2.769336392334131 -3.269314831457114 167
40 0.8635200490316783 1.0342303960955954 155
41 0.3284421886945194 -0.9666698717930631 430
42 -1.6137079976961535 -4.093034187482323 123
43 5.039214888901753 -6.829985249657142 445
44 0.8166116547340998 -2.93910668541955 169
45 2.594187824734347 -2.2695293251046786 500
46 5.132524754581724 -0.5376481139166854 180
47 1.6443783637771667 -2.5551747225533044 275
48 3.896439220872299 -2.164002019817193 206
49 -0.7125219272483475 -0.15460254895776823 216
endpoint1 endpoint2
1 34
24 30
26 47
5 37
12 32
28 29
10 48
16 35
19 48
26 28
32 44
8 9
15 43
10 38
2 12
0 36
7 29
22 31
31 32
3 14
17 37
14 42
6 7
7 15
12 13
5 12
37 39
21 34
32 45
17 33
12 24
0 17
19 36
17 48
19 25
26 41
41 49
7 10
17 45
13 20
5 35
4 28
18 35
1 44
45 47
37 45
21 30
14 44
1 9
9 31
27 31
0 30
32 35
25 41
11 45
22 35
4 39
1 22
38 39
16 41
0 46
20 33
2 33
9 23
24 25
3 18
1 38
32 36
25 40
7 8
