nnodes nedges type
50 70 graph
nodename posx posy weight
0 1.3493905958547963 3.3937914434365797 140
1 0.2697685337821365 1.890121159409924 156
2 0.7545779373837597 -2.5560336004782416 343
3 -4.638936966194061 -0.9265239439009313 397
4 -1.0692867981873115 0.4006389508897084 179
5 -3.347751329611776 -2.5658015635980607 186
6 -1.0996377959869803 -1.7916738542749215 459
7 3.708336842044511 -0.4071882323112349 222
8 1.6317458112035104 -0.8727786322325771 183
9 2.9655696990848917 -1.228180914621332 175
10 1.5936950473194078 -3.545818092227484 346
11 -1.278212081581751 -1.104597020960382 105
12 0.16816680528082664 -2.9848195000898565 450
13 0.09650200402388494 -2.396489443800101 355
14 3.1388640499446994 1.275324101247636 147
15 1.969100010541393 -2.012760253437695 204
16 1.0250220082786192 -1.8975543751627948 278
17 -3.5762747196796796 -1.1193658968546127 361
18 -0.8995974524462454 1.1611163786083791 246
19 2.013070149623868 2.647573542470077 190
20 4.120876930997623 1.8971854359097728 456
21 -0.2943631073850005 1.2408642931011606 329
22 1.6286964283965562 0.47518965706792865 460
23 4.062997528579203 -1.7859168902684361 225
24 2.5219954669719145 -0.7263858169788414 435
25 2.544235644746855 1.471956443823236 246
26 -0.5439160644118228 -1.993396486797864 22
27 1.3436446729853069 -2.0914957659528524 356
28 0.04258839035159137 -0.3627167274178675 328
29 -1.8923270747567706 1.3905891572701665 161
30 0.9373004682031012 2.389620346822952 173
31 1.576072378270668 1.4923449645391669 282
32 -2.0553304674862694 0.3236406461065323 416
33 -1.0318530423281953 -2.338322569485253 457
34 0.19862649081156147 0.49330479723314297 89
35 2.087129372628129 0.5028010913562587 276
36 0.9775999832308763 0.9837881273974487 442
37 1.4379104010184334 -2.809176790669187 150
38 -2.571128680844317 -1.6390373367903561 140
39 -2.95015548963226 -0.49150062210470324 158
40 -1.145504961140937 -3.282411630021488 306
41 3.2270726336499083 0.41467649271059714 360
42 -1.6377235277721156 -3.456196260069509 70
43 0.9960048432887969 -0.36995824434271374 186
44 -1.0072452395964622 -0.3489972755400638 443
45 -1.758966633065837 -0.7459228955102499 379
46 0.16842269898488094 -1.0505831077596595 329
47 -0.42658994721060695 -1.4119697728258074 393
48 2.1183716669066555 -1.8278423544023532 469
49 2.6965713868435515 -2.235236852290709 230
endpoint1 endpoint2
26 47
13 33
8 35
17 38
18 44
12 27
37 49
33 45
13 37
8 9
4 45
15 16
28 34
26 40
2 12
35 41
2 37
11 47
3 17
22 31
26 44
11 38
2 26
36 43
2 48
16 43
6 46
12 33
39 45
7 24
32 45
13 16
33 42
11 46
4 34
9 24
31 35
35 36
8 15
7 41
8 46
22 34
22 24
28 43
6 11
24 48
28 47
14 35
0 30
14 20
1 31
4 29
19 31
22 25
17 39
24 49
5 38
10 16
13 47
0 19
9 23
1 18
21 36
4 44
4 21
30 36
8 27
15 37
11 44
4 32
