nnodes nedges type
50 70 graph
nodename posx posy weight
0 -7.118514118567532 -2.166412065471939 198
1 -6.781900699851635 -3.318456583099478 401
2 -3.1479152786337283 -2.25301992005417 52
3 -4.704197741413119 -8.562722675611301 275
4 -7.392209328137769 -7.876576662839198 6
5 -4.14671792798677 -4.188630457995372 282
6 -7.812350868376134 -4.516264770367895 132
7 -5.472124962496295 -8.191768599638722 342
8 -4.003105432124878 -3.0264004834982323 113
9 -3.2328629604311874 -7.886094291756691 263
10 -5.021511292556767 -6.136367529259105 208
11 -3.0019069383015538 -6.332583038244543 54
12 -1.7068667193098732 -5.57345021713677 369
13 -8.157419153710782 -5.524304754739316 80
14 -6.022913227335522 -9.323403023163767 84
15 -5.221290201402097 -4.185338578811042 262
16 -8.142181470250188 -5.184817963925987 2
17 -6.04433311197404 -4.537985894436629 81
18 -2.703723043089342 -6.347128129120506 178
19 -4.300947853335772 -4.838435599646865 55
20 -6.672167601280993 -8.329038483837083 423
21 -7.880773292709528 -3.479862707207661 21
22 -5.575208546053651 -6.407890934811504 315
23 -3.0139675962622374 -7.325457483883977 275
24 -7.349875872751767 -6.669467509495749 276
25 -4.071123840693552 -7.33671192866435 150
26 -3.966378634456318 -6.005406812047591 414
27 -3.764945411586819 -8.59548774213586 204
28 -8.939478484232161 -4.5454924228385165 145
29 -3.0825391535258633 -4.965007956494171 395
30 -4.5382180665195015 -8.178601971449686 433
31 -7.437564900861632 -9.258901976650971 150
32 -6.666273678061077 -7.538954493924993 58
33 -8.646629610945531 -6.564389769499303 352
34 -4.175323404945152 -1.9139640157616502 175
35 -7.860565697871818 -7.497756859837575 67
36 -5.651086608251481 -8.988670167048022 207
37 -4.682920260840997 -4.644452242228899 383
38 -4.427981105016885 -7.407912045245822 369
39 -6.97477150191918 -6.062227051038197 352
40 -4.506859676821403 -5.3703436201124495 205
41 -1.8322576850777164 -4.360784552980843 45
42 -5.5248192209992 -4.8808193571968195 192
43 -2.985457123426241 -3.9147767970651866 357
44 -6.788634129160004 -5.305668148642939 214
45 -5.170785540767174 -5.848791593272195 132
46 -4.197887575821956 -6.707760956488093 124
47 -5.608482094263462 -7.39697651410934 282
48 -5.938723497489935 -6.903482809981651 261
49 -6.726059245100457 -4.430863738828565 147
endpoint1 endpoint2
16 49
1 21
40 45
5 37
42 49
10 42
6 28
2 8
10 48
19 26
1 17
6 21
16 28
5 19
7 25
26 40
10 26
20 47
5 8
3 14
20 35
5 43
30 46
10 38
42 44
15 42
25 26
41 43
9 11
4 24
17 45
6 44
10 22
12 41
5 29
33 35
7 32
5 42
20 31
18 46
45 47
22 48
37 45
22 46
16 33
12 18
24 35
32 48
22 39
3 9
13 39
24 44
11 26
14 20
19 42
20 36
4 20
0 1
3 47
8 34
45 46
27 38
11 29
23 46
15 40
27 30
6 13
30 36
24 32
4 32
