nnodes nedges type
50 70 graph
nodename posx posy weight
0 2.200446630842847 -1.7012734979137782 327
1 3.8051846084817353 -0.4184119483424243 116
2 1.9621251827793487 -4.217933792700536 249
3 2.528949076585948 -4.20043025203898 439
4 1.8386568391631106 -1.9426359300974816 470
5 3.9079336393475397 -3.1833808149903615 9
6 0.9001409749729842 -1.7778785253997804 193
7 1.9155900205642598 -2.9012889945498532 108
8 1.4761824271884436 -2.2723776029807583 365
9 3.7185648675502336 -5.124926803555956 279
10 5.453548098892714 -3.8136484663106964 351
11 4.460414856500282 -3.0772107470707986 499
12 -0.25686202972076044 -1.2476857762275588 45
13 0.9188865756980903 0.6214582705290129 394
14 0.4395130341217724 -0.441878311205828 288
15 3.5158148674135306 -3.7716571849759637 392
16 5.399865311908857 -1.4786023569325046 188
17 2.979897666333466 -2.421330844489987 6
18 0.2493892414978125 -3.164313863825866 480
19 0.6904480182126375 -3.8170301391542476 308
20 3.2681466810644 -4.031410738762927 413
21 3.1188807925892372 1.2114077914266566 163
22 4.151835664860731 -6.257753422143316 311
23 2.836956833098914 -5.129474022405539 403
24 6.655514402707357 -2.931004858794178 391
25 4.477274742205056 0.9788669974451479 387
26 1.1826861753398277 -0.9781938273756141 276
27 4.6835168764435995 -1.8244912640557882 335
28 0.44645622896109566 -6.310189768988349 431
29 4.837266032646611 -0.2188060158531737 447
30 0.4233887495222769 -1.8900274779353625 496
31 2.0508416185028406 0.32583608897942196 482
32 0.5274244587918695 -2.983378008241731 291
33 2.142125089640908 -1.1382721188871496 92
34 4.947520885950656 -3.104869931166999 492
35 2.595416906131667 -0.5044734406172331 57
36 1.207217309432185 -5.394715944736498 495
37 5.534284814921386 -2.5059089285932155 481
38 -0.41344576305677944 -1.973236009032522 449
39 3.2055665087093543 -1.446334515260355 50
40 6.343290648861533 -1.5464832095061385 166
41 3.3494184763998622 0.498348942386566 225
42 1.5223165655416722 -5.415264099630689 292
43 5.5155526680650295 -0.791599330959099 497
44 2.8439937733505425 -0.45224452884986466 495
45 0.37973887269196543 -4.520365725277476 6
46 2.773564782067138 -1.8321177760493825 97
47 4.638548343564561 -4.4133937862903965 313
48 3.449384895152388 -2.3624798247823584 220
49 1.6215324001783518 -3.0440268138732325 128
endpoint1 endpoint2
4 7
10 11
30 32
4 8
15 20
20 34
24 37
9 22
0 7
27 48
27 37
3 7
11 47
1 29
6 14
18 45
46 48
15 23
16 29
17 33
0 44
29 43
21 31
1 41
2 49
25 29
8 46
33 35
7 32
5 48
9 47
5 11
11 37
42 45
8 33
40 43
2 20
1 44
3 9
5 15
26 30
1 39
6 12
15 48
17 49
35 46
2 36
37 40
21 25
4 39
28 36
11 17
0 26
23 42
6 38
13 14
17 39
19 49
16 34
0 6
0 48
27 43
8 18
19 45
6 49
13 31
7 8
4 30
41 44
31 33
