nnodes nedges type
50 70 graph
nodename posx posy weight
0 -1.1909763547390109 3.4667932306411227 356
1 -0.6538574394489877 7.347558358406195 115
2 1.9349812378173274 8.402207044595091 104
3 -0.6420803012613484 5.189298467379464 183
4 -0.5330233078445589 6.093568639684229 164
5 -2.396552554864276 9.013089791788719 171
6 -2.084957044758612 7.645862858018626 19
7 -0.336739567949436 3.6119723596735374 187
8 1.268169084520175 6.550688353232299 55
9 -0.7463864533606569 4.435097366532456 483
10 0.7500783218805852 6.729133730724782 4
11 -0.09539211582476684 8.205552631682506 405
12 -2.825995538620738 4.889988222058504 483
13 -1.3952064147892995 4.897991666952861 192
14 -3.534712513851339 4.4019433176837195 140
15 2.1577661104206607 6.5088859195384705 484
16 -0.25910032878195693 6.970193033666707 160
17 3.0273181422620286 8.64778509897732 280
18 -2.1184149697989443 7.222441378824349 129
19 -1.5717003685994055 3.5346713114971906 105
20 2.169519793781011 9.554573107504043 378
21 0.1699306302270358 3.27493831462737 172
22 -3.753039393211664 5.1434036303064845 274
23 1.6084738499078963 2.717607454896892 232
24 -2.6248241810398927 3.33972544392227 363
25 -1.4030807575298945 6.30239148369504 65
26 -3.382940846755015 6.629586462440857 34
27 -0.15546478090821775 5.0161260436817825 496
28 -1.0531327632684426 9.110682530407212 485
29 -1.721337465109193 2.208863461801753 180
30 -2.0053442254222644 4.155061907706153 344
31 -2.0198609423917326 6.419427314661943 262
32 3.3131591605432154 6.344567436929599 25
33 0.9656492824028835 7.724707165053857 463
34 0.3070165435195718 5.518416184462797 178
35 -1.1263210444161336 2.5665717977726583 367
36 -2.2907564500056954 5.1597621621415914 228
37 -4.391084267302192 5.759605032418053 229
38 0.8699351800660116 5.939790996892026 310
39 1.0350865668193574 8.811213654547084 406
40 -3.2094057814130816 7.899729320357161 37
41 -2.821064739925993 5.705658436528339 488
42 -0.04138051093853672 2.1543793012997337 408
43 0.7945902029370936 3.538029728758661 228
44 -3.0947622172337845 3.8035200273507797 125
45 1.193468946394085 4.503471161269652 202
46 -1.653611671464779 5.741902090320504 251
47 -0.9624089117200189 6.548680546276938 434
48 0.6016779673119862 4.720581863581891 264
49 -4.027379432014239 6.654297825729262 423
endpoint1 endpoint2
43 48
11 16
34 48
3 25
0 35
9 34
22 44
13 46
11 28
15 32
22 37
10 15
27 48
46 47
19 44
16 47
21 42
3 48
4 31
6 47
14 22
0 21
31 36
12 13
13 36
0 24
10 38
4 13
7 19
38 45
33 39
18 31
16 25
4 34
0 29
21 45
4 10
6 40
8 33
23 43
7 27
14 24
1 4
2 20
26 37
3 9
11 33
19 35
40 49
7 43
5 28
12 22
2 17
25 41
16 38
8 34
18 25
27 47
22 49
35 42
0 13
2 33
26 31
9 30
10 33
21 43
30 36
14 41
9 19
5 40
