nnodes nedges type
50 70 graph
nodename posx posy weight
0 1.3183505984068717 1.3383718439958256 228
1 3.768900872682459 -1.988924279075919 187
2 -0.9750026762697714 -0.752032669342806 60
3 -2.0495100137614366 -1.3461254931382223 218
4 -2.0949402567860123 0.05621462748106337 160
5 -3.58986081908477 -2.320838853014823 151
6 -2.3279347234808516 -2.4607318090273638 368
7 -3.3855271890504595 -3.265450041529035 119
8 1.8385418929340425 -1.7229056621286314 494
9 -2.073356138146745 1.2055507129335612 82
10 -0.5530061649510836 -2.5227716199692973 475
11 1.8542423036423883 -0.0406943257890333 17
12 1.3055470918495893 -0.149939868447726 429
13 -3.1635747568445267 -1.615417237585869 158
14 -0.43046422980349164 -1.4390665466887973 432
15 1.3537702966463872 -1.1436082274424657 211
16 -1.1967007818183026 -1.7441464090963061 439
17 4.835124839537802 -1.6064476612634344 283
18 4.911011843781227 0.48833347300443286 380
19 2.586280325027547 0.6063343604358807 246
20 -1.8533725743288685 -6.304914741200304 208
21 -0.6566496056921997 -0.0708188442817489 184
22 3.7752402239122427 0.8455101324366747 141
23 1.356671137058314 -2.277031811756075 129
24 -0.0390079061201261 -0.020490211532473192 412
25 1.0326228558134418 -3.8888652633620207 57
26 0.2650053126823756 -1.704729796408867 58
27 -0.43033286441821106 -3.369242564223725 409
28 2.606030037920371 -1.8002066656681814 459
29 -3.0914371289867666 1.197192023553107 90
30 1.189973651317379 -2.994481976989851 303
31 0.2560966986537436 -2.6173642485339994 67
32 2.299265708339913 -2.7563115895965025 115
33 -1.4961762852005678 -2.539928708534754 294
34 5.438650399992649 -0.587400516312035 253
35 -2.4653509268404696 -3.2371426694400256 475
36 0.2452950409524195 1.1861462171073052 48
37 0.9764815303928657 0.19528727952761293 269
38 0.3764104014981252 -3.1672864508857876 91
39 -1.4256897513780364 -0.030483765266187204 497
40 1.5083628747934081 2.5058478355888325 156
41 -3.812536680737056 -0.9266195395522282 213
42 0.3212813007699667 -4.092906248876124 234
43 -1.6292971467400128 -5.250264509470688 224
44 2.3071717997481582 -0.6877933869289545 373
45 -1.4382228552936103 -4.102072848193403 23
46 6.526448254076202 -0.6391500371882219 53
47 -0.9949200051148114 0.8993355585715381 206
48 -1.5679059005438951 0.5228361542633402 421
49 -2.9127600766663027 0.048252233386443605 275
endpoint1 endpoint2
15 44
18 22
21 47
30 32
25 31
35 45
36 37
1 17
20 43
5 13
17 34
9 29
19 22
0 36
34 46
15 26
2 48
29 49
27 33
6 7
14 31
15 23
18 34
4 9
36 47
8 32
10 38
12 24
27 45
0 11
41 49
1 28
39 49
3 16
0 40
31 42
43 45
2 39
2 16
25 42
33 35
5 35
24 39
3 13
9 47
8 11
4 47
3 33
16 33
8 30
16 26
28 32
2 24
23 38
2 14
11 12
5 41
12 15
31 38
11 44
12 19
27 38
15 28
26 31
10 14
27 30
14 21
15 37
3 4
6 16
