nnodes nedges type
20 50 graph
nodename posx posy weight
0 -3.2940779733724015 1.2168435862187383 3820
1 -2.212765949731914 -1.0384700853965483 3011
2 -1.865486306461065 -1.453965711369973 1146
3 -1.3318194467839097 -0.7671163873408915 1779
4 -2.7944194700471083 0.4549088386102204 1766
5 -1.5897307784561687 -0.2180728888680168 4219
6 -2.4785667576617447 0.8331224869418734 3386
7 -3.595616776757354 0.47569625875710264 2204
8 -2.4296933594087884 -0.17433555347205035 3531
9 -1.1735614253246112 0.23327687355065604 2717
10 -3.4751878023033727 -1.481657729335608 2236
11 -1.7685082374151102 -1.0147791027021749 3204
12 -2.579006731181337 -0.39634492325017656 1108
13 -3.323969625877846 -0.22739715466583402 1643
14 -1.580814796831159 0.389468087791088 1441
15 -3.859574314585763 -0.6060195833644083 2602
16 -0.9030205867117118 -0.7088739008599351 2854
17 -3.0098977963824036 -1.006318380189121 3753
18 -2.497935378694252 -1.7809221720690633 1886
19 -1.919506967759929 1.0781365584382885 1493
endpoint1 endpoint2
1 3
8 13
2 18
2 8
1 17
0 7
5 19
8 9
10 15
2 5
3 14
6 14
1 2
6 7
7 15
4 19
12 13
5 12
1 16
4 13
1 5
9 11
12 17
11 18
8 15
2 16
12 14
5 11
1 13
8 11
10 13
4 14
2 10
12 18
9 16
2 3
6 12
3 5
17 18
15 17
11 17
14 16
6 8
0 19
4 17
0 13
1 18
3 8
9 19
7 8
