nnodes nedges type
20 50 graph
nodename posx posy weight
0 3.9899614556160024 1.1886853766983243 4099
1 4.739319968263148 4.33849722253782 3011
2 5.549748526404765 2.771429153670486 2871
3 3.7125843652565114 3.9728306969850444 2226
4 4.627956985671548 3.3411032179457236 4830
5 5.138033355401076 3.773294229397865 3257
6 3.990011150735996 2.8538120033882386 4859
7 2.697852086839962 4.360647084119582 4512
8 4.702509944674776 2.1622889112504455 4510
9 4.0947320946219525 4.45043728457596 4915
10 4.069220384550156 2.562398695914001 2596
11 4.622309102411489 2.9620801190153765 1745
12 3.559080689970417 1.7503188478405398 3447
13 2.101275311359342 3.0170325104635154 4375
14 3.408445657885405 2.8657503773356687 2704
15 2.875917187524395 3.874279221846565 4211
16 3.832468044251698 3.3046053488042464 3578
17 2.7562732505432206 3.1962948900320463 1349
18 5.097134329530047 4.948639895615281 1440
19 3.2983838576823086 2.3027175501279746 3109
endpoint1 endpoint2
11 16
3 15
5 9
1 3
10 11
14 17
10 17
4 8
5 6
13 17
11 14
9 18
2 5
1 11
11 19
3 14
16 17
4 9
3 10
5 18
10 12
3 16
8 16
6 15
4 10
12 14
5 11
6 11
4 5
8 11
10 19
4 14
2 10
0 12
4 16
9 16
3 9
1 9
13 19
6 12
16 19
0 8
15 17
6 19
7 9
6 8
10 16
0 19
7 13
7 17
