nnodes nedges type
20 50 graph
nodename posx posy weight
0 -2.3635074233564644 -1.6338762759103271 3081
1 -0.7928689300807579 -2.2112656231189645 1288
2 -2.57327278569942 -2.39753759359804 3889
3 -0.43702497803651447 -1.8298257622466738 1024
4 -1.1192074443501043 -2.7769985464652316 3037
5 -2.3218135231294688 -0.36435758386519834 2592
6 -2.5598419835259807 -1.247802771455378 3997
7 -1.3349256707961148 -0.9750251374535198 1424
8 -1.7794663474072754 -1.19380780111406 3963
9 -3.0357724939497244 -0.9610093781833038 4019
10 -3.02293521695803 -2.525996892338775 3034
11 -1.6583333613244409 -1.8496312607323828 2034
12 -0.8804460689770385 -0.6709444478714043 1916
13 -0.9374327290658877 -1.5270901609422782 1817
14 -2.9261153732372995 -1.8485649577475567 1385
15 -1.8340062921563838 -2.408326295440323 3131
16 -2.2038031141788825 -2.834800044596374 2926
17 -2.0540895795770675 -3.215385984251233 3786
18 -3.543315415162359 -2.4256702170877875 3770
19 -3.6299110553027565 -1.4247457342460026 2175
endpoint1 endpoint2
5 9
6 9
8 13
2 18
5 6
2 8
3 11
1 15
10 15
0 16
18 19
0 10
11 14
9 18
7 11
3 7
1 11
6 14
6 7
0 15
12 13
6 10
4 13
9 11
3 4
8 15
2 16
14 19
4 16
14 15
0 5
11 12
4 11
15 17
17 18
6 19
11 17
6 8
8 12
4 15
7 13
0 13
0 19
4 17
5 7
2 11
10 14
1 7
15 16
6 16
