nnodes nedges type
20 50 graph
nodename posx posy weight
0 -1.4872631188923207 -0.6403245345073195 1581
1 0.8704968289722471 -1.9568716248754867 2071
2 0.41350043787062607 -0.7789701199942582 2015
3 0.5947877547446164 0.19670260721023297 3448
4 -0.8096571899267823 -1.291491046098705 4322
5 -0.7313656207945214 -0.5705644005277417 1816
6 -0.8354891182960248 0.9446590044205463 4429
7 -0.40074884406232203 1.7290698521485002 2337
8 -1.0533007921148527 -0.05246752575386438 3154
9 -1.4101214447053576 -1.4510174029591731 2265
10 0.12172438643220136 0.9289763693504679 1203
11 -0.4005776766457019 0.6298015386565935 1807
12 1.028647816995963 -0.7771919356422324 1709
13 0.9581888520959589 0.17139968163209743 2697
14 0.09378840997305189 -0.6825881085236779 1826
15 -0.4886348320620507 -1.668273052354943 4368
16 0.09396998862559083 -1.4918041178376653 4243
17 -1.941005369303633 0.5186727816754514 1543
18 -0.23724222414871968 -0.12989497380201845 2217
19 0.023110621426734514 0.18380764159143537 3113
endpoint1 endpoint2
2 8
1 15
5 19
8 9
8 19
2 12
12 16
7 11
6 17
5 8
3 14
6 7
0 15
12 13
6 10
10 18
0 17
2 13
3 6
0 4
7 10
11 18
16 18
11 13
12 14
5 11
6 11
4 5
8 11
0 18
4 14
9 16
5 15
14 15
3 19
2 3
13 19
0 8
6 19
3 12
14 16
1 12
6 8
12 19
5 14
3 18
10 14
13 18
15 16
2 4
