nnodes nedges type
20 50 graph
nodename posx posy weight
0 -2.140200524739504 1.5808336701977512 1006
1 -0.4361981332084841 0.8900914893170837 4302
2 -0.42953874529380187 0.21889020114850788 3504
3 -2.5363969488694957 2.2847218620108265 4934
4 -0.33030988372830966 1.7324319807624406 1349
5 -1.3931029588655144 1.5296066065906655 2035
6 -1.430598720735377 -0.001230818824329889 4202
7 -1.0328730184225459 1.2984991193393907 2008
8 0.4116540151495451 -0.016510908030583908 4066
9 0.08341370249199404 1.106019239456758 1354
10 -1.721452392851804 3.2025297815466507 3127
11 0.7692822534492384 0.8170226297203262 1490
12 0.30412462902037574 1.9627065155206471 4739
13 -1.104790973244932 2.3518817905948284 3645
14 -0.49359746534757154 2.792256325926834 2291
15 -0.573604002399234 2.0757406133921146 3174
16 -1.6493344696240935 2.3285181296258592 3655
17 -2.1367576829600052 0.8036214656508475 2806
18 -1.3302416979190843 0.705735460278077 3943
19 -0.9229762722334106 3.406563034475688 2469
endpoint1 endpoint2
5 9
4 7
2 18
5 6
2 8
7 12
0 7
0 16
7 16
0 3
1 2
4 9
7 15
2 9
3 10
13 16
0 17
4 13
9 11
15 18
2 6
12 14
14 19
5 17
10 13
8 11
4 5
13 15
1 4
7 18
1 13
0 18
14 15
13 19
16 19
11 12
3 5
2 7
17 18
12 15
5 16
0 13
2 11
5 14
1 18
1 8
10 14
7 17
15 16
9 12
