nnodes nedges type
20 50 graph
nodename posx posy weight
0 4.525195268251133 -2.6986863660887317 3608
1 2.3085615022440833 -1.9001046976330103 2617
2 3.6037393562454887 -2.064454553226338 4998
3 3.6923897999351025 -0.7462368577494388 1586
4 2.30212943243111 -1.2973123499266916 2371
5 2.7943673806519893 -0.10401498068520686 1160
6 3.128431373995545 -2.130521983163073 2660
7 3.9333730568357934 -0.1635743645622334 2573
8 2.6343912809695125 -0.39808292655912897 2456
9 3.4523900749789456 0.29536269019166234 1255
10 1.7456756513740543 -2.1800985605714924 4233
11 2.683114812868153 -2.66628459684796 3574
12 2.95758115365749 -0.7843974677330389 2321
13 1.9238700652820089 -1.0408608615523818 2003
14 2.006702987100655 -0.37584684487440506 2281
15 3.010265620721254 -1.4110957898472756 3240
16 3.541662136698065 -1.2810166230692233 4296
17 1.44164119115874 -0.07526339132258246 2848
18 1.4073766119823081 -1.2204375083943044 4012
19 0.933656604663939 -2.894258525812686 3570
endpoint1 endpoint2
3 15
8 13
10 11
7 12
8 9
13 17
7 16
2 12
12 16
3 7
1 11
1 2
8 14
12 13
6 10
13 16
10 18
4 13
3 6
1 10
6 15
4 10
2 16
6 16
12 14
4 5
1 13
5 17
10 13
10 19
4 14
1 4
4 16
12 18
3 9
5 15
14 15
3 5
17 18
4 15
5 7
2 11
1 18
3 8
1 8
2 15
11 15
15 16
0 2
9 12
