nnodes nedges type
20 50 graph
nodename posx posy weight
0 2.187598016382227 -0.9822142494865658 2066
1 0.355522783977999 -1.8745188171521006 2863
2 -0.4153351475286949 -1.7247611296828165 3906
3 1.997802866439136 -1.1781518175800585 4818
4 0.018231620605386124 -0.5224323841299735 1599
5 1.2333141463916877 -0.4951673897131881 3452
6 1.5950685819646213 -2.1406026723798597 2693
7 0.3580848216248265 0.4437884931951775 1420
8 2.5102432393384224 -0.3322691264005613 1875
9 1.6263620900862994 -1.633432313800455 1139
10 2.403583819854513 -2.275386145955711 4923
11 0.8675788062352413 -1.354610712977345 3179
12 1.1768475568856636 0.5570030697864639 1980
13 0.27546892204928203 -1.3631080190029268 2834
14 -0.2903722747034425 -0.851278313223098 1078
15 1.010847545685533 -1.9355901176584511 1298
16 1.048517837595836 -2.791033322344395 2586
17 1.006726693433732 -0.1833377571441154 1230
18 2.9024516144264 -1.4471454890552826 4884
19 0.7313169372897043 -0.6141494196999013 1334
endpoint1 endpoint2
11 16
5 9
3 15
14 17
4 7
7 12
1 15
10 15
1 6
0 10
9 18
15 19
3 17
5 8
1 2
4 19
5 12
1 14
10 18
4 13
1 5
3 6
6 15
11 13
17 19
5 11
14 19
4 5
1 13
13 15
6 11
9 16
3 9
13 19
2 14
4 11
9 13
11 17
13 14
0 19
5 7
12 19
3 8
0 6
3 18
8 18
7 17
2 15
11 15
2 4
