nnodes nedges type
200 1500 graph
nodename posx posy weight
0 -0.11848221286968436 -1.480941687552728 1717
1 -1.9626243974227349 -3.7664723120485255 2657
2 -2.6415978387444645 -3.42534167959259 3804
3 -2.573516662107845 -4.216048280475175 4822
4 -1.5276624555351976 -2.33310835512851 1504
5 -1.6118717397692575 -0.8398238867319175 3093
6 -0.5604057283223451 -2.287989560300638 3356
7 -2.7372417045246284 -3.303784353265416 3219
8 -0.7000224851883082 -1.3979513091142808 3697
9 -3.024953939241443 -2.5051637356722485 3225
10 -2.684126831755533 -3.7743195198134867 2982
11 -0.8720191817630032 -2.4433774588932455 1879
12 -3.0825993996360888 -1.9135427657379536 4553
13 -0.02821015792160377 -2.7532786314878948 3329
14 -0.8385482123359349 -1.5187588705487662 4557
15 -1.3112792731347571 -1.4250383458201858 1468
16 -1.3885273417587358 -1.8134547603783255 3364
17 -1.8119280664526183 -3.400569740631288 3644
18 -0.7407564857397635 -3.28993613243451 3568
19 -1.1180532597592776 -3.8220595647992806 1058
20 -2.150137597773654 -3.6869876465777915 3959
21 -1.289865858844986 -3.933377985009828 3299
22 -1.4372063964029202 -3.8172992323368105 4013
23 -2.239844186439549 -2.266102428487448 2595
24 -0.6023751476622875 -3.485532615543531 3848
25 -2.3409689253605754 -4.159670575586992 3711
26 -0.18296702928692515 -2.13604489179146 4018
27 -0.49502940226835834 -1.3662794903819617 4540
28 -2.2246908122377196 -1.6713521103028923 2560
29 -0.3950921693687765 -3.7470961852995974 4835
30 -1.7409876412302814 -1.6860845186543 1613
31 -1.1457317532405606 -2.4854666896916844 3968
32 -2.2975533945094866 -1.416970435165773 1579
33 -0.27989174911533915 -3.900553023362848 4095
34 0.1269062002349263 -3.222064622995007 3591
35 -1.7505048917191284 -1.327852911463599 3735
36 -1.2422186970533298 -3.6348244596394577 1567
37 -2.566321781596474 -1.5933482459289932 2434
38 -2.2887582233991317 -2.5308947952077436 4840
39 -2.545340308533243 -1.2823634893549631 1412
40 -2.163303609261125 -3.1089888004658923 2290
41 -2.9697613846243684 -1.3705316116085193 4367
42 -0.9248464039249709 -1.257191098088322 3695
43 -1.0414052255390125 -2.790938520511972 1427
44 -0.028223756165300644 -2.5935286181926807 4614
45 -2.841082962293395 -3.1465685766726588 1949
46 -0.5239303604965513 -4.06077756319916 2600
47 -1.881474587360117 -0.9135666124955896 4169
48 -1.3953613217493064 -3.003606615613956 3405
49 -2.543920449562892 -1.7950241172420185 4272
50 -1.1325869893612768 -4.462324823699498 4207
51 -0.5438949268104231 -1.6358819242242804 1633
52 -0.27576002747789025 -2.7389480192065268 1798
53 -2.013332194841167 -4.408055588791999 4018
54 -2.5525617663045987 -3.109668788245984 3981
55 -3.0361011530765953 -2.9461149822560095 3811
56 -2.960354181876609 -2.107809008561273 3623
57 -1.3130368823806524 -2.3513904756397626 2032
58 -0.6755194038865373 -2.9777481700669215 4154
59 -1.245906861685363 -4.298714367645001 4837
60 -0.8933333352500913 -4.186603983856016 2217
61 -2.0926730168286154 -1.3533481112615802 1143
62 -0.3825323715771393 -3.3181459352585807 3778
63 -0.33926110817126415 -2.2825122546841006 3452
64 -3.280389932706337 -2.2395113413412786 3383
65 -0.8225828983844394 -2.8566413798069954 2175
66 -0.03162016141174951 -3.222149458021255 4499
67 -0.27763771459659486 -2.5481198197990427 1102
68 -1.2739812130241508 -2.686017935267898 2542
69 -0.9145947975272135 -2.126673975039331 1549
70 -1.4555101252206835 -3.462543004891463 4310
71 -1.9260426055389488 -3.6171094424339203 4007
72 -0.11175714820083064 -3.502861711554804 1683
73 -0.9585220082421833 -2.993509968937871 4226
74 -1.6836562518289468 -2.215321929265591 3607
75 -1.2816904688321484 -1.0169893814729094 3682
76 0.5308112876634634 -2.5056631339979587 2499
77 -0.6997143216303965 -2.489531585097314 4277
78 -1.037946993792019 -1.180237462435177 2542
79 -1.988963602672603 -2.8126985617597655 4879
80 0.28010704608478787 -2.9675996294180464 3029
81 -0.06882869920356521 -2.4673049692170363 4225
82 -1.556012099638024 -3.631000838846532 2638
83 -1.8764225814461208 -2.962488099851694 3136
84 0.06983594905336526 -2.1049950225493532 1012
85 -0.7275458092733622 -4.014304448854952 2363
86 -0.3285018138262368 -1.7678804243696769 3252
87 -0.3387952882991489 -1.5790193533995232 2700
88 -0.5363226931871341 -2.6742785101595863 2591
89 -1.571304810927385 -4.100632811640411 1497
90 -1.1441226309037953 -0.8946910311627124 1832
91 -2.016311663332287 -4.272939661997532 3838
92 0.1598936862422732 -2.0385408411230403 3747
93 -3.2326435486177725 -2.8107005471246986 4510
94 -1.3101524144741543 -4.08775884819583 1053
95 -2.442405338867212 -1.9145613669283936 2374
96 -2.525637195833646 -2.702854215622868 3541
97 -1.9072588156787813 -1.4318242842027353 1290
98 0.0773740861501067 -3.0647293727486065 4906
99 -1.5407437273671776 -1.33825193722094 3976
100 -2.1471236697739022 -2.1061871068626368 2377
101 -1.9784111845284444 -3.987894993405986 3081
102 -1.4094116764833762 -1.0740857409780358 2507
103 -2.8156330332205344 -1.930153807012656 3384
104 -2.218331566942038 -1.1147141612765306 3996
105 -2.3030228712811383 -2.775888782840198 1531
106 -0.5235120871127817 -1.504391474722855 2098
107 -2.3439908450176965 -3.369072613161838 3411
108 0.15776560002245357 -2.365280976242764 2520
109 -2.670808668735097 -2.5251223146878483 4250
110 -2.0978276799711573 -2.5301314437450704 4843
111 -1.1795037690952979 -1.9985244869358634 4648
112 -0.7740093610790397 -1.9873446589261403 1070
113 -3.1252809720410353 -3.215316008713366 3066
114 0.17611192627114536 -3.794773139693457 1696
115 -1.6754721988598382 -3.8735494136740134 4861
116 -0.9765691581422117 -3.625616411904561 1482
117 -0.9377709119306252 -1.9436609309051618 1725
118 -2.1398325781820353 -0.9534018133509126 4848
119 -0.5979287454048859 -2.0442186548538452 2538
120 -2.200546841331611 -1.4211733691439783 3596
121 -2.579589711747956 -1.1022921473684504 3147
122 -0.5187244419952433 -2.4223861405619616 2164
123 -1.1024715671460155 -1.6354875395297195 2232
124 -0.8238024853209811 -0.9346807262453111 2583
125 -1.2884930077692445 -1.6082216549126986 3832
126 -0.9270961214660197 -3.1637723245803624 1539
127 -0.4297693137767223 -1.8864414351084904 4099
128 -0.9101795315101271 -3.80010171805102 2989
129 -1.3528166644225441 -3.2712877614534137 4104
130 -0.918455357247599 -1.7966633586872953 4499
131 -2.428374722306049 -2.940423091442523 1007
132 -0.16830348144908044 -1.919931012354692 1422
133 0.08208504760369437 -3.433431912050685 2900
134 -1.802371844427714 -2.364606727767882 3035
135 -1.761312061587159 -2.6136583778227984 4682
136 -2.985720141187253 -3.8688299859550526 2899
137 -0.43243954326555506 -0.9187810307296752 2977
138 -0.1082517088985191 -1.7325813325246133 2293
139 -2.3648282257027216 -1.6786048557730315 2537
140 -1.513620438086852 -2.0417774060794156 1981
141 -1.6062465874202148 -3.3883817055614385 3655
142 -1.0125545134081955 -4.1643567056001425 1518
143 -2.3652961820801255 -3.900162828484629 2098
144 -0.05230258146146316 -2.9594736332688405 4607
145 -2.1908526107241104 -3.434379574123873 3454
146 -1.542785685382907 -1.4769740156137874 1496
147 -1.2201750273220577 -1.145784560291069 4712
148 -2.8483408334884595 -2.661158032197119 3317
149 -0.5458173150610456 -3.205313594813875 4847
150 -3.3472499598317973 -3.044992323688219 4570
151 -0.6317810443561057 -3.6940007858610047 2902
152 -1.4842471120893777 -2.56648171264932 1517
153 -2.1599119018071713 -2.7645587339953157 3185
154 -2.9943726607039465 -1.6429958998740009 2519
155 -0.37387375956630486 -3.0743207129647487 4887
156 -2.859045958240406 -3.5249887721903663 1298
157 -2.76587295423072 -1.3224213674497785 3543
158 -1.8640743759209961 -4.101728378492351 3273
159 -2.062964522977389 -3.2650088701819273 3841
160 -2.866761110379159 -2.84775033450901 1102
161 -1.7706515309140598 -4.302503837034108 1705
162 -0.8191029429425944 -3.5727394768114773 4182
163 -2.8206696866458416 -2.3659025486909577 1415
164 -1.9269389250417177 -3.283837709432017 1270
165 -1.5500102971015903 -2.7530659863570315 4567
166 -3.0070199038849084 -2.2968100520058297 2559
167 -2.1296056293233927 -1.9397333399419066 3715
168 -1.6895874308644074 -4.355507377493326 4366
169 -3.1662618991612814 -2.6396721653653112 1034
170 -1.4664093193879881 -4.376518750856513 1399
171 -0.40062258257145533 -2.8575316422797257 4734
172 -2.627093648886837 -2.0946827836379955 4304
173 -3.302355963421095 -2.540296939891882 3947
174 -1.1045330642823004 -2.3335910515547216 1664
175 -2.409791108040778 -3.2747534520955064 4019
176 -2.1694623346458903 -2.3662935262139175 4771
177 -1.8823352854660196 -2.1573216956603978 3685
178 -1.831607930287895 -1.240704547792601 2603
179 -1.0978238810447838 -2.597614344257388 4632
180 -2.4147773864652224 -2.0841315580504234 3680
181 -1.7405052848345108 -2.913922371983996 3032
182 -1.6687959795737584 -1.7021627703584774 3469
183 -1.8952419320033338 -1.8051251662339158 3983
184 -1.1940756812180766 -3.5656421738091573 2542
185 -2.9947235185695256 -3.484366911183856 1687
186 -1.2175689447562084 -1.7831796683838708 4638
187 -0.0631338754684994 -4.052025060344952 3695
188 -2.9858636590726544 -3.162786818258032 2288
189 -2.41367674736286 -3.7062449877525037 1241
190 -1.037249885015378 -3.3107256354415866 3170
191 -1.6868583399674597 -3.1510571192510475 1978
192 -2.5456454229358183 -3.5650328989208377 2033
193 0.3181306855244371 -2.7557457408032615 1469
194 -2.862353200785559 -1.8752569973556177 3760
195 -1.1949568029159268 -3.2282208122494005 3129
196 -1.6696877548249534 -1.963787577487324 2498
197 -1.6608795880928005 -1.1182362955784892 2409
198 -2.5927132385753544 -2.303165666399318 2170
199 -0.45321767602160823 -4.3753225017152335 4247
endpoint1 endpoint2
115 177
8 63
7 25
63 76
104 130
178 194
71 141
76 88
80 155
150 169
67 80
0 55
20 58
116 118
49 139
14 77
109 177
1 40
20 169
44 138
63 117
28 185
33 34
73 91
1 89
148 152
104 137
54 198
111 128
140 144
146 180
115 191
142 184
117 139
156 167
52 112
42 74
63 133
155 172
102 160
139 182
35 105
26 179
18 98
113 160
21 55
26 34
37 87
27 65
160 185
13 174
17 43
18 187
36 174
38 190
35 110
23 106
134 171
159 177
109 156
2 163
21 48
43 111
28 134
69 137
73 78
153 166
117 157
26 92
19 119
127 174
23 99
120 141
28 110
27 174
36 77
57 192
22 40
6 182
64 169
88 95
15 123
37 42
58 161
30 75
175 188
162 195
39 139
134 165
65 127
143 153
18 79
26 63
173 188
4 157
61 92
15 64
17 175
145 184
0 144
73 144
109 135
58 81
30 155
94 116
4 132
153 185
29 140
12 196
81 114
61 198
79 172
180 191
4 109
187 199
70 175
145 177
188 190
19 34
97 124
4 131
30 45
41 130
50 80
23 135
44 195
134 142
56 198
96 146
168 170
101 143
104 178
11 155
98 125
125 138
112 129
3 50
24 77
164 199
93 167
4 83
116 181
64 83
45 143
98 133
170 189
98 116
6 149
78 152
19 161
6 36
62 193
49 124
140 192
72 171
75 86
186 191
69 183
46 89
102 144
86 99
68 151
106 110
40 59
87 177
98 151
8 147
88 97
64 154
10 74
23 58
6 22
20 150
67 149
34 141
129 167
28 197
42 108
9 125
67 124
34 111
110 194
21 152
90 182
26 196
70 133
36 140
38 152
82 190
155 195
67 101
72 199
143 169
4 62
22 128
44 149
9 141
29 82
95 140
47 105
61 157
82 185
31 112
107 195
162 170
108 152
37 148
21 170
143 182
73 192
93 157
5 177
78 87
10 159
52 99
56 102
41 73
77 165
60 82
140 154
88 155
71 103
109 176
38 116
81 138
106 146
82 171
108 142
181 192
1 183
37 134
60 105
120 121
138 181
74 157
147 193
38 111
57 67
100 103
11 75
123 191
179 180
15 111
83 135
158 168
108 133
17 194
41 196
62 153
141 161
146 172
147 198
9 169
68 119
56 140
148 175
151 178
123 180
18 184
88 193
31 84
164 190
24 147
62 128
45 184
49 189
57 77
58 69
68 126
53 185
131 150
51 79
35 137
144 170
18 194
64 113
138 174
3 142
115 149
43 103
5 47
153 174
15 122
58 174
24 114
60 158
83 154
49 94
85 130
161 175
164 172
49 175
145 198
6 174
52 85
181 188
82 134
39 131
43 196
65 119
28 125
49 160
145 191
18 71
95 183
22 72
25 143
99 176
101 156
46 66
11 108
30 152
34 199
2 60
95 196
22 59
27 44
172 185
112 148
31 72
67 179
73 152
165 189
30 131
12 109
51 58
64 191
29 132
35 165
18 151
25 127
102 127
68 187
31 49
110 143
64 93
58 96
7 89
128 158
62 76
172 175
87 92
40 191
21 131
3 53
102 118
48 190
44 74
191 192
11 147
52 186
36 105
2 9
19 160
60 185
81 100
79 186
65 83
2 145
149 153
79 109
44 65
83 102
68 79
17 97
55 148
139 153
45 111
28 41
87 195
35 41
110 160
9 153
11 48
145 156
117 163
101 185
12 17
75 172
42 98
24 52
86 123
112 183
1 115
95 153
123 157
124 178
24 59
89 142
68 134
28 174
16 51
73 166
46 115
47 99
33 142
53 195
86 117
3 22
45 90
143 168
147 173
113 186
39 75
4 63
116 145
99 123
23 184
48 81
29 81
94 162
104 157
82 182
86 140
91 115
4 38
122 195
131 189
78 84
81 144
117 135
38 139
77 164
132 196
136 159
139 186
105 171
158 191
13 18
1 189
47 137
34 174
73 89
106 147
125 192
35 149
79 196
111 130
20 195
26 182
49 130
32 70
33 72
90 139
146 178
21 44
99 110
11 74
92 151
129 155
9 48
179 183
15 110
20 91
82 163
39 158
8 71
134 182
65 106
66 197
38 103
21 53
39 111
34 160
61 79
8 165
51 73
36 168
133 152
10 24
1 128
134 169
146 164
58 66
43 97
26 43
27 171
50 149
54 62
153 164
51 78
18 176
54 169
76 126
139 166
107 167
72 131
39 140
23 125
89 110
0 132
57 198
29 184
15 69
4 121
28 103
85 114
33 84
96 143
177 191
68 109
50 135
52 167
167 182
51 92
15 66
76 108
6 62
79 161
83 162
74 86
4 96
25 29
48 138
28 126
145 190
92 195
21 73
168 190
70 197
19 31
5 16
130 153
132 149
81 112
79 174
68 189
13 33
40 65
32 112
1 29
57 104
152 159
121 139
11 100
68 83
71 198
56 176
128 152
77 155
25 126
102 124
68 164
110 140
116 168
48 184
122 147
78 100
56 183
75 184
104 195
25 71
13 83
21 100
46 84
52 187
71 180
19 50
178 186
54 135
24 86
107 113
91 142
48 182
122 165
69 181
39 55
22 85
99 175
6 130
100 182
40 174
45 110
28 42
106 108
40 61
9 152
29 69
69 190
3 192
170 173
26 99
121 167
69 79
126 176
71 170
2 24
14 197
125 147
54 145
59 70
43 128
88 129
13 126
1 193
93 176
16 61
129 165
30 118
31 140
89 141
86 115
65 180
14 127
71 122
147 167
20 159
95 112
4 49
22 126
16 67
86 138
91 125
23 74
28 55
13 112
109 188
74 110
38 120
28 166
67 133
69 169
98 190
151 168
117 189
26 124
8 138
27 102
56 97
89 159
34 127
37 146
96 103
59 109
134 194
110 189
22 153
1 69
92 130
129 136
4 182
117 134
119 166
12 54
71 142
150 172
6 97
31 123
181 197
65 159
140 148
95 111
100 122
174 190
51 122
15 96
17 62
10 23
92 114
135 198
18 102
20 179
53 181
57 178
156 162
108 112
38 186
63 134
10 30
105 148
158 174
26 190
134 183
49 186
14 34
57 74
166 169
99 150
100 104
94 159
123 182
179 191
130 178
82 155
83 142
67 72
1 135
62 134
84 119
18 88
163 183
22 165
37 93
19 120
76 127
105 134
4 115
65 123
48 157
145 195
18 83
74 180
68 103
2 40
154 159
172 197
31 183
35 176
19 129
6 68
136 163
135 149
107 159
22 196
43 193
28 96
11 24
163 165
74 191
22 183
43 94
33 196
37 79
131 134
84 174
82 132
86 178
74 87
111 174
28 127
70 171
168 191
43 87
69 97
36 126
6 167
173 195
19 143
40 179
81 119
135 139
68 190
107 141
161 191
74 94
134 138
28 118
33 101
25 150
44 86
11 103
12 111
73 111
56 177
172 178
83 194
37 194
55 56
43 167
10 36
50 79
17 158
110 141
64 95
65 71
28 77
122 144
121 147
16 97
112 132
25 70
14 96
17 151
20 132
40 48
65 88
48 176
120 179
29 114
44 68
121 148
35 196
9 79
84 194
20 28
24 87
6 27
91 129
110 159
18 22
38 93
4 69
116 191
7 56
120 186
48 183
122 162
83 104
52 131
61 118
90 163
17 129
74 197
39 47
7 70
11 131
80 179
9 121
103 163
127 146
40 150
32 37
88 130
42 130
116 141
11 43
7 191
71 162
2 16
75 167
42 107
64 148
62 110
30 119
96 106
68 128
63 90
131 177
47 109
16 68
6 116
9 107
30 126
0 61
143 170
97 198
48 83
2 115
11 182
12 56
0 52
37 145
20 63
40 139
109 180
146 190
23 179
44 143
63 72
11 94
94 171
13 191
56 105
19 95
10 109
139 188
31 122
37 154
25 53
46 168
95 110
9 188
48 65
11 87
32 176
36 85
57 168
117 142
156 164
108 122
77 91
79 198
139 181
158 164
14 169
72 144
1 180
46 179
80 111
25 175
171 184
44 125
128 160
129 153
7 152
9 54
29 171
13 177
58 144
80 141
162 178
108 128
33 71
159 180
39 105
115 136
26 46
48 127
53 189
55 169
129 146
113 115
6 75
82 152
66 171
88 196
107 160
111 146
23 102
62 135
46 189
57 82
39 102
105 107
8 174
175 194
88 92
51 80
52 66
196 197
38 181
130 138
58 162
136 189
155 190
66 162
1 159
48 158
32 109
169 196
99 135
7 118
173 191
55 191
9 41
119 130
154 156
103 147
52 73
40 198
25 105
136 164
3 107
42 178
8 126
120 152
28 97
65 115
52 161
72 106
37 78
55 180
64 164
60 144
81 125
86 179
90 197
87 144
89 126
22 79
95 176
5 141
173 177
17 122
19 33
172 180
176 191
18 155
54 176
63 162
135 138
163 197
8 108
45 153
90 127
96 159
78 99
99 186
78 146
64 178
27 38
29 129
6 46
111 191
40 74
4 80
69 193
145 174
128 145
36 109
77 146
118 124
40 162
23 43
140 197
13 81
50 71
164 195
93 163
111 196
8 26
120 180
14 16
54 123
57 120
52 133
61 124
27 52
89 184
88 181
72 175
91 128
165 196
48 168
14 27
68 74
126 143
56 71
2 31
67 114
31 152
125 152
19 170
59 67
32 47
13 67
42 152
25 192
120 194
149 175
79 119
88 101
106 179
67 123
54 151
6 10
70 119
8 15
1 112
22 101
11 187
16 78
2 17
61 135
31 142
60 65
14 125
71 116
93 135
113 134
40 45
4 51
20 153
23 188
59 136
101 168
121 183
11 176
123 151
104 153
16 69
17 73
38 156
133 184
1 160
19 193
141 185
53 55
5 180
116 156
47 132
29 46
53 88
98 188
16 188
58 132
12 136
31 124
32 75
70 88
73 196
113 176
7 20
63 75
81 149
8 179
7 165
174 181
45 56
181 195
92 117
127 177
3 9
26 170
166 189
105 119
101 195
51 124
63 155
135 179
108 138
55 120
116 122
147 197
152 184
99 147
118 157
1 85
156 188
58 145
60 141
6 81
155 163
31 107
17 198
33 70
99 152
44 117
17 46
38 179
58 152
82 153
12 172
14 184
18 199
182 196
74 139
2 188
22 187
27 172
153 169
171 198
9 39
117 152
102 196
196 198
51 83
40 192
24 158
8 120
33 80
159 165
2 183
57 90
21 68
5 154
26 49
73 122
2 38
94 143
62 84
30 61
51 88
105 141
14 138
32 101
159 162
90 106
76 137
21 77
9 192
11 107
12 123
31 190
54 190
42 43
136 172
135 140
101 113
68 177
45 159
11 19
58 90
2 56
77 159
27 32
119 147
0 78
77 112
66 140
107 143
15 197
35 49
184 191
42 165
8 109
67 183
54 110
166 194
25 148
47 69
128 155
56 179
98 127
29 128
103 185
23 45
157 177
35 54
97 174
65 69
118 194
191 199
104 183
68 69
42 117
78 154
47 51
125 133
15 90
40 163
24 82
13 80
14 102
3 70
32 129
70 146
92 171
95 174
167 198
118 197
7 82
36 149
75 178
19 164
24 89
43 151
46 128
107 114
3 79
11 63
54 115
58 126
11 140
60 76
6 16
28 37
74 112
97 177
9 157
29 66
2 100
95 156
151 158
7 64
101 165
104 172
106 176
17 94
91 96
65 176
70 135
53 85
9 23
121 173
71 156
36 130
24 63
133 190
64 150
9 96
30 117
60 66
82 83
121 197
94 191
151 172
10 150
47 111
13 139
131 192
61 159
6 106
105 189
37 150
0 174
110 185
20 161
7 30
63 77
48 85
29 45
131 184
117 186
100 198
51 113
33 155
56 100
5 85
67 81
31 127
1 184
141 177
0 165
21 38
44 137
100 126
9 185
16 37
78 88
81 148
8 180
123 164
17 58
35 144
130 164
66 92
30 110
16 195
21 190
62 144
75 103
93 145
44 128
142 187
72 73
4 184
174 189
15 109
130 191
14 175
164 181
41 198
141 163
109 164
3 158
5 174
171 186
36 94
148 173
77 193
59 151
16 162
0 108
56 121
133 155
12 182
86 149
14 182
15 155
112 197
23 107
66 193
144 192
104 110
68 124
16 153
20 110
58 153
24 105
12 173
39 147
4 119
144 199
143 145
166 167
63 110
46 50
47 160
68 123
61 68
88 94
35 140
76 122
133 141
136 191
63 177
105 139
55 70
3 100
97 129
84 121
85 117
14 51
143 158
57 89
12 125
52 164
59 186
4 156
167 181
153 177
61 93
97 99
84 162
17 31
12 163
30 77
161 162
18 54
1 150
38 61
97 154
4 101
1 7
168 187
22 74
95 181
59 179
77 118
24 126
43 170
91 166
45 158
32 125
159 170
145 178
57 107
177 180
167 171
103 131
54 182
130 149
41 131
81 116
83 175
50 83
15 196
40 69
98 141
11 152
30 132
69 87
36 96
97 118
186 196
43 152
93 168
67 191
96 168
98 119
10 91
60 191
101 107
31 37
18 26
74 79
93 161
38 89
75 87
97 166
48 179
122 166
57 126
78 115
71 176
129 199
77 137
100 139
89 190
112 190
28 47
35 39
20 142
7 53
32 153
53 66
73 182
57 135
37 105
100 178
31 154
24 161
108 193
69 186
74 192
92 186
21 114
79 113
26 111
52 149
35 68
19 181
40 153
25 94
85 188
20 156
99 112
7 43
117 183
47 97
42 86
100 160
137 186
66 112
9 103
12 148
179 198
92 106
40 128
68 131
14 67
23 190
118 183
149 191
46 116
13 138
15 17
71 148
108 159
