nnodes nedges type
200 1500 graph
nodename posx posy weight
0 -4.157436911161077 -4.477009992298757 4423
1 -4.051255131096249 -3.583600155190138 2161
2 -3.897064668339726 -3.988972417942854 4366
3 -3.698256128806696 -4.058111834283378 4068
4 -3.3422906331662325 -3.247383075389729 4928
5 -4.227014346410479 -2.9128728839803064 4681
6 -2.718596707465145 -3.8936823942078496 1419
7 -3.390021780311484 -0.9006080061247116 1628
8 -1.330666151596295 -3.54621142406407 1882
9 -2.4264666429094337 -2.488783844903209 1677
10 -2.128170212556301 -3.894892738331034 4378
11 -3.231931196137767 -3.547583871974085 3993
12 -2.2628090651501953 -2.494390912208042 4416
13 -3.21056494449134 -3.8907167321647 4355
14 -4.733249493434482 -2.869213978164707 1552
15 -3.3646681864560364 -2.611129062170306 3529
16 -4.4865314295458045 -3.7706618865843984 4197
17 -3.925750289327171 -1.8182113243603217 2779
18 -3.476034102616941 -1.7882786261939965 1448
19 -4.696250777289366 -2.78987011473317 4976
20 -1.7282069873521717 -2.2982549003979824 1110
21 -3.129384941762679 -1.8467720713052245 2827
22 -1.59888525055399 -3.863110663284569 2792
23 -2.7250494906451186 -4.185440157807935 3632
24 -2.0917881521379913 -3.4864288837478012 4333
25 -2.532085613260196 -1.765252960744816 3213
26 -3.3688849814679216 -2.3120633526255117 3622
27 -3.2579259627213286 -4.36262015879855 3958
28 -2.1795910743120914 -4.263625326298953 4705
29 -3.0245162495305746 -0.9125576981039636 2733
30 -2.1948778464420786 -2.735753637514057 1900
31 -2.9160687573554447 -3.7157335009164667 2862
32 -4.233946209108957 -3.769292519395683 3594
33 -2.5630594620303824 -1.20422962645957 4439
34 -4.2412213184886145 -2.47392899034636 1178
35 -4.605009419742415 -1.7523656537819101 2133
36 -3.098073526661555 -2.373215205430614 4158
37 -1.971167945027921 -3.7536429799267554 3316
38 -2.453147260268199 -4.529101720962052 4412
39 -3.1869233503192165 -3.4084700859811203 4712
40 -3.317051953100405 -1.902571716638718 4361
41 -3.1071277749735864 -1.4371948072106768 1147
42 -3.7917270171788164 -2.814282214695727 2932
43 -2.951939271054102 -2.7950746853386965 3149
44 -3.6706175939717847 -1.5019436194596707 3275
45 -4.898480034442329 -2.781649433796363 4091
46 -4.330196607043682 -3.949887233005261 2733
47 -2.762463097397422 -1.4499365036358627 4399
48 -1.3579441612411536 -2.731040442161459 1142
49 -1.5488261898357407 -2.1771663904694574 1710
50 -2.037299642470517 -1.9311018018657922 2793
51 -2.264386371506688 -3.6782629900452557 3085
52 -3.701951956007899 -2.1268303404694158 4355
53 -3.447366017128366 -4.202600317762001 1319
54 -3.5912249376480405 -1.9915485405065663 2340
55 -2.9205210082233934 -2.338569046682185 4609
56 -2.0262158320589077 -2.1012466047523986 4271
57 -4.044766899256741 -3.2142033838292448 2025
58 -2.9184487812945283 -4.074982955225497 1300
59 -4.872099648828864 -3.1356440728220436 4267
60 -3.021405066466081 -2.2082566157610084 1559
61 -2.6495533666262108 -4.68192521155423 3429
62 -1.90590922508198 -4.377676223318962 2311
63 -4.221145550801741 -2.1703597557029655 4250
64 -2.0624145566784122 -1.5869747582862372 2224
65 -3.8341211782269857 -3.163357633227621 4105
66 -3.672606829052639 -1.7810405137963237 4167
67 -2.4200139654875894 -3.0393485310191184 1324
68 -3.6555407139730054 -4.371592272263161 3359
69 -2.832223903259797 -1.122360952446966 2390
70 -3.518130722492782 -1.5892405247416665 3660
71 -3.0533611628547894 -1.0631337507710596 4914
72 -4.65587308430237 -2.5289877883680276 4819
73 -1.3647773689386618 -2.164507314712121 2395
74 -2.2669524002996244 -4.310761945326431 3908
75 -1.7922609249380963 -2.5143580974602044 2283
76 -2.78923069853113 -2.621547305800274 3676
77 -3.580144791846144 -3.540953111059859 2103
78 -3.394034839776242 -4.069045190674667 1328
79 -2.5639238321141256 -2.7045608681523325 1679
80 -1.4773782773310844 -3.783449954018713 4502
81 -4.1181358350793165 -3.670323624371054 2579
82 -4.039407493025413 -3.942705890816328 2988
83 -3.116909924622959 -4.443290521156279 1318
84 -2.7997208126241224 -4.372615985802581 1402
85 -2.2169431331213305 -1.6604595911653108 4102
86 -2.3586446542811648 -1.0898300409419333 4497
87 -2.482874236573848 -1.5013396377026564 2157
88 -3.7482816971137036 -3.340962887044063 1052
89 -3.9262034189428627 -2.4622888919565082 1354
90 -3.162107458737238 -1.3079099803822394 2452
91 -1.674155342123743 -4.02902878147922 4791
92 -4.807984555288775 -2.4570299824364277 3467
93 -2.4030480658010185 -3.7440676603233127 2619
94 -2.0555814137332153 -1.7439949554879794 1542
95 -2.5752901951986784 -3.431503448025803 1594
96 -4.397830265025608 -3.5516828768399322 2802
97 -4.502264803483077 -3.4323856432462674 3131
98 -1.7696241021959156 -2.7764973464773837 3580
99 -2.586978669264169 -2.5313769470448166 3382
100 -1.9876410219833227 -2.40173317948119 2239
101 -2.1399396473604746 -3.1391720079895005 1871
102 -4.447066926376987 -2.8324508792134657 4479
103 -1.9111411205460052 -3.0775961527564117 3542
104 -4.541091203217673 -2.031511051188679 2349
105 -3.5547106367699186 -2.3634772128055515 1264
106 -4.413192334184369 -1.9727315506286054 2348
107 -4.07451144477723 -2.0700101660378456 1112
108 -3.5094215439852077 -3.9493375733805296 1287
109 -2.1731523326667483 -2.9925202573246192 1359
110 -1.6384240104885746 -2.577490718859458 1045
111 -4.277346395639564 -2.727288047647961 4253
112 -3.332239966200436 -1.6325706646037133 3046
113 -4.1061758958050385 -1.720031046369544 2884
114 -4.968016911580322 -2.5594008506711257 1237
115 -2.4986270460751805 -3.2776846234322576 2015
116 -4.485687634732363 -3.1060936954593603 2560
117 -2.972523926285741 -3.0690985976792997 3255
118 -2.8334778113887102 -1.864294351654611 3881
119 -2.4048818944586396 -2.27381152762364 4644
120 -2.516145514998261 -2.142362865406054 2635
121 -4.250192032988827 -1.8152997449786459 2200
122 -3.2902091326288643 -2.8554051179635707 2110
123 -1.2544359385403803 -2.4947395578967573 1814
124 -1.914228830412915 -1.6196733930269778 3466
125 -2.7867628378689444 -2.845534233668741 3353
126 -4.252660854885819 -1.6278886695724348 2897
127 -2.8396128974435793 -1.6169633422412684 1366
128 -1.9249859437515697 -3.461789410621467 3608
129 -4.554468390824805 -2.3214879748499277 3693
130 -3.867247065876891 -2.2011713607535217 4036
131 -3.676869509840792 -2.9660656438161035 1522
132 -2.690977006233857 -2.209872657801647 1035
133 -2.5875164136404023 -4.002504378675164 4913
134 -3.1076102950934517 -4.065630258035861 1003
135 -2.4313257181601284 -3.3168553530203777 1119
136 -2.1590079580456716 -1.2254072222557262 1385
137 -1.858498904944835 -3.3324573289436894 4688
138 -3.7884285339722763 -3.8365969417419414 4546
139 -4.110571991619857 -2.654772822261255 3666
140 -3.556037846092259 -2.7445534571800656 1450
141 -3.405451743050273 -1.1931722570403736 1933
142 -4.812072586171892 -1.9673461532185355 2235
143 -3.840140254055526 -2.015072868374906 4731
144 -4.614832953129227 -3.2065235209890637 4662
145 -2.571718795522598 -4.575672024488275 1077
146 -4.002010481192884 -1.3487633074642482 2794
147 -2.9775183193064283 -3.300729242673597 3763
148 -1.1272061986947681 -3.427181984976997 4606
149 -3.541068234136449 -3.0905232953443194 1427
150 -2.685701581243873 -3.7246982391869423 2534
151 -3.7573808853740993 -3.6265668537498232 2212
152 -3.979273199266518 -1.2688311389531703 2055
153 -2.9842328076979916 -2.075217607886493 2376
154 -3.4703566227156655 -1.368841812336695 2975
155 -3.6517421638642613 -0.9423995277201491 1854
156 -1.9713614358637417 -2.5007028613313373 3272
157 -3.009378979997425 -3.8005401467776783 2197
158 -3.780595643950371 -3.9417286545969827 4389
159 -2.740180317714631 -1.879633228100848 2794
160 -3.7332053994514522 -2.4672948703266973 4764
161 -4.964347138709646 -3.6291328205346933 3571
162 -3.1592125050607067 -2.9477200327658983 4572
163 -1.9198414308914016 -4.0706975213154974 2134
164 -1.6176161041399737 -2.98998435850064 4391
165 -1.7189170125176212 -3.261077249024894 1552
166 -1.332861730430766 -3.036510248702781 2073
167 -5.084771726527241 -3.07605328354807 2327
168 -1.8934820251775115 -2.2632602465118326 2389
169 -1.6415041896523395 -2.8016788572182914 2237
170 -3.965839409348401 -1.612558441358084 2816
171 -1.603095091141521 -3.080518263444651 1392
172 -3.524973695122093 -4.443255577460726 1798
173 -2.150513445787026 -3.5956354485841526 2405
174 -3.0638610138235602 -2.605205605638985 1742
175 -2.6273455145444857 -1.950317952958011 4541
176 -3.5133921491602877 -1.1520431760558114 4077
177 -4.603399057205522 -2.1085498387101564 2787
178 -3.8365854860856015 -1.380630763083369 1613
179 -4.437858669818443 -3.3540424181807813 1247
180 -4.311964280104352 -3.403956338666835 3833
181 -2.8181974641896144 -3.103369454961745 1421
182 -4.3370229835722105 -4.236985759779645 4910
183 -3.017266669111128 -1.8268373545552217 4238
184 -3.917572332207712 -2.7239788642156073 1060
185 -4.2508385562297395 -3.0936989005427216 2606
186 -3.4684178311999383 -3.3431418411405884 2547
187 -3.98332250059393 -2.331382588059442 4553
188 -2.269915575221951 -1.4788698382765262 3498
189 -2.3188166716240057 -2.9141174417777456 1676
190 -2.8839049882359493 -1.3676037710957034 4892
191 -2.4046886392877367 -2.0392090030718992 2370
192 -1.7123867441996174 -1.9631176075336916 1854
193 -4.1348609764472375 -3.380245912274576 1986
194 -3.6794669675261487 -4.466901036020962 3733
195 -2.5589262881213792 -3.16332360535349 2332
196 -2.9614827287470864 -4.3716398831185925 3566
197 -1.8280815672049129 -1.8997271352412448 2622
198 -3.4135407477112216 -3.6945164303456237 2584
199 -2.8013729358180104 -3.4391022827278115 4754
endpoint1 endpoint2
68 138
0 175
18 121
44 147
100 112
28 162
29 44
33 41
131 187
76 88
130 170
30 100
25 49
74 149
5 187
47 143
34 144
94 174
11 160
103 115
12 50
108 126
112 121
76 87
139 177
103 192
158 160
162 191
35 96
96 114
140 144
32 68
90 141
22 148
105 117
81 140
29 175
179 181
52 112
80 137
107 183
21 198
23 109
51 169
115 132
171 189
47 157
11 65
50 156
34 162
94 152
81 133
117 148
13 174
16 163
55 115
120 134
65 109
90 159
21 48
4 24
68 125
26 92
9 60
117 157
52 70
17 44
58 166
42 60
88 199
0 19
127 174
55 72
23 99
26 133
48 154
32 105
2 186
58 79
21 57
25 190
93 108
58 62
62 83
27 95
89 192
91 171
134 165
84 122
89 113
143 153
1 13
46 58
56 160
37 66
94 141
6 169
135 145
10 55
17 175
120 155
32 103
14 59
0 144
22 75
44 92
173 181
50 128
124 159
68 106
103 133
52 83
40 176
76 105
60 147
101 127
140 170
173 174
46 68
50 187
52 171
19 34
77 157
95 194
27 34
86 94
185 196
130 146
132 146
43 162
157 182
15 199
17 153
93 174
33 121
53 118
78 102
30 133
37 125
104 193
13 196
89 179
155 159
49 123
68 161
38 39
3 67
45 143
32 140
170 189
118 192
36 104
6 149
137 157
178 188
125 131
107 127
111 193
20 128
40 52
57 125
98 156
101 177
104 160
6 140
10 67
103 169
86 99
52 55
125 156
132 143
43 137
87 192
110 163
116 187
7 52
70 139
39 50
170 175
119 192
83 108
5 127
81 198
15 170
112 182
32 34
39 90
116 130
25 197
122 169
67 149
16 59
92 187
117 173
11 135
13 151
24 58
100 186
9 125
34 111
15 179
35 71
6 9
46 144
88 134
143 160
9 132
104 149
42 87
5 97
0 58
7 35
28 164
41 55
131 181
26 126
9 30
121 180
17 78
38 147
61 157
9 111
89 153
34 97
24 183
32 55
113 188
16 32
57 162
41 56
4 180
117 184
103 117
133 174
136 158
30 101
181 199
3 5
32 78
70 95
18 113
109 176
57 58
7 17
48 78
28 186
29 36
76 193
4 179
10 134
123 166
33 146
54 199
58 138
15 151
127 178
55 124
24 133
62 150
120 121
74 157
2 174
113 174
44 130
100 103
11 75
105 116
36 81
56 133
128 173
59 144
81 131
119 186
30 196
13 180
37 62
41 187
135 172
109 162
147 198
3 128
4 18
25 179
9 169
63 122
104 105
123 199
26 82
160 186
60 136
5 78
24 100
6 84
135 165
31 84
45 184
84 117
76 159
39 101
48 115
117 156
8 171
119 136
103 153
160 177
34 45
54 168
60 135
135 162
31 93
107 164
127 169
64 113
45 177
159 185
163 186
21 56
25 189
78 186
10 186
84 165
16 146
25 100
61 179
66 190
49 94
89 199
55 64
4 120
65 126
33 85
50 134
36 117
5 40
31 178
25 109
157 163
122 128
47 195
68 196
33 110
51 132
18 71
25 143
36 124
153 184
9 86
173 197
176 188
12 197
103 132
36 195
41 152
135 137
85 148
107 139
74 80
4 110
42 185
22 67
68 82
52 180
53 157
16 135
54 180
76 97
10 38
13 91
144 150
17 152
93 173
40 71
111 178
115 192
45 149
33 120
90 123
96 147
95 165
25 153
47 70
16 111
89 178
81 99
83 182
87 162
2 150
165 175
39 63
56 189
94 110
80 195
64 141
54 134
43 147
79 186
102 105
50 67
13 77
110 153
65 83
96 161
149 153
104 161
17 97
42 123
81 93
65 187
106 111
93 184
23 173
67 175
1 122
8 148
13 157
19 65
77 128
85 192
52 63
6 23
82 92
107 108
29 95
47 90
88 105
41 85
80 168
108 171
90 183
39 82
44 159
26 197
92 179
99 195
51 100
16 66
36 141
150 157
5 96
108 162
112 165
114 185
20 165
69 170
73 175
53 91
94 162
20 78
80 166
125 191
15 128
55 105
4 38
118 140
122 195
67 139
41 63
4 181
5 193
13 129
125 199
58 128
41 72
42 70
80 157
132 196
45 59
139 186
49 56
37 156
55 102
49 137
25 160
118 135
29 35
69 156
92 152
27 117
174 185
12 44
160 173
125 192
15 97
36 186
20 195
21 187
60 106
117 119
71 95
18 105
109 168
44 131
92 151
151 180
26 72
27 74
30 197
37 61
24 30
136 141
155 174
35 107
9 168
47 159
55 175
8 165
13 172
18 185
36 168
111 144
24 148
26 184
65 99
99 156
12 74
34 187
9 34
119 139
84 159
156 183
52 64
19 121
41 164
137 198
97 141
76 151
21 71
43 102
25 188
194 198
72 97
36 79
57 198
131 158
4 144
5 46
78 187
64 171
172 196
6 180
40 83
4 121
42 180
90 111
146 150
5 134
68 109
52 167
72 104
56 162
75 149
16 138
18 162
157 162
161 167
72 177
40 90
25 29
62 186
119 150
31 75
161 184
37 171
67 178
96 157
152 159
99 184
12 110
15 35
36 100
93 117
10 84
77 108
43 164
6 40
49 64
107 131
35 53
43 53
122 147
54 98
58 97
98 136
46 77
30 139
15 40
75 184
98 123
118 126
10 95
86 87
89 177
40 160
21 130
79 188
85 165
18 30
40 79
3 69
189 199
27 133
46 84
123 137
50 171
128 150
24 39
119 125
15 166
113 157
3 74
189 192
58 115
39 55
98 154
11 139
103 171
89 131
38 196
79 130
85 183
53 79
149 161
26 99
12 18
17 89
9 122
21 157
24 164
25 90
88 129
107 111
39 84
42 133
145 148
73 188
21 127
27 104
13 149
179 194
127 152
40 156
20 40
85 185
50 109
32 59
74 103
48 91
96 183
21 120
27 97
6 119
155 197
67 103
79 153
50 100
2 195
115 173
118 138
67 133
54 88
78 82
117 189
88 120
9 109
10 101
125 190
114 177
26 165
65 134
100 115
28 189
36 45
11 172
174 183
56 104
36 188
67 85
34 118
125 183
23 88
65 159
1 45
146 184
166 191
9 189
63 118
142 180
4 189
117 143
101 197
106 144
16 168
79 199
61 173
63 153
105 147
12 188
147 195
39 113
21 43
23 198
25 168
32 182
142 191
72 77
57 178
9 55
84 138
51 67
56 118
135 174
102 167
30 85
31 105
162 181
1 142
2 167
3 130
166 169
80 101
33 49
16 23
153 162
61 78
160 188
17 40
91 94
55 76
90 154
43 96
99 159
45 199
193 198
54 63
36 65
34 43
15 127
35 139
54 174
20 106
18 192
39 143
140 184
2 185
25 131
44 105
194 199
105 109
50 141
34 179
75 159
94 137
59 185
27 80
119 131
58 172
130 132
26 139
140 183
70 176
143 154
163 165
43 94
12 121
73 125
131 134
6 172
64 163
20 120
41 149
25 115
14 143
18 50
45 161
159 169
87 145
11 110
51 55
94 123
5 31
12 199
31 165
19 143
102 122
72 185
111 183
39 186
65 78
67 181
90 126
145 182
96 158
19 39
75 130
49 71
72 160
18 36
75 93
23 128
44 190
73 135
15 43
17 117
77 147
100 129
89 176
54 141
25 70
110 148
93 164
28 68
33 119
87 188
114 122
149 158
22 83
64 143
66 104
103 173
65 160
17 136
42 144
23 150
120 186
87 181
76 170
124 190
52 131
41 105
77 133
42 121
102 151
31 153
65 185
46 133
110 166
23 175
70 142
104 170
126 177
17 88
66 122
102 142
59 89
45 102
90 170
113 142
36 49
57 140
9 17
121 175
11 184
19 72
6 125
100 165
102 129
12 153
147 166
39 76
4 50
99 116
44 153
63 90
29 86
73 164
121 176
19 81
82 189
66 76
13 30
34 101
35 113
25 43
75 119
11 89
67 132
131 182
95 137
98 191
12 56
130 175
78 194
15 130
1 186
26 162
143 179
183 199
23 179
32 185
51 199
2 74
174 180
150 173
133 171
139 188
12 134
1 179
20 198
3 6
23 91
65 158
53 58
18 108
99 107
27 198
11 87
12 95
81 143
8 185
101 196
11 164
47 120
135 176
83 131
158 164
92 115
90 137
1 37
20 188
166 183
25 175
63 126
34 167
53 180
56 136
57 177
131 173
22 27
5 49
13 177
52 124
130 184
61 165
10 31
60 99
24 143
120 131
33 71
109 159
18 94
34 190
36 91
150 199
119 140
106 131
97 138
60 122
187 191
46 189
21 60
43 99
11 122
38 181
76 120
24 110
60 130
137 196
89 195
14 130
17 177
37 190
23 127
49 171
74 181
76 145
7 118
57 196
167 187
30 60
161 172
40 85
96 129
69 103
128 140
58 197
98 108
61 88
18 160
112 144
130 156
85 136
14 140
144 155
90 197
64 66
58 93
17 122
73 101
56 171
98 103
29 136
76 101
132 151
184 190
111 182
46 72
71 192
29 129
15 82
18 146
37 193
21 135
6 46
88 167
15 195
64 80
11 14
110 125
76 181
168 174
121 146
9 69
47 48
31 170
25 69
43 159
66 129
38 91
111 196
4 95
113 154
45 139
33 118
51 156
15 51
19 52
129 193
42 127
81 89
120 187
124 191
17 102
6 128
154 194
34 89
3 36
114 139
13 67
32 158
69 188
129 162
22 98
176 195
88 101
52 139
77 189
24 55
100 191
3 45
21 155
79 149
71 127
113 141
3 186
54 76
57 147
2 126
117 169
46 111
75 166
100 166
9 97
102 134
30 116
89 147
127 154
96 107
9 136
48 93
98 165
88 115
6 117
82 186
102 185
143 181
93 128
115 175
51 193
57 157
46 121
88 122
36 183
10 99
67 110
35 121
15 141
92 126
59 111
71 106
1 42
93 153
28 191
47 141
67 140
32 186
51 198
149 195
16 179
36 190
130 167
76 85
150 162
86 154
92 117
60 110
138 182
143 187
75 100
166 189
63 112
105 119
148 165
4 191
103 110
112 126
61 171
107 181
14 174
21 184
59 125
33 77
14 89
146 177
22 169
25 174
171 187
36 93
129 152
26 87
132 181
10 28
158 172
138 184
33 70
14 32
43 109
9 173
29 50
50 153
55 168
2 84
37 82
26 94
30 51
56 127
113 114
58 152
130 176
132 188
137 194
57 81
105 106
72 125
53 133
37 91
117 152
27 93
13 162
109 110
41 169
132 187
63 182
13 51
107 152
55 71
111 154
4 125
22 195
8 120
26 142
109 144
1 15
73 122
153 178
64 174
172 199
62 84
38 173
43 178
135 151
83 158
105 141
14 138
37 166
120 153
159 162
96 130
115 158
48 101
55 183
18 161
79 162
72 180
2 137
5 140
43 73
172 181
12 193
79 171
101 122
66 140
51 145
76 191
98 140
99 189
12 105
124 147
6 156
9 67
77 105
43 153
63 170
85 153
106 126
42 172
7 85
126 130
55 130
42 117
19 159
41 142
82 111
140 198
107 125
97 167
44 183
118 170
120 181
32 129
54 120
76 173
95 174
83 101
121 154
11 151
104 190
69 90
56 65
80 199
62 123
9 77
119 126
0 83
112 189
20 30
60 181
81 88
70 122
38 83
118 173
120 188
69 178
76 164
26 103
19 60
102 149
103 164
14 193
15 168
46 139
68 156
8 9
11 52
70 140
36 52
79 118
47 89
88 102
56 62
60 75
82 88
138 147
88 132
75 123
115 160
26 198
63 95
32 150
4 196
17 87
86 118
15 190
110 199
112 162
114 186
143 175
74 98
115 169
122 189
129 179
104 154
20 67
7 199
137 188
30 124
13 28
105 189
107 193
162 172
79 154
8 62
63 77
51 192
53 167
149 185
98 189
47 116
17 65
19 88
38 148
66 69
139 185
86 128
15 140
1 184
24 188
25 50
1 41
113 183
47 140
69 159
129 141
4 177
98 180
154 191
119 163
9 10
76 86
150 163
127 176
111 129
114 167
146 183
147 191
22 151
25 164
5 54
151 187
33 149
37 48
130 191
5 71
49 53
158 170
86 146
144 186
24 138
60 102
70 75
1 59
57 70
38 96
20 190
147 196
47 146
16 19
148 173
5 63
112 118
20 103
77 82
42 52
66 174
139 172
31 106
0 27
182 194
183 191
111 151
85 99
57 79
2 162
115 138
4 31
33 54
78 173
8 169
106 129
13 168
105 130
14 40
109 150
115 147
99 128
2 44
93 109
7 136
60 156
85 132
1 157
22 192
140 187
14 51
2 180
99 137
7 112
30 147
142 151
37 67
59 186
181 190
184 195
20 124
66 187
138 195
105 140
37 165
122 130
85 126
70 183
44 99
7 105
36 114
153 186
100 151
27 42
84 169
35 186
41 154
81 115
10 49
66 178
31 78
184 185
134 150
136 197
30 44
81 116
82 122
139 193
163 199
111 176
188 197
110 120
57 108
168 169
96 145
68 95
139 198
106 127
4 82
114 126
43 70
17 106
2 11
59 198
42 114
86 107
34 69
102 107
24 194
8 28
58 116
68 77
112 190
43 150
66 150
141 147
120 189
69 177
54 112
98 150
19 63
67 116
89 135
0 43
112 181
40 146
60 77
28 38
108 193
113 138
116 129
27 151
130 193
12 157
125 175
59 90
138 144
1 197
113 131
63 94
70 132
81 160
28 195
106 184
80 173
19 186
111 117
60 67
72 198
97 194
142 167
149 191
10 151
46 116
13 138
124 198
52 155
59 104
