nnodes nedges type
200 1500 graph
nodename posx posy weight
0 -0.9272189037409972 2.3641559993601247 3410
1 -3.891092744664956 2.544668209161518 4289
2 -4.025768950136906 3.233979800135079 1435
3 -2.0319636377406507 1.7213882731755454 4792
4 -3.5361906302489032 4.399352378660244 4239
5 -1.7357014117744423 1.5590272069466182 1052
6 -2.26934633378882 1.1532097263546117 1749
7 -2.494097009505274 3.185730505137936 3766
8 -1.947609948087793 3.66086211304722 3814
9 -3.8430916913613435 2.184600161800627 3080
10 -4.457648800075248 2.7950845499548334 3275
11 -3.266938026569097 1.2832917957635952 1903
12 -1.9696368873043002 1.3588308592085756 1016
13 -3.900600718820335 2.321403724090252 4396
14 -1.8626054100204008 2.007887720046472 3854
15 -1.962420258680016 2.645845004676971 3201
16 -1.0962362736335782 2.541333755123178 2202
17 -3.1515273535810255 3.192585968167274 4522
18 -4.723643289252244 2.929658578799885 2463
19 -2.280313101765173 2.254205030372741 2716
20 -1.1538151331598228 2.9903672183880836 1279
21 -2.518718980230508 3.634424351650376 1833
22 -2.7873654409939177 2.7058308897546364 2495
23 -2.2531930099378297 3.5290658817957636 4569
24 -1.366047776059361 2.788541560735732 3032
25 -2.2542787591353637 2.1144456920430126 3769
26 -3.8359831467061354 2.758765017433004 2757
27 -2.932192992290567 3.2572794051261553 3390
28 -3.8577447411851695 3.4489557297069733 4641
29 -3.5370030177901555 2.9313890792882504 3613
30 -4.210532344520922 2.476281247120853 3847
31 -3.0249119177463637 4.382940536955531 3731
32 -1.91034888126507 3.4119151238245444 3429
33 -1.7943187734824488 2.232567392419384 2855
34 -3.3069806765159893 3.2593765198660885 1597
35 -2.680628578089506 4.606880560504804 3530
36 -3.200222445111015 2.210580960460927 1726
37 -2.845616759419874 1.4889967190271718 3971
38 -2.423337035964151 1.7830968367279918 4422
39 -3.88819376507453 3.7252987985349573 1092
40 -3.250560585871274 2.49002287038336 2547
41 -2.8464260571965716 2.544934658665779 1931
42 -3.4445919580728357 3.4826152875157677 2347
43 -4.058922196526498 3.5804000829259444 1745
44 -4.203249236317504 2.0204294674390875 2779
45 -3.129592988626396 1.3393304083519912 3932
46 -2.568244183642138 2.9091901010073524 2264
47 -2.0451314338034225 3.5669712464121295 4957
48 -2.534986200669728 3.362840442151093 1845
49 -2.0867745039977206 2.0298792876997753 2625
50 -3.187300506937501 4.098705735173957 3245
51 -2.7813780351137884 3.8511276102319005 3236
52 -2.366424515625937 0.9856039867109632 3338
53 -1.589573889386688 4.338337474366518 3285
54 -2.4304036532401145 3.7459958939392335 2341
55 -1.5261053193263563 2.907813268823954 2271
56 -2.9687172688989616 3.984450190641665 1460
57 -3.0125712528123425 4.124747318095306 3079
58 -3.426015404336534 2.7462864339368256 2838
59 -3.6603961353509393 1.6104329953307202 2912
60 -1.3768813420871042 3.569538842857045 1142
61 -1.703195604662636 4.081493582809229 4238
62 -2.1635244559287417 3.451505797393644 1425
63 -4.237300370344157 3.2351790128428934 3476
64 -2.033008543864377 2.930636879009443 2933
65 -1.6609636829386456 1.8072566378624946 1079
66 -2.657837970592828 1.7941516419714556 3416
67 -3.352340124377036 1.3654316645794717 2155
68 -2.9269750335419094 3.4658736665085215 1873
69 -4.056896483716939 1.3622128843770442 2317
70 -3.230112869308647 1.5492237642621913 1614
71 -1.678750218630209 3.339389763931946 4642
72 -2.358574847308168 4.639540267659464 4213
73 -3.399653108532963 1.755831765805981 2954
74 -1.6650460654195691 2.739671707967432 1337
75 -2.9739132700088122 1.7660241244614958 4713
76 -4.0020768950661845 1.5234582870613336 4933
77 -2.680944411371096 3.459326254688254 3205
78 -3.4921743096356446 2.474136460620455 4978
79 -1.4742911826062715 3.399580958895647 1337
80 -3.0684219616962323 1.080009083660814 4399
81 -1.196745894882042 2.727773442120788 4957
82 -4.324995384254986 2.979750334369116 4528
83 -1.260111078662035 1.905738809757856 1574
84 -1.4555015601880141 2.556510913029612 1771
85 -3.6466464761148654 3.767709752240172 4224
86 -4.5678390694226545 2.6988687969029006 4381
87 -1.6533888880000114 1.6027322950003917 3880
88 -3.590655403071371 2.177311839139451 3361
89 -2.887169920980796 3.0135816710060634 3551
90 -2.5795553902435318 2.5104299285112273 4114
91 -3.0736313732787273 2.0222149759555283 3539
92 -2.225468113037419 3.8765767060551135 1729
93 -3.1014670605313324 2.8560246259454574 1783
94 -1.5016301725283108 1.920167016304436 4960
95 -2.1036486172370337 0.9918933417105344 1258
96 -2.9406944895771088 1.927207276221045 1587
97 -2.5089377825748818 2.3174374261657227 1606
98 -1.1534027559021478 3.9406304830692194 4212
99 -1.7489474998127568 2.538122074606097 2137
100 -4.187743833969611 3.085500806373575 2209
101 -2.7030564066109566 1.9967592130716638 2238
102 -1.9291309947820106 2.3788549397978547 1006
103 -3.391261213597392 4.578530277002787 4611
104 -1.9077770846355089 4.245203226708093 4826
105 -3.72495956656269 3.9842922607327163 1598
106 -2.376460392319986 2.999428415703442 1738
107 -3.9616780643190292 1.812570292799578 4075
108 -2.0728051457024996 1.3913606875860804 2773
109 -2.2109896385169403 3.7483150714284914 3987
110 -4.4209434978474125 2.6315351372782985 1462
111 -3.453517842774632 2.217551735079769 3472
112 -2.4521287326728713 2.0996052567606034 3398
113 -2.9070267004388746 2.198033947610979 4544
114 -3.750788221782785 4.229285579907832 4215
115 -4.372239879205644 3.5573363235710205 2264
116 -3.184292027187546 3.6244532317981992 3746
117 -1.0659219041883454 2.9443734967690083 4456
118 -3.183192223810989 2.6685885075466587 4899
119 -1.3956002027196897 1.45273463726907 1963
120 -2.898573422977476 1.5969851322546014 4983
121 -3.146201927607805 1.6355255609124975 3098
122 -1.4726123579906192 3.88214036605875 4813
123 -1.4102585256017754 3.230859642102031 2243
124 -2.1591939701808567 1.3106797248540498 1743
125 -2.7637292540266234 2.1632324056523546 2773
126 -2.1681441469219433 2.5735048664004534 1438
127 -1.543697140001574 1.755166691428398 2276
128 -3.9494795552612505 2.9775845327597326 4774
129 -3.8391577039339495 1.761338241600327 2749
130 -2.4582015071632854 1.4232904436832043 1066
131 -3.467442754083151 1.6508414692684465 4865
132 -2.258899745237963 2.7730415705197733 1564
133 -1.5391709185592433 2.463279464604558 3770
134 -3.26281805326064 3.9874769816259574 3661
135 -3.113391323369222 3.4744595675078567 4472
136 -2.546679652326153 1.2143632658608765 1541
137 -2.554017390325397 3.947705808550421 3265
138 -1.6347650500353152 2.2568426015468357 3896
139 -4.160473457177059 2.304097575092356 4454
140 -3.0277575789493683 0.8922490953415052 1129
141 -3.839495685180117 1.2259931633558978 4217
142 -1.3796610246144834 1.8187413689836183 4386
143 -3.6871326121521366 1.0929634027676678 3677
144 -2.4363640166103266 2.5747246980706886 4647
145 -3.446467555213705 3.7204187056281324 1940
146 -2.208558935821422 3.0872884520301516 4242
147 -3.966080777371478 1.9614453627327104 4288
148 -3.454941578714652 1.9239172823187243 4717
149 -3.6651073451954996 2.534273121194121 4303
150 -0.9397855451331193 2.657651316226446 1023
151 -2.969807023066899 2.361401690448313 2182
152 -2.586056832302528 1.7046665267449084 4410
153 -1.874626491244382 1.5233918217400697 3498
154 -3.612618305125659 3.3920963763616228 4461
155 -2.1202968019439896 2.7733928346133894 3272
156 -4.116953559111693 2.6399911021950513 2472
157 -2.2213419371868706 1.6824794213444365 1618
158 -2.8477373110718833 1.2477248755213095 3970
159 -3.930542701826027 3.091914779891903 1920
160 -4.251574683675797 1.7927766818650201 1909
161 -3.919169906917627 4.008084256639562 3442
162 -1.571175004369944 3.232604502896405 3217
163 -1.917551123310769 3.1343337716908444 2478
164 -2.649910794593107 1.050704742451273 1530
165 -3.6206154917947484 3.137613026980006 1093
166 -4.440290158486001 2.2402980476863408 4801
167 -1.7575208001614444 1.3264885770681332 1659
168 -1.034590817757832 3.233347720672975 2337
169 -2.331635900028433 4.425591438897879 3952
170 -2.0012521109840398 2.2678478053031705 3437
171 -3.787054749659489 3.2603722675853324 2200
172 -1.8452904745202556 0.6916432044849843 1015
173 -1.9626153584051496 3.920225037325771 2938
174 -1.810480369850872 3.5623825643547535 4379
175 -2.833682779955628 4.48957957775421 1343
176 -3.6533762111756762 2.808406603559747 2831
177 -1.433416391712494 3.7239962188991362 4723
178 -3.0600791905544678 3.6036457449893935 4713
179 -1.1855497755519875 2.1872596303395366 2993
180 -3.529205519236187 1.4647223872866304 1346
181 -3.446379734217315 3.339830749718804 1601
182 -4.675063491268019 2.375804564223768 2807
183 -3.355123142422695 2.971936026307498 3546
184 -2.78228836052832 1.13209908858821 1895
185 -1.3456757738176122 2.0990424730113975 1815
186 -3.6936158274932893 1.9327282206271097 4438
187 -3.4479251510833917 1.0222713557295946 4489
188 -2.7036365846175325 3.1919881722796593 3830
189 -1.652594799871253 1.0380395538001694 3611
190 -1.6564576185845017 3.03103924465959 3037
191 -3.441265284364671 4.0262206059253 4305
192 -1.0634841617837691 2.2700160225946155 1753
193 -2.5170882156084367 4.1334216242952975 4452
194 -1.2500399372053903 3.4235459743824928 4270
195 -2.7179201861104154 4.256813098833882 3986
196 -2.3995067046711833 1.155428565437008 3890
197 -4.1358290809799945 1.9711593436174548 4068
198 -2.8226258633945664 3.6487964837409788 4950
199 -2.2187256683464125 4.169221277386148 2800
endpoint1 endpoint2
74 106
38 124
95 101
149 184
100 199
19 91
5 84
136 157
30 100
60 81
25 49
8 87
90 130
75 97
25 162
123 167
37 54
137 173
34 114
24 132
109 170
57 60
100 102
29 62
53 168
78 160
10 128
51 126
33 148
20 89
5 70
83 132
66 84
49 52
1 137
55 122
45 64
71 90
146 175
1 58
33 60
150 195
78 171
7 149
51 71
38 190
61 162
135 170
144 178
162 177
26 186
134 171
45 185
43 111
29 48
68 125
131 151
171 195
27 70
30 49
35 134
130 142
111 159
28 110
49 183
99 131
11 127
57 192
97 105
5 32
64 169
29 186
33 191
0 123
24 113
49 95
91 171
111 164
8 122
48 145
85 116
76 140
5 152
177 185
36 116
7 128
11 197
19 133
184 196
77 124
86 191
3 108
43 197
120 155
48 136
45 164
89 122
73 144
76 139
25 136
52 172
94 116
4 109
43 58
23 142
68 194
163 174
2 135
47 190
126 150
62 68
27 34
34 48
19 147
185 196
130 146
112 138
60 170
24 70
106 117
74 90
116 174
65 66
69 197
78 102
44 82
195 198
17 112
55 135
37 125
82 114
65 170
13 85
91 183
40 77
44 186
120 176
57 116
44 73
83 94
11 144
41 99
64 140
34 66
112 184
40 165
3 59
24 84
23 36
49 124
93 160
29 78
21 111
149 154
99 173
12 25
69 88
15 60
154 198
178 183
65 164
28 40
87 192
42 156
45 129
70 139
145 157
92 188
149 163
44 63
12 16
19 62
153 158
40 147
114 134
65 189
85 178
91 154
74 126
23 171
7 45
190 194
176 198
12 15
13 151
2 21
41 86
102 130
67 124
86 125
87 97
125 174
20 46
59 93
23 51
79 150
6 9
48 89
67 154
121 179
177 193
100 161
137 185
67 101
110 197
59 82
88 141
32 175
46 117
47 105
38 147
13 26
1 165
20 60
23 65
68 139
88 148
141 182
21 27
3 173
80 126
44 140
92 128
5 194
151 167
26 121
10 159
121 189
80 156
61 150
137 171
1 190
134 199
13 100
18 113
57 58
38 116
113 181
22 146
47 142
73 90
13 187
33 146
125 193
42 64
66 90
34 115
62 150
14 85
146 181
74 157
166 176
4 43
52 194
56 133
94 150
5 52
151 181
107 182
108 133
0 6
35 104
111 136
62 153
33 66
71 85
109 162
38 102
166 171
118 144
26 82
31 199
133 153
135 165
59 119
32 83
159 176
87 136
1 50
58 69
76 159
48 115
32 194
69 136
37 95
8 171
156 182
51 79
16 155
113 119
132 191
25 99
92 93
164 165
3 97
8 116
65 101
18 85
1 11
124 138
56 154
37 88
119 129
15 122
76 116
6 70
135 155
155 178
13 48
161 175
67 197
68 108
72 103
58 198
5 40
153 183
37 163
62 181
65 119
87 151
141 197
163 168
16 113
36 124
61 84
27 44
63 161
31 72
107 139
184 187
188 191
30 131
52 180
17 126
31 160
63 174
107 128
161 178
38 45
4 85
8 16
120 170
33 120
56 199
57 114
76 186
22 90
30 138
50 179
37 124
118 121
9 64
104 194
34 72
77 102
43 154
45 125
155 158
88 171
44 187
62 174
45 142
33 113
58 107
96 170
99 167
11 147
126 129
128 149
6 138
108 190
3 58
79 186
66 157
50 67
68 169
186 188
69 182
78 113
44 65
68 79
77 135
106 111
7 55
145 156
170 172
13 157
17 90
2 27
100 188
103 161
14 196
34 85
54 144
23 53
65 188
68 159
110 171
74 127
3 185
190 195
120 198
16 60
39 42
46 104
105 176
1 170
79 145
91 146
39 82
95 113
22 121
26 116
88 112
77 178
61 131
27 31
9 101
31 138
108 162
15 187
96 111
13 113
99 123
94 162
117 190
52 101
15 19
71 150
89 152
22 152
23 177
118 140
28 188
69 147
1 70
10 111
15 137
92 122
55 102
21 178
134 196
65 152
88 156
113 180
39 121
5 185
100 121
47 137
53 173
94 172
59 154
79 87
27 117
71 132
107 176
1 182
3 13
114 162
24 134
26 182
117 119
46 173
71 95
105 123
30 197
130 186
41 186
155 174
1 143
40 126
32 93
109 161
20 185
3 131
36 89
8 165
160 187
106 133
38 188
60 137
42 51
12 177
42 194
64 123
65 99
33 90
89 101
143 149
7 127
28 128
72 122
73 76
54 62
2 80
4 169
5 37
25 98
63 181
14 188
169 181
26 131
8 117
33 83
14 47
71 74
57 85
26 50
47 173
34 178
148 190
172 196
9 43
103 145
127 192
37 40
58 175
43 177
6 71
61 178
138 199
85 129
49 93
89 198
111 166
48 147
85 114
0 155
21 64
9 195
72 104
7 130
84 173
11 199
24 122
114 193
25 29
62 186
53 98
168 190
25 142
12 119
36 125
15 75
23 27
63 160
74 81
184 188
42 166
29 97
58 102
5 136
43 77
27 183
51 61
56 176
94 125
22 51
176 180
34 78
54 181
102 124
13 90
107 131
11 12
67 187
32 119
1 22
44 76
36 99
41 120
24 32
42 118
6 144
118 126
104 195
34 73
106 122
14 99
17 144
62 175
134 135
28 75
122 154
51 154
44 75
27 133
83 96
20 130
42 147
23 151
116 190
7 57
149 152
104 162
17 96
77 134
64 133
67 112
123 127
112 177
107 118
147 153
145 147
71 170
41 83
139 145
35 64
85 176
147 158
2 96
9 18
104 144
36 135
41 84
105 183
82 84
91 149
109 195
11 33
83 124
42 85
139 143
111 118
21 175
28 55
141 187
110 186
129 183
148 149
2 114
57 159
154 169
121 186
123 170
58 134
77 170
67 108
86 141
89 159
45 82
32 73
93 155
4 39
98 198
63 73
59 132
88 127
58 129
125 183
162 163
181 197
92 123
14 80
93 148
63 118
56 128
36 84
12 45
108 121
130 160
67 90
86 159
158 167
34 113
96 117
41 193
26 183
46 178
90 136
166 182
39 113
69 132
81 129
12 36
13 178
123 177
17 55
109 126
150 190
102 167
31 105
14 179
144 190
35 106
11 66
69 141
51 72
17 40
113 124
41 162
132 178
139 160
37 182
42 195
23 103
159 178
0 142
50 146
57 188
130 141
107 166
17 178
40 109
8 118
87 131
168 177
43 89
27 163
46 54
194 199
142 144
4 145
49 92
161 173
91 172
51 129
76 143
115 156
101 145
69 120
142 155
22 38
27 41
0 117
66 183
14 143
89 127
101 154
68 85
75 141
97 120
4 135
6 167
100 147
103 134
30 41
77 114
24 66
180 186
28 118
73 158
56 194
21 81
96 158
30 129
15 34
36 101
37 113
77 154
97 113
6 158
83 194
176 181
89 175
15 83
19 148
6 41
10 36
102 125
157 179
107 130
15 192
188 193
145 175
76 180
22 88
25 159
44 77
47 64
68 91
124 168
52 189
126 156
94 101
118 127
34 70
19 157
112 132
3 55
25 70
140 196
141 157
113 155
111 197
43 45
44 181
92 169
165 173
76 179
2 148
170 184
124 167
94 108
119 124
178 187
24 87
46 130
85 173
68 171
87 196
116 191
29 75
122 162
14 26
104 163
6 131
81 194
66 99
34 88
3 37
132 138
81 83
66 146
106 109
97 179
9 159
48 174
54 116
21 117
17 88
9 121
139 144
70 118
3 187
54 79
26 107
133 176
10 112
137 181
114 188
68 128
38 70
21 22
28 168
29 86
81 164
8 132
7 180
177 198
51 102
36 143
77 176
5 110
155 196
66 76
89 149
92 102
3 24
45 88
22 135
97 198
67 132
119 168
38 150
76 93
80 152
7 194
9 108
30 97
12 143
15 130
35 118
96 120
158 197
88 151
146 190
147 180
4 32
44 143
1 68
151 160
26 68
10 154
174 180
12 55
104 134
51 116
126 173
42 68
80 159
137 168
139 188
3 6
60 109
14 81
90 142
71 96
113 170
118 133
12 95
16 169
105 146
37 131
62 149
47 144
123 195
123 176
0 106
77 84
80 141
135 169
111 149
46 186
49 185
4 29
69 140
55 169
94 156
119 140
106 131
17 47
15 113
38 178
41 161
6 75
137 195
67 75
105 156
8 112
64 125
33 88
89 107
109 152
146 162
99 158
193 197
47 166
34 185
2 46
117 153
9 32
88 92
106 138
34 40
160 180
181 183
107 153
1 159
163 191
58 75
6 170
38 172
135 148
107 158
47 199
140 176
74 188
21 78
101 144
73 124
36 112
153 180
30 39
31 191
58 180
50 90
37 160
49 165
89 126
27 176
173 177
51 54
128 131
22 62
19 142
102 123
169 174
73 157
57 110
2 131
25 149
17 115
93 115
94 99
62 72
83 197
84 189
176 182
19 151
24 74
25 124
85 154
139 196
110 146
2 154
168 174
78 106
99 163
75 186
41 126
34 71
20 22
65 174
10 44
49 127
50 71
14 97
116 177
99 168
36 148
75 179
19 165
25 78
38 82
24 199
23 145
42 145
48 168
53 68
149 166
15 56
36 147
93 94
77 132
54 156
63 198
65 184
17 128
42 152
25 192
29 67
151 159
68 154
143 167
20 146
1 112
129 187
21 125
46 111
52 146
19 184
65 138
109 193
20 153
42 138
63 69
48 93
29 85
128 197
54 71
9 25
7 183
123 151
124 196
15 23
19 193
20 49
158 195
143 181
93 128
39 68
72 90
92 133
98 188
151 170
46 121
33 132
15 28
56 99
135 189
12 136
86 131
89 157
92 126
23 93
14 79
73 196
18 114
75 111
21 39
7 20
28 191
7 165
174 181
35 145
17 59
19 94
30 105
103 198
25 52
141 171
74 158
3 150
21 32
174 188
106 158
17 60
6 94
63 155
155 170
144 185
108 138
127 190
65 150
84 99
43 116
142 189
84 148
12 38
58 145
80 142
63 128
144 176
0 26
112 196
40 97
21 193
3 119
24 144
62 157
89 97
74 128
100 106
104 109
53 188
128 184
94 157
29 163
51 74
109 117
18 180
0 98
20 109
36 171
144 183
127 172
164 186
97 137
26 135
89 106
7 120
32 198
54 61
167 189
40 192
42 57
64 198
83 153
107 152
28 107
8 199
33 193
59 187
97 108
64 174
9 40
10 166
0 112
144 165
45 166
47 198
32 101
165 183
26 56
30 149
36 113
18 161
54 190
19 136
20 122
41 155
25 113
180 189
39 191
49 164
74 164
2 137
58 90
22 76
5 140
69 111
34 195
15 84
112 136
102 120
157 184
42 165
188 196
51 145
70 160
53 104
73 156
46 73
30 135
51 62
27 57
13 198
125 140
82 116
63 170
161 182
110 147
43 54
33 124
1 107
166 197
104 183
16 99
5 15
137 159
10 90
103 182
15 90
77 98
132 134
81 103
49 126
50 68
42 151
189 196
7 61
79 96
27 134
16 90
35 198
55 155
119 126
86 109
89 191
85 171
141 148
7 58
29 73
145 159
21 106
48 56
50 161
52 141
19 60
37 106
24 49
31 155
89 128
91 107
21 145
59 66
106 107
31 40
113 139
116 128
44 165
29 66
54 74
95 156
12 13
52 148
102 140
56 62
59 91
6 11
32 39
39 81
48 167
36 51
92 176
22 122
95 133
83 120
11 186
123 145
47 102
16 79
36 130
19 74
9 96
66 115
12 155
31 137
91 121
21 163
59 80
96 108
49 154
110 182
93 134
75 112
22 130
42 139
32 173
57 155
123 150
17 72
80 163
7 199
91 126
114 181
23 71
25 41
68 137
11 91
75 198
2 113
7 175
10 145
52 97
41 75
133 160
67 81
86 128
125 187
40 141
134 193
84 94
18 115
147 182
115 183
11 80
16 37
36 40
148 159
154 191
27 112
51 118
108 140
20 192
21 190
8 93
51 161
152 178
100 101
28 183
105 118
52 192
53 169
36 87
128 171
148 166
78 163
106 159
19 102
42 77
25 60
26 178
20 190
39 114
99 146
26 37
11 78
12 80
53 178
41 45
5 64
83 138
86 149
39 154
42 199
8 75
46 184
87 142
163 179
148 197
44 118
47 155
33 54
69 138
54 59
8 169
29 162
33 167
109 116
55 73
97 136
24 152
48 153
32 104
91 192
76 148
39 96
28 156
48 104
46 50
11 124
4 149
78 180
61 68
51 82
162 194
18 63
23 121
48 144
90 96
57 89
27 164
30 147
19 21
2 39
78 191
29 180
16 151
15 65
25 111
49 162
109 136
101 158
30 154
177 179
62 92
16 142
15 78
60 146
79 173
49 74
144 157
17 161
184 185
38 52
11 18
87 146
2 134
165 191
21 85
25 146
47 191
17 120
94 126
167 171
136 197
29 134
161 195
77 111
41 131
101 121
88 162
3 91
64 91
56 197
110 120
95 187
126 152
15 47
55 132
97 118
21 133
41 132
132 152
91 180
111 185
3 64
29 118
70 152
115 116
68 70
55 157
5 14
10 91
104 199
87 91
40 164
43 145
62 192
88 176
17 148
35 62
75 87
38 89
111 198
67 164
149 155
81 189
47 74
41 101
125 157
147 148
14 25
58 127
96 166
95 150
170 174
66 126
102 138
112 181
49 111
70 141
3 196
17 93
64 144
19 181
138 144
85 188
122 179
53 84
26 118
101 173
48 55
47 97
88 110
100 160
112 163
65 136
13 115
70 108
20 155
23 190
99 121
118 183
116 151
8 135
99 198
40 135
