nnodes nedges type
200 1500 graph
nodename posx posy weight
0 12.392716218794309 -0.09743328738900707 1369
1 12.203731239819268 -2.7579647911557847 1535
2 10.838629722759126 -1.4784509579676526 3128
3 9.939225040506486 -0.33192051208627543 1050
4 11.872377798250424 -0.7011999412508765 2457
5 10.637752256132314 -2.935515398938488 4552
6 10.772376188232613 -2.4043585787003217 4770
7 11.160547634963073 -1.2316258465745253 3133
8 12.126438600477206 -0.836397793703371 2706
9 10.459749916167457 -0.4194779833725148 3678
10 11.4889255009248 -2.6568655181456404 1748
11 11.813259258432597 -0.28116361827669645 1103
12 9.918510483633572 -1.1000202371274173 2465
13 11.055076890384418 -2.5227251895130176 4002
14 10.001603909251585 -0.8485881430057545 4787
15 11.550535696380486 -1.760597954487997 4187
16 12.491450137400069 -1.762298321002783 4746
17 10.26474499708238 -0.47177324452766867 4350
18 11.82484143783235 -1.628733473926302 3052
19 11.15285606419375 -0.5591985118246088 4094
20 11.196179085914912 -0.35728427263153284 4348
21 12.937707378698214 -0.8283425738458494 2877
22 12.715441623233243 -2.5693613505714885 3199
23 11.514223484478206 -2.2545118296326887 2796
24 12.246901624853153 -1.3110237753398306 2464
25 11.079167902710436 -0.24489267695375125 4258
26 9.550952885060468 -0.978681223401774 2080
27 9.685974228805868 -0.8831790442088064 1628
28 11.63319605867278 -0.8693606658404092 2847
29 11.222290526604278 -2.1875929979371462 4661
30 10.237994349833567 -2.2465482915069908 1852
31 10.28599286227125 -0.24860001233627352 4818
32 10.609193747542879 -1.2696312213506455 1006
33 11.170397441424283 0.44494441871244894 3830
34 10.26189753872213 -2.5406925582321453 1150
35 10.135861310103339 -2.6494184516692716 3745
36 10.139238105391122 -1.5687026492798235 3645
37 12.398990631139426 -1.0124913129288806 1844
38 11.97317973706806 0.17976611326648675 2781
39 10.391567680288817 -2.360903875250658 2514
40 11.298871297236918 -2.5162142850595575 3137
41 12.65117838678998 -0.9396348103472902 1352
42 12.017583457345966 -1.8169502531455284 4891
43 11.180298000355727 -2.698398541868095 1990
44 12.820259024533623 -1.0593151308605209 3794
45 10.83538638532235 -0.09521307415678296 1084
46 11.59587499319167 -0.3904944769227189 1325
47 11.926640651275877 -1.4393279661720861 2861
48 10.828889605076437 -1.2067412455062998 4239
49 12.068229996301165 -1.0454869278584646 4371
50 10.14404385302503 -1.3407165143366802 3841
51 10.056274537979954 -1.4094168924774568 2117
52 10.694246074459631 0.14385909720430234 1566
53 10.19279808454768 0.4317814044671922 4154
54 10.580596079944849 -1.0174821190585348 2615
55 12.156325133857939 -0.002784463128503371 4982
56 12.022133591421634 0.07368264471203922 3398
57 11.020767895205918 -2.7399553579992735 1398
58 9.995180636421464 -2.3659840461512824 3129
59 11.765305543237183 -2.2645751521635007 3407
60 9.953403264627052 -1.7380269932420915 1585
61 11.279717038731867 -0.47914382044689874 3747
62 10.991435418241466 -0.07738291542311602 4301
63 11.6833008894288 0.0924360202947527 2522
64 11.408753835606625 -2.9546954597205235 4477
65 10.27159307568931 -0.11505561043890272 2620
66 11.50395582970019 -1.9627541368802404 4616
67 11.823551173058402 0.1659549737602492 1943
68 12.51590673068827 -0.4363088920838191 2889
69 11.332396503498405 -2.3554500061206305 2763
70 11.770384339188638 -2.4280421364166145 4257
71 9.856934746412259 -0.605844726132981 4358
72 11.608399852028873 -2.7475248895399194 4335
73 10.497953606918772 -2.1531245619879766 1320
74 11.160683094093569 0.4122804326885876 2014
75 11.075980436567844 0.12660871648655117 2483
76 13.27869101051035 -1.396033856927285 2605
77 12.370425860179056 -2.4892132065101547 1684
78 11.996132538638335 -2.270019896500181 3878
79 9.794052908063415 -1.5590827412739658 1903
80 12.79884447292037 -0.3367821574484613 1207
81 11.031482473856316 -1.4932388243781891 4455
82 9.62399446467232 -1.106529705839309 3113
83 11.83475206798215 -2.8713840473181946 2004
84 10.57641202086121 -2.3697275972936525 2978
85 10.378933527656676 -1.057673959396427 4902
86 10.389921540614196 0.5765615729691703 4919
87 11.636958366353921 -1.6185480530275136 2701
88 12.092587776157705 -0.4718323883097806 1947
89 10.763222107922397 -0.7971856980600075 1606
90 9.664234285120507 -1.672167004598487 1087
91 12.35957862503758 -2.050713572109871 3437
92 9.858908568620775 -2.265774022240251 2020
93 12.90368187987415 -0.4896581434509522 2224
94 11.730235983575628 0.11544306901550942 3441
95 11.400542160957706 0.35152145300194265 1814
96 10.461081359886798 -1.2500652407813189 4459
97 9.888248316286022 -0.013384208731367215 1439
98 12.52065616093243 -0.30662705981698757 2324
99 9.668133312196025 -1.999982814117799 1163
100 10.793191617499247 -1.8827026614995768 1124
101 12.718936582645549 -1.204649820260586 2001
102 11.180602824069203 -0.8409975483711912 1553
103 10.749852120390488 -0.5068637911631083 3327
104 10.966961957623285 -0.9761931739555597 1353
105 10.373340565408547 -1.8898818752853697 1677
106 10.77421513762443 -2.222911724708547 2637
107 12.513149929011249 -1.4617928569491285 1431
108 9.800130928398909 -2.121497663383545 2928
109 10.733237371191894 0.05364816823465702 4345
110 9.70244772039588 -0.6828629007651488 2970
111 11.543323752788403 -1.5602260175931684 4918
112 11.077364031952918 -2.8984839203465103 2547
113 10.197669828827088 -1.128684563503659 2536
114 10.616638507408746 -1.8152468878526782 2517
115 11.721993458109228 -3.105403137283012 2242
116 12.238667260999778 -0.18801953545971253 4019
117 11.70700601216249 -1.3385554067676515 4868
118 10.777075759403857 0.4635631781678596 3222
119 10.193404135472397 -1.7390938899994932 2183
120 9.660375446222162 -1.877568726720416 4013
121 10.36257137860797 -0.957545283581956 2929
122 9.506039532675382 -1.2264005789079495 1155
123 12.143627032587288 -0.6594219370818845 2122
124 10.518509411315378 -1.4992841187099772 3121
125 10.681662380004681 -2.627160432868091 2364
126 12.407086157193831 -2.37898932592344 2317
127 11.505361063883926 -0.9351623269806053 4833
128 11.802428362962628 -1.1171778765712965 3711
129 11.793223000343602 -0.5816142623208267 2088
130 12.920955024782629 -1.984040306913451 3522
131 12.416400808811984 -0.20700068358200377 2918
132 10.403167158377123 -2.650117892189503 1577
133 11.232289772268894 0.10596730446495506 4554
134 11.439466716069033 -0.3298795348909774 3280
135 11.588695176657843 -2.44744289765345 1420
136 11.296479319077951 -1.3753254985387393 3948
137 11.331706735605758 -3.1193170909201817 2650
138 12.21180778302838 -1.5996557571660501 4938
139 12.255297693433334 -0.04815415625832257 1407
140 10.574946901439587 -0.28386232311186105 2937
141 12.26334355659263 0.4840120560763316 4140
142 10.769645435431544 -2.7909177567537173 4827
143 9.622285747426407 -0.4395294926822526 2454
144 10.564489605852307 0.03474868998153054 3683
145 11.281650149696716 -1.093269782463406 2443
146 12.077137568228359 -2.0453844684636273 1156
147 13.008518389357304 -1.7173442026556498 3228
148 12.101486813387815 -2.4680808595862165 2755
149 10.929814964089886 -2.4441102429065973 4777
150 9.924038838792466 -0.6321222915690355 4668
151 11.629730649483808 -0.47355138608856406 1461
152 12.644526052814378 -2.224299367040052 3046
153 12.390414764447872 -0.7898250898557543 4346
154 12.393443320419335 -1.3271426296971967 3210
155 10.730970841772718 -0.39011966880515925 2306
156 12.009253492372192 -3.031527600570264 4732
157 11.368777840242299 -1.9182300742585803 4645
158 10.917325218413357 -2.9748933034187752 2996
159 10.923695318776208 -0.5022440869622751 3705
160 12.759135358342489 -1.4098711615249222 2020
161 10.316881607831526 -2.1689533697729213 3328
162 10.964545985286824 -1.8607966808481695 4351
163 12.644859552489892 -2.1234591841565758 3018
164 11.211935181940651 -1.5466385385491797 3798
165 11.001438963194811 -2.2252268740955157 4702
166 12.272160581138776 -2.2946375551443716 3515
167 11.533354204677757 -1.1513211506957755 4242
168 11.492586190159242 0.15300447647375007 1253
169 12.513157418555371 -0.8346230006971201 3561
170 12.09881919457297 -1.5286806262798962 2176
171 11.76514052191062 -1.809642268955154 2477
172 13.110784418581854 -1.1128994836005803 1407
173 12.283535689913876 -0.5358792312494706 2559
174 12.843534028446618 -1.5558535118442782 4314
175 12.794457248834545 -0.6009492230372836 1346
176 9.276559080200213 -1.4481608663016812 1538
177 10.488830884544758 -2.813968580709398 2615
178 11.361278755372517 -0.7303080588203741 1595
179 11.824649477163675 -0.9312593251819484 1168
180 12.46977381093367 -1.8489359435094288 4802
181 10.295727391188844 -1.650241404705427 2198
182 11.660712072837693 0.41084963204434094 2340
183 10.712682385187785 -1.6499906256739405 3933
184 11.184844788402794 -1.8396094227385553 1808
185 9.093732587940991 -0.5080321720256555 3791
186 10.51966060489873 -0.7418905799818283 2424
187 9.984413618994086 -1.9669596188393392 4821
188 12.650206117747587 -1.4867074536116716 2190
189 9.751086022063774 -1.3880737191915176 1370
190 10.033393467363483 -0.30138953727542134 4843
191 10.17674378167114 -2.0798002177339803 1329
192 12.225390059533598 -1.965626085169671 4339
193 10.12425682996321 -0.05128213267723194 2413
194 10.296629314300938 -0.6982900002081456 4091
195 10.9451619608967 -0.7355377356242293 3348
196 11.813334545831959 -2.0494212259419124 2365
197 12.547059032587269 -1.153961786095104 1718
198 11.787355348143496 -2.5562632387015976 2172
199 11.51396485566337 -0.22727824727907392 2886
endpoint1 endpoint2
22 154
47 134
11 90
16 47
149 184
95 138
56 101
61 151
45 61
102 182
105 165
162 164
45 78
49 139
57 59
79 85
123 167
112 121
19 96
133 168
111 128
135 197
39 116
22 148
99 108
16 29
92 149
77 199
81 140
117 139
8 188
20 89
41 180
5 70
31 108
40 124
46 182
39 109
47 157
8 163
112 119
58 159
31 85
107 172
88 192
17 196
39 149
24 146
117 123
68 125
34 189
8 170
7 146
26 92
106 142
54 171
6 78
83 146
64 112
48 154
140 189
32 105
25 190
26 52
45 195
11 127
12 71
57 192
37 42
19 124
130 137
155 179
66 161
157 171
1 156
65 127
87 159
159 167
28 148
37 66
9 46
119 159
29 179
18 164
184 196
25 110
81 121
14 136
114 195
85 125
18 70
168 188
25 136
117 199
101 157
11 109
131 138
62 93
173 198
119 148
36 194
135 142
157 189
120 162
70 175
53 109
152 157
46 68
47 190
132 146
79 181
115 193
116 174
90 122
110 121
58 99
98 138
172 174
10 81
29 158
132 153
64 83
45 143
58 106
96 169
99 164
47 76
124 164
137 157
84 199
29 151
21 141
83 188
50 66
140 192
13 78
75 86
39 164
22 87
167 192
2 3
24 44
61 121
47 58
103 169
52 55
24 91
60 183
31 45
165 193
4 65
65 85
28 95
14 30
145 157
121 161
123 133
88 97
37 104
41 109
85 193
21 159
23 58
6 22
79 137
13 64
108 194
32 145
96 190
8 154
123 154
124 177
89 143
1 171
50 111
13 121
72 192
91 147
9 132
63 89
1 117
129 184
82 190
9 102
66 113
139 141
12 149
19 189
21 161
138 152
49 152
18 127
109 190
151 174
27 100
46 117
162 170
8 81
88 148
158 198
14 75
147 179
22 155
8 32
11 93
59 130
5 194
151 167
100 192
126 174
77 165
42 89
5 83
6 99
12 139
15 142
74 146
3 146
95 109
34 145
54 84
4 179
151 188
12 51
37 53
150 161
5 92
10 105
157 198
14 170
20 194
41 195
24 133
85 95
140 145
32 69
14 85
71 92
1 32
38 111
44 130
47 151
128 173
148 160
151 181
26 75
9 49
101 192
81 131
12 42
55 196
155 175
66 85
35 104
0 6
127 187
41 196
115 135
25 179
171 188
104 105
105 125
33 51
53 176
56 140
129 157
57 181
2 88
109 121
77 80
24 100
12 176
42 197
23 101
71 82
18 90
47 165
7 141
35 137
66 167
67 79
175 182
72 130
40 107
159 185
63 104
11 126
37 88
93 107
78 186
34 36
6 70
138 198
107 157
91 170
28 102
138 169
0 154
4 15
48 97
142 149
64 161
29 178
103 143
38 160
41 151
24 121
81 120
49 87
55 89
43 196
51 132
89 121
33 110
0 145
96 133
2 60
136 192
64 184
119 151
112 148
130 152
61 197
187 198
11 20
32 127
124 151
51 58
69 108
83 192
15 81
50 81
18 38
43 50
53 117
16 111
15 41
19 42
77 149
104 194
60 162
23 46
68 162
13 84
72 165
93 166
118 193
69 94
17 104
36 105
19 160
60 185
111 192
7 62
96 161
7 79
11 136
36 144
19 56
42 123
67 113
15 172
43 136
63 197
45 111
46 135
31 44
106 111
39 92
120 191
67 175
143 194
58 125
117 163
7 68
48 59
124 187
75 172
2 27
6 132
10 75
106 199
87 107
25 91
28 32
68 159
13 127
14 119
70 112
23 170
190 195
11 41
149 171
9 19
52 151
2 18
30 113
108 171
43 134
6 14
28 63
138 158
49 102
147 164
96 182
8 130
7 186
71 153
66 78
67 100
13 113
90 190
143 168
110 181
4 63
152 160
7 34
63 65
67 130
133 164
7 192
102 189
66 73
34 126
162 171
65 135
140 156
143 177
109 182
22 152
5 176
44 141
48 72
51 197
20 85
38 139
6 96
102 180
30 106
96 125
71 102
94 172
26 65
160 173
52 107
92 113
20 195
40 119
46 173
85 94
71 95
109 168
57 66
147 192
4 20
8 47
123 193
56 134
57 179
26 72
9 48
10 142
29 173
51 64
17 48
55 199
139 168
0 182
4 19
118 145
16 22
150 193
9 57
51 73
52 121
108 110
15 119
37 38
150 176
127 163
45 183
51 176
18 91
34 187
128 188
148 183
13 165
0 102
37 47
20 105
25 98
18 195
60 119
62 136
84 125
138 175
46 49
56 155
36 79
4 144
6 180
119 128
29 184
63 178
13 47
134 155
87 153
74 190
7 109
101 146
30 150
72 104
29 177
184 198
42 44
157 162
86 189
72 177
74 86
42 191
28 126
85 123
32 121
33 109
73 150
109 133
92 195
57 103
165 179
27 190
124 153
73 103
128 129
19 31
2 61
167 175
62 67
100 146
40 178
76 107
161 184
72 184
39 187
4 111
23 136
30 128
69 107
35 164
41 128
60 164
63 169
74 88
116 168
33 127
55 129
100 128
9 71
15 89
54 140
21 130
81 98
45 124
50 73
13 83
70 159
103 178
15 166
108 191
6 26
62 199
87 197
40 54
23 151
48 182
32 133
69 181
115 126
79 108
104 162
12 27
75 182
60 194
81 195
64 133
123 127
86 97
65 186
66 149
70 126
25 194
73 187
149 161
101 184
48 60
11 128
176 193
36 152
130 197
62 102
20 33
23 165
8 13
9 129
7 47
67 151
69 167
79 114
117 171
154 167
16 76
126 187
66 116
31 140
179 194
1 169
24 171
79 144
46 150
49 101
88 136
71 122
110 179
75 127
8 52
9 138
128 195
96 183
4 192
81 165
117 180
154 174
7 181
123 149
5 111
127 129
59 84
74 110
147 172
116 146
99 122
48 82
81 158
11 183
104 158
33 134
82 183
9 109
109 181
20 173
118 141
73 87
36 45
1 69
7 171
104 133
123 163
71 142
76 91
130 169
65 159
71 97
98 193
100 122
32 191
56 128
78 92
104 140
51 122
36 187
61 173
135 177
139 178
86 159
108 136
40 120
20 179
48 71
59 146
56 118
112 115
20 100
6 83
61 166
107 168
0 24
127 165
62 159
113 165
50 155
128 166
78 174
84 145
36 169
82 155
139 160
30 92
72 157
127 162
134 174
45 182
46 188
171 183
45 199
46 47
10 177
43 187
64 196
17 178
18 192
1 152
60 112
26 128
51 184
91 196
146 156
18 83
8 197
171 172
72 98
2 40
97 110
4 145
84 167
17 26
184 192
85 128
38 62
45 168
11 24
168 184
25 132
69 120
73 125
4 152
62 89
52 87
15 77
83 165
14 143
40 91
11 17
51 134
163 170
25 141
15 37
73 102
2 58
59 183
97 120
157 186
49 78
8 107
134 138
120 165
29 96
93 116
62 75
139 197
106 112
18 36
4 87
8 18
73 135
58 110
27 60
118 127
68 172
93 164
189 198
45 140
29 114
58 105
114 122
12 29
69 92
16 88
80 197
61 125
62 117
178 187
108 184
82 104
87 196
91 129
97 186
24 198
9 150
89 91
114 117
16 95
55 150
153 154
154 197
102 151
14 195
108 183
35 90
21 147
65 185
31 46
116 134
7 49
73 186
92 191
81 170
8 150
19 67
6 122
62 103
15 183
1 192
75 121
39 87
69 166
54 79
129 164
16 77
17 81
126 184
75 167
2 16
42 107
82 194
66 117
31 143
87 98
133 193
49 100
14 124
28 168
121 199
33 140
12 144
0 61
19 190
112 167
88 144
110 187
23 186
100 117
78 83
103 121
5 87
55 107
37 145
25 44
32 74
70 91
147 180
4 32
32 185
69 145
119 161
174 180
106 150
52 110
58 142
77 162
78 197
61 147
84 91
71 96
109 173
105 112
2 69
117 142
30 192
108 122
139 181
35 100
70 85
57 64
142 188
128 160
8 160
16 160
113 122
20 101
77 84
42 54
24 96
82 161
66 80
139 170
86 151
162 178
164 178
40 96
183 189
159 180
43 106
128 167
55 169
148 170
59 170
30 50
16 167
42 49
133 134
135 166
72 158
111 146
169 178
120 138
115 145
124 142
75 153
2 46
5 35
171 199
102 199
106 138
33 186
34 40
58 162
66 162
175 179
107 153
60 113
65 122
50 59
18 80
146 157
28 153
57 196
33 179
51 89
41 147
114 196
28 97
73 147
146 148
57 92
48 100
30 148
2 32
64 164
6 60
66 180
17 163
4 98
134 144
165 177
15 85
18 155
76 101
61 194
101 123
31 53
42 164
2 131
21 80
44 87
68 93
37 112
77 153
35 166
18 146
55 59
3 49
132 158
63 171
102 114
106 113
88 167
72 161
111 191
39 178
62 170
145 174
74 169
78 149
61 99
137 152
104 197
45 122
10 44
50 71
35 60
164 195
64 87
48 177
81 191
7 83
69 91
17 109
2 4
118 119
27 52
102 157
34 94
114 144
18 23
93 188
81 176
15 56
37 107
154 194
10 79
127 148
6 19
28 36
88 188
28 91
32 158
34 142
54 117
21 116
8 151
47 94
69 77
71 164
24 55
9 120
15 182
54 151
25 88
138 146
67 153
32 149
34 137
79 124
81 162
5 100
137 180
20 42
59 81
25 33
49 155
13 117
113 134
39 79
69 174
57 148
9 25
46 118
29 198
19 80
61 128
7 196
180 197
1 160
21 173
3 27
79 155
143 181
75 118
113 191
8 61
44 145
122 199
57 157
59 129
149 186
98 188
26 122
27 120
174 178
52 96
45 63
156 198
30 102
105 167
19 198
21 182
60 87
88 152
74 151
93 153
1 42
3 145
38 113
54 81
94 168
149 195
160 169
13 190
125 196
16 179
36 190
80 144
6 103
102 171
12 135
15 138
114 166
23 90
90 143
48 66
47 123
71 129
135 179
63 155
157 194
25 61
8 67
28 30
84 99
2 170
3 159
39 115
44 126
171 187
192 196
105 120
148 172
131 172
22 24
59 148
9 53
123 179
17 53
0 107
109 124
132 181
12 181
105 154
112 196
3 119
42 198
159 183
90 145
11 68
33 55
78 172
153 160
9 62
175 196
16 152
19 117
60 132
24 104
14 184
17 191
169 177
84 113
32 87
21 59
25 184
45 197
63 111
72 125
37 91
10 191
15 121
127 196
82 144
14 131
45 173
43 91
11 114
33 193
154 157
119 157
27 82
18 166
54 167
19 131
136 165
31 70
37 166
29 108
145 186
57 99
2 142
165 183
68 104
128 141
19 27
131 136
98 109
27 43
103 139
160 195
38 164
76 111
101 113
45 159
65 75
29 101
85 120
49 164
140 168
95 179
15 39
78 136
136 196
31 167
15 84
35 160
112 136
82 125
66 140
31 52
17 155
91 188
42 165
33 123
170 180
44 80
10 192
51 62
55 133
19 41
6 156
10 83
40 188
63 170
10 34
66 135
86 194
115 196
29 119
145 173
118 194
27 129
46 80
64 138
27 62
18 138
60 190
62 195
49 126
88 175
38 88
97 167
4 88
43 47
65 94
14 17
68 76
78 157
80 199
28 46
46 128
50 127
87 198
35 36
3 79
49 192
70 149
143 193
73 183
41 111
100 177
114 136
106 107
70 125
147 154
38 74
42 153
7 51
48 160
58 121
78 124
123 152
89 137
15 177
19 178
40 152
24 167
1 198
75 123
96 196
69 164
152 197
28 194
13 146
17 87
38 154
5 99
10 126
102 135
86 118
179 199
21 163
24 174
25 32
93 134
9 143
1 72
81 154
51 104
131 192
61 159
82 187
105 189
158 177
96 99
75 105
47 135
92 134
57 156
129 180
174 179
11 168
87 114
127 139
0 54
55 101
25 50
65 155
8 37
7 23
63 74
104 121
81 148
160 170
52 104
10 107
15 149
55 98
111 129
60 111
64 106
138 183
51 161
74 159
146 183
21 47
95 104
12 89
94 144
4 184
79 83
103 105
30 198
56 114
10 18
59 124
41 198
84 108
49 134
32 90
74 134
166 181
44 127
171 186
34 165
16 162
133 155
67 68
31 106
158 173
3 118
85 99
90 158
99 155
56 145
102 194
156 180
126 196
41 167
6 73
82 150
1 132
37 179
111 156
134 173
46 195
109 150
2 189
166 167
46 50
69 115
72 126
20 117
89 193
49 169
90 96
70 188
168 180
115 152
93 102
184 195
20 124
60 155
43 181
175 186
26 150
65 113
89 123
168 187
5 130
9 199
12 116
16 127
128 142
61 86
176 186
89 162
41 154
24 126
13 36
144 157
38 52
62 190
70 174
145 178
22 77
95 178
43 72
99 183
121 134
47 191
124 149
167 171
136 197
27 35
84 176
76 103
43 163
88 162
4 107
54 111
170 181
47 68
71 194
56 180
137 149
40 189
83 180
72 163
48 188
54 102
57 117
118 195
46 81
47 77
37 103
62 113
100 140
137 158
178 191
34 69
10 42
85 161
14 103
4 89
116 179
23 154
33 116
165 170
61 122
27 54
119 121
40 171
6 30
88 183
91 130
74 118
110 162
0 195
116 186
11 62
49 199
14 25
39 51
123 130
40 146
114 137
24 161
23 59
116 129
7 50
16 58
1 125
94 178
28 196
56 80
34 110
21 153
43 132
82 89
20 156
16 49
4 197
101 173
77 180
150 159
62 109
34 105
112 163
3 20
23 73
65 136
46 154
68 131
116 151
28 171
36 59
128 199
2 119
95 141
12 60
106 163
56 94
19 82
35 114
1 166
