nnodes nedges type
200 1500 graph
nodename posx posy weight
0 1.8878734718537742 -10.303288116267137 4666
1 0.11270571254401375 -12.075137262954009 2940
2 1.651158351419639 -12.190094434249081 3392
3 1.5253688015661253 -12.597601970237255 1588
4 -0.19966881230831673 -11.400831295977827 4083
5 2.58960347991192 -11.23343972064458 4152
6 1.2620765935641012 -10.532875669694613 1247
7 1.258985611252966 -10.934609445460238 3998
8 1.1235504700361867 -12.690332400390222 4259
9 0.09196510317381786 -13.130425239923015 4389
10 1.7619391593943954 -12.350509895941695 3640
11 2.3207954516234923 -10.935506778345706 3305
12 0.9856648971250793 -10.288917857584572 4096
13 0.5614152473460877 -10.793199525453495 4832
14 0.8841380962735219 -12.372645733591675 4599
15 -0.43091593740528905 -12.468007428747208 4119
16 0.5842245964936913 -13.017313368068482 1232
17 0.5640126312739455 -12.833553115403243 3462
18 0.6044843075992076 -12.277482754298095 1511
19 1.1292672521124671 -9.72295009948005 4079
20 0.33324979577481795 -10.998280013690312 4837
21 3.0852132972137416 -12.073576717209326 3048
22 1.5286025642061973 -10.685281202443514 2500
23 0.3770065804058861 -11.279212390601023 2921
24 2.0950464996568914 -11.3422565047453 3183
25 0.2655758271630495 -10.116455680307611 3718
26 -0.28584744823348623 -11.392348207456717 3750
27 2.738234507006208 -12.233692801527697 1890
28 2.1352961164491204 -11.659124303930554 3633
29 1.893390144195719 -10.558202514539959 4844
30 0.9304573860625729 -11.71682407690861 2057
31 1.4851143586884088 -13.11957633409617 3802
32 1.989363342681052 -10.259690275542193 4910
33 2.619117740861029 -12.632187022704088 1512
34 1.8389890017035215 -12.664172316180982 2966
35 1.4206462400695594 -11.216426272136557 2808
36 0.5684470205293493 -10.982040960680589 2342
37 2.4756217595072343 -10.69042341259843 3066
38 0.5482161542209324 -10.082608279353671 3884
39 1.0757242655459802 -10.74287611745833 4102
40 -0.10373041861583476 -12.861515334994142 1578
41 0.7416063210938091 -12.253598459639308 3360
42 1.0553582442588276 -12.080713108287215 3345
43 -0.15018184915226185 -10.547271617851079 4483
44 2.59783334248163 -12.40525446536964 4896
45 0.6193441797710371 -9.951318430777208 2379
46 2.1744773596662963 -12.290223517895317 3691
47 0.1891898468514447 -12.86622693946733 2480
48 1.3268257166424382 -10.360413628263464 4677
49 2.4837537807743244 -10.945204790482295 3805
50 2.397727935068704 -11.806117739769899 3228
51 0.5713098645006246 -13.152740462920914 1573
52 1.7745319934896646 -10.94636821993703 4152
53 1.6149049503313748 -11.741221118474497 4299
54 0.7529237744982835 -10.575399529291344 3164
55 1.0858154057935743 -13.116167242746878 4378
56 2.0852457280141263 -12.40813914128387 4317
57 1.1718946334577045 -12.432595970626233 4313
58 -0.19178562025003137 -11.702739732883861 3771
59 2.744493205375508 -11.534018595486112 1138
60 0.049138252141246085 -10.878834616844875 2250
61 0.6672284118968194 -10.20580255125583 3109
62 0.5560837490510203 -11.538346026804296 4429
63 0.9474045566272946 -11.419275473577661 1282
64 2.0768415642631095 -10.64147690893528 4169
65 0.6238457469346532 -11.333271194815119 2736
66 -0.12076078615384726 -12.195379789403239 4986
67 -0.03597831517266425 -11.503215834212597 4946
68 2.3788923225881895 -11.322748804518934 4414
69 0.8458773919004376 -11.024640157851048 4465
70 -0.3251559267692541 -10.482256597631189 4169
71 0.18772193488088887 -11.15999233304209 2777
72 -0.853651447185854 -11.75796176967493 4460
73 0.9481416517079001 -10.754690550680543 4490
74 1.6009208701389093 -13.067708733329379 1865
75 1.2547562092403821 -12.892132592728492 3475
76 1.9487727784256645 -13.064815048681636 2142
77 0.392439572328143 -13.11182269145734 1071
78 1.089497465437225 -12.43076054914176 3707
79 -0.1373131111107046 -10.715659461273672 3572
80 2.2526996665901597 -11.857939408318789 1381
81 2.526525602458831 -11.673996552299599 3350
82 2.1316469278543604 -10.449704947331652 1446
83 0.0817111704968055 -10.598145325076436 4704
84 1.705761862857152 -11.501252348269132 2429
85 0.21176495056196143 -12.093981068274326 4570
86 1.3998639774360706 -12.413794794120511 4396
87 1.0324396931941882 -10.915207009411754 3030
88 -0.1373152665463517 -12.75568101009692 3417
89 2.608365657925495 -11.539870026537129 2751
90 -0.5853380191060471 -11.406435151650209 3898
91 0.690596189194774 -12.673526046457845 2267
92 0.4382703759190629 -10.365703655691116 1650
93 0.7629391395070431 -13.1724014357144 2474
94 2.897226138717804 -11.248224198476139 2265
95 1.5563375814498253 -10.820295201968054 4552
96 2.398831475901686 -11.1359055812565 2684
97 1.6923368802339456 -13.161967028183366 3831
98 0.1311303011674739 -11.766968156066218 2028
99 1.4418306014656384 -12.041439836216563 1437
100 2.627140844555975 -11.996478055424495 3843
101 1.8895133585488633 -12.792102990399826 4402
102 0.345407539240766 -10.624450628860506 1373
103 -0.14905245930744182 -10.417996885068506 3633
104 1.097853482725983 -9.898091073375744 3473
105 1.7056300158509665 -12.730514611888342 3185
106 0.40596588161874153 -11.827905390321506 4175
107 -0.09343895865655812 -12.427422099581847 2220
108 -0.14679878019777245 -11.89235226184298 3502
109 2.7139967545593904 -10.97351850380708 2571
110 -0.6263501348099312 -11.59372953261441 2609
111 2.252329611750042 -12.4503600352037 2898
112 2.0917427917436027 -12.677897128738177 1099
113 1.1121634573741916 -12.829507321941938 3369
114 1.4457273742172747 -10.000406651821967 3719
115 1.2923712167213974 -11.377525119926785 1686
116 0.8443226650207933 -10.3341248062608 2185
117 1.3210752806286687 -11.648570385502891 3000
118 0.2278722473941359 -10.204522384315394 3718
119 2.202339622566899 -10.730153728947078 3213
120 1.7896068836560954 -10.078963899884627 2477
121 0.9080313803272642 -9.778642771907105 4337
122 0.486140102213384 -10.490840006765563 1432
123 0.6853271409440465 -11.655944496587429 4294
124 1.5935058817448886 -10.347633413622784 3428
125 0.08036265074911686 -10.227886607278615 4823
126 1.4851686772880035 -11.827480475243224 2486
127 -0.04366501126635683 -10.100544511850254 1956
128 0.24625637704124592 -11.692678535335812 2341
129 1.591336524179991 -12.357152091904664 1221
130 0.22641400398456274 -11.983183939548876 2214
131 0.7379813647455215 -13.241249785538933 1378
132 1.1071589037145662 -11.131359429832026 1036
133 1.9851939082971601 -12.512974706116626 4865
134 2.092153328766173 -11.1616092139416 1365
135 1.6083450951571223 -11.233449471552708 2834
136 0.8439535895364748 -11.30740202798381 3829
137 0.2630973819691199 -12.785235566619917 3279
138 0.7438497066014941 -10.184663313297055 4650
139 1.2186114748322696 -13.11214934420329 4648
140 0.9676314720840817 -12.896163250214851 3415
141 -0.6153550910236559 -11.317075881003086 3167
142 2.892363850200049 -11.820443947469206 1229
143 -0.11290477593465766 -10.840147340473894 3909
144 1.676784523993536 -13.299863028014162 1396
145 2.2245762822429405 -12.794611496440265 1764
146 1.2068397968926108 -10.66976674777135 1506
147 2.4693180232082703 -12.070473463130568 4269
148 1.2419360278379281 -11.243843181422505 4043
149 0.35749154403241734 -12.559075746566965 2648
150 1.206651034184417 -11.845473567676375 1267
151 2.16822004259014 -9.57699860233227 4083
152 0.07000220461820544 -12.468063317442919 1264
153 -0.33049890594264136 -12.072506156859365 2634
154 -0.12497745397159692 -11.99049045681676 2246
155 0.9072684631560597 -12.01428427773927 3906
156 0.18495187038797953 -12.608723888457734 3526
157 2.5479181935761614 -10.152179782212912 2397
158 0.6889886182469994 -11.213196351684598 4095
159 1.1263655820677079 -9.976470319527765 4745
160 1.4500708991759919 -11.537817072036695 4922
161 -0.1175143053128519 -11.312796897697105 4487
162 0.47012476484805055 -9.81337515143663 2023
163 1.8729829065799288 -10.10193348024644 2462
164 2.3103975513841997 -11.565533277385743 2031
165 -0.2946275755549232 -10.804269339020681 3095
166 -0.5656365707475335 -11.80416789020345 3778
167 2.7534596611778657 -11.388353749892428 2168
168 1.5346404467339592 -10.110194228626789 2321
169 0.9792610229754625 -13.317422240887122 2582
170 2.5548619633699996 -10.894518983753663 2604
171 0.18640456942978728 -11.349198490900127 1274
172 1.6519016258258346 -9.81196457711413 2390
173 1.9925438476512893 -10.91490467912433 2613
174 2.3461051815581686 -12.219729529020954 1282
175 1.3625215315924748 -12.263025543046185 1832
176 -0.1844006731759635 -11.110520725104625 4636
177 1.2315476799402043 -13.308166474643317 1452
178 1.8054787469605373 -12.082392019340764 4663
179 -0.4376986428146779 -11.94160909174573 1774
180 2.116454741801815 -11.046894697111961 4742
181 2.2942912175900467 -13.161608898074686 2054
182 0.6085911233095967 -12.612574012625931 1200
183 1.6908663902916459 -10.74288881838095 2303
184 0.601947922063033 -11.98696382425294 3628
185 1.9868802369762908 -11.881154378923581 2671
186 0.28351081376483916 -12.270607011500129 4450
187 2.4331797405412603 -12.877778831882605 2716
188 1.7427532884553498 -10.596540126279704 1034
189 1.8233534077014357 -11.369271005272662 2258
190 2.482825941810555 -10.543090564997483 2224
191 -0.47740913587665545 -12.22153721460348 4207
192 0.9085580450391677 -11.899229217128765 4015
193 2.7468207129216893 -12.507242102314116 3928
194 2.027712359493537 -11.697450300861531 1763
195 -0.33764157606818745 -11.036096814591666 2070
196 2.2245714326328954 -10.559374736290588 4273
197 -0.302586994177169 -11.145425571040086 1231
198 2.0604460734401626 -12.071848417977751 4770
199 1.3199075646132672 -9.9381851083518 2562
endpoint1 endpoint2
88 147
39 70
95 101
99 126
16 47
149 184
10 158
121 190
12 59
15 30
71 141
77 166
42 88
114 173
63 117
54 87
92 158
103 115
41 179
66 93
30 111
158 160
181 193
37 135
3 152
115 191
5 164
152 179
22 148
105 117
148 167
4 185
81 140
79 82
123 188
83 132
111 137
74 135
22 175
12 81
69 128
55 173
6 196
10 139
106 135
55 194
24 99
139 175
12 183
31 85
67 71
127 161
182 195
8 76
18 93
76 158
32 193
171 195
102 195
29 161
51 76
18 178
20 111
23 99
134 162
46 192
4 7
72 127
73 119
2 45
160 183
38 168
130 137
20 118
133 140
66 161
26 140
120 148
143 153
4 14
28 148
52 165
36 116
19 20
59 189
97 98
167 180
42 46
68 180
13 42
111 173
3 108
28 124
47 192
159 172
90 104
5 129
16 112
53 149
19 29
2 63
59 178
98 107
61 85
10 175
84 170
12 196
19 138
85 149
14 147
37 173
44 196
122 138
67 176
53 109
163 174
96 155
117 192
128 134
185 196
41 130
77 110
17 153
122 149
32 117
140 161
22 69
124 173
100 134
10 81
34 75
186 197
41 139
6 45
40 77
29 117
51 152
73 139
54 103
22 92
50 173
56 188
55 156
5 13
61 96
86 104
34 66
66 156
31 36
91 140
7 63
87 184
78 112
99 173
123 140
15 60
81 94
49 117
68 151
88 184
87 192
3 177
23 146
27 145
56 74
24 51
153 158
56 57
82 95
68 158
50 116
1 195
53 74
152 192
81 174
26 108
46 107
47 91
16 74
71 161
6 126
67 124
30 112
108 170
71 120
7 42
79 121
8 129
154 160
83 122
99 192
17 85
87 126
108 161
91 123
92 107
112 164
60 92
79 159
65 143
46 155
109 190
147 170
113 187
38 122
20 164
48 80
1 78
131 181
26 126
35 117
71 110
39 65
7 24
131 186
117 184
119 164
11 170
130 171
150 174
63 150
92 121
24 190
141 175
113 181
22 146
63 116
32 189
54 84
1 88
148 153
61 62
54 199
79 197
67 88
158 161
34 115
96 115
116 126
3 155
39 119
7 14
29 61
12 91
124 125
2 65
4 186
6 194
51 65
38 132
31 111
108 133
141 161
70 73
71 85
28 136
11 64
68 119
7 148
41 188
80 129
6 84
12 176
86 171
31 84
182 192
59 119
18 90
58 69
48 115
68 126
54 57
37 95
131 150
171 194
156 182
54 168
6 79
63 138
67 79
40 107
60 118
26 130
76 150
36 78
27 94
41 174
49 94
157 170
38 56
169 191
90 110
1 12
96 142
99 139
46 59
55 187
167 183
38 160
49 87
50 95
13 41
37 163
3 111
122 128
68 196
74 184
30 152
16 113
61 84
64 184
30 43
112 148
66 176
157 188
91 184
55 86
152 158
44 84
7 96
172 176
84 178
89 169
35 165
25 127
23 134
120 170
90 123
73 129
54 109
165 166
96 147
128 158
118 121
31 169
89 178
24 78
81 99
86 193
73 138
58 107
100 142
137 156
66 106
25 73
65 162
10 40
50 67
110 153
44 178
54 127
94 198
39 52
22 84
44 65
126 136
42 123
80 186
23 60
20 136
73 180
58 125
101 185
100 188
52 63
20 32
114 135
24 163
68 159
32 35
60 62
48 163
145 149
2 99
21 112
149 171
81 173
154 166
17 83
80 168
64 146
12 159
1 170
96 104
3 17
21 167
138 158
22 142
42 143
73 166
123 146
126 189
71 153
86 117
87 121
0 59
40 130
96 111
0 170
75 117
20 165
48 81
11 39
53 91
92 138
2 117
174 175
103 127
106 161
17 77
20 78
30 99
158 180
86 140
35 116
127 143
73 199
75 106
39 64
28 188
122 195
67 139
47 128
81 144
8 176
100 193
7 168
121 188
13 129
178 192
71 143
77 164
135 185
14 160
35 125
181 198
8 89
88 156
13 99
146 187
4 45
28 187
29 35
32 190
52 196
129 130
94 172
84 130
35 149
37 133
21 187
117 119
71 95
4 20
80 109
8 47
105 123
117 137
156 161
150 185
10 17
112 193
111 139
24 141
57 75
38 103
113 166
48 125
29 53
123 198
68 112
30 189
26 83
119 178
135 164
183 184
84 118
49 188
146 164
3 136
171 180
48 116
33 164
42 58
113 199
4 114
24 155
60 119
65 100
14 47
0 132
57 85
46 49
11 113
97 111
154 158
58 175
89 198
164 173
26 138
62 179
122 134
33 84
87 153
159 161
2 179
116 194
36 118
98 110
153 182
6 175
52 86
58 182
86 189
107 149
18 53
55 88
42 191
134 146
48 138
11 30
74 185
165 179
68 84
16 129
15 75
6 49
18 44
120 164
48 129
87 175
110 116
11 100
30 128
128 152
37 114
34 78
132 156
49 64
88 165
107 131
116 168
64 94
54 98
78 100
104 180
75 184
84 186
87 95
45 124
164 193
40 79
58 104
114 125
98 131
101 182
24 39
80 196
178 186
108 191
43 146
62 199
66 154
68 170
14 106
8 31
76 169
167 194
124 189
41 106
132 137
79 130
85 183
68 145
31 47
93 183
113 150
9 152
145 147
92 190
57 132
3 192
101 184
126 176
19 64
100 189
139 145
106 196
0 46
25 90
6 20
65 179
85 176
71 125
91 156
122 183
36 48
7 188
36 135
31 140
87 99
71 122
22 143
115 164
8 52
63 91
121 192
1 75
149 179
17 75
80 160
137 191
158 178
87 120
92 101
143 171
71 115
147 172
95 121
9 179
7 29
9 28
7 178
12 63
15 18
71 145
19 87
10 101
89 159
15 131
23 67
25 45
74 105
93 155
67 138
34 148
41 62
154 176
51 117
52 109
19 92
5 81
49 63
14 80
0 185
43 125
8 41
47 136
11 84
36 84
98 176
81 136
10 132
174 190
123 184
103 108
160 174
105 147
62 148
46 178
85 93
141 166
74 155
43 114
25 168
33 56
117 136
9 55
27 77
112 115
42 73
61 166
82 160
66 83
112 194
8 72
18 97
57 74
28 138
56 142
37 84
128 166
160 188
126 193
5 76
82 155
127 162
138 165
57 83
58 67
53 135
129 148
88 91
0 103
136 188
85 135
86 160
62 137
33 82
163 188
109 146
63 106
56 156
10 184
84 167
127 195
136 163
65 124
70 176
163 165
96 128
7 108
101 145
46 57
142 155
172 188
16 139
81 126
82 132
40 91
39 189
43 198
134 147
120 158
145 189
18 69
57 102
46 64
69 97
55 178
98 102
173 195
84 181
35 190
63 163
116 162
65 78
29 96
56 194
22 65
53 155
77 154
97 113
62 75
137 144
55 56
60 165
83 179
91 179
74 89
18 36
42 174
87 167
76 180
25 159
50 177
52 189
87 94
3 55
79 191
102 116
85 164
43 45
44 181
73 136
22 83
64 143
125 128
114 147
23 33
66 155
14 107
40 55
42 144
23 150
122 162
143 199
58 112
36 146
61 118
100 183
86 102
38 197
21 147
59 64
6 18
79 141
17 129
0 199
7 49
29 68
58 123
95 146
22 109
106 178
62 103
125 146
127 146
40 150
65 178
28 34
1 192
96 194
116 141
9 128
63 93
16 62
73 163
79 125
44 49
2 16
64 148
62 110
125 171
85 184
88 137
109 194
74 100
75 126
22 140
95 115
63 90
48 92
94 185
99 197
29 199
13 141
33 140
17 74
20 65
13 30
158 179
180 196
0 61
25 43
79 152
38 121
97 198
115 172
7 28
67 132
1 67
129 182
2 115
153 197
119 168
17 67
56 98
77 169
102 179
96 120
49 150
14 78
146 190
1 68
27 126
16 178
67 84
105 169
23 91
134 186
140 149
74 145
48 65
30 177
52 198
108 122
58 137
130 161
31 99
86 156
90 137
57 64
21 42
26 39
99 144
72 78
53 180
57 177
7 152
35 156
83 136
108 128
21 194
84 105
159 180
74 131
43 106
9 174
11 69
53 189
78 175
41 161
5 75
133 134
137 195
107 160
62 135
121 124
138 162
85 110
90 155
2 191
7 121
11 122
54 60
55 166
151 196
10 190
30 53
20 107
136 189
107 153
24 157
8 119
26 129
32 109
90 98
0 134
1 8
116 197
26 48
7 118
194 196
11 115
94 142
78 185
64 173
30 60
18 169
24 117
85 143
55 93
111 160
37 167
115 159
5 132
69 103
37 78
59 177
103 136
42 189
120 159
29 102
51 137
159 168
57 101
152 154
99 181
177 182
22 62
5 30
29 136
106 118
38 41
169 174
32 114
165 186
170 183
101 130
51 63
126 154
53 154
19 38
97 112
161 198
112 142
60 166
25 124
10 37
102 114
72 161
3 94
39 178
65 70
87 166
142 194
53 114
21 89
50 174
19 47
75 186
98 121
78 149
89 183
10 44
102 117
14 16
142 197
54 123
170 185
104 189
19 52
64 128
108 185
3 63
23 32
68 148
70 148
53 68
123 128
52 140
54 156
25 87
14 115
93 181
39 89
116 135
11 53
92 184
95 157
126 182
130 195
31 129
91 97
23 54
138 146
32 38
149 168
154 165
7 190
17 80
0 39
1 175
65 138
13 117
70 110
74 101
38 71
122 188
67 158
73 171
53 95
41 50
22 124
153 195
99 196
88 115
20 66
131 193
9 106
66 77
105 190
30 127
92 103
79 155
45 87
28 49
84 86
115 175
80 123
44 145
9 177
22 119
98 188
26 122
135 189
102 176
105 167
31 124
134 192
13 103
0 164
11 81
71 136
132 199
133 170
82 172
63 146
35 126
141 171
70 83
57 62
39 122
3 150
152 177
4 40
7 13
30 182
81 142
13 183
102 162
157 194
162 184
164 180
96 119
45 66
44 126
47 147
69 130
92 146
41 46
119 182
33 175
36 172
130 185
63 128
14 177
39 155
21 193
42 198
85 100
58 70
21 50
3 132
99 152
118 148
47 152
11 68
72 118
54 58
94 157
131 149
156 187
33 160
16 152
58 152
137 194
14 184
127 172
55 78
37 180
90 152
76 155
148 195
32 198
69 116
128 191
131 154
17 39
19 122
42 57
155 177
162 197
120 146
28 107
146 154
4 12
11 114
148 185
54 167
20 115
6 58
155 182
12 162
86 185
111 163
42 179
48 150
53 102
18 72
0 158
2 142
115 158
28 145
30 149
12 123
93 96
131 136
97 101
61 87
84 168
160 195
35 187
76 111
43 171
50 91
45 159
49 164
159 171
53 111
126 144
22 63
95 192
64 188
62 70
89 164
16 132
79 171
161 189
14 148
17 155
35 49
116 172
74 175
44 80
22 54
4 136
83 196
79 176
49 69
106 126
35 54
17 156
93 169
120 174
32 138
69 192
98 135
83 92
104 183
36 110
37 120
75 189
77 145
42 117
27 62
34 68
18 138
10 45
50 68
110 154
23 155
189 196
67 165
53 122
27 134
126 133
102 146
6 25
13 73
14 105
91 131
165 195
113 146
118 173
120 188
2 109
2 28
87 110
52 60
34 86
127 151
0 42
14 112
3 180
11 52
126 183
36 155
133 181
59 91
21 124
98 171
83 120
48 54
52 147
150 158
79 157
28 59
14 66
74 98
4 60
23 191
9 143
11 34
16 55
73 170
95 130
153 194
131 192
87 117
125 162
162 172
127 130
55 108
38 127
39 71
95 122
115 174
34 152
54 95
36 176
150 168
158 184
21 181
134 193
65 155
88 153
109 178
39 124
95 99
5 188
98 197
69 159
34 147
106 148
13 189
35 144
71 139
41 76
133 169
102 168
146 183
8 44
100 101
10 131
104 143
30 198
174 189
24 27
133 146
41 198
60 102
25 60
64 97
4 16
171 186
29 56
150 194
5 63
150 189
105 153
72 153
162 176
37 138
39 154
60 125
65 110
89 96
1 60
5 151
171 179
99 155
47 155
32 192
53 187
171 192
30 48
52 69
5 73
61 188
82 150
66 169
175 180
14 185
40 105
32 104
89 105
90 153
144 199
25 191
45 196
69 115
59 165
78 180
62 82
38 171
10 15
66 160
157 172
14 128
107 155
50 57
89 114
80 86
43 90
116 199
26 62
177 186
124 135
167 181
18 167
60 155
132 163
85 141
12 163
30 77
14 139
23 118
62 183
48 151
90 107
7 105
75 137
2 62
4 155
173 199
176 186
30 37
160 196
34 56
20 123
41 154
132 170
157 190
68 178
86 177
169 171
97 147
51 139
109 129
25 146
101 135
68 80
51 56
128 133
95 195
136 197
52 89
25 121
66 141
68 185
18 40
23 132
70 161
166 195
27 139
124 172
17 113
27 56
100 133
49 68
18 35
75 94
3 64
42 173
87 160
170 188
30 143
69 80
77 144
24 36
80 193
34 69
132 135
13 79
91 141
40 51
42 148
7 60
54 121
76 174
101 178
124 162
52 135
15 61
71 176
36 150
66 103
29 145
105 192
89 190
43 150
81 95
46 129
66 150
50 124
40 58
28 94
14 25
73 182
101 187
121 162
41 110
77 130
62 99
102 138
86 101
15 171
68 157
70 114
8 10
92 186
96 189
22 96
95 159
46 106
80 182
67 125
139 149
106 192
87 102
35 68
24 168
133 197
82 89
6 8
1 197
93 140
34 135
129 185
81 160
99 193
46 109
56 87
27 29
88 140
118 183
92 136
26 113
117 176
12 60
16 71
136 150
100 175
0 48
20 51
60 90
23 70
48 199
