nnodes nedges type
200 1500 graph
nodename posx posy weight
0 -0.2526512147475766 0.2129548485416183 1295
1 -0.28969065437935654 -0.14712472537513535 1381
2 -1.2046573546525061 -1.3755520857196675 2680
3 0.7896334484654314 -0.7153466676483553 4097
4 -0.5532268583800359 -0.4220594693227103 3798
5 0.5838492444561716 -1.9209949724544935 3828
6 0.9629749710829149 -2.6666068522176234 1669
7 -0.44118313971388023 -2.434473707754127 3950
8 -1.1784298273971132 -2.2875253245342018 3254
9 -1.1234876215470497 -0.4264429760400278 5000
10 0.8178077913883849 -1.4912219490297598 2643
11 -0.3925291475415818 -1.693243022739262 1260
12 -0.9199671971596908 0.3700526463520691 3381
13 0.14778281068616356 -1.1754568154498268 1741
14 0.3464350166890763 -0.677352832439578 3606
15 -0.5129320668249154 -3.0672708188024105 3955
16 0.4569775146191134 -1.86588682235821 3064
17 -0.1733582675403027 -2.6063867379038763 1778
18 -1.8641158606038035 -2.5672693055074043 2025
19 0.8999149716119929 -1.2248757184023942 1874
20 -1.4279936200073233 -2.065148781774876 1167
21 0.4604441157132251 -2.2825345092286766 4983
22 -1.1134900134272663 -3.05102712506331 2144
23 -1.864711639132535 -2.086701406013655 4614
24 -0.8582326776229405 -0.9782052944574962 4332
25 -1.2855326666943057 -2.294085452636309 4462
26 0.6821018168184698 -1.9651104562611816 3691
27 -0.8263679950657014 -2.093537074188149 2754
28 -0.8608737394679886 0.13862485662422297 1752
29 0.7456912174631273 -2.366413483054763 2263
30 0.35371153575239495 -3.3630995020085366 4820
31 -0.041930002965933105 -1.1056303243322305 4759
32 1.1043591059829019 -1.7537856185702714 2415
33 -0.023940833648306542 0.017294342765551574 2355
34 -1.0982375672138889 -2.629855114257785 3318
35 0.26675450057717603 0.013155858710382213 4859
36 -0.9910996567427515 -2.166628078742376 2200
37 0.7016977702495852 -0.9001417870441973 1922
38 -0.7310230778902187 -1.4496309761497834 4074
39 -1.200810184412893 -1.5583399159517366 2120
40 -1.899627312086237 -1.4001017495441095 4438
41 -0.6942577914096774 -1.8915007620687363 4287
42 -0.1021631913167439 -1.461706880488827 2418
43 -0.09889836693738284 -0.35021418683450795 2561
44 0.4191636635396237 -2.6957516979444613 3962
45 0.1726206377045288 -1.444988556659793 1900
46 0.7715137994277222 -1.036743417422116 2068
47 -0.29590696456286397 -0.7794089577831232 4726
48 -1.50235943208437 -0.9771984725134159 4875
49 0.29715334506089636 -2.078303316632079 1373
50 -0.9145764007915315 -1.6016101301702514 2603
51 -0.5162734602422586 -0.042967099167922206 2120
52 1.4272543822153125 -2.1247082371799295 2849
53 1.1259490412973234 -2.2078784915276826 4580
54 0.7236891096127919 -0.5756725039776328 3735
55 -0.18396493984843856 0.09358689691954597 2813
56 0.16296276355089234 -0.09748124250381641 2856
57 -0.5541759629368544 -1.6682239341691985 2356
58 -0.6457507108140705 -2.9122190982169287 3035
59 -1.45587110243462 -0.48889260776418036 1655
60 -2.342439982140139 -0.7807659934501707 1910
61 0.2911770194795064 -0.770756491990709 4374
62 -1.3650607767484162 -0.7136389502317569 1038
63 0.3373616874795778 -2.8838347378232623 3871
64 0.13206074749909344 -0.714098187709408 1458
65 -0.2298709817918054 -1.6775068550196934 4151
66 0.03352343898690931 -2.952544210059732 2754
67 -1.8020110759349421 -2.234206093252332 4763
68 0.7726735856810442 -1.581359781744979 2710
69 -0.9434199593597511 -2.7941551319431785 4064
70 -0.540080046285975 -2.7780162684778085 2702
71 -0.3867027536612898 -0.34807179666442944 4391
72 0.3459804923234257 -1.011382697955622 2090
73 0.1627267682165473 -3.402437328958927 2318
74 -1.3728777135965022 -0.021347982465253976 2505
75 -0.34395575163940945 -1.1746754928664733 3699
76 1.2039618806995898 -0.5515985893362639 1115
77 0.6140891392081409 -2.2234808051071013 3003
78 -0.5725409335342528 -0.2697569878150607 1788
79 -1.3225423533518197 -2.9176612531896415 1181
80 -0.8868798885073829 -0.1695768544665361 2564
81 0.6779939518020219 0.28073940738774705 2809
82 -0.034437400918912786 -1.6657338510817012 1308
83 0.2351148807052 -2.708015201949764 2414
84 -1.4892868065374092 -1.1999550831708208 1224
85 -0.3429841416216615 -1.338407107251613 1477
86 -0.8373506387404356 -1.3347164471644797 4436
87 -0.8829314780685198 -0.4556774659260751 2131
88 -1.53517649017253 -1.9982757229738108 4339
89 -0.8096938497565205 -2.4758306690760254 2090
90 1.095119255336157 -2.071197267455508 1496
91 0.47907332006357756 -1.389403607813642 2343
92 0.45360067339620697 -0.4974827299559858 4732
93 -0.6838651599438844 -0.16302150589339565 2791
94 -2.1208900063008866 -1.453290347811914 1613
95 -1.4310717439397995 -2.5685285671123013 4342
96 -0.4101325297105348 -2.2218196381341824 4743
97 -1.6410676621611529 -0.4556787320311135 1606
98 0.9501705356188455 -0.19174044578869745 2563
99 -2.039376547454963 -0.8538560118046374 1225
100 -0.2029061539928444 -0.27993137462962403 3990
101 -0.09982150619848043 -2.9295941926417 2371
102 -1.5024045763925598 -2.41769242681875 3857
103 -1.694750851221278 -1.386983911972612 2339
104 -2.169252455054459 -1.7371016870724731 4689
105 -0.4642909417649782 -0.7609258844019775 1912
106 0.5953536611262247 -1.4225408856878294 1151
107 1.5211987109140428 -1.2570252094008285 2712
108 -0.1301893926076858 -0.640183103646423 2618
109 0.1442250390591843 -2.144024993127849 1935
110 -1.05796250147127 -0.23929804584593992 1011
111 0.8849675490515844 -1.8285151858490218 3488
112 -0.683364962305768 -2.0619934300827643 2227
113 -0.22339959867428213 -2.922913523498747 3307
114 0.8785142066902822 -0.4345106952125969 3345
115 -0.10741598305403385 -3.275108382179548 1592
116 0.9358286925284434 -1.4068700946737638 2318
117 0.14302785195883702 -0.4037568397168703 1959
118 0.21317819739502397 -2.5333191562457706 4022
119 1.251771852194969 -1.208919542190031 2186
120 -1.0363816949271831 -0.7761469680408415 1595
121 -1.8530224614931163 -2.396732764236822 1191
122 -0.19239311498575312 -2.4061189927983873 4376
123 0.8915391978121667 -2.4611339301362576 4103
124 -1.386522084633329 -2.7894183667071486 3628
125 -0.7528326606813133 -2.783842530490247 1989
126 1.0512812695844642 -1.2952497371674097 4513
127 -1.0142337892565645 -3.5700580868003953 1336
128 -1.0837042585010483 -0.9415105516134408 3453
129 0.4219099759424255 -1.7001502552683398 2352
130 -1.7194159574699839 -1.16998610973103 2659
131 -2.0183786798362653 -1.8060928133196112 4477
132 0.9573315050394773 -1.0498800884781512 3894
133 1.20196063216042 -1.7067084946180748 3527
134 -0.5741119555565857 -1.2199395173751628 4255
135 0.5662826694760923 -0.09008457175356657 2969
136 -0.5696303470356275 -2.5234221589482067 2508
137 -0.34890365708068904 0.018120564548074303 4404
138 -1.3843183550598401 -1.81429215439771 3147
139 -1.0934755549418669 -2.461671911594883 3714
140 -1.744998960928027 -0.8228005904676852 3077
141 -0.8397400169097515 -0.5752997336155162 4265
142 -0.8883532436064442 -2.934529857292189 1966
143 -1.6497182390504286 -2.816006487913339 4746
144 -1.1318283060826684 -1.7451668486090726 3465
145 -1.3277518701582647 -1.3291498762781948 4442
146 0.667577341283218 -0.41487721712950365 2174
147 1.1377505563647732 -2.924340805022268 4109
148 -1.2016059023425787 -0.6366717841394438 2892
149 0.892551038950835 -2.0707374513137657 3884
150 1.2456846416129315 -0.8995915717410091 2664
151 -0.9642150276441238 -1.1736065297707663 3301
152 -0.1431119518369399 -0.8904591442462242 4047
153 -2.153857986779253 -1.304738332606051 2724
154 -1.432689298591115 -0.2523295093381857 1520
155 0.3411473180654791 -0.2244170746958105 1547
156 0.7618120672471831 -0.10988497350847692 3907
157 -0.3098245130349618 -2.0319650942932603 1205
158 0.4258267470190103 -1.219653408549767 3710
159 0.008778580297054746 -2.546414881636487 3129
160 -1.265064146173278 -1.0934471753592911 2432
161 0.5518995017937129 -3.006929791006797 3307
162 0.5632482484020931 -2.57993518608887 2718
163 -0.1906649243064312 -2.0219381867843538 3040
164 -1.6112814274249934 -2.4515131955719074 2914
165 -0.4826810517307386 -1.552689273523551 2480
166 -0.7475787608663275 -2.9985393323361484 1664
167 -2.120144635449784 -1.9355364296415924 4151
168 -1.3957750764671815 -1.660982617809589 4225
169 0.02543563544396879 -2.3206218231764835 4400
170 -1.8384412565312742 -1.0185056397165442 2975
171 -0.18600071909042393 -1.0182986504199703 2059
172 -1.109946727920018 -0.05732020943620233 4669
173 -1.7555682211464059 -1.6495104892530914 2525
174 -1.2096739502873395 -0.06988809670383456 4272
175 -2.0530755902658555 -1.1648314642726603 1193
176 -1.9372639761602661 -1.9883166191234467 2492
177 -1.6422895806383675 -0.6198134421425344 2008
178 0.6159542158747202 -2.4199112731778043 4426
179 -0.25092928981132806 -2.820942254012926 4002
180 -0.6739760717342995 -0.7410984811302789 1539
181 -2.2316686766816347 -1.5808530475052227 4330
182 0.5963113934274478 -2.7895810272299792 2258
183 -1.280446399714914 -0.8912286612858733 1316
184 0.03641541125705225 -0.2585293205238407 1086
185 0.24777038189162337 -1.6171362283345665 3656
186 1.0040318345580221 -0.8511221409566565 1822
187 -0.4636224297630429 0.27573933694377806 2000
188 -0.6018569360971093 -1.0703274601725383 2409
189 -0.9930861799030885 -1.9136909471297712 2086
190 0.000906024484526028 -1.8834940606146997 3259
191 -0.7700306989031903 -3.4640461886757197 2017
192 -1.6683277654790936 -0.06322746328189292 4365
193 -1.8706549676410213 -0.4964438849690063 4582
194 -0.4603329045961852 -3.8078182388598485 2904
195 -1.415939946476495 -1.4806038322811947 4015
196 1.01508443730342 -1.863927190449212 1419
197 1.1316974651398077 -0.6967873617599749 4657
198 0.5288366010677694 -1.1680995911172019 2640
199 -0.614303512937412 -2.350578407585243 4678
endpoint1 endpoint2
38 124
152 165
9 183
15 30
20 75
41 74
102 182
86 129
20 58
152 172
7 22
11 83
15 148
111 128
3 11
64 107
159 195
152 179
33 59
128 172
78 160
84 143
17 50
37 63
20 89
130 188
60 103
8 69
38 97
152 186
63 123
47 157
68 118
128 163
2 91
78 171
151 179
183 190
111 150
51 174
89 103
57 78
76 158
21 48
148 198
26 45
28 134
30 166
54 56
131 151
171 195
8 170
102 195
29 161
19 119
132 190
5 72
61 187
12 174
3 126
24 153
87 134
57 87
58 79
39 99
12 71
27 95
119 134
15 123
18 173
38 168
61 180
82 142
135 152
157 171
105 138
144 160
91 171
97 128
62 141
134 165
48 145
89 113
18 79
4 14
26 63
7 115
94 141
78 188
103 140
185 186
76 114
41 144
83 160
42 177
25 31
145 184
25 136
117 199
173 181
50 128
172 184
15 73
23 25
63 166
55 87
40 95
21 84
43 75
46 68
12 108
128 134
56 174
77 157
10 86
29 133
52 90
132 146
68 186
88 163
35 51
65 66
48 134
56 198
43 64
68 88
52 178
17 112
55 135
83 198
84 184
13 196
31 174
125 138
15 95
88 170
14 157
91 183
44 186
1 105
95 163
170 189
81 187
27 131
69 95
128 148
6 149
9 74
66 109
35 80
113 159
42 149
24 195
65 92
165 169
94 193
2 144
115 124
96 160
16 92
61 121
102 144
40 172
28 40
70 120
67 172
89 95
53 65
95 145
26 101
103 166
3 41
113 137
74 193
117 173
7 66
100 186
24 169
28 62
70 106
90 182
71 120
115 162
42 142
7 42
92 178
99 192
154 160
19 76
41 95
89 144
87 126
35 76
18 127
93 132
44 149
99 120
9 141
95 140
153 192
26 126
7 176
5 106
180 192
20 60
90 184
109 183
67 136
100 192
15 25
78 198
181 199
40 143
21 179
96 124
8 88
70 95
143 191
115 185
5 186
95 109
8 39
28 186
36 42
151 188
61 62
103 114
33 146
38 141
150 161
181 192
1 183
37 134
96 115
134 190
45 70
141 168
124 125
16 30
34 168
2 65
41 42
59 144
7 159
27 75
52 113
108 118
80 138
10 16
86 144
144 188
55 117
40 125
39 159
41 196
32 92
33 51
129 157
131 145
78 168
26 82
8 164
33 172
130 180
42 50
10 27
91 92
112 199
37 136
65 108
57 77
76 159
21 63
39 101
44 112
73 77
2 83
33 165
51 79
20 104
38 182
17 188
92 93
111 158
14 46
87 129
8 195
153 174
27 94
10 186
84 165
136 161
175 191
169 191
89 112
25 134
99 139
16 122
184 197
42 47
43 183
10 52
13 41
40 89
39 131
187 193
141 197
109 134
170 193
47 176
68 107
50 129
31 187
15 72
35 188
40 177
77 116
79 175
180 184
134 148
54 106
57 105
58 89
43 74
47 185
94 124
89 169
34 49
18 151
25 127
35 50
18 38
97 170
43 50
27 141
16 111
59 195
41 121
172 175
137 155
13 195
155 158
10 33
17 145
32 141
73 138
53 126
21 101
50 170
126 129
108 190
50 67
3 75
39 167
23 148
189 193
65 83
48 181
122 164
92 166
121 159
56 68
55 148
64 132
119 123
105 198
65 187
13 70
87 195
91 132
93 184
23 173
87 176
71 171
75 172
130 196
41 108
153 157
67 118
87 107
35 46
147 159
113 136
9 130
122 182
73 189
44 55
9 19
27 105
104 175
71 160
41 85
42 109
62 104
64 146
82 196
0 36
114 190
24 170
138 158
13 120
75 124
20 158
44 159
29 88
16 51
73 166
2 122
20 71
10 125
105 185
60 93
46 152
88 142
13 113
53 91
7 179
11 180
33 135
5 105
61 156
21 169
90 185
7 27
57 161
78 84
125 199
5 82
49 56
14 160
37 156
20 171
166 190
25 160
28 187
1 95
81 137
26 65
101 198
174 185
52 107
6 91
16 198
3 13
41 194
23 86
117 119
85 94
1 39
2 175
5 162
118 158
94 151
117 137
26 72
123 190
51 64
5 68
155 174
66 82
139 168
158 169
107 169
72 149
15 159
111 139
24 141
84 111
138 189
32 93
14 93
109 161
5 171
9 168
37 85
129 156
108 110
77 79
80 130
86 168
144 180
85 96
115 143
47 164
148 183
26 90
7 140
102 193
17 34
37 47
38 183
61 185
82 149
164 166
4 114
24 155
97 141
23 125
62 136
28 104
32 107
89 110
14 47
169 198
26 50
12 65
105 110
55 189
37 71
63 178
83 157
14 135
17 180
1 146
42 180
89 119
96 143
4 8
46 56
93 99
62 88
19 135
77 122
42 44
136 169
10 53
13 40
65 118
33 109
90 118
145 190
19 31
59 180
24 65
83 171
31 75
17 166
23 136
45 155
28 117
87 175
76 188
47 184
11 100
37 114
172 177
31 163
125 143
157 180
49 64
31 48
50 78
144 151
3 92
54 98
149 150
104 195
18 143
91 137
29 115
67 160
87 189
22 82
61 126
178 186
54 135
13 76
31 38
14 106
20 130
44 179
45 134
73 178
39 55
114 116
99 175
101 191
69 70
124 189
17 96
80 187
85 198
79 130
82 98
81 92
68 145
7 54
48 173
49 196
54 119
117 162
19 64
100 189
66 125
35 64
56 59
43 128
138 148
68 152
96 193
70 128
1 114
57 141
27 104
83 119
46 105
11 185
41 84
137 182
34 109
15 189
21 166
25 35
45 96
28 56
49 101
7 36
28 175
92 140
95 129
11 190
36 142
125 165
108 163
1 162
20 166
22 134
5 199
9 28
15 18
82 183
100 170
137 160
0 51
19 196
40 138
39 67
5 191
53 163
129 136
94 170
131 188
7 171
47 112
123 163
51 117
42 71
156 195
37 155
25 54
8 90
141 173
75 98
93 148
22 144
25 167
44 133
52 197
94 173
104 140
160 174
16 168
15 96
71 135
79 199
82 169
45 51
21 186
24 135
135 198
74 155
20 179
44 124
33 56
128 175
57 178
94 148
7 153
160 165
109 126
6 83
102 167
72 150
26 190
134 183
84 104
70 79
39 110
5 170
129 147
4 163
26 80
27 66
113 124
24 102
82 155
17 185
111 147
45 182
18 88
1 48
21 61
115 142
80 92
48 117
57 188
61 71
54 174
58 165
135 156
162 199
17 178
33 82
5 156
28 152
24 116
6 68
135 149
10 11
43 193
8 125
62 176
64 74
11 24
140 183
5 133
29 31
72 105
97 103
172 188
11 198
103 137
184 199
112 159
18 50
55 91
48 139
33 108
159 169
90 119
89 127
21 72
12 112
126 146
37 72
167 174
84 181
0 76
81 119
144 145
97 151
116 162
26 157
29 96
96 158
22 65
44 86
52 182
29 130
82 118
49 71
68 165
72 160
43 52
44 190
45 147
51 148
70 165
27 143
126 156
24 33
35 172
25 70
10 47
85 164
13 82
14 96
111 197
87 188
118 199
35 196
89 185
108 184
81 90
65 160
88 180
20 131
3 77
89 91
87 181
145 153
58 112
96 163
98 155
79 111
119 196
15 57
37 108
80 188
85 197
105 196
86 102
38 197
63 199
46 133
65 185
45 109
106 109
70 127
29 68
11 50
122 173
69 189
11 131
104 170
124 181
71 165
62 103
137 140
102 142
31 134
86 121
0 47
54 150
65 178
70 118
91 159
4 75
23 164
96 177
8 157
28 192
19 72
62 110
179 197
1 168
96 106
59 94
75 126
72 82
36 56
29 199
15 20
82 189
100 172
31 116
108 156
6 7
46 158
2 192
122 198
32 162
69 168
34 154
36 39
151 171
27 121
56 98
19 86
41 69
42 93
6 111
10 98
156 197
7 21
9 187
100 124
34 149
142 178
103 118
17 68
139 188
13 16
65 158
13 97
74 145
20 181
48 65
112 125
37 50
20 94
41 183
63 152
24 136
64 111
138 176
0 177
57 64
38 98
39 112
171 184
26 39
63 126
9 165
9 54
160 166
19 109
38 187
112 116
113 122
132 180
42 54
61 165
60 140
24 143
65 104
85 101
100 105
11 69
50 152
68 114
129 146
5 58
20 108
38 178
133 134
4 117
97 138
120 138
80 93
25 185
2 46
4 171
7 142
119 133
84 153
51 80
0 120
37 45
38 181
130 138
41 170
132 186
155 190
66 162
49 90
22 194
24 157
65 122
138 173
27 162
105 108
154 156
52 73
16 149
112 153
30 79
31 71
114 196
4 123
62 177
11 27
145 187
5 132
9 193
29 30
68 111
142 152
75 151
78 128
54 185
26 147
134 144
65 116
32 123
53 96
58 93
152 154
43 86
36 127
19 33
75 140
30 46
14 151
144 146
38 41
39 181
97 150
48 131
16 107
17 115
36 102
62 72
137 151
10 82
55 59
114 158
24 74
49 70
97 175
8 19
120 173
2 154
99 163
27 142
7 90
17 116
71 185
36 109
75 186
77 146
42 116
9 69
66 110
21 128
60 189
43 159
85 163
13 81
91 139
62 173
14 16
70 157
7 83
27 135
37 98
9 78
47 57
178 184
125 159
24 88
49 112
110 156
14 27
50 160
31 152
89 129
23 57
6 19
63 198
66 147
31 41
23 174
11 53
69 188
92 184
149 175
62 100
86 126
31 129
15 182
60 74
50 112
75 120
67 153
46 111
88 108
52 146
126 185
15 191
46 148
49 155
75 113
116 149
7 38
129 188
81 155
29 198
123 151
51 105
17 73
131 193
30 127
13 29
40 133
59 86
88 145
13 110
110 184
93 128
152 163
142 168
95 136
100 197
11 169
106 172
105 167
55 106
45 80
84 93
71 106
93 153
113 176
44 136
53 161
2 75
4 176
78 91
9 11
47 114
56 106
135 186
49 61
31 101
20 199
3 9
64 105
141 171
30 182
36 86
1 92
129 135
84 141
11 167
33 150
52 118
36 165
150 165
61 171
15 147
3 14
85 91
22 169
12 87
94 154
123 179
109 124
38 184
77 83
150 188
83 139
102 165
164 179
26 188
64 103
134 181
65 111
85 100
109 158
74 128
99 152
12 78
36 68
148 171
131 149
0 98
36 171
58 152
139 162
4 118
169 177
45 180
2 188
32 198
93 110
75 152
167 189
34 41
18 175
40 192
42 57
10 14
157 173
17 176
91 169
8 120
120 146
45 173
70 191
91 198
76 146
4 12
80 85
8 199
173 190
34 177
58 59
148 185
78 190
62 84
64 174
0 112
132 162
6 58
136 165
144 165
1 151
40 86
39 134
111 163
43 195
32 101
33 105
74 189
76 137
43 80
177 188
58 194
97 101
4 154
38 164
187 197
116 165
49 164
140 168
33 98
152 155
11 96
16 117
77 159
22 63
136 196
64 188
130 148
77 112
60 168
102 120
161 189
39 180
134 136
32 115
69 199
140 167
43 78
17 114
2 51
75 132
100 132
9 67
176 183
34 77
102 115
50 77
88 168
107 132
115 196
65 69
145 173
22 94
98 135
118 194
37 120
89 182
102 106
141 155
110 154
78 114
98 158
83 101
47 75
68 76
69 90
16 90
35 198
71 177
78 157
85 171
32 41
42 158
23 144
120 188
69 178
87 183
53 67
149 165
10 76
103 164
31 155
40 145
46 139
93 180
113 139
16 57
151 158
44 52
16 72
24 56
42 110
6 120
64 159
100 184
106 195
43 133
109 199
110 175
22 139
42 128
118 191
11 45
32 150
54 77
8 159
7 185
27 109
46 108
123 145
36 130
38 154
13 116
90 179
72 197
2 199
122 189
72 84
1 72
41 49
59 139
81 154
9 24
20 67
67 104
46 156
84 87
71 108
39 71
48 85
2 113
75 198
100 198
47 116
11 168
16 189
126 168
5 85
45 62
10 96
1 184
74 148
25 163
47 140
4 177
151 162
119 163
38 143
42 66
63 157
10 107
140 151
47 122
71 128
136 138
49 53
3 113
23 82
38 96
43 119
171 186
44 127
30 190
57 183
148 173
22 25
10 138
123 178
106 134
35 158
0 108
31 106
39 154
59 117
134 170
159 182
34 188
94 130
61 75
117 158
6 190
126 196
6 73
61 188
64 192
66 169
1 132
26 132
85 108
140 188
53 132
37 90
151 198
62 82
51 82
19 125
41 168
64 199
49 88
107 155
18 63
3 100
169 185
84 121
33 87
80 86
173 189
11 117
33 192
36 75
19 21
75 144
22 34
5 42
27 85
18 167
157 165
3 109
64 77
120 154
47 193
28 146
37 76
75 137
59 179
62 92
16 142
0 72
86 177
144 157
39 190
23 143
29 100
27 178
10 198
16 118
4 130
61 111
119 146
18 153
101 121
102 121
66 141
110 137
51 144
168 169
166 195
121 143
47 68
3 51
21 133
60 160
79 179
102 112
86 195
116 180
62 168
45 144
99 165
80 193
5 14
104 199
31 148
125 132
18 139
3 56
10 42
145 165
7 77
50 167
61 122
125 157
112 190
46 129
93 186
39 162
65 86
122 161
70 138
170 174
79 104
98 150
48 57
106 182
16 82
44 166
7 50
48 161
32 144
145 151
13 152
56 80
67 125
25 94
28 61
49 96
109 198
75 122
44 157
28 172
121 195
69 163
57 145
8 128
26 118
53 197
56 87
42 86
133 189
61 133
9 103
0 57
48 192
23 190
99 121
142 167
9 31
36 138
38 146
80 164
61 158
105 188
37 149
46 157
