nnodes nedges type
200 1500 graph
nodename posx posy weight
0 4.939703857094238 -5.080768998351732 1533
1 3.3992049625858276 -3.585128880791747 3212
2 3.3369842551864224 -3.9290596254220307 3349
3 5.495618171336523 -2.672255981848246 3617
4 5.900260431030291 -2.3845903245984195 3877
5 4.366100299796098 -4.085816770341936 1218
6 5.322630920194263 -2.0541371700564675 1687
7 3.343145089002791 -5.249399411921542 2873
8 5.886339199643236 -5.3104177454522725 3388
9 2.9365099415496494 -3.771079398520243 3962
10 5.259056855808312 -3.473560687024225 2828
11 5.723165391930128 -4.345940419168114 4742
12 4.091622019517349 -2.088423528631901 1021
13 5.189427557377773 -2.9619668626240827 3990
14 6.1999966386178995 -4.170542778697944 4654
15 3.2073689924990108 -3.178356536645483 2071
16 4.290470976900022 -4.966915861021677 3079
17 3.7506111500514003 -4.351408300962577 3168
18 3.076700748898622 -3.610499976955047 2389
19 4.703155754981168 -3.3619754863085234 2517
20 3.8529002722793493 -2.8808331054776652 3256
21 4.6179438514190645 -2.3896377612117097 3076
22 4.363915534902531 -3.878802774417532 3132
23 4.344643102323547 -5.18732602306519 3937
24 3.4700122796345374 -2.7453268688470778 4194
25 4.717641983909465 -4.990816387283067 3246
26 6.36453354982571 -3.4743250729251107 2666
27 3.543853711098339 -2.871355839093503 1812
28 3.415624539498527 -4.239869000841878 1341
29 3.7388862470199906 -4.78044490781569 2000
30 5.396799299319409 -2.566404339265439 2736
31 3.332768009712824 -4.289308878496902 2701
32 5.485979927729447 -2.815479174644163 3746
33 5.085195642322439 -2.4023132720829556 2461
34 4.878140857029459 -3.8149978007552785 3494
35 5.283692540343622 -2.509462351887656 3693
36 3.5421296781285188 -3.314491293309159 4167
37 4.2395115084685076 -4.567409123971737 2870
38 5.394340639845812 -4.467329252670677 4345
39 5.180674835537379 -2.832548825140292 1565
40 3.8659241950978287 -4.996872755777281 2048
41 6.171132322250227 -3.2917080220582693 1774
42 4.704765003623642 -4.210628760866131 2174
43 4.7255495540823835 -5.335988546609044 2760
44 4.643868330772768 -5.687744949668909 4640
45 5.922296675994769 -4.691821531315926 3859
46 3.8533012738362054 -5.596206793662373 4511
47 6.093453041542056 -3.6654075570811493 4196
48 5.345268480673839 -4.614103401979112 4430
49 3.8781658091603743 -2.785773807825352 1982
50 4.158368352934497 -3.0219829384449146 1004
51 5.6600940095100105 -4.159478838511772 3675
52 5.803349946886778 -4.724141069404841 4811
53 4.605581759662828 -3.7580550932182524 4302
54 3.6035973652123023 -4.103811260821258 2023
55 4.98405778001435 -2.8547038334772177 1575
56 3.549230142410953 -3.608062204772781 3120
57 4.580657565231902 -2.8919749764613973 1639
58 4.474264262323417 -4.322256240384475 1754
59 4.187802694723907 -2.339135779281092 4077
60 3.2125871462166575 -3.732290118694362 4750
61 2.7187273663368487 -3.98583693809847 2232
62 4.534812423193482 -5.449170694193171 4126
63 5.022609713455008 -4.375268805214982 3376
64 4.378204196150776 -4.4303692829361525 3785
65 5.674563419103083 -4.998329142385484 2179
66 4.995407131872279 -3.46492829971552 4330
67 4.336080480496424 -2.130160015961138 4054
68 3.0103962777866875 -4.391170323185728 3437
69 3.7197788814390518 -5.236390135990202 4419
70 4.062218188789481 -3.7542252465798813 1339
71 4.929804413882975 -3.2573509597580697 3261
72 3.8265618819444263 -3.832761616671781 4554
73 5.172846758679231 -4.081735660008467 1458
74 3.072413399262662 -3.27010794729633 4807
75 2.940212634711426 -4.073717802892098 3333
76 4.514978104662169 -2.1770788934856817 4826
77 4.562768455351247 -4.954409757776204 2520
78 6.402195258260397 -2.7229373421387737 2352
79 4.000922004265507 -3.968415482129202 1542
80 4.340671244951948 -3.180904761226623 4073
81 3.8989829147310586 -4.276400400251394 1151
82 5.943491166589775 -2.6877587451139062 2204
83 5.5826945364230385 -3.3405128483817843 3750
84 4.036672330767113 -3.4093829778373776 4231
85 4.11685857274658 -5.120099381827742 3368
86 4.72992820734459 -3.0022068881488346 3953
87 4.689414183147977 -5.558976649921134 3734
88 3.551487732446078 -4.680295954109145 4120
89 3.0344004110690506 -4.788357472264692 4786
90 3.3579527109685157 -3.2286906285508534 3759
91 4.088332878605236 -5.471001441055189 2595
92 5.245070744165699 -2.419809579343953 2646
93 3.155180152885562 -3.9612925387126765 3904
94 4.6596117592754025 -4.752439720579865 1207
95 4.2324162505214415 -2.657777965570606 1208
96 4.582809327239073 -2.7006896272084155 3998
97 5.577422094252016 -4.355801597280096 2841
98 3.333345377012969 -4.9778847061318485 1292
99 5.144170036126696 -5.083427030000916 1933
100 5.331851051845161 -3.30858559360963 4510
101 4.508422188803834 -3.9228103872245854 1113
102 5.294315041645456 -4.0278075135946825 3953
103 4.046980936050268 -4.578187594689386 1444
104 3.6931774298673696 -4.033753254200942 2076
105 4.087659338865786 -4.942352496079241 1566
106 5.601386717464901 -3.6417325948279826 4087
107 3.1660337836758408 -4.67819055240285 2380
108 4.573418329015108 -3.268311346872068 4592
109 4.3656392228500716 -2.4899345354313227 3018
110 3.5398463302664056 -5.538988400269624 1722
111 5.261007625927258 -4.799820210312275 1746
112 4.5109948279603085 -4.588239144360658 3321
113 3.4234730714915647 -3.0695423860749695 1730
114 3.7818050241276366 -3.4524758528982704 2792
115 4.088725702776875 -4.797311758119001 3794
116 5.711700714941284 -5.427265282938629 3019
117 3.7738854554905816 -2.801842204047378 3993
118 6.011157600261218 -4.505387600977026 3074
119 4.115932336801786 -4.357417013300139 4908
120 4.868305470019986 -3.618220972564778 2093
121 5.566651367023093 -3.1293640288963487 2843
122 6.556092808843572 -4.498304696581143 4997
123 5.866388177975394 -3.3405858159797415 1097
124 3.9798634156499637 -3.611060729379225 3012
125 5.9940958278735765 -4.013194402074689 1037
126 4.456021024638532 -3.491483977693092 1063
127 3.7013600209819226 -4.583339231582203 2763
128 4.932791036173716 -4.528622351660749 2806
129 5.28605122333799 -3.680323792600307 4671
130 4.68237625629482 -4.363186876863036 3357
131 2.831975145425933 -3.5643444938977926 1763
132 4.148706258431387 -2.8690070246049726 4716
133 5.996131729448879 -5.05525589100346 2596
134 3.035392640993853 -3.035698634561313 3353
135 5.245982698572791 -5.155974005964685 1795
136 3.761989456827417 -3.188575515122267 3790
137 4.192299919682137 -3.4002145416276055 3989
138 5.473310241955045 -3.612344849833711 1073
139 3.306933509910212 -2.4697713149957625 3036
140 2.761667475390297 -4.289120132253613 3651
141 5.931065004702778 -4.227229539759508 4846
142 3.393421028237075 -4.764113149181417 2592
143 5.081609265622385 -5.506200829538754 4989
144 5.100379288959618 -3.388036971987785 1966
145 5.396603926510346 -4.998698108217568 3970
146 5.83520437841754 -3.9873823032389826 1499
147 5.698662854312697 -2.8141442123674794 3062
148 5.7721867891231895 -4.803919151316171 3761
149 4.92598774625245 -4.752165448634482 1462
150 5.390871039765206 -3.078761329694123 4626
151 3.53123892397903 -5.14566390387045 3169
152 3.7927022449157812 -5.386224940125071 2704
153 4.828123699647004 -3.1813039166053745 4567
154 6.135626257984131 -3.0237345836900698 3784
155 5.103398006728495 -3.8896728341463778 2249
156 4.968322849971352 -5.608789161509456 4321
157 5.804301652624521 -3.853814769955739 4890
158 4.960094581308635 -5.27537196528786 2020
159 4.714587910288261 -2.4340392867800786 2429
160 4.010721409375711 -2.652583578281867 3051
161 4.275167722692168 -5.5862374250274165 1643
162 4.333892456456688 -3.6788645572824445 4604
163 3.421471673792901 -3.6973150156278916 2979
164 5.844053351244391 -3.003551041567418 1977
165 3.5613703259146514 -3.8803970524254403 1702
166 5.013507735269497 -4.032743774037651 3069
167 3.4996807950262028 -4.488469216713127 2749
168 5.084109912486559 -4.903995316918952 2920
169 2.7872074897880257 -2.9114665327152496 3957
170 4.54730979906078 -5.203477811660546 3586
171 4.828364008448519 -4.019503275047073 3156
172 4.921273214296973 -2.3460034967021715 1568
173 6.032645601285238 -3.522072365734484 3424
174 4.416174780988184 -5.8270140221987345 4038
175 5.99250606595209 -4.374651153240544 2284
176 6.109471775682564 -4.0312624544832465 2502
177 4.629440914142846 -2.1726996109826446 2138
178 3.8908585259701107 -2.4316199033175114 4281
179 2.946703142864227 -3.467329061841764 1214
180 4.119159457013671 -4.1455162145181275 4902
181 3.219224389850273 -5.0278180337223715 1341
182 5.39097150470358 -3.916385241829476 2761
183 5.245108459407995 -5.431926043500251 3278
184 5.498951520648916 -5.576097085586732 4616
185 4.23437956089705 -5.3177929899239125 1528
186 4.318292964247392 -2.928703946336168 3089
187 2.924841286674083 -4.660364979905349 1164
188 5.532517695748346 -5.138176656812467 4592
189 3.500908354823251 -2.2627948969157443 1491
190 3.1357388214125983 -2.793000514263961 4977
191 3.1128397977926303 -4.161987316927133 2611
192 5.135694764021607 -4.513171988914688 2596
193 4.833991304207425 -2.6958989380534426 3772
194 3.8893788916765555 -3.2404526746574263 2706
195 5.708597074230374 -4.534212129777735 3720
196 5.929455774000109 -3.6565231265838656 3672
197 3.8066574250022995 -2.064819187758568 3710
198 6.282757347909283 -3.8475091083836963 1992
199 3.6318791202192453 -5.033822140366811 2421
endpoint1 endpoint2
93 158
95 101
22 154
48 86
33 41
34 153
11 171
42 88
13 20
158 185
162 164
116 118
49 139
53 62
63 117
54 87
1 89
119 162
51 121
80 146
133 168
3 11
65 147
138 180
57 60
5 164
43 113
118 152
30 180
94 145
8 188
119 187
179 181
108 117
76 78
61 169
63 133
157 192
86 147
158 171
162 182
62 152
33 67
2 168
20 191
21 55
168 192
192 198
36 95
37 87
94 152
151 179
106 135
51 71
61 162
135 170
108 131
1 130
39 149
42 196
39 106
115 141
43 111
25 181
63 96
30 166
33 53
131 151
175 198
132 190
113 193
39 146
23 99
109 149
2 186
12 71
73 119
55 163
27 95
10 189
52 77
37 42
38 168
43 191
25 101
83 155
175 188
105 138
91 171
23 120
45 171
72 102
2 36
31 179
58 168
42 46
79 167
10 55
157 164
55 94
8 97
90 104
53 100
168 188
53 149
56 167
93 126
97 123
98 107
19 138
63 166
101 127
49 73
85 149
38 53
187 199
32 126
68 194
70 175
73 153
126 150
53 158
73 106
37 116
16 134
15 86
81 107
63 175
101 120
66 138
157 182
75 88
62 166
33 121
51 147
165 167
22 69
195 198
50 178
17 112
126 153
6 146
137 148
81 108
93 167
40 77
70 153
2 153
22 92
95 163
11 144
50 173
17 105
77 143
42 115
102 153
6 36
83 188
49 124
72 171
91 140
38 94
23 149
189 194
120 183
48 180
115 124
81 188
44 64
50 164
19 57
37 111
77 136
102 144
23 61
68 151
87 192
91 133
42 156
44 168
67 172
2 107
39 50
78 123
106 183
71 168
61 114
138 150
35 47
70 130
79 112
101 163
31 130
91 98
1 171
82 86
50 111
40 41
115 162
53 83
22 120
81 167
44 45
19 76
137 185
10 124
127 135
40 129
72 199
93 132
32 175
34 159
92 137
22 115
151 174
29 195
103 124
33 128
5 106
37 148
23 65
73 192
22 155
80 126
29 43
67 136
73 81
98 187
103 117
42 89
13 19
15 142
0 8
20 59
21 179
25 48
23 94
159 197
70 95
152 173
80 117
54 199
130 162
42 64
132 194
150 161
92 112
55 124
18 104
57 67
166 176
5 163
118 153
29 61
1 81
129 132
77 87
144 188
64 99
51 168
70 73
39 108
152 187
63 122
28 136
11 64
69 143
129 157
79 90
27 64
6 84
0 29
37 136
44 112
63 99
109 114
136 186
86 162
144 170
64 113
90 103
99 130
53 130
167 190
135 155
138 198
107 157
89 199
38 56
3 102
89 112
52 166
58 198
197 198
52 85
136 168
40 89
85 124
70 181
76 132
5 128
9 86
27 44
84 171
176 188
103 132
160 198
19 141
10 63
50 86
161 185
91 184
38 42
97 145
29 98
70 172
21 83
62 69
10 87
54 180
37 196
101 103
83 177
68 187
72 190
42 160
62 167
166 193
149 151
50 179
94 103
6 147
77 102
13 84
33 113
58 107
96 170
126 129
71 181
18 137
19 160
102 105
122 164
29 77
52 129
5 117
119 123
85 199
46 135
13 70
88 185
90 165
17 131
165 192
3 176
45 128
44 56
13 157
16 84
17 90
2 27
41 108
42 98
112 183
82 92
46 142
2 99
79 115
36 134
62 104
12 159
86 114
92 109
23 163
8 51
7 37
121 193
21 121
96 182
9 101
139 140
12 150
125 166
35 79
21 160
138 153
109 189
20 165
113 186
75 194
98 161
9 29
119 174
88 119
56 96
19 84
36 180
80 166
82 182
30 99
0 50
49 144
39 64
47 128
100 193
104 132
88 126
13 129
52 108
58 128
125 184
1 46
113 180
152 174
76 194
9 15
7 161
156 170
174 185
13 186
125 192
15 97
56 110
76 81
77 93
42 65
133 150
14 171
34 112
162 189
40 119
134 191
14 90
71 95
9 167
105 123
59 147
174 192
108 119
18 190
17 48
80 139
6 82
66 82
59 113
0 182
26 32
123 198
53 191
37 85
148 168
119 178
84 144
0 111
150 176
82 154
83 143
144 180
183 184
42 194
45 183
138 164
58 66
30 164
37 94
22 23
61 72
153 164
0 102
38 183
43 184
135 157
144 171
164 166
64 114
48 156
138 175
51 185
87 128
99 133
124 139
9 43
103 145
17 27
0 125
83 157
66 191
13 47
161 174
144 162
162 193
164 173
38 57
22 199
11 25
170 199
25 133
56 162
19 22
58 199
81 127
135 147
63 187
49 86
39 130
120 157
16 114
84 180
81 112
49 79
17 166
74 81
11 23
54 107
57 104
21 82
11 100
55 136
75 131
22 51
35 164
132 156
88 165
40 72
115 195
23 129
73 128
1 22
78 100
43 66
7 88
52 188
19 45
2 15
84 186
54 140
60 163
13 83
120 178
145 161
21 100
99 166
47 78
104 187
126 134
125 129
18 134
19 163
21 139
43 146
65 161
10 41
14 106
17 137
110 158
48 182
69 181
54 124
21 109
22 85
115 126
52 130
126 137
37 109
10 65
86 97
79 130
1 121
129 172
95 147
126 176
77 191
24 53
102 137
45 103
68 152
70 113
110 168
122 183
73 188
8 156
101 161
47 101
19 73
31 140
87 99
179 194
114 191
24 171
79 144
65 180
50 109
7 36
9 27
123 149
105 184
15 186
0 60
127 129
1 162
20 55
111 118
88 143
53 90
117 189
15 18
38 145
130 174
42 92
80 167
30 96
13 24
25 45
32 73
18 116
74 105
4 39
95 102
51 196
73 87
54 83
57 160
148 156
117 134
174 183
78 196
139 189
114 168
96 126
0 185
75 98
95 111
115 187
32 191
142 180
56 128
148 155
103 108
30 195
36 187
19 101
20 93
130 160
41 176
155 168
86 159
14 168
35 101
108 136
8 65
120 123
85 93
25 168
192 194
94 148
22 26
4 164
77 85
31 105
40 127
24 142
46 181
113 165
20 186
5 170
104 107
47 158
33 49
37 84
16 166
19 115
63 143
66 170
67 72
91 94
1 135
55 76
39 150
46 188
144 196
0 142
1 48
119 138
103 155
113 117
12 169
144 172
28 105
138 172
48 157
32 108
76 144
27 163
63 106
47 172
11 112
34 179
153 172
11 193
103 144
43 176
25 106
135 149
65 195
55 66
3 104
87 152
70 176
90 108
18 74
28 151
72 105
36 119
37 79
59 190
61 89
10 163
17 19
184 199
23 29
65 196
42 188
120 158
28 127
11 17
1 27
74 166
117 196
37 72
22 57
5 31
62 64
9 84
30 41
34 52
24 66
163 194
111 183
43 63
26 157
48 130
33 101
2 130
11 103
51 60
52 182
71 193
36 101
78 141
27 39
10 85
103 191
66 137
139 197
68 165
88 166
3 95
97 168
53 115
57 112
17 117
36 108
2 12
94 101
59 197
75 187
34 70
114 152
81 97
79 191
65 175
49 120
50 70
28 68
22 83
47 73
35 196
80 197
66 104
122 125
84 194
89 185
60 187
25 79
79 132
43 149
0 192
74 75
165 197
93 189
97 186
89 91
145 153
102 151
31 153
112 178
19 171
157 158
90 163
3 178
42 155
25 193
118 166
73 186
21 117
96 186
98 146
19 67
67 120
91 110
20 34
79 138
45 102
28 34
38 79
90 93
96 177
95 155
13 148
24 61
35 72
96 106
88 137
14 124
72 195
109 194
91 148
115 167
118 176
29 86
53 80
41 51
4 193
59 137
104 152
126 163
30 126
92 102
3 24
110 187
21 31
152 162
7 28
16 44
41 52
29 192
12 56
47 106
100 171
87 112
138 142
32 74
18 117
109 180
47 130
100 195
119 161
12 55
150 173
13 16
108 146
127 182
3 6
109 173
146 185
7 18
118 133
151 185
12 189
108 137
162 187
114 160
134 189
65 151
141 165
71 89
146 195
41 47
22 27
81 128
27 76
51 66
56 119
58 144
42 54
63 129
10 31
162 178
15 153
108 128
8 73
62 156
84 105
85 101
51 173
5 169
171 177
44 116
63 103
128 167
36 91
31 192
20 108
105 156
169 178
97 138
187 191
62 135
25 185
11 122
2 46
175 194
181 183
60 130
49 90
1 159
60 113
26 129
84 127
138 173
32 109
80 84
54 55
7 135
0 127
18 169
112 153
41 147
107 158
64 75
4 10
173 184
48 100
177 189
69 103
16 125
72 106
73 124
128 140
75 151
22 39
6 173
100 149
181 185
83 164
72 179
17 163
26 147
0 148
177 182
94 120
22 62
156 158
89 165
24 67
61 194
31 53
74 95
120 166
93 194
58 100
98 143
170 183
69 105
2 50
100 155
112 142
24 74
182 186
64 80
32 137
53 114
96 150
128 145
27 63
102 154
23 43
3 71
29 113
94 194
50 169
126 132
71 182
75 179
42 127
61 124
114 144
21 137
17 143
38 82
49 193
89 90
143 198
57 129
68 74
62 125
103 165
31 152
14 192
15 169
91 104
85 181
13 67
90 160
53 77
22 98
13 154
75 161
42 97
102 143
106 194
15 182
0 32
49 98
88 131
13 124
75 120
147 160
93 142
95 117
115 161
23 167
16 63
21 125
8 158
106 186
126 185
17 80
19 75
10 113
59 81
28 58
49 155
70 110
109 193
115 166
116 149
69 174
22 124
11 176
47 108
131 193
42 83
80 162
82 186
127 131
25 42
28 49
53 55
99 124
9 177
7 31
28 160
104 113
81 156
16 188
38 151
58 132
80 153
150 171
102 176
12 136
34 125
45 80
88 152
21 39
100 125
73 85
4 176
81 149
156 174
71 136
19 94
80 144
63 146
127 177
60 110
134 187
159 193
109 172
142 186
52 118
35 150
83 130
86 157
72 145
1 139
96 119
24 137
22 169
16 18
117 150
10 141
15 107
63 128
107 170
112 196
111 148
23 104
65 111
87 143
148 196
5 168
29 50
5 57
150 196
36 171
20 109
136 183
63 137
88 197
13 58
33 95
3 141
34 182
56 151
60 131
25 103
6 67
136 190
72 134
60 114
120 146
70 191
145 193
18 81
57 90
96 139
4 12
80 85
116 198
43 91
2 38
29 181
0 112
41 146
77 126
138 194
3 106
43 195
74 189
57 99
101 159
46 63
128 141
16 141
79 162
31 79
72 180
62 185
48 141
18 67
57 100
2 137
69 111
73 100
56 172
94 121
4 129
5 29
12 193
52 88
34 50
82 125
144 147
23 133
140 167
51 145
166 194
10 192
101 129
68 94
71 195
78 147
103 185
19 150
186 199
41 133
24 75
86 194
14 159
161 182
75 95
23 130
69 192
73 133
145 173
58 108
83 92
11 158
124 170
40 163
114 150
132 134
25 68
81 103
79 185
97 167
53 122
145 166
40 170
141 148
90 166
17 142
18 20
165 195
4 71
118 173
87 183
8 145
7 75
56 72
19 60
66 97
86 100
59 66
17 135
93 180
28 84
11 52
34 143
70 140
53 76
58 121
149 174
101 165
48 63
104 172
24 56
9 127
137 178
30 114
112 171
45 100
68 155
91 145
20 147
38 77
48 167
36 51
96 179
7 185
101 174
51 99
80 172
64 150
34 104
112 162
3 21
59 80
90 179
110 182
74 98
44 155
118 182
67 129
128 198
57 155
47 111
52 154
15 22
19 83
5 108
10 121
125 162
55 108
19 192
111 115
60 89
39 71
118 137
104 114
51 192
16 46
53 167
149 185
5 196
8 141
7 175
117 186
119 170
33 155
56 100
77 167
80 154
10 96
156 199
15 140
37 159
20 57
65 155
84 94
88 153
38 118
5 188
129 141
104 136
56 107
58 140
102 168
139 190
86 155
162 190
114 167
21 190
25 59
65 156
84 101
141 170
70 80
74 159
5 165
8 44
28 183
105 118
69 152
16 28
73 93
56 131
129 134
26 77
15 109
112 127
155 173
60 102
65 149
63 120
30 190
68 117
79 88
8 162
13 175
109 123
18 186
136 177
135 171
155 162
83 138
59 117
62 130
144 192
5 151
100 107
50 150
72 119
73 79
37 81
29 162
106 129
34 47
126 196
80 134
82 150
37 179
55 73
36 76
128 176
59 165
131 157
27 92
43 188
111 165
22 192
120 147
84 121
138 171
80 86
25 128
68 98
19 21
97 99
64 175
119 156
181 190
54 164
6 59
101 119
105 140
18 54
39 129
42 176
62 183
99 142
9 199
101 158
44 99
68 105
128 142
19 26
75 137
94 119
131 139
58 195
9 80
35 186
20 123
72 181
184 185
140 169
32 125
73 154
93 120
34 51
101 121
102 121
66 141
163 199
18 40
28 113
57 108
58 98
170 181
99 188
83 86
55 132
97 118
54 137
112 128
41 132
60 160
157 176
68 160
14 156
35 57
91 180
111 185
39 172
28 72
114 126
170 188
46 81
121 144
69 80
52 184
35 192
55 157
19 49
42 114
80 193
66 108
104 199
77 97
74 79
28 71
54 121
22 86
50 167
55 154
129 199
5 119
27 54
100 139
40 58
42 159
118 162
48 170
123 130
37 105
61 115
100 178
66 126
32 33
20 149
116 129
39 40
106 177
82 198
31 131
86 124
0 34
54 149
38 66
22 136
7 43
63 94
2 124
26 118
48 55
106 184
20 69
77 180
42 86
80 173
150 159
31 136
87 127
40 128
21 162
68 131
70 108
18 126
28 171
121 196
54 69
104 155
13 138
71 148
108 159
55 111
25 40
