nnodes nedges type
200 1500 graph
nodename posx posy weight
0 8.306698333956115 -4.670185281729338 1377
1 7.418523530929354 -7.039726225248771 3713
2 8.385730787796033 -7.6928765199829146 3224
3 10.27779753685135 -7.909548565629616 3902
4 9.465027052327935 -8.071131585819398 3297
5 7.959198870496186 -7.670645004286628 2152
6 10.129854217455785 -5.67393030696842 2982
7 9.362600938352765 -5.069608174259091 1202
8 7.1536750828523505 -6.0611770309393 3089
9 9.357447374730683 -5.922061103195953 3344
10 9.963712028019465 -7.267826761665998 2743
11 9.59997189421808 -4.869519245795115 3398
12 9.180788778667882 -7.146845362539453 2925
13 9.36030409341916 -5.5663997680152795 1298
14 8.172658641204924 -5.99754381270591 1303
15 8.96696361429857 -7.338035465877728 3866
16 7.327280065509269 -7.778569901942084 2167
17 8.97745034239508 -5.010308610492469 1696
18 8.136478956865103 -6.454288716375417 2315
19 8.645770639269855 -6.414107448644218 4709
20 8.443960753687856 -7.3827718114940835 3025
21 9.354931123169528 -6.429023075918766 1320
22 8.318397985254762 -5.165097371526135 1404
23 9.705138569912522 -6.25897663218704 1352
24 8.88720384779457 -8.104909772158525 3456
25 8.707907365966014 -8.549930077121118 1816
26 8.176005282220155 -7.00036326658657 4463
27 10.171115064590282 -6.247479114740119 2471
28 9.244939121108496 -5.29248950002189 1317
29 8.904114567857768 -5.69852418670621 4768
30 10.316286612662783 -6.743602437298682 1865
31 8.26380236058905 -8.45884972628731 1174
32 9.167117158926148 -5.765539573288724 3711
33 8.366604888296838 -8.01257499356525 3588
34 7.538527317215734 -6.474096317248844 2588
35 10.083029909759253 -7.686755628467506 2730
36 7.579913634103329 -6.845429077177581 2408
37 9.997250323131322 -8.056148400586109 1033
38 10.00031502840626 -6.8825139619209095 1947
39 8.218301919293635 -6.800710783453514 1009
40 7.498501205568036 -6.2554467419522775 2612
41 8.541277654500657 -5.382476969777369 1011
42 9.057777351200398 -6.934664552441327 2350
43 7.809383575332242 -8.413867127314942 1213
44 6.997790852276983 -6.936061096548142 4030
45 9.608373515054248 -5.216275653350983 1761
46 9.161915967142296 -6.099715651005961 3089
47 8.553697829307668 -5.011944340502813 1919
48 7.8010032844123485 -6.046172096210009 2869
49 10.188898507741767 -6.054578828511133 2780
50 7.749832522653064 -6.7298901093734536 3200
51 8.307656897731695 -5.802124429697095 2959
52 8.730478372277695 -6.949443958564266 4899
53 8.237361071630525 -7.685121534033257 3023
54 7.319422714989112 -5.836043931860588 4763
55 8.597488132727856 -7.069482650309478 1113
56 7.552553778431678 -5.835535181083146 3731
57 9.736557359583827 -6.550313537060306 1344
58 9.813131882075607 -6.08140762821579 2472
59 8.09803415812317 -7.326555591546696 3845
60 8.593130573710184 -6.252668787529026 3334
61 7.2259864322002025 -5.554944509279899 4974
62 7.850812564705133 -5.777598145155181 4287
63 7.058642218308683 -5.7989398338354965 1722
64 7.144803542543963 -6.3383576149163705 3399
65 9.08252229251639 -8.31388819204925 2611
66 10.380784952553125 -7.370805146547351 1979
67 10.122957407024806 -6.440793780127326 2407
68 10.000991328978547 -7.467402827867224 1731
69 8.94703164681283 -8.396751270504039 4621
70 9.327295893853954 -7.485456795745559 4344
71 7.64373396997986 -6.3846875052325425 2754
72 10.527675363704338 -5.939032617046012 4944
73 9.191648942708511 -6.601849632849681 4252
74 7.905508540498187 -7.25766746721259 4486
75 9.406285564993409 -6.6274556877534545 4577
76 9.15623852441647 -5.430931694387751 2262
77 9.662621811209966 -6.446684972760313 4935
78 7.647382080577655 -6.100194948183011 3039
79 9.96708377785612 -7.743833541247293 4923
80 8.714643047564248 -7.652600367056936 1449
81 9.421925074135602 -7.101297389291824 2451
82 9.269880071532787 -8.209395574151669 2297
83 8.089819745350058 -7.567368732801072 4128
84 9.721181641890247 -8.072020445110457 4081
85 9.901563868074229 -6.613363721721335 1318
86 7.576394541865246 -7.2376738359161195 1492
87 8.328629462880146 -6.060935417483617 3237
88 7.42117515411966 -7.370298673934106 4021
89 8.70893778051937 -7.557690501737172 3299
90 7.9438041543576245 -6.77209546000179 4937
91 8.438395575068602 -5.55489528802129 2035
92 8.990453809461886 -6.761287927225117 2577
93 9.50501977698308 -5.633809486730793 1749
94 8.72928455706035 -8.208993844056412 2508
95 9.664764179082084 -7.113049562255852 4999
96 10.191968355864942 -7.517861695647601 2844
97 8.009658922926144 -6.019168582930564 1118
98 7.773353581612633 -5.638606629288612 1758
99 9.773457433995846 -5.585001531698533 1213
100 9.288910503260885 -6.918630022938443 1575
101 8.821914942946709 -5.086906154447246 3102
102 7.79223248652119 -7.378691134886348 2839
103 9.858775680206202 -5.1860572703078125 3468
104 10.277552171078861 -5.743340477348655 2996
105 7.749605330041551 -5.5706753983772614 3450
106 9.690048841111308 -7.583961601015918 4241
107 7.500490168052403 -6.6055981229402985 3014
108 9.19763078677858 -6.322455493413784 1402
109 8.98043991910005 -5.883736447348905 4751
110 9.527344979289335 -7.627198641554514 2902
111 10.010383877079118 -5.80023406775955 2462
112 7.970730367027588 -6.332222797576711 3622
113 8.03409971616975 -5.128314247672641 2566
114 9.14660704003446 -5.156146394230123 4106
115 8.217227877322655 -7.209137420565411 4158
116 8.62089258766406 -5.688419352213045 3018
117 7.156649189207324 -6.77719553232063 1979
118 8.753410351399207 -6.499722952239453 1441
119 9.414774644020635 -6.044461467980205 4209
120 8.851477028760593 -7.202548378977777 2208
121 9.910005606522208 -6.034386084098532 4008
122 7.9336205254702605 -5.5019993111596905 3202
123 10.475044588205527 -6.295044545675214 2597
124 9.140021618610785 -7.382864701698658 3379
125 9.984117631558357 -7.8961883583093995 2560
126 8.308375008419334 -5.698432044643937 2434
127 10.296015202820865 -6.948108488956489 1470
128 7.78492123081522 -5.318423484014434 1909
129 8.557113329976046 -6.803852400734642 3606
130 8.857275336389078 -5.302650169471696 1533
131 8.724003894115476 -5.855602400290153 3198
132 10.125609413234665 -5.485921625947651 1603
133 8.795929438024926 -8.018452761387026 4418
134 9.813606584595206 -5.765246041538822 4061
135 9.992551876165656 -5.283140582113335 4659
136 7.8200366692399585 -5.126651707316751 4836
137 8.910449508828844 -7.757213433116997 3968
138 8.209438175837228 -5.560619343904221 2474
139 10.407134591131678 -7.02011558790267 4593
140 8.500085534420519 -8.12203395193256 4815
141 9.79263247386647 -7.780332788134796 3272
142 9.541498315010884 -5.783214983603034 3743
143 8.45357330596971 -6.818194789207587 2259
144 10.074205286997318 -7.015247116109961 2853
145 7.978285683500874 -7.905953520968066 1196
146 7.6037743399654945 -7.61468558676796 2600
147 8.446684331747822 -5.273964285018939 2708
148 9.99209567532364 -6.3031743823190745 3441
149 7.823671136425685 -6.5462958131846545 2214
150 8.988440306069899 -7.5600118996534995 2556
151 7.625515492468341 -7.7269113674090875 1962
152 8.171839714819301 -4.864509234569941 4018
153 9.72765783258021 -5.129935064431028 3984
154 8.171053785007683 -6.650995846792796 1782
155 8.144606926769928 -7.849103950180626 1862
156 8.51166863996019 -7.929610252012257 1047
157 7.372998796240668 -7.188974103395357 3956
158 8.121773697859933 -5.789156191156404 4996
159 7.857984086059047 -6.991072544878719 1743
160 8.266008520589121 -7.860197842039571 4868
161 6.956931828731492 -6.4287123366604275 1182
162 9.594079001413705 -7.4164850452352 1795
163 10.65976403899555 -7.088978582109013 2428
164 10.541152174166498 -6.6015694912844305 1117
165 9.268616471097374 -7.8835027544167735 2755
166 9.24788335054581 -7.669851580480578 4142
167 8.927225438556333 -6.32972474504823 1091
168 8.850257137929033 -6.18663829560322 1028
169 7.108400481554904 -7.324497574065827 1269
170 10.224475076573405 -6.602344156113984 2237
171 9.551149616173717 -8.2316012818022 4979
172 9.131227921057869 -8.013537076688356 2578
173 8.71415526179974 -6.004067947555363 3135
174 7.398416972329764 -6.76232728563586 1145
175 8.832987889088445 -6.640140552985193 3394
176 9.861455576491917 -6.7742992953820425 2948
177 8.130714887429995 -6.2240572961267375 1852
178 8.652928191173153 -4.828657434363856 2874
179 10.261001568494411 -7.147730002859671 2993
180 9.552879893793373 -6.795226364826458 3408
181 8.380493402669904 -6.525738149612713 3699
182 7.716560158177257 -8.182476977475268 4362
183 10.324577233351496 -6.516154473587028 3580
184 9.805397484013005 -7.333643463139858 4510
185 9.201373448850754 -4.868254317244116 1439
186 10.75882187114782 -6.147894459895799 4567
187 7.624425626186817 -7.838834142416354 2638
188 7.391003002230063 -5.244505483568205 3976
189 9.75530244971871 -6.937296950208665 4418
190 8.055140792864723 -8.41317313321189 2065
191 7.1438250321044325 -7.041301964505388 1508
192 8.41336885453083 -7.173188803291334 3130
193 7.260243682056833 -6.176964662453605 1596
194 8.736949334261704 -7.172513963834894 3901
195 7.554317846234467 -7.359004017671692 4504
196 9.314486502897276 -5.6482933746616775 1091
197 9.460064001745934 -7.985176724286078 4409
198 8.766869848472837 -5.493695125480317 3170
199 9.858604750828976 -5.880444553025096 2899
endpoint1 endpoint2
147 176
116 158
99 126
2 78
5 195
178 194
58 130
77 166
80 155
82 179
116 118
32 77
13 101
147 185
4 35
33 34
51 121
108 126
135 180
105 174
181 193
23 84
26 168
159 195
74 156
57 60
80 107
33 59
142 184
81 140
84 143
179 181
42 74
6 92
82 165
155 172
12 184
32 91
100 109
29 55
123 196
105 126
53 177
59 150
4 160
119 176
29 168
123 181
0 109
130 183
5 79
139 175
162 177
3 121
46 185
146 166
115 141
99 154
29 48
30 166
50 151
69 137
34 189
36 70
2 82
26 92
117 157
9 60
156 181
175 198
106 142
58 166
137 192
31 82
8 115
50 63
159 190
70 186
39 99
169 192
64 169
135 152
85 131
105 138
89 192
14 129
162 195
1 156
111 164
28 101
51 188
33 86
109 142
27 167
28 148
194 195
78 188
27 84
51 90
58 168
77 124
81 121
136 167
138 192
18 55
42 177
25 31
8 97
53 100
92 193
11 109
27 45
10 175
160 197
24 127
50 89
86 182
107 136
184 186
55 87
38 53
120 162
48 143
109 128
110 118
165 190
76 130
12 108
19 34
18 150
112 138
37 197
63 175
10 57
13 92
39 182
140 161
69 197
73 130
110 121
95 186
83 89
104 178
12 107
128 157
94 102
172 174
10 81
112 129
88 170
72 164
57 116
39 60
99 164
27 131
47 76
62 118
137 157
178 188
35 80
21 141
140 192
44 177
45 136
21 111
115 124
95 168
37 111
80 185
66 100
110 163
93 185
20 143
65 85
11 49
73 181
83 108
106 183
55 146
81 198
89 134
91 109
40 147
114 134
6 22
14 118
190 194
22 97
12 15
71 161
62 107
112 173
39 194
13 121
40 41
113 130
39 83
38 67
70 133
81 167
71 158
20 70
12 149
0 58
1 172
127 135
40 129
48 193
138 152
68 140
13 114
22 115
98 160
151 174
9 30
10 148
121 180
52 100
56 95
20 77
42 94
80 165
5 106
107 195
162 170
19 194
21 170
73 192
18 118
113 188
115 176
122 194
78 87
100 192
46 124
126 174
19 90
82 176
137 171
12 139
15 142
84 88
90 131
80 117
51 120
112 122
38 141
58 138
135 196
138 181
140 145
74 157
80 108
23 196
29 61
124 125
5 52
9 49
174 195
35 155
36 160
76 79
42 75
30 87
162 183
164 183
55 117
41 196
24 140
14 92
147 198
20 184
39 108
118 144
63 122
28 136
68 119
69 143
15 116
109 121
113 126
130 180
20 97
132 176
105 159
23 101
117 122
64 122
134 168
138 167
58 69
115 140
4 25
32 194
55 165
156 182
35 137
54 168
66 167
50 60
71 75
91 194
76 150
34 181
55 162
57 199
148 189
5 47
33 190
52 78
127 193
20 119
41 174
82 143
72 137
18 61
111 167
39 138
32 97
18 76
74 177
115 154
116 193
75 146
153 183
172 194
84 172
15 67
6 57
136 168
82 134
90 105
145 191
168 189
59 181
95 196
4 133
173 197
103 132
160 198
36 195
82 129
101 126
17 167
37 172
4 110
22 67
121 132
11 101
30 131
12 109
124 151
71 199
97 115
18 151
55 62
76 97
77 109
60 171
41 129
79 180
10 38
17 152
93 173
4 85
44 188
45 149
122 146
73 129
104 179
17 119
128 158
2 14
41 121
10 94
31 169
25 64
51 155
70 158
79 100
101 183
191 192
11 147
30 141
69 94
19 51
5 12
98 117
62 119
31 150
15 167
59 73
62 198
82 106
17 138
40 53
7 62
87 187
92 166
81 179
83 102
37 110
129 197
5 117
21 149
60 176
28 41
66 148
141 145
90 165
108 196
39 92
23 173
53 64
129 173
76 167
170 172
36 159
10 75
46 142
32 35
13 127
91 157
93 177
9 130
190 195
28 87
120 198
1 115
21 112
98 175
150 154
10 114
39 82
122 177
53 82
4 199
9 20
83 125
177 192
38 123
39 75
22 112
98 161
46 122
136 152
10 100
66 73
96 102
143 177
39 64
116 152
16 33
92 129
41 63
47 113
77 164
150 175
30 106
31 120
24 191
134 196
140 155
13 99
20 171
21 35
105 114
30 179
26 65
13 186
133 150
155 169
86 158
127 189
1 182
62 151
138 178
84 96
39 118
48 70
124 126
16 31
107 169
108 134
55 116
66 197
90 146
131 144
5 60
26 83
106 133
51 73
17 41
132 177
150 176
55 77
143 149
109 154
12 74
34 187
128 188
59 161
22 23
9 34
41 164
42 58
60 128
144 171
18 195
1 153
26 131
62 136
28 104
14 47
159 184
71 74
163 189
168 176
63 107
124 139
34 178
142 147
55 189
59 166
151 195
132 167
38 57
39 133
26 138
65 125
49 174
2 179
70 194
94 115
7 130
29 177
52 86
0 116
19 135
130 158
49 86
40 90
48 138
32 121
9 196
173 179
56 169
59 180
136 193
9 85
15 75
6 49
83 171
107 138
67 178
74 160
110 116
22 64
7 99
10 197
53 156
41 119
4 141
100 153
137 145
10 84
89 168
35 164
54 181
79 183
120 171
29 122
57 113
21 91
17 118
75 184
118 126
104 195
86 87
10 46
50 73
18 30
182 191
39 169
14 18
21 100
96 171
17 111
23 38
79 133
9 151
145 154
143 196
2 110
149 152
167 194
101 191
15 62
71 173
100 182
85 198
86 97
54 158
141 144
0 198
147 153
9 152
69 190
56 76
2 24
24 53
6 133
66 125
39 199
23 52
79 139
138 148
143 165
147 158
4 74
23 165
44 161
36 48
26 106
83 119
28 199
11 185
47 101
104 144
46 105
56 83
75 164
102 128
110 192
109 195
20 159
32 170
16 52
1 75
4 192
8 131
101 170
51 103
56 90
41 93
42 85
30 121
31 117
12 151
125 165
46 153
70 99
109 188
122 185
142 170
81 158
9 28
123 170
89 159
111 127
32 73
141 180
143 176
93 155
72 95
4 182
8 177
51 117
19 92
58 129
78 196
12 133
125 183
34 118
9 189
16 25
59 157
79 86
27 116
174 190
112 124
61 173
86 159
34 113
3 12
85 93
109 167
57 65
11 77
4 164
174 193
112 115
20 100
80 140
107 168
14 34
1 63
21 52
118 150
47 158
12 76
73 74
129 147
94 159
24 102
42 48
61 191
40 102
117 120
33 89
144 196
76 153
28 129
36 65
55 167
131 152
4 170
13 164
42 59
43 187
14 189
92 95
49 180
87 131
57 84
7 119
124 132
93 105
22 47
103 144
52 72
20 113
83 156
138 196
12 160
72 139
28 96
67 199
163 165
43 94
7 108
46 57
72 105
73 125
75 148
131 134
97 103
119 152
30 38
52 87
36 198
97 158
26 146
109 132
163 170
173 178
51 55
126 146
5 31
34 52
15 74
43 174
81 119
161 191
111 183
23 139
120 165
48 130
67 181
32 113
87 174
74 161
126 149
83 194
19 148
59 61
24 73
77 107
139 197
14 153
18 36
74 89
87 167
110 124
2 157
95 167
78 101
16 97
10 92
21 129
3 55
68 172
69 92
29 148
45 116
50 65
31 33
87 196
110 159
7 56
149 167
104 163
93 95
103 170
54 159
114 138
23 62
116 134
7 49
53 78
58 123
69 78
126 177
34 83
8 14
7 46
67 150
69 166
90 93
95 155
46 110
106 189
33 139
42 107
60 64
23 76
26 195
118 176
121 199
142 160
131 177
27 96
82 189
1 161
114 183
25 43
46 158
115 172
5 181
28 167
73 173
36 39
75 196
149 187
98 191
7 173
119 168
46 120
121 185
123 173
29 192
126 170
61 154
67 111
91 117
138 142
38 112
22 158
36 46
1 68
92 131
52 110
15 26
20 87
80 159
150 173
103 199
16 193
181 196
60 109
88 158
13 97
109 173
100 123
84 140
47 120
80 150
86 156
162 187
55 121
3 15
120 124
90 137
109 166
166 183
118 156
56 136
59 149
27 76
64 102
21 51
12 77
42 49
66 171
31 81
107 160
24 150
51 178
115 145
5 146
11 122
68 121
29 189
160 180
34 40
18 174
54 175
130 138
58 162
25 96
137 196
13 52
18 193
62 142
64 116
48 158
89 108
91 199
57 91
43 88
171 175
12 67
68 96
124 133
75 158
59 184
97 109
62 87
154 156
127 194
40 198
13 45
47 199
33 106
14 52
51 128
73 147
92 198
7 111
78 128
100 149
17 18
24 124
82 133
50 90
13 38
14 140
42 189
26 147
28 120
122 143
74 167
57 101
15 36
131 142
167 169
50 85
55 83
169 174
120 166
90 127
145 181
54 105
7 93
47 186
51 63
17 115
37 112
77 153
35 166
77 106
24 74
43 166
88 167
3 94
4 80
2 154
98 134
118 124
10 93
29 154
125 134
18 141
54 130
93 163
116 177
32 128
57 120
94 194
21 98
2 149
170 185
99 168
17 109
19 52
6 137
27 52
89 184
15 160
85 172
107 115
35 37
0 193
4 70
44 173
48 168
14 27
70 148
73 176
39 49
95 148
81 176
26 102
119 199
2 31
6 128
154 194
10 79
102 148
85 196
112 179
40 144
114 139
24 95
85 181
88 188
90 160
32 158
22 98
98 147
137 179
21 155
39 193
50 112
68 154
143 167
20 146
23 167
1 112
21 125
149 168
41 90
80 171
67 96
12 154
125 170
108 166
91 102
19 184
112 161
138 157
71 116
93 135
116 149
44 154
99 119
53 95
81 155
180 197
28 49
110 184
38 126
59 129
81 156
26 122
100 197
178 196
150 171
86 131
37 144
40 140
23 93
22 159
100 125
92 156
33 157
137 175
158 162
108 147
25 52
64 105
88 159
146 182
25 165
7 13
29 32
33 37
5 55
81 142
108 123
157 194
114 161
62 154
141 164
26 36
123 194
92 146
55 192
144 176
164 179
24 144
23 104
8 74
32 80
90 145
71 81
2 165
25 183
104 109
129 145
9 62
156 187
29 163
51 74
19 117
38 179
5 74
12 172
30 66
144 183
18 199
0 17
55 78
97 137
24 151
65 96
45 180
85 109
33 95
51 181
21 59
5 145
26 54
47 161
30 171
4 148
27 93
76 121
12 171
13 51
4 125
134 167
87 157
58 72
194 197
69 125
55 190
93 103
22 45
7 134
6 58
155 182
55 92
87 154
90 106
57 99
2 142
99 143
68 104
124 157
50 130
53 151
58 194
172 190
15 79
24 125
79 162
38 55
187 197
26 144
11 19
140 168
68 192
87 147
70 169
163 172
22 76
121 135
30 156
97 126
98 100
119 147
29 135
52 88
0 78
130 148
79 171
106 119
37 168
111 177
38 46
42 165
64 90
56 196
46 73
30 135
52 176
93 114
103 185
13 198
31 172
125 140
19 150
41 133
24 75
139 199
14 159
122 158
54 97
19 46
98 118
80 192
5 15
102 155
29 153
6 38
62 195
45 121
85 162
9 147
67 165
39 59
121 154
55 155
19 55
31 146
60 181
43 151
82 102
91 131
20 141
143 193
53 67
39 48
8 145
7 75
80 190
64 152
34 86
59 66
60 76
25 86
50 118
32 159
73 184
1 126
3 197
8 152
36 155
19 69
2 23
42 110
66 120
87 103
20 44
6 11
45 100
85 189
50 113
3 189
116 143
16 48
101 174
17 87
71 156
19 74
42 105
137 187
67 99
91 121
40 159
96 108
44 155
73 170
2 118
99 199
10 150
119 173
11 179
17 72
80 163
133 167
111 115
46 156
3 171
9 176
47 135
59 128
154 180
100 198
10 145
52 97
87 114
92 127
60 80
84 94
13 102
75 110
3 144
166 187
95 99
92 157
16 180
15 100
36 191
41 76
80 145
137 174
34 117
16 195
181 194
114 167
60 111
65 156
74 159
147 191
152 178
9 162
73 93
56 131
26 77
8 187
33 149
108 116
133 146
139 183
109 164
115 133
100 108
192 197
123 197
57 183
26 84
106 134
37 57
162 176
40 98
65 110
120 133
144 192
166 172
4 31
63 97
48 113
68 124
32 192
53 187
94 130
78 173
5 56
150 180
6 73
67 77
14 185
28 109
71 73
91 192
80 95
48 104
12 70
2 44
93 109
78 180
5 33
27 92
33 184
0 122
12 164
13 50
18 63
91 168
38 58
45 172
65 120
109 143
1 14
57 89
96 140
173 189
48 111
148 186
167 181
4 156
33 177
0 113
43 194
48 151
122 130
9 199
27 189
142 158
55 182
19 26
94 119
97 100
27 42
176 186
18 158
19 139
38 165
50 88
89 124
14 61
165 191
56 173
55 143
27 35
84 176
15 87
55 60
58 189
50 83
73 131
165 184
101 128
30 132
19 40
93 113
75 135
9 66
29 159
103 184
89 172
102 112
50 74
86 195
18 35
4 82
120 175
92 173
98 132
46 81
52 184
126 131
56 187
108 188
10 42
68 175
107 124
40 51
38 89
4 89
42 148
8 28
29 79
73 141
58 116
121 153
50 167
69 89
105 192
43 150
46 129
32 42
44 175
2 106
83 109
15 58
36 157
24 50
81 199
35 95
17 134
21 114
7 67
71 166
89 136
54 149
45 99
49 96
88 133
13 122
113 131
38 66
39 80
57 145
26 118
47 97
52 156
53 197
36 131
150 159
100 160
34 105
118 183
99 198
29 196
12 60
33 129
36 138
77 173
7 198
102 191
105 188
127 141
92 97
96 100
23 70
65 129
28 51
