nnodes nedges type
200 1500 graph
nodename posx posy weight
0 -5.027527786211129 0.781099297072024 3400
1 -4.646996977918475 1.3771499839063257 4559
2 -6.423245426892372 0.2148999300182011 2685
3 -5.818023664810282 1.550678064602258 1759
4 -5.786072304834178 0.813747267934686 2392
5 -3.7899805681953542 -0.23683334045174506 4041
6 -4.762039132331891 -0.7188957033572578 1380
7 -4.180816385148033 1.235930813470962 2565
8 -5.864333152686384 1.7899007729253673 2960
9 -5.6263120880113 -0.2720855685291916 4494
10 -4.633482193619883 -0.5416056191032133 2030
11 -5.588515620616798 -0.37132879233281785 4032
12 -5.482861330143432 2.1709576083100264 3068
13 -3.7395059800079538 1.0568394298613428 1508
14 -4.755178520070592 2.2434312065151922 3899
15 -5.182616431549985 -0.047723200678588935 1477
16 -3.3570096369881703 1.1610948597666606 1741
17 -5.891164724068166 0.08919992431651408 1806
18 -3.3952120046367553 -0.03122939189497667 3454
19 -3.55782490182325 -0.08377605182853108 1220
20 -4.233671068940741 2.458691348333385 2846
21 -3.8981698819157984 1.756758341522876 4792
22 -5.79813403432588 0.43019029072786336 4835
23 -6.107987642762728 0.011475639765138526 3255
24 -5.733957743478643 0.5901626854059495 3111
25 -5.3950066787543545 1.249225858063939 1986
26 -6.28186544397423 0.7269954342576791 1130
27 -3.4297305881118496 0.7172960740261773 1084
28 -6.069380500902569 0.1635391421139552 2225
29 -3.8157301417332854 2.1758663264476494 1697
30 -5.636269340198581 1.948849196865579 1120
31 -3.7134175906673375 0.07918852431542864 4576
32 -4.860377338482207 1.0896611184135871 2887
33 -4.375742641602179 -0.3418006944157158 3340
34 -3.7528400051065187 0.22133725536286517 4956
35 -4.63943143938789 0.0689092316202532 1040
36 -4.3365341229128065 -1.368016807380482 4935
37 -5.503570975552773 0.04459403325060669 3751
38 -5.033457434378484 -1.123246025968431 3117
39 -6.256901123320067 -0.07890192223153188 2505
40 -5.040160732848033 1.7521700246122365 1651
41 -4.578338245411134 1.9265345673410905 4100
42 -2.948126401705792 1.084338976104869 1229
43 -5.886848374550542 -0.06923556676014157 3653
44 -4.863413485036935 -0.17744355028145295 2431
45 -4.523217718987061 0.6988119828921986 3148
46 -5.842788842998879 2.084810388776406 4700
47 -3.229444658372193 1.4042131414390138 2493
48 -4.606985175576585 -0.23531531574067424 2833
49 -5.148934316316733 2.3241161346097616 3309
50 -3.043250642399399 0.1689048065348453 3351
51 -5.2508144120477125 0.6972991328095692 4162
52 -4.40981247403975 2.370005538321011 2434
53 -3.1806817973677672 1.7124015723990296 4196
54 -5.079689712521281 1.0773461085022995 2166
55 -6.116952325971848 0.4269584279407172 2459
56 -4.519085758563929 1.7150889896224653 4398
57 -5.656741648752488 1.232812309817832 3828
58 -6.162559739099028 0.8581654652161846 4906
59 -3.9847126809675015 1.4423970406059123 2982
60 -5.367204448529359 2.101435464231962 1111
61 -4.662943019727352 0.7017987932503676 3200
62 -5.104764211839379 0.17094445128233227 3500
63 -3.124156230207132 1.1312013464195207 1575
64 -4.812544312117136 -1.1330118644708465 1953
65 -3.6006233206896114 0.4251835417712546 2623
66 -6.518197479758629 0.9939871685994391 4855
67 -4.775046346095924 1.8940302674579526 4924
68 -5.392459046872507 -0.33920493968503496 1444
69 -4.514717033151678 -0.8198235076999003 3582
70 -3.3465314801501425 0.38236303824858975 2169
71 -3.789544588483175 -0.8977336915939654 3274
72 -6.373340744683495 1.1427546477256443 1365
73 -3.563815249020481 1.9803179630553882 2291
74 -4.102182678310981 0.3142282554543196 2186
75 -4.581074562683171 1.0681043887084143 3526
76 -5.283430423061773 2.3311793768226963 3782
77 -5.088407200466334 1.6003736345067512 4779
78 -4.003909400964336 1.9566819122508363 4596
79 -6.650023993227803 0.8170004983366757 4533
80 -3.9333665777619657 0.5140230201978337 4803
81 -5.574480017997376 -0.8888887839894899 3900
82 -4.203611640470133 2.285558884360127 1398
83 -4.90899514191012 1.8452490522365546 2806
84 -3.4162106452262133 1.4466526555024188 4262
85 -4.4021554254413 2.4679156799607997 3599
86 -5.80997322477042 2.3515851463051276 1533
87 -3.066977827380573 0.5921880632119445 1758
88 -3.4885534220857526 1.0942490101776072 4132
89 -4.694450557290407 2.3583396980984497 1881
90 -5.829840930403631 -0.27736215883964144 2965
91 -5.030399738344084 -0.3606332217107094 2879
92 -3.8917833307922987 0.034766604191078576 4833
93 -4.896840356829361 -0.4393297522335898 2830
94 -4.285529263447757 -0.6905654957286197 1027
95 -5.438220717537043 1.586708481142188 4689
96 -3.664467778943167 -0.12630120103539733 4173
97 -4.0445939889208455 1.82872057167649 1564
98 -3.5811637088762973 1.664869004130564 2436
99 -5.88338018994249 -0.7483512310837492 1112
100 -5.30673700728249 -1.1292032924463271 2803
101 -5.279316878579666 1.3728918158162813 4340
102 -3.1671355679350413 0.08650986865070807 1216
103 -4.402037020763573 -0.03810918233203105 3090
104 -5.182249551675503 -0.8779133339620704 2521
105 -5.720195398306336 1.96158428322604 4823
106 -6.39654739881444 1.3829059599324738 1706
107 -4.115661471068496 -0.21389270934174798 2917
108 -4.619949923975547 2.502567830462188 2776
109 -5.731769107880621 0.15748220408228186 2581
110 -4.2796398023168125 -0.22862768471247494 1723
111 -6.324097746065469 1.7665018911649855 2782
112 -3.98760167065515 0.7625424816953857 3490
113 -3.6021885004634453 1.8473352818891622 1064
114 -3.735396094586666 0.5621917761039434 4753
115 -3.6433006215686423 0.8508874028770873 1865
116 -6.8995842216761085 0.19648730537414308 2575
117 -5.583990424267895 1.0504667414753952 1045
118 -4.456275773108157 0.24946400353733533 2258
119 -5.283144514402641 0.8889691043883108 1559
120 -5.835145791132115 -0.3912721363642853 3805
121 -4.053461861593462 -0.5734947193807781 2880
122 -3.961141632029432 2.2677525306009105 4488
123 -4.073747905328311 -0.41257631095233643 1176
124 -3.7477550768806593 -0.6088025907021289 1940
125 -4.410544014736615 1.2723622609392733 4653
126 -6.242427397747748 0.5395107728495034 2808
127 -5.263975055936148 1.918929263684009 4790
128 -4.640327213154659 0.4835955386635605 2277
129 -2.7634724694259263 1.7695687450228998 1647
130 -4.372011342647302 2.1868358304706295 4672
131 -3.071881211659305 0.41816551698658033 4706
132 -4.320392619051823 1.6532882263237325 2467
133 -5.5810924363792624 0.5390088187704406 1615
134 -4.995240242414428 2.5031123481677047 2445
135 -5.955016169834656 1.4018581000746648 3724
136 -5.566302088306269 1.4686412968500657 4746
137 -4.797661252030658 0.9237791300932833 2286
138 -4.58621171126573 0.3079482301246067 3036
139 -6.011337342483108 1.7771221851241503 1511
140 -4.251022723082241 0.8538187746296437 1641
141 -3.44088007616532 1.6765871967550814 3542
142 -3.2318038327983025 0.6987043364458916 1776
143 -3.30766586822608 0.5886531875238917 2987
144 -6.242819829329927 1.3857810006796105 3335
145 -6.445694246595988 0.8391967121243594 2663
146 -5.632835676455887 0.8966928207481937 2593
147 -5.229717439959997 1.2100272768108382 4311
148 -3.5805126940051024 2.1534637147527764 2739
149 -4.10692519143028 0.08819722963581582 1768
150 -5.4780237920694645 -0.6933158015796635 3839
151 -2.8393605167697804 0.9075908685375387 2287
152 -6.452987324958531 0.47752589935993556 4357
153 -3.9535690902987235 -0.2012829025817104 1766
154 -3.22652221315931 0.3247605079814439 4061
155 -4.7149195540160225 1.597488478502969 3728
156 -4.278415590725878 0.35533213515318623 1018
157 -5.514801787843604 -0.590625990507613 1774
158 -5.882999560137125 0.6409646719345053 2721
159 -5.482489614992545 1.9314176175349886 3490
160 -6.274065541118718 0.2642788168784772 2174
161 -6.015873877522934 -0.567809060186206 2172
162 -4.212802817187064 1.903429833526723 4114
163 -5.231823539524776 2.4202648001535767 3612
164 -5.111027317591114 -0.17934117274870592 4742
165 -5.840539470196289 1.2910574453947925 4277
166 -5.397174059036028 0.5492115465247999 2842
167 -5.23413031180928 -0.535845650215314 3730
168 -3.2942905834069087 1.4783305827675752 2702
169 -4.144234636963157 0.49437162264684636 1930
170 -5.4223206904516195 0.22256743695254433 3910
171 -3.3221404786193607 0.8445757808537742 4811
172 -4.767245299804404 0.05671414238180216 4295
173 -4.841961697212731 0.6797896893553951 1339
174 -3.944427990032013 1.3057604380253083 4720
175 -3.1858354420885777 -0.39327671986197893 4600
176 -4.815122451675481 0.32430290909027687 1227
177 -4.863432711453172 2.712226346736997 2604
178 -4.223403273925098 1.0938199448756878 1633
179 -4.957126091509551 -0.5540866023769339 4638
180 -4.394328682018206 0.8864312585724854 2045
181 -4.9232129314409825 1.3171828975223503 3585
182 -6.225031590228393 1.5490786351997359 1349
183 -4.491691481220826 1.5227467756854267 2020
184 -4.709887001745067 -0.31592531022454884 1097
185 -3.610179638763879 -0.46438809293122785 1649
186 -5.946191422406219 1.264042914518924 1539
187 -3.8785911076690907 1.1385993099570044 2529
188 -4.17456581087728 0.6359603057035921 2847
189 -5.166177328521724 1.514199739531323 2164
190 -5.201231346257566 0.45623408015562084 3789
191 -3.990853814938134 -0.7930100563625354 2329
192 -5.497944193662944 0.3098845089541716 2993
193 -4.210343644311778 1.4765583443662684 1115
194 -4.978132073786234 0.3536889980633123 3252
195 -3.5669966402356503 1.4170269682481653 1162
196 -4.395560509264393 -0.9962692042230271 4068
197 -6.136968399288831 1.135639521796675 2952
198 -5.9753020440491476 2.034375905058178 3983
199 -4.939120127322989 2.1658257516801687 2320
endpoint1 endpoint2
50 96
13 108
147 176
2 78
59 131
106 170
178 194
56 101
76 88
105 165
37 158
25 49
45 78
88 154
146 189
3 147
95 98
103 115
52 105
37 54
5 93
137 173
107 190
25 58
84 102
38 110
39 116
115 191
105 117
33 59
52 193
72 74
131 169
7 156
12 41
55 197
20 89
82 165
162 182
164 182
40 124
24 139
46 182
141 162
71 90
115 132
5 173
23 194
9 170
63 123
100 109
119 176
16 163
52 127
130 183
57 78
76 158
39 106
58 68
27 169
63 96
11 70
50 151
61 74
16 154
18 178
5 72
61 187
137 192
127 174
111 159
169 183
84 115
109 149
169 192
27 174
7 122
28 157
57 192
94 138
22 40
15 123
17 37
54 162
127 198
63 176
83 155
13 49
107 154
144 160
134 165
143 153
0 153
168 181
80 87
7 115
194 195
52 165
142 148
128 136
37 66
148 187
7 128
84 163
51 90
15 64
157 164
50 94
68 180
14 136
189 190
8 97
85 125
51 133
76 139
22 75
25 136
11 109
47 177
12 117
16 112
128 143
131 138
22 58
27 45
31 184
52 83
61 198
86 182
13 35
72 182
43 58
51 138
70 175
21 84
5 138
50 187
19 34
5 27
103 130
130 146
50 80
72 189
43 51
8 111
33 121
101 143
68 88
56 181
62 79
172 174
31 174
93 167
111 184
44 186
65 91
99 164
30 140
42 115
5 13
66 109
47 61
178 188
108 189
112 184
41 140
45 119
140 192
1 98
77 136
80 185
64 131
0 85
60 183
91 133
93 185
28 95
122 174
143 195
57 134
83 108
106 183
55 146
100 179
103 166
79 137
6 22
147 156
90 94
7 66
121 170
69 74
105 177
86 125
110 194
6 9
82 86
74 121
40 41
113 130
23 160
63 89
32 168
1 117
95 135
22 120
26 119
44 45
41 95
80 174
9 102
112 164
65 143
68 140
13 114
147 170
118 180
63 70
48 80
53 92
2 116
81 152
38 147
77 172
67 106
31 112
4 37
67 136
51 194
72 93
100 192
154 178
123 161
178 195
56 102
49 57
13 19
86 134
125 185
34 120
45 77
46 165
143 191
0 167
18 113
113 181
4 44
80 117
8 39
28 186
32 189
16 39
59 155
79 197
12 130
31 102
105 173
34 115
35 99
158 161
1 183
8 95
45 70
138 181
32 69
140 145
0 190
146 181
4 43
25 170
8 46
9 160
47 151
36 81
92 150
56 133
57 172
8 189
101 192
13 180
33 171
106 157
112 113
150 184
105 150
85 88
32 92
168 193
44 121
47 156
12 82
4 161
106 132
38 191
60 136
144 179
49 189
90 156
43 110
7 141
16 155
0 101
61 186
63 138
137 199
97 142
51 182
33 92
70 187
0 131
28 158
30 174
68 101
128 178
62 80
103 150
30 57
127 193
54 163
41 174
155 178
62 178
45 170
14 49
1 12
27 166
2 37
93 100
153 183
29 178
197 198
41 151
82 134
107 146
38 51
3 111
25 30
62 181
48 137
68 196
51 132
14 56
18 71
46 66
55 176
93 125
176 188
12 197
0 74
13 34
144 159
17 167
25 144
15 32
128 135
55 137
2 55
137 146
29 132
60 171
17 152
74 91
97 170
44 188
140 162
165 166
168 171
95 165
44 83
99 190
128 158
10 94
89 178
81 99
82 115
40 78
42 171
48 190
114 124
98 130
44 74
191 192
16 102
35 194
107 126
110 153
20 129
186 188
87 187
92 166
77 135
119 123
3 35
28 41
118 160
73 180
75 172
153 157
42 132
60 62
190 195
69 184
34 138
21 112
81 173
26 109
121 169
16 75
75 165
41 85
62 104
10 114
40 155
138 158
85 186
75 124
4 48
29 88
32 169
142 162
79 120
13 143
6 118
31 138
127 134
20 54
79 158
48 194
50 103
88 142
14 65
38 123
95 126
32 160
34 156
94 162
131 180
22 112
149 189
51 109
61 156
10 100
55 105
24 184
65 135
140 156
14 72
115 179
67 139
142 172
73 80
33 152
52 108
15 24
71 143
6 96
136 159
34 121
15 137
21 178
25 55
90 128
39 121
21 35
4 45
22 147
3 149
53 173
9 15
16 183
35 149
112 123
58 139
158 166
108 143
21 187
23 86
138 178
109 168
57 66
147 192
25 169
30 186
52 195
72 76
56 134
1 80
59 147
4 187
8 190
84 137
13 179
36 161
130 186
77 86
133 159
12 186
86 145
162 180
127 186
1 143
33 65
43 104
30 189
12 83
73 75
148 168
9 57
119 178
156 184
37 38
20 98
58 157
67 73
13 61
107 174
17 186
0 30
40 101
59 118
45 183
138 164
51 176
159 179
90 157
18 91
1 49
5 148
63 98
50 149
55 164
37 94
22 23
10 176
16 156
40 108
113 199
169 181
22 191
50 140
4 144
61 65
127 192
133 138
6 71
105 136
91 173
3 105
42 180
26 138
62 179
120 150
48 147
65 125
4 8
44 103
68 109
58 199
5 23
52 86
54 187
58 182
63 187
83 162
66 182
161 167
40 90
97 159
43 199
73 150
0 146
74 185
99 179
117 197
12 119
16 114
142 157
53 147
56 169
55 179
72 111
95 199
27 47
132 149
101 125
110 133
116 161
28 117
97 114
103 188
34 78
15 80
24 72
10 39
139 194
50 78
68 164
74 88
45 148
67 187
166 198
121 140
69 84
34 73
15 89
112 131
19 154
101 111
88 172
28 75
48 191
114 125
167 197
95 173
80 196
119 125
103 178
68 170
93 190
24 197
32 133
98 154
47 87
178 181
114 141
46 132
87 194
7 54
11 51
70 137
3 192
98 149
170 173
126 176
81 196
137 141
139 145
15 180
0 46
35 64
114 132
59 70
24 164
88 129
93 176
20 144
70 128
83 119
5 102
102 128
20 40
23 77
79 144
49 101
9 138
118 179
11 190
13 142
51 103
42 85
112 166
59 84
13 112
4 56
69 169
36 38
149 188
126 165
77 170
5 104
136 153
87 113
92 124
55 104
24 185
141 180
147 181
93 155
4 39
32 184
94 170
131 188
4 182
10 157
47 112
17 69
130 169
1 188
40 113
60 108
39 120
99 104
9 189
28 180
29 34
105 113
2 68
119 191
77 92
158 167
15 145
127 188
37 132
111 141
41 193
24 135
59 123
64 110
135 198
46 178
62 148
109 167
128 175
146 194
160 165
35 157
56 118
133 158
83 137
108 135
18 97
146 170
21 52
99 150
171 190
12 76
4 163
8 166
12 35
52 122
0 96
19 115
63 143
182 198
8 79
120 137
171 183
129 148
57 188
103 155
33 187
34 43
51 81
86 160
97 140
65 123
48 157
89 109
146 156
57 84
115 151
26 51
57 197
6 181
64 172
153 172
0 126
54 161
19 129
40 197
60 152
63 189
83 156
1 145
55 66
29 110
85 113
163 165
2 176
168 184
96 128
70 195
37 79
4 152
172 188
27 41
31 188
17 19
0 117
54 184
112 159
135 146
157 161
23 114
26 146
134 147
65 117
32 122
89 127
1 27
173 178
2 58
93 123
167 174
173 195
10 170
31 165
89 166
17 20
35 190
23 26
6 54
135 139
107 141
122 137
33 101
121 138
12 111
62 75
176 181
31 162
18 149
40 186
79 182
82 118
139 197
85 155
32 136
53 115
110 124
78 101
43 69
25 159
99 160
59 197
10 92
31 171
34 70
198 199
20 21
82 113
68 172
164 194
75 82
20 132
40 48
62 172
48 176
22 83
81 184
44 68
124 167
126 135
36 107
59 75
60 187
28 44
74 75
39 161
44 172
9 150
120 186
118 175
69 180
14 26
73 177
1 103
2 111
149 167
79 111
119 196
15 57
17 103
41 105
5 115
66 99
3 37
45 109
28 43
66 146
147 152
118 166
95 146
48 61
41 82
137 140
67 120
89 139
88 130
143 164
90 93
95 155
117 170
10 112
125 171
110 193
133 193
68 128
118 176
9 137
48 92
29 86
67 159
53 80
27 96
83 127
29 199
177 198
41 92
66 76
87 123
15 133
180 196
25 43
28 48
32 51
71 114
67 132
1 67
59 142
100 196
29 192
103 121
13 134
38 150
58 135
5 87
30 97
91 117
59 108
21 24
98 199
51 199
149 196
156 173
125 197
15 26
135 187
10 109
37 154
111 135
60 109
11 164
12 46
51 125
108 122
19 100
24 25
14 169
59 122
21 42
148 163
162 178
127 164
15 153
62 156
45 188
159 180
90 144
0 136
152 190
25 176
30 163
36 91
119 140
156 186
51 75
63 142
67 75
105 156
3 125
24 150
46 189
159 189
1 55
169 195
44 115
27 173
30 170
32 197
61 70
8 174
37 45
58 162
61 183
64 197
133 143
0 23
40 110
45 174
67 193
32 109
51 187
50 59
7 118
11 115
93 104
75 158
153 179
52 73
184 193
112 153
76 119
61 176
155 183
161 172
180 181
65 115
67 198
101 144
19 24
59 177
167 176
84 175
160 194
34 58
54 185
144 155
110 128
134 144
45 160
33 99
141 194
22 79
47 189
34 194
37 119
167 169
61 81
27 33
119 144
61 194
161 190
72 186
18 42
45 153
28 119
87 169
145 181
74 174
1 19
93 194
83 84
101 130
36 102
37 112
9 92
29 129
19 151
68 166
91 178
188 194
11 14
76 181
168 174
101 139
47 67
17 116
71 185
98 121
6 33
45 122
182 189
24 192
21 98
7 83
94 109
34 94
110 156
40 56
24 199
23 145
118 172
49 193
96 164
149 166
104 164
93 94
0 41
25 87
14 115
35 42
91 153
3 181
44 164
9 158
48 175
29 67
101 166
104 171
47 94
176 195
2 22
86 126
56 61
114 130
45 101
74 122
190 198
9 135
7 41
73 162
22 101
149 168
46 111
33 138
53 199
2 17
24 62
82 195
100 166
105 181
31 142
34 107
88 138
70 110
3 163
44 154
29 85
177 197
158 195
147 174
95 123
118 136
98 188
151 170
78 80
174 178
80 153
32 75
141 178
143 178
152 170
11 81
59 134
27 113
61 146
107 188
21 32
118 154
48 66
52 199
67 92
12 190
107 181
55 120
135 192
70 74
109 165
3 159
43 116
7 10
146 192
2 93
77 194
51 69
18 189
55 192
139 173
62 157
90 145
109 158
39 104
171 176
50 153
34 191
30 51
51 74
17 46
56 127
83 144
67 74
127 172
0 17
113 195
4 118
138 163
91 193
1 54
117 152
7 137
106 139
66 163
91 198
0 135
57 90
96 139
26 49
7 113
56 158
128 182
97 108
20 115
79 165
157 166
180 182
97 155
11 26
21 77
25 138
44 98
124 157
55 183
94 118
59 176
16 141
90 194
18 48
3 83
62 185
122 140
73 155
101 152
12 114
41 115
153 188
77 112
25 122
14 148
17 155
120 167
140 167
52 176
93 114
41 116
31 172
31 61
8 20
54 97
166 197
71 184
128 146
19 46
75 189
59 199
118 125
15 90
132 134
25 68
81 103
83 186
10 45
24 193
33 117
51 159
2 146
114 120
52 134
126 133
6 142
10 69
52 53
60 181
117 166
47 80
80 190
67 117
52 60
35 92
112 180
65 191
45 107
91 152
74 112
23 169
44 165
7 51
54 74
1 126
26 110
121 164
11 133
104 172
88 102
124 183
75 160
77 188
42 110
133 181
100 184
10 119
139 146
60 75
82 88
96 196
46 108
47 102
71 156
19 74
155 193
137 187
31 137
112 162
25 32
90 179
115 169
95 125
99 118
34 129
149 176
27 98
52 154
126 161
31 118
127 130
147 177
11 91
59 128
149 185
123 175
52 97
137 165
15 140
134 193
65 155
146 188
20 168
3 144
32 187
129 141
104 136
51 118
108 125
76 86
41 76
10 107
15 149
0 13
35 97
96 113
21 190
25 59
138 183
140 151
43 126
44 128
30 183
32 178
151 187
15 109
5 71
63 154
67 95
164 181
25 60
0 179
105 127
131 175
119 177
179 187
35 158
133 155
155 162
158 173
107 173
17 197
26 189
9 172
63 97
104 110
5 56
6 190
31 194
16 153
64 192
18 196
62 133
91 192
2 189
76 148
22 184
80 95
169 193
7 136
10 188
9 38
18 172
127 199
10 15
22 192
62 140
45 172
85 117
14 51
33 192
142 151
56 159
61 93
76 113
136 166
164 169
55 95
65 113
47 193
49 162
0 159
58 80
44 99
78 134
30 37
185 188
60 146
107 137
144 157
17 161
180 190
42 187
62 190
45 158
70 174
0 150
22 77
95 178
124 149
75 142
93 120
98 101
6 154
136 197
10 169
89 171
18 153
77 111
85 159
13 93
107 142
87 171
54 111
74 172
57 108
22 68
101 128
36 96
59 193
6 157
172 173
3 51
83 180
106 127
35 57
40 76
4 82
145 172
53 112
76 183
21 103
22 95
27 128
37 103
75 188
125 132
77 97
62 192
35 62
75 87
39 165
27 153
126 138
71 176
77 137
47 59
0 84
114 142
43 150
165 194
67 173
7 74
119 193
88 96
130 198
54 146
25 85
6 17
3 183
4 79
120 196
70 141
78 125
121 171
46 106
12 14
61 140
9 126
106 192
89 136
125 175
15 176
43 132
49 96
113 131
8 49
48 88
28 172
81 160
8 128
7 184
83 123
117 183
88 110
102 132
1 173
25 39
45 92
3 165
4 61
118 183
11 178
106 163
15 17
80 164
