nnodes nedges type
70 100 graph
nodename posx posy weight
0 1.6574158373822554 -2.9517855780233324 3883
1 4.763574030826988 -1.0169426677307976 3016
2 3.093886783013505 0.07776647759066432 2098
3 -0.48307869124597863 -0.49413280029240075 2844
4 1.9645743964522506 -0.7762050977578969 2005
5 3.182661041590554 0.5884965093015128 1946
6 1.5821923111601803 -4.246255469490893 2104
7 -0.3787886742180638 3.0698592835523137 4301
8 2.078819624143456 0.31476518119381586 4848
9 -1.3011370102737108 0.5116350558094326 2600
10 1.964827729230322 -2.7667002356530417 1537
11 -1.0280237411827606 -2.63378589068084 2025
12 2.4315282665005347 -1.0944249603318235 4017
13 1.5155198126207137 -1.8479034841929662 2275
14 4.6876320989625935 -2.8522069053171757 3633
15 4.064702726974999 0.22611599222728626 1513
16 -1.7009671919385294 -0.20716665706193474 2764
17 -1.1354816033389685 -4.040274474723606 2628
18 0.772337008408789 -4.208360452077643 2980
19 1.1247538814672948 -1.371846724457171 4340
20 5.284199241703624 -1.577662440491157 3694
21 4.416305161763187 -3.893668052463004 1988
22 1.0751058910378293 -5.216609035073183 2523
23 3.266684313725049 -5.4662382024735 3014
24 -1.114377280084049 -6.002675553623085 2704
25 4.143561910208657 -2.278465663228389 3779
26 5.7651932684707 -3.0362836658571317 2413
27 1.618353074492729 1.5625032901293021 4000
28 2.6599274769318835 -4.15071730158739 1302
29 -1.3702626809919103 -3.4724559945749496 4570
30 3.896438459072429 -2.95624797436857 2269
31 1.590844841381773 -5.654146873766302 2041
32 1.7453656461659834 -7.440929722763018 4634
33 3.2157892996779576 -0.49907546338545394 4790
34 3.464267000555522 -1.7151223076153412 1237
35 -0.7360376309079781 1.2988084199041225 2324
36 3.5922999962491384 -0.6109385728648764 4821
37 0.893403441240845 0.12293543162985464 2858
38 5.289177870879263 -4.518569466084024 1436
39 0.46255062582235185 -3.6135539733375617 4123
40 -0.033845731200845545 -2.3874697024104536 1154
41 1.9570672238081568 -4.998703605790725 4335
42 -0.4561436278226846 -0.1501453412122355 1710
43 2.9703698946570856 -3.5252745619589247 4168
44 1.3754196680962278 -0.20768950565776007 1032
45 -2.0711916632753438 -1.2169214274299465 3357
46 0.024991320808741908 2.034503046925155 2780
47 0.6325895325167019 -1.3204245202896634 3105
48 2.7918477494598313 -2.7657422198357007 4963
49 3.4120415301894997 -0.9489655163402579 3792
50 2.719987393293255 -5.71753648963759 3350
51 -0.5972442540502576 -1.1014589745165537 2859
52 4.382656884229287 -0.24080728632648873 1411
53 4.619765623436945 -2.119892871468117 4246
54 1.032291473797136 -3.0015635552210544 2863
55 2.2452227772903277 0.9774015363483981 3427
56 -2.2398675551689595 -2.7689708335442806 3483
57 2.161653138110353 -1.5205232344053778 4563
58 0.959285497819535 1.0221047352745327 1158
59 4.043720721928532 -5.00057063813372 3901
60 -1.3435649574264128 -1.4743278154064805 2045
61 -0.1332886109815528 0.012331527897485385 3460
62 1.7568603509193708 -6.301765326905433 1622
63 3.431452456859224 -2.592026050387591 2698
64 -0.356451029654571 -5.105356743855431 2136
65 2.113337367761357 -0.24082855293744734 1488
66 -0.35260646379794736 -1.5372295658401278 4130
67 -0.31059685475728216 -3.4025701702791666 2720
68 0.26754442664002176 0.775007321626195 1968
69 2.7565603131556857 2.1189099905855553 3587
endpoint1 endpoint2
4 36
28 41
23 41
28 48
17 64
6 10
11 67
61 66
19 65
15 49
12 34
25 49
21 59
20 53
9 16
45 51
8 12
46 68
0 39
37 65
26 38
14 63
34 63
17 29
18 41
36 52
13 54
20 26
25 30
42 68
48 63
12 13
30 48
16 51
40 67
13 57
4 47
11 66
44 57
10 19
30 43
44 68
24 64
10 63
1 53
14 25
13 47
48 57
4 8
0 43
22 50
32 62
23 59
18 67
49 65
4 13
58 68
11 56
55 69
5 52
3 9
35 68
42 60
3 47
27 58
18 54
58 61
6 31
11 29
5 55
2 4
55 58
22 64
7 46
37 42
19 51
20 52
11 60
1 36
53 63
6 22
38 59
55 65
40 47
30 53
47 66
5 65
2 36
21 25
39 67
11 17
44 65
33 57
9 35
50 59
0 13
41 62
29 67
2 15
8 27
