nnodes nedges type
70 100 graph
nodename posx posy weight
0 -0.5534578315423957 -4.5255346129973075 1352
1 -0.5659848492083402 -2.7188408637431687 1170
2 -2.433785234893313 -3.2218816761807685 1156
3 3.1195693410081016 -2.1221619266582454 1742
4 7.082784186144816 -5.94108522565253 1624
5 -0.9662296978142904 -6.271848311787055 4718
6 1.2031598949096751 -6.154349681651164 2332
7 0.4725782493215436 -10.783017024163188 1349
8 4.090825756053487 -8.013370745641176 3138
9 2.921026997537356 -6.40732786534313 2863
10 -2.372954263779278 -4.118272281551388 3605
11 -2.275368732714101 -5.563993345295946 2468
12 0.3471880828725489 -0.833412503964124 2830
13 3.375826839781062 -3.328385962734122 4645
14 1.6389276893283797 -6.918559691439601 2455
15 1.5079658708318553 -5.297535312881508 4012
16 6.039829827692486 -5.773199847687545 2596
17 3.1795747874437224 -4.501908517382057 2206
18 2.4162184787988568 -7.77904863293023 3160
19 0.9531161012359141 -3.558266549837779 2325
20 0.9627708466936602 -2.400022753721702 1815
21 0.6801867094126393 -2.198920427768187 1324
22 0.8758327485374185 -0.9481709914808467 2742
23 1.7698533077312049 -1.6572375277957343 2948
24 -0.9494012202842166 -10.44975863093296 3346
25 2.395996491326129 -2.2805099036944583 4613
26 -0.011965337623275632 -9.745800568647697 2545
27 3.2907066190650265 -7.146258388119334 2398
28 -3.2959341702669414 -3.560172482966769 3790
29 2.2763964966329917 -6.194894471554864 4192
30 1.7421523999480377 -4.558413841936688 2131
31 -2.9184686835521987 -6.0975395266849315 4180
32 1.8246985958487227 -1.4328423921173998 4837
33 0.7238596381949414 -7.361309194336885 4499
34 1.1149277544719842 -2.8569023960671207 1985
35 -1.654433052636665 -5.718978682259071 2371
36 -1.0017425945924558 -5.252092336022838 2217
37 1.9135910253276496 -8.091329750364537 4204
38 2.197833055502296 -4.288361904735768 2960
39 -0.804574244051295 -6.660048959102412 4812
40 0.6101615637807861 -5.890529263439606 2636
41 0.024514933817933585 -4.910979693751194 4258
42 -0.025531901536781434 -6.243590708793733 4116
43 1.130682442682148 -7.429354855729439 3624
44 -1.2608655352464808 -3.6814214028790646 1872
45 3.789618933620214 -5.49442528642216 3584
46 -1.338795482990256 -2.2835800208186803 1916
47 -0.4076586091866042 -1.3455256729754168 3691
48 -1.0545798210786241 -4.910115020653866 1727
49 -0.08272129273723201 -8.246090260617082 3522
50 2.341118693756549 -3.1733486219539007 4142
51 3.9406680758916814 -1.3937734554604115 1128
52 -0.8024659289300259 -3.5315934008962877 1973
53 -0.5244880668844772 -5.562977382640311 2454
54 0.5127334449995862 -8.658096585894008 3408
55 -0.5524765197347975 -1.845318786108709 1160
56 0.3645607212232669 -1.7483521877901271 1693
57 4.952999736947532 -5.619830695118184 3288
58 -1.6961386017404858 -3.8937561191016803 3750
59 0.11932701802449314 -3.7476596787200247 4412
60 0.41592278578974795 -5.232834884445838 4941
61 0.4622848861338145 -6.0830600839898485 4630
62 1.295130427326943 -3.1555745428063577 4823
63 2.0418157354023947 -3.5555724698341282 3673
64 0.033531578881095744 -2.2993010988126756 1244
65 0.5153674420011404 -3.3579577322634897 1766
66 1.0633164495708696 -4.179992800593757 3831
67 0.16112853041375555 -7.218997699234617 1727
68 -1.8485104275035675 -4.626078571500804 4327
69 0.8506662130315792 -4.811929013236598 3633
endpoint1 endpoint2
0 35
21 47
44 59
20 65
13 17
32 64
14 18
3 51
59 62
31 35
23 25
9 14
41 52
5 11
26 54
4 16
15 29
48 53
61 69
36 41
2 28
21 65
20 63
6 60
9 45
6 42
19 59
52 64
41 61
14 33
10 52
16 57
46 52
65 66
44 52
33 54
6 29
48 68
45 57
40 42
19 69
33 40
5 53
17 45
33 49
23 34
48 60
35 39
1 58
2 44
0 68
50 65
36 42
25 62
0 53
6 61
14 37
20 56
9 29
60 66
46 47
13 50
44 48
59 69
0 65
12 20
6 43
36 58
39 40
6 15
19 21
30 34
43 67
15 41
1 62
3 32
22 47
30 40
34 55
30 63
50 63
3 25
10 11
24 26
38 62
61 67
34 56
5 61
27 29
14 61
3 13
40 53
15 38
0 41
10 28
7 26
21 22
17 30
8 27
2 58
