nnodes nedges type
70 100 graph
nodename posx posy weight
0 -0.918655694188372 2.7488337159820913 2007
1 -1.6948919395735569 -3.0706425727561615 1863
2 0.30222416104849337 0.6066868061114674 2632
3 2.677378269824068 -0.891190321903744 3873
4 2.0581453819314097 -0.970692329287845 3590
5 1.6380098166183268 1.2278908319183572 3188
6 1.2294270003766965 -2.2202918990769116 1392
7 3.1408253794401744 -0.37312852754256925 4471
8 -4.027156958597051 -0.13090344133062523 3696
9 0.32723796203364974 1.5392102580757243 4326
10 0.3014856626361515 2.619083571849159 4085
11 -5.131581004322773 -0.3033999890433435 2044
12 -1.6409459325781846 -2.2038709625315107 2346
13 -1.6681288502780036 1.4842751061506958 3146
14 -3.308835835204007 1.5742391832766145 4389
15 2.8268460816854235 -1.7778321597584443 1307
16 0.8169341334504215 -0.953784200609639 2563
17 1.021940162603827 1.3887141307808537 3322
18 -1.1719389476365358 -1.031784660250072 1953
19 1.8643239263793907 3.7438823268038597 1865
20 -2.811424227307989 0.2249754777806314 1262
21 1.735768705040733 -1.8922051486608398 3111
22 -2.22038945853324 -1.1296436494276267 4409
23 -1.1460797755703571 0.6584737124209692 3170
24 -1.0236587077682726 2.250271461989232 2570
25 2.947311081539048 0.9853049921271511 4174
26 0.7626972176349077 -3.486408400122405 2215
27 -2.2266735485645963 1.1301718549810387 2027
28 -1.1965885784090806 -0.6171338654157602 1099
29 4.000043535391355 -2.206466491469135 4436
30 -0.1133727163575805 -0.9407612742465429 1914
31 3.493570571089019 -0.8837320391366807 3967
32 -0.7644390014025114 -2.249752431548283 3794
33 1.5929272487592474 0.30706424211635497 3913
34 -3.072850736559201 3.157822079175887 1491
35 -0.11952901848281745 1.9165149555799146 1731
36 1.1061068414880115 0.40593323074038234 4500
37 -2.345354228813908 2.3443172407973982 4723
38 0.4938326570091603 3.4508737238555307 2326
39 -1.3040866575813432 1.9809858638942481 2402
40 0.09563178232287273 1.1526831925080676 1825
41 1.723515791213659 -0.24135163897908818 1378
42 -0.2844635450700504 -4.722712139777301 2565
43 -2.461027006587558 1.8896757497219645 4489
44 0.20872195699477136 -0.08805864640117825 3692
45 0.46422301427039164 -1.429299088145706 3877
46 -0.14995308643089666 -1.4984290235297797 3174
47 -2.2707726510817903 3.5827787015400827 3208
48 3.3569598698134864 1.9206744210260738 4196
49 3.3568248803548384 -3.1449700654632324 4511
50 -2.8033334130021252 4.574968907694356 3311
51 -1.0990050054699263 3.7795247347697503 2271
52 -1.2371245068310863 -4.517105369226323 2633
53 -3.2445063490043884 -1.8073563988577894 3676
54 -1.3687176593728516 -0.07700117121964063 4379
55 -2.2108017861807894 0.5857537620859327 3208
56 1.1919885648241 2.7199626171040774 3238
57 -0.3276261422403906 2.788908607514064 3929
58 1.1217813105302887 -0.5630130960744942 3427
59 -2.410943616346839 -0.14842968559751674 4634
60 2.616758230207985 -2.2610174656683366 2796
61 -0.46146146378342173 -3.558940043893192 3263
62 -3.27867966138558 0.518301855512354 2476
63 2.294783950796261 1.2430038063377151 4788
64 -0.06704004133355282 -2.2642023552264954 4055
65 -0.8453453778917012 0.45018923005201406 2215
66 -0.48783077869763136 -0.38667808717260493 4536
67 0.8194513588312797 2.0113920173533018 3091
68 1.4964944175752952 2.1967776415424676 1585
69 2.5113558763396733 0.18614986907045727 4956
endpoint1 endpoint2
30 65
54 55
2 41
42 61
2 67
3 69
40 66
12 64
23 54
28 46
59 62
9 36
7 41
16 44
35 57
35 65
4 16
15 29
6 26
12 22
18 65
30 58
5 63
13 23
23 28
4 15
0 39
25 33
47 50
4 21
67 68
32 61
30 45
30 32
18 66
10 57
37 47
4 31
48 63
36 69
5 56
2 23
34 47
6 58
22 59
5 17
39 57
34 37
18 32
20 54
3 60
27 65
14 37
26 61
24 37
52 61
43 55
27 37
23 59
4 33
33 44
16 36
17 33
51 57
9 24
1 32
21 45
36 44
36 63
10 67
22 53
40 68
15 21
5 58
35 38
16 46
41 58
54 66
22 54
9 67
16 64
45 66
21 60
8 20
56 57
3 41
9 17
23 39
10 40
13 24
8 11
27 62
39 43
47 51
14 20
44 54
49 60
19 56
17 35
0 35
