nnodes nedges type
70 100 graph
nodename posx posy weight
0 2.049555442804744 -1.131774732951712 4057
1 0.9107237421488413 -1.570056067882342 3472
2 5.174580425555497 -1.75616112743355 3813
3 2.0425367722883494 -3.618759374881599 4606
4 3.404067049128023 -1.746169799257814 3480
5 2.3758103146071807 -0.5351754615967961 1537
6 1.8232767833656085 -2.2426271794565062 3291
7 -1.4697473589511278 2.60330368360651 4680
8 2.638648702035765 0.14466752319455317 2662
9 3.4014038461085074 4.044615588432573 2582
10 1.1745049071873772 -1.2455068990062195 2586
11 2.7392337715482076 1.76939038998633 2865
12 0.6461871279829925 -1.2811075100652336 1050
13 0.7138229522430609 -0.5114154194983523 2168
14 1.3623176720397554 0.015787666815215987 2541
15 5.316227537471984 1.136799141572817 1267
16 6.213598049240897 0.13580259625489133 3494
17 5.03332223465819 -4.672986691769021 1418
18 4.030877715688796 1.2026219472397273 1234
19 3.4346096922225753 2.88363225219439 1536
20 3.3190229115229783 -1.9658975459294081 2281
21 2.5117607707117435 -2.165247510652905 2103
22 1.1533770994977168 -3.223875584706624 2214
23 3.7834365369106404 -0.04620234605578537 4931
24 3.983570397696847 -1.218516658341663 1768
25 0.8460480472665075 0.40648482754803544 4139
26 4.5115174296990155 -0.9516391032210059 4554
27 -0.2401572444741016 0.8813083963926209 3283
28 4.0031673408938255 -0.6088098734974228 4871
29 4.817290420625576 1.6878218370143991 1127
30 3.4627009740486963 1.2849711044903953 3114
31 0.32717142120917914 1.9775341051495017 1694
32 1.618473216291217 1.6090951485342821 1605
33 4.532055310304422 -3.640824954050084 4653
34 7.542237144821199 -1.5835911884243208 2529
35 2.651738482800039 -0.9419085933349118 2178
36 3.422793273026613 0.5342394677543418 4138
37 -1.2952234890895056 0.24339492644418453 3699
38 -0.39737094532152617 2.1413799630446944 2373
39 -0.7943974972523643 3.2446285668453587 4513
40 5.62638288062506 -1.038736889719474 2406
41 0.5198901133625103 -4.192633664129695 4380
42 -0.33603050393983663 -1.2707546173231345 1848
43 0.15501036467865253 -0.7046439031735384 4833
44 2.6475388206281427 2.875587115463173 1405
45 0.7108427128774107 2.5566894439452668 1880
46 3.1380965700357737 -3.491671078217637 2531
47 5.540319065970812 -2.69807930807682 4625
48 0.48583963949616643 -0.043835080503422275 2958
49 1.7817882278709312 -4.815275737829309 4797
50 3.633037124127207 -0.3484898027457938 3382
51 -1.4121019257693601 1.1122864331338476 4526
52 5.747539993434654 2.3351509881555 3941
53 3.616164580479183 -3.9735009465409266 4034
54 4.721858228543796 3.1338161998090466 2730
55 1.6493440963048707 0.46244933098458496 2623
56 -1.3476119436712455 -1.9484628143921214 1793
57 -0.6583203904701315 0.3684879179810114 2759
58 3.0546876242487047 0.6590898534705179 1123
59 -0.7904699530728511 -0.638434294941597 2905
60 1.791037072897195 -2.6055164346371615 3233
61 2.215833712077111 0.8154454064540018 4107
62 0.5188489252925459 0.7726847009645614 4095
63 1.783182540587571 2.4847324051428146 4146
64 6.426472850609981 -1.3972598967875416 3263
65 2.089853019494463 0.23816880854533126 1397
66 4.5817633854878075 -2.447109801889901 3164
67 3.6555901469592 2.0936727658836007 4347
68 8.595423128339622 -1.7464544733345204 2978
69 2.6384735169508104 -3.0691317804517735 3149
endpoint1 endpoint2
30 65
0 20
23 26
31 57
6 69
36 61
11 67
23 35
22 41
14 43
29 30
11 63
13 48
34 64
15 29
5 21
15 52
42 57
4 26
11 58
10 14
9 19
1 43
15 16
7 38
47 64
20 21
20 66
32 45
19 54
26 50
4 28
52 54
24 28
48 65
23 24
31 63
38 39
4 6
27 38
30 36
3 49
10 48
11 61
3 21
26 40
27 48
53 69
27 37
1 42
11 19
0 65
55 62
18 67
17 33
35 50
38 45
37 59
33 53
55 61
12 25
50 58
33 47
12 42
1 35
20 24
2 40
5 58
2 66
5 55
11 44
10 60
46 60
8 23
13 59
16 64
25 27
5 61
2 26
18 23
25 61
8 14
21 60
27 51
15 18
6 22
13 62
11 18
47 66
42 56
6 12
22 60
34 68
28 36
13 14
0 13
33 46
11 32
21 69
14 32
