nnodes nedges type
70 100 graph
nodename posx posy weight
0 -3.1835489867445093 -5.888156723786206 1689
1 -0.4601382694798612 -1.5489612797455854 4974
2 -3.3073498835889295 -7.662725253880864 2003
3 1.8820764759156186 -4.779670311747819 2591
4 0.32511830191661995 -4.690314433492349 2464
5 -5.380021252642872 -4.8223848425536895 1760
6 3.3442421423307183 -6.879119212060975 4889
7 -1.518575198305115 -4.016078861965196 1344
8 0.9798228730195621 -6.490771086470084 3225
9 0.4348238897462273 -5.51620427280961 3079
10 -0.8727092528902732 -5.393123139899877 1913
11 -1.7674376257628632 -7.701855503716322 4132
12 -1.9215599646294546 -4.495564593207732 4093
13 -1.043973810805296 -6.804613871628735 3560
14 -2.24430954175201 -7.377473985370636 3433
15 0.12102550938699227 -6.776505077733136 1220
16 0.5371039768435036 -2.862442573982065 4758
17 -1.3827492798569867 -6.139633388713748 2463
18 3.1830218377289032 -4.358765088388089 2761
19 -1.814630627095203 -2.6822384587130355 3181
20 0.31239854834697256 -8.209321705779312 3826
21 -3.3263933078175905 -6.631180253152957 4013
22 -2.1267017162670268 -5.627256718323625 4079
23 -1.2616827839204872 -0.5681011895444374 3404
24 -0.4910206433912687 -6.14373212917647 2821
25 1.3528531285413596 -3.5042712897877992 2862
26 -1.3897725555399725 -3.314189835234224 2284
27 1.623600001780595 -2.7788602406066163 1860
28 -3.9994035469473044 -2.903217185310906 1074
29 1.3812090478045298 -7.346972213221798 4683
30 -1.4349296702185868 -5.415731095204449 4527
31 0.00876983526193708 -1.212869566234401 1377
32 -4.213329882221311 -4.812105620622568 1519
33 -0.7126778824640093 -3.2464545399227576 2643
34 4.316900845952537 -7.449244447832841 1826
35 -2.6193921777539533 -3.4856162619615265 4938
36 -1.7202081336254367 -5.821141866048407 3417
37 1.308277989630928 -6.116771525873923 4009
38 0.2214445749188719 -6.890326212308193 3466
39 -0.4150070847826652 -3.6428465646677797 3149
40 -3.0121121421405137 0.5129388704301242 1845
41 2.345028337947508 -6.422710819578378 4518
42 1.280114540772293 -4.045841251604162 2833
43 -1.7000381902294495 -7.213668295660165 3313
44 0.8923495444083158 -3.9381050113070994 3297
45 -3.3699781100993644 -2.480245519780931 4805
46 -2.5747143954016867 -2.733497521607865 2291
47 -1.3991296283334838 -4.59430557830188 4291
48 -3.3454287070027875 -6.311093818015402 2693
49 -2.591452379069282 -0.5210377861254436 4647
50 2.3508723744906277 -7.830757269222219 4906
51 -4.1880901013971155 -5.9624711478295405 4763
52 -0.6875912244025076 -2.393422572467153 1963
53 0.20836695724320425 -2.6217176467085945 1802
54 -0.8359075088020809 -4.7354822058375445 1825
55 -2.3657821680878857 -3.3091297366619288 1240
56 -3.3632869129582983 -3.110292294594461 1283
57 -2.9884077791238814 -4.337820831010923 1068
58 2.985515863697088 -5.651468510831443 1651
59 2.459524286269965 -1.9850920013687057 4639
60 -2.304709942839538 -6.478079299726166 2145
61 2.4023597332498134 -3.9368929644222517 1524
62 -2.7746513010458087 -5.53340665105361 3685
63 -0.7940696233382228 -3.9014836397765915 1351
64 3.5936127434801883 -6.25243999315275 3740
65 0.5760650633200317 -3.689878427436038 2839
66 -3.47872697205921 -1.5826972752752295 1625
67 -3.6568610409704747 -3.5879792556520687 4521
68 1.8235404030312201 -5.33970620069471 4302
69 -2.887462580239731 -2.0680016879903373 2134
endpoint1 endpoint2
24 30
14 17
29 50
32 57
48 62
30 60
33 65
32 51
28 35
16 65
4 10
10 13
26 54
17 62
10 24
15 29
6 41
10 36
7 57
21 62
3 18
41 64
8 9
49 66
0 36
12 55
22 62
4 42
10 47
56 66
7 54
6 58
3 68
35 69
3 44
27 59
23 49
39 44
48 60
35 56
1 53
27 53
26 55
41 68
61 68
9 38
16 39
19 63
16 42
45 67
46 56
20 38
11 14
54 63
7 33
9 54
58 68
57 67
28 56
11 13
3 37
1 23
46 67
31 52
40 49
2 14
10 54
21 51
26 46
57 62
39 47
6 34
30 63
1 52
17 47
36 60
26 52
25 27
5 32
36 43
24 38
21 60
11 60
56 57
53 63
10 22
35 47
0 51
4 25
36 54
9 68
15 17
39 52
29 41
2 21
7 39
19 45
15 37
12 54
27 61
