nnodes nedges type
70 100 graph
nodename posx posy weight
0 2.7812551878679885 2.931205316468281 1951
1 2.5807162230130163 4.643370140707879 2249
2 2.2172980385405476 3.6870856509142995 3141
3 4.076402535841635 3.9871137009771864 4369
4 8.140585505245387 5.029833845173581 4156
5 6.605220819169509 5.414447529527802 1505
6 3.7769136203545774 8.176288751058289 4614
7 5.357645326668482 3.3879300096704594 2090
8 1.50622280146197 3.6924680338930167 1308
9 7.468028433667236 6.768964780311309 4476
10 4.946489146870117 5.820462602213012 4106
11 6.44478076447923 7.5233494298768075 3402
12 6.277080842668005 6.889475054047898 1898
13 3.4662656124945506 6.415173651191735 4429
14 3.8317920959784604 9.817767231858552 1585
15 7.361428978518357 2.953341733895811 1331
16 2.8429166366500054 5.887836282585569 4073
17 7.2307235791889966 5.438785432571698 3832
18 4.103524068722285 3.1506340933562083 3460
19 4.726481282963151 2.198462400527253 1732
20 4.513566270196513 4.948122735034507 2305
21 5.955064559694365 4.199021363631903 4028
22 1.1520735852081416 7.149155575147407 4080
23 3.765415143214474 3.7604166716782803 4169
24 3.0220797157000625 9.270994721773965 4631
25 1.6139155017429836 6.3236652983968575 2100
26 3.2758182732994725 1.9637383445933825 4826
27 2.0533972461277967 9.61839627656222 2340
28 5.449780653534244 7.528850210226806 3771
29 6.026840276260907 7.480582177522996 2187
30 3.363916712004916 5.281461107095339 3471
31 5.002460738731628 9.519029017569194 2155
32 6.4515140507406885 2.3806795682756987 3959
33 4.931301739744371 4.630307311818677 3275
34 3.232633582881358 7.325242482497903 4063
35 8.967595742430332 5.616063105432899 1611
36 6.249114984016038 4.79177213311962 4420
37 8.193756582361551 6.10016552922596 4665
38 2.11122195185243 2.2576624539493113 2247
39 5.9050119022107435 4.855693405610557 2252
40 1.0923734002451684 4.265265127522872 4693
41 6.789146884780671 4.0024710640644345 3288
42 2.264542878418215 5.43237568953564 1957
43 2.8646477997100463 7.576048688853748 1069
44 3.510183922159269 4.603080668844566 2599
45 2.8109634212252463 4.278954347733134 4232
46 2.5357541082512314 6.705779073532196 4884
47 6.286880356327764 3.3640311371250053 4463
48 4.699241196785104 3.1178500348336584 4970
49 4.7813513312720435 3.793047086333186 3066
50 3.9973736033943696 1.707187125329859 4900
51 7.328847822023884 5.046824731216423 3494
52 2.9311981723869427 3.808913060515522 2919
53 4.7321855005258415 7.281711510711863 4052
54 3.107252148801236 8.779543312866473 2072
55 5.7396263293383685 6.071172841013929 2591
56 5.825955162136699 8.740529069384916 4031
57 4.955375386814986 8.578991578277238 3155
58 5.036779224368473 6.2400929058393375 1424
59 2.3618798211039733 8.446499620632808 4827
60 2.5076487048241876 2.807826015458283 2023
61 1.503438678761246 5.460510240551948 4058
62 3.9838769724343024 5.651164116822136 2542
63 5.884944354072321 3.2751742474772527 1937
64 4.907598937890789 5.358190351421796 3516
65 4.123133449760767 6.149441389270238 4251
66 5.4906547763320495 2.4855854434965985 2078
67 3.433078167063873 6.777072291506094 2232
68 2.9125750268392765 10.455858212318565 1993
69 1.0236185594582514 4.519625357837334 1684
endpoint1 endpoint2
65 67
62 64
20 65
27 68
31 57
14 31
3 45
20 30
16 65
16 25
12 28
16 44
58 65
46 62
4 5
10 13
37 51
55 64
4 35
29 56
10 36
26 60
6 67
5 64
28 58
26 38
39 55
30 45
49 66
6 57
43 46
12 55
39 41
44 52
8 45
2 38
54 59
34 53
40 61
31 56
20 49
27 59
30 67
14 68
7 18
22 46
45 60
39 51
29 55
10 20
2 44
3 49
34 59
0 2
1 30
14 54
19 63
1 3
7 47
19 48
15 32
16 61
3 21
7 33
36 47
9 11
44 64
33 58
15 41
13 43
2 40
33 48
17 21
18 44
53 65
19 26
39 63
6 24
9 37
35 37
43 54
56 57
21 41
20 39
9 17
45 52
33 62
7 32
47 66
42 45
18 50
28 57
11 12
0 23
20 23
16 34
1 69
11 53
10 55
13 42
