nnodes nedges type
70 100 graph
nodename posx posy weight
0 2.5105837246049063 0.5022376812872548 1798
1 1.294530335518928 2.076261365063162 1702
2 -2.219420640211698 2.753353188820692 3023
3 -3.3636833941020816 0.8135916685705342 1781
4 -1.7064829710475777 0.487379655760638 1494
5 -3.174181369551686 4.715782097339948 3040
6 -0.40825507124083654 -0.9751830071146498 4392
7 0.28153519487664674 0.014009865063398838 1175
8 -0.9139586133827357 4.612318062912964 2544
9 -1.2899513076074176 -0.7210833922990483 4052
10 -1.195056879253326 -3.408072663359915 1605
11 -4.861252229396479 1.4007110995235004 4602
12 0.708385019337229 6.0692424361345205 1658
13 1.4612177302319473 0.24485308541424192 3326
14 -1.0447824529710579 -2.3225841759095176 4636
15 -0.8205086429213816 1.3410580375323302 1525
16 -0.5459880544114819 4.089952866929588 1292
17 0.3868243409536818 2.640366781481531 1981
18 -3.04265818395777 -0.06298316817831859 1288
19 -3.021915670843309 0.856428119808093 3475
20 0.4368237583942689 3.6988063003979623 3074
21 -0.401653852443598 2.324305708809783 4259
22 -4.090222786335171 2.7885857326321566 2743
23 2.4324861598204164 -0.6185850159851374 2892
24 0.5595610510459756 -0.3969803951003866 1024
25 2.53773693504949 2.524496855674743 1087
26 -4.472967953313729 0.11912973198543914 2428
27 -1.8549281021703847 -0.16963981928588512 2337
28 -1.0081674990338254 1.3754628317766535 1310
29 -0.48807198963952053 3.7619657690795485 1605
30 -3.514048309412527 1.4884882654548919 2385
31 -1.3601735888364013 -4.444181880571115 3339
32 -3.5139193372828936 2.13629302142084 4122
33 1.053825755904065 1.5447097939192598 2970
34 2.410815673838784 1.0624255091209363 2440
35 0.8252145200172271 3.9759221946093763 3942
36 -3.146806581975349 0.1633766094624814 4285
37 -2.5065682402149534 -1.2429420799365722 1114
38 -1.2180802211420922 -0.05305633113713095 3585
39 -0.6700605151660749 0.14913360079302837 1213
40 1.4836383361745595 -0.5055173783028918 4375
41 -2.900173718595974 3.6075599488525976 4913
42 -1.4884484043520152 6.76474903209095 1038
43 -1.5994815943408465 3.2920948893222617 2249
44 1.3227779919048253 2.8909873930974683 3920
45 -2.80996873548303 2.2744222129325395 1310
46 0.015794052553738388 -0.5425531420740666 2117
47 -2.0606149923112285 4.781091597946898 1915
48 -2.6552670939772995 0.2861349193614075 2325
49 -1.2096804441200084 1.9037167243562296 4362
50 0.1911907048829688 2.2787768088507527 2113
51 -3.6823088540388036 3.6666702343472086 1698
52 -1.0056274608424651 5.181516593038079 2681
53 -4.191982106580792 2.2076924934584246 3537
54 2.426192309579949 2.0243076656729415 4342
55 -1.1017412708780565 3.4952417625623364 3866
56 -1.3879507771088726 2.7202351380004695 4113
57 -2.0942041465903634 4.201758985860951 1026
58 -0.23945983457531983 6.6324702656735575 3031
59 -0.9208835830147003 -1.112282448099069 2215
60 -2.0801970897989515 1.0197957369845254 4064
61 0.09197567215268468 5.060669571774181 1141
62 1.1122940589747723 1.1096147642612821 1152
63 -1.964722606685754 3.391259907738183 1632
64 2.355321295511216 3.5927306348330865 4564
65 3.6508978188330183 0.29608312596142694 3622
66 -0.026358211804307953 0.9233212793363076 1038
67 -1.5544012180220614 5.070280126773863 2824
68 -0.9774964608879293 5.724079428856211 2534
69 -2.5511507088933265 2.678523906973674 3580
endpoint1 endpoint2
39 46
29 63
14 59
18 19
47 68
18 30
41 57
6 7
4 19
2 63
33 50
5 47
16 63
17 62
27 39
44 50
9 39
24 62
41 45
13 23
10 14
30 69
21 43
12 61
67 68
39 66
43 69
16 35
24 59
17 55
27 60
1 33
42 68
22 45
7 24
2 49
4 28
27 59
38 60
28 60
48 60
45 60
55 67
3 60
61 68
45 63
19 48
52 61
27 37
43 56
45 53
0 65
40 46
49 50
35 44
1 25
8 55
18 27
20 61
32 69
15 39
58 68
19 32
8 16
0 40
10 31
55 69
11 30
44 64
41 63
20 50
3 26
1 62
0 34
22 53
38 46
28 50
7 13
13 33
36 60
52 57
2 51
12 58
29 35
0 54
4 9
56 57
15 56
21 66
3 30
1 50
44 54
7 66
5 41
49 60
6 38
34 62
7 39
43 47
21 50
