nnodes nedges type
70 100 graph
nodename posx posy weight
0 -0.6093992500768712 0.6490444017623157 4382
1 0.6880330380764638 -2.23752240190349 1179
2 -0.7403058220442806 -2.7638114500356257 2808
3 -1.2896791952796545 -1.3625338514952592 3786
4 0.19102447842114403 -1.3103176214146406 2272
5 -1.5757529202405802 -6.243122126760907 3029
6 -3.848393333241454 1.5417086700312967 1227
7 -2.390338656131212 -5.118190430557578 1172
8 -2.2875030105278107 -0.18298064271244482 4930
9 4.770845169055214 -1.3675413036811834 3905
10 -3.3838289397267487 -0.8149895495835819 4806
11 0.537353901463866 -5.719334120239443 2896
12 1.3035342219624455 -1.9213217053386422 4626
13 1.028914805631792 -4.2639507972159025 1637
14 0.6241136682827784 -0.3829558737297523 1537
15 2.5874694842733006 -3.7844570951137015 4189
16 -1.862798594677203 -3.4800557902609692 4711
17 0.24784675580900023 -3.4001177023363507 1344
18 0.5377612071076668 -2.625648195548643 3438
19 1.7972683506090206 1.865942918469813 4289
20 2.908671217116846 -2.0153868299986475 2142
21 -0.29968754943933745 -5.901340656060662 4559
22 3.6803466865833747 -1.5035951561510281 4886
23 1.681299612726937 -0.8165214509979987 2184
24 -2.0252676138769434 -7.323715669152504 3320
25 -3.3298036632979464 -2.255698104906066 4697
26 3.361826167021439 -0.3576884428985595 2501
27 0.49183139301579326 -1.8350253877053913 3480
28 -4.322350235541568 -2.019129892377053 2260
29 -1.0054739618463184 0.8782677330235075 3891
30 0.12355836346429107 -0.5576606213115017 1462
31 1.5817203646233573 -5.430283887886778 3479
32 -3.0187435799746103 -1.7918642152037476 3459
33 -0.5217359998667802 -2.6181471798311042 3532
34 0.37311417987009254 -4.597005059252613 2234
35 -0.1659414155618133 -6.3093441792037765 3690
36 -1.4958251594799912 -3.700618679710219 2586
37 2.16939632983536 -4.328640438037 2306
38 -0.5386797227674721 1.9032082441466247 4358
39 -3.2616983774392208 -3.53429138754713 1575
40 0.17289502964796588 -2.860000395690366 2320
41 -4.100438480434152 -2.877320220219462 4954
42 -0.921388234243384 -0.3525181400256548 3776
43 -1.831956050263031 -2.2633228994476933 3557
44 -1.078461829250807 -3.1635567068126096 2415
45 -3.0405639932801063 -1.0412744414091082 3200
46 -1.8879173552227368 0.695255432760215 1617
47 -0.9962100278735393 -2.059257924774427 1546
48 1.104910621795961 -5.59934132776088 3944
49 -0.9395628691076501 2.127796463663259 2326
50 0.7389329032602087 -0.06896906869902678 1432
51 1.7210480698683743 -2.6251040411842115 4221
52 3.6430100690960914 -3.59626610413398 1332
53 -0.18658478366819334 -4.586931824527026 1282
54 -0.8201638871588123 -1.2993689804068813 4844
55 -4.369723037726019 -3.7290119826634505 3615
56 2.8538238379707037 -2.8444628065582025 4668
57 0.9036406293591774 -2.7465461402331406 1931
58 -3.1023837662965454 0.7287344558377149 4084
59 -2.038772587508584 -4.563108906225197 4598
60 -0.6248516000057405 -3.7774965158083647 4127
61 1.2961477394112288 -3.3949940036009916 2661
62 2.5976912498349334 -1.3058959505585224 3354
63 1.6227855667541302 -2.2216823284059037 2589
64 1.9479422146636152 -1.3700694576249184 4351
65 -2.7703198458590137 -4.3904098592993686 1214
66 1.2946418650580396 -1.4800072264404875 4532
67 -2.4048587932704883 -3.4941857354767514 1977
68 1.231456046891972 0.8278950507469364 3246
69 1.681804190865948 -3.9676814066705446 3587
endpoint1 endpoint2
57 61
28 41
1 17
33 36
13 17
4 66
11 48
17 51
21 53
5 24
12 69
13 61
28 32
27 40
0 30
2 47
2 17
15 52
20 63
41 55
16 60
39 55
64 66
12 27
11 35
17 34
22 62
39 41
29 49
33 54
23 63
8 45
11 31
32 45
33 40
15 61
40 61
6 58
14 68
4 47
8 42
27 66
33 43
1 66
52 56
0 46
5 7
10 25
1 30
8 58
16 39
57 64
18 63
36 65
44 67
11 34
17 33
8 10
51 66
26 62
42 54
14 23
7 67
23 62
8 46
48 69
20 22
12 14
29 42
19 68
2 3
25 41
56 63
44 47
2 40
32 43
13 31
30 50
51 62
4 18
3 42
9 22
25 67
14 42
18 60
5 35
2 16
18 40
36 59
25 45
17 53
16 59
0 38
33 57
40 44
4 50
40 63
35 48
1 61
37 61
