nnodes nedges type
100 800 graph
nodename posx posy weight
0 -2.4192130253368096 2.8883676442671096 25
1 -2.7896513546673907 5.649701124020534 18
2 -2.0589130883895916 3.149034453238952 2
3 -1.351198744777172 3.8745228451112634 32
4 -2.2834932358994817 4.854216102097805 79
5 -3.077185204045801 3.2227317983844004 27
6 -3.9914032008074387 4.348993385353455 55
7 -2.9484862165607346 5.416262390960442 41
8 -2.032076106811595 3.6209182132782485 69
9 -4.08022947373391 3.583196235296485 33
10 -3.473787981849392 5.055375657754127 41
11 -2.356222788368429 3.5822677197565653 97
12 -3.8070059926900197 4.842175757160293 44
13 -2.8090456038196527 3.7506176076900233 73
14 -3.1585653093212347 5.059598522687932 27
15 -1.1968630754880025 4.059950789611799 36
16 -2.209379455036499 4.569773809579903 5
17 -2.256057375668905 5.119488188434409 67
18 -2.883764801554118 2.8035318581901363 80
19 -1.5533419866345868 4.683201271566465 46
20 -2.515908527006944 4.778873022196519 41
21 -1.9369152389490143 4.519643882520706 78
22 -3.253581898651728 3.1183433927204645 8
23 -2.879611935169229 4.037211675602982 65
24 -2.7909272114442163 4.644311891947086 47
25 -1.5306189547081168 4.193230028863732 90
26 -4.132887100480211 3.7019548681774093 65
27 -1.2466500912215923 3.5166090934849596 94
28 -3.743792341455498 4.403921542764684 52
29 -2.035310666402233 5.355096223945954 45
30 -3.7329194278653928 5.195675608402995 90
31 -2.146427362001855 4.096971857761661 81
32 -2.831196469296525 4.369292258141975 77
33 -3.1486743491166362 5.3323037192712315 50
34 -2.399795601288249 5.44249623499894 49
35 -1.7011299756275258 4.227346425582518 4
36 -1.833206877732668 5.237532698627661 86
37 -1.1306372847196802 4.640718067517682 86
38 -4.096704675034468 4.919920145858681 70
39 -3.4788748256707587 3.7460601507143485 13
40 -3.2998829308242303 5.912564267495889 20
41 -3.5792645993384857 4.19655046650081 30
42 -3.234365258175511 2.8622482619784826 18
43 -2.8365138173693203 3.3167350825133703 38
44 -1.389898089585224 4.558392832335716 81
45 -2.364294833103875 3.9998369072439774 100
46 -3.065619668344914 4.237856888579805 71
47 -3.4857137954308604 4.625029294709384 81
48 -2.2223858778518832 3.4401805708432667 25
49 -1.890248159748917 2.9813998379757476 9
50 -2.0666281653800542 4.832765082602144 93
51 -4.085713892843859 4.01733481358365 55
52 -3.408795524850108 2.9149365472034328 15
53 -3.9117389748786264 4.091722284423203 9
54 -2.53387614551918 3.0517148702967156 100
55 -3.2569612900050213 3.4769726647197556 26
56 -2.8811755979715463 4.884218949608839 41
57 -3.743064591210693 3.5463042381963494 85
58 -3.7047514818086493 3.0448270868418637 68
59 -2.0340703384573957 3.7980432768972707 70
60 -2.5868994377400165 3.766509877418732 16
61 -3.3685725328287672 3.9610337187738964 99
62 -1.5720017858228295 4.902226764842259 38
63 -3.0471045449431755 4.539065544097674 37
64 -3.478767023415188 5.510244327473325 96
65 -3.288526163866852 3.676781981698651 81
66 -3.768379864469741 4.652618338210903 89
67 -2.7855773051671404 3.054570440250436 89
68 -3.1132631964657436 3.79866520650414 27
69 -2.3928317663653313 4.211504820052922 12
70 -2.771505632078691 5.081184038545663 5
71 -3.0890319663818566 5.543480827259164 75
72 -3.3272682109077247 4.4254313806077645 94
73 -2.3072006759566723 5.288181128581104 28
74 -3.5193964710322465 5.184369513498196 2
75 -2.628541652565151 3.376632122692785 29
76 -1.6413988317693908 3.6191708694940434 58
77 -3.692567495429407 3.296233518200933 50
78 -2.0408852747873008 5.663377568376072 12
79 -1.7908211808982368 3.392666683974327 83
80 -1.511241007266663 3.1741489364880486 34
81 -3.2965102374028965 4.683242266157231 88
82 -1.7285816543991166 4.013195048340279 96
83 -2.5837298465263365 6.3073928198161715 75
84 -2.1460796347658335 3.022436835139768 90
85 -1.6441984765942397 4.496238217991442 33
86 -1.2957917387936706 3.6810196440514633 25
87 -1.7308036693567743 5.532367883225451 84
88 -2.4998298002890498 2.7869597108122406 71
89 -2.643672734810506 4.087850114336794 14
90 -2.545544522365036 5.172293137085669 77
91 -1.6097093011665982 5.181273232642047 84
92 -3.7924017320214647 5.010791359480108 54
93 -2.6214552730594223 5.469622386732258 82
94 -3.3926188622139857 4.207320527943924 22
95 -1.209365280948027 4.282467014639726 47
96 -1.7113454316130088 4.949409944671538 38
97 -3.7587218341332886 3.859430672831419 28
98 -2.614220361701021 4.526732474739845 83
99 -1.7956474916388558 3.6178474060748598 5
endpoint1 endpoint2
35 88
50 96
5 31
12 78
24 92
39 70
36 68
37 82
54 58
31 44
48 86
23 26
6 54
73 82
51 74
41 57
29 70
40 66
6 72
38 40
20 75
76 88
5 84
1 28
67 80
49 58
22 65
78 98
43 76
7 98
18 86
60 81
68 92
8 87
94 98
32 77
56 58
59 71
25 91
57 59
37 91
0 67
29 37
73 91
4 73
17 39
79 85
61 63
42 57
8 18
30 69
13 51
28 77
45 54
67 89
21 90
22 88
14 50
16 97
35 70
24 33
20 47
3 17
68 97
6 14
82 87
47 49
22 45
20 21
11 72
38 64
81 97
10 47
15 70
41 43
67 94
56 89
0 5
14 53
64 98
35 79
0 59
71 90
70 98
11 65
20 28
4 63
34 59
7 34
31 33
48 81
29 81
42 43
23 31
12 32
11 61
20 96
24 99
38 55
65 75
7 73
33 98
12 20
13 25
22 76
85 98
33 68
3 31
25 46
4 24
35 90
3 37
62 70
82 99
4 38
2 82
52 88
48 72
9 60
4 76
31 52
26 70
55 82
14 29
12 53
15 24
17 70
16 86
78 96
2 25
50 63
83 87
14 41
46 73
3 4
71 72
4 7
26 52
13 99
5 6
20 34
9 67
60 73
25 89
2 45
34 77
5 32
29 35
11 85
12 93
6 47
73 89
36 43
10 34
54 85
7 46
31 61
63 93
78 95
35 54
16 62
90 93
54 79
17 63
65 69
31 91
44 49
42 65
45 52
51 97
22 94
9 98
21 66
87 98
48 96
3 19
82 85
45 95
8 47
61 92
20 23
9 46
51 90
7 39
16 53
8 27
65 94
18 55
24 30
10 17
69 90
14 93
70 78
60 95
1 56
34 95
84 85
22 58
11 67
6 25
39 69
32 41
22 28
11 89
35 36
16 44
75 77
53 89
6 51
17 41
28 93
18 46
74 83
5 77
53 67
65 73
19 86
11 21
66 71
15 59
58 88
56 72
44 91
33 90
68 81
60 86
21 62
43 97
30 45
73 76
8 35
13 66
11 94
29 40
16 35
39 88
54 80
78 90
26 68
42 58
25 98
12 55
4 84
64 92
65 66
19 95
0 21
92 94
45 57
66 94
21 93
13 16
43 64
14 47
46 79
47 71
19 43
57 63
72 97
5 46
3 50
39 81
10 32
15 69
13 85
78 93
11 45
9 13
3 67
15 99
30 73
38 57
40 83
45 50
49 55
64 73
17 87
31 99
11 25
44 73
5 99
12 98
2 8
5 13
48 98
3 21
70 85
71 89
1 37
47 61
26 39
5 23
33 63
30 33
51 92
41 47
79 94
53 94
54 68
1 72
31 66
11 56
14 23
40 90
4 96
17 72
39 53
56 93
30 90
0 25
14 57
18 68
1 4
16 92
34 99
68 84
51 52
86 99
2 61
35 89
34 93
14 69
24 91
8 62
5 58
48 85
26 81
35 38
24 65
27 69
38 81
30 50
4 65
61 77
73 83
0 97
31 75
29 71
11 49
74 81
52 97
17 65
64 71
67 75
31 81
43 60
41 75
7 69
10 96
1 29
17 91
49 59
43 77
46 74
18 89
19 36
2 52
26 41
32 76
22 51
70 89
62 74
59 68
9 94
1 41
95 99
8 37
31 42
48 76
11 80
26 88
36 40
54 86
2 72
17 32
9 10
42 56
16 59
28 76
0 23
7 66
48 49
69 74
49 60
58 97
13 14
43 66
0 13
33 81
90 98
3 8
69 84
16 96
2 15
46 55
71 98
23 51
4 41
54 55
45 98
23 41
10 46
5 54
20 88
44 45
77 89
47 96
45 48
22 82
19 76
7 81
5 97
12 28
18 75
27 28
8 68
15 49
45 65
5 11
71 91
27 50
60 92
10 70
45 91
34 64
2 32
33 61
30 39
10 41
2 90
15 76
29 82
26 84
79 88
6 60
4 68
10 51
8 31
50 90
13 38
12 61
53 70
43 57
64 66
14 63
18 66
16 94
15 62
66 72
19 59
85 99
46 65
69 96
51 54
15 36
80 88
34 91
2 59
50 97
5 30
59 65
21 27
36 69
54 59
8 32
7 24
0 77
5 56
32 45
6 55
72 93
10 58
0 99
13 95
18 42
3 89
12 52
67 77
64 89
13 57
88 99
69 79
21 80
44 87
20 59
3 5
10 72
60 82
85 86
46 50
3 43
1 47
57 58
75 96
21 36
25 90
8 39
7 17
32 36
55 59
11 82
3 49
39 84
60 63
8 13
50 76
31 50
78 94
79 84
26 64
61 62
75 92
40 74
43 55
19 99
77 94
6 90
69 72
66 90
16 76
21 89
35 99
57 89
8 95
19 47
80 86
32 69
20 40
59 95
1 32
57 67
82 84
45 96
19 21
7 14
29 61
61 93
9 47
23 43
6 33
21 23
72 75
36 81
2 65
52 75
7 36
27 75
53 81
28 69
76 79
24 29
14 16
5 69
44 69
7 83
1 7
5 9
46 60
10 68
57 68
23 74
28 55
80 99
35 84
25 78
81 89
6 24
52 82
31 32
48 82
51 70
50 88
28 92
20 97
40 94
53 68
65 74
13 62
20 79
44 60
19 87
68 74
16 80
22 77
93 94
2 31
0 51
23 67
25 45
80 90
32 73
22 60
63 99
12 73
27 35
39 67
21 25
86 89
36 71
32 47
55 60
48 73
24 69
39 89
88 89
50 83
78 85
29 67
3 91
15 27
22 98
31 93
6 97
23 98
58 98
49 63
56 78
13 17
14 46
39 98
94 97
71 97
1 45
75 98
6 10
34 74
8 41
7 19
29 34
61 66
2 68
63 92
75 94
12 45
4 82
30 72
28 72
76 82
18 61
48 53
32 97
33 85
12 97
1 12
23 81
85 93
32 71
27 49
10 91
19 23
34 69
35 81
87 91
22 32
11 77
29 59
33 56
23 37
38 71
34 63
8 54
15 67
31 37
22 26
11 35
7 38
42 47
6 57
41 50
13 41
7 60
18 52
24 31
55 89
16 69
21 96
56 92
0 24
68 77
21 74
22 72
37 96
44 93
89 99
46 66
70 79
69 99
57 74
23 68
73 96
4 28
86 98
34 92
0 84
11 66
53 55
27 44
25 76
23 34
36 90
37 84
8 61
63 66
75 76
51 72
10 63
28 94
11 62
6 74
53 66
56 99
44 62
7 74
12 23
45 63
22 67
32 85
33 89
52 61
32 75
98 99
14 79
59 69
4 33
37 93
54 63
55 62
11 81
2 75
41 60
31 49
78 91
42 59
6 77
44 53
42 69
69 75
19 68
7 89
33 82
14 44
47 70
57 84
46 54
53 57
23 48
82 89
87 92
8 43
32 56
5 45
36 86
8 49
31 62
11 44
12 47
8 23
28 74
20 95
47 97
10 21
16 64
64 74
56 87
39 63
46 87
64 96
43 94
84 99
44 96
70 74
60 67
80 96
37 79
93 98
0 95
7 10
30 38
1 85
10 40
17 19
7 32
9 53
18 24
4 91
41 48
13 39
50 93
24 97
55 91
67 69
15 17
56 94
41 65
12 26
21 72
19 56
34 96
8 80
86 96
