nnodes nedges type
100 800 graph
nodename posx posy weight
0 0.7468884104068105 3.5248837325179534 33
1 1.4965253656439563 3.534083950470399 21
2 -0.7267002557649137 3.3245937305045508 87
3 0.007107121046218017 2.8355190785266364 14
4 -0.6372683397994896 4.775732630649065 48
5 0.9123624522132564 2.817905075619214 9
6 -0.19185218384652908 2.186392185709215 35
7 1.062106179265751 2.4334679527752425 66
8 0.3388122274537934 3.169217995935321 31
9 -0.401741430560511 3.0845252551382343 58
10 -0.520697792938216 3.456664331310627 6
11 0.6650140634601717 3.2899409987402595 20
12 -0.6086590866327583 3.8335460691385856 39
13 1.0062811455232168 4.219263321751092 96
14 0.44468977078168037 3.3294486000008012 7
15 0.0712812989180655 4.95086554589042 42
16 -0.23900169383340442 4.616038357148829 7
17 -0.11822026065760055 3.5295073310669918 96
18 0.09976069840916972 2.4382874664227163 28
19 0.0041740452962643615 4.214097149289346 91
20 0.14618108311607067 5.221671802240379 13
21 -0.5952953802676765 4.561366500651842 67
22 0.8979119721245493 4.799065010723925 78
23 0.6709737927713695 4.311285110884633 10
24 -0.3610069483221832 4.3914276904713825 61
25 -1.0195254478258788 2.7205078632700213 66
26 0.016468237084875367 3.398630569103847 3
27 -1.2743278841503936 3.918445364352413 93
28 -0.22421061070764586 3.3521424954952623 45
29 0.19314152586661165 3.99249741560416 92
30 0.6165131992816782 2.456721225498425 50
31 -0.27306634608193747 4.7551933239936615 75
32 0.8056667731785343 3.274324002303579 31
33 0.9369567468806439 3.1563495531029195 75
34 1.3902061323915917 2.7175860582651463 98
35 1.4587221482805548 4.5558905491379695 44
36 -0.06906897212986338 4.605484620128525 12
37 0.10450364618657389 4.693474609332969 11
38 0.2806576184944675 2.675046255408319 80
39 1.1866418088134574 4.544056557042482 31
40 0.5072762631936782 3.728022087075413 33
41 1.3904967253896803 3.3693523579526956 27
42 -0.9113116359671076 4.305676530672338 39
43 -0.9935053144815456 3.4496397547772486 20
44 1.30943805096916 3.030411193122647 70
45 0.3452834049258149 3.561882880718391 26
46 1.8601210338361032 3.9422246145318307 12
47 0.5004586111986344 2.196182471713439 38
48 1.1326098840681007 2.8144841276550903 48
49 0.2953426355858901 4.568432174468802 95
50 -0.4627352631267191 3.6824074512290608 19
51 1.8442036135830913 3.6205629166789093 21
52 0.7738957467396206 4.532064218230411 22
53 1.0169218612843158 3.9329491875615594 46
54 -0.3562499320355378 2.3146494366566577 48
55 1.213507988993319 3.3373679194154726 14
56 0.27758440204446716 2.2405077618118057 41
57 1.4637198514253043 2.9029091997173118 35
58 0.18626861368592107 4.312707125901061 52
59 0.8002076354890542 3.920061968468123 89
60 -0.5837771694059543 1.9811654607562295 40
61 0.7108007670470451 4.834756753010802 12
62 0.7877371258848933 2.566563035664345 33
63 0.1479037012515188 3.798139046485497 96
64 -1.2228094513443557 4.032780178114047 25
65 -0.3671773112211691 4.000055173975353 78
66 0.5708996346487287 4.063229760334149 45
67 -0.05376915616248058 4.053267702352967 29
68 -1.1654949088910347 2.8920644437860483 60
69 0.5361663302841165 4.911936013580636 15
70 -0.6695700748531372 3.0372588196356585 23
71 0.08768860445736744 2.249543585709665 61
72 0.5175742619365863 2.3878652687428135 43
73 1.4350438146983275 3.7270076161044443 74
74 0.7831872136631911 2.2505237029366816 22
75 -0.6165875016613795 4.371177891190903 59
76 -0.6196646602343103 4.0887745257164685 72
77 1.525077288236032 4.150209724563956 85
78 -0.16957969431148234 2.5166432699023122 71
79 -1.1398418535448314 3.3427610529544585 56
80 0.46192726025985387 2.9207861512638518 17
81 1.2576284370037591 3.952096678544695 63
82 -0.9872382803007098 3.122606461686716 95
83 0.67593134591918 4.639882089201857 89
84 -1.4218096443340547 3.6187611389595604 31
85 -0.3991558307429571 2.9755669932977855 24
86 -0.6276372885540898 2.8871285499211568 9
87 -0.9711878917646369 2.545324200150243 62
88 -1.0515938691083826 3.675536856574079 21
89 -0.8737225601252577 3.873337598080004 56
90 -0.5670323262383437 2.6543235126642073 49
91 -1.0585264648793518 4.191522681719409 29
92 -1.2927227071718073 3.077904310222203 60
93 -0.556408460840723 2.336059165790492 44
94 -0.8315984225087674 4.507126461526757 74
95 1.5478536315604512 3.122775870392956 5
96 0.02186695515685555 3.0965389630850813 6
97 0.07845196819555947 1.946107506621035 53
98 0.9146712682049118 3.717185736882371 44
99 -0.35507825958791467 2.499533289768249 79
endpoint1 endpoint2
26 47
22 57
12 78
59 78
21 28
36 68
29 44
33 41
51 74
34 46
50 84
13 32
28 88
78 86
7 55
5 74
6 72
14 31
3 86
38 40
30 66
39 45
42 88
45 61
49 58
17 90
65 96
7 98
33 95
20 58
62 97
19 39
85 87
14 77
12 69
53 62
3 40
59 71
10 85
9 93
36 67
37 91
15 83
48 77
29 37
54 87
60 62
52 67
8 12
7 44
79 85
26 67
40 73
6 67
17 57
19 96
44 55
47 90
17 83
56 82
41 85
45 71
2 12
3 17
27 60
10 92
6 14
82 87
87 94
32 58
3 55
25 70
6 32
16 29
17 24
14 96
29 88
35 61
9 50
75 82
40 48
43 45
13 44
44 46
47 99
6 92
10 19
28 98
11 26
5 96
18 72
19 53
43 80
0 59
70 72
9 79
60 93
18 98
38 97
45 90
37 77
4 17
26 34
80 98
28 54
11 65
62 95
4 63
34 59
8 58
7 34
13 75
5 62
9 59
54 91
1 77
31 79
31 85
11 19
40 99
44 89
0 50
92 99
68 87
60 84
8 82
21 48
2 56
6 18
30 47
86 88
82 99
27 70
33 47
38 84
35 49
55 82
67 76
15 24
67 82
50 63
14 41
71 72
59 99
45 76
94 96
0 47
56 60
14 83
70 92
25 89
37 89
58 62
22 40
23 45
1 95
52 77
28 81
26 65
40 75
36 49
31 91
37 52
42 65
45 52
16 77
67 91
21 88
22 94
31 97
24 61
14 48
33 86
69 81
25 56
15 53
48 96
3 19
23 76
87 88
8 47
5 41
24 82
6 38
2 94
8 53
63 90
13 80
26 72
18 29
12 43
54 70
10 55
1 74
8 27
7 61
49 80
17 48
28 70
37 61
14 17
5 68
20 65
79 96
42 82
60 97
8 71
15 50
22 75
0 61
96 97
1 56
22 58
5 18
16 22
6 25
39 69
21 31
34 57
2 89
31 35
54 89
36 39
17 41
50 89
78 83
40 95
67 73
19 86
41 69
48 56
16 81
30 97
65 99
11 98
18 91
51 59
60 86
10 76
26 43
32 74
22 61
59 66
10 86
25 86
30 45
36 64
54 62
52 90
76 96
27 88
54 80
49 66
50 80
63 86
35 51
75 88
38 44
36 52
17 68
64 92
65 66
39 41
44 52
76 84
42 68
22 69
19 69
56 79
41 80
55 96
18 82
84 91
52 59
9 65
72 97
28 60
32 39
7 18
62 81
73 95
50 75
11 45
64 83
65 91
31 69
20 94
76 83
24 63
12 98
25 62
23 80
58 84
21 64
8 66
85 92
14 88
9 74
21 42
45 93
5 23
33 63
24 84
72 78
30 33
1 86
2 92
79 94
26 86
9 54
40 52
53 94
54 68
8 29
29 78
14 23
38 48
15 22
8 99
30 90
17 72
20 67
41 66
17 98
43 84
70 76
71 86
4 29
86 99
32 53
23 61
4 59
28 40
2 87
15 75
7 30
8 62
36 91
29 45
75 79
23 27
73 83
40 59
1 65
65 85
28 95
11 49
42 49
14 30
6 75
3 87
11 23
44 63
12 16
1 29
67 81
70 71
62 96
10 74
1 55
15 35
80 93
84 94
43 99
56 57
53 63
12 68
10 84
36 66
86 92
5 35
2 72
50 78
78 88
29 64
25 96
12 49
37 55
0 23
41 76
67 86
50 59
55 98
1 8
15 40
45 72
2 15
46 55
62 77
25 93
47 54
86 87
37 69
28 62
32 57
7 12
3 52
81 98
30 60
2 67
17 25
5 54
16 50
53 83
49 83
28 75
20 88
38 63
10 18
25 26
16 65
19 76
7 81
0 4
12 28
19 50
0 58
24 39
70 75
9 72
4 16
2 32
93 97
26 37
22 39
5 21
68 85
33 61
9 82
27 40
24 86
52 80
79 88
29 82
23 28
6 60
3 74
72 86
54 90
31 76
24 98
3 80
39 55
47 87
30 98
85 99
32 81
33 69
71 80
25 47
4 31
11 71
29 49
59 65
23 63
81 92
28 42
34 53
61 75
35 40
16 32
38 87
40 61
4 67
17 45
7 54
63 85
41 56
29 69
40 67
3 89
64 89
31 83
30 67
17 89
7 93
33 94
20 59
68 93
10 72
23 94
60 82
59 96
45 77
19 38
53 61
9 92
10 82
25 90
57 58
82 93
28 33
29 36
12 92
27 92
38 78
36 42
10 37
52 76
28 80
53 72
10 15
2 96
49 88
65 70
37 53
48 51
40 80
17 82
22 89
46 83
90 96
9 99
15 42
8 95
45 70
35 73
0 37
24 34
33 73
59 95
10 93
47 48
4 43
19 21
97 99
40 43
30 34
29 87
26 75
18 28
12 42
36 63
17 49
49 81
13 43
8 26
24 29
47 98
45 46
10 16
66 85
17 75
56 90
79 97
83 98
66 79
8 70
33 66
70 73
71 85
25 36
19 26
2 62
14 70
70 99
23 32
0 72
22 31
63 64
9 58
40 56
36 38
54 88
50 88
13 36
28 92
78 82
9 28
5 78
67 70
31 84
56 97
11 18
76 92
33 97
58 91
30 96
19 61
44 90
11 99
3 30
68 80
8 83
26 42
13 67
63 73
41 62
28 91
11 53
26 71
74 93
40 69
13 55
65 67
22 98
44 59
92 93
5 81
16 87
19 66
43 65
44 81
58 76
84 90
26 53
62 78
60 74
25 88
10 80
62 80
27 94
4 52
16 63
40 76
3 64
4 82
13 48
9 16
51 96
39 61
22 95
56 85
44 72
0 1
33 85
23 81
21 65
45 68
43 92
32 71
46 59
47 50
2 37
26 38
0 93
48 71
29 59
23 37
7 38
50 69
11 35
38 89
6 57
4 89
7 60
31 67
28 71
21 96
11 31
53 99
17 99
19 54
43 85
0 62
46 66
70 79
71 87
96 98
10 66
57 74
51 53
26 33
20 31
3 33
24 90
25 76
73 74
30 43
34 54
32 42
22 29
35 39
27 66
6 48
40 58
17 40
28 94
11 62
18 47
74 80
19 89
91 94
88 96
21 83
65 98
13 22
2 29
0 53
24 50
71 76
8 85
21 61
19 37
26 40
14 79
25 85
6 17
37 93
34 49
29 39
13 91
29 65
26 69
42 59
75 91
3 93
8 16
30 71
13 53
39 40
11 13
12 14
66 95
56 80
50 58
14 44
21 70
45 73
36 98
2 14
43 89
32 66
22 53
9 64
1 35
23 48
47 55
34 72
7 13
0 88
32 56
11 86
12 88
25 64
16 27
30 63
11 44
6 68
49 92
30 78
65 90
15 98
24 26
42 76
47 97
55 66
38 62
51 98
64 74
56 87
30 80
44 74
0 3
42 86
14 55
5 98
3 14
8 67
21 79
43 94
85 91
32 89
33 77
46 57
70 74
5 12
9 73
1 36
38 99
0 95
29 57
11 79
3 58
40 47
17 19
7 32
50 67
48 95
79 89
29 83
9 53
42 45
38 95
72 85
36 59
4 91
49 85
50 93
18 50
15 17
11 17
14 62
40 97
66 75
43 87
24 45
20 51
18 95
57 72
