nnodes nedges type
100 800 graph
nodename posx posy weight
0 6.450173787680682 -6.643781258554841 60
1 6.082287534435387 -4.4317350940149645 50
2 6.929582321515399 -6.224737006342376 81
3 6.2517454424508525 -5.056700312440651 91
4 5.795619349593089 -5.727947303186171 1
5 6.860182704369841 -5.086233011716905 90
6 6.505307516086087 -4.797587922316941 76
7 4.856275981272374 -5.100881475620595 48
8 5.728129430418782 -6.40218016536912 3
9 4.826823543438374 -5.5565158054731425 46
10 4.785555638825991 -6.449566557961876 2
11 5.522988886594747 -6.099610686741284 3
12 5.336523959707611 -6.797717351411389 4
13 5.3478863252541435 -5.382744578798024 29
14 6.913610551281477 -4.485423242765314 42
15 6.709223627283842 -5.44227762669926 98
16 7.075912272042882 -5.520604817433695 30
17 6.458438857595233 -5.48948219751806 13
18 6.052383127480076 -4.804747021511475 16
19 5.5140174621054525 -6.877545206404151 23
20 6.423999415931505 -6.880859012996727 44
21 4.913870156046435 -6.1229210319706855 93
22 5.172394352397379 -5.533678622328534 43
23 6.5593302206376745 -6.538677772461231 63
24 5.122824478665868 -6.236677297639823 96
25 6.139630318804658 -6.874745716840202 89
26 4.565406773497637 -4.638258074256905 100
27 4.774842852490867 -4.695438347411191 83
28 4.7023360706822155 -4.965894771147596 65
29 5.280659366376206 -4.339205112367927 32
30 6.944334363191448 -5.933865592104227 53
31 4.2078762912224645 -5.364842147150548 64
32 4.202406819154191 -6.001901924516169 86
33 5.740276317777973 -5.191520078214987 88
34 4.470160867942686 -4.795263556257436 39
35 5.509484437306228 -4.396332855717263 35
36 4.735922147676383 -5.9427081955361585 47
37 5.197644244992785 -5.171537699744646 76
38 5.01502961890815 -6.61518465464634 90
39 4.508016067795595 -5.861121988982857 26
40 5.957315103905138 -6.295659559506301 53
41 5.5084504251255 -6.638156935922474 33
42 4.3487887196660875 -5.074079250279116 90
43 5.861403122673172 -4.86594669069696 15
44 6.582062596965221 -5.816344263290305 47
45 6.8436535812852926 -5.620312052023761 6
46 5.878416086599791 -7.029453083921799 30
47 5.829666252996604 -5.481597048005498 40
48 5.045873269254671 -4.1955070149535745 82
49 5.8090597839835185 -4.473570925852177 13
50 6.004821955046337 -6.875899091717424 67
51 7.0568523472029 -6.676103988967284 34
52 4.95600412257861 -4.5823399458735254 12
53 6.228740357082333 -4.88819264417696 97
54 6.061566063545755 -5.291832509582965 62
55 5.12282334547577 -4.436616872915393 68
56 6.309071408041395 -6.069602787127625 10
57 5.384865177229634 -4.084798530692095 29
58 5.777997234998366 -4.18081482143481 14
59 5.4280796612408295 -6.306532218312977 58
60 6.701643389157659 -4.809561102125745 52
61 5.3221857411471944 -5.787186010567806 93
62 5.4308209226056965 -7.272684514549176 61
63 6.160101725777407 -4.111625346711174 61
64 7.037420008092062 -5.226448641684 24
65 5.537853672796503 -5.101612629067944 64
66 7.077662122117727 -6.129620863947705 77
67 5.4476928852992055 -4.901208438595512 85
68 5.5923117692537145 -5.449846165988364 88
69 5.010467133538328 -5.909301169728108 7
70 7.508186423197476 -5.328451751040475 72
71 4.613571527159112 -6.411221270883705 12
72 6.241437232397904 -6.354707174296147 40
73 4.49948221764027 -5.409114767892382 57
74 6.255556991710209 -7.027201037347814 1
75 4.8332763909548335 -6.939466027281455 5
76 6.629316054480532 -6.150781486745915 55
77 6.779638777694012 -6.507334381031924 65
78 6.754259892084521 -5.272348873065186 67
79 6.187537971661638 -4.512569209591719 100
80 5.208457650366318 -6.4895906745790946 69
81 4.901157298109535 -6.333695952853811 3
82 5.855481635500939 -6.614939183545431 13
83 5.407378398345416 -4.613004404670998 63
84 5.590919110495377 -5.712345926181039 25
85 5.700814651959193 -6.931052619174819 64
86 7.16589726690883 -5.804866218463134 33
87 4.632050350904294 -5.220914907744264 65
88 4.981441431538335 -4.890681137331031 70
89 4.34778912500118 -6.157805358417074 63
90 6.018658312305653 -5.930017927464028 1
91 6.330783152277321 -4.6176618275614185 36
92 4.612666789935747 -6.794220667414467 7
93 5.7982952000888 -6.049749539179953 30
94 4.458290477645836 -5.662672845097018 58
95 5.221973032350741 -7.031935262844493 90
96 6.256336030789188 -5.29804426425565 44
97 6.394893994257865 -5.879272609767497 72
98 6.117153536606425 -5.747230305916501 67
99 4.225609813172208 -5.589952173914462 5
endpoint1 endpoint2
26 47
29 50
11 68
9 84
20 25
25 82
36 68
15 74
33 41
73 82
10 61
52 68
51 74
50 84
49 78
78 86
38 40
15 30
46 97
5 84
1 28
65 96
19 65
43 76
44 86
7 98
59 97
51 60
23 95
58 65
80 94
26 54
62 75
3 40
10 85
36 67
37 91
34 79
8 38
29 37
24 73
39 85
4 73
36 41
8 12
35 52
16 60
36 55
49 89
39 42
20 82
9 19
21 90
56 82
2 18
83 90
21 68
4 12
26 49
3 17
25 92
0 90
5 43
12 90
8 51
63 88
14 96
29 88
3 68
12 41
30 76
28 68
24 28
10 19
17 84
44 68
50 51
41 94
5 96
0 5
7 80
66 78
8 69
57 99
21 77
0 59
24 40
71 90
45 90
4 17
22 36
11 65
12 81
61 87
33 60
81 90
39 75
18 22
40 55
4 69
17 43
31 79
9 29
14 26
4 99
10 26
15 19
64 67
65 75
19 84
41 71
12 20
68 73
8 76
43 73
0 50
92 99
24 47
18 93
45 83
4 24
24 94
81 83
54 56
28 43
61 74
26 92
16 33
54 82
50 82
31 52
35 49
38 46
40 68
43 49
65 76
19 93
41 72
47 95
16 86
78 96
2 25
33 93
71 72
18 84
59 99
8 89
45 76
2 51
27 57
75 99
36 77
4 45
15 93
32 37
11 85
12 93
9 37
23 45
73 89
88 95
13 87
35 54
75 95
6 65
43 54
8 20
44 49
77 93
5 91
2 16
33 86
12 96
68 69
3 13
57 88
25 56
23 86
80 87
19 46
48 96
61 98
71 95
59 94
20 41
9 68
19 20
15 90
0 92
36 82
52 84
7 39
13 80
35 63
9 48
16 53
3 70
54 70
43 47
77 86
18 55
27 96
64 78
39 59
19 81
16 90
56 65
2 5
24 42
52 53
11 67
61 85
17 23
13 73
27 67
3 79
17 41
20 98
5 77
65 73
11 21
29 99
0 30
33 96
68 75
60 86
25 44
8 84
51 59
21 62
84 92
23 56
21 24
0 64
13 66
7 21
31 40
11 94
9 34
5 37
39 88
4 78
88 90
1 68
51 78
37 47
42 58
25 98
6 76
74 90
76 84
42 68
48 63
92 94
1 16
16 72
7 94
33 83
3 6
80 82
34 81
70 82
20 44
9 65
53 58
25 95
6 11
4 47
87 93
7 18
61 65
12 95
9 43
23 47
38 77
10 32
52 79
2 69
50 75
13 85
28 83
29 91
54 77
8 22
65 91
31 69
24 25
55 67
42 79
45 50
16 79
49 55
56 86
19 74
7 87
83 94
47 76
3 15
12 98
45 67
2 8
85 92
5 13
20 43
27 48
10 88
1 37
38 98
19 22
11 76
3 59
77 96
74 98
48 94
9 54
53 94
51 66
7 63
9 24
24 96
27 98
10 31
30 90
18 68
1 4
69 88
8 73
68 78
34 99
32 95
33 71
69 98
25 41
47 58
34 93
2 61
22 56
5 16
20 24
9 85
24 91
4 59
37 83
0 75
6 49
30 50
4 65
1 65
73 83
17 47
3 87
53 65
43 60
65 79
0 16
47 82
13 21
19 62
65 97
7 99
1 55
15 35
21 60
60 78
6 22
21 38
54 60
82 95
81 87
30 53
73 84
39 90
60 61
50 78
35 53
25 96
54 72
49 90
19 97
20 81
44 54
58 97
56 81
41 86
83 91
14 45
3 8
68 90
69 84
15 40
21 69
43 88
32 67
91 98
24 32
3 46
27 61
21 47
37 69
8 44
48 67
3 52
9 41
12 89
27 83
1 83
10 46
8 50
5 54
12 40
36 61
17 51
64 85
30 79
8 24
76 77
44 45
18 56
14 18
47 96
40 85
10 18
19 76
46 84
47 78
5 97
64 97
4 10
41 97
23 72
25 38
21 40
45 91
28 53
32 48
3 61
12 80
1 84
34 58
79 88
40 54
72 86
17 52
38 54
6 86
64 66
19 85
42 94
46 95
21 87
32 81
0 49
24 46
11 97
8 81
80 88
63 97
29 49
61 81
11 71
23 63
21 27
86 91
5 56
29 43
61 75
33 40
51 77
2 79
17 45
50 85
30 67
44 57
7 71
48 60
16 85
33 94
20 59
3 5
59 96
45 77
2 50
84 88
56 59
5 7
20 33
62 72
9 92
10 82
57 58
82 93
28 33
2 44
32 36
12 92
36 42
8 13
78 94
40 74
12 51
53 72
49 88
9 18
6 90
40 80
45 53
38 58
56 83
35 99
41 84
33 87
18 78
69 82
16 98
1 14
21 67
4 13
87 99
35 73
32 69
61 99
71 92
25 35
37 67
87 89
32 59
62 85
33 58
16 30
72 75
38 65
4 49
15 65
13 81
63 91
75 85
12 42
54 65
43 44
9 27
6 93
45 46
66 85
22 80
28 99
44 69
41 93
83 98
14 58
47 72
27 30
21 76
13 31
56 64
2 4
35 78
4 18
26 35
32 50
14 70
11 64
62 92
63 64
79 90
35 37
23 30
51 70
9 28
6 84
43 59
15 18
44 60
12 21
68 74
16 80
15 56
19 61
43 72
0 51
46 71
11 99
20 62
66 96
45 82
80 90
32 73
62 71
9 89
39 67
36 71
28 36
54 57
30 44
37 95
82 96
61 73
27 89
72 95
54 83
52 71
7 48
63 87
31 55
11 53
35 48
75 89
20 86
7 65
23 98
21 94
56 78
22 68
41 81
24 55
15 47
80 81
22 55
13 98
1 45
21 34
29 34
59 62
33 39
4 52
36 84
49 68
6 70
3 64
53 86
36 50
17 62
30 72
13 48
65 68
14 15
6 88
10 23
16 78
24 62
18 76
69 80
67 96
45 68
71 94
0 93
22 32
61 91
11 77
36 83
17 29
7 38
22 26
31 37
26 73
6 57
49 87
8 28
13 41
37 60
50 95
17 55
18 52
24 31
27 99
42 73
25 30
8 98
64 79
56 92
20 66
11 31
41 67
0 24
16 91
15 61
21 74
22 72
44 93
32 94
1 63
28 49
37 74
32 52
22 59
29 52
12 76
9 86
24 90
34 54
7 31
31 34
22 29
35 39
6 48
3 78
1 66
41 59
11 62
18 47
77 78
5 76
3 84
12 57
10 25
13 60
44 62
66 68
7 96
24 50
46 69
58 67
45 80
80 92
34 87
59 69
1 42
23 59
6 17
4 33
37 93
15 81
61 71
38 75
39 91
6 43
36 47
52 65
8 10
17 33
26 69
42 59
40 71
4 85
17 59
13 53
22 96
0 22
47 88
67 87
58 96
7 89
83 88
14 44
36 98
46 54
1 35
6 8
82 89
4 40
28 61
2 40
61 64
33 37
23 46
4 54
7 43
50 72
14 98
53 84
40 84
38 62
30 80
56 87
67 98
38 99
21 41
4 23
28 52
61 89
24 85
23 39
72 79
40 47
39 73
34 61
26 87
16 40
36 59
10 50
54 69
17 53
4 91
28 65
55 91
53 71
10 28
66 81
19 82
11 17
53 97
1 27
17 97
15 63
22 78
19 56
44 95
89 97
3 29
69 97
37 72
