nnodes nedges type
100 800 graph
nodename posx posy weight
0 0.21098009485500582 -1.221127702176932 7
1 -0.14897154227193488 -1.0504654105485605 73
2 0.9103297525976755 -2.283141908589292 75
3 1.1513256115366857 -2.9043450246845346 11
4 0.6119927372770413 -0.566608874448347 75
5 1.1446872954082157 -2.505733307116443 8
6 0.44951121315756853 -1.4985929308643655 29
7 0.5167840575645329 -0.448484990468005 38
8 0.4302823710701379 -1.913050445356798 10
9 -0.2854959208368297 -0.8120108495247857 90
10 0.47147008452594336 -2.239427131527032 58
11 0.41185184932496915 -3.1531216505037096 76
12 1.2268286813748177 -3.111184161011246 84
13 -0.17376485363883545 -1.5256038430649879 72
14 -0.7058471033127993 -2.9547995334099837 57
15 1.4965369072597268 -2.180735076501515 90
16 -0.04622851711635549 -0.5824914293229858 20
17 -0.9094165572352394 -1.4770935962487002 11
18 0.025611568297994203 -2.8273331524511423 77
19 0.16811021994064732 -0.9647432227616712 50
20 1.2839245385165483 -0.6722640566816889 14
21 1.310528293360594 -1.2203896891310244 64
22 1.0203595022415144 -3.1799685801804913 41
23 0.9589527084005255 -2.4850978016270817 99
24 -0.6231500328341641 -1.8184565862195126 10
25 -0.20769120445210143 -2.326121138103174 31
26 0.0875473184069724 -3.386126545777245 89
27 0.21243373340022104 -2.343015592183566 59
28 -0.868293304218886 -2.524253182226877 10
29 0.6045397608344905 -1.0221474847733898 92
30 -0.4878157204258495 -2.470074134813385 84
31 0.8496715285123511 -0.6130437317905432 77
32 1.753051621745256 -2.909627495598716 4
33 1.5995991832368808 -2.417091346159316 6
34 1.591904398767556 -2.5414092640671875 67
35 0.4361090941204107 -0.7911716087822683 34
36 -1.1662537069669439 -1.513086703075036 80
37 -0.0727495918996659 -2.5920959134351116 47
38 -0.46482335575421424 -1.468127983123618 92
39 1.5206406149921663 -0.9126070565371929 36
40 -0.29280713740787706 -2.8713093796017413 18
41 -0.1115967133057958 -3.1764659492817744 36
42 2.0535162122748707 -1.9666130055171744 64
43 -0.48975654935407387 -2.1126690412403133 81
44 0.2510574693298341 -1.5860146338371406 65
45 1.0180674390404962 -0.6819323302473875 53
46 1.6243697730159292 -2.0727487056872875 90
47 0.7651839076571074 -1.4888692914521398 16
48 -0.5408690567059304 -1.001159034325135 30
49 -0.38596967767408996 -1.8641493137482474 66
50 -0.28762870494787446 -1.2482929498541238 27
51 0.7789621223229773 -2.625336783279107 94
52 0.08755126212336649 -2.2218138862213235 58
53 1.5244847997556652 -1.6545253565849123 96
54 0.6699026706990653 -0.8438731613365584 90
55 0.8057968908968713 -2.0172980368863374 92
56 1.0596967508630386 -2.7955765963415895 9
57 1.807483875145756 -1.2997961607370447 98
58 1.8467035153237337 -1.6690758725177606 86
59 -0.573777221296465 -1.3237865757095255 88
60 -0.49292442542653003 -0.8569734912781949 31
61 0.3424774361022559 -2.588624973477193 20
62 -0.45675803371685847 -2.3230799513960783 93
63 0.0002566714696700242 -1.1999329288182246 16
64 0.865566882182836 -3.131598993346372 27
65 0.9782325284367616 -1.1827275442367822 20
66 -0.14110266435357866 -1.9918435130862104 28
67 1.1779897819534877 -0.701028066582967 80
68 0.3720718284031516 -2.7020852573401544 29
69 0.9611194959927665 -1.7973956802029807 9
70 1.2676521212061356 -1.7925106840019587 57
71 -0.5712453458030196 -2.878147425539319 80
72 -0.8513255427771492 -2.138671879440912 95
73 -0.7621352335149555 -2.547133800539642 52
74 -0.014212477488195999 -0.42381298829008474 56
75 1.356327787462247 -2.3167414927295913 92
76 1.6214563518986846 -1.1188594694902285 85
77 -0.8749774523867014 -1.185917772915917 6
78 1.0279310520130778 -1.523313612563652 71
79 1.618966924385717 -1.4690158364786805 32
80 1.0068606245621667 -2.039896711616763 36
81 -0.8372394808799529 -1.9111705639126395 92
82 -0.21754415403734498 -0.6170916087285155 29
83 1.4047608635097322 -3.021813798486383 68
84 0.08306946478982116 -1.884276466076863 95
85 0.6642591857436309 -2.830329080120628 38
86 0.5284578727229238 -3.0755347829226607 34
87 1.878288222932045 -2.3804938784656624 80
88 -0.7738231664431509 -1.6135768490670823 25
89 -0.6944813557943524 -2.1303419343008785 20
90 0.7569542603883039 -1.7693454639305641 12
91 0.6127777887023445 -1.3491796171689565 10
92 0.3984556120945592 -2.9509371723150477 13
93 0.32081546120564247 -0.47536650905760314 40
94 -0.2885534879935059 -3.11833353962946 65
95 2.0500705901380805 -1.4844143363786468 42
96 0.06891135765735693 -3.1621328779389657 9
97 0.08123551185327853 -1.6207987123214445 35
98 1.1142654051915353 -1.0771362335573416 82
99 1.2692003679185297 -1.512171537169948 33
endpoint1 endpoint2
12 78
39 70
34 52
15 74
52 94
8 63
2 84
29 44
24 66
72 92
30 51
34 46
2 78
52 68
65 84
28 88
29 70
3 86
52 98
67 74
11 22
55 78
48 59
2 27
24 52
10 75
51 60
60 81
39 97
45 78
80 94
34 85
14 77
3 40
9 93
25 91
6 23
34 79
24 73
16 38
38 73
1 89
34 41
49 71
2 73
60 62
29 95
35 52
40 73
54 73
39 42
30 69
20 82
18 62
42 67
19 70
41 85
18 81
69 83
57 90
68 91
20 47
23 50
20 21
62 84
3 55
24 80
25 70
81 97
30 61
1 82
41 43
48 90
11 46
36 62
24 28
55 92
5 70
45 47
16 66
56 89
26 30
50 51
18 72
16 88
58 83
66 78
43 80
26 56
44 98
57 69
2 33
70 98
74 97
37 87
28 44
15 79
8 58
29 81
27 65
38 93
10 48
11 61
89 91
55 85
53 69
17 77
39 54
65 75
20 78
0 28
58 90
13 25
57 78
15 39
4 24
12 72
62 70
4 38
63 78
5 39
24 68
40 62
6 52
4 76
1 70
34 44
50 82
7 49
78 84
53 78
5 82
47 95
23 99
21 95
2 25
44 80
51 62
8 89
21 57
84 89
46 51
14 83
59 89
75 99
6 21
21 35
36 77
37 89
82 90
7 16
11 85
25 67
17 37
78 95
28 81
18 34
90 93
17 63
31 91
19 98
20 92
44 49
55 65
54 97
66 91
17 81
21 88
24 61
83 92
90 97
12 96
9 98
23 86
8 64
16 99
2 10
85 94
24 35
46 58
14 90
47 51
19 20
34 68
15 90
7 9
62 90
16 31
25 68
6 38
13 80
26 72
9 48
74 78
75 84
6 56
53 80
10 55
50 94
41 51
20 91
24 30
40 88
6 82
11 28
7 82
14 59
8 71
13 30
19 55
37 97
46 61
27 55
9 77
28 48
34 95
37 75
19 29
12 83
59 77
3 62
21 31
34 57
17 23
0 73
31 35
61 79
35 36
16 44
23 25
12 34
50 89
41 52
37 38
53 67
10 24
56 98
13 61
29 99
76 93
41 69
33 96
5 87
0 30
68 75
1 31
8 78
22 66
44 91
33 90
8 84
2 54
26 43
62 68
1 43
6 16
86 94
15 86
7 21
13 66
48 74
11 94
22 23
30 55
34 42
52 64
37 47
4 84
15 26
92 94
8 91
35 69
46 49
71 96
59 91
9 65
72 97
21 33
37 71
9 43
6 45
4 53
51 87
10 32
15 69
50 75
13 85
28 83
11 45
16 48
40 77
53 85
65 91
48 54
55 67
16 79
31 99
56 86
11 25
7 87
41 89
23 80
15 55
4 8
26 61
24 37
46 56
3 21
9 74
23 78
28 59
9 44
77 96
4 60
51 92
7 33
63 68
48 94
29 84
27 76
18 27
75 86
40 52
10 53
49 86
41 49
37 59
77 84
27 98
5 66
10 31
17 72
39 53
15 22
42 80
17 98
13 28
2 3
24 44
46 67
92 96
69 98
86 99
37 73
32 53
22 56
37 83
15 75
24 65
75 79
38 81
39 93
4 65
7 52
31 75
78 81
18 44
38 43
3 87
53 65
43 60
64 71
39 50
29 97
42 91
48 58
88 97
32 86
18 89
23 92
8 86
26 41
32 76
22 51
12 68
53 63
27 36
21 38
54 60
95 99
0 66
55 57
61 70
27 90
38 72
51 80
50 78
63 80
28 86
29 64
25 96
6 66
8 17
19 97
54 98
49 60
43 66
2 21
25 59
45 72
80 84
2 15
68 96
60 69
47 54
72 99
0 89
25 71
40 41
34 35
8 50
63 89
5 54
11 47
16 50
40 79
3 69
4 93
64 85
24 27
14 18
45 48
16 65
14 52
18 75
35 76
5 11
27 50
1 59
9 72
59 82
45 91
19 24
2 32
35 82
0 80
29 56
6 26
1 84
34 58
15 76
7 35
22 25
29 82
27 78
38 92
51 68
28 66
6 86
4 98
19 85
20 77
46 95
53 96
8 75
21 87
19 59
85 99
89 96
11 97
18 92
1 60
8 81
21 49
86 97
11 71
12 79
25 81
15 85
63 79
9 61
27 71
40 61
4 67
1 71
31 53
11 51
43 62
13 57
41 73
69 79
17 89
44 87
68 93
0 46
9 38
30 59
63 82
37 43
3 94
4 80
54 78
43 55
2 96
30 74
13 50
19 99
38 58
45 53
44 78
46 83
47 67
3 10
9 99
16 98
23 87
87 99
2 13
80 86
32 69
46 53
10 93
57 67
6 15
5 42
29 61
20 22
9 47
27 85
21 23
36 81
51 91
15 65
7 36
13 81
31 59
48 91
11 33
79 93
51 65
64 87
65 95
18 54
42 75
6 93
15 21
56 90
22 80
83 98
57 98
8 70
64 99
24 41
59 84
80 99
0 82
70 99
33 51
15 78
0 72
48 82
5 61
6 50
1 76
10 49
50 88
29 74
18 49
55 84
89 90
5 78
15 18
64 68
30 94
20 79
44 60
33 97
2 31
33 91
3 30
45 82
19 35
63 99
59 67
81 82
30 44
36 71
2 83
15 87
34 51
13 67
48 73
61 73
55 60
52 71
41 62
31 55
35 48
17 69
31 93
13 55
76 91
7 65
5 81
45 58
23 98
49 63
58 98
50 60
33 92
55 97
47 68
58 76
32 64
27 56
25 88
6 10
0 70
22 41
3 51
59 62
9 36
52 78
2 68
4 82
15 96
30 72
13 48
37 51
18 61
5 90
6 88
55 64
66 88
67 90
30 82
22 95
43 70
0 1
24 62
14 49
47 77
41 90
18 76
1 12
57 95
8 65
19 49
43 92
2 11
32 71
4 21
26 38
7 8
0 93
5 40
29 59
62 91
33 56
72 77
63 69
48 93
42 47
16 54
6 57
10 52
7 60
31 67
9 25
14 22
40 89
10 30
39 58
42 83
46 88
66 77
19 54
43 85
60 88
10 66
47 59
28 49
27 44
37 84
34 54
52 92
32 42
63 66
8 61
35 39
75 76
6 48
17 40
20 99
14 25
40 64
12 57
53 66
43 61
17 66
13 60
91 94
0 31
7 74
42 90
12 23
88 96
8 79
43 74
2 29
8 85
45 80
19 37
0 43
46 47
5 26
12 75
59 69
98 99
54 63
0 65
32 33
55 62
11 81
16 36
73 85
39 91
10 38
49 65
63 81
11 55
35 50
25 97
17 59
44 53
47 88
3 99
17 93
46 76
21 70
35 68
91 99
82 89
45 99
2 40
3 53
27 80
38 66
73 94
36 86
10 33
52 72
8 49
31 62
16 49
3 66
4 92
10 11
49 92
64 84
17 60
38 62
47 97
28 96
47 79
67 98
64 96
4 9
21 79
0 57
46 57
27 51
10 89
60 67
23 73
19 25
2 35
0 95
3 58
25 73
40 47
6 37
1 85
63 71
11 37
18 24
74 77
6 63
78 79
29 77
42 55
1 97
25 28
67 69
39 52
56 94
19 82
20 76
26 27
64 65
22 84
14 62
47 84
53 97
16 93
22 78
19 56
71 81
23 70
8 80
