nnodes nedges type
100 800 graph
nodename posx posy weight
0 -1.277130578711333 7.124477241120192 47
1 -0.8043180688480995 6.139572817588939 51
2 -0.5880810918116982 6.734137840071242 28
3 -1.2360818782678824 6.237225449502495 21
4 -0.7077299780279867 4.961888188487531 28
5 -0.45537458805445896 6.479406870646059 67
6 -2.7703532040912386 5.568921381541314 65
7 -1.9436845400860794 5.429699177431231 18
8 -2.345138990680304 5.013424467197032 95
9 -2.0242867457817244 6.746474949822177 72
10 -1.2928208354567774 4.758483732316287 20
11 -2.977209500544541 6.660894577439086 57
12 -3.2169182395931575 6.080431057803605 48
13 -2.35527534364959 6.532148651583439 99
14 -1.4646374761359506 5.350025778823999 94
15 -1.8337288272774535 5.168624691225913 62
16 -3.2058354146195933 5.6470735095738 67
17 -0.45659524815357233 5.850405142391774 100
18 -1.535974952359458 5.529259982541774 36
19 -1.2596996175354254 5.597394291919925 71
20 -3.141862372136011 5.122142595763736 12
21 -2.2128262134128422 4.539439602096671 48
22 -2.0521549196413447 7.1202133168721975 72
23 -2.6521747826024535 5.238651053903033 97
24 -0.4778051454900619 6.011991245297964 66
25 -2.673450199518737 6.511192789187297 5
26 -0.8968030563931717 6.776456564192444 36
27 -1.2878656916038023 5.787840004157355 38
28 -1.9427411786238862 6.453143700223525 93
29 -1.758256106479335 6.6884017140263285 24
30 -0.6804673248557712 4.349125258213042 99
31 -1.6137199122571904 5.022533869297531 4
32 -1.2082513165503108 6.9756857921708395 16
33 -1.3357230815157042 6.753646990759 10
34 -1.0494301368546202 4.6698639813063565 86
35 -0.7314403024443844 4.692805339723039 98
36 -0.8735032841086784 7.038986206427277 14
37 -2.4611134610116063 6.867417266960132 60
38 -1.3840045225081417 4.628998758037535 87
39 -1.612510400537581 4.844037054669318 62
40 -2.126892900232695 4.798126415849006 70
41 -0.9316364754742538 6.490127891638949 45
42 -1.8024816275236872 5.7856088645748525 86
43 -1.804380161332709 4.565086136599302 98
44 -0.6222200194881855 5.23934185535139 88
45 -2.184187069388485 5.096725749904508 83
46 -0.7544171399855825 5.372292352599853 53
47 -2.6528066964698547 4.868891183832498 51
48 -2.885634319456208 5.662258489559257 88
49 -1.1706652360659893 6.396088763306089 82
50 -1.5549119332876185 6.943275858724332 21
51 -2.73797698987106 6.783912543597006 10
52 -1.3911772614973459 4.374163199350006 61
53 -1.992684245483847 6.990113371570024 15
54 -2.309434202934341 6.6684344859548155 12
55 -0.19077144119184838 5.578907270785727 68
56 -2.415518277904418 4.555773912787853 20
57 -1.1250255995964824 6.080289720552755 95
58 -1.604210755909002 5.940581808051146 12
59 -0.8876685340461976 4.764419629318377 47
60 -2.431747548998386 5.241813564572679 76
61 -0.06526771963641666 6.277983851458972 58
62 -1.5375227740925683 7.210526067016235 37
63 -2.7459968875413487 5.810811498670259 11
64 -1.9802058240995226 4.69534667008011 48
65 -1.0271425719858651 5.375540582863242 36
66 -1.8598866101765927 7.2335744445093795 90
67 -2.1527969523359083 4.417790050872041 86
68 -2.8043873397854497 4.839781760820106 57
69 -0.9843138350070636 5.884706766473566 54
70 -2.5370509521253766 6.003429350773137 5
71 -2.073122033984635 5.589841398635553 54
72 -1.865675416092095 4.3190718581970655 82
73 -0.9448617540247641 5.050421931390405 74
74 -2.933866964324921 6.106396408247563 3
75 -0.49997992485640114 6.21650240814526 64
76 -0.5350433766349405 6.579353194989846 30
77 -1.8528424009873732 5.666996740612528 32
78 -2.49668120486898 7.2347382831679745 3
79 -1.087955628557236 5.053810727606483 75
80 -2.2435520922113907 5.851169481442746 51
81 -2.4129003578281387 6.281165609659937 27
82 -0.16859036569061325 4.969627883398921 71
83 -0.03237587862251187 5.696021281717553 82
84 -1.062493649187492 6.846284387466919 54
85 -2.687762689092446 5.947950579824378 67
86 -0.3992535519309011 5.257392006060719 56
87 -2.657028753877331 6.164097916475703 40
88 -1.6978734768104617 6.280075178138939 59
89 -2.7834033042173254 5.342402787387408 38
90 -1.610517003311739 4.52502904960936 92
91 -0.4809032716715042 5.535302927022199 86
92 -2.712382588391697 4.611306149027704 32
93 -1.2849300011218865 4.15336927914393 87
94 -2.0107755214225764 6.09443191982651 79
95 -1.4205707924404696 6.238400596428711 65
96 -0.9031021141826732 5.665334753223643 30
97 -1.8903893801830394 6.247030465663381 74
98 -2.3285373086272463 5.451597887596794 52
99 -0.653608851849133 5.761432864271915 96
endpoint1 endpoint2
32 54
33 55
21 28
4 36
34 52
15 74
7 25
31 44
16 47
6 54
40 60
39 92
54 92
51 74
72 92
13 32
38 40
17 64
64 88
29 96
5 84
23 97
49 58
71 78
51 60
25 49
58 65
39 97
19 39
80 94
26 54
70 94
62 75
86 93
22 42
48 77
61 69
29 37
76 99
33 34
73 91
54 87
34 41
28 87
74 89
16 60
10 14
43 52
17 57
8 18
37 54
9 19
18 62
77 95
69 73
67 89
21 90
83 90
46 82
21 68
0 36
24 33
46 52
20 47
71 93
3 17
1 33
45 97
9 40
81 97
72 74
15 70
50 70
79 82
18 31
3 68
36 62
65 88
21 99
0 5
83 99
5 96
12 29
27 31
57 99
21 77
24 40
3 22
10 71
45 90
2 33
70 98
9 81
15 79
3 77
1 77
65 81
9 29
5 79
38 55
3 83
65 75
13 63
41 71
14 60
12 20
19 58
43 73
85 98
23 64
4 24
19 32
2 82
32 46
35 43
16 33
10 59
52 70
49 76
41 63
13 94
51 76
69 97
89 92
40 68
53 78
12 53
39 47
30 64
65 76
26 96
6 96
1 18
0 9
14 41
46 73
18 84
8 89
35 67
0 47
22 54
59 89
37 89
34 77
58 62
11 85
27 95
38 79
30 56
39 87
6 47
54 85
49 69
50 77
31 61
28 81
52 77
75 95
53 87
54 79
2 97
30 75
20 92
76 81
18 60
45 52
16 77
21 88
31 97
19 72
44 79
50 54
24 61
23 86
57 88
67 97
4 14
87 98
84 96
35 72
1 39
19 20
48 70
24 82
33 57
40 44
15 64
31 58
6 56
53 80
54 70
7 61
50 94
28 70
27 96
42 72
55 94
14 17
39 59
22 81
11 28
26 28
12 31
58 81
0 61
33 65
14 93
18 96
6 7
45 88
84 85
29 53
39 69
15 73
13 73
26 83
9 57
23 25
49 73
18 46
5 77
10 24
43 58
20 72
41 69
46 98
47 80
18 65
56 72
7 97
24 49
62 98
18 91
1 49
66 97
25 44
4 26
32 74
63 98
27 34
2 80
22 23
11 94
76 96
6 42
73 86
7 51
13 92
17 68
22 99
41 78
47 89
7 94
55 96
14 47
1 10
57 85
25 53
21 71
36 97
91 96
53 58
59 91
1 44
6 11
8 42
5 46
3 50
23 47
73 95
8 48
17 27
13 85
9 13
15 99
49 93
65 91
45 50
30 83
20 68
3 15
68 71
58 84
21 64
45 67
28 29
43 95
41 99
61 96
57 64
32 62
0 94
29 58
27 86
24 84
40 46
4 60
10 43
50 66
63 68
27 76
42 44
9 54
38 94
40 52
36 58
51 66
7 63
28 64
27 98
42 54
4 96
16 70
19 83
79 98
69 88
66 74
58 95
24 44
33 71
69 98
86 99
45 86
84 87
32 53
14 69
61 83
9 85
39 71
31 45
13 71
24 65
38 81
0 97
65 85
28 95
29 71
17 65
30 93
19 88
20 74
41 75
42 91
55 79
7 99
32 86
71 79
18 89
10 74
57 82
21 60
19 36
84 94
35 94
32 76
70 89
9 94
21 38
8 37
0 66
31 42
55 57
16 37
38 72
4 72
1 90
78 88
42 56
90 94
36 54
49 90
13 52
44 76
41 86
18 80
1 8
23 85
68 90
21 69
36 99
24 32
3 46
6 9
45 98
37 69
87 95
8 44
28 62
48 67
12 89
16 28
4 55
15 71
63 89
29 89
75 83
40 79
12 40
4 93
30 79
28 75
18 56
24 27
6 95
38 63
20 70
42 87
18 75
27 28
15 49
64 97
45 65
33 76
24 39
37 78
11 78
12 80
27 40
24 86
34 58
8 57
7 35
13 76
48 80
6 60
4 98
1 96
33 99
46 95
13 26
43 86
44 88
0 49
24 46
3 28
10 65
23 65
58 71
57 79
35 91
22 62
29 49
9 91
81 92
86 91
37 81
28 42
7 24
29 43
10 58
34 47
51 77
13 95
78 87
29 69
42 63
14 28
17 71
44 57
41 73
5 83
48 60
43 79
24 53
46 72
3 5
60 82
1 53
57 80
25 48
39 96
80 95
34 82
2 50
3 43
60 72
25 90
75 96
57 58
28 33
2 44
8 39
29 36
34 38
7 47
13 88
28 80
50 76
90 92
3 94
54 78
4 80
13 50
37 53
42 64
48 51
40 80
45 53
17 82
19 73
2 19
43 68
35 99
90 96
16 98
8 95
0 37
32 69
20 40
27 63
68 98
6 15
15 91
7 14
0 91
29 61
11 75
33 58
39 77
36 81
10 44
15 65
8 52
48 91
27 75
9 49
6 59
38 91
4 95
30 77
20 90
27 97
55 95
66 85
15 21
44 69
42 85
8 70
22 74
19 52
24 41
46 60
3 25
45 89
4 18
19 26
22 37
14 70
3 63
9 80
33 51
16 21
36 88
79 90
38 82
54 88
10 49
51 70
29 74
18 49
10 27
7 72
41 70
66 70
58 91
8 77
85 97
18 90
1 50
66 96
23 67
15 38
10 79
19 35
2 57
26 42
35 93
22 60
5 28
27 35
25 87
6 19
39 67
2 83
31 41
40 63
88 89
41 62
16 56
38 47
3 91
67 79
30 65
65 67
44 59
7 65
92 93
48 62
47 94
55 75
16 87
67 85
7 95
24 55
50 60
42 97
14 80
62 78
27 56
53 59
28 35
2 42
0 70
73 88
39 86
10 35
8 15
49 94
30 72
67 90
30 82
56 85
22 95
2 17
44 72
0 1
46 81
9 97
68 70
23 81
67 96
45 68
84 97
5 14
48 97
25 33
57 65
45 94
19 23
2 37
4 21
22 32
48 71
61 91
77 97
38 71
48 93
29 85
42 47
3 73
54 71
7 60
31 67
11 57
27 99
42 73
77 85
40 89
1 99
19 80
79 99
26 29
69 89
58 94
8 72
70 79
96 98
59 86
27 54
23 68
25 42
73 96
21 52
19 28
84 86
34 92
14 68
20 31
59 76
7 31
11 88
27 66
16 45
38 80
54 94
1 66
31 72
28 94
77 78
3 84
52 96
17 66
56 99
11 20
48 57
88 96
15 58
58 89
56 73
0 53
24 50
18 88
57 83
34 87
59 69
23 59
21 39
95 96
52 91
7 20
31 43
38 75
30 52
2 75
34 43
7 50
63 81
18 38
25 97
6 77
40 71
17 59
42 69
3 99
12 14
7 89
46 76
47 70
1 9
57 84
45 73
43 89
32 66
71 99
1 35
23 48
60 68
15 37
8 43
62 86
9 42
33 37
52 72
17 26
63 94
14 98
26 76
9 12
75 80
53 84
37 49
5 88
51 98
39 63
56 87
64 74
0 3
50 53
14 55
3 14
27 29
18 74
67 98
84 99
44 96
0 57
46 57
10 89
32 63
7 10
5 22
12 87
23 39
40 47
10 40
8 56
11 37
26 87
72 85
1 79
29 77
77 83
42 55
9 31
5 65
6 81
26 27
53 97
1 27
17 97
58 92
22 78
21 72
43 87
34 96
14 32
68 85
1 61
8 80
4 30
