nnodes nedges type
100 800 graph
nodename posx posy weight
0 2.122236631261239 0.6629769088027448 21
1 1.1059466598885577 0.5561493335658159 68
2 1.0636934026929392 -0.38850844947599467 45
3 0.9538649937869763 -0.830036991827107 83
4 2.09652018888714 -0.30594812509436303 14
5 0.45732075161854974 -1.1958403158357083 85
6 0.2754338376326043 0.05288087609230212 8
7 0.05330671921005896 -0.3173715470669486 71
8 1.013849874396844 0.2941823805667237 99
9 2.485547390299008 -0.42658490508118 25
10 1.3331738612095543 -1.9573703049662494 99
11 0.6937617132307958 -1.5124154977434163 88
12 2.5285839161978014 -0.12597586409177447 54
13 2.077444670616189 0.44172631718494837 19
14 2.4287595037516616 -1.2507113822089067 44
15 0.9005628780083532 -1.7142745357838185 81
16 0.11363287617088096 -0.9368420766701084 35
17 1.7965655541222116 -0.934181904320861 35
18 0.9997121800378528 -1.783995037140254 100
19 2.5615125366309703 -0.6358315400825716 39
20 1.5270277013938156 0.4967812040910187 22
21 2.423029462110021 0.5872744868022947 41
22 2.2394491702247987 -0.4179397364495086 51
23 0.4754736786711514 0.5910551517205352 23
24 1.8369777163580128 0.5832819839485925 79
25 2.165138265881001 0.9153172995933252 83
26 1.3831538456182062 -0.6452297348261147 44
27 -0.13010173420563745 -1.14988402940881 28
28 1.920237370940018 -1.9268367434822526 50
29 0.707205424223076 -0.17782805491438156 32
30 1.9343925517308929 -0.25669229284285205 18
31 0.21740705316395173 -0.7870840082095191 16
32 0.43413897594304085 0.1051689462598906 61
33 1.2205502736656082 0.8321859506143405 62
34 -0.1320497796463037 -0.433161964941111 45
35 0.03521616720332145 -0.20303273175953088 39
36 2.254528734650322 0.13385610638941484 97
37 2.7026778057839156 -0.04078235598700323 49
38 1.1344531748241915 -0.17954841548484135 59
39 2.834375208281157 -0.41557451158101516 53
40 1.4117384944734144 1.2851653961067877 70
41 2.47723477802517 0.20525801816176548 76
42 1.5762589750018392 -0.9912508288561064 27
43 3.0230710690078655 -0.6188554116760099 66
44 1.384448434572859 -1.6063194651785129 8
45 1.945976597224417 -1.1466897810104848 54
46 0.038150489599047724 0.1011107576412176 3
47 1.9512634241818037 -0.6598235786124912 21
48 1.4891203056149473 -0.43829176028661565 47
49 1.9146539954384743 0.3201945921293793 32
50 1.5930092045934143 0.30590344350536824 36
51 1.1077953526325732 -1.4660727996143124 78
52 0.9359891833258307 0.04179042978749434 58
53 1.571953256705877 0.0607935767126441 20
54 1.3583377954573215 -1.25753121845154 43
55 1.7021431962369948 -0.7358361736087353 15
56 1.356808843429491 -0.3637190830605027 38
57 0.4478446833927284 0.3442707337062425 75
58 0.8414190107884013 0.4816315217309898 40
59 1.6739520081721455 0.7605984152124357 61
60 2.056636792138805 1.3509812525203504 96
61 0.7700530910968382 -0.34974847574946644 10
62 0.2697429723027944 -0.5577736295201496 7
63 1.071218427944831 -1.1438266191953077 66
64 0.6556564707590637 0.586922739321872 44
65 0.0671735359595224 0.4323731618911208 2
66 1.9459647761638303 0.10528112411538068 55
67 0.8542377720069573 0.18903089034926168 9
68 -0.10992322432543503 -0.8745162757268948 30
69 0.4936408315258124 -0.8031303828526967 62
70 2.2955669302404815 -0.798565811191273 30
71 0.6493209315220351 -0.669582910546283 48
72 0.568789550415799 -1.0062135470388744 34
73 2.154412141819661 -0.9353220986003914 54
74 1.6950922307968483 0.9829697836519263 89
75 2.8007256344665694 0.2802827988851382 47
76 1.4005394499667447 0.1748172885516474 85
77 0.212314083468209 -1.2907262072222974 64
78 0.8666027216626793 0.8816225931486151 14
79 2.378354132935824 0.7600285614832097 2
80 1.1500202012949812 1.2180278585271431 84
81 2.1081155791845805 -1.2434521504826914 36
82 1.4078131700921719 0.7498076539744994 61
83 0.9909720246757316 -0.9498277133987107 18
84 1.720510383728043 -1.4393103199905595 70
85 0.8080485802516124 -1.2633880204283194 89
86 2.520150881244592 -1.4766910701203357 91
87 0.9152559463639554 1.0671433972872588 82
88 1.2891557090726082 -0.8781546453580555 87
89 1.7707220158641277 -0.08224090505892999 44
90 1.9305550699370682 -1.5029744710285202 24
91 2.464211263405945 -0.8318538448865374 74
92 -0.2321727342467946 -0.08684432541494655 53
93 2.510148770985763 -1.0757935637861453 33
94 1.7151733419368556 -1.679868761111498 78
95 0.14681253352696916 0.3001670886981441 60
96 0.42292849997133386 -0.3454396364039836 49
97 0.5648478238312737 0.8908702474699748 16
98 0.5217874728462214 -1.422747814508232 70
99 1.3543533133746284 -1.4423795354217994 63
endpoint1 endpoint2
26 47
11 68
62 64
59 78
33 55
61 82
86 90
2 84
34 52
11 90
49 78
13 32
6 72
67 74
13 58
29 96
42 88
48 59
46 97
88 98
16 84
49 58
20 58
71 78
59 97
58 65
21 59
1 40
23 53
6 23
54 61
37 91
95 98
5 34
61 69
59 61
88 93
1 89
4 73
17 39
42 57
3 95
53 73
36 55
9 19
18 62
45 54
1 21
17 83
35 96
50 56
47 64
18 81
69 83
4 12
45 71
35 70
32 68
14 84
46 52
59 92
36 74
32 58
22 45
20 21
62 84
12 90
33 59
25 70
36 80
10 47
31 56
5 53
75 82
16 51
53 82
8 25
17 50
20 89
42 74
16 66
17 84
64 76
19 79
28 98
41 94
27 31
8 69
2 7
85 89
5 10
18 98
4 17
2 33
35 85
0 81
29 55
9 81
33 60
13 75
48 81
5 62
74 75
6 61
3 77
14 26
38 55
89 91
43 56
39 54
56 96
19 84
20 78
66 73
21 86
30 99
92 99
18 93
8 82
45 83
4 24
26 45
63 96
9 90
25 80
54 56
28 43
31 46
48 72
11 92
6 52
30 49
54 82
72 94
63 84
35 49
5 72
38 46
53 78
43 49
30 64
39 47
20 85
47 95
6 96
45 59
17 88
3 4
18 84
23 89
8 89
21 57
15 44
19 41
84 89
26 52
94 96
13 99
3 42
27 57
25 89
4 45
37 89
7 16
5 32
62 83
38 79
30 56
36 43
1 95
2 71
17 37
28 81
18 34
65 69
37 52
44 49
55 65
16 77
56 84
7 85
83 92
14 48
47 66
4 14
84 96
85 94
27 62
10 90
23 76
47 51
57 66
34 68
48 70
24 82
38 70
51 90
8 53
17 30
31 58
13 80
26 72
9 48
38 88
54 70
51 64
17 48
14 17
30 84
22 81
56 91
14 59
21 75
33 65
14 93
5 8
46 61
59 87
1 56
84 85
52 53
20 30
61 85
33 50
22 28
48 83
6 51
12 34
36 39
72 89
7 58
17 67
39 48
20 72
46 98
10 98
2 28
0 52
46 68
1 49
23 66
4 26
2 54
32 74
63 98
10 86
30 45
39 66
37 94
95 97
52 90
34 48
36 64
61 72
76 96
27 88
29 40
16 35
6 42
88 90
26 68
42 58
16 57
12 55
3 90
15 26
39 41
30 70
20 87
48 63
47 89
19 69
24 56
3 6
23 91
84 91
35 69
53 58
21 33
36 79
7 18
22 46
9 43
38 77
39 81
10 32
15 69
31 63
28 83
78 93
9 13
54 77
8 22
76 83
24 25
38 57
45 50
41 89
7 87
5 99
23 80
15 55
71 89
60 66
23 78
38 98
19 22
32 62
7 11
14 66
4 60
7 33
13 78
48 94
42 44
74 76
6 62
53 94
54 68
75 86
13 40
37 59
27 98
9 24
6 80
1 4
16 92
8 73
56 67
69 98
1 62
32 53
5 16
29 51
61 83
24 91
33 48
21 29
0 75
63 77
48 85
35 38
16 46
38 81
39 93
1 65
41 58
65 85
0 97
11 49
55 81
40 65
15 31
13 59
20 74
41 75
5 85
1 29
16 83
44 85
25 50
23 92
19 36
0 44
56 57
22 51
70 89
23 58
82 95
7 23
17 32
50 78
35 53
42 56
62 63
54 72
31 94
37 55
41 76
47 91
21 91
44 76
7 88
14 45
1 8
25 59
36 99
87 97
35 71
33 75
53 56
71 98
57 61
47 54
21 47
36 73
4 41
73 93
4 55
1 83
31 57
13 83
29 89
11 47
12 40
30 79
18 56
5 71
17 85
67 95
22 82
19 76
11 27
58 82
85 90
0 58
41 97
5 11
27 50
25 38
23 72
21 40
2 32
3 61
6 26
4 62
17 18
41 45
3 74
54 90
7 57
41 55
29 76
11 58
53 70
4 98
30 88
22 85
11 16
53 96
69 70
13 26
34 97
24 46
69 96
66 98
15 36
23 65
4 31
58 71
51 54
26 44
50 97
63 97
0 87
12 79
24 93
30 46
36 69
52 95
2 85
7 24
48 87
9 61
6 55
38 87
4 67
52 69
63 85
29 69
12 52
67 77
64 89
31 83
19 90
17 71
42 89
16 85
2 24
0 8
51 63
10 72
8 88
58 78
84 88
2 50
35 64
22 49
1 47
23 52
10 82
57 58
61 68
9 38
39 84
2 70
13 88
16 61
6 64
49 88
37 53
44 48
9 18
55 70
67 88
50 57
24 60
83 93
15 42
8 95
43 90
0 37
70 86
3 16
27 63
10 93
47 48
32 59
20 22
62 85
6 33
51 91
2 65
63 91
5 52
26 75
72 81
53 81
10 54
8 26
31 65
76 79
44 47
42 75
5 69
16 67
56 90
28 99
42 85
83 98
60 96
66 79
58 80
18 99
1 57
73 98
19 26
12 82
6 24
36 88
28 45
4 56
31 32
5 61
29 80
11 38
27 64
40 56
3 76
51 70
13 36
9 28
74 82
12 63
64 68
39 49
76 92
7 72
41 70
1 24
66 70
56 71
19 61
93 94
44 90
11 99
3 30
71 82
0 41
5 28
70 90
62 71
59 67
12 73
25 87
21 25
4 39
73 77
34 51
7 26
61 73
26 93
72 95
49 67
26 71
16 56
75 89
12 54
67 79
41 79
19 66
83 86
46 78
68 95
26 53
32 64
22 55
62 78
9 66
23 54
47 53
36 78
39 86
73 88
8 15
78 92
17 62
31 90
37 51
13 48
20 93
77 92
48 53
14 15
45 51
67 96
8 65
45 68
0 39
24 36
48 97
70 84
33 79
9 75
45 94
35 81
33 56
10 42
17 29
63 69
26 73
16 54
6 57
12 36
71 81
49 87
31 67
18 52
42 73
5 67
1 99
44 71
41 67
46 88
57 96
21 74
34 98
20 49
69 99
1 63
47 59
37 74
84 86
5 17
27 44
33 49
6 30
21 30
8 61
32 42
31 34
48 84
61 78
0 74
24 64
1 66
51 72
41 59
55 86
38 42
3 84
40 64
19 89
29 98
58 89
22 67
13 22
19 63
0 53
20 56
62 99
18 88
57 83
34 87
52 61
2 55
0 43
5 26
98 99
3 38
62 69
32 33
26 91
9 33
39 91
88 91
50 81
11 55
53 75
36 53
43 50
13 53
20 80
47 88
66 95
67 87
58 96
2 20
83 88
47 70
80 83
91 99
22 53
23 48
45 99
15 94
29 32
3 53
11 86
23 46
25 64
30 63
15 68
50 72
5 55
79 80
29 90
6 68
36 60
8 23
20 95
17 86
22 93
31 98
42 86
14 55
3 14
27 29
1 2
64 96
2 9
44 96
26 58
0 57
20 52
29 31
57 71
25 39
37 79
2 35
19 25
34 67
61 89
29 57
33 62
25 73
30 38
52 87
8 56
7 32
17 19
5 48
26 87
9 53
74 77
23 29
40 53
36 59
51 69
31 77
13 39
29 77
74 87
5 65
14 20
16 71
17 79
64 65
30 91
42 81
53 97
58 92
8 74
24 45
3 29
69 97
8 80
21 50
45 85
19 30
