nnodes nedges type
100 800 graph
nodename posx posy weight
0 -2.2044349572754727 3.469206805819123 30
1 -1.9141186330624913 4.568490334840456 92
2 -1.8436380185786916 2.790929878966359 1
3 -2.436036323079026 4.168518061438439 57
4 -2.5720872669831696 3.7158932503487923 4
5 -3.1016423368081423 2.9950448860501915 65
6 -2.8329932054053026 2.221070010730084 31
7 -2.4645422201016154 3.396021703214857 54
8 -2.22740654300489 2.546232261970229 94
9 -3.0328388561114457 4.462259593743784 83
10 -3.0711614310160136 2.8645992906132363 76
11 -2.537263960044698 4.985277195659644 3
12 -3.8816425494660525 3.6814509984092 80
13 -2.090196434447435 4.181283790392006 84
14 -3.6922856617292554 2.717971501097435 31
15 -2.6381754895555187 4.021908735875797 62
16 -3.255097625851073 3.680236885561168 81
17 -1.146836599845243 2.907822607083689 45
18 -3.8488678144220274 2.5299316163921 2
19 -1.8035319372762262 4.7380708506378015 19
20 -3.158055677857989 2.190167155100371 72
21 -3.9646636627540652 3.2461210543072703 68
22 -3.185011053245026 2.7301524400865005 35
23 -1.7608733477488892 3.7378832356439986 79
24 -2.609933129867346 2.647806043397104 37
25 -3.335037657645067 2.207494228672863 32
26 -2.7404311294202435 2.477170691370098 3
27 -1.6908026964825977 2.8710246404233213 34
28 -2.0039338580341397 3.231122634305741 85
29 -2.4587077166016007 2.328133718877688 42
30 -3.808426114685899 3.5223213294446625 66
31 -1.3264496983541847 3.128666865743846 81
32 -2.8504935014713557 2.771068965019582 6
33 -2.285415881152979 4.868595109574804 56
34 -2.1779619524640492 4.529844465374069 20
35 -1.8717847382130561 2.4283192815850763 29
36 -3.6602016617602415 3.9352605240038554 34
37 -3.109334893286905 4.010096074068359 37
38 -4.062815356805612 2.9636811949126662 63
39 -1.9113096971366512 2.2315196714037517 13
40 -3.4308703069960513 4.227783474796467 52
41 -1.8178083071270594 4.335069166566653 54
42 -1.3481251464979418 4.222978103424359 45
43 -3.2681052872424945 4.396899610246173 85
44 -1.1491350077747868 3.521653612770058 15
45 -2.4246051469214147 4.401580296533121 85
46 -2.4379665408863933 4.685292668184586 35
47 -2.9283476603053438 4.692572514691379 53
48 -2.246990188807163 1.9388791066172342 43
49 -2.2180669417360748 2.7686169926282322 94
50 -1.448324340474305 4.490367461174046 96
51 -2.3246466393924967 3.153427453275374 11
52 -2.126895405155223 3.012282273405279 59
53 -3.6028970678497236 3.5743044625545415 28
54 -3.60127179240479 2.4391148415986903 44
55 -3.5856313498498875 2.832595420807518 40
56 -4.376718938417941 3.301179221069397 68
57 -3.236591042855025 3.3166519587699024 7
58 -2.7716815644306454 4.624570616253548 67
59 -1.8577905702428374 3.028180943625801 63
60 -3.8442033907970186 4.029147615009091 30
61 -1.5034712401536927 2.8336578641166366 11
62 -2.215526977832094 2.3019697667654047 39
63 -3.351324830197264 4.821477754662262 39
64 -2.2013239565522875 4.018564894102702 12
65 -1.1844129795721028 4.034510177761981 20
66 -2.9008373135673757 1.7870202847981917 71
67 -2.7839580922657143 4.226352154798326 85
68 -1.7487745411469588 4.235865422225618 86
69 -2.7260088949170593 5.115510705036991 82
70 -1.92617202005152 2.5805431522573548 18
71 -3.386354686944403 4.1136229281741 89
72 -3.1506011373609506 2.5513760683269706 78
73 -3.8506281575259744 4.272679694599072 27
74 -1.5082780128391458 3.856879382392678 60
75 -2.9098928200479555 3.2768142126562143 65
76 -2.723413757887181 3.3772183326075247 17
77 -3.9122236269150057 4.439583412024036 65
78 -2.8800634326215233 2.418130667933205 77
79 -4.213411014950266 3.7522192296363306 35
80 -1.5634055645309222 2.533638092777696 8
81 -1.9814547910409834 3.658286448830794 74
82 -3.6680590216914597 3.27509748988716 44
83 -1.4278073109128266 3.631464696417762 63
84 -2.84084870475816 4.053481362791406 47
85 -3.6756233925506847 3.1094138911380473 71
86 -2.5648007362920326 3.0767405210254566 1
87 -1.560467634618388 3.194690708355511 51
88 -3.4051081062383215 4.640902253919522 45
89 -1.1647687280257835 3.2760713379225965 73
90 -2.9439750715464634 3.636138868455942 29
91 -1.7236444332568859 4.039817371871804 67
92 -3.601203869568393 4.634143258715943 100
93 -3.5185208464777538 3.0705183186112293 52
94 -3.1294612146697394 4.922920870401946 59
95 -3.150367736619282 3.538919959153549 63
96 -2.578449767398131 2.091825068765357 91
97 -2.1504480595184603 3.7414881303760397 90
98 -2.731989634444153 3.6744149155570263 10
99 -1.5923793655526668 3.465571770377837 54
endpoint1 endpoint2
5 31
59 78
27 46
25 82
6 28
9 84
4 36
15 74
7 25
63 76
48 86
29 44
17 20
0 76
24 66
40 60
38 86
51 74
52 68
0 98
78 86
3 86
52 98
67 74
13 58
41 74
48 59
88 98
1 28
19 65
43 76
44 86
0 55
32 87
14 43
39 97
26 54
0 45
60 79
23 53
1 40
21 37
10 85
8 38
27 93
38 73
30 58
52 67
7 44
63 83
29 95
18 36
75 93
40 73
36 55
10 14
2 99
49 89
64 95
37 54
20 82
5 93
47 90
69 73
17 83
56 82
83 90
1 15
16 97
15 43
45 71
19 44
2 12
24 33
60 70
23 50
45 97
37 68
5 43
12 90
9 40
24 80
72 74
52 74
15 70
5 53
75 82
4 94
17 50
31 70
77 88
42 74
30 86
64 76
26 30
41 94
12 29
69 92
16 88
4 11
2 7
85 89
33 67
20 54
18 98
10 71
9 79
23 75
45 90
34 65
32 49
5 20
12 81
59 75
30 36
52 81
8 58
41 44
22 30
26 85
18 22
23 31
40 55
53 91
10 48
49 75
4 99
15 19
56 96
13 25
43 73
44 89
68 87
51 57
58 68
34 88
0 40
22 63
73 78
7 27
5 39
61 74
2 76
49 76
31 52
29 68
69 97
14 29
40 68
15 24
20 85
48 61
55 72
5 82
16 86
67 82
56 77
19 67
44 80
47 69
3 4
71 72
51 62
39 99
4 7
2 51
56 60
13 99
12 71
3 42
21 35
7 16
32 37
27 95
24 75
23 45
16 24
39 87
88 95
1 95
4 75
37 42
11 43
40 75
36 49
2 97
43 54
28 79
51 97
16 77
31 97
41 91
9 98
16 99
67 97
87 98
84 96
85 94
35 72
24 35
33 72
71 95
34 68
97 98
20 23
3 57
9 46
72 76
4 50
51 90
34 62
13 80
5 51
26 72
18 29
74 78
12 43
54 70
8 27
9 26
6 82
30 84
19 81
26 28
46 91
32 93
5 8
60 95
21 53
45 88
20 30
4 57
52 83
31 35
13 73
5 60
26 83
18 20
27 67
75 77
9 57
17 41
11 63
42 51
55 87
3 85
76 93
41 69
0 30
46 98
12 22
16 81
21 84
65 99
30 97
33 90
46 68
71 77
62 98
10 76
57 76
4 26
19 34
0 42
22 61
5 27
70 91
59 66
1 43
10 86
21 24
54 62
28 37
37 94
8 35
5 37
26 90
9 34
33 45
63 86
29 66
6 76
12 55
17 68
22 99
31 92
19 95
76 84
19 69
0 11
41 80
3 6
18 82
58 77
36 97
19 43
34 81
10 81
25 95
36 79
8 42
5 46
16 26
23 47
39 81
17 27
50 75
28 83
18 32
90 91
53 85
36 51
64 83
76 83
55 67
10 20
67 93
56 86
7 87
1 3
58 84
21 64
4 8
43 95
26 61
9 74
25 32
45 93
4 22
2 34
26 39
3 59
39 78
36 92
27 76
16 55
6 62
4 90
13 40
37 59
29 78
16 70
46 89
1 4
69 88
16 92
21 73
68 84
57 73
28 50
50 99
32 53
61 83
12 77
29 51
81 94
4 59
32 43
63 77
7 30
39 93
4 65
54 95
7 52
0 97
28 95
17 65
30 93
65 97
68 83
21 60
84 94
56 57
6 22
7 23
29 38
9 32
24 72
6 40
1 90
10 39
51 80
37 45
26 66
25 96
4 86
8 17
49 90
13 52
64 94
11 12
28 76
41 76
19 71
0 13
24 58
46 77
7 88
32 67
3 46
60 69
23 51
57 61
21 47
36 73
54 55
45 98
9 41
23 41
4 55
52 73
50 73
5 54
29 89
35 58
18 30
12 40
3 69
4 93
49 83
65 89
20 88
44 45
14 18
25 26
67 95
22 82
28 97
7 81
47 78
15 49
4 10
43 81
85 90
2 6
32 90
3 23
60 92
57 70
93 97
34 64
32 48
5 21
3 61
25 72
6 26
4 62
34 58
15 76
50 64
52 80
48 80
27 78
16 41
38 92
17 52
65 82
11 58
14 21
55 90
10 29
15 16
46 95
66 72
17 96
8 75
19 59
32 81
33 69
23 65
86 97
1 61
14 75
61 81
82 98
36 69
52 95
63 79
48 87
13 69
16 32
6 55
54 93
51 77
4 67
40 67
52 99
64 89
13 57
42 89
47 92
6 99
21 80
44 87
71 73
59 96
60 82
10 72
57 80
45 77
35 64
22 49
3 43
9 92
59 70
75 96
23 52
62 72
2 44
15 82
48 78
4 74
34 38
8 13
7 47
52 76
28 80
37 43
35 55
61 62
6 64
10 15
37 53
28 78
54 96
66 90
35 99
0 15
0 37
61 99
87 89
2 39
0 91
11 75
81 96
51 91
8 52
13 81
14 97
79 93
16 52
49 81
30 77
8 26
64 87
31 65
8 96
28 99
64 99
24 41
20 55
59 84
57 68
47 57
4 18
80 99
37 76
26 35
70 99
61 86
11 64
29 54
30 37
36 88
28 45
7 29
22 31
9 58
38 82
41 53
78 82
40 94
64 68
31 84
76 92
91 92
47 81
21 85
2 31
33 91
46 71
3 30
1 50
23 67
60 85
58 69
0 41
62 71
27 35
36 71
4 39
34 51
86 89
54 57
31 41
35 42
72 95
49 67
78 85
35 48
42 61
12 54
64 91
22 98
55 75
23 98
78 97
2 22
41 81
24 55
14 46
3 7
71 75
25 54
80 81
0 32
12 64
59 88
72 96
15 92
49 98
0 70
7 19
61 66
59 62
73 88
36 84
52 78
50 74
63 92
37 41
28 82
11 42
4 82
48 53
17 80
56 85
2 17
44 72
14 49
45 68
35 75
14 91
45 94
32 61
7 8
5 40
29 59
25 75
6 39
38 71
36 83
51 93
2 95
34 63
79 95
6 57
43 46
41 50
18 52
14 22
1 99
15 23
26 29
42 83
14 56
47 74
0 62
89 99
23 68
45 87
84 86
0 84
50 98
3 33
30 43
4 58
2 86
8 61
18 21
33 43
72 90
0 96
3 84
7 74
16 82
65 98
71 76
60 87
25 51
8 85
15 32
9 95
25 85
82 94
37 93
2 81
7 20
9 33
51 81
34 43
8 10
13 91
9 11
75 91
36 53
49 91
30 71
22 96
42 69
5 95
49 61
13 15
22 90
2 20
41 87
68 89
1 9
25 52
23 90
36 98
19 42
32 66
56 63
22 53
70 83
62 76
9 64
71 99
60 68
72 98
45 99
4 40
49 96
7 13
5 45
11 86
62 86
3 53
29 32
23 46
38 66
73 94
81 99
10 33
13 84
29 90
35 59
26 76
4 92
64 84
9 22
77 90
51 98
17 86
64 74
22 93
28 96
67 92
5 98
27 29
1 2
69 94
58 85
15 54
4 9
84 99
29 31
59 83
60 67
9 73
57 71
93 98
23 39
72 79
36 93
10 40
34 61
7 32
22 24
5 48
63 71
42 45
3 75
28 65
7 79
0 26
69 71
16 93
15 63
13 27
32 80
89 97
46 64
18 95
10 64
23 70
15 37
45 85
34 90
