nnodes nedges type
100 800 graph
nodename posx posy weight
0 -0.02958861455463326 -4.032605607417813 10
1 0.5501030163722261 -4.983766557116403 57
2 0.34423371481828585 -3.7388780522493033 63
3 1.6910162805953515 -5.060210238383225 66
4 1.0450750577759216 -6.406791937607411 15
5 0.49802789390184865 -5.383360030166676 7
6 0.43411371222338047 -4.362285357947294 61
7 0.8523715449905838 -5.432247480397507 84
8 1.6628912682894266 -3.639487424362889 64
9 1.5646307883907362 -5.483786088667836 72
10 2.078636810311979 -4.825553953888525 53
11 0.9581530373150322 -4.994171353992172 40
12 1.710067895760749 -6.432253374272616 16
13 -0.6762948747934334 -5.209884507444669 41
14 0.8990641595210497 -4.091608691896199 74
15 1.932273134392806 -6.061527725808415 40
16 0.3149503328190102 -6.441321382351338 66
17 0.7893942660810529 -4.808261737078426 40
18 1.9137832075870176 -5.251063707853133 8
19 0.952575675396869 -4.3090443381997146 61
20 1.1943218909236146 -4.979141250145185 19
21 0.9523687262512062 -4.543844713290083 55
22 1.4549624768461114 -4.1098857802240945 12
23 -0.7532414656314245 -4.793967259405688 52
24 -0.3266153727987303 -4.480510583546306 58
25 2.1698790347265775 -5.846775013508344 41
26 2.4748849888613176 -4.639213576510782 57
27 1.7677370848115133 -5.498569299160213 46
28 1.6029200890146529 -4.707131635400284 74
29 0.1329381862870227 -4.261092599397068 48
30 1.8977983246050518 -3.936002532197721 69
31 0.8555039385870985 -3.745078592065737 26
32 0.13713257734735385 -4.898686921634936 95
33 1.0639409447459744 -3.6515974084401686 54
34 -0.1374205639025132 -4.299918288184789 62
35 0.05669943000856097 -4.575582323835517 35
36 1.9124493817262622 -4.664984899756759 59
37 0.2216476065819248 -4.069501853705329 13
38 -0.1931733948801383 -5.430067842107016 68
39 -0.04089386662429338 -5.699855767181077 3
40 -0.5460121554116265 -5.57974545082056 77
41 0.5747331559784896 -5.882984080022025 7
42 1.3033700453123702 -3.6679056890476422 100
43 1.7835171001632324 -6.134652627866768 69
44 1.4446448770484568 -4.503857731980481 47
45 1.259670501895238 -5.707254906642092 17
46 1.34653478393004 -6.171288248190213 64
47 1.1052271229355313 -5.321265338795537 82
48 1.1628126857967525 -6.62967691155884 97
49 1.3654793896343067 -4.684370556273343 60
50 1.5039101168241142 -5.301168820795542 14
51 2.4124123727811635 -5.196108538442046 77
52 0.36520259541284217 -6.127406542216827 33
53 0.5365063076863096 -3.711697961369764 1
54 1.1807550258795514 -5.876142075279889 82
55 0.14024148570637615 -5.789398252570714 32
56 -0.5050831428900553 -4.98555675521834 54
57 -0.381112388379307 -5.846316767375779 57
58 -0.166825068387423 -4.915096836407808 55
59 0.917691538754702 -6.247336142120415 86
60 -0.4572611302698883 -5.4402374422233 11
61 0.6252385276329363 -4.350560597738259 66
62 -0.33824784228047344 -5.172755885659946 65
63 1.5119887520470952 -5.840617025559971 67
64 0.11575268045034795 -5.498868433317633 91
65 2.3526717279474916 -5.3841703542893065 65
66 -0.15774495144976763 -4.52106498960203 28
67 2.039691792632956 -5.954482992646954 90
68 0.5640404965811241 -3.947535073000559 86
69 0.6409604737983132 -6.316062610981217 77
70 -0.026894915312364077 -6.045557397095987 22
71 0.13986281634897024 -3.744760370062655 31
72 0.07612176024992814 -6.274599201474289 43
73 1.2731459135792305 -4.124074187005932 45
74 2.1661195666957433 -5.032803023750746 65
75 1.3439892715384396 -5.4685822467005 43
76 0.5992570097201723 -5.687626484385032 63
77 1.947271152323539 -4.181690996984994 1
78 1.5458647567825627 -4.975986687564686 18
79 1.848184268166577 -4.427519156179326 57
80 0.7328537850835452 -5.5555126992646455 84
81 0.3331265092317527 -5.40970358543541 95
82 2.2060692631564494 -5.670801743519873 62
83 1.5798901590541083 -6.018734167381993 69
84 0.31469013788880346 -4.966641265330508 33
85 -0.5046215715270573 -4.598364200756064 37
86 0.7355080573525433 -6.56932422721293 26
87 0.7302422470457857 -5.058692458534322 93
88 0.9926330928926439 -6.1398877265951475 25
89 2.1761864600527545 -4.362307834856774 96
90 2.1287237423398495 -5.230223433089188 74
91 1.4741245028957162 -3.8762642885525342 84
92 0.4213283934283633 -4.654669109141413 59
93 1.0388463576697786 -3.7934003767596427 96
94 -0.038462576867889293 -5.026785951698714 39
95 1.2675664947567598 -6.409972337020156 39
96 0.7280908841598454 -6.02165357709705 89
97 -0.10802147123152696 -5.9291329789316185 47
98 0.1096456383674197 -6.075767651004165 70
99 1.206703016426469 -4.446522979005069 53
endpoint1 endpoint2
29 50
59 78
23 60
6 28
2 84
15 74
7 25
63 76
48 86
11 90
75 78
30 51
52 68
7 55
28 88
52 98
64 88
5 84
88 98
17 90
46 75
62 97
57 81
80 94
43 98
34 85
5 24
3 40
53 62
1 40
75 97
12 69
21 37
34 79
32 35
7 22
5 34
26 89
4 73
54 87
78 89
12 50
53 73
37 54
5 93
48 50
49 51
21 90
35 96
0 14
41 85
90 99
69 83
23 84
58 72
4 12
26 49
24 33
14 84
10 92
87 94
62 84
27 82
6 32
36 80
79 82
6 58
4 94
49 82
55 92
47 99
10 19
64 76
11 26
15 48
21 77
4 11
80 98
28 54
35 85
32 49
14 65
29 55
61 87
30 36
4 63
2 91
15 79
22 30
48 81
3 77
10 48
49 75
13 37
29 75
38 55
10 26
43 56
17 77
30 89
31 85
19 84
0 28
14 60
30 99
56 70
85 98
32 82
33 68
46 70
20 61
11 96
18 93
68 87
24 94
23 62
4 38
37 80
52 88
7 27
39 94
30 49
52 70
41 63
50 82
53 78
44 58
47 95
45 59
1 18
22 71
78 96
83 87
71 72
68 94
18 84
45 76
56 60
59 89
10 83
75 99
81 84
36 77
7 16
5 32
59 63
27 95
39 87
1 95
7 46
31 61
29 93
16 62
3 65
4 81
8 20
65 69
48 52
45 52
35 98
46 80
9 98
57 88
58 86
80 87
84 96
35 72
0 38
32 70
20 41
9 68
60 64
21 44
0 92
11 74
9 46
38 70
36 82
4 50
79 92
9 48
6 56
72 82
54 70
7 61
20 91
9 26
15 20
11 28
26 28
0 7
60 97
66 76
58 81
15 50
22 75
19 55
96 97
9 77
18 96
59 87
5 18
29 53
14 71
9 87
37 85
28 46
0 73
22 28
48 83
29 47
26 83
18 20
27 67
75 77
17 41
41 52
18 46
77 79
14 24
17 67
56 98
31 87
76 93
41 69
42 93
51 55
21 84
13 23
22 66
44 91
0 52
7 97
14 36
20 63
68 81
1 49
66 97
58 66
57 76
19 34
84 92
22 61
14 78
63 98
60 76
25 86
39 66
86 94
13 66
11 94
24 70
6 42
39 88
54 80
1 68
52 64
17 34
49 66
50 80
28 84
31 54
11 52
18 41
67 78
64 92
0 21
48 63
47 89
3 96
1 16
49 62
2 23
7 94
21 71
45 74
52 59
26 50
0 33
84 91
12 65
3 44
1 44
15 95
32 39
58 60
5 46
7 18
62 81
9 43
23 47
6 45
2 69
13 85
28 83
11 45
16 48
36 51
4 83
30 73
65 91
49 55
31 99
19 74
20 68
50 52
46 86
47 76
3 15
68 71
18 77
9 96
43 95
33 78
47 61
30 31
35 80
11 76
27 86
6 36
30 33
34 60
31 36
29 84
27 76
42 44
50 92
41 49
24 96
38 48
4 96
10 31
16 70
8 99
22 87
20 67
42 80
15 60
44 94
32 95
14 35
69 98
1 62
10 67
45 86
28 50
19 31
84 87
0 85
50 99
52 55
20 24
32 53
9 85
27 47
2 61
81 94
36 91
34 55
61 77
75 79
30 50
7 52
55 81
14 30
30 93
41 75
49 59
22 64
13 21
60 80
25 50
45 79
56 57
22 51
20 39
6 22
82 95
8 37
63 74
11 80
61 70
76 98
4 72
1 90
10 39
37 45
29 64
35 53
16 59
54 72
49 90
30 68
76 86
7 66
67 86
17 92
56 81
44 76
50 59
33 81
24 58
90 98
3 8
18 80
45 72
80 84
43 88
20 46
3 46
60 69
47 54
21 47
34 73
32 57
40 41
63 89
31 57
26 77
27 73
16 50
64 85
13 45
47 96
40 85
49 53
67 95
64 75
28 97
5 97
46 84
18 75
27 28
64 97
28 31
19 50
5 11
80 97
28 53
29 56
3 61
23 38
52 80
15 76
41 45
63 70
22 25
7 35
18 25
16 41
38 92
53 92
54 90
10 51
8 31
11 58
18 51
40 92
3 80
17 78
19 85
7 78
33 99
46 95
40 98
15 62
58 93
32 81
14 33
1 60
25 47
35 91
0 87
63 97
73 79
37 81
52 95
8 32
7 24
63 79
35 40
9 61
16 32
38 87
73 81
34 47
17 45
31 53
3 89
67 77
39 44
42 89
5 83
88 99
1 19
17 89
2 24
3 5
68 93
51 63
23 94
39 96
84 88
94 99
12 70
25 90
7 17
55 59
27 92
16 39
38 78
39 84
4 74
34 38
17 38
61 62
75 92
6 64
12 51
54 78
4 80
49 88
8 19
64 80
69 72
1 20
67 88
41 84
46 83
18 78
16 98
35 73
32 69
60 71
97 99
5 42
11 75
29 61
81 96
36 81
1 81
50 71
13 81
5 52
29 87
72 81
4 95
54 65
43 44
8 26
17 49
36 63
44 47
77 87
40 87
66 85
19 78
11 29
44 69
7 83
0 6
14 58
47 72
46 90
18 73
15 51
58 80
33 66
24 41
59 84
25 36
22 37
12 82
9 80
33 51
16 21
23 32
28 45
15 78
63 64
11 38
6 50
54 88
49 74
74 82
38 52
17 76
19 87
20 79
76 92
7 72
16 80
66 70
58 91
21 85
93 94
44 90
2 31
1 50
25 45
4 25
19 35
26 42
35 93
3 36
59 67
27 35
82 96
73 77
30 44
2 83
61 73
2 77
7 48
63 87
11 53
74 93
6 79
17 69
39 46
42 71
58 98
21 94
13 17
7 95
59 98
80 81
94 97
12 64
25 88
72 96
75 98
36 78
2 42
7 19
6 44
4 52
1 94
63 92
35 57
6 70
40 76
36 50
45 51
16 78
17 80
19 75
0 1
83 95
46 81
3 12
57 95
58 87
21 65
84 97
2 11
32 71
33 79
14 91
46 59
27 49
1 38
21 43
2 37
5 40
6 39
7 38
29 85
9 55
74 79
6 57
3 73
1 73
13 41
29 79
27 99
79 99
41 67
46 88
17 99
21 74
34 98
20 49
27 54
1 63
86 98
52 54
0 84
11 66
12 76
81 95
30 43
28 47
52 92
31 34
11 88
27 66
24 64
40 58
38 80
54 94
17 40
78 80
20 99
55 86
14 25
3 84
64 70
56 99
20 73
7 74
47 83
10 99
43 74
0 53
20 56
60 87
57 83
4 27
19 37
52 61
43 96
70 88
12 75
9 95
23 59
36 65
54 63
32 33
48 75
24 71
88 91
49 91
30 71
44 53
5 95
55 69
3 99
1 23
49 61
67 87
58 96
19 68
43 67
68 89
80 83
19 42
2 14
32 66
70 83
21 32
87 92
58 61
5 45
12 88
62 86
36 86
8 49
13 84
12 47
37 49
42 76
10 21
16 64
64 74
20 69
46 87
3 14
64 96
33 77
14 89
27 51
1 36
59 83
38 99
9 73
26 36
7 10
9 83
36 93
51 95
34 61
3 75
53 93
10 50
17 53
41 48
13 39
11 59
3 81
19 82
26 27
41 65
44 65
14 62
40 97
22 78
19 56
69 97
86 96
