nnodes nedges type
49 84 graph
nodename posx posy weight
0 0 0 219
1 1 0 134
2 2 0 219
3 3 0 320
4 4 0 493
5 5 0 389
6 6 0 310
7 0 1 269
8 1 1 61
9 2 1 309
10 3 1 26
11 4 1 88
12 5 1 62
13 6 1 460
14 0 2 176
15 1 2 185
16 2 2 496
17 3 2 222
18 4 2 123
19 5 2 313
20 6 2 399
21 0 3 500
22 1 3 32
23 2 3 363
24 3 3 444
25 4 3 65
26 5 3 204
27 6 3 293
28 0 4 305
29 1 4 213
30 2 4 421
31 3 4 35
32 4 4 209
33 5 4 140
34 6 4 469
35 0 5 398
36 1 5 119
37 2 5 393
38 3 5 446
39 4 5 326
40 5 5 362
41 6 5 40
42 0 6 137
43 1 6 3
44 2 6 451
45 3 6 193
46 4 6 435
47 5 6 465
48 6 6 316
endpoint1 endpoint2
39 46
10 11
22 23
10 17
42 43
5 6
28 29
19 26
21 28
29 36
36 37
0 7
8 9
15 16
25 32
40 41
18 19
30 31
30 37
46 47
31 32
24 31
36 43
1 2
16 17
23 30
32 33
2 9
12 13
44 45
3 10
5 12
28 35
25 26
17 24
33 40
38 45
3 4
11 18
13 20
35 36
39 40
8 15
20 27
40 47
47 48
7 14
15 22
26 33
4 5
29 30
37 38
43 44
16 23
32 39
9 10
9 16
41 48
2 3
14 15
22 29
11 12
19 20
4 11
23 24
0 1
17 18
31 38
33 34
26 27
38 39
18 25
34 41
21 22
45 46
35 42
37 44
12 19
24 25
1 8
6 13
14 21
27 34
7 8
