nnodes nedges type
49 84 graph
nodename posx posy weight
0 0 0 24
1 1 0 174
2 2 0 452
3 3 0 486
4 4 0 479
5 5 0 151
6 6 0 25
7 0 1 298
8 1 1 306
9 2 1 414
10 3 1 369
11 4 1 250
12 5 1 157
13 6 1 28
14 0 2 304
15 1 2 51
16 2 2 327
17 3 2 300
18 4 2 117
19 5 2 437
20 6 2 102
21 0 3 393
22 1 3 390
23 2 3 194
24 3 3 118
25 4 3 434
26 5 3 259
27 6 3 268
28 0 4 336
29 1 4 278
30 2 4 165
31 3 4 348
32 4 4 66
33 5 4 248
34 6 4 215
35 0 5 196
36 1 5 60
37 2 5 197
38 3 5 70
39 4 5 5
40 5 5 402
41 6 5 247
42 0 6 271
43 1 6 462
44 2 6 390
45 3 6 314
46 4 6 72
47 5 6 490
48 6 6 201
endpoint1 endpoint2
39 46
10 11
22 23
10 17
42 43
5 6
28 29
19 26
21 28
29 36
36 37
0 7
8 9
15 16
25 32
40 41
18 19
30 31
30 37
46 47
31 32
24 31
36 43
1 2
16 17
23 30
32 33
2 9
12 13
44 45
3 10
5 12
28 35
25 26
17 24
33 40
38 45
3 4
11 18
13 20
35 36
39 40
8 15
20 27
40 47
47 48
7 14
15 22
26 33
4 5
29 30
37 38
43 44
16 23
32 39
9 10
9 16
41 48
2 3
14 15
22 29
11 12
19 20
4 11
23 24
0 1
17 18
31 38
33 34
26 27
38 39
18 25
34 41
21 22
45 46
35 42
37 44
12 19
24 25
1 8
6 13
14 21
27 34
7 8
