nnodes nedges type
49 84 graph
nodename posx posy weight
0 0 0 188
1 1 0 207
2 2 0 332
3 3 0 12
4 4 0 7
5 5 0 212
6 6 0 115
7 0 1 479
8 1 1 240
9 2 1 495
10 3 1 488
11 4 1 64
12 5 1 142
13 6 1 225
14 0 2 162
15 1 2 483
16 2 2 107
17 3 2 441
18 4 2 18
19 5 2 273
20 6 2 10
21 0 3 145
22 1 3 4
23 2 3 192
24 3 3 313
25 4 3 358
26 5 3 24
27 6 3 259
28 0 4 488
29 1 4 395
30 2 4 173
31 3 4 371
32 4 4 396
33 5 4 199
34 6 4 300
35 0 5 429
36 1 5 194
37 2 5 312
38 3 5 30
39 4 5 299
40 5 5 40
41 6 5 192
42 0 6 379
43 1 6 327
44 2 6 185
45 3 6 71
46 4 6 106
47 5 6 16
48 6 6 217
endpoint1 endpoint2
39 46
10 11
22 23
10 17
42 43
5 6
28 29
19 26
21 28
29 36
36 37
0 7
8 9
15 16
25 32
40 41
18 19
30 31
30 37
46 47
31 32
24 31
36 43
1 2
16 17
23 30
32 33
2 9
12 13
44 45
3 10
5 12
28 35
25 26
17 24
33 40
38 45
3 4
11 18
13 20
35 36
39 40
8 15
20 27
40 47
47 48
7 14
15 22
26 33
4 5
29 30
37 38
43 44
16 23
32 39
9 10
9 16
41 48
2 3
14 15
22 29
11 12
19 20
4 11
23 24
0 1
17 18
31 38
33 34
26 27
38 39
18 25
34 41
21 22
45 46
35 42
37 44
12 19
24 25
1 8
6 13
14 21
27 34
7 8
