nnodes nedges type
49 84 graph
nodename posx posy weight
0 0 0 72
1 1 0 182
2 2 0 131
3 3 0 34
4 4 0 159
5 5 0 383
6 6 0 198
7 0 1 336
8 1 1 483
9 2 1 238
10 3 1 173
11 4 1 287
12 5 1 242
13 6 1 155
14 0 2 215
15 1 2 291
16 2 2 314
17 3 2 2
18 4 2 288
19 5 2 162
20 6 2 362
21 0 3 217
22 1 3 191
23 2 3 264
24 3 3 34
25 4 3 21
26 5 3 470
27 6 3 370
28 0 4 454
29 1 4 449
30 2 4 28
31 3 4 59
32 4 4 386
33 5 4 87
34 6 4 364
35 0 5 167
36 1 5 7
37 2 5 290
38 3 5 187
39 4 5 62
40 5 5 339
41 6 5 380
42 0 6 83
43 1 6 234
44 2 6 254
45 3 6 436
46 4 6 254
47 5 6 121
48 6 6 98
endpoint1 endpoint2
39 46
10 11
22 23
10 17
42 43
5 6
28 29
19 26
21 28
29 36
36 37
0 7
8 9
15 16
25 32
40 41
18 19
30 31
30 37
46 47
31 32
24 31
36 43
1 2
16 17
23 30
32 33
2 9
12 13
44 45
3 10
5 12
28 35
25 26
17 24
33 40
38 45
3 4
11 18
13 20
35 36
39 40
8 15
20 27
40 47
47 48
7 14
15 22
26 33
4 5
29 30
37 38
43 44
16 23
32 39
9 10
9 16
41 48
2 3
14 15
22 29
11 12
19 20
4 11
23 24
0 1
17 18
31 38
33 34
26 27
38 39
18 25
34 41
21 22
45 46
35 42
37 44
12 19
24 25
1 8
6 13
14 21
27 34
7 8
