nnodes nedges type
49 84 graph
nodename posx posy weight
0 0 0 232
1 1 0 410
2 2 0 126
3 3 0 167
4 4 0 205
5 5 0 229
6 6 0 292
7 0 1 146
8 1 1 431
9 2 1 65
10 3 1 248
11 4 1 17
12 5 1 297
13 6 1 112
14 0 2 63
15 1 2 2
16 2 2 422
17 3 2 420
18 4 2 321
19 5 2 283
20 6 2 147
21 0 3 212
22 1 3 11
23 2 3 15
24 3 3 460
25 4 3 309
26 5 3 293
27 6 3 372
28 0 4 263
29 1 4 120
30 2 4 35
31 3 4 351
32 4 4 496
33 5 4 317
34 6 4 275
35 0 5 412
36 1 5 302
37 2 5 84
38 3 5 291
39 4 5 93
40 5 5 161
41 6 5 176
42 0 6 382
43 1 6 410
44 2 6 423
45 3 6 8
46 4 6 140
47 5 6 366
48 6 6 389
endpoint1 endpoint2
39 46
10 11
22 23
10 17
42 43
5 6
28 29
19 26
21 28
29 36
36 37
0 7
8 9
15 16
25 32
40 41
18 19
30 31
30 37
46 47
31 32
24 31
36 43
1 2
16 17
23 30
32 33
2 9
12 13
44 45
3 10
5 12
28 35
25 26
17 24
33 40
38 45
3 4
11 18
13 20
35 36
39 40
8 15
20 27
40 47
47 48
7 14
15 22
26 33
4 5
29 30
37 38
43 44
16 23
32 39
9 10
9 16
41 48
2 3
14 15
22 29
11 12
19 20
4 11
23 24
0 1
17 18
31 38
33 34
26 27
38 39
18 25
34 41
21 22
45 46
35 42
37 44
12 19
24 25
1 8
6 13
14 21
27 34
7 8
