nnodes nedges type
30 200 graph
nodename posx posy weight
0 0.31639882678606834 -3.393200607117838 231
1 -0.4528669368285369 -3.3158969488763734 311
2 -0.15127216209677333 -2.8057060882681775 150
3 0.5791399253650138 -4.4777422490998955 260
4 1.56687572020279 -2.702343315171895 486
5 0.39870968723429223 -4.11541520809808 283
6 0.262908160388307 -2.7110658857415473 395
7 -0.22748541429509553 -4.195135195422292 259
8 0.3291943318256973 -2.4432190322216436 385
9 0.661395362975749 -3.6456718251436997 400
10 -0.23130215492078401 -3.0258966276036583 271
11 0.7188548328044697 -4.060247933795259 285
12 0.4716966284361132 -3.2146189841116306 427
13 0.6229125406543509 -2.319094366115951 367
14 2.018848276023193 -2.972696308677021 416
15 1.3141329123798307 -3.3633033408225534 236
16 0.9909123834818514 -2.9017657053988524 320
17 0.09455319288140296 -4.2460291735701015 483
18 1.1766898212034547 -3.9904484982216566 285
19 1.816637386434662 -3.9580494696661543 480
20 0.6926799243242032 -3.377664933141968 201
21 1.1847940078594499 -2.3652739024894625 256
22 1.6180784195585924 -3.2401444117673535 391
23 1.023590099376096 -4.472178475525868 126
24 -0.31079573834159946 -3.8565438605252282 70
25 -0.005339568629993677 -3.5113790777910348 10
26 1.326539602275726 -2.70576187355477 267
27 0.6755686146213224 -2.8416936798478747 317
28 1.462006262823143 -3.6686574103958147 476
29 1.4797315812119138 -4.241853401655579 237
endpoint1 endpoint2
9 26
15 27
6 9
20 25
10 17
21 28
11 28
26 28
17 20
0 7
16 28
7 25
18 19
0 10
1 6
3 7
5 8
3 24
4 19
19 29
24 27
6 10
5 18
14 18
11 22
0 17
16 22
6 25
12 17
0 4
7 28
16 25
13 20
8 15
23 25
2 6
3 23
10 13
8 21
5 24
4 16
9 16
15 29
16 19
0 1
17 18
22 25
1 12
8 12
2 11
3 18
6 13
5 27
4 21
19 23
11 15
9 19
15 16
14 21
0 27
2 18
17 29
22 26
13 26
3 11
18 26
8 9
4 12
3 28
2 12
3 17
9 25
15 26
6 14
14 22
0 21
15 23
21 27
20 21
12 13
7 24
13 16
12 24
0 11
17 24
13 29
14 28
4 28
15 25
1 19
0 5
12 29
4 11
3 5
2 7
4 6
5 7
10 25
9 23
24 25
5 20
20 28
10 20
6 27
12 23
11 25
0 2
13 22
18 22
1 3
4 8
2 8
4 27
4 22
19 22
9 18
15 19
6 17
5 23
1 20
16 17
1 25
0 15
22 27
13 25
8 10
2 13
9 11
9 24
8 16
5 29
0 22
6 18
21 26
20 22
0 25
7 27
13 15
12 25
2 20
21 23
3 9
18 28
3 26
8 26
14 29
9 27
14 16
20 24
15 21
11 29
0 6
2 25
1 7
0 9
5 9
10 11
5 6
9 22
20 29
10 21
25 27
12 16
11 24
16 24
2 26
1 2
18 23
2 9
9 15
3 20
9 28
14 27
10 27
9 17
15 18
7 10
11 18
7 23
2 16
1 13
18 24
9 10
5 15
3 19
5 28
4 20
11 12
10 28
0 23
7 9
12 15
11 17
26 27
21 22
12 26
13 27
3 8
1 8
8 27
