nnodes nedges type
30 200 graph
nodename posx posy weight
0 -1.95898595053668 3.8754565925108246 221
1 -1.2650308903338523 2.27781440241972 268
2 -2.2013562951910286 1.7949927040781388 389
3 -0.9379988197120381 1.9369627493639516 400
4 -1.7603559741928794 2.6189327292415565 453
5 -1.6123477847339027 3.5911596497065106 141
6 -1.9938668956781236 2.9464032286909103 230
7 -0.7210486433656332 3.3556103670080653 126
8 -1.4090147829312616 3.053562794995276 418
9 -2.471299606533046 2.7831635038042806 233
10 -1.810320438451422 2.1264055031288156 69
11 -2.762474835439528 3.4544440040297917 411
12 -1.6760202774646125 1.6431803583690883 133
13 -2.6499606432310108 2.5695428299178724 302
14 -2.488977589759414 3.0326901063866654 187
15 -1.6877285585374928 3.206710802448683 341
16 -1.4959345584630253 4.049547250864952 71
17 -0.30072232317820435 2.6303957444222568 123
18 -0.9162941347267456 3.1313123874424718 177
19 -1.4075747221886983 1.7453840276971655 429
20 -2.3158912063923798 2.181174373695757 249
21 -0.7807720444014618 2.7814479392110565 30
22 -1.3751676774050563 2.706411992223925 411
23 -1.0734738935645411 3.926184117472683 469
24 -1.1463962748954057 3.518489850982489 330
25 -0.7256839968472203 2.163349685952534 354
26 -2.063021469088451 2.606891659982731 357
27 -2.2036358126785474 3.726473820549428 268
28 -1.0770890538167024 2.493272808273537 50
29 -2.1911074701518376 3.3853218090886186 421
endpoint1 endpoint2
6 28
1 17
7 25
1 6
17 25
3 7
5 8
3 24
8 24
4 19
24 27
14 18
5 18
16 22
11 27
0 4
7 28
13 20
12 28
2 27
4 10
5 11
4 5
10 13
8 21
9 16
14 15
5 21
7 22
12 22
17 18
22 25
3 12
1 12
18 25
23 28
5 14
8 18
6 13
5 27
4 21
11 15
9 19
15 16
21 24
1 21
7 21
22 23
0 14
22 26
13 26
1 15
8 9
18 26
2 12
8 28
3 17
6 14
14 22
20 26
15 23
12 13
26 29
0 24
16 29
13 29
4 28
19 28
9 20
15 25
14 19
24 28
5 17
6 11
0 18
16 23
12 18
1 19
0 5
16 26
0 8
23 24
4 11
5 10
3 22
10 25
6 20
20 28
10 20
6 27
3 15
18 22
1 3
4 8
28 29
2 8
5 13
10 15
5 26
11 14
10 26
19 22
7 11
6 17
5 23
2 19
1 25
22 27
4 13
2 13
9 11
4 24
9 24
14 23
5 29
20 27
19 21
11 13
15 22
21 26
20 22
12 14
1 23
0 25
7 27
13 15
12 25
1 4
13 28
2 3
1 9
3 26
8 26
14 29
4 29
15 24
20 24
15 21
21 29
12 19
11 29
1 18
0 6
16 27
13 18
2 25
0 9
23 27
3 4
2 4
4 7
10 11
5 6
9 22
20 29
10 21
7 16
6 24
16 21
1 29
16 24
2 26
18 23
27 29
1 2
2 9
9 15
3 20
10 12
8 20
14 27
19 25
7 10
10 22
0 29
16 18
12 21
17 19
18 24
23 29
4 14
9 10
4 25
3 19
8 17
14 20
4 20
19 20
10 28
0 23
25 28
6 19
21 25
26 27
21 22
13 14
12 26
0 13
1 8
8 27
