nnodes nedges type
30 200 graph
nodename posx posy weight
0 1.1216024444908674 -0.6615829608329765 147
1 1.7323821709758418 -0.32233204694715695 436
2 3.1488730839486405 -0.33882664512650384 145
3 2.636155254396086 -2.2175222163392596 261
4 2.054013479873403 -1.436608419720822 351
5 1.241760174509713 -1.6843088562579316 488
6 0.9563200064834627 -1.425239126448427 465
7 1.9619683380994375 -0.3278251967455584 381
8 1.78038505853556 -1.2475035402841816 370
9 3.2859609188754844 -1.1281092639339505 361
10 1.9881733872610974 -0.9146696017548955 200
11 2.71681520663038 -0.22798075389342565 132
12 2.452460160392899 -1.4861536291551596 406
13 1.5795142029698634 -1.8424193055818654 409
14 3.031157877464624 -0.7491532557323924 51
15 1.9848312907173529 -1.795289760847008 177
16 1.6609122879123863 -0.9180748303087924 413
17 2.94359922400575 -2.068871839381116 416
18 2.18102807554588 -1.9662927925676321 386
19 3.043966420538615 -1.4738673205996191 334
20 1.4413865922245543 -0.5787251070504331 160
21 2.7895155095375435 -0.8322180871391511 46
22 2.1857591630987647 -0.03643362603758228 3
23 3.312864892303432 -1.652602795325397 187
24 2.503112307180075 -0.01970427805564099 366
25 2.6471860367619886 -1.7786886879629216 387
26 1.5198074399058672 -2.3980435000025504 208
27 1.1379348275471595 -1.1613250243045292 441
28 2.406593765541711 -1.1413161557923932 31
29 2.255293242199055 -0.610211136807257 373
endpoint1 endpoint2
15 27
14 17
0 20
15 20
11 28
26 28
0 7
16 28
13 17
2 22
0 10
5 8
6 7
4 19
9 21
24 27
6 10
5 18
14 18
16 22
12 17
1 28
17 23
7 28
13 20
18 20
8 15
23 25
4 10
9 14
4 5
10 13
8 21
14 24
4 16
19 24
10 24
9 16
15 29
14 15
7 22
6 26
17 18
22 25
3 12
2 28
18 25
8 12
23 28
4 15
2 11
3 18
10 14
8 18
9 19
6 16
21 24
11 16
1 21
0 27
7 21
12 27
3 11
18 26
4 12
3 28
2 12
3 17
15 26
14 22
6 29
12 13
20 21
1 16
0 24
7 24
16 29
13 16
17 24
8 25
14 28
4 28
19 28
15 25
12 18
0 5
22 29
12 29
18 21
0 8
2 7
9 13
5 10
8 22
5 7
4 17
10 25
9 23
15 28
5 20
20 28
11 20
10 20
16 20
6 27
12 23
3 15
2 29
8 13
4 8
28 29
4 27
10 15
9 29
8 19
5 26
4 22
11 14
9 18
7 11
15 19
0 28
2 19
0 15
13 25
3 10
18 27
1 14
4 13
3 16
19 21
25 29
7 14
0 22
12 14
20 22
21 23
1 4
0 12
3 9
18 28
2 14
8 26
14 29
4 29
24 29
6 8
10 16
12 19
11 29
1 18
17 21
0 6
16 27
13 18
17 26
3 4
4 7
3 25
10 11
8 23
4 18
9 22
20 29
7 16
16 21
12 16
11 24
27 29
18 23
1 2
2 9
5 12
10 12
9 28
5 25
4 23
7 10
10 22
7 23
1 24
17 19
22 24
1 13
8 11
3 19
5 28
4 20
15 17
6 19
21 25
12 15
1 22
26 27
2 21
1 27
0 13
1 8
2 15
8 27
