nnodes nedges type
30 200 graph
nodename posx posy weight
0 -3.132606198756097 3.6949608448094953 454
1 -3.607304668331638 4.610193089558555 363
2 -2.6761215074811444 5.28199246001271 274
3 -2.2872431336339467 4.794298705795095 469
4 -2.514043422394025 3.413413878832844 494
5 -3.205691500704373 4.82102669043582 489
6 -2.7518928868849306 4.093930820973907 101
7 -3.210387110395059 4.108855697763911 345
8 -3.8578921769131735 4.771227010480918 175
9 -2.5851808526078557 4.54941672627808 232
10 -2.386293578193571 4.270189334739174 179
11 -3.529498623766646 3.802036723146147 418
12 -3.372680234556075 5.750848187254155 307
13 -3.761942835879157 5.630891836688316 440
14 -3.329081673040454 5.119239770532472 409
15 -4.176553540327026 4.809324180671798 431
16 -3.0632591778094524 5.793128599943114 318
17 -3.8679860329720785 4.230185093709516 35
18 -1.9182350289181966 4.007724927601505 33
19 -2.2753404388863117 5.140396710485908 198
20 -2.7082566490911937 5.693137998451755 248
21 -3.2474094787366576 4.432831881114547 333
22 -3.6766480889723216 5.180766473382627 9
23 -3.0861905599702553 5.3182847835975435 405
24 -2.379195457454672 5.825093631762242 384
25 -2.8228149389195303 4.945843983116309 495
26 -2.8535170173042554 4.364390721454253 37
27 -1.873740257277039 4.591509882452842 307
28 -2.0013123350919937 5.484074994864961 125
29 -4.164635934259465 3.9089792893149404 263
endpoint1 endpoint2
14 17
20 25
1 17
0 7
7 25
16 28
13 17
18 19
0 10
23 26
3 7
1 11
9 21
24 27
6 10
25 26
7 19
0 17
17 23
16 25
12 28
2 27
27 28
23 25
4 10
2 6
9 14
5 11
3 23
8 21
14 24
10 24
9 16
15 29
6 23
14 15
5 21
11 21
7 22
12 22
0 1
17 18
22 25
2 28
8 12
23 28
3 18
14 21
4 21
11 15
19 23
9 19
7 8
21 24
0 27
1 26
0 14
22 26
1 15
18 26
8 9
3 28
6 14
7 15
21 27
12 13
1 16
26 29
12 24
3 6
1 10
9 20
24 28
15 25
6 11
14 19
5 17
16 23
7 18
11 26
1 19
17 22
0 5
16 26
13 19
2 24
23 24
4 11
3 5
5 10
3 22
8 22
4 17
10 25
24 25
6 20
5 20
20 28
12 23
11 25
0 2
13 22
1 3
8 13
2 8
4 27
3 21
5 26
9 18
5 23
7 20
16 17
12 20
2 19
1 25
8 10
2 13
9 11
8 29
3 16
6 15
19 21
0 22
7 14
6 18
21 26
20 22
15 22
12 14
13 15
13 28
3 9
1 9
18 28
3 26
2 14
8 26
9 27
14 16
6 8
15 21
21 29
12 19
0 6
17 21
2 25
1 7
0 9
23 27
3 4
9 12
10 11
8 23
5 6
19 26
6 21
5 19
10 21
16 21
7 29
16 24
13 21
2 26
8 14
2 9
5 12
3 20
8 20
14 27
19 25
10 27
7 10
5 22
10 22
0 29
2 16
22 24
3 13
1 13
8 11
23 29
2 10
5 15
3 19
8 17
14 20
5 28
19 20
11 12
10 28
7 9
6 19
20 23
12 15
26 27
11 17
0 26
13 14
12 26
2 15
