nnodes nedges type
30 200 graph
nodename posx posy weight
0 0.5933123860382313 -0.23242881571518964 320
1 -0.35400996484078484 0.5524326164037328 499
2 0.3296482758760215 1.4510185448224522 326
3 1.348428386576034 -0.08836098002245255 313
4 -0.6549462886578369 -0.16645862031250305 88
5 0.23220893030397635 0.04382239980067498 440
6 0.6554109301047442 0.7911290686072677 75
7 1.4735679290842059 -0.48771948222585215 243
8 0.132378737493201 -0.7099484992080867 148
9 -0.3612096371471063 0.2854101635318539 286
10 0.8013390848430105 1.424764589881791 39
11 1.0965057818710364 -0.1910026714193852 141
12 0.6753796892813633 -0.8441917858006482 164
13 0.3347829059478956 -0.44579389648918233 148
14 -0.14463582084787188 -0.34779204474841774 275
15 1.118601610854364 -0.5154049573222115 204
16 -0.36709732246662896 0.8494088420208056 15
17 0.1750591314985389 0.2690318369409208 239
18 1.008495636741754 0.8837517335466584 453
19 0.7228823329623797 0.5465615485901053 2
20 1.7536673138864252 -0.012608922321966426 178
21 1.5269408321483757 0.36482822551993954 6
22 0.5841971500062901 0.28911911231033377 143
23 0.2823855869854237 1.0942363217572504 83
24 1.088685314433557 0.27306856476917374 44
25 1.2647590461740064 0.7849674791767589 283
26 -0.009041380481060885 0.7776862203227974 105
27 1.0205403351337474 -0.8475398742702266 51
28 -0.06862211743221741 -0.9559480264684903 463
29 1.580469301105777 0.7911922895921115 127
endpoint1 endpoint2
14 17
6 9
0 20
7 12
1 17
0 7
7 25
13 17
2 22
17 25
23 26
2 5
5 8
6 7
4 19
19 29
24 27
11 22
0 17
16 22
7 19
6 25
12 17
11 27
1 28
0 4
7 28
13 20
18 20
23 25
2 6
9 14
5 11
8 21
14 24
4 16
19 24
10 24
15 29
14 15
5 21
11 21
16 19
7 22
2 17
17 18
0 1
22 25
3 12
5 14
4 26
3 18
6 13
5 27
19 23
10 29
7 8
6 16
21 24
7 21
22 23
12 27
2 18
0 14
17 29
22 26
13 26
18 26
3 28
6 14
14 22
0 21
12 13
20 21
0 24
7 24
12 24
1 5
0 11
17 24
13 29
3 27
4 28
15 25
14 19
10 19
7 18
12 18
11 26
17 22
0 5
18 21
17 27
0 8
23 24
9 13
3 22
4 17
19 27
10 25
9 23
15 28
6 20
5 20
24 25
11 20
11 25
13 22
2 29
1 3
4 8
4 22
11 14
10 26
9 18
7 11
15 19
5 23
19 22
11 19
16 17
7 20
12 20
2 19
1 25
0 15
22 27
3 10
1 14
4 13
8 16
6 15
21 26
20 22
12 14
1 23
7 27
21 23
13 15
1 4
15 24
24 29
5 16
20 24
14 16
10 16
0 19
15 21
21 29
11 29
1 18
2 25
0 9
17 26
3 25
8 23
5 6
19 26
9 22
6 21
20 29
25 27
6 24
11 24
0 3
16 24
2 26
18 23
8 14
1 2
4 9
9 15
5 12
3 20
9 28
14 27
5 25
19 25
9 17
6 22
5 22
11 18
10 22
0 29
2 16
3 13
18 24
8 11
9 10
8 17
5 28
19 20
0 23
21 25
12 15
11 17
21 22
12 26
3 29
8 27
