nnodes nedges type
30 200 graph
nodename posx posy weight
0 -2.282363154917873 -0.26736625036668277 155
1 -2.114432118550925 -0.43981918326133784 313
2 -3.4626648777868616 0.9301061685284117 34
3 -3.131578832096619 0.9391756006980867 225
4 -2.208182674694576 0.8700439599364509 203
5 -3.7385590559060233 0.44608062795072984 123
6 -3.308829680088471 0.5183502117969652 43
7 -2.8718596699280354 -0.1969804861588126 198
8 -2.9866427521328704 -1.1507264029169997 430
9 -2.7825358644772913 0.609681055552276 100
10 -1.9210738266382599 0.20837048045665635 267
11 -3.63559382919001 -0.05203852494861729 204
12 -1.5973725182116898 0.2786905765758662 10
13 -3.4743972821263434 -1.0257236855465675 79
14 -3.054768451838364 0.2717743369100501 54
15 -2.2276907697081403 -1.1552867254297374 186
16 -1.4361862062387791 -0.33432195156628647 469
17 -2.5499465839074333 0.03616869202709272 164
18 -3.6150990305328814 -0.2909037252621966 111
19 -2.796440217535282 -1.2660472282393158 385
20 -2.3606389335885116 0.38932174709752687 144
21 -1.9151893497808576 -0.8601638870509626 241
22 -2.7261605928524495 1.0998676765502653 304
23 -2.939323789555236 -0.7199950117222624 228
24 -2.5179473513995454 0.8345101309920112 439
25 -3.2413004203762172 -0.18646191307463508 327
26 -3.1642230865117056 -0.4345661660137285 472
27 -2.094375496646532 0.04218182210485903 102
28 -1.9880259315892377 0.8951428592419776 491
29 -2.5699950406270884 -0.5011252786224636 127
endpoint1 endpoint2
9 26
15 27
14 17
20 25
10 17
7 12
18 19
1 6
17 25
3 7
2 5
1 11
3 24
6 7
19 29
24 27
14 18
5 18
11 22
7 19
6 25
17 23
22 28
12 28
2 27
27 28
8 15
23 25
2 6
9 14
5 11
4 16
6 23
10 23
12 22
2 17
13 23
1 12
18 25
5 14
3 18
10 14
8 18
6 13
14 21
11 15
15 16
7 8
1 21
7 21
1 26
0 14
17 29
13 26
1 15
4 12
3 28
8 28
14 22
6 14
20 26
0 21
26 29
7 24
16 29
12 24
8 25
14 28
9 20
24 28
6 11
5 17
0 18
16 23
7 18
1 19
17 22
12 29
2 24
0 8
17 27
4 11
3 5
4 6
3 22
14 25
5 7
10 25
9 23
24 25
6 20
20 28
11 20
10 20
7 17
2 29
18 22
8 13
4 27
14 26
5 26
4 22
10 26
15 19
6 17
5 23
7 11
1 20
0 28
16 17
7 20
17 28
0 15
22 27
3 10
9 11
8 29
4 24
9 24
14 23
5 29
20 27
11 13
0 22
7 14
25 29
21 26
7 27
21 23
13 15
1 4
0 12
3 9
1 9
2 14
8 26
14 29
4 29
9 27
20 24
10 16
21 29
17 21
16 27
2 25
0 9
3 4
2 4
9 12
5 9
3 25
4 18
19 26
24 26
11 23
10 21
0 16
25 27
6 24
12 16
1 29
0 3
7 29
16 24
2 26
18 23
27 29
2 9
3 20
10 12
9 28
14 27
19 25
7 10
15 18
5 22
10 22
0 29
12 21
1 24
17 19
18 24
1 13
9 10
8 17
6 12
5 28
4 20
19 20
10 28
0 23
7 9
21 25
12 15
26 27
0 26
7 26
0 13
13 27
3 29
