nnodes nedges type
30 200 graph
nodename posx posy weight
0 3.8261326868988985 -1.9559262794159369 268
1 5.3162004452612965 -0.9215569172999539 362
2 4.93139291885312 -2.6891004950064397 499
3 3.648970678008788 -0.7721101728802063 5
4 4.481108014210323 -1.221789115235091 178
5 5.098618361832309 -0.38670778965745994 212
6 3.5303640345202245 -1.532346820577591 324
7 4.014737185724416 -2.306089800386391 195
8 5.5476734156388545 -1.6675738145103316 97
9 3.8836684213520387 -1.2532010984929056 14
10 5.083262062032949 -1.876484473933439 419
11 3.8990157299426698 -0.30456906960334873 217
12 4.564162156389446 -0.9203137778456274 163
13 5.0919589647734 -0.8625615833214634 39
14 3.425641620621657 -0.9575807778317904 191
15 4.434878002207757 -2.1966797726547296 69
16 5.222789807260104 -1.6333643272426344 151
17 4.707445461382437 -2.1015358748059425 108
18 4.681465889012858 -0.5100488238255061 294
19 4.171224696759641 -2.5463713573111066 219
20 4.216845777233076 -0.9932942464640937 219
21 4.211296914696062 -1.4621750727951097 359
22 4.632041841474186 -1.6653839125104568 370
23 4.43414680284952 -0.33319138502269713 118
24 5.494382213603179 -1.2394866720970363 113
25 3.0652494715919367 -1.407093703784094 278
26 5.084631646053321 -2.2213223821280055 306
27 4.09874751442762 -1.8261246484780085 167
28 4.854630537474874 -1.389439575369416 380
29 3.379776107762021 -2.0314401593438993 405
endpoint1 endpoint2
15 27
6 9
15 20
21 28
11 28
1 17
17 20
26 28
2 22
0 10
5 8
8 24
6 7
4 19
19 29
5 18
11 22
0 17
16 22
6 25
1 28
16 25
27 28
2 27
8 15
9 14
5 11
4 5
3 23
10 13
8 21
5 24
19 24
10 24
9 16
15 29
6 23
5 21
7 22
12 22
17 18
13 23
2 28
1 12
8 12
23 28
4 15
5 14
4 26
3 18
14 21
9 19
7 21
17 29
0 14
22 26
13 26
18 26
8 28
9 25
14 22
0 21
21 27
12 13
1 16
13 16
1 5
17 24
0 11
3 27
9 20
6 11
10 19
12 18
17 22
16 26
18 21
17 27
23 24
9 13
5 10
8 22
14 25
4 17
9 23
15 28
5 20
11 20
10 20
16 20
6 27
7 17
12 23
0 2
13 22
3 15
8 13
28 29
2 8
5 13
10 15
9 29
4 22
10 26
9 18
15 19
6 17
5 23
1 20
0 28
7 20
2 19
17 28
0 15
22 27
3 10
18 27
4 13
14 23
6 15
20 27
19 21
0 22
7 14
15 22
21 26
25 29
1 23
7 27
21 23
12 25
1 4
3 9
18 28
1 9
8 26
14 29
4 29
9 27
15 24
5 16
0 19
15 21
21 29
1 18
1 7
0 9
8 23
4 18
19 26
9 22
6 21
25 27
7 16
6 24
12 16
0 3
7 29
16 24
13 21
27 29
2 26
4 9
3 20
10 12
14 27
4 23
10 27
9 17
7 10
11 18
10 22
12 21
2 16
22 24
13 24
3 13
18 24
4 14
2 10
8 17
6 12
14 20
4 20
11 12
10 28
19 20
7 9
6 19
21 25
12 15
26 27
0 26
7 26
12 26
2 21
1 27
0 13
3 29
8 27
