nnodes nedges type
30 200 graph
nodename posx posy weight
0 -1.1949990150295409 -0.029740001849772903 11
1 0.6315218195687075 -0.6138556173299183 359
2 -1.7238035559373965 -1.5621564675387967 362
3 0.21820675760253438 -0.008754645309699063 374
4 0.3241236636740467 -1.7768816525263322 215
5 -1.0122626602701794 -1.8237419701132962 126
6 -0.7555011806113491 -0.8576565911179201 330
7 -0.010477520681886197 -2.265115727039575 493
8 -0.33652357036259967 -1.0941501662849493 445
9 0.17089206501071996 -0.7792870860593334 292
10 -0.886029869831759 0.06551952916714984 210
11 -1.154313671428808 -0.4283350165252249 279
12 0.35663821677628726 -1.4808567834504893 460
13 -0.11844088681856184 -1.2299349663816723 330
14 0.48073439555403524 -1.0357611142873184 194
15 -0.8023039592484239 -1.2649516508768108 405
16 -0.4697335769031908 -2.029391111652011 122
17 -1.3907617681039581 -1.0259183538864989 34
18 -0.8353051699516176 -0.5770059234568804 451
19 -0.5706768751312309 -1.5503057516765921 227
20 -1.278002903254201 -1.669053195221817 253
21 -0.054561253517157744 -1.5440120138709073 490
22 -1.1603159358944821 -1.2549934757085748 446
23 -1.4200749882553443 -0.7043427115623404 47
24 -0.08624641905160206 -0.3931201798776833 496
25 0.43861599554797986 -0.2677263583242185 116
26 -0.7412351094775759 -2.0861779801896843 264
27 -0.48202433437549064 0.12597301484471554 290
28 -0.18973145258818286 0.0601426266714487 299
29 -0.4487265593914357 -0.627694600760869 88
endpoint1 endpoint2
15 27
6 9
10 17
0 20
7 12
15 20
21 28
6 28
11 28
13 17
2 22
18 19
0 10
5 8
8 24
4 19
19 29
9 21
24 27
11 22
10 18
16 22
6 25
1 28
17 23
13 20
27 28
9 14
5 11
4 5
8 21
14 24
4 16
15 29
6 23
5 21
10 23
16 19
6 26
2 17
17 18
3 12
18 25
1 12
23 28
8 12
4 15
3 18
8 18
4 21
19 23
10 29
11 15
6 16
1 21
0 27
7 21
22 23
2 18
17 29
22 26
3 11
18 26
8 9
3 28
8 28
9 25
14 22
20 26
7 15
6 29
15 23
12 13
20 21
26 29
0 24
16 29
13 16
12 24
2 23
13 29
1 10
14 28
24 28
6 11
14 19
5 17
16 23
7 18
1 19
0 5
17 22
22 29
13 19
17 27
9 13
4 6
8 22
4 17
6 20
11 20
16 20
6 27
12 23
4 8
28 29
2 8
3 21
10 15
9 29
14 26
5 26
11 14
19 22
6 17
11 19
0 28
7 20
2 19
13 25
1 14
8 10
18 27
2 13
9 24
11 13
25 29
21 26
12 14
20 22
0 25
21 23
12 25
2 20
1 4
18 28
1 9
9 27
24 29
6 8
15 24
15 21
12 19
11 29
0 6
17 26
23 27
9 12
5 9
19 26
5 19
20 29
25 27
7 16
6 24
12 16
11 24
1 29
0 3
16 24
2 26
18 23
27 29
8 14
5 12
9 28
8 20
14 27
10 27
9 17
15 18
5 22
11 18
10 22
0 29
1 24
17 19
22 24
3 13
1 13
18 24
4 14
9 10
4 25
19 20
25 28
0 23
6 19
7 9
20 23
12 15
7 26
21 22
12 26
13 14
1 27
1 8
18 29
3 29
2 15
