nnodes nedges type
50 400 graph
nodename posx posy weight
0 -0.8164435896117503 1.221840472053787 4203
1 0.9145003425830722 -0.5791929461669055 4077
2 0.7316972089757131 -0.011436623042722454 3913
3 0.9433131198636142 0.6321462536033028 2976
4 -0.39541866619165367 -0.47245842144599115 4889
5 -1.394861098073318 0.24836576935349083 3646
6 0.07145258456198877 0.35849249680489254 3959
7 0.6863506052959857 0.9279739621842875 2338
8 -0.8596607922225386 -0.7145866161673354 4320
9 0.8755360869972654 -0.16311519550684267 3329
10 0.6823355861028889 0.48500342304066485 2619
11 -0.28767689739523106 0.1321214937285085 2621
12 0.35683178095547063 -1.0580277598579593 2849
13 0.3460990636681036 0.16669306501861106 3705
14 -0.6846166345658435 -1.1507055329592586 2502
15 -0.7260539338004487 -0.5474103034427724 2714
16 1.233836844489779 -0.0479856844497208 4627
17 0.01790924750254882 -0.3139875207096615 1767
18 -0.1261356503758323 -1.524105982450546 2895
19 -1.0607709666695273 -1.0878157811337068 1353
20 -0.4777923558385593 0.31053455571318406 4027
21 -0.07423922642289263 -0.7648006697512735 3648
22 0.01648321933607701 1.253416989241071 1909
23 0.2134767032217456 -0.6232725709356199 2005
24 0.6490742080414628 -0.49865396584310373 4210
25 -1.1777843413184839 0.20470354056106196 3193
26 -0.900808263667717 0.9280226011414158 2252
27 -0.3078205430230607 -0.15252289939728655 4136
28 -0.1577064326093712 -1.208199163407652 2348
29 0.14953173654537388 0.89818936953867 4619
30 -0.29398915497507094 1.0175622699845288 4667
31 -1.0997540404297885 0.4640953560720221 4330
32 -1.4066729365134008 -0.4437371871940114 2374
33 -0.47895196329763445 0.8240371052598751 4291
34 0.41266151829864545 1.2416374443786902 2658
35 -0.5644741734512507 -0.8634876309278781 1089
36 -1.345735204690176 -0.2745149539282914 3651
37 -0.22436209092781362 0.6227119023944856 2350
38 -0.7137585823377034 0.7568251788205488 1056
39 0.5517177068080859 -0.9277336268631429 1953
40 -0.32605101998455993 -1.0972488631309392 1265
41 -0.6215500866512749 -0.053396941038262216 2382
42 0.4058151758836599 -0.7549878308026606 4456
43 0.1638127475126965 -0.09805083634172834 2690
44 0.09866466563091426 0.607188668076839 4395
45 -1.1370510097290267 -0.515551290513805 2122
46 0.49506612128122296 -0.03545666867252308 1914
47 -1.0253160010885134 -0.005223030272065532 4456
48 -0.7375790043328954 0.22252766876197247 1562
49 1.1261774950572092 0.20933978356582553 2992
endpoint1 endpoint2
26 47
20 25
21 28
4 36
28 41
17 20
33 41
11 48
18 45
15 30
39 45
4 5
0 45
20 32
27 39
1 40
6 23
4 35
7 22
32 35
35 46
9 39
33 34
7 44
37 44
8 18
11 15
15 43
4 12
2 12
26 49
20 47
2 38
8 45
20 21
23 40
12 41
43 45
8 25
44 46
9 20
26 30
4 11
2 7
24 40
25 37
4 17
19 27
27 43
16 20
30 36
42 43
36 37
10 48
13 37
10 26
2 30
14 38
25 46
15 39
26 45
29 48
20 27
6 18
7 27
35 43
34 44
15 24
5 6
3 42
21 35
4 45
8 40
32 37
29 35
16 24
6 47
10 34
17 37
13 49
2 16
14 48
1 13
19 46
2 10
0 38
24 35
1 39
4 20
19 20
5 41
20 23
6 38
17 30
11 32
9 48
43 47
8 27
17 48
14 17
11 28
2 5
5 8
25 43
6 7
28 48
27 45
32 41
31 35
35 36
14 24
10 24
1 31
13 23
2 28
24 49
1 49
25 44
15 33
20 37
3 39
6 16
4 32
8 35
22 23
31 40
6 42
12 13
2 23
0 11
3 6
3 44
23 49
6 11
21 33
4 47
2 43
29 33
9 13
12 46
9 23
10 20
19 48
24 37
20 43
27 48
30 31
22 33
9 44
23 36
10 43
17 28
7 33
11 34
13 40
9 24
14 23
38 48
25 29
1 4
24 44
19 31
26 46
17 21
7 30
16 46
17 47
13 33
42 49
15 31
11 23
12 16
1 29
13 21
19 36
26 41
0 44
3 41
27 36
1 41
6 22
21 38
28 39
29 38
33 35
16 37
18 39
8 17
15 40
19 45
26 48
3 46
6 9
21 47
4 41
8 44
22 44
33 36
23 41
40 41
17 25
7 42
8 24
37 48
44 45
24 27
4 10
32 48
27 40
6 26
41 45
31 38
23 28
14 21
10 29
0 27
24 46
15 36
26 44
5 30
29 49
27 33
21 27
4 37
28 42
8 32
7 24
31 47
29 43
34 47
18 42
38 41
15 25
39 44
4 6
22 49
8 39
7 17
3 49
16 39
36 42
34 38
8 13
37 43
8 19
44 48
4 13
2 13
0 37
24 34
3 16
25 35
6 15
4 43
2 39
20 22
10 44
11 33
43 44
17 49
8 26
44 47
10 16
11 29
12 30
27 30
13 31
25 36
22 37
16 21
7 29
22 31
31 32
11 38
18 23
16 43
10 49
17 42
37 39
14 27
10 27
15 18
11 18
0 29
12 21
13 24
3 30
25 45
0 41
20 36
27 35
30 44
28 36
32 47
31 41
29 41
35 42
16 34
36 45
17 35
7 48
18 40
0 20
13 17
3 7
15 47
6 10
4 46
28 35
2 42
8 41
32 38
23 44
9 14
12 45
8 21
9 16
14 15
10 23
1 12
5 14
1 38
21 43
4 21
19 23
5 40
10 42
31 37
13 41
11 31
13 29
3 27
28 49
19 28
26 33
20 31
3 33
6 30
32 42
29 46
35 39
33 43
23 24
6 48
12 35
13 34
42 48
15 28
0 31
13 22
2 29
15 32
1 42
4 33
8 36
5 36
6 43
36 47
37 46
9 11
39 40
11 13
0 22
12 14
13 15
2 20
3 9
1 9
19 42
0 34
20 45
6 8
21 32
2 40
7 13
5 45
9 42
33 37
23 46
9 12
12 47
9 22
10 21
11 24
1 2
4 9
29 31
21 41
7 10
22 38
5 22
40 47
30 38
13 39
25 28
15 17
13 27
0 48
14 32
3 29
