nnodes nedges type
50 400 graph
nodename posx posy weight
0 1.453685208961051 -1.4214334397456243 1130
1 1.0802296810932868 -2.1079912117023896 4239
2 1.5100326027501727 -1.0737779645450842 4315
3 1.9444693781975415 -2.573530350712693 3449
4 0.23300979710278155 -2.0046278294727475 2233
5 1.334763570124775 -2.49722242738817 2824
6 0.6229706151176178 -1.7074436241827964 4659
7 2.268104969861448 -3.1230224765593757 4350
8 1.4568146251523315 -3.402996583346434 2283
9 1.3179644671949393 -1.6519018618633818 1193
10 1.834406896404534 -2.383637037650098 4600
11 2.027246343530824 -3.417439302650944 4653
12 2.0896917536820974 -1.565874675416594 2273
13 1.458609488076124 -3.602189525774525 4750
14 2.3447709467674938 -1.822405579619109 4075
15 1.0472632059837177 -3.708364685486589 4710
16 1.3701625753372226 -2.635950844364931 1438
17 1.147637110216591 -3.2938307454014457 4712
18 1.7305523031985832 -2.0693780644091317 1471
19 0.14470658298672742 -1.6834791329205998 4089
20 0.22198874154570447 -2.596877678238913 4188
21 0.5942627376399046 -2.2622839423361616 3777
22 1.0480819117434839 -2.847794873689253 3739
23 1.8510993351321123 -1.6335249483211989 4037
24 1.6018900680664987 -3.09143836946118 2943
25 1.712289844563591 -1.1875458639637866 2948
26 2.0369214866507726 -2.0674472783416453 1448
27 0.12066290207353864 -3.3300242294134637 4372
28 2.469367831061881 -1.9527009861805036 2776
29 2.0988412875542273 -2.9003527474562216 1689
30 0.49949036048664647 -3.422892370919747 3354
31 2.354670712075278 -2.534153975418824 4224
32 0.4432789877491712 -1.5399081724705828 4128
33 0.1585097569256895 -2.9211751677502855 2560
34 0.7432414101629375 -2.171408972209137 3246
35 0.8621794639371372 -2.5663727945145407 3132
36 2.6953358420910387 -2.83979580721795 2540
37 1.320409725545961 -2.013356190508883 2453
38 0.9388008291027152 -1.840288485495205 3369
39 -0.07692329414606205 -2.436387849425341 3410
40 1.8204636812556925 -3.400095188471818 1132
41 0.12066381409487144 -2.161244103123701 4083
42 0.46586729469114163 -2.852402997924491 1990
43 1.6374217515721212 -2.7746728660160356 4075
44 0.9049671339945493 -1.3153303823399922 4067
45 2.494371195609167 -2.2330820924322867 3420
46 0.7027250623510045 -2.7426539627221307 1766
47 0.8247130873706027 -3.4259915281927027 1233
48 1.2011478100874606 -1.321037600117151 3011
49 0.75812936070512 -3.0882317221032998 3861
endpoint1 endpoint2
5 31
3 35
17 20
32 44
16 47
23 26
17 46
18 45
14 31
15 30
11 22
15 34
4 5
19 39
0 45
22 48
20 32
3 40
1 40
6 23
32 35
7 22
22 42
9 39
16 38
6 41
37 44
18 36
39 42
9 19
2 18
19 44
2 12
3 17
47 49
21 46
2 38
5 43
16 29
10 47
17 24
18 31
12 41
43 45
0 5
3 22
26 34
27 43
16 20
28 44
31 33
18 22
42 43
17 43
9 29
14 26
1 25
24 47
4 24
19 32
26 45
5 29
20 27
3 37
30 47
21 26
4 38
32 46
29 42
33 47
16 33
34 44
7 49
14 29
39 47
1 18
19 41
5 6
7 16
22 40
5 32
29 35
9 37
23 45
6 47
16 24
34 39
10 12
8 20
13 49
44 49
10 22
14 48
19 46
2 10
24 35
5 15
20 41
1 39
21 44
19 20
5 41
23 42
6 38
30 35
21 22
16 31
12 43
43 47
8 27
13 42
9 26
10 17
11 28
12 31
1 6
13 30
3 24
28 48
26 32
5 18
30 42
28 46
17 23
32 41
18 20
37 38
39 48
0 30
2 28
14 36
25 44
19 34
26 43
1 43
6 16
28 37
34 48
31 40
9 34
16 35
34 42
38 44
0 21
1 16
15 46
46 49
3 44
21 33
2 43
8 42
7 18
22 46
33 38
7 40
37 40
38 39
1 3
4 8
19 48
28 29
24 37
5 13
1 37
25 32
21 42
19 22
22 33
16 17
23 36
30 33
40 46
22 27
11 34
42 44
12 37
8 29
41 49
14 23
38 48
10 31
25 29
11 30
12 25
1 4
27 47
17 21
29 45
35 38
16 46
11 49
18 44
15 31
0 44
20 39
1 41
4 34
32 34
5 35
29 38
33 35
6 40
31 48
48 49
1 22
3 8
15 40
3 46
6 9
7 12
6 35
34 35
11 47
13 45
37 48
44 45
15 49
2 6
25 38
32 48
22 39
5 21
16 19
23 38
10 41
17 18
7 35
22 25
11 36
18 25
23 28
15 16
11 16
1 26
14 33
5 30
29 49
27 33
30 46
7 24
35 40
16 32
34 47
38 41
12 18
3 5
25 48
4 6
5 7
6 20
4 44
2 44
22 43
29 36
10 37
17 38
7 47
44 48
9 18
15 42
24 34
19 21
7 14
22 34
20 22
23 43
40 43
4 49
18 28
8 26
13 43
14 16
15 21
0 6
2 4
24 41
5 9
4 18
16 21
30 37
13 36
18 49
39 49
12 21
1 24
13 24
25 45
15 38
19 35
3 36
27 35
6 19
4 39
28 36
32 47
7 26
5 38
36 45
17 35
43 48
39 46
0 20
1 17
0 10
14 46
3 7
15 47
4 46
5 47
6 44
10 35
37 41
18 35
10 13
8 21
9 16
10 23
3 12
1 12
1 38
6 13
21 43
4 21
26 38
9 45
23 37
40 45
17 29
42 47
43 46
8 28
11 31
13 29
20 49
5 17
33 49
23 34
16 23
30 43
17 22
32 42
16 45
10 25
0 31
14 37
4 27
19 37
5 26
3 38
27 37
1 42
4 33
34 49
8 36
5 36
35 44
10 38
17 33
8 10
37 46
18 38
9 11
12 48
11 13
1 23
0 12
2 14
0 34
1 35
8 43
7 13
22 47
9 42
6 34
8 49
16 49
10 11
13 46
24 26
11 24
4 9
2 9
5 12
29 31
3 20
21 41
19 25
2 35
26 36
27 41
6 37
41 46
18 24
16 40
13 39
9 31
0 26
24 45
3 29
19 30
