nnodes nedges type
50 400 graph
nodename posx posy weight
0 -0.3260701174269112 0.5365911297470684 1586
1 0.05264104554462113 2.678457511899192 1266
2 1.199103480872777 1.995324739244761 2327
3 1.44601943123482 1.7005302952474055 2684
4 -0.9156140727014348 1.2971508340178113 2176
5 0.871513445833591 2.6120379101081093 4621
6 0.061526651624401 1.7803270726838862 2090
7 1.2833445128226022 2.3092560180288033 1891
8 -0.209659958450682 1.5339047752700696 2054
9 1.5229821774723793 1.3759375116173334 2967
10 0.6757038104066864 2.11248680525147 2674
11 -0.6439637582861641 1.5320145274530734 4787
12 -0.4084882856297595 1.8064947993726475 2537
13 0.07253637705353881 0.45493756968948224 4821
14 -0.09546067264564294 2.5436562342860283 2086
15 -0.9124684239109967 0.7542497528548703 2551
16 0.2443185035846464 1.4354385966412517 1217
17 0.9830618099861465 0.681530568030357 4338
18 1.1742047166040859 0.41896093144561053 3035
19 0.47482540191447825 -0.03806034287608671 3615
20 0.03733000532245645 2.285770264474279 4050
21 0.714880351531026 0.7094596690066826 2678
22 -0.40078795200199624 1.1318309757405334 2570
23 -0.40151453638710166 0.8153174281182244 1122
24 0.5936241625759118 2.5553327555714915 4199
25 0.30575304874557485 0.3526664176174088 3658
26 0.6660350791888598 1.3308676273163482 4683
27 0.3230168954915609 0.9235507130646738 2787
28 0.31494564661638014 2.7262873607834246 3028
29 0.29174025936562825 1.1620740173962516 3314
30 -0.8504658028247202 1.609065374511873 4665
31 0.4426764068153666 0.526165310897032 2402
32 0.8459822695141127 1.9882065709909678 3408
33 -0.675349150293421 0.9801934975178205 3989
34 0.9942232323582173 0.882077342015075 4342
35 1.2407239036810536 1.2423877900455873 2261
36 -0.8934799665812293 1.8212823284486528 2774
37 -0.3678921436784735 2.6686950981050805 2200
38 -0.5462511113431631 2.1058695941511063 1945
39 0.19454623303842467 0.6884325973543953 4989
40 -0.03772246862551497 1.2139947441896628 3238
41 0.42086900362505786 2.0883601082612118 3352
42 -0.7540011852909702 2.246784732111355 4162
43 1.527113217941852 2.144538728324351 3289
44 0.48485377009864494 1.8089920217979742 2445
45 1.0652736694587408 1.5591506336036403 3044
46 0.6966524571913572 1.1457225039474797 1305
47 -0.6241185278185446 0.29788400893445877 4229
48 -0.015365254461163939 1.9458166595053459 1117
49 0.8925424019645035 1.3747507425339887 4639
endpoint1 endpoint2
3 35
6 28
17 20
35 41
18 19
16 47
34 46
17 46
15 30
39 45
0 17
12 17
25 49
15 34
19 39
0 45
5 24
1 40
32 35
9 39
16 38
6 41
34 41
8 12
7 44
10 14
8 18
11 15
4 12
0 36
24 33
3 17
6 14
4 42
9 40
6 32
10 47
12 41
43 45
8 25
44 46
26 30
12 29
15 48
4 11
32 49
22 36
5 20
16 20
6 27
31 33
18 22
16 42
23 31
12 32
9 29
14 26
10 26
25 46
15 39
0 40
29 48
6 18
30 47
28 43
8 33
7 27
31 46
35 43
33 47
16 33
34 44
17 44
35 49
43 49
39 47
13 18
2 25
14 41
0 47
5 6
21 35
7 16
5 32
29 35
3 48
9 37
16 24
10 34
34 39
37 42
18 34
12 44
8 20
44 49
9 17
19 46
24 35
20 41
25 34
6 12
22 35
5 41
23 42
16 31
10 45
17 30
9 26
11 28
19 29
28 48
26 32
20 30
27 45
16 22
17 23
7 28
32 41
36 39
13 35
37 38
18 46
14 24
12 22
14 36
19 34
26 43
20 37
3 39
8 35
31 40
29 40
9 34
6 42
36 46
1 16
13 16
0 11
4 47
8 42
32 39
5 46
9 43
8 48
17 27
7 40
16 48
13 47
11 25
1 3
4 8
27 48
2 34
26 39
9 44
23 36
6 36
40 46
10 43
18 27
42 44
8 29
12 25
3 26
4 29
6 31
30 40
31 45
33 42
23 27
16 46
11 49
14 30
13 21
26 41
0 44
32 34
29 38
6 40
34 40
8 11
9 10
48 49
1 22
1 8
15 40
24 32
20 46
3 46
4 41
2 41
5 44
23 41
10 46
17 25
11 47
8 24
13 45
44 45
45 48
25 26
11 27
12 28
4 10
24 39
29 30
3 23
2 32
22 39
5 21
27 40
23 38
16 19
41 45
31 38
22 25
16 41
14 21
10 29
0 49
3 28
25 47
15 36
21 49
19 33
26 44
29 49
27 33
6 29
4 37
28 42
7 24
31 47
32 45
33 40
30 48
17 45
2 24
3 5
5 7
20 33
27 38
2 44
8 39
3 49
36 42
10 37
34 38
37 43
11 14
9 18
0 15
3 10
15 42
4 13
19 47
19 21
8 46
5 42
10 44
17 31
11 33
40 49
12 42
8 26
9 27
45 46
15 21
11 29
26 31
0 6
2 4
5 9
19 26
26 35
22 37
20 29
16 21
6 24
30 37
28 45
32 40
22 31
11 38
16 43
23 30
12 33
10 49
12 21
1 24
24 48
25 45
26 42
27 35
21 25
4 39
28 36
31 41
9 35
17 35
35 48
15 27
39 46
13 17
14 46
3 7
46 48
1 45
6 10
8 41
32 38
22 41
29 34
16 25
10 35
7 41
37 41
13 48
2 17
0 39
5 14
20 42
3 18
27 49
1 38
6 13
22 32
17 29
18 26
12 36
8 28
15 23
1 5
20 49
28 49
27 44
33 49
23 34
21 30
16 45
12 35
42 48
11 20
0 31
1 30
13 22
2 29
1 48
4 27
1 42
21 39
4 33
28 38
34 49
8 36
31 43
5 36
33 44
31 49
12 48
8 16
11 13
0 22
12 14
13 15
2 20
2 14
20 45
21 32
7 13
5 45
29 32
23 46
6 34
11 44
10 11
8 23
13 46
1 2
2 9
29 31
4 23
2 35
26 36
7 10
27 41
23 39
6 37
30 38
10 40
7 32
11 37
23 29
41 48
13 27
0 48
24 45
14 32
25 40
4 30
