nnodes nedges type
50 400 graph
nodename posx posy weight
0 -0.3930156292936128 -4.465166349014257 2583
1 -0.7834273748260714 -3.42282645528897 1979
2 -1.1012594849944912 -4.371591299256297 1916
3 0.04161729140331395 -3.9426175109055053 2262
4 0.12352506091844748 -4.829740750433876 1731
5 -1.5607426745754749 -3.532114663248948 4776
6 0.37096185137607723 -4.626471503159456 2508
7 -1.681648429694485 -4.5516054491575355 3464
8 -1.1730147503127046 -5.210021759289311 3760
9 -1.7496329605454588 -4.035687162348215 4776
10 -0.6336914319061879 -5.24530087509079 1259
11 -2.062585960050552 -4.168793635579951 1943
12 -1.4148355825173027 -4.048088549776107 4940
13 0.23937250261932452 -4.269549406604978 1427
14 -1.8219280919616556 -5.061341599449077 1051
15 -0.053558208056731504 -4.50051947426999 3724
16 -0.4433652155564678 -2.9423541208132193 2781
17 -0.7582733066365138 -3.9172453820453326 1577
18 -2.0596887669862087 -3.9274206195970645 3808
19 -0.1558282070121519 -3.8935820862713935 1028
20 0.16857193846317253 -4.096850246008714 2347
21 -1.0236112625750233 -5.017939984550517 3424
22 -0.8493099094981963 -3.723642964845173 2270
23 -0.7176488228017154 -4.3597012990051685 4059
24 -1.9739946907781243 -4.670860510474866 2992
25 -1.3897564869811734 -5.16291140211346 2122
26 -0.6489328143777462 -5.557781679604736 4414
27 0.1324925822105459 -3.357126728457189 2824
28 -0.23320515232452163 -5.404545134903945 1315
29 -0.4075336057130533 -3.996218875897992 4168
30 -1.0062216566671491 -2.8559261048266777 3020
31 -0.4268057020988065 -4.992068335220964 1446
32 -1.461373877669277 -4.827281306690986 2156
33 -2.0420587431519728 -3.6412669138368927 1474
34 -1.5221535566625861 -4.8338267147563805 1102
35 0.2744845585342797 -3.757134438582388 3638
36 -0.2431321129344825 -4.731890777729399 4483
37 -1.0791124266831182 -3.3360175095689977 2297
38 -1.8087973883424302 -3.3231455487196375 2740
39 -0.9604588282958946 -5.715106513371338 3111
40 -0.13921923212434517 -3.2016312030980836 4979
41 -1.0670274289945127 -4.6132622433715795 3502
42 -1.3565657310397954 -3.0425656966109553 2849
43 -0.45981555837985855 -3.366044243057899 3818
44 -0.9702175890045939 -4.165207374574359 3874
45 -1.1231051144385236 -3.910066313362467 2940
46 -0.2916411870519811 -3.5938843132644522 1905
47 -1.2733151119580057 -3.4850217359392524 3115
48 -0.6034746036120968 -4.763074100482255 3770
49 -0.024374433476231583 -5.063596055219835 3998
endpoint1 endpoint2
27 46
17 20
7 25
31 44
35 41
16 47
13 32
0 17
12 17
25 49
0 45
22 48
3 40
6 23
28 32
2 47
8 38
22 42
5 34
35 46
33 34
16 38
34 41
8 12
10 14
8 18
2 18
26 49
24 33
3 17
1 33
2 38
40 42
7 37
11 46
43 45
8 25
13 44
45 47
5 10
3 22
4 17
19 27
2 33
26 34
23 33
16 20
18 22
42 43
23 31
9 29
14 26
15 19
0 28
0 40
29 48
30 47
31 46
29 42
36 44
34 44
43 49
14 41
3 4
21 35
32 37
22 40
29 35
3 48
23 45
34 39
17 37
37 42
11 43
9 15
36 49
13 49
1 13
2 10
20 41
2 36
8 47
10 45
17 30
11 32
43 47
0 7
12 31
24 42
20 48
27 45
23 35
6 25
21 31
30 42
17 23
7 28
31 35
35 36
16 44
12 34
17 41
13 35
37 38
18 46
14 24
39 48
11 21
0 30
2 28
25 44
4 26
30 45
22 23
5 37
33 45
16 35
17 34
18 41
0 21
13 16
0 11
3 6
15 46
46 49
20 44
1 44
2 43
32 39
7 18
22 46
33 38
23 47
6 45
10 32
34 37
37 40
16 48
12 46
24 25
4 8
19 48
20 43
1 37
25 32
4 22
7 11
22 33
16 17
6 36
17 28
22 27
11 34
42 44
13 40
15 22
12 25
1 4
4 29
19 31
6 31
30 40
17 21
31 45
18 44
14 30
38 43
15 31
12 16
13 21
2 26
19 36
0 44
20 39
3 41
4 34
28 39
2 46
29 38
35 47
16 37
6 40
36 40
17 32
7 45
48 49
2 21
14 45
2 15
1 34
4 41
9 41
17 25
11 47
8 24
45 48
0 4
4 10
2 6
24 39
5 21
16 19
6 26
10 41
22 25
8 31
9 30
14 21
12 27
3 28
25 47
15 36
21 49
26 44
5 30
6 29
4 37
8 32
32 45
29 43
35 40
17 45
18 42
12 18
1 19
0 8
3 5
25 48
0 46
22 49
5 7
3 43
6 20
8 39
22 43
29 36
3 49
9 38
6 46
17 38
7 47
18 37
36 48
8 19
11 14
4 13
19 47
24 34
20 40
6 15
5 42
20 22
23 43
4 49
11 33
9 49
12 42
43 44
13 43
26 31
13 31
24 41
5 9
3 25
19 26
22 37
5 19
20 29
27 42
23 32
7 29
31 32
16 43
12 33
10 49
13 36
10 27
39 49
0 29
13 24
2 31
24 48
3 30
25 45
19 35
20 36
3 36
27 35
21 25
7 26
5 38
29 41
15 27
0 20
2 22
1 11
2 48
6 10
8 41
34 36
8 15
7 41
17 36
37 41
12 45
10 13
13 48
14 15
10 23
2 17
0 1
1 12
4 15
2 11
24 36
27 49
21 43
19 23
22 32
5 40
9 45
23 37
40 45
17 29
7 38
42 47
12 36
8 28
15 23
4 28
19 28
5 17
3 33
23 34
30 43
32 42
31 34
18 21
23 24
12 35
18 47
38 42
15 28
0 31
1 30
1 48
19 37
46 47
27 37
21 39
34 49
8 36
7 20
29 39
35 44
6 43
36 47
8 10
31 49
18 38
38 45
12 48
12 14
1 23
13 15
2 20
14 44
1 9
15 41
19 42
2 14
20 45
1 35
2 40
23 46
16 27
12 47
13 46
9 22
11 24
0 3
27 29
1 2
24 38
5 12
29 31
25 39
21 41
4 23
7 10
5 22
40 47
17 19
42 45
16 40
9 31
0 26
13 27
3 29
15 37
