nnodes nedges type
50 400 graph
nodename posx posy weight
0 4.027302201762 -2.9118872005786676 1891
1 2.7838094368439275 -3.2757582408447514 4140
2 3.7133223328829854 -3.8813071828779107 3789
3 1.934296430472894 -3.0581307668884166 1907
4 2.2563764139465268 -2.4857126841907533 1175
5 2.2826828718361805 -4.026668867234185 2831
6 3.3858407429069217 -3.578193735166076 4557
7 3.389437811416612 -4.4715410012903885 1685
8 2.5397294298807433 -4.631911836344522 3488
9 2.6750188784328066 -2.375220075663207 4886
10 2.210084466231269 -3.2381190705483722 2265
11 3.3070604544144215 -3.0798214452374917 1911
12 1.6664344568396736 -3.0081145339639734 2034
13 3.109149065619695 -2.7160354948124374 1758
14 2.8841496591363014 -3.5853438766431522 2604
15 1.9245162607689803 -3.492549513820986 4916
16 2.021540796714156 -3.775756215278516 3590
17 3.566893598193419 -2.5245424191925743 1936
18 3.1731615221546816 -4.307544602952587 1518
19 1.7651495274178632 -2.252769464548591 4758
20 2.431405243253052 -2.295636407714324 2059
21 3.920125622650792 -2.635316405107952 3460
22 2.9489059264075212 -2.9164950889965033 3135
23 3.3103553356953177 -2.440539517326694 1263
24 3.013323780962335 -3.8252385066278323 2907
25 1.9749391604399942 -2.7098043296108094 3429
26 2.4934784707781015 -3.347441809127432 1774
27 3.0346411156950235 -4.612906938617707 3259
28 2.6776390520822915 -1.9725550930330222 1318
29 3.761494071379766 -3.419188525543203 2799
30 4.08177325240703 -3.2667120676488213 4466
31 2.7221723893911656 -4.1759715521560015 3794
32 2.3528262407568823 -4.4941838935648395 1777
33 2.1177752136501145 -4.292063530021175 3768
34 3.1742046677585205 -3.6502900758374035 4941
35 2.6653527833571 -3.6473153309624853 3485
36 1.6397295833479804 -3.4918458535507533 2893
37 2.606671793312254 -2.9860868020629137 1822
38 2.6844424424472315 -2.671798867565885 3085
39 4.11577184863887 -3.6396283603655006 4475
40 3.860212450212634 -3.6889523095863592 1413
41 3.1020114373687004 -2.174780742044828 2900
42 3.1123972190049187 -3.438185867495478 1182
43 3.6478060292892853 -3.0053212054631504 4487
44 2.256701292044407 -3.70186645478427 2743
45 2.9243731099769024 -4.281695643770063 3996
46 3.7077175261076056 -4.45070854299511 1743
47 3.456816836767514 -4.119877328885625 4497
48 1.833110061074706 -4.148239773329277 4249
49 3.471808334595143 -2.8056975481594066 3159
endpoint1 endpoint2
5 31
20 25
30 41
32 44
31 44
23 26
34 46
11 22
0 17
13 20
15 34
1 40
32 35
22 42
5 34
29 37
33 34
16 38
6 41
36 41
10 36
7 44
37 44
8 18
11 15
9 19
0 14
3 11
1 15
26 49
47 49
6 14
8 45
20 21
40 42
6 32
4 48
11 26
4 11
24 40
5 10
32 49
22 36
20 28
28 44
31 33
22 30
11 39
23 31
36 37
18 48
9 29
15 19
0 28
12 20
24 47
14 38
0 40
27 32
6 18
30 47
28 43
7 27
32 46
33 47
16 33
30 49
36 44
34 44
18 43
14 29
1 18
13 18
0 9
3 4
15 44
3 42
1 46
6 21
2 45
29 35
23 45
6 47
16 24
10 34
34 39
17 37
18 34
13 49
14 48
2 10
5 15
6 12
22 35
16 31
40 44
21 22
30 35
7 39
18 29
8 27
24 30
14 17
0 7
1 6
5 8
26 32
5 18
23 35
6 25
30 42
21 31
22 28
29 47
10 24
11 21
0 30
13 23
24 49
14 36
1 49
15 33
4 26
26 43
1 43
28 37
8 35
35 45
33 45
17 34
38 44
39 41
1 16
13 16
1 10
1 44
6 11
8 42
22 46
5 46
9 43
16 26
6 45
10 32
34 37
37 40
11 45
18 32
38 39
10 20
11 25
0 2
2 8
24 37
5 13
20 43
21 42
19 22
2 34
9 44
17 28
7 33
31 36
5 49
11 34
22 27
10 31
15 22
11 30
3 26
25 41
3 32
27 47
21 29
33 42
16 46
17 47
14 30
15 31
12 16
13 21
19 36
3 41
21 38
2 46
31 42
16 37
31 48
37 45
9 10
39 43
0 23
1 22
2 21
0 13
3 8
1 8
8 44
6 35
7 42
11 47
13 45
37 48
44 45
14 18
45 48
10 18
25 26
11 27
12 28
24 39
25 38
21 40
4 16
23 38
6 26
30 39
10 41
7 35
23 28
14 21
10 29
0 49
14 33
25 47
27 33
7 24
32 45
31 47
35 40
16 32
34 47
0 18
12 18
13 19
14 40
3 5
25 48
20 33
3 43
1 47
8 39
22 43
3 49
34 38
7 47
11 40
10 15
11 14
1 20
0 15
15 42
4 13
2 13
3 16
25 35
47 48
6 15
7 14
22 34
5 42
23 43
21 23
4 49
41 42
7 36
9 49
43 44
13 43
24 29
14 16
11 29
26 31
27 30
2 4
5 9
3 25
20 29
27 42
30 37
7 29
31 32
12 33
17 42
10 27
39 49
13 24
15 38
26 42
3 36
7 26
32 47
9 35
16 34
34 45
17 35
35 48
18 40
39 46
1 17
2 22
2 48
20 35
21 34
22 41
5 47
16 25
10 35
34 36
8 15
37 41
9 14
18 35
14 15
14 49
1 12
2 11
0 39
24 36
5 14
6 13
21 43
2 37
23 37
40 45
17 29
31 37
22 26
42 47
43 46
9 25
12 24
13 29
24 43
25 42
19 28
23 34
6 30
30 43
16 23
29 46
16 45
11 20
2 29
15 32
19 37
26 40
3 38
5 36
29 39
16 36
6 43
17 33
38 45
8 16
11 13
1 23
14 44
1 9
2 14
0 34
6 8
4 40
22 47
9 42
16 27
17 26
7 43
11 44
9 12
9 22
24 26
3 14
27 29
24 38
29 31
3 20
21 41
4 23
19 25
5 22
23 39
40 47
30 38
6 37
7 32
31 39
22 24
5 48
18 24
12 38
13 39
38 49
10 28
25 28
11 17
26 27
12 26
14 32
15 37
