nnodes nedges type
50 400 graph
nodename posx posy weight
0 -2.190313050316548 -0.8401484404294528 2420
1 -3.953179112898852 -0.7444462787392989 1800
2 -4.2204835608509566 -0.6827663359266044 3422
3 -2.670668911954808 0.8135724279229296 1322
4 -3.8094530147370067 -0.4580847983087991 1299
5 -2.0242947523751837 -1.1181369750006585 2633
6 -2.7551842713205583 -0.3031225681357686 1752
7 -3.279097718559162 0.5025031197480582 1175
8 -3.9607217832844963 -1.198635369016283 4227
9 -2.906941614375098 -1.6070555492517724 4848
10 -4.122815926631909 0.0029046675725605967 2097
11 -3.6077082131733715 -1.6157206004635647 2921
12 -2.207726530685956 0.4999981567142153 4598
13 -1.6669359667850014 -0.39570149849007524 4346
14 -3.142189086209049 -0.8594847420926688 3647
15 -1.835603958713523 0.15718633139528151 4841
16 -3.1983536669409984 -1.7772023975847109 4275
17 -2.1442780176278182 -0.09742682211857179 4591
18 -3.1176306949793764 -1.536347655572767 3977
19 -2.6909807125601746 -0.7196929686909332 2762
20 -2.763425978365049 -1.965185672754533 1519
21 -2.4028512891969283 -1.174653555698125 3525
22 -3.2652142934284454 0.12990702530245016 3470
23 -3.0925858153071344 -0.6412119734163972 1788
24 -3.085254481778721 0.7387452957308537 3100
25 -1.6525224364683935 -1.2795011025420144 4670
26 -2.943679609469699 -0.6041813831397783 1348
27 -1.3762706048382418 -0.7360105771426233 3375
28 -2.3070033470004296 -1.6157524706930593 2254
29 -2.784205599346844 0.45474825153396864 2653
30 -2.383867434414066 -0.3481958791683048 4007
31 -2.2242755828700687 -1.9135612063720215 1279
32 -2.5162891532812877 0.04642190836985088 2149
33 -1.847050724651124 -0.2525204469534547 3006
34 -2.3707696290685316 -0.621668275493681 2469
35 -2.0373887434388123 -1.3248664438225903 2332
36 -3.6987901670364938 -0.17336310647163564 1364
37 -3.581333071511845 -1.388097190398822 4378
38 -2.280835718912116 0.19544246650278466 2479
39 -2.93182412430014 -0.20952715519369622 2130
40 -2.995007578713616 0.16274615382829377 3609
41 -2.490714129436506 -1.365180174959181 2378
42 -3.3894165111855736 -1.531128908852999 1817
43 -3.6933265212385225 0.26221993506114855 4717
44 -3.482517566252926 -0.563610211339598 3345
45 -3.373976324838645 -0.2530168919260735 1244
46 -2.7895846570269303 -1.0671637993709917 3739
47 -1.778088446352681 -0.7309092398552909 1305
48 -3.6108695880024397 -1.0968428028943475 3370
49 -3.6225194110983345 -0.7353780408423994 3633
endpoint1 endpoint2
26 47
30 41
21 28
4 36
32 44
35 41
33 41
17 46
13 32
11 48
18 45
14 31
15 30
0 17
27 39
1 40
4 35
7 22
5 34
9 39
36 41
8 12
7 44
37 44
8 18
39 42
19 44
24 33
20 47
6 14
4 42
11 46
40 48
14 19
11 26
26 30
0 5
12 29
27 31
4 11
24 40
26 34
5 20
23 33
6 27
16 20
28 44
7 34
11 39
12 32
36 37
17 43
11 19
13 25
14 38
25 46
15 39
4 24
0 40
27 32
6 18
21 26
31 46
30 49
34 44
7 49
14 29
12 19
14 41
3 4
19 41
5 6
28 34
9 37
36 43
10 34
18 34
9 17
3 13
2 10
0 38
20 41
5 41
20 23
23 42
16 31
6 38
10 45
7 39
9 48
42 46
12 43
9 26
24 30
14 17
25 31
26 28
4 19
19 29
26 32
5 18
20 30
21 31
28 46
31 35
16 44
36 39
14 24
15 29
11 21
0 30
1 31
15 33
26 43
0 42
5 27
1 43
30 45
28 37
35 45
36 46
8 9
38 44
15 26
2 23
0 11
3 6
15 46
2 49
0 33
20 44
1 44
21 33
2 43
22 46
5 46
33 38
23 47
17 27
7 40
11 45
9 23
3 15
19 48
2 8
5 13
21 42
22 33
5 23
6 36
40 46
10 43
41 47
41 49
13 40
25 29
15 22
0 25
1 4
13 28
24 44
3 26
5 16
3 32
30 40
17 21
7 30
29 45
16 46
6 49
1 29
19 36
0 44
6 22
21 38
4 34
2 46
32 34
7 23
35 47
9 32
33 35
6 40
36 40
10 39
17 32
7 45
8 11
0 23
12 15
1 22
1 8
26 48
21 47
7 12
22 44
9 41
23 41
6 35
34 35
18 30
12 40
37 48
44 45
9 21
45 48
10 18
27 28
4 10
2 6
24 39
29 30
4 16
26 37
32 48
5 21
30 39
41 45
11 36
18 25
23 28
16 41
13 38
0 27
1 26
25 47
19 33
5 30
28 42
7 24
29 43
33 40
17 45
14 28
38 41
15 25
1 19
14 40
0 46
22 49
5 7
4 44
2 44
32 36
7 17
5 33
29 36
22 43
6 46
36 42
34 38
1 20
3 10
1 14
19 47
0 37
1 32
6 15
4 43
19 21
7 14
23 43
6 33
40 43
10 44
7 36
8 26
17 49
45 46
15 21
0 6
27 30
13 31
2 4
22 37
5 19
16 21
32 40
7 29
35 37
18 23
16 43
10 49
13 36
37 39
18 49
39 49
3 30
19 35
26 42
21 25
32 47
16 34
36 45
35 48
38 47
43 48
39 46
2 22
3 7
15 47
19 40
46 48
1 45
4 46
5 47
33 39
16 25
6 44
9 14
8 21
10 23
14 49
19 49
2 11
4 21
2 37
26 38
22 32
30 32
17 29
18 26
42 47
13 41
25 30
15 23
11 31
26 29
24 43
28 49
5 17
16 23
23 34
30 43
28 47
22 29
23 24
12 35
13 34
11 20
0 31
14 37
1 48
15 32
19 37
26 40
46 47
5 26
1 42
21 39
32 33
9 33
6 43
8 10
37 46
38 45
8 16
0 22
1 23
0 12
14 44
2 14
6 8
21 32
4 40
2 40
29 32
23 46
17 26
7 43
16 49
12 47
13 46
37 49
45 49
25 27
28 30
2 9
24 38
1 36
19 25
26 36
22 38
5 22
6 37
40 47
17 19
5 48
42 45
23 29
8 30
41 48
13 39
9 31
14 20
38 49
25 28
0 26
14 32
3 29
