nnodes nedges type
100 175 graph
nodename posx posy weight
0 0 0 32
1 1 0 87
2 2 0 76
3 3 0 98
4 4 0 50
5 5 0 12
6 6 0 41
7 7 0 3
8 8 0 35
9 9 0 86
10 10 0 23
11 11 0 28
12 12 0 80
13 13 0 84
14 14 0 85
15 15 0 49
16 16 0 82
17 17 0 64
18 18 0 75
19 19 0 90
20 0 1 34
21 1 1 78
22 2 1 5
23 3 1 42
24 4 1 76
25 5 1 9
26 6 1 45
27 7 1 37
28 8 1 23
29 9 1 38
30 10 1 13
31 11 1 65
32 12 1 60
33 13 1 15
34 14 1 75
35 15 1 67
36 16 1 25
37 17 1 40
38 18 1 93
39 19 1 50
40 0 2 84
41 1 2 67
42 2 2 87
43 3 2 41
44 4 2 72
45 5 2 6
46 6 2 39
47 7 2 55
48 8 2 25
49 9 2 59
50 10 2 64
51 11 2 6
52 12 2 88
53 13 2 10
54 14 2 21
55 15 2 47
56 16 2 7
57 17 2 84
58 18 2 16
59 19 2 17
60 0 3 60
61 1 3 23
62 2 3 99
63 3 3 75
64 4 3 25
65 5 3 81
66 6 3 100
67 7 3 83
68 8 3 53
69 9 3 48
70 10 3 14
71 11 3 91
72 12 3 76
73 13 3 98
74 14 3 33
75 15 3 46
76 16 3 67
77 17 3 9
78 18 3 61
79 19 3 96
80 0 4 21
81 1 4 64
82 2 4 96
83 3 4 97
84 4 4 85
85 5 4 69
86 6 4 36
87 7 4 5
88 8 4 37
89 9 4 42
90 10 4 92
91 11 4 46
92 12 4 42
93 13 4 43
94 14 4 73
95 15 4 26
96 16 4 55
97 17 4 27
98 18 4 50
99 19 4 18
endpoint1 endpoint2
54 55
86 87
0 20
92 93
39 59
55 75
40 41
72 73
73 93
2 22
18 19
34 35
94 95
40 60
72 92
80 81
96 97
42 62
6 7
74 94
28 48
44 45
43 63
52 53
76 77
84 85
25 26
78 98
27 28
35 36
45 65
4 5
3 23
19 39
29 30
37 38
71 91
14 15
6 26
22 42
55 56
0 1
17 18
33 34
31 51
63 83
37 57
53 73
15 16
7 8
67 68
1 21
77 97
22 23
76 96
69 70
8 9
41 61
8 28
54 74
65 66
29 49
61 81
10 30
58 59
48 68
12 13
11 31
20 21
79 99
69 89
50 70
68 88
14 34
46 66
32 52
73 74
34 54
50 51
66 67
56 76
23 24
75 76
83 84
58 78
38 39
90 91
77 78
85 86
24 25
57 58
62 82
42 43
74 75
12 32
28 29
35 55
36 37
51 71
61 62
9 29
30 31
46 47
82 83
98 99
38 58
95 96
16 17
32 33
49 50
16 36
47 67
18 38
4 24
20 40
47 48
33 53
44 64
7 27
23 43
67 87
41 42
2 3
24 44
43 44
51 52
26 46
45 46
27 47
53 54
59 79
52 72
30 50
3 4
71 72
13 33
65 85
10 11
64 84
5 6
66 86
31 32
63 64
1 2
17 37
49 69
70 71
60 80
15 35
75 95
56 57
5 25
21 41
89 90
91 92
60 61
68 69
93 94
9 10
25 45
57 77
62 63
78 79
70 90
11 12
87 88
48 49
64 65
81 82
97 98
26 27
13 14
21 22
88 89
36 56
