nnodes nedges type
49 84 graph
nodename posx posy weight
0 0 0 3203
1 1 0 1965
2 2 0 2686
3 3 0 3884
4 4 0 3009
5 5 0 1086
6 6 0 1845
7 0 1 1493
8 1 1 2635
9 2 1 3100
10 3 1 2614
11 4 1 3330
12 5 1 3901
13 6 1 4069
14 0 2 2924
15 1 2 4662
16 2 2 4000
17 3 2 2338
18 4 2 2434
19 5 2 2850
20 6 2 4386
21 0 3 4038
22 1 3 3473
23 2 3 1169
24 3 3 4196
25 4 3 3919
26 5 3 4592
27 6 3 4848
28 0 4 2608
29 1 4 3997
30 2 4 1912
31 3 4 2182
32 4 4 3492
33 5 4 4622
34 6 4 4424
35 0 5 1930
36 1 5 3120
37 2 5 3214
38 3 5 4944
39 4 5 2525
40 5 5 1761
41 6 5 3546
42 0 6 2794
43 1 6 4368
44 2 6 2755
45 3 6 2457
46 4 6 1474
47 5 6 1033
48 6 6 1697
endpoint1 endpoint2
39 46
10 11
22 23
10 17
42 43
5 6
28 29
19 26
21 28
29 36
36 37
0 7
8 9
15 16
25 32
40 41
18 19
30 31
30 37
46 47
31 32
24 31
36 43
1 2
16 17
23 30
32 33
2 9
12 13
44 45
3 10
5 12
28 35
25 26
17 24
33 40
38 45
3 4
11 18
13 20
35 36
39 40
8 15
20 27
40 47
47 48
7 14
15 22
26 33
4 5
29 30
37 38
43 44
16 23
32 39
9 10
9 16
41 48
2 3
14 15
22 29
11 12
19 20
4 11
23 24
0 1
17 18
31 38
33 34
26 27
38 39
18 25
34 41
21 22
45 46
35 42
37 44
12 19
24 25
1 8
6 13
14 21
27 34
7 8
