nnodes nedges type
49 84 graph
nodename posx posy weight
0 0 0 3266
1 1 0 3600
2 2 0 4325
3 3 0 2353
4 4 0 4530
5 5 0 3800
6 6 0 4604
7 0 1 2621
8 1 1 1073
9 2 1 4791
10 3 1 2059
11 4 1 2695
12 5 1 2927
13 6 1 1563
14 0 2 2352
15 1 2 3613
16 2 2 1354
17 3 2 3011
18 4 2 4052
19 5 2 4030
20 6 2 4603
21 0 3 2988
22 1 3 3011
23 2 3 1616
24 3 3 4351
25 4 3 1498
26 5 3 1497
27 6 3 4676
28 0 4 1173
29 1 4 4382
30 2 4 3332
31 3 4 2181
32 4 4 3944
33 5 4 3412
34 6 4 4885
35 0 5 2851
36 1 5 1331
37 2 5 4224
38 3 5 2021
39 4 5 3842
40 5 5 3516
41 6 5 4546
42 0 6 4336
43 1 6 3559
44 2 6 3092
45 3 6 1166
46 4 6 1397
47 5 6 2762
48 6 6 3009
endpoint1 endpoint2
39 46
10 11
22 23
10 17
42 43
5 6
28 29
19 26
21 28
29 36
36 37
0 7
8 9
15 16
25 32
40 41
18 19
30 31
30 37
46 47
31 32
24 31
36 43
1 2
16 17
23 30
32 33
2 9
12 13
44 45
3 10
5 12
28 35
25 26
17 24
33 40
38 45
3 4
11 18
13 20
35 36
39 40
8 15
20 27
40 47
47 48
7 14
15 22
26 33
4 5
29 30
37 38
43 44
16 23
32 39
9 10
9 16
41 48
2 3
14 15
22 29
11 12
19 20
4 11
23 24
0 1
17 18
31 38
33 34
26 27
38 39
18 25
34 41
21 22
45 46
35 42
37 44
12 19
24 25
1 8
6 13
14 21
27 34
7 8
