nnodes nedges type
49 84 graph
nodename posx posy weight
0 0 0 3809
1 1 0 3002
2 2 0 4508
3 3 0 3727
4 4 0 1304
5 5 0 2533
6 6 0 2604
7 0 1 3751
8 1 1 3066
9 2 1 3247
10 3 1 4481
11 4 1 1265
12 5 1 3730
13 6 1 3071
14 0 2 2154
15 1 2 1262
16 2 2 4843
17 3 2 2488
18 4 2 4145
19 5 2 2765
20 6 2 3618
21 0 3 2850
22 1 3 3969
23 2 3 3344
24 3 3 3474
25 4 3 2151
26 5 3 1766
27 6 3 1281
28 0 4 4487
29 1 4 3942
30 2 4 1292
31 3 4 4814
32 4 4 3292
33 5 4 1333
34 6 4 1804
35 0 5 2221
36 1 5 1582
37 2 5 3580
38 3 5 3548
39 4 5 3475
40 5 5 3333
41 6 5 1216
42 0 6 2037
43 1 6 2946
44 2 6 1705
45 3 6 2310
46 4 6 2479
47 5 6 3604
48 6 6 2217
endpoint1 endpoint2
39 46
10 11
22 23
10 17
42 43
5 6
28 29
19 26
21 28
29 36
36 37
0 7
8 9
15 16
25 32
40 41
18 19
30 31
30 37
46 47
31 32
24 31
36 43
1 2
16 17
23 30
32 33
2 9
12 13
44 45
3 10
5 12
28 35
25 26
17 24
33 40
38 45
3 4
11 18
13 20
35 36
39 40
8 15
20 27
40 47
47 48
7 14
15 22
26 33
4 5
29 30
37 38
43 44
16 23
32 39
9 10
9 16
41 48
2 3
14 15
22 29
11 12
19 20
4 11
23 24
0 1
17 18
31 38
33 34
26 27
38 39
18 25
34 41
21 22
45 46
35 42
37 44
12 19
24 25
1 8
6 13
14 21
27 34
7 8
