nnodes nedges type
49 84 graph
nodename posx posy weight
0 0 0 4281
1 1 0 2328
2 2 0 2629
3 3 0 4176
4 4 0 3222
5 5 0 2638
6 6 0 1864
7 0 1 4450
8 1 1 1256
9 2 1 3166
10 3 1 1401
11 4 1 3989
12 5 1 1077
13 6 1 4915
14 0 2 1197
15 1 2 1889
16 2 2 1688
17 3 2 3720
18 4 2 2658
19 5 2 3132
20 6 2 4381
21 0 3 1198
22 1 3 3022
23 2 3 4075
24 3 3 2085
25 4 3 3502
26 5 3 4789
27 6 3 4135
28 0 4 4774
29 1 4 1879
30 2 4 3944
31 3 4 4755
32 4 4 4970
33 5 4 2317
34 6 4 3223
35 0 5 3733
36 1 5 4349
37 2 5 1970
38 3 5 3895
39 4 5 3916
40 5 5 4038
41 6 5 1896
42 0 6 1412
43 1 6 1386
44 2 6 1358
45 3 6 3738
46 4 6 4878
47 5 6 1869
48 6 6 3631
endpoint1 endpoint2
39 46
10 11
22 23
10 17
42 43
5 6
28 29
19 26
21 28
29 36
36 37
0 7
8 9
15 16
25 32
40 41
18 19
30 31
30 37
46 47
31 32
24 31
36 43
1 2
16 17
23 30
32 33
2 9
12 13
44 45
3 10
5 12
28 35
25 26
17 24
33 40
38 45
3 4
11 18
13 20
35 36
39 40
8 15
20 27
40 47
47 48
7 14
15 22
26 33
4 5
29 30
37 38
43 44
16 23
32 39
9 10
9 16
41 48
2 3
14 15
22 29
11 12
19 20
4 11
23 24
0 1
17 18
31 38
33 34
26 27
38 39
18 25
34 41
21 22
45 46
35 42
37 44
12 19
24 25
1 8
6 13
14 21
27 34
7 8
