nnodes nedges type
70 200 graph
nodename posx posy weight
0 -6.370088111444496 -1.3656167049774186 59
1 -2.392357427400539 -0.2536521197491764 17
2 -4.179825902489676 -1.1574285457451083 80
3 -3.9851417766080592 -0.07480156474735689 3
4 -4.817921951542575 -1.752394023277487 65
5 -6.1944148076377825 1.2932564209026685 29
6 -5.727183671441388 -1.759301101087631 22
7 -4.496073969512274 -1.3715606015702033 1
8 -5.297886108532942 0.8527024550490754 34
9 -4.95080032750193 1.848655007950578 46
10 -6.589272209882097 1.3681537228628893 52
11 -4.820489080147038 1.2668212526298173 75
12 -5.807000990124028 0.027038064730537624 40
13 -5.23843647087054 -0.38023882644636964 51
14 -7.18124668253281 1.045549099781653 41
15 -3.7865350230107673 2.16140467113281 43
16 -5.846580790605884 -0.6372795067282842 75
17 -5.236606844794388 -1.9877504715043364 53
18 -2.8118745534883725 -0.5045892809422114 39
19 -6.066665171779636 1.952483027521167 12
20 -3.719646606335557 -1.2133054187446595 100
21 -3.434854981194317 0.5034574519980003 66
22 -5.323174221185622 1.5184544892918104 72
23 -5.098645652224775 2.337314325552684 54
24 -5.677255875207248 -0.9614973786043524 72
25 -5.6616109105839 -0.29731090938447424 64
26 -2.778726103752209 1.4496288327923874 44
27 -4.082034250989219 0.6968927279987898 77
28 -4.164583998924343 1.4403351984355288 69
29 -7.398418771419936 1.6171516615315331 51
30 -3.564094302735546 0.9516249892002753 10
31 -7.3879224717090946 0.4387282990173643 23
32 -4.79090391246332 2.126170117283929 93
33 -4.875593539859331 -1.1035784788726282 5
34 -4.2274556415911295 -1.8835868235062911 91
35 -7.027563302249545 -0.15951639903141354 56
36 -4.770490097276179 0.5701189262587404 38
37 -4.077568479723601 1.0328101799716498 42
38 -4.947044620790174 -0.6349521621282531 20
39 -4.561895415446521 1.3184428168994125 87
40 -3.6792947821921453 -1.8542923449525879 1
41 -5.244642211440884 -1.6490451585530062 73
42 -5.920194257643847 1.4713080543380275 64
43 -6.93096852864219 -1.5133436603047807 55
44 -5.281034260702573 0.11028602522110882 30
45 -4.686891937057037 -0.3961401950006067 22
46 -6.193380861926957 -1.0264445423620683 33
47 -4.005913618261477 -0.38627499798803683 44
48 -5.446550078994791 0.6283806201368828 67
49 -4.4537132617620045 0.49390962115125375 12
50 -4.344539654174215 -0.18882015177903333 83
51 -6.289487412023314 0.5450071036884679 86
52 -5.850374452785425 0.31816349717764825 13
53 -3.2456908773662154 1.550112223765907 89
54 -3.1852460259040107 -0.23583094362462706 11
55 -6.071736276849401 0.3462039375586003 79
56 -6.196251710329154 2.462079040632279 60
57 -2.890879602470201 0.40514017952325415 69
58 -6.425164565073187 0.07291522348752132 13
59 -6.431510291959331 -0.38853080635266785 28
60 -5.556401087088171 0.9129497290760372 67
61 -3.462662885073419 -0.6634810552671135 43
62 -6.443386460365562 0.7700447107277681 98
63 -5.547198723712963 -1.4175257139801578 80
64 -4.5678679517310234 0.008330415372288125 22
65 -5.134955661259145 1.3234482456810244 59
66 -4.292678850945062 1.7755117568458085 10
67 -3.363172232169152 0.6454254878855352 9
68 -3.655044049989624 0.1981057937139844 90
69 -2.652543573060408 -1.0867383891838227 34
endpoint1 endpoint2
57 61
21 47
38 50
5 31
48 62
11 28
33 41
17 46
27 55
12 64
9 66
44 45
45 48
58 63
31 35
22 28
27 28
7 41
11 42
51 60
37 38
36 50
25 38
53 67
27 39
22 39
36 67
11 21
3 61
35 46
33 34
41 45
22 25
19 60
11 36
0 52
24 49
20 63
45 68
51 59
42 52
37 65
23 56
22 23
2 18
34 63
35 62
1 68
24 46
21 68
12 36
43 46
42 58
8 28
13 41
12 55
20 47
22 62
39 65
0 24
7 24
13 16
40 61
30 48
33 64
44 46
23 49
14 19
8 42
48 65
39 68
34 54
66 67
49 57
16 45
28 54
2 33
39 51
13 60
22 36
32 36
55 59
7 34
5 62
27 65
19 48
13 50
3 38
7 20
18 67
14 51
6 43
36 47
8 10
7 50
36 58
2 13
11 55
16 58
19 32
57 67
8 16
21 45
37 67
3 37
15 22
21 26
20 67
3 54
44 64
13 68
29 42
18 68
9 60
31 59
2 3
10 59
0 63
16 52
6 59
12 42
51 65
53 57
9 64
32 53
33 48
15 21
61 64
1 18
0 6
14 58
27 30
30 50
11 44
5 55
26 57
17 47
24 41
4 7
25 36
47 57
46 55
22 37
39 50
4 45
13 59
0 16
23 32
5 32
12 16
7 46
24 51
5 12
29 31
17 63
47 60
53 68
12 63
44 49
43 59
5 22
4 34
45 52
10 22
38 59
23 39
44 60
13 62
2 16
6 40
5 48
34 40
52 66
8 11
8 64
26 66
42 56
16 59
4 25
28 65
38 49
3 36
42 66
28 36
44 65
6 38
18 69
30 54
19 56
1 69
3 8
10 56
25 59
21 69
9 48
35 48
1 61
7 61
40 69
27 61
