nnodes nedges type
70 200 graph
nodename posx posy weight
0 -3.718672238455431 2.5817225002465776 4
1 -3.326013754735361 -0.2845549934400689 22
2 -2.7794378996088933 0.2768471073693348 81
3 -0.5202829036476936 1.5990530238104952 73
4 -2.0700062260082763 0.040323780318383864 37
5 -1.9137819553943585 2.836991872291316 32
6 -2.480174358048129 1.484006091150332 71
7 -3.4960779526730645 3.5020887123967066 34
8 -4.228440718504932 0.48233626898892124 87
9 -3.2311103760266846 1.012307385633478 41
10 -3.9536785483877623 1.3553780098858208 5
11 -4.6279586141242 0.7238713813908864 2
12 -1.5155969746170628 2.6837507587999534 76
13 -1.5384285335589811 -0.5312045435235122 39
14 -2.6265069016913665 2.1383553325417437 57
15 -0.9320202483754231 2.4704799971625766 63
16 -0.8761072817843495 1.2103770389452488 10
17 -2.1006380407277434 3.7304146890198067 20
18 -2.5103756402690895 0.791536428234669 33
19 -1.3830065726064398 3.1083712927367455 23
20 -3.9995618499968013 1.7759895154042817 67
21 -3.359976335825389 2.774950507175397 24
22 -2.7253305486122916 1.1588735836756994 36
23 -4.123836148166683 2.9016969755541644 89
24 -3.7091496626604186 0.6182627839827688 91
25 -2.578034039437942 3.6577728436492185 45
26 -2.7943883527203592 -0.8521059173605547 18
27 -3.0352712331883933 0.2302139596789755 4
28 -3.1794235303881138 0.7841482356309308 59
29 -4.87593613577961 0.29039911166601856 21
30 -3.1405554180938164 1.8678051572012315 5
31 -1.2556308906997284 1.753466598604684 41
32 -1.5918387672869503 3.6144072585028253 52
33 -2.959495290002577 2.764040265749373 39
34 -2.807985485609185 3.050255176594659 70
35 -0.026667725753382977 0.6903728419572968 59
36 -2.3851722278994263 3.08467823886943 49
37 -1.0203133694676687 0.16181922058591278 98
38 -2.390077527367749 2.795909491442335 57
39 -3.974187656193805 2.064533591966384 47
40 -4.942063881572193 1.8027893498298784 34
41 -3.4967840231585856 1.3449377211942717 49
42 -2.176452470529349 2.0316396164223733 83
43 -3.768476271934908 -0.08500663374074678 44
44 -2.240764044122452 -0.2795982409921107 53
45 -3.906312355044429 0.7106061573825171 1
46 -4.3736540895819385 0.882314316989386 86
47 -2.819696330358644 -0.22456879369315352 7
48 -1.4258160162626832 2.3240628309837983 74
49 -4.59728260779371 1.9545423432214102 57
50 -3.3100979958707155 3.570956551549294 81
51 -1.6580956107131803 1.5961097304112812 58
52 -5.008163301388279 1.5559711522707242 100
53 -3.447899901306859 2.362359400596168 78
54 -2.010150427924209 2.126635866649528 49
55 -2.568930360586416 1.0240948196008959 94
56 -4.353023833846665 -0.3474747472300852 53
57 -3.4857540730424312 0.06266768265001525 4
58 -2.735780932775833 2.3747462421847616 83
59 -1.5202542472329479 0.47053484615330804 87
60 -1.2399827028996664 0.9019484918588078 11
61 -2.6199711206206127 -0.4086118338452833 84
62 -1.984163643629911 1.2344692955790884 40
63 -1.1062881277978063 -0.1724274248040772 41
64 -3.443272870154849 1.9980949178392056 46
65 -2.2116421151609926 0.4967443604484474 37
66 -4.911598746187488 1.274409188205767 29
67 -4.822958143815011 2.5326151939416683 44
68 -1.0459807666647878 0.6951146928074874 78
69 -1.610262414710241 1.405786835441671 12
endpoint1 endpoint2
9 26
57 61
38 50
3 35
2 41
27 46
0 20
22 44
9 41
33 36
23 41
2 22
9 62
24 55
9 51
25 54
6 69
40 66
21 34
10 18
3 51
59 62
22 65
2 68
9 57
6 51
31 60
36 39
45 65
9 14
51 60
1 59
38 53
34 64
32 48
14 64
29 56
44 61
4 62
33 34
60 62
9 52
2 28
52 67
61 63
41 55
19 34
57 65
28 58
43 57
30 45
54 62
9 45
40 45
0 14
13 26
10 57
25 58
41 61
14 33
12 36
15 36
27 60
39 41
5 30
10 30
54 59
45 57
20 21
34 53
19 69
24 56
46 66
20 49
54 64
10 66
53 58
24 28
53 55
2 43
44 57
49 52
48 60
61 65
66 67
29 46
24 64
11 45
7 53
19 38
42 48
20 33
1 47
11 20
27 43
8 39
32 36
6 27
5 33
28 44
36 42
60 63
3 15
0 53
17 38
21 64
12 32
11 40
2 8
4 69
13 37
6 64
4 27
43 55
64 67
30 33
18 27
14 38
36 58
9 11
46 53
4 24
3 16
28 56
0 22
55 69
48 69
20 22
12 14
5 42
41 66
28 43
13 68
16 30
34 50
2 65
7 36
41 42
35 68
31 65
9 64
14 69
20 24
8 43
33 48
22 47
30 40
13 18
8 49
15 51
30 50
41 58
25 36
22 54
21 54
47 57
15 31
38 62
3 63
10 21
44 63
48 58
3 48
6 47
35 37
1 2
15 54
11 43
10 49
18 34
28 30
58 64
46 57
20 52
22 51
65 69
12 68
59 68
23 58
39 49
31 42
12 21
17 19
7 32
16 37
49 64
0 38
1 39
17 58
42 55
37 55
0 23
39 67
6 38
29 41
7 39
31 58
5 51
1 61
8 27
