nnodes nedges type
70 200 graph
nodename posx posy weight
0 -2.8652534997422427 -0.8568103383887552 36
1 0.12096750929532286 -1.3176610805219682 43
2 -2.1028330140749434 -0.2294533880951581 17
3 -1.5405497433559612 -2.655044466288589 63
4 0.8940419356936677 -1.088661560889545 89
5 -2.246074982008997 0.03100141859710827 57
6 -0.4131863072822696 0.26530627785306965 5
7 -0.7972592232067122 -1.2805079750828938 54
8 -2.0060414620187665 -1.1659919158831695 33
9 -0.17924645216894913 -2.6652601799710554 2
10 -1.161279328488549 0.8671321650180488 51
11 -2.6001711614158336 -1.3541845267118306 83
12 -2.3005758847290516 -2.6195949756347625 45
13 -1.574153631798916 -0.6396053811761158 96
14 -1.3448714711242022 -1.4158017859785303 48
15 -1.782584674515376 -0.21611462156416736 39
16 0.5892107042762356 0.8920201147001147 88
17 -0.6484805449659066 1.029829341753768 67
18 -1.9242330269370318 -2.1464215708998413 79
19 0.39860178499379556 -1.7161998161219196 61
20 -0.07451668631966726 -1.5287287644256675 89
21 -0.2183422406473054 0.9671474102086582 13
22 -2.7585011233775294 0.5277757091254272 54
23 -1.989316446843297 1.1850084282127429 47
24 -1.2981870480906013 -1.6865975890871923 32
25 -0.4005510449244196 -0.58254099344468 93
26 -1.0947640836091022 0.06608051758734258 88
27 -2.709537448816743 -0.3465470698294109 57
28 0.34192101122626295 -0.4156775342934731 26
29 0.8092855033044428 -1.8358443002679337 22
30 -2.66212892324282 -1.0279992703864458 75
31 -0.9828391653992434 -2.3742704797041 3
32 -2.404550841677101 -2.254519478993185 91
33 -1.2562259430104474 0.6551560821716668 39
34 -0.05108086535896536 0.2166674098814799 8
35 -1.4001510956221206 1.4636646078638278 43
36 0.4448418884303022 0.548088432891723 5
37 -1.5490200706628239 -2.3805956440873066 67
38 -0.5090827720611316 -1.7853582680507512 3
39 0.7217959013947778 -0.5480376372631113 25
40 -1.9195368918330176 -0.7540405430259974 11
41 1.417411037729358 -0.7498679973807097 20
42 -1.348121385838901 -0.24649916334677455 27
43 -0.9001782936000872 1.3689989783987908 29
44 -0.12651740270841508 -0.588645162892164 92
45 -1.5694353389811864 -0.9986830760493123 9
46 -0.012800385578321605 -2.1459700814971026 81
47 -1.2831475888003445 -2.08118172891268 51
48 -2.8408879023755724 0.3486536598585901 29
49 -0.9121012857671639 -2.056276887827559 6
50 -0.575952854931399 -2.770306338641431 38
51 -2.614861877288838 1.1498194903568235 8
52 1.3585419351273826 -2.217870609683219 69
53 -0.8474200699889596 0.29153569591971845 8
54 -1.8394776710346723 -1.6901397448645192 52
55 -2.365366353196792 0.6693066607629787 68
56 0.7751221532866883 0.01603392115474206 76
57 0.051026863918785186 -3.0677476856124364 10
58 -1.6359089802778302 0.46982706768341403 8
59 -1.8875140511100912 0.599461463652413 61
60 0.328583300451879 -0.22757482624997216 81
61 -0.23144989783621078 -1.333425323280567 97
62 0.41307683778458604 0.2520907600361956 10
63 -3.4991561075328845 -0.8464979620713601 68
64 0.09142909142134484 1.2405620100381203 76
65 -0.18004596957974128 -0.9766713350372113 39
66 -2.3567075732540266 -1.7105068114669182 65
67 -0.9750825393869816 -0.6909146521636949 70
68 -0.6143275365136145 -0.4044444355301573 41
69 -0.9490041429525604 -1.1137803815236962 22
endpoint1 endpoint2
32 54
37 69
6 28
4 36
36 68
26 28
16 28
38 67
18 19
13 30
18 30
24 42
21 56
5 8
3 24
46 61
53 59
44 45
15 30
22 58
24 27
4 46
21 34
13 58
2 42
48 59
61 66
19 65
17 36
8 68
25 60
11 42
41 52
19 39
2 53
26 54
25 38
0 45
39 61
14 49
5 63
8 12
6 60
10 51
1 49
2 11
37 57
3 18
6 13
34 69
7 8
5 40
6 39
22 23
16 35
14 50
7 38
25 58
24 46
20 60
1 60
10 65
46 52
15 26
47 49
42 68
7 37
30 48
25 53
46 49
13 44
53 58
8 42
25 65
63 66
2 69
15 48
1 53
25 40
15 45
5 10
20 54
26 55
18 47
14 25
31 69
2 33
1 47
14 65
21 36
20 28
23 33
61 68
20 68
3 49
41 44
14 54
13 22
16 39
42 43
25 62
31 50
40 55
28 29
26 64
46 69
7 56
27 48
42 53
47 61
20 38
48 51
49 50
34 60
1 25
7 33
22 27
17 33
49 65
6 62
21 67
42 44
10 53
26 62
0 37
38 45
26 45
28 56
29 61
20 67
25 69
6 33
21 23
31 46
3 9
1 9
20 50
2 14
32 66
60 68
20 24
3 32
7 13
39 56
17 21
15 68
17 26
40 59
5 55
4 65
12 47
11 49
36 60
2 51
14 30
5 6
15 31
23 55
20 29
45 49
32 37
61 67
36 43
10 34
45 66
17 42
15 35
46 57
18 49
25 39
65 69
19 25
43 59
5 22
29 57
40 47
4 61
34 61
3 13
42 45
17 53
28 65
60 64
59 67
0 23
7 9
8 47
28 36
26 27
16 34
14 45
41 62
6 56
24 45
35 48
18 40
32 67
40 69
12 54
2 58
