nnodes nedges type
70 200 graph
nodename posx posy weight
0 5.946018466928893 1.6547298218782684 10
1 3.42541936050805 0.8481512846503938 65
2 3.574888883664757 1.6482781598128113 72
3 4.6190254394095005 2.2511893895304325 100
4 3.1151989526528183 2.366913961568248 36
5 4.023992538581786 -1.027106949788898 11
6 5.788037749315813 -0.27291506691449574 48
7 3.13945636162724 0.205424353117161 88
8 4.98792758230002 -1.4043341468124537 75
9 4.944149757963282 -0.19987258104581807 75
10 3.5936678433166307 1.1769891715025196 37
11 5.537641838867805 1.2056109738226672 55
12 4.861461004723266 0.9490198031084103 90
13 5.604325774911827 3.2278732858672488 63
14 4.239802113253564 -0.21761409107298002 63
15 6.266722270001156 -1.0824190491900338 5
16 5.094343280627851 1.5694709578251647 44
17 6.181191050677148 0.8689955905308107 66
18 4.701601488763948 -0.5606851823255936 21
19 5.602731121651024 -1.1659602513111662 96
20 5.183907926271789 2.3393669654668394 13
21 6.472173255010715 0.9011622758472901 41
22 2.997849954095664 1.7522799640560816 29
23 4.42119059297981 2.6929291552440837 28
24 5.007955679816113 1.1899314481458807 70
25 5.462934742064871 1.6057450290618713 40
26 4.210107069216064 -1.3709481349882853 87
27 5.806259937158004 0.5674620683263992 39
28 4.557222556037473 0.11760508536693694 83
29 5.904994371515013 0.010223250277336532 14
30 3.955278514836242 2.181938566190467 93
31 2.4863571869058982 0.7351182492054672 19
32 3.4589662849178056 -0.6357605729638053 31
33 4.474478082925487 1.3307511759037798 31
34 5.856449573627999 2.226133157378353 23
35 5.373197710351105 0.24346942158931467 65
36 6.813695275017092 1.6451616801569282 63
37 6.616157826478542 -0.19806914414599086 78
38 2.73414555799038 0.25911625966916446 89
39 5.490838741927123 -0.09152388678383194 7
40 3.480939885721704 0.6083319993181916 62
41 4.006924622783073 0.28703181219999513 67
42 3.8098539251106995 -0.1454536569242778 63
43 5.192613228007928 2.5239520309034766 77
44 4.132795187546739 1.3884001550622493 38
45 3.9013238618881614 1.0483066527367693 11
46 5.490757424736961 -0.6168128762030342 41
47 4.982345884667777 0.3578033585461673 76
48 7.37448739208659 0.8899797235191869 89
49 4.573515709815986 1.695369498898076 57
50 6.175224029691412 3.1466844888458434 93
51 3.5917629821731514 0.06591810708847959 58
52 5.8541020884987125 1.0458044556311943 87
53 6.151142791890859 1.4353888107939854 63
54 6.250634738846377 -0.7196238288765128 53
55 6.489607364963812 0.4638516724020739 47
56 6.945331094130819 1.940163354025619 83
57 3.861109281712167 1.9127436041923302 59
58 4.932416619993416 2.950990361940433 73
59 3.6608653807068228 2.667838830587657 54
60 4.483236838075502 0.44423461055933117 58
61 6.546775686935751 1.9158617331101473 25
62 6.333287688491673 2.5633321553483865 49
63 6.862782390259005 1.0840491401664802 92
64 4.163062820404168 1.6434151035189306 32
65 5.40291037046204 2.0953005817252666 28
66 5.165410412991124 0.8344441766666965 39
67 5.247136251657719 -1.3718176774533604 49
68 4.145633901258932 3.305687306421592 92
69 3.8471006818608355 0.5741927506200112 46
endpoint1 endpoint2
15 27
6 9
44 59
30 41
11 28
35 41
2 22
7 42
16 47
24 55
6 54
1 64
40 60
12 40
54 67
3 69
25 43
38 40
12 64
32 51
0 17
32 38
61 66
12 17
13 20
12 28
19 39
17 62
47 63
27 39
10 24
11 21
55 56
10 41
35 46
33 34
34 58
30 58
31 51
35 52
10 51
28 66
27 49
9 19
43 57
30 45
12 27
34 63
15 67
10 57
18 41
23 65
1 33
39 41
6 14
2 38
39 65
20 66
28 42
45 57
33 64
15 46
46 66
36 62
38 41
43 62
47 52
11 66
3 33
16 66
30 43
45 60
25 65
32 42
29 46
24 53
16 45
24 40
22 49
20 33
24 25
11 20
2 44
12 23
20 68
30 59
7 47
35 55
0 56
28 67
11 61
19 37
36 48
0 43
8 19
3 21
37 53
60 66
27 37
1 42
9 18
6 17
4 33
3 59
13 65
30 33
18 67
16 36
14 51
11 34
9 54
52 65
24 47
0 50
37 46
3 16
9 69
43 50
25 35
44 53
59 64
2 65
0 12
33 47
14 44
18 28
14 35
26 51
13 43
46 54
26 46
43 49
14 69
10 16
11 29
9 42
31 45
2 66
0 9
33 42
9 12
17 47
33 66
11 49
21 54
20 34
53 65
48 55
5 19
33 51
28 45
34 56
1 29
32 40
22 64
27 64
49 69
11 43
10 49
12 44
53 63
59 68
27 36
23 58
7 10
13 62
48 52
11 18
10 22
34 61
9 32
7 45
20 62
25 45
24 35
6 66
60 64
25 34
47 51
5 28
37 55
28 57
30 68
8 47
23 57
33 52
5 41
21 25
11 17
1 22
9 46
33 57
40 44
55 60
24 58
14 45
16 53
14 32
4 30
53 56
