nnodes nedges type
70 200 graph
nodename posx posy weight
0 -2.2233882713588646 4.532247966738696 70
1 -0.49559553354396396 2.336985600254414 30
2 -2.552813133194855 1.3729708188791838 32
3 -3.2374128486980096 1.496959939655282 90
4 -2.217241985817347 2.5040427397744067 69
5 0.3232975014021627 1.3421506637689415 86
6 0.27334361295011705 3.375310105136166 93
7 -1.8336046958717154 0.16781776795194084 71
8 -0.9862979936269517 0.44240100966837476 89
9 0.39984611904562695 2.751415269956974 68
10 -1.0461933113632915 2.5806794876123167 84
11 -2.0353488278512035 2.983285859615553 84
12 -2.320817995534566 2.7982834325086077 2
13 -1.0829908191412212 -0.08423740630915423 26
14 -1.2752569517591632 4.244818123153028 89
15 -1.739170175669134 3.2522326923870075 51
16 -1.34929055232673 2.350439171759443 43
17 -0.27613645529380604 1.1676798042229677 64
18 -1.168526509671931 1.3378623299907828 73
19 0.033554961615755635 2.7617553659412946 83
20 -0.5418201299597709 0.6430304279883238 71
21 -2.2492000149395817 0.15387664545039792 67
22 -1.9335740259918324 1.8281535283500263 44
23 -2.90047806414098 1.274496455325114 38
24 -0.970350604640201 2.9363362288017587 79
25 -0.4282960643463991 1.3604438779205452 23
26 0.43894930527585685 2.0698795771183236 65
27 -0.4638499841307887 0.39615085328917204 38
28 -0.24870188091875367 1.7137786540807682 15
29 -2.0191477588332796 4.251903683816982 60
30 -1.9765182375911077 1.0005556436253598 71
31 -0.10746759395541065 2.15854546940475 46
32 -1.0390861477178233 2.0690856491913996 53
33 -2.8020477149743668 0.4490536403852573 60
34 -1.6709711094544255 1.0464549263330944 100
35 -2.562036367265667 2.347523690127858 46
36 1.3290637812190764 3.1895960789286733 90
37 -1.6134587241905742 4.726998316345441 3
38 -2.9293990218123875 3.913270379211927 36
39 0.38584479547694017 0.7564665539878239 15
40 -0.5325180035820138 3.9482183185455617 23
41 1.0340810908861058 2.132842438875278 24
42 -0.9044408289077803 0.8961023514971352 48
43 -1.8122331259363496 2.6019257223308 16
44 -2.981253438499725 2.2445701785301044 82
45 -2.3097007075895024 0.6694319330450182 28
46 -0.26425470459244577 3.4203408139905336 64
47 -2.071795955933923 3.7042709540258167 40
48 -3.3039611146829295 2.075074265452101 18
49 0.6976032277591274 1.5256979914342175 66
50 -3.2242632518864713 3.0435257186736644 88
51 -0.7507656456196808 1.8710243569706455 1
52 -1.200918000118902 3.4570257385125713 87
53 -2.3112973162009776 1.7307881163013732 82
54 -1.5441481638532626 2.4685387135104877 49
55 -2.813033496208861 3.5055713683507 70
56 -1.4913338517179988 0.24757328658904415 98
57 -0.318727220380867 2.9215796042956006 2
58 0.06494529806030981 0.9389940352817742 26
59 0.6315814187020967 2.3095008077019212 5
60 -3.6574322309048464 1.048829803425431 63
61 -3.122133554773056 1.807048988265013 13
62 -0.11335444953306234 3.609480332350789 24
63 -0.792999821296957 3.0760810911839918 41
64 -2.682742629096327 3.0419999699605293 8
65 -0.913196812198902 4.013606242238302 31
66 -1.6238422774859955 1.6448182685366053 8
67 -0.520220385351511 4.812741439611661 25
68 0.18562708904488806 3.082626230536114 60
69 -2.2556195489876876 2.023147511426791 74
endpoint1 endpoint2
38 50
32 57
1 17
17 20
30 60
2 22
9 62
10 46
15 50
14 46
30 51
52 68
1 11
12 40
19 40
23 35
48 64
28 46
49 58
25 66
13 20
10 35
49 68
24 52
14 43
40 57
10 62
37 38
65 68
27 39
10 24
15 29
57 59
23 53
54 61
22 42
6 26
29 37
34 58
24 62
18 25
17 39
19 49
10 51
23 66
20 42
27 49
57 65
39 42
15 16
30 45
11 16
7 21
33 45
0 14
34 42
25 58
15 43
2 12
35 51
8 28
16 57
32 55
44 52
16 69
21 27
34 53
8 32
6 32
50 61
19 43
36 62
10 66
54 64
5 17
11 66
29 52
3 33
21 33
1 19
32 42
5 59
27 31
17 27
4 64
10 63
1 66
46 63
3 22
35 64
3 43
28 54
24 25
5 20
20 28
41 68
4 63
19 63
51 58
17 56
38 55
4 22
10 26
26 39
18 63
16 17
33 44
7 33
0 15
17 28
13 25
9 54
34 43
24 47
6 62
35 50
32 69
23 64
0 37
4 24
17 59
4 43
37 67
44 53
48 69
5 42
7 27
21 23
5 39
24 68
24 57
6 52
16 52
26 51
25 41
14 29
20 45
23 48
47 55
62 67
22 47
48 66
26 31
12 30
24 54
51 62
1 52
13 33
5 9
11 53
1 57
0 47
22 54
31 68
15 31
11 64
4 45
27 42
7 69
34 56
59 63
23 45
16 24
24 51
15 54
26 58
18 34
46 57
12 44
10 12
37 52
59 68
26 36
1 41
14 67
28 39
44 60
10 22
38 69
29 38
2 16
34 61
8 56
15 53
54 69
8 30
43 53
28 57
64 65
9 46
4 50
2 21
18 69
15 63
5 51
12 43
20 51
35 48
13 42
53 56
