nnodes nedges type
70 200 graph
nodename posx posy weight
0 0.3558054721123347 -3.2371388931692913 7
1 0.7058594885188383 -3.482515866221262 37
2 0.508749152492606 -1.679307541929861 89
3 1.757702774214951 -4.159107726238392 100
4 -2.222859942650975 -5.173167779304807 50
5 -0.02542041817422686 -3.077843618673804 74
6 -1.473949331199284 -4.325240193442984 99
7 0.031981848854187894 -6.264409026437391 78
8 -0.07006005325203495 -3.648090552210483 17
9 -2.300417021270838 -6.379094937829928 33
10 0.6411774208590766 -5.813439800773873 38
11 -1.9920015175931653 -5.525685652082738 11
12 -0.5126541029357082 -2.640715395858502 8
13 -2.52350405753163 -2.743376590264582 57
14 -1.1877999960686705 -2.3132556474117076 65
15 -2.740916680266727 -5.358390990634853 36
16 -1.2234076629889405 -2.9713292576361074 65
17 0.5867179993742304 -5.118162888454592 66
18 -0.297955668171113 -5.005482629233149 3
19 0.6686565973915186 -3.0664043148180404 90
20 1.074648827090652 -4.64678400352963 35
21 -2.3264927635630914 -2.5358807959193346 59
22 -0.7358393740942741 -4.168665843772473 44
23 -1.6666597534839624 -5.600960324655917 21
24 -2.3870081146463162 -3.757905312710597 8
25 -1.8327357440803138 -2.9892206730440765 37
26 0.6289815296071274 -4.030591492888061 76
27 -0.7446662718390139 -1.6521244682993048 8
28 -0.19004206259780013 -4.528737920358144 2
29 -0.5990433076076004 -4.940004900950152 42
30 -1.5505431556731966 -3.7268492416933934 36
31 -1.4223854216701952 -4.5147210829877125 25
32 -0.9123255110995762 -4.7269971730880656 1
33 -2.08534976323094 -3.9860617859217053 61
34 -0.9249499168231512 -5.356404915324412 9
35 0.821167913615014 -5.671757621774732 26
36 -0.10065036715174776 -4.256159539449033 17
37 -0.3535093687743514 -5.36598791486421 17
38 -1.1433180659406412 -4.797779406137535 15
39 -2.4354883654581263 -4.312245013737058 24
40 -2.8052831901128044 -3.997126702036075 47
41 -1.1956193840861018 -5.627583983551863 72
42 0.03648176369356876 -5.860713986644791 5
43 -1.709191450555164 -4.681950655142506 47
44 0.23205481546959797 -2.2356720410609356 62
45 -2.118443508680878 -4.432958675404999 97
46 1.2470659805488042 -2.772264700389255 51
47 -1.5135728723071118 -5.945022229830099 17
48 0.5603547793624277 -4.341787267174218 92
49 0.15402655526646228 -5.608553931704053 24
50 -0.5619142864221208 -3.9852031304547975 45
51 1.0406680923895584 -4.853580634182167 65
52 0.42985796488063865 -7.359157821292702 13
53 0.2636250591235279 -5.022070163287811 56
54 -1.0857246840073083 -3.245923696652784 24
55 -2.2490526092178404 -4.822674907585465 99
56 1.0897455357791954 -3.586425698054834 8
57 -1.572315007899766 -2.3210641192727515 22
58 0.26647864304444263 -4.638980722918353 94
59 -0.19459855396963233 -2.6821489526015285 59
60 -2.0803518656431637 -3.2454931502414115 40
61 -0.7475325733420839 -3.351464756916441 40
62 -0.48190458146490084 -5.827250487272913 78
63 -0.8022721233634201 -5.4978194094749195 35
64 -1.672235711587971 -2.805146508105965 97
65 -0.6776639142308493 -3.786421198316517 36
66 -0.7082447491456804 -6.093007864756831 76
67 -1.8123393211559957 -3.5137086840613856 49
68 -0.3270138177332332 -2.1992999192436904 73
69 1.209840140448014 -3.9520782928846243 92
endpoint1 endpoint2
32 54
3 35
10 17
33 55
6 28
28 41
8 63
38 67
34 35
24 55
0 61
15 47
25 54
54 67
36 61
17 51
14 31
12 64
32 38
6 25
49 53
33 39
49 58
22 28
16 25
29 47
2 27
34 36
16 44
20 58
58 65
17 62
21 40
53 62
32 48
48 56
18 65
10 41
41 45
36 56
8 65
6 60
16 60
58 66
20 42
57 65
22 61
11 15
18 62
22 32
39 55
22 23
55 63
18 66
33 45
22 26
31 37
19 44
2 12
39 41
38 51
29 49
13 54
6 29
39 65
49 62
1 5
34 47
33 64
24 43
36 62
27 54
18 42
42 63
17 50
1 44
14 68
44 68
32 42
22 29
31 34
33 43
16 45
8 69
4 11
45 64
11 45
7 53
33 67
36 51
11 62
0 46
56 59
8 22
37 50
9 23
13 60
0 68
22 43
30 36
4 63
59 60
22 67
10 37
34 38
0 53
7 47
20 56
28 29
21 61
46 56
37 53
34 66
10 26
38 58
29 58
32 33
17 28
31 36
19 58
26 69
41 49
12 48
4 24
43 50
8 16
5 29
4 43
23 62
48 69
20 22
4 38
9 47
38 65
14 57
19 68
12 25
16 33
11 33
18 43
26 51
28 69
26 46
47 55
14 16
5 16
5 69
28 61
30 64
1 18
6 34
31 45
24 54
7 52
22 54
15 31
4 45
32 37
0 3
50 53
23 45
5 61
0 54
4 9
37 42
26 65
36 49
19 36
25 39
12 68
53 63
26 36
32 63
64 68
2 46
32 34
13 64
30 38
50 54
24 61
13 24
1 50
7 62
6 66
60 64
17 58
42 66
54 57
32 47
55 60
50 59
11 32
35 63
17 35
15 40
40 50
31 55
7 48
17 48
12 54
