nnodes nedges type
70 200 graph
nodename posx posy weight
0 -2.1824326352447163 -5.789763844249441 38
1 -1.2175949415599285 -6.982467468552285 97
2 0.2034197289979366 -3.8872729785020037 48
3 -0.4650391790985902 -4.24906549951 93
4 -2.747536922331664 -4.750636834551775 36
5 0.9964509730516219 -5.422194405722209 2
6 -1.3036350853415446 -4.647481262346843 40
7 -1.986779917667627 -6.5200456095887045 89
8 -0.23687716132887418 -7.0171994727939015 23
9 -2.8157208802761793 -4.315646134205702 61
10 0.2288905880029135 -5.973599038516947 15
11 0.7188519759159125 -4.260194621917801 77
12 -0.5912291420002755 -3.9099606645671656 29
13 -0.4663423330577441 -5.924908062487041 78
14 -1.2617180714586462 -5.607964855834532 99
15 0.35401487244388874 -5.091284920510681 39
16 -1.0825839143166358 -4.186542609385016 75
17 -3.4405062477809434 -5.237123005641252 20
18 -1.8913506138037437 -3.275796470071979 95
19 -2.7212185068166628 -5.613350856663612 64
20 -0.05741897948858505 -2.897866229013896 39
21 -2.6278845295999655 -4.095702945136031 91
22 -2.229248299493802 -4.05490967308776 27
23 -0.7588177979690984 -4.614461085808739 26
24 -1.6632018677011686 -4.402560947722397 15
25 -0.2852169299837664 -4.65190212905503 52
26 -0.24398578684592712 -3.406310306715327 60
27 -1.541404929017981 -3.4246995252855155 53
28 -0.1715492557444442 -5.499958809679221 46
29 -0.8461205041308704 -5.714617386096974 36
30 0.2917317022827184 -4.691388183313025 82
31 -2.019678968803893 -5.208698046003878 26
32 -3.329563447085961 -3.083201841327252 60
33 -0.16062521366548937 -3.6673701110692556 60
34 -2.1597313500611404 -2.634917527508439 19
35 0.9422292988550466 -4.701142360390616 58
36 -1.0408505325826638 -3.0616041807964613 16
37 -1.4834210436172233 -5.267001825698062 24
38 -2.3578759605693813 -3.474457061259803 11
39 0.4918583063996871 -3.2997569830319664 79
40 -1.2533736683159729 -3.329607620396677 3
41 0.3740820243691759 -5.575966119850328 34
42 -1.410398006971962 -3.7340068632399035 54
43 -1.4268683065467094 -4.854538802010681 56
44 -3.443693376069407 -4.620466689883106 45
45 -3.1041862270818363 -4.919024352576963 8
46 -2.4053282279688655 -5.5544561273032445 54
47 -1.4876870825609192 -2.6066514104901746 78
48 -3.2499350674015823 -3.939490681650315 65
49 -3.154152580303734 -6.06183784327991 59
50 0.013264650026560392 -4.480273631885873 83
51 0.6432596139287663 -3.8498102903082314 48
52 -1.2224817094294766 -5.981653367516777 57
53 -2.994952292996782 -3.6609341974826455 92
54 -2.2253171425719147 -4.933111923159736 70
55 -2.51050815412264 -6.0824566546013905 79
56 -0.7358171174241652 -6.370870403277647 69
57 -2.1547987277422815 -6.770531865290998 4
58 -1.1470118207863393 -3.761180869745518 19
59 -1.696583469363327 -2.929787013794759 11
60 -1.7679670251846347 -4.914273360489487 88
61 -0.7851027978143699 -3.5747451697542627 72
62 -0.5393286581016679 -5.107125319615842 30
63 -0.7333035084661601 -5.515889273656255 72
64 -2.378618008465003 -4.558942349378646 5
65 -2.6699504417151934 -3.44475060792279 92
66 -2.7568423891658544 -3.0324261331484896 66
67 -0.6641681627227999 -2.5151038384463034 61
68 -1.807537750688088 -5.890419141038415 77
69 -1.8224531894737632 -4.2416930111912805 27
endpoint1 endpoint2
6 9
37 69
22 44
30 41
24 66
23 26
14 46
13 30
7 55
32 64
6 7
53 64
19 29
17 64
22 58
3 62
0 17
33 50
6 25
30 42
12 28
49 68
24 52
12 34
10 62
2 6
5 11
3 64
64 69
55 64
29 56
33 61
59 61
16 38
22 66
5 63
0 52
46 68
45 68
12 39
26 67
18 36
20 42
43 52
4 21
3 39
27 34
62 68
9 45
43 69
63 69
35 62
25 58
13 41
20 47
23 50
13 54
59 65
0 21
15 23
58 59
34 53
0 24
16 29
22 69
50 61
40 61
19 54
36 62
14 28
9 65
43 62
15 25
3 33
58 60
22 46
48 65
11 26
49 57
4 53
18 21
50 62
23 24
10 63
24 40
20 33
2 33
48 54
21 36
11 20
34 59
23 31
24 50
16 42
46 69
4 69
0 56
25 51
16 61
12 51
6 64
42 53
19 22
37 64
22 33
54 63
45 53
31 43
30 33
4 60
18 67
43 68
1 14
8 10
9 54
26 69
42 59
42 54
14 23
38 48
6 18
48 69
4 38
9 47
33 58
44 64
40 43
14 57
12 25
8 52
9 49
12 42
29 68
54 65
26 51
42 60
19 31
9 64
60 68
52 55
28 50
13 56
15 37
27 47
16 67
11 29
17 21
23 27
14 41
1 52
3 25
57 68
40 65
39 50
16 21
16 24
7 46
31 61
24 38
16 62
52 62
43 54
14 27
65 69
28 52
43 59
38 59
13 62
54 60
32 34
40 47
5 35
2 16
33 35
16 37
24 61
18 24
25 56
6 63
4 14
3 30
10 50
36 59
58 69
6 12
13 52
12 60
44 54
25 28
5 41
55 60
18 69
9 48
24 45
20 51
2 15
25 40
41 51
31 64
27 61
