nnodes nedges type
70 200 graph
nodename posx posy weight
0 2.1854797763512965 0.32713519006098507 70
1 0.1654244050309157 2.6219429169963155 74
2 0.46214228094735643 1.01526537203386 31
3 -0.89703486424526 3.4289689160752 10
4 0.27063384155346215 1.7909278168682456 27
5 -0.1458164817184524 1.6186807881119305 27
6 -0.480615328990662 -0.2485920578547588 3
7 1.683198949335773 2.6930335932858847 63
8 -0.953632551121284 -0.5605450366950402 33
9 -1.2280652303138722 2.4669182806291334 23
10 -0.48260341379533195 0.08381501299230033 23
11 -0.09094845500187779 0.6553679622033523 91
12 -1.518498417779954 0.9432003985323456 31
13 -0.4748061735561394 1.501134401839223 89
14 0.9322283332174243 1.185905261882827 20
15 -0.7959730790109438 -0.9539203475452618 20
16 1.4436526073912936 1.6978651465076497 96
17 -0.7827634885639719 2.5088919203229763 90
18 2.7227146451914104 1.017005556307881 48
19 0.6294137953023986 2.399334701481482 86
20 -2.053921675963858 0.8067779853546172 41
21 -0.04403979540210871 3.1902987280899486 81
22 -1.0033119307864808 1.9314535398724235 87
23 1.0761570470375634 1.6744179201804117 63
24 -2.046958180035113 2.116929722683536 78
25 -0.9275900697574575 2.872376583320796 33
26 0.5579705951542692 0.7091809522532831 14
27 0.7219418590529896 3.1903953344232545 42
28 0.9631758895366901 2.3432055899388256 44
29 0.09171638552370451 1.4051181607750811 85
30 -1.6651872427444816 0.21005553993980106 33
31 -0.3710997909912931 2.1875851995586273 80
32 0.3289650971873439 3.2004596455032153 61
33 -1.425147038518138 1.4299845259054895 69
34 -1.1772064373879545 3.166776272613026 29
35 0.6215030747780838 -0.536691256620357 73
36 0.6587488481598323 0.0018022719829273411 97
37 1.0767200973956812 0.7341144870928368 98
38 1.5480056959453734 0.5573150491800798 90
39 -0.8940736107390023 1.488203871655888 63
40 -0.01398856175951208 0.02194444554894341 64
41 1.5157255953219082 2.3088699744609382 69
42 0.9698038345736683 0.24456496399429023 12
43 -0.8816556791909307 0.6981753404903538 9
44 1.8295618614457092 0.13197620103980848 25
45 1.7885421051547508 3.6482312206483147 54
46 -0.3592640770970559 1.0474120006407455 53
47 -1.7301720830331524 2.341032872750158 88
48 0.17966282717874724 -0.3471343592315468 95
49 0.2425189997166566 2.4112271870236555 10
50 -1.060719787337354 -0.17725523228924636 42
51 -2.6370840026039115 0.8909464366389606 33
52 0.3395057843964006 0.32459776132202806 73
53 -1.8889671820431597 1.6927302255253287 74
54 -1.1919351237583422 1.0448033716744571 42
55 -1.2891655613960564 0.28526793727664523 86
56 0.30880200657529455 -1.2326076776267754 7
57 1.8673093239685006 -0.2568395067732355 100
58 2.0833450639712914 1.5939407715367695 73
59 -1.2100408509676537 2.0372327329262374 9
60 0.03003802945456974 2.1208946334647822 85
61 -0.3581760945965805 3.2056628580274844 73
62 -0.9651565763664771 0.3095298992821005 6
63 1.6431905525843375 1.9388545831206814 53
64 -0.11856816437712374 -0.4699009962306532 31
65 0.5882286001516924 1.656757030842022 18
66 1.187120811568982 -0.6337900941923202 29
67 -1.2686740689962164 0.762290832183384 22
68 1.4725394916849601 1.136740456434136 61
69 0.9900173927853846 2.8570411682112615 66
endpoint1 endpoint2
39 46
5 68
62 64
2 41
16 68
23 60
48 62
21 28
36 68
11 28
2 22
5 54
11 48
23 69
4 19
19 29
2 63
2 42
1 28
32 41
10 35
2 6
58 65
5 11
20 53
21 59
1 59
4 16
3 61
12 22
61 69
9 39
50 55
22 25
10 36
52 67
8 12
23 28
35 52
26 60
5 14
19 34
43 52
19 23
37 65
36 64
29 59
4 32
23 37
6 39
5 37
0 14
50 56
30 55
17 34
15 43
26 68
10 65
25 47
24 33
16 57
4 31
37 68
10 30
16 69
30 46
54 59
34 53
26 29
16 29
1 16
1 5
56 66
40 48
2 49
23 68
46 49
4 28
5 17
11 66
53 55
0 18
22 46
17 22
8 48
24 53
20 59
33 67
20 54
3 22
19 38
10 55
18 58
24 25
23 52
2 44
41 68
29 36
4 63
19 63
2 29
11 40
20 43
36 48
10 15
2 55
25 32
47 61
3 21
37 64
4 33
8 36
30 33
47 67
17 33
42 44
3 31
26 62
58 68
16 58
43 50
14 23
13 53
11 13
19 21
7 14
29 61
9 47
18 68
11 33
9 49
7 49
46 67
20 50
11 50
13 43
31 65
19 31
6 8
4 40
23 46
27 69
31 62
13 31
51 62
17 47
5 9
12 47
43 60
9 22
17 65
29 54
7 69
24 51
6 50
36 38
21 60
5 12
10 12
56 57
65 69
38 52
5 25
2 35
43 59
23 58
26 36
27 41
0 66
34 61
50 54
50 67
14 48
15 56
13 24
9 53
7 45
45 69
10 50
0 38
8 30
26 42
1 39
39 43
32 60
42 66
21 25
4 39
13 67
13 14
13 27
30 54
1 69
46 64
40 50
12 43
35 48
10 64
21 69
13 42
