nnodes nedges type
70 200 graph
nodename posx posy weight
0 1.8203915634928647 5.019354042025281 55
1 3.618297537132791 5.0749276680366044 90
2 2.9462939535117187 4.662265490035046 89
3 4.239974171123649 5.173967808946872 90
4 2.678608138626456 7.132254420052209 61
5 3.62510250799854 6.415421389634468 66
6 1.6160129086548767 4.105550695410252 2
7 3.4274558815986502 7.639922090898905 72
8 2.471082223292153 6.063073957671191 42
9 3.81597396949533 6.214493863857796 2
10 1.2516567617883068 6.743659888275965 33
11 1.934584430817996 7.480401924323496 4
12 0.5517806170645969 7.017147929627924 24
13 2.96545754465708 4.190961021478522 47
14 1.0486075314929633 4.880201785696076 6
15 1.8501903062081573 5.348747611798247 31
16 2.9416997428241594 5.743211867731224 22
17 3.5902561267170823 4.433941336891636 62
18 2.36856227003839 4.990663422220274 97
19 1.2937620177779823 5.50847810958292 16
20 0.041837491459599606 6.063417113648035 44
21 2.3181537728776247 3.3739400797519163 44
22 3.316391018001574 3.5884181666841135 71
23 3.9596896187422486 5.702280063566861 66
24 2.4246301790175826 4.7086031658629866 21
25 1.6185421971790763 5.812515738375226 88
26 3.4828608470264464 5.380224885728025 38
27 1.9897252947507502 4.260089477957544 56
28 4.397839964661162 7.346800287574973 97
29 4.005721719369833 6.835691005926959 17
30 3.021948267547478 6.586597356027755 81
31 0.7271826194305223 4.329744938174274 34
32 1.7544948138471523 6.727950237079767 82
33 2.3791297500743687 7.424831537772966 75
34 1.1707624635794887 4.566969231560118 24
35 4.86193442943522 5.199158736397897 61
36 2.573779663872081 5.438080299965191 4
37 4.400556850377814 5.5401822758648525 76
38 0.691386218483975 5.60403165262132 53
39 3.016251316272044 5.313885244040811 37
40 4.695105123607007 6.575047220740601 45
41 2.2472230015595076 6.4627798288448535 24
42 5.11914317604367 5.837449730225702 20
43 3.8335737957447455 4.157149921476709 89
44 2.0209021551645505 6.246434312159833 44
45 4.751251091136838 4.421399487231462 81
46 1.453325871649132 5.933967276014042 63
47 4.1080713721461635 6.132996895008979 33
48 3.4050538688021144 5.91890291153724 86
49 1.1218835237646578 6.918492439431838 11
50 2.576621396423935 4.131589919180569 40
51 3.732469366563839 3.3320703596471444 29
52 4.415585997282042 3.726198804179841 72
53 1.5949087250556364 6.223632343239098 50
54 3.1498649606848006 4.414755848730039 62
55 3.1821785137074254 6.046651662469055 71
56 1.6846099662196292 4.745160632388953 28
57 1.3312997120586696 3.540190866314684 93
58 0.8812825348477564 4.988945492997515 91
59 2.6891897468982258 6.562696282371928 10
60 3.834125975545982 7.376188279666874 5
61 4.142162642474526 4.58104492600856 99
62 4.6898214573255155 6.107664788710133 75
63 2.8212885077865026 2.846896359198527 11
64 2.224194503620168 4.016070953297162 62
65 3.808493703992955 4.922319244815675 59
66 3.067725165665301 6.409092325190871 19
67 3.0243167033941907 7.417816059412772 46
68 2.1979267314657123 7.266293456720125 50
69 2.2074215560298427 6.785213291968523 28
endpoint1 endpoint2
26 47
4 55
15 50
24 55
23 26
6 54
18 30
34 46
21 56
5 8
4 19
27 56
23 54
24 27
11 67
0 17
48 59
34 57
5 60
16 44
1 54
25 49
3 23
56 58
34 64
9 16
39 48
39 61
10 41
31 38
36 41
14 36
4 68
35 52
0 39
41 55
36 55
2 54
21 43
3 39
27 34
39 55
8 54
14 50
9 55
32 68
15 36
38 44
3 17
43 51
5 67
5 30
0 24
40 42
19 69
2 64
1 5
50 61
16 32
4 30
18 31
17 45
15 46
6 58
20 49
29 69
26 50
8 25
22 52
46 49
53 58
27 59
16 66
32 39
33 49
28 47
66 67
17 22
16 26
19 64
27 31
2 24
8 69
15 48
4 11
37 40
33 67
2 50
26 55
53 66
9 23
32 49
1 47
17 66
11 25
1 30
0 53
8 66
40 55
46 69
36 37
4 69
21 64
36 48
43 55
25 32
47 61
57 64
5 26
28 59
44 48
7 11
55 62
9 33
22 27
13 25
47 67
14 38
26 62
3 16
2 56
26 45
22 63
29 48
2 39
33 53
44 53
55 69
30 47
11 30
0 25
8 33
29 42
2 65
24 57
10 67
25 41
0 34
26 46
23 48
32 53
4 59
44 69
13 18
50 63
24 65
4 7
2 51
17 65
6 24
7 29
18 23
49 69
6 50
2 9
10 12
60 67
22 51
53 68
19 25
59 68
15 18
42 65
36 66
45 52
7 23
40 47
2 16
1 24
50 54
16 37
41 46
3 13
15 53
12 38
0 38
15 38
3 29
25 34
5 65
14 20
13 52
11 12
2 36
6 19
30 44
5 41
55 68
1 22
64 65
55 60
9 35
24 58
47 65
10 56
16 53
36 56
35 48
21 50
37 61
