nnodes nedges type
100 300 graph
nodename posx posy weight
0 2.1195710119235573 -0.21148470163432811 51
1 5.229021903499697 -0.4128997201265274 84
2 3.813174543722427 0.9050382682000376 98
3 3.657985833360214 -0.20073883261777928 47
4 5.115640310870257 -2.0481205828841915 33
5 3.5651996272886493 -1.6258243519310898 76
6 2.948935116434632 -0.9269601824206434 88
7 2.883775247415041 2.1869326808047607 99
8 3.7911198393627545 1.9916835395840238 76
9 0.8024049001016047 -0.8637485261239667 66
10 3.3921487791575373 0.5297285346332389 96
11 5.021157076745207 0.5968789083998197 3
12 0.7311987822646832 -0.23922096609596263 62
13 4.063385004051929 -0.38548980751657547 53
14 1.8120364970110863 -0.5157709083451841 17
15 3.455086559696917 0.850906049862082 8
16 3.226017831565067 -1.6456909587023192 65
17 2.357465743830332 -1.4490994155516395 67
18 4.378225025391842 -0.20420001557858125 36
19 3.2390984542056804 2.0557010834434477 7
20 3.9346445203766676 -1.1647993739392464 35
21 0.7513089093784544 0.8929693845119592 40
22 2.4584062045494712 -2.353826795465356 87
23 4.018970856780468 1.2566754947064944 39
24 0.8861152173694621 -1.6303222017532482 80
25 2.6016961457698784 0.7961483443800764 8
26 3.1587637763183425 0.13226422613460492 40
27 2.481979491652582 0.017086978214685702 11
28 2.3289104054314977 -0.8378041683480277 38
29 3.1355755712215956 -0.7715758467187147 60
30 4.582368896794604 0.38311707749068263 41
31 2.1386026575080446 -1.7959112218610167 74
32 1.2372308519649997 -0.2563727241810912 25
33 2.5762743593600534 -0.5614178899880697 90
34 2.7421582997274467 -0.03168667214709459 91
35 4.145924054800972 -0.13669190689595906 88
36 5.052140711201889 -0.934842481261353 43
37 3.9735082886848905 -1.6821858706105435 77
38 3.709481441399041 -2.6843835300860546 68
39 1.4510364455008053 0.051749336354969123 80
40 4.7365119081490565 -0.9078086248342765 61
41 4.195725949846311 2.063494317677527 23
42 1.7238619199651437 -1.0096911857326174 81
43 3.862862382949913 -0.7431829022987145 84
44 2.281442533996429 1.3612355934982572 24
45 3.7335943058821766 0.4272524969589273 8
46 1.682976631587952 0.2079070318071831 28
47 3.1040653773957008 -0.18433042205230546 18
48 2.270143081759263 0.884347248036956 26
49 4.450129178276927 -0.5031304553181021 82
50 2.6262433778267584 1.0741009698333093 6
51 2.915374452197886 0.8327243041661229 38
52 1.3771856513049656 1.3050134536590694 48
53 3.531164887272414 1.882615801513786 2
54 6.21147419490386 1.0552072003383945 50
55 0.9004490341297262 -0.48279204213975707 82
56 1.7578806540943623 -0.7241984551981975 81
57 4.240298410763188 -1.533642831510852 65
58 4.278535401057187 -2.643647485509617 90
59 0.7674532358142835 1.2123938664435032 91
60 1.8912223595565463 1.3456810882930017 58
61 2.251644512601459 0.43041690523228165 24
62 1.569004124301875 -2.82208832922707 28
63 1.3983186499481461 -1.5744376050163793 76
64 2.06157971153075 0.6241524999175438 72
65 2.5073895202256327 1.7084574733117712 79
66 2.5382212513859597 -1.0803733868708045 39
67 4.953070170706319 0.11305685039328868 43
68 1.3980193553677884 1.453169082127806 89
69 3.425819848668052 -0.433230448425856 30
70 1.35222049529586 0.757761299909359 81
71 3.4752097823077586 -1.0429357119932323 70
72 2.778180305294807 0.41529728397441695 33
73 4.1398290207637425 0.7936327228716556 24
74 4.4466576897172265 0.3948412087775304 59
75 3.0162434218919625 -1.6618351929216912 5
76 3.808947709857782 -1.9991838429469055 65
77 2.5194364207165543 -1.7359133987057576 85
78 3.230760466072315 1.11692501760907 60
79 1.4842529274655585 0.576072621090378 63
80 2.980966372952449 -1.387630369852101 22
81 3.0601745244544234 -2.6278577676907964 22
82 4.551764756900141 1.4449036143078835 71
83 3.0447752757043776 -2.10611372252782 2
84 2.9210807045460645 1.272912602189126 54
85 1.8953122176407184 -1.451976269712326 80
86 1.8695326420614926 -2.366232150815021 89
87 4.099206968723764 0.4814287306411073 53
88 2.349026024694821 -0.4568341861049803 4
89 1.8176498274728417 0.44253012770955463 28
90 1.2210668567614111 -0.7210168867150348 90
91 4.610837231468308 -1.5998412753962437 11
92 4.468939245069008 -1.1344928268294632 55
93 0.8389454087626991 0.21330184438745028 58
94 0.6887899904087346 0.3600836803731413 67
95 4.52689629571842 1.7928709627410349 6
96 4.808953801194421 0.9332976684284133 78
97 3.2960579823389873 -0.21729671282830534 93
98 1.8447667038272635 -0.2582203281603484 69
99 5.884982307523651 0.4635531164346683 62
endpoint1 endpoint2
77 86
14 17
20 25
37 69
44 59
27 46
87 95
28 61
11 73
7 25
21 94
7 95
13 30
17 46
50 84
46 61
6 69
65 84
32 93
6 72
12 64
31 80
11 67
20 75
34 74
25 26
27 45
5 18
6 98
14 71
15 73
23 44
38 76
47 78
19 65
83 85
44 97
37 38
17 62
14 24
64 69
44 61
24 86
42 93
6 26
55 56
39 72
33 85
31 38
47 77
13 23
27 78
67 96
10 51
1 49
57 76
33 79
84 97
70 84
10 14
5 27
40 92
10 29
39 55
39 66
5 40
33 56
49 51
0 64
39 79
29 40
53 96
15 67
50 69
13 26
39 88
11 35
34 42
23 84
47 64
63 86
9 55
29 66
66 98
28 71
11 57
6 83
10 30
16 69
28 42
12 90
46 88
15 61
24 56
56 66
13 29
25 53
74 95
21 52
40 67
44 46
50 98
31 83
5 17
3 33
49 97
48 60
73 74
47 92
29 33
56 89
26 30
47 73
51 87
2 69
9 56
16 88
46 72
8 48
26 56
41 96
7 53
75 81
12 46
15 45
13 47
80 98
44 51
15 28
14 65
65 72
55 59
30 36
50 52
29 81
44 84
33 89
45 67
37 43
28 80
26 61
17 43
35 74
40 74
71 76
43 96
27 48
18 48
47 61
14 79
6 87
2 34
34 66
19 84
11 19
63 75
76 97
22 76
3 10
1 91
7 50
13 91
2 13
60 84
25 46
16 58
33 73
8 82
75 91
6 77
64 93
36 75
20 80
28 56
9 90
82 99
4 38
27 85
1 23
0 25
6 33
47 85
19 68
29 42
2 65
44 64
16 33
55 61
79 93
50 82
15 41
12 42
89 98
18 43
0 34
13 43
42 75
22 56
5 16
25 94
3 32
27 47
49 96
42 70
21 98
59 79
56 90
4 40
52 93
16 86
0 75
13 71
17 88
9 42
50 72
38 81
39 93
71 72
48 88
63 94
35 78
0 97
16 49
68 94
19 41
27 52
4 92
9 12
6 75
3 87
45 89
37 49
77 90
32 50
34 56
23 45
29 80
17 37
21 79
51 61
49 74
50 88
21 60
3 20
17 63
74 82
15 97
25 39
45 92
70 89
10 84
32 63
15 18
5 22
35 83
37 92
44 60
76 92
31 42
31 97
16 80
58 91
1 13
15 53
18 40
11 54
3 30
35 72
8 30
57 77
25 45
61 98
78 79
77 83
60 64
57 66
40 91
20 36
70 90
39 52
82 96
29 60
48 70
0 79
13 67
47 84
51 90
43 66
15 64
13 80
56 68
39 89
43 87
9 48
74 78
31 55
36 99
43 88
35 71
20 91
