nnodes nedges type
100 300 graph
nodename posx posy weight
0 10.429105134662258 -4.204961511763981 63
1 11.418240501902092 -3.7510404698401256 6
2 10.835406562440216 -3.6445419826553587 3
3 12.288952114089803 -5.027441501621661 38
4 12.487702966962807 -3.802608922249061 87
5 10.675377522616714 -2.3496799583830605 81
6 10.034151712989017 -1.8438490803454615 13
7 9.664173329591058 -2.012616398031191 64
8 8.985858043710023 -2.5139155342432193 13
9 10.999874769241814 -1.4007601457690972 1
10 9.828963052295856 -5.257693287221137 40
11 10.539067445558254 -4.9363512550017905 94
12 10.53289434121372 -3.408148264911205 52
13 10.030133165825744 -1.5407633290706473 11
14 10.955122165027316 -5.117632478130705 34
15 9.863322185298601 -3.5579621803619808 58
16 9.169877195253036 -0.7228479054575428 35
17 10.721945968103904 -4.453053742394266 97
18 11.816314258979009 -3.0821879188889985 8
19 12.340220412311927 -1.9455997709935726 24
20 10.395760484278693 -2.73086077827068 63
21 12.06981009148785 -4.068100861907232 73
22 11.80637490677055 -3.8847866502409416 9
23 10.634733325391249 -1.551417038299841 75
24 12.551650207634353 -4.599033354775339 25
25 9.995057599535391 -2.325412105949761 67
26 12.49706481572744 -4.404263425440448 59
27 11.70977274670496 -3.4726609077107167 8
28 10.043398969053952 -3.8112809262514253 44
29 11.975360637413836 -4.472803389568427 55
30 13.187200838735345 -2.042762086148598 83
31 9.98367166191912 -2.7390272594367393 20
32 12.778357505656336 -3.188450225482097 89
33 11.427438004737224 -1.7740257172465719 12
34 13.913930053507709 -3.4876036300507867 98
35 10.608827480922896 -3.7906384960049193 20
36 12.984088713080194 -1.9920558495937903 38
37 11.229033498636591 -3.8921486951145776 73
38 11.683448162827741 -5.037001616787594 45
39 9.50586655784382 -3.977576563939591 93
40 12.960422127429489 -1.7306183325167452 38
41 9.210716148578307 -4.111182573047338 96
42 11.042938314016677 -0.6390154999919111 78
43 11.349718023753567 -1.986691924922281 6
44 9.991018319851838 -3.1674965072686665 52
45 10.809661663100915 -0.9374806345595647 38
46 12.308157406478564 -0.42893396068765066 37
47 12.964203106179214 -1.2356655090281792 10
48 12.271257457528886 -3.247395772421048 9
49 10.176867722793693 -4.659664291564086 86
50 11.375537675970572 -4.909214458467167 48
51 12.171165610810347 -0.899160364888161 60
52 9.27672305637005 -2.8153744758303842 8
53 12.763558412076366 -2.6390798725787197 70
54 12.273256990495081 -2.387512836481344 51
55 12.674927617685658 -3.35593032102401 56
56 12.793142403744707 -4.021355326829894 11
57 9.848513224025975 -1.5247054170848344 1
58 13.822106515667395 -3.1231535299880964 5
59 9.357618539484877 -3.3799669787806943 43
60 12.537695744686504 -2.759167602215666 27
61 12.045117653070859 -1.783565476449954 68
62 10.431529381639553 -2.8977572224458057 74
63 12.017431926777459 -1.6212926155840643 5
64 11.508650021445254 -1.5404877125025371 68
65 10.97255555686745 -2.14359179992066 23
66 13.961417468705795 -2.079977095218096 45
67 10.443889615095927 -1.6604296643277212 91
68 8.870590740902816 -3.5029450519622327 18
69 9.75109754682447 -4.586952459145137 4
70 13.100267535440594 -3.542143836257079 53
71 13.497741900336225 -3.064981386839032 54
72 12.430479949501212 -1.5014204459220228 89
73 12.83286901699373 -2.9644317468711594 97
74 9.248764949381856 -2.41645444792992 49
75 9.513973788117678 -2.4824252084626344 96
76 11.000345804232703 -0.1022959390838327 55
77 10.974064329405671 -2.5134227349523863 71
78 12.571125392795151 -2.3927806828676825 62
79 12.00511405357004 -2.6674691754821827 26
80 11.917341462968901 -1.0572849285830215 21
81 10.345642324835005 -3.1547331598998642 2
82 11.571530405893249 -2.9936845131578713 86
83 10.7188613015594 -4.233690832242449 37
84 11.835758082572863 -2.218150806282657 4
85 9.535161593325633 -0.6539945822616711 95
86 11.169507541022652 -2.023638863677947 53
87 10.977634285844797 -3.0894759887586813 46
88 9.448733599297135 -1.7720224235948214 80
89 12.299784649811127 -3.428514791909961 11
90 11.579284850958022 -3.5332758829968354 12
91 11.45770233696223 -4.349186278859457 86
92 13.306892799937097 -2.5049266530675616 52
93 9.499698532628399 -3.539824552565075 34
94 11.153014501809848 -3.2719281638770785 56
95 11.65997517003716 -4.43772835753945 97
96 11.564808529754814 -1.0700130885682748 19
97 11.065402958565354 -4.304920269038304 9
98 11.413998202905914 -2.850192505342589 7
99 12.970597610201656 -4.198624903847106 32
endpoint1 endpoint2
8 44
64 78
5 81
22 81
79 96
27 83
78 97
44 81
30 51
19 55
43 82
1 11
39 98
19 40
9 77
91 97
89 94
40 66
30 66
47 53
64 88
62 93
8 41
1 63
45 61
27 94
7 28
17 90
12 28
2 27
69 93
23 82
54 89
44 97
32 90
9 72
27 50
32 77
5 77
60 79
35 82
40 82
41 69
10 41
1 31
24 73
17 18
15 59
48 80
0 1
66 71
29 82
32 84
15 52
13 23
12 39
54 90
35 75
33 79
6 67
70 84
54 73
10 14
40 73
2 99
22 61
9 75
53 70
87 91
11 15
42 67
48 71
3 56
27 87
63 72
1 87
76 96
15 62
22 79
35 62
2 74
63 86
11 97
75 88
50 95
12 55
19 33
50 97
64 92
5 67
20 87
1 99
0 21
25 81
44 52
2 38
0 90
58 99
36 80
1 82
18 71
60 98
52 74
68 88
4 94
19 43
26 50
18 97
8 25
13 44
86 98
28 49
84 86
62 79
12 65
14 28
67 77
2 43
24 90
21 30
39 68
19 79
41 94
42 84
6 45
12 29
18 72
20 59
45 64
26 79
51 72
43 80
3 22
20 33
12 57
9 23
56 99
70 98
59 75
0 31
2 44
41 68
54 64
0 68
17 87
2 91
44 62
65 98
54 84
27 65
1 3
17 38
33 89
53 91
60 87
18 37
24 37
65 81
45 80
53 72
20 43
77 81
74 85
22 50
82 83
12 62
57 64
44 48
33 63
67 88
16 76
56 83
4 60
27 91
34 60
7 33
52 86
23 87
72 84
19 47
71 92
35 90
8 16
63 96
82 84
29 48
37 67
38 48
49 91
0 91
6 18
81 83
9 90
17 93
63 78
40 96
2 20
1 4
33 47
14 97
51 76
38 91
4 95
51 65
1 62
49 81
89 92
31 65
28 69
28 50
84 87
26 70
24 29
32 53
82 89
11 69
25 94
7 13
5 82
61 64
52 93
34 55
15 75
21 95
73 94
11 91
30 63
42 85
13 31
35 59
58 79
13 33
4 92
52 57
15 98
6 75
21 54
37 49
20 95
10 83
26 35
73 98
5 19
9 80
25 67
35 37
70 71
19 51
7 59
14 89
12 44
59 83
84 94
8 20
62 74
27 36
77 93
82 95
54 60
29 38
19 72
46 80
30 53
54 86
27 79
57 88
42 45
7 45
19 46
18 90
25 96
31 77
78 79
36 54
61 98
4 86
60 64
5 28
6 81
37 55
24 95
25 28
22 35
39 52
36 71
37 95
64 65
15 87
66 92
13 67
77 98
61 73
17 97
30 54
90 98
19 56
42 46
21 69
74 93
53 77
