nnodes nedges type
100 300 graph
nodename posx posy weight
0 7.316545561607691 -2.998605789944807 77
1 5.7837491204103 -0.6063379064564668 81
2 6.84368564367825 -1.1067176528688665 64
3 5.279385659885935 -1.5572208128866554 83
4 8.288370791107372 -0.0902474523512538 91
5 8.515577534522421 -1.842571075014227 94
6 6.9904368737920155 -0.22662472300161307 97
7 5.882984539456002 -0.8442859683964299 61
8 6.7603457751580995 -3.339912717713676 84
9 5.123594724276762 -0.5682871330171917 90
10 6.053701212604893 -3.3048304338972274 73
11 5.838100440863066 -1.8143009022605552 68
12 5.581220752322781 -0.7663439379206846 81
13 4.812897070652699 -1.5824433405197382 74
14 7.303632332061566 -1.6200570586594814 42
15 5.560118448251841 -2.516999592602518 68
16 8.005542029621765 -0.5876440859531998 46
17 8.263674488119474 0.5769099291684088 77
18 9.589333694890229 -0.9350604886877539 45
19 7.7855691695490234 -2.0002518917658554 83
20 7.818923581737305 -1.0357057084150434 92
21 8.408098376559042 -2.4893893755255045 58
22 5.8655303023438075 -0.1411042523338451 42
23 4.844560952614579 -2.5836295904314475 88
24 6.374555983366279 -2.6828407546681143 55
25 6.3281170459833636 0.5281704909647763 3
26 8.223760675769293 -2.4605546735436064 77
27 4.870274964070405 0.5513023392547252 35
28 7.702512754178457 -0.3880248779757487 86
29 8.930444486920736 -0.5243261593992226 64
30 8.358180700352262 -2.030165366018814 8
31 6.339548282075645 -3.9869641962194056 12
32 7.962681815447926 -3.002166480517111 53
33 6.039462769502336 -2.0578773065566485 67
34 7.98884527677671 -0.12914474499595083 78
35 7.014692348243514 -1.3397515447097044 32
36 7.452154141555402 -2.7631455749575164 51
37 6.70995432825717 -0.8977751844774983 7
38 6.593403174306343 -2.871138513704894 63
39 9.103213243514835 -0.01982846729429898 2
40 7.257440462968988 0.33229922648903204 48
41 7.064217382916221 -2.660622733458817 17
42 9.492007526654518 -2.92739349616876 93
43 7.748587302986468 -2.9661018274616016 86
44 8.753737305300767 -1.626457386010749 13
45 6.944724531030777 -1.7598795585270366 68
46 7.4381082670814465 -0.4382466543662672 72
47 8.243283880861348 -3.7521807071291664 61
48 9.361618415838077 -0.23730062651269257 36
49 9.391957726551308 -1.9937736341585717 8
50 7.219376806675863 -0.7975251777624186 24
51 8.994096213110007 -1.2301258012480225 17
52 8.413472345877592 0.32223172671481165 48
53 6.627153628925286 -2.490284389207405 37
54 5.072767751056163 -2.0221906195171346 49
55 8.37907862303078 -0.8543648873603403 39
56 9.094617121175416 -1.40292747274716 77
57 8.43295807257353 -0.44981709198330133 81
58 7.1217702756130326 -1.0532421030893833 26
59 5.030489153755659 -3.367511270516873 71
60 6.087559457434246 -0.8922527691541388 27
61 6.712746001308427 -2.1167699590668336 53
62 6.231827916591477 -0.5500253834061717 63
63 8.724315179378424 -0.7913824120092945 7
64 5.460446905189841 -1.7127494117304267 7
65 7.49647339354665 -1.5337013237785968 42
66 6.724571343977177 -0.5674767377788807 3
67 8.393374354150161 -1.0720758539720152 20
68 8.37875265132385 -1.471630973392911 14
69 7.514327720027325 -1.7531055912778026 51
70 6.912463083564798 0.2590014057523421 92
71 6.430158031239904 -0.3602604410177045 6
72 4.881971263124096 -0.9820279531207851 64
73 6.293885697196733 0.040294694655269324 14
74 5.896821358463666 -2.558688242894513 43
75 6.463598645975885 -1.2624599389312101 95
76 5.518762532109132 -1.1281732535277027 89
77 8.42810387158285 -4.1569935500026345 85
78 6.59853603494046 -3.4520236374668998 53
79 7.349638427518349 0.18093865210421187 77
80 7.289751729228038 -0.10777249808113376 48
81 5.889364233741217 0.769897882229341 14
82 6.099179746647087 -2.517015408062998 12
83 8.083238452221456 -1.5045812070517186 30
84 7.356103015606831 -3.3268675900437783 75
85 7.751634500286168 -2.2883671732778597 81
86 8.11264127779327 -0.06504306796920555 70
87 7.9940980927309235 -2.4972010327705507 92
88 6.174879830503259 -1.817992214594589 59
89 6.864822301626289 -4.374961056483575 7
90 6.7714509648209535 0.5044363615431956 92
91 6.657368682066955 -1.8090763959906402 64
92 7.361334751489272 -2.2397298259276637 28
93 8.77218625679229 -2.0206722863381645 68
94 9.018178962107118 -2.871243836442319 86
95 8.220148564721052 -2.8791278472508766 35
96 7.481341660455178 -3.6611346289288815 41
97 5.691042993899473 0.25135693296207 71
98 4.725929593608523 -2.8336866424561076 83
99 7.530063315648287 -4.266857775201752 97
endpoint1 endpoint2
67 79
30 65
29 50
62 64
76 91
59 78
30 84
22 81
86 90
45 58
48 67
23 98
33 36
48 86
36 87
94 95
83 86
18 30
45 75
20 88
12 64
14 71
61 85
32 38
11 84
61 66
29 34
67 80
83 96
7 28
19 65
8 15
14 43
68 92
35 76
2 6
7 58
12 45
54 76
32 77
49 94
19 24
62 75
44 50
29 56
34 79
7 75
0 67
31 96
52 80
21 84
36 41
51 83
17 39
46 68
11 98
6 60
43 92
8 31
15 33
53 73
36 55
19 34
30 69
31 89
65 71
38 54
67 68
6 16
39 55
61 91
28 37
13 66
22 88
4 51
30 32
16 35
22 79
11 35
42 47
14 33
11 97
21 68
51 67
1 73
49 87
70 81
26 44
60 70
1 33
6 83
14 75
28 63
13 54
19 95
17 73
32 45
35 40
2 64
22 72
69 86
9 50
50 85
31 53
53 82
14 28
38 41
55 83
2 60
14 19
47 99
62 66
12 76
7 71
39 57
5 46
45 60
27 81
62 81
0 74
8 61
63 66
78 99
3 50
2 69
0 8
52 79
23 24
53 88
50 75
9 13
50 86
6 71
53 85
12 46
65 91
2 33
10 82
35 85
5 20
4 44
7 74
49 55
2 91
41 89
15 58
16 39
1 3
25 62
38 93
14 37
46 69
51 58
26 61
80 92
53 69
12 75
10 87
55 70
65 75
77 96
7 73
0 65
40 46
1 25
63 68
30 52
3 10
10 38
69 82
93 95
8 95
9 54
68 87
23 64
25 97
58 68
25 46
32 69
2 56
26 45
35 90
24 96
11 13
92 95
5 42
19 83
56 93
69 75
8 33
16 30
0 78
17 93
47 85
26 92
35 43
15 60
54 82
43 84
44 94
19 57
70 76
26 51
74 92
56 63
20 71
9 27
27 97
1 35
19 93
4 40
24 91
39 56
22 80
61 64
79 97
34 55
24 78
44 69
14 58
71 72
24 41
19 41
57 68
30 78
6 75
15 98
42 49
14 83
22 37
13 59
21 35
48 55
24 88
5 85
64 74
20 69
24 75
30 56
11 38
35 37
79 90
44 85
6 50
20 57
29 93
43 94
18 34
36 38
4 70
40 75
45 79
43 99
26 41
45 92
35 83
14 67
25 73
14 61
2 16
24 61
21 85
90 97
3 13
60 61
6 40
11 37
4 91
18 39
85 94
7 62
74 88
33 72
54 72
57 66
5 28
37 55
19 20
87 88
8 47
45 95
7 9
5 41
61 92
19 82
21 91
1 80
34 62
14 45
5 51
49 67
74 78
63 87
41 62
29 67
60 90
25 40
58 70
14 87
37 61
