nnodes nedges type
100 300 graph
nodename posx posy weight
0 1.451803808970734 0.24705019087160401 37
1 1.7010980055844163 -1.3209425416280303 18
2 0.7784734099692204 -1.7504329601340358 40
3 0.14558753655580137 -1.000773626629684 100
4 2.2318031002507794 -1.0630570035720186 73
5 -0.14709004943192724 1.74265714898369 56
6 -0.6863740815025954 -0.9527976169337122 45
7 0.6173773648705587 0.17777974538460728 59
8 -0.8705181990208278 0.8105844617310586 59
9 0.7548150776202293 1.421348953881931 83
10 -1.3269826307782175 -1.5732403923285119 8
11 1.6701854996102639 1.1086473155824066 55
12 2.674272543451313 1.268799774426566 29
13 -0.5858645255269823 -0.6383755431113377 52
14 -0.44628783626615776 0.7395989682986281 31
15 -0.7669446772965337 -1.4245922919392302 24
16 2.438485206625104 -0.4696950068951241 40
17 0.05948585980463118 0.6388426002745955 28
18 0.142975515040862 -1.6373483082175022 5
19 0.9076246078265545 1.9663538833528145 55
20 1.4287967329843334 -1.706789321900276 62
21 2.1989900087966436 0.5893398149820408 98
22 -0.28204521924530435 1.5476674968403703 27
23 0.404156909527182 0.503798619733541 37
24 0.9288979144508472 0.900005897707475 61
25 2.284035307001347 -0.05240897438954041 32
26 1.5623086201924576 -0.53798309552469 42
27 1.872700061807618 -0.03846718550867793 26
28 -0.7571966536873155 1.203082812800503 50
29 -0.39621968700127025 0.4257305665163562 4
30 0.3959978185012807 1.5890430820806285 95
31 -0.45956309803271 -0.8836913740085577 90
32 1.3598286457063569 -0.9552250709651041 58
33 -0.36137201387289525 1.233828327179661 24
34 -1.794359764308411 -0.9610457573061091 21
35 -0.7748023672533105 1.4715842858025525 16
36 -0.39347504483875395 2.12443582724684 48
37 1.5922301286186025 1.6917790158351758 88
38 -1.0385082579205496 -0.9833020109702553 18
39 1.8725696756151005 0.6019277494313324 5
40 -0.046079898515543005 -1.4305468727317034 24
41 -1.1571052451730208 -1.9396564942141654 27
42 -0.36818544784418283 -0.3935172137323954 43
43 -1.2929120389104416 0.22552662888309633 52
44 0.8625097088348148 -0.48729185689004717 55
45 1.9951930782440106 0.18685143373260327 95
46 -0.5683174141293683 2.759084732347009 76
47 -0.8310004611739468 -0.29911172182789436 34
48 1.6662984901729239 0.8566579710818294 77
49 1.0802218477770347 0.027307904668261964 74
50 -0.016964851196266322 0.04046734257648182 50
51 -0.5831687779830818 -0.20210196536842334 57
52 1.004333378907806 -1.2277124203218392 22
53 1.179515141219733 -0.6653774638789623 95
54 0.43393778175327063 1.7394401625618707 96
55 1.279903549324157 -2.794729767241855 14
56 -1.674019079538112 0.49538415849305534 82
57 -1.7132330315552946 -1.2854241882911903 41
58 -2.040363473621333 0.009280393658872777 46
59 0.36398867653088884 1.18852925314868 48
60 0.7249387128415533 0.7192312546783056 57
61 0.2782879424910891 0.023147942337657188 96
62 0.2654016706326895 -1.9969427235041723 84
63 0.48583374220221787 -0.8806735716349492 10
64 1.2184030434412716 -0.21156568931377082 74
65 -1.876366558951071 0.5963358961047014 89
66 -1.9167223788177103 1.1684257242531475 65
67 -0.3013244079113874 -1.5091059852044226 31
68 -1.5090005428402575 -0.12928844183697938 5
69 -0.0624515233652984 1.1933524625226455 45
70 -1.3396166327535062 1.3409309327961 16
71 0.43992388625486706 -0.5139300670006834 79
72 1.3949681916589154 1.490051415779113 96
73 -1.3418767575190205 1.8371044759751944 4
74 0.17667094126130353 -0.45467232798197776 34
75 -2.1171628944708076 1.3273342410085074 26
76 -1.3471419378259122 0.5470780101844294 8
77 0.8339003826584951 -0.6955357309059156 24
78 -2.115016331164621 -0.3776383800405592 59
79 -1.3502430599889346 1.0593556548701448 28
80 2.018182676089932 1.3097232422547436 58
81 2.2912037086480037 2.0729764731063764 94
82 0.5949258445285918 -1.296108214927715 68
83 -1.8889730957659068 -0.6698077998022354 56
84 0.8477782604019038 -3.0124486525556384 99
85 -1.1981123381598529 -0.06981598634529677 60
86 -0.4412269593119586 -1.7694972516586673 5
87 0.8921306248081293 3.076114215282897 73
88 -0.7153390341253296 -1.879879078689456 25
89 1.4947778688348594 -2.0253629790217205 62
90 0.4619338432148412 0.9517211493663038 92
91 0.7141444269394205 -2.043044522728856 62
92 -0.3032004721049982 -2.4630345980071118 23
93 0.2593285231970468 2.476209254153954 69
94 -0.589311037529238 0.47245221981391594 25
95 -1.238995298991623 -0.7458198367032717 89
96 -0.22947516520149192 0.3620127331795661 51
97 0.9344569655988448 0.446602668680832 64
98 0.9950778820227464 1.7892163705615294 14
99 2.036280025465042 -0.3463452048991338 11
endpoint1 endpoint2
10 95
24 30
36 73
25 82
3 52
42 82
32 44
30 60
56 78
43 65
15 71
13 83
79 83
39 98
35 66
32 64
74 94
19 29
23 54
14 18
38 63
70 96
65 78
73 75
2 89
43 76
44 86
16 44
6 51
4 71
51 60
9 14
3 64
9 72
2 53
35 65
47 63
65 68
20 32
44 50
3 61
7 22
25 72
56 85
7 35
33 85
48 80
1 89
85 96
49 71
8 65
54 90
57 76
74 89
48 97
61 97
84 92
27 49
47 50
30 69
4 21
5 93
20 77
0 27
8 35
31 40
13 66
10 42
76 96
35 96
24 59
14 50
90 99
29 85
8 94
6 57
40 51
18 41
17 68
63 97
14 75
20 26
5 30
42 68
6 29
30 46
19 80
41 67
5 56
56 79
18 71
17 24
58 94
31 56
30 48
5 53
1 71
13 29
25 53
50 85
6 58
13 95
57 85
49 82
13 44
71 96
1 44
32 52
39 44
82 88
72 97
20 84
87 93
28 60
21 99
28 47
45 60
23 47
16 26
22 29
41 83
3 78
53 88
1 53
32 91
18 32
16 48
3 67
71 90
35 79
85 86
17 61
28 73
34 65
60 72
32 49
43 61
12 81
7 74
39 60
47 83
22 30
3 15
34 38
17 38
24 50
23 80
43 95
24 37
21 61
40 74
2 55
9 29
89 91
26 39
42 64
60 77
7 11
95 96
23 36
14 60
38 68
11 81
76 97
42 95
66 73
15 57
2 92
56 70
47 67
43 73
34 43
8 95
12 37
2 13
42 59
33 73
34 88
27 98
27 63
23 77
22 96
6 15
19 21
10 31
7 67
25 80
92 95
48 69
36 70
20 67
24 94
23 43
22 90
0 12
17 98
63 91
0 63
33 71
24 44
15 41
31 52
72 81
17 44
28 50
9 64
31 82
19 93
2 40
26 96
45 59
19 30
8 49
8 70
46 73
15 68
44 99
0 60
7 52
5 9
51 62
94 96
23 74
60 94
37 49
11 64
7 69
23 32
30 37
22 93
11 24
52 82
0 3
9 37
13 74
63 64
32 99
2 26
27 64
79 90
50 77
14 42
6 50
58 85
51 70
51 61
29 31
19 36
54 79
52 62
2 52
65 69
3 82
44 49
34 67
6 91
86 92
45 52
54 97
7 23
22 94
36 93
10 40
35 98
63 71
90 97
30 96
6 40
57 88
6 63
11 54
87 98
8 30
15 38
31 77
14 90
33 72
59 94
55 91
31 94
4 20
62 71
0 23
28 36
69 74
26 27
7 26
40 44
31 41
53 97
68 79
17 30
50 59
15 63
58 75
38 88
68 85
26 48
28 51
59 93
