nnodes nedges type
100 300 graph
nodename posx posy weight
0 1.4932293103328371 1.7157627611798438 95
1 0.4610973501042677 3.8762994532429795 53
2 -1.6109785236970526 2.8084124504800974 68
3 -0.40044068989818266 1.0816851303324455 64
4 0.5138820676365894 3.247834064587558 99
5 1.0979919158783658 5.232965612584433 93
6 0.7038690906390752 2.0492844079536723 100
7 1.6243458889014748 4.171986954420819 46
8 3.8385220885161018 2.3226577135467044 45
9 -1.6810709798791592 3.772301360949933 29
10 1.6050492235581826 0.6653200031458665 56
11 0.23090800462476718 1.8206124850834562 67
12 1.779485949349333 3.958370822544018 80
13 1.53918229722408 1.904627236911214 61
14 0.863899259685926 4.87072526786248 44
15 2.477173385904779 3.519780027917637 23
16 2.8719931220420305 3.728148589140336 37
17 2.509654620793127 2.2463799867403944 51
18 0.7626432835263945 2.379794026954084 72
19 1.88485240495779 1.8873891933695963 5
20 0.7495167117197742 4.392549932375316 23
21 1.1974898873648723 2.255437668938375 72
22 2.0448292797468435 2.5840130037419256 72
23 -0.045193109286775404 4.045921805099665 43
24 1.349673821004694 1.0386153250944823 16
25 0.27432926867575036 3.122387504690102 34
26 -0.1345676854986977 1.7978055598259024 30
27 2.939446268963531 1.2000178068870764 57
28 2.404322085131302 2.947171956876705 96
29 1.4936362955354594 4.627713554148063 8
30 2.1356346312470245 1.1248676978192647 17
31 3.2882341115930798 2.3383468606354905 44
32 1.0628826222271857 0.9623222475625914 68
33 0.11387558460723282 0.9575451894575779 66
34 -0.1527654618066432 3.420499637411604 7
35 -0.6756907740722801 0.954071832427958 49
36 0.3047974451163331 4.449716085672527 51
37 1.1173352134083208 4.182256266169361 90
38 0.9616619263227081 0.36183797700849335 36
39 -0.08013111757654348 1.143335151585657 76
40 0.8433964559243963 2.746406852926957 9
41 0.2621854354839924 0.40790682259978583 98
42 -0.08606955953880184 2.1328590286456532 55
43 -0.7469631442727529 1.2575604778027016 42
44 -0.5017651349917495 4.059094463360205 89
45 0.0697732714612009 4.811038220041561 74
46 1.0926641341460053 2.5779396220655317 95
47 0.34535384146555015 2.4118383426306402 68
48 -1.363347320729044 2.1565629078378294 34
49 1.7304282137818487 3.6383101002501212 20
50 0.44369578584997676 2.0064851911433808 54
51 2.0632885516243196 2.3969912388763235 15
52 -1.4302209131947876 1.601908367798383 3
53 -0.23454101948012696 2.410089014473837 45
54 0.9712400392168153 3.093176511171757 70
55 1.101329037682582 3.392026681181547 93
56 2.5349873829386893 1.950460011983143 52
57 1.99718319458471 3.5659393958164185 27
58 3.4340242846691176 3.3265375951068368 58
59 2.1185167180027102 4.123780912107445 36
60 0.6484962321289355 1.2293702505973116 82
61 -0.7242174873273589 3.288410741775649 66
62 2.06961459522418 2.970461892658431 76
63 1.5536190555328526 3.096615623193971 46
64 2.4483755335401285 1.5192428676168308 76
65 -0.1605794648459123 2.979997457923683 33
66 2.0773703895192956 1.7670321183697424 99
67 2.849082248022116 3.1963222293998146 36
68 -0.6096671896240463 1.7233239897308117 32
69 0.5565575755536116 3.0713451365368836 52
70 -1.18541076755823 3.1432473673305754 26
71 1.3255763131883826 1.2521505560701824 18
72 1.8945160931640286 0.6064553682442556 37
73 1.7160564161898666 1.4422027330147893 24
74 2.660274038794355 2.7189012092647222 64
75 0.9642927184537615 3.8068684396477703 40
76 1.019071792769531 1.955729336782129 47
77 -0.7342921302168745 2.0871335401956563 78
78 0.42497256828052066 0.8473938257133771 85
79 -0.7378076746304763 3.987784314084174 50
80 -1.2008988796202724 2.5210075930631417 4
81 1.926440564123138 4.737479308734633 83
82 0.8024207925051191 4.130951402790686 25
83 1.2393147332997696 2.8189808043617233 19
84 -0.5267369279643371 2.7624775287033665 67
85 1.7866544350514457 3.189812343630761 54
86 -0.6765515369358504 4.44508073000101 49
87 1.6334879754378218 4.513128403519605 64
88 -0.9055096167386334 1.5345076799467632 11
89 -0.4508737604838013 3.2217695730091678 31
90 -0.15830030737686687 4.3386222319836 47
91 2.78704697199346 4.363627734100417 98
92 0.39810934969878187 4.743057350523542 63
93 -0.03890253739932248 3.723732391834671 3
94 -0.534699526300782 2.2510998818314536 8
95 -0.6298857813198158 2.498107214586289 88
96 -0.7458256120756177 2.9621542487299712 21
97 -1.3504454196792832 4.096018163423495 56
98 2.5935947474681296 3.4071083406210194 96
99 0.33559227930713453 1.4973735752571622 7
endpoint1 endpoint2
24 30
37 69
26 97
28 62
20 86
5 81
55 75
15 20
62 87
49 63
58 98
26 94
18 19
33 41
66 76
18 85
52 68
27 73
13 32
6 69
18 96
17 51
0 32
23 69
28 75
22 55
44 45
17 64
47 96
70 96
76 88
36 89
37 85
0 4
23 44
46 84
11 89
26 83
12 28
23 82
46 75
29 92
51 73
1 54
51 60
40 76
4 82
80 94
55 87
30 72
70 94
5 90
48 53
42 93
7 22
24 73
12 54
65 99
1 89
18 25
35 52
1 49
25 44
10 76
13 38
28 66
90 95
21 62
17 57
42 52
3 80
87 91
4 21
37 54
64 66
73 76
19 85
12 85
69 73
24 83
17 83
25 75
55 63
38 71
50 69
18 41
25 47
23 65
21 49
53 76
20 47
60 70
13 54
81 92
34 53
1 16
23 40
26 95
68 77
44 82
31 56
39 95
54 93
11 46
27 72
15 46
40 48
46 66
33 64
75 82
18 42
56 62
40 67
38 41
12 65
55 83
26 33
34 75
25 76
61 65
62 81
36 85
27 31
17 27
42 99
14 40
33 94
28 83
54 94
21 77
7 93
46 63
80 95
73 99
21 55
53 61
5 7
9 23
45 90
6 89
11 65
12 81
13 60
7 74
0 68
46 99
37 87
8 58
38 78
22 67
13 22
44 84
14 37
3 77
79 84
78 94
46 69
0 56
23 93
90 92
63 82
3 21
29 75
28 67
55 85
6 17
37 93
77 96
7 20
1 25
50 66
13 78
48 94
79 94
25 57
33 68
53 94
28 64
54 75
60 71
6 80
11 13
76 85
7 14
30 47
66 74
17 98
68 89
34 99
19 42
49 81
6 78
3 88
20 90
21 51
62 76
57 62
0 85
39 47
29 51
62 67
13 56
16 67
61 83
5 82
25 94
45 59
34 55
44 69
22 71
29 45
35 38
61 77
57 98
15 51
31 62
47 69
4 65
42 96
25 36
89 95
79 87
43 60
15 31
35 84
13 59
24 26
6 21
10 21
9 80
16 64
47 82
62 83
2 88
50 53
13 74
88 95
1 2
25 61
50 77
58 85
19 51
43 94
85 91
57 82
23 92
7 59
45 79
80 93
49 74
35 94
32 76
55 84
18 49
56 57
62 74
3 41
29 57
4 34
86 92
67 91
33 35
83 92
38 72
56 71
13 24
7 85
50 54
40 53
6 63
84 96
75 90
40 72
25 96
71 95
14 90
21 63
8 17
39 43
70 90
34 68
20 23
86 89
54 98
32 47
21 22
39 76
19 71
52 84
17 30
55 98
2 77
34 45
92 97
40 50
42 46
43 47
65 94
86 96
28 51
