nnodes nedges type
100 300 graph
nodename posx posy weight
0 -6.6466342128004285 3.222667598671138 93
1 -5.8752335899421855 1.1417451695974488 52
2 -7.501646501521998 3.433367788773222 91
3 -7.693949597292349 3.176477061110703 81
4 -7.565840228012296 4.787560560887977 7
5 -7.0218400493945685 4.229762345107308 46
6 -6.59923296076641 3.997409829539345 74
7 -5.421876146627992 1.8956148722139157 48
8 -5.288087258204755 5.063286995491662 34
9 -8.12220864420309 4.0058554789079786 84
10 -6.12825704461245 5.25973487729272 41
11 -8.576776335816968 2.6223890870053963 71
12 -6.002328582267459 3.1653719215247955 24
13 -6.505181900364479 2.7705702479581027 62
14 -8.403667402067063 1.4602315902367513 54
15 -6.548902275404054 3.616354433963301 53
16 -5.247550072954313 4.083326912471647 44
17 -8.808391001545044 1.783366641305255 71
18 -8.783233184584866 0.7917356634117455 72
19 -5.34234712319692 2.9833458812307456 3
20 -5.965727818261768 0.8841895539092209 99
21 -8.392091523753486 4.716317136855383 63
22 -5.9868556425809185 4.018129522450737 57
23 -6.473822400089645 1.9639082925395617 39
24 -9.129176966275528 3.041447559700763 17
25 -8.109184261718331 1.5655954092907656 62
26 -5.246720609397976 3.179455027823058 2
27 -6.486750334214359 0.5571809586288724 22
28 -7.491329182746993 1.8792981728718694 33
29 -7.411953775536997 2.641984627711574 35
30 -8.675764896661397 2.46376441675883 100
31 -7.470155110967917 2.254578763331342 53
32 -8.224516135622004 4.8678532695008485 30
33 -9.328801276482746 3.4954879676459756 48
34 -7.631825248570935 2.672320852585613 58
35 -8.222502978061968 2.625643205177057 50
36 -5.880172535013783 2.050462757732044 9
37 -8.832921362614478 4.460943822805865 4
38 -6.413966977505876 1.2880718910771365 74
39 -6.243346329488989 1.3355705582766957 88
40 -5.4692379645055835 1.4017977685255587 82
41 -7.5611236909569675 0.7101127063898633 32
42 -7.677465820881572 1.699250273602586 91
43 -7.040189830465714 4.812610787031882 88
44 -4.8986345762385985 2.4210004106605267 26
45 -6.434769656147 4.90154071279383 85
46 -6.2356761656783855 4.266907383931351 9
47 -6.812384228302715 1.955747954257311 91
48 -7.437529503564022 4.187689459371457 99
49 -7.4204504326654215 3.8041454354099713 86
50 -6.37159245087958 4.486670328901717 26
51 -5.713247813740752 4.655479787576663 38
52 -7.764984117316797 2.3670400591057983 28
53 -5.759855742671742 3.0256048369527373 69
54 -5.623438494711433 3.520034117360478 9
55 -9.306686868599016 2.7871552911081094 47
56 -6.767141868817441 3.5963325215333577 24
57 -6.166975620088996 2.887189825043116 59
58 -7.87338655333131 3.0187066426056175 53
59 -8.46496353307183 3.474889707644329 92
60 -7.979885319796046 3.426962766607079 13
61 -6.030058302161307 2.340783829781768 63
62 -7.219619287994276 1.4825788924626595 74
63 -5.807134732199404 2.6251659959661806 82
64 -8.779161105639204 3.3085833782817398 96
65 -8.956269007333162 1.961998415914477 93
66 -6.43332728348581 3.738751951186214 12
67 -7.985411759275156 2.0042213528310002 2
68 -7.230044173897662 4.023798375052862 65
69 -5.682058733480517 1.5149052643927083 2
70 -6.375365279123108 2.3910772550691846 39
71 -6.655069773770508 1.7362940579522168 13
72 -6.995510739130687 2.699895270530228 40
73 -8.03885671523467 5.072031825364225 44
74 -7.925019371697366 4.393909861028628 10
75 -7.263184607224944 4.770167476366193 33
76 -7.661405040660085 3.635634908735082 77
77 -3.933464559109511 2.9646093479550504 81
78 -7.947440053023213 1.450408529327921 70
79 -9.080780437828839 3.767518656386799 30
80 -5.0230117452477305 2.6737125912722384 82
81 -5.026696595560169 2.197295607048502 21
82 -7.122491675926073 2.2414441826344986 36
83 -8.887397969871676 1.0994921406748157 95
84 -7.060974132411357 3.2957178220754235 50
85 -5.439431340201801 3.9419780235921866 15
86 -7.13061203047406 5.57494708449398 48
87 -5.985362907873282 3.4452082447509182 23
88 -6.035568778955994 2.0155163976173553 59
89 -6.817926885900945 2.988220779222919 62
90 -7.083847945216018 1.2742389952667619 71
91 -8.190052077673116 0.5651433362674345 24
92 -5.083491396270255 1.5920914074829147 90
93 -6.893252655471365 0.7946871256952747 57
94 -8.628568821127013 2.116738032701556 21
95 -6.703546550561638 5.681749039333472 53
96 -8.401700794552504 3.036702494624337 10
97 -6.804167855945965 4.562311838931387 64
98 -5.452460740051694 4.072477558226361 91
99 -8.409205819444594 3.765873751473144 92
endpoint1 endpoint2
10 95
57 61
47 54
3 97
3 52
5 57
12 31
8 50
44 92
0 98
28 88
45 75
30 79
31 71
70 93
20 88
65 78
29 53
30 42
29 47
2 68
50 74
58 82
40 57
49 73
6 70
3 64
3 23
52 63
14 94
56 58
1 40
14 64
31 87
62 94
0 67
6 26
56 85
16 19
68 75
34 58
10 98
18 65
63 70
13 76
23 28
4 68
51 68
84 97
7 57
65 82
19 34
39 42
38 54
4 21
5 64
4 32
12 85
24 83
46 95
22 88
19 70
13 66
68 72
8 54
22 26
13 26
3 11
2 74
17 34
0 49
14 33
49 66
23 84
16 56
16 57
6 76
71 93
68 97
26 44
50 97
0 87
15 26
61 81
37 68
59 65
23 63
81 92
22 86
19 80
29 62
32 58
45 57
32 45
29 43
36 80
15 70
17 24
24 67
21 74
56 66
0 62
38 90
53 82
72 80
18 42
3 89
37 74
52 99
39 44
82 88
28 60
59 76
49 97
7 71
73 74
36 90
5 46
0 5
46 85
48 84
73 95
51 87
69 92
16 45
35 56
0 59
46 63
35 64
57 69
6 74
38 42
60 72
0 81
48 54
61 87
34 76
66 89
11 82
12 23
11 25
24 74
27 92
62 82
47 76
4 74
19 63
52 76
74 75
23 31
63 82
78 94
84 98
68 82
24 37
46 56
13 50
40 93
30 31
67 71
30 89
86 95
72 78
4 60
35 99
7 90
58 90
83 93
15 57
79 94
29 84
69 82
8 10
0 50
25 57
43 73
68 87
1 72
40 71
12 48
24 96
5 66
22 96
20 27
44 53
47 88
1 23
46 89
48 72
29 42
26 92
1 81
17 31
15 60
46 76
41 42
31 59
34 99
52 70
75 85
28 90
96 99
43 89
45 86
12 66
9 64
60 68
25 94
38 61
23 61
39 71
5 45
34 55
41 93
15 75
13 71
0 6
44 69
60 96
41 82
42 96
6 49
21 76
7 92
13 84
35 78
5 9
3 66
11 49
84 89
10 68
32 79
19 88
49 99
7 69
32 37
48 79
19 77
4 56
20 69
52 82
17 91
54 85
51 85
44 85
32 86
14 42
9 15
23 92
31 78
78 82
36 49
84 94
9 28
90 93
22 51
14 27
70 89
19 98
34 67
27 36
20 39
55 65
2 35
36 66
61 89
59 73
31 42
68 74
34 61
50 54
56 71
2 31
15 53
21 66
20 62
80 87
35 72
14 90
2 57
68 99
20 36
25 28
47 91
29 60
7 26
40 44
55 60
4 50
35 42
53 97
83 91
56 68
39 89
34 96
9 48
63 87
2 15
33 75
13 42
