nnodes nedges type
100 300 graph
nodename posx posy weight
0 -2.4959701359071906 -2.7240346270983 93
1 -1.6042781718243444 -1.3584268917258717 97
2 -2.3971980866100533 -1.9533906558357186 96
3 -2.727060481566823 0.11079715193783583 34
4 0.178318140068047 -1.2746860254427064 8
5 1.0945838803481127 -2.2783821532090234 43
6 -3.227628310472229 -1.5232131171526981 54
7 0.03399787045885341 -0.07986769773295174 59
8 -2.5744195045493594 -1.1543446910582733 13
9 -3.3999148766772707 -1.9240195468723311 37
10 -1.4703544171762013 -1.8787379099188348 77
11 -1.080051690363665 -1.4238788015795976 11
12 1.6415436118427649 -0.6748264754107439 20
13 -2.6783882119277735 -0.33567260955144307 46
14 0.11520114090402399 -2.6518618747072686 61
15 -1.0499281273631915 -2.055541918579092 15
16 -0.6804167350801692 -2.971738721362416 16
17 -1.7815176871773335 -0.45905626137546685 93
18 -1.989689152364212 -1.068270791592268 10
19 -3.0182118240514697 -0.5575512923212859 62
20 0.5323416395860038 -0.6600782639139907 100
21 -1.1115137238162551 0.686852588194648 72
22 1.113195830170836 -1.8542509311455109 7
23 -2.452924232483434 -1.0527644709653359 42
24 -1.3856469735657002 -2.461850193587716 49
25 -0.5209157568202907 -0.8466601210924091 17
26 0.4686988375088896 -3.773610164745322 92
27 0.5418090571742002 -1.2523286845212775 24
28 -0.9091354604368314 -1.2905260222662254 19
29 -1.9079880945423116 -3.229307819782369 1
30 1.0865721018319157 -1.0071793684336554 71
31 -0.6584112667261438 -3.291818205628098 15
32 -0.23596887443124967 -2.988917287829786 1
33 0.06790316615336259 -2.096571295317653 80
34 0.09662267048741513 0.29667745168802906 58
35 0.08866372690355079 -0.38277584901490164 18
36 -1.4168326433053269 -2.1886783462614208 11
37 -0.7220880836252933 -2.140928115649225 71
38 -1.0209160461043587 -3.946418499528047 19
39 -2.5906119821402567 -0.7613873931754305 45
40 -0.254974335577008 -1.5327768275137057 7
41 -1.001374045249372 -0.7046173191993818 8
42 -2.3736429373529906 -0.15617093916892005 26
43 -0.7509573616433374 -1.1137799502170411 6
44 -0.6981766842122011 -2.367136658778922 37
45 0.0002954247881518848 -3.1541448871852227 52
46 -2.884274083343708 -2.2443412112854935 71
47 -0.8154962805483003 1.007741658513702 44
48 0.3715559626511134 -2.520437782908923 2
49 1.3067660082855275 -1.2431225841714995 90
50 -1.703967080051577 0.4773335123572916 8
51 -1.8662741615599865 -1.5017849315708813 9
52 -2.6395749408286298 -3.4952937560556636 93
53 -2.807015697052143 -1.2335039216932526 65
54 -2.027217634432848 0.0897589443709773 98
55 0.266638687890382 -3.423839702423358 17
56 -3.3017633127643267 -1.015196488814222 18
57 -0.9450384173807906 -2.7824802615323376 88
58 -1.2525448301039428 -3.6189956275868957 55
59 0.7346691824026065 -0.8214372478780393 17
60 -0.34445558743357513 0.2872520543615435 46
61 0.33473142260351735 -1.6354580050120482 14
62 -1.6615136048823034 -1.7050819162720747 19
63 -1.3849889250611491 -0.023559190810357313 29
64 -1.511985823936181 -2.734334265786753 75
65 -0.261535721828211 -2.4080320416471315 2
66 -0.5291683893468111 -0.25388076679148486 59
67 -1.2819722256429238 1.0018565859790718 51
68 -0.8847864938298533 -0.2992361123080273 83
69 1.1451412176380469 -2.117090472419259 37
70 -1.6708152237310865 -3.5108629639347666 97
71 0.6651737169327653 -1.8435179744398331 19
72 -0.2592301023795957 -0.775133393212004 57
73 -1.7772673232121634 -2.4746947550940552 11
74 0.6835213577339192 -0.3010532280030293 37
75 0.47510446400690454 0.23588412708982398 53
76 -2.3980457312913996 -2.418410657836822 29
77 -2.504806483276322 -2.9792134642320014 54
78 0.5357143712541543 -0.1427840596234704 19
79 -1.616288022488427 -3.2676915105512765 80
80 -2.1473016389162236 -0.7307557842705185 12
81 -1.7805502489737297 0.5907971193498274 64
82 1.0132790122808841 -2.996075112898429 17
83 -1.885903758095522 -2.126797729485002 76
84 -1.8503817381785743 -4.064100719495571 29
85 -0.5287899153766626 -1.222286465117301 45
86 0.8051124629143502 -2.4160284662731604 28
87 -0.6255913034869441 -3.588777213407235 89
88 -2.132652548768727 -1.8125829846741477 20
89 -0.013227820812260597 -1.442391014264269 82
90 -1.4252514624310428 -0.9438802065253562 88
91 -1.6437666428177875 -0.6295931755695273 19
92 -0.977285817607649 0.20412166264535073 70
93 -2.8796655246404512 -1.7959387987419893 55
94 -1.4722491236527702 -0.41049051537632797 19
95 -0.18107273037370133 -0.9063557343528188 91
96 -0.7947176009612336 -1.6869677585045135 7
97 -1.8768212997996858 -0.15621485835255178 38
98 0.2889737954287895 -2.4100214893745178 29
99 -0.12464745752623173 0.8242197207425264 48
endpoint1 endpoint2
15 27
39 46
11 68
12 78
76 91
45 98
8 97
21 97
11 73
28 41
41 92
25 71
31 44
73 93
29 44
11 90
33 36
7 95
40 41
6 54
25 99
36 96
52 58
91 97
64 85
25 43
18 56
60 74
72 96
20 30
7 68
16 22
17 85
0 70
10 97
52 83
17 90
23 44
32 87
33 95
14 43
28 31
46 62
26 71
20 98
2 53
60 92
14 24
80 97
59 71
25 91
55 64
62 94
59 72
66 88
10 23
44 61
33 61
61 69
51 96
10 98
41 90
36 94
7 75
24 73
18 76
18 25
49 71
0 52
23 81
58 87
51 68
18 36
25 44
40 73
70 84
90 95
27 49
29 76
5 14
12 74
59 66
2 37
37 65
42 67
27 34
1 96
62 91
2 80
24 83
42 94
15 86
40 98
51 93
34 63
15 62
24 46
36 57
18 92
60 91
33 74
7 60
3 90
80 88
68 97
43 51
32 55
5 30
11 71
41 78
30 85
82 98
64 79
42 83
38 64
47 74
3 6
35 61
1 10
57 85
69 86
63 85
20 49
51 53
17 50
56 62
0 84
11 66
36 90
5 96
61 78
34 37
66 78
50 75
43 80
44 98
13 47
62 72
76 83
17 66
15 28
65 72
59 75
41 68
42 90
48 57
27 43
22 30
6 46
19 63
1 88
2 29
8 13
33 89
58 84
37 43
53 91
43 95
29 87
17 43
41 54
6 64
31 79
80 92
27 48
10 88
30 74
28 59
59 69
32 62
22 33
13 63
61 90
12 86
16 76
25 74
2 19
0 15
33 87
63 68
51 64
69 82
32 82
92 99
28 85
36 58
85 95
16 58
35 90
39 40
7 67
38 65
55 61
40 96
16 33
46 76
73 80
72 94
34 99
18 28
23 90
15 41
24 44
40 49
63 91
2 76
69 98
45 73
64 87
41 63
70 83
82 89
19 93
20 85
10 16
33 48
25 83
8 96
66 85
15 37
41 72
22 71
11 91
27 30
0 9
15 51
54 95
2 4
68 94
57 87
24 41
65 85
4 7
32 79
39 50
61 86
3 63
36 77
24 88
67 92
31 98
11 24
10 96
49 59
38 79
32 40
32 86
28 81
44 96
26 58
40 75
90 93
21 41
65 69
20 92
9 17
77 93
31 84
29 57
62 89
91 92
47 81
1 85
15 77
50 67
1 90
10 39
57 88
21 66
4 14
1 79
1 50
60 85
8 83
90 94
65 83
4 25
8 17
45 95
19 97
25 28
22 35
48 70
28 36
2 83
9 46
0 79
38 70
43 66
69 71
0 13
24 58
35 63
7 48
6 56
89 97
11 53
68 85
41 51
68 96
