nnodes nedges type
100 300 graph
nodename posx posy weight
0 -6.463999295580678 -3.310079603409204 1
1 -8.25055202771553 -1.6901895759612766 27
2 -8.10119375901245 -2.0608087100694106 19
3 -4.1578989651094735 -4.019651277579591 58
4 -5.470743839758001 -3.08847349762603 97
5 -6.619562249067165 -1.615286365187994 89
6 -5.184381602388949 -4.893032474395204 17
7 -5.154790829075358 -3.865298197549898 75
8 -3.7595936453554444 -1.8953114668143451 17
9 -6.281623018688257 -1.3247057755588616 35
10 -5.5969066633016595 -3.4736734464966283 9
11 -4.868339008281328 -3.000612837882215 37
12 -5.794547151356019 -3.9991391813309827 42
13 -7.174757045182975 -2.448890739883003 50
14 -6.842657387499171 -4.134840248477831 69
15 -4.149045112335164 -1.4945460038378304 10
16 -3.3913795393860817 -2.853223018084726 46
17 -6.628069876212665 -2.18249557130557 88
18 -7.433764515067609 -4.182716692386714 88
19 -5.257148054983616 -1.1296216761932896 15
20 -5.901597156530577 -0.4288584965858709 97
21 -6.06172007303682 -2.154448909852918 85
22 -3.5835936957979864 -1.5419202396806717 68
23 -7.899882388478835 -2.924852119064147 57
24 -5.464186797193716 -3.5799935599389294 59
25 -4.801739750368231 -0.49719734435162133 83
26 -6.28403667558323 -2.9701274254234464 24
27 -5.64336954550476 -1.257990901157128 53
28 -4.363131861844832 -4.138583093136533 24
29 -3.919722329332969 -2.8682539068239663 35
30 -7.251536363652201 -1.3544000198335806 9
31 -4.432487287038261 -1.7354454122044536 10
32 -5.907317146237979 -1.8092175574335931 20
33 -4.81428736851364 -4.094953760032244 67
34 -4.728379689000252 -3.732024119124528 2
35 -5.51732981723095 -1.0746447257667298 100
36 -8.449418802387774 -3.4800080564890616 27
37 -3.942701711349667 -0.5564950455916667 97
38 -4.425062120031345 -3.1138068395815517 84
39 -4.3157356819828525 -1.1923694475781899 29
40 -5.880935190765204 -3.1983043366620345 94
41 -6.708765459811126 -2.007917061817071 80
42 -4.0419747513133855 -2.6764442488818223 39
43 -7.002401421527619 -4.633733094327264 29
44 -5.069231728179105 -3.4323720576837 12
45 -5.680866039362243 -0.6796054233648572 92
46 -5.950057016950266 -0.9488467684577152 49
47 -6.498190150913754 -4.45717734719247 59
48 -5.572892722455741 -4.621049592399164 5
49 -7.100369289663585 -4.2146656480154565 46
50 -4.876202056034791 -0.03122647042905619 60
51 -4.621915557679334 -4.450335977668511 25
52 -7.56873453139844 -1.500344304424177 81
53 -5.164561715156354 -4.588210297093872 96
54 -4.565648708658585 -2.6347697500700216 82
55 -5.656291642943467 -2.0152334916953696 11
56 -6.417278793676579 -0.49913406669799026 40
57 -4.588537776749027 -2.338720205461857 58
58 -4.695362728370304 -1.224718601407064 61
59 -5.793147866292265 -2.8288131392272793 83
60 -4.036162652620843 -1.7330848643609962 84
61 -5.783435467285155 -4.86644217963322 56
62 -4.668761328634661 -3.2160107332059624 90
63 -5.223543295216757 0.501264178573045 54
64 -4.010418351112248 -3.363860983800141 59
65 -7.641304275397008 -3.018852415314137 42
66 -5.217678514900581 -1.6278028197551664 7
67 -5.180042418898214 -2.4711071075290842 1
68 -3.4391002891972646 -3.3687895114800908 59
69 -4.544703544370423 -3.6565683396526794 4
70 -6.789299042413091 -2.886268557078109 55
71 -3.8892575869519956 -1.1236374610950972 1
72 -6.70579829690296 -3.5227741187050574 24
73 -7.68844645547063 -3.398531205242463 97
74 -3.817444438975666 -3.688164819558463 94
75 -5.578116810898858 -0.25033292094008647 84
76 -7.256126735369743 -2.226891147165615 78
77 -4.264042012124278 -2.4394953555427077 76
78 -6.199190042396028 -0.9375446720576605 61
79 -6.2539360111994 -4.089758962149677 39
80 -7.179167586026181 -2.910803468651896 41
81 -6.693939037541736 -0.8427274791533645 22
82 -6.716786850548438 -1.3267735114244457 4
83 -3.9645895891608536 -2.2452776947416067 1
84 -6.620634234485332 -2.464843273439859 29
85 -7.823819442088506 -2.546589399397741 57
86 -4.976462635338322 -2.6841934917946966 39
87 -4.944131482183138 -1.8569458193264978 25
88 -6.329415462604371 -2.665568422557135 85
89 -6.049209261427735 -4.357805281573703 4
90 -5.360378809945712 -2.153158714445801 65
91 -3.215276663431301 -2.564302075776386 4
92 -4.772137943098894 -1.5713656055832939 88
93 -7.077595763160782 -3.1181090365293334 37
94 -4.611791874786875 -0.8705546193061757 32
95 -5.847130816300618 -2.5057852049876645 26
96 -7.1068021730827216 -1.7385275507703 97
97 -5.273883634350919 -2.630006125320437 57
98 -6.437818629558499 -1.1150576466393232 43
99 -3.905421222353615 -2.4884288786316078 23
endpoint1 endpoint2
77 86
9 26
40 88
4 41
9 84
5 81
19 81
62 87
26 28
0 76
40 41
39 83
58 98
17 95
73 93
0 10
24 55
31 57
48 89
71 75
7 42
19 55
32 93
3 24
84 90
54 67
27 55
42 62
31 71
20 35
91 97
10 80
22 58
27 45
24 89
0 70
29 34
59 62
25 66
21 81
13 73
61 79
6 44
52 78
32 87
8 68
72 89
46 75
11 42
38 83
44 97
49 73
40 57
39 97
19 50
10 62
29 92
32 77
23 72
8 21
20 32
9 82
33 61
76 93
46 98
55 77
35 46
2 17
52 80
41 45
13 23
25 63
72 86
20 63
54 90
60 86
17 52
41 55
58 66
66 97
71 94
9 30
14 21
0 93
5 93
21 24
37 94
44 66
34 48
46 95
27 88
50 56
3 11
68 91
9 55
23 84
74 90
16 57
40 70
25 92
31 92
11 71
12 79
3 34
40 89
47 89
58 99
36 80
10 47
69 89
41 80
69 86
8 91
15 46
96 98
11 51
69 99
13 97
64 86
28 68
35 86
31 83
40 86
3 33
70 97
38 60
44 57
12 95
67 83
13 72
21 80
27 31
35 39
44 69
0 59
58 78
94 99
30 73
5 76
43 61
31 86
4 44
62 95
70 98
28 44
8 58
22 67
30 59
26 85
34 38
11 40
18 88
0 56
32 88
2 96
47 61
14 79
65 70
39 54
36 65
4 33
95 96
28 38
67 88
13 78
6 43
19 58
43 73
32 82
15 42
54 68
10 53
8 29
59 95
42 54
5 66
40 90
21 45
7 67
17 72
4 38
45 56
1 23
3 99
21 92
2 65
69 88
31 59
29 87
19 57
8 92
19 42
10 67
64 87
20 90
9 27
65 76
26 96
76 90
64 77
19 78
37 83
11 29
16 86
67 82
6 34
47 72
17 88
78 96
10 33
50 63
33 42
38 66
59 99
85 88
70 73
4 92
0 47
10 83
39 50
65 79
5 19
5 88
34 77
28 34
67 92
3 48
16 83
7 29
21 82
49 59
11 38
10 34
32 86
15 54
18 89
51 61
24 38
65 80
16 62
54 79
23 73
30 75
55 84
21 41
45 92
9 94
60 78
10 84
1 41
29 57
54 97
51 97
17 81
5 35
55 57
27 90
9 32
24 61
14 48
22 77
41 46
68 69
26 87
25 56
33 86
40 53
37 45
87 98
84 96
43 93
12 38
90 94
12 49
53 74
4 86
40 72
24 97
13 52
20 81
15 90
25 87
81 82
11 74
11 17
7 79
7 26
41 65
58 97
11 95
26 93
66 75
83 91
44 95
0 48
23 85
17 35
10 64
12 67
34 90
