nnodes nedges type
100 300 graph
nodename posx posy weight
0 -1.7287353052017123 3.1178680832717234 13
1 -2.214947776615211 3.943865449004986 99
2 -1.0848187791687964 2.337220414262879 23
3 -2.3016220892322816 4.260093756519498 36
4 -2.046797898983501 2.782042663802713 72
5 0.39529458016527463 5.377293117853815 50
6 -1.0840306351452864 4.747172421617513 14
7 -0.5983719301505876 5.692858515819321 64
8 -1.658722885588785 1.541698146250607 25
9 -0.7239641503709098 5.144393900060514 31
10 0.2067008325628872 2.4229119698082338 32
11 0.8075860869855555 3.996582846729693 28
12 -1.2945027202500423 3.1853193666936424 1
13 -0.733778357554872 2.3708268142848095 96
14 1.0101445191723055 1.9096465092670019 81
15 -0.7808659697107323 2.7058131473235956 51
16 -0.16020104095058166 5.780606161780241 68
17 1.3449485990314267 2.7964187680143855 71
18 0.5220710655137377 2.84747299791452 51
19 -0.8520224186248563 2.263002051800804 35
20 -0.06656693848549995 4.764660093031326 22
21 0.29187807721220804 3.941100626919715 48
22 -0.011943875953370629 1.9467260196893768 36
23 -1.4978790357975116 6.335834501398205 67
24 -1.425745358989284 2.164618332342482 1
25 1.166199147022446 5.068965695068323 19
26 -0.34654701900002455 6.05564852232835 54
27 0.8492411842823944 5.240485482137317 86
28 1.7161239629338665 3.5449278168707754 60
29 -0.17489620069876802 5.100308405585419 33
30 -1.0562328673647199 1.465343808161587 20
31 -2.352304948586614 4.898350751839628 100
32 -1.4517968133186645 4.612727714053912 11
33 -0.6500452421803796 1.5554400842623208 89
34 -0.40769447524173175 2.3504957907597244 71
35 -2.448405501604981 2.8081901445760136 67
36 0.8668406850813545 4.281530424612503 76
37 0.5858926547985281 3.2117257395813748 74
38 0.05129613509075504 3.514551768515665 50
39 -2.754081512764275 3.832654698005552 65
40 2.364383391118372 3.020710785305213 64
41 1.0955694734787595 3.795181752076756 96
42 0.9060108053374876 3.1598926222499566 38
43 -1.456576113511811 3.830123929222044 43
44 1.0553828675921129 2.6630369839772268 11
45 -1.7857914585911219 2.257999982616053 47
46 1.9910674661249965 3.8730196796521894 53
47 -0.20441198757711262 1.7756807890063342 23
48 -0.1990122463096435 4.430199091624417 20
49 -1.1201592378550296 4.028884333351326 70
50 -1.550223667021751 3.1001323056491352 85
51 -2.384139997221407 3.3665663679214233 91
52 -1.3388722303059424 5.084055593270731 70
53 -1.5430252404568947 2.503171147696001 12
54 -0.3114283867541724 2.8727745978909014 5
55 0.572579787775883 2.536682777430818 10
56 -0.7072361119017558 1.1732163372980324 97
57 -1.0827873810748676 4.224777632796187 58
58 0.020452974791191344 5.235161754376771 94
59 -0.061232012729991826 4.191204810909908 72
60 1.7633828498270374 4.64327260259937 60
61 1.3778852876854568 4.929602912938704 30
62 -1.496998055640269 5.618788225811698 29
63 -1.0191746962711459 3.0619566362694415 86
64 1.0722170014266212 3.332583044809973 13
65 -1.8930600563003115 4.537473102882446 64
66 0.2168199974730391 4.833267175622068 12
67 -0.9781031210988551 5.637341995345268 91
68 -0.4940515414470895 4.0765467433326155 97
69 -0.64078700198153 4.257207990010834 35
70 -2.2030838504431927 6.138443451723776 49
71 -1.9290419004313692 3.4434479915965004 16
72 1.2364270741392003 4.517563690400227 63
73 -1.765503646713173 5.327900237786107 53
74 0.9203833661204766 3.554532585607993 25
75 0.13820241519281942 2.6741624725023154 96
76 0.8756323161091936 2.4860486905257257 76
77 1.5386781943193737 3.0592818488251745 84
78 -1.0465896893650095 3.8163678025932066 46
79 -1.7241646802240205 4.858805767533738 51
80 -0.4135085107617547 3.4712795137091272 34
81 -2.164536869046635 3.168513500089288 15
82 0.530399461176483 1.8319121917971288 23
83 0.5638863752184755 4.374006974461167 26
84 -1.2849223848160385 3.0510512015637787 14
85 0.8175862580774883 1.514135196349342 22
86 -0.7492125909192303 4.825469916424174 97
87 -3.23572633086878 3.058246269206965 52
88 -0.5941787447562071 3.750934950045576 4
89 -1.7610216107648347 4.12703533257176 35
90 1.5427381628819647 4.2880746514697705 85
91 0.7059936450114169 3.8237728166107448 77
92 -0.39568119509868493 4.924954015740754 72
93 0.47572805658770406 1.3805555192469374 99
94 0.6451757722818505 4.840797871035085 96
95 -0.6734508828078661 3.265427932495178 9
96 0.2721004265841668 5.523325648629201 65
97 -2.585276200926215 4.261778135873733 24
98 -2.486865999014762 5.25548069695812 60
99 -0.11087081965395983 3.114724796447862 50
endpoint1 endpoint2
14 17
20 86
76 91
19 81
9 41
2 84
17 95
7 25
0 76
49 63
43 65
78 97
83 86
19 55
68 95
52 68
57 86
6 69
78 86
11 48
36 96
71 84
22 55
13 45
6 7
43 63
6 95
25 77
47 93
27 94
26 83
2 68
57 92
75 77
38 83
12 34
71 78
35 57
20 58
17 41
50 89
13 35
4 10
64 82
14 77
47 63
43 58
48 53
64 72
30 82
22 95
55 77
5 34
33 34
56 85
1 84
1 89
9 52
69 80
67 96
8 12
62 98
18 36
7 57
13 38
4 87
11 58
10 14
23 79
3 80
44 55
67 68
22 85
61 91
37 94
86 94
67 89
39 79
11 94
36 83
34 63
68 72
42 47
0 49
21 68
15 43
19 44
49 66
18 41
74 90
59 92
43 51
77 85
64 92
62 65
58 59
36 69
28 42
54 59
66 94
36 80
16 32
63 88
73 81
11 46
3 6
19 54
24 43
57 74
55 83
31 70
62 79
44 46
57 63
0 84
6 92
32 52
28 60
49 52
81 95
12 95
69 79
9 43
83 99
39 81
78 99
43 79
35 39
15 69
53 88
26 79
16 48
40 77
90 91
15 99
13 47
5 7
60 72
32 49
6 20
20 73
42 90
20 68
3 49
66 68
32 98
33 84
59 60
88 94
41 44
1 3
74 75
18 22
12 32
49 75
16 61
31 79
41 54
54 78
71 89
40 74
8 19
31 88
20 38
32 62
7 73
21 89
46 83
53 81
88 91
2 30
2 75
74 76
50 81
24 47
51 57
74 91
65 92
21 48
55 88
64 93
29 48
1 98
82 99
20 91
29 42
10 44
16 92
5 52
9 49
32 95
75 85
6 59
38 91
71 86
2 14
10 54
25 41
91 99
68 84
6 78
78 84
5 72
13 56
45 99
11 69
26 96
0 19
16 67
64 77
22 80
28 99
19 78
13 71
38 66
78 96
10 33
50 63
24 54
31 62
30 50
4 65
1 65
2 4
49 79
13 84
29 90
36 60
10 11
2 51
52 57
13 99
73 98
45 89
37 76
18 44
52 97
94 96
30 93
3 87
4 45
11 64
36 77
39 50
1 29
17 91
5 61
27 64
32 86
25 61
10 74
32 89
43 99
65 69
21 41
67 70
21 38
36 66
7 23
31 97
8 56
31 39
63 71
11 37
57 88
15 53
63 80
12 38
68 80
1 50
8 30
58 69
25 96
12 49
27 62
18 50
21 44
20 36
4 97
24 95
48 49
12 15
28 36
37 95
66 92
0 79
50 59
21 72
29 86
69 84
27 74
49 80
12 43
29 67
10 64
42 61
15 37
13 42
12 54
53 56
