nnodes nedges type
50 85 graph
nodename posx posy weight
0 0 0 68
1 1 0 127
2 2 0 393
3 3 0 109
4 4 0 313
5 5 0 115
6 6 0 376
7 7 0 406
8 8 0 478
9 9 0 447
10 0 1 324
11 1 1 90
12 2 1 142
13 3 1 459
14 4 1 286
15 5 1 367
16 6 1 201
17 7 1 330
18 8 1 280
19 9 1 130
20 0 2 387
21 1 2 146
22 2 2 280
23 3 2 417
24 4 2 272
25 5 2 445
26 6 2 339
27 7 2 364
28 8 2 26
29 9 2 4
30 0 3 389
31 1 3 301
32 2 3 322
33 3 3 323
34 4 3 92
35 5 3 447
36 6 3 215
37 7 3 488
38 8 3 474
39 9 3 339
40 0 4 407
41 1 4 99
42 2 4 186
43 3 4 475
44 4 4 424
45 5 4 2
46 6 4 451
47 7 4 391
48 8 4 468
49 9 4 262
endpoint1 endpoint2
40 41
18 19
0 10
34 35
1 11
6 7
19 29
44 45
20 30
25 26
21 31
27 28
35 36
4 5
37 38
14 24
14 15
11 21
12 22
0 1
17 18
33 34
13 23
8 18
9 19
15 16
22 32
7 8
6 16
22 23
35 45
36 46
8 9
37 47
2 12
12 13
20 21
15 25
16 26
32 42
17 27
23 24
33 43
38 39
24 25
10 20
23 33
7 17
42 43
28 29
36 37
30 31
46 47
27 37
28 38
16 17
32 33
29 39
24 34
25 35
47 48
38 48
41 42
2 3
18 28
34 44
43 44
45 46
30 40
3 4
10 11
5 6
31 32
1 2
26 36
39 49
3 13
4 14
5 15
11 12
48 49
26 27
31 41
13 14
21 22
