nnodes nedges type
50 85 graph
nodename posx posy weight
0 0 0 224
1 1 0 260
2 2 0 184
3 3 0 328
4 4 0 54
5 5 0 293
6 6 0 193
7 7 0 386
8 8 0 39
9 9 0 396
10 0 1 148
11 1 1 264
12 2 1 34
13 3 1 485
14 4 1 71
15 5 1 146
16 6 1 324
17 7 1 308
18 8 1 390
19 9 1 387
20 0 2 69
21 1 2 239
22 2 2 81
23 3 2 356
24 4 2 262
25 5 2 431
26 6 2 122
27 7 2 142
28 8 2 144
29 9 2 211
30 0 3 3
31 1 3 52
32 2 3 352
33 3 3 431
34 4 3 459
35 5 3 434
36 6 3 13
37 7 3 381
38 8 3 368
39 9 3 171
40 0 4 424
41 1 4 15
42 2 4 451
43 3 4 301
44 4 4 304
45 5 4 167
46 6 4 441
47 7 4 301
48 8 4 450
49 9 4 262
endpoint1 endpoint2
40 41
18 19
0 10
34 35
1 11
6 7
19 29
44 45
20 30
25 26
21 31
27 28
35 36
4 5
37 38
14 24
14 15
11 21
12 22
0 1
17 18
33 34
13 23
8 18
9 19
15 16
22 32
7 8
6 16
22 23
35 45
36 46
8 9
37 47
2 12
12 13
20 21
15 25
16 26
32 42
17 27
23 24
33 43
38 39
24 25
10 20
23 33
7 17
42 43
28 29
36 37
30 31
46 47
27 37
28 38
16 17
32 33
29 39
24 34
25 35
47 48
38 48
41 42
2 3
18 28
34 44
43 44
45 46
30 40
3 4
10 11
5 6
31 32
1 2
26 36
39 49
3 13
4 14
5 15
11 12
48 49
26 27
31 41
13 14
21 22
