nnodes nedges type
50 85 graph
nodename posx posy weight
0 0 0 315
1 1 0 78
2 2 0 89
3 3 0 468
4 4 0 137
5 5 0 224
6 6 0 474
7 7 0 143
8 8 0 400
9 9 0 260
10 0 1 363
11 1 1 422
12 2 1 362
13 3 1 499
14 4 1 270
15 5 1 262
16 6 1 398
17 7 1 40
18 8 1 460
19 9 1 216
20 0 2 78
21 1 2 173
22 2 2 120
23 3 2 85
24 4 2 265
25 5 2 455
26 6 2 50
27 7 2 445
28 8 2 167
29 9 2 322
30 0 3 223
31 1 3 371
32 2 3 19
33 3 3 38
34 4 3 302
35 5 3 69
36 6 3 154
37 7 3 329
38 8 3 13
39 9 3 430
40 0 4 291
41 1 4 224
42 2 4 137
43 3 4 329
44 4 4 36
45 5 4 17
46 6 4 82
47 7 4 468
48 8 4 122
49 9 4 219
endpoint1 endpoint2
40 41
18 19
0 10
34 35
1 11
6 7
19 29
44 45
20 30
25 26
21 31
27 28
35 36
4 5
37 38
14 24
14 15
11 21
12 22
0 1
17 18
33 34
13 23
8 18
9 19
15 16
22 32
7 8
6 16
22 23
35 45
36 46
8 9
37 47
2 12
12 13
20 21
15 25
16 26
32 42
17 27
23 24
33 43
38 39
24 25
10 20
23 33
7 17
42 43
28 29
36 37
30 31
46 47
27 37
28 38
16 17
32 33
29 39
24 34
25 35
47 48
38 48
41 42
2 3
18 28
34 44
43 44
45 46
30 40
3 4
10 11
5 6
31 32
1 2
26 36
39 49
3 13
4 14
5 15
11 12
48 49
26 27
31 41
13 14
21 22
