nnodes nedges type
50 85 graph
nodename posx posy weight
0 0 0 229
1 1 0 90
2 2 0 136
3 3 0 13
4 4 0 91
5 5 0 295
6 6 0 56
7 7 0 207
8 8 0 318
9 9 0 33
10 0 1 284
11 1 1 333
12 2 1 194
13 3 1 42
14 4 1 483
15 5 1 262
16 6 1 394
17 7 1 203
18 8 1 236
19 9 1 369
20 0 2 239
21 1 2 237
22 2 2 81
23 3 2 313
24 4 2 135
25 5 2 96
26 6 2 464
27 7 2 490
28 8 2 239
29 9 2 62
30 0 3 190
31 1 3 320
32 2 3 393
33 3 3 446
34 4 3 295
35 5 3 386
36 6 3 158
37 7 3 68
38 8 3 140
39 9 3 498
40 0 4 429
41 1 4 27
42 2 4 40
43 3 4 348
44 4 4 232
45 5 4 87
46 6 4 332
47 7 4 388
48 8 4 169
49 9 4 96
endpoint1 endpoint2
40 41
18 19
0 10
34 35
1 11
6 7
19 29
44 45
20 30
25 26
21 31
27 28
35 36
4 5
37 38
14 24
14 15
11 21
12 22
0 1
17 18
33 34
13 23
8 18
9 19
15 16
22 32
7 8
6 16
22 23
35 45
36 46
8 9
37 47
2 12
12 13
20 21
15 25
16 26
32 42
17 27
23 24
33 43
38 39
24 25
10 20
23 33
7 17
42 43
28 29
36 37
30 31
46 47
27 37
28 38
16 17
32 33
29 39
24 34
25 35
47 48
38 48
41 42
2 3
18 28
34 44
43 44
45 46
30 40
3 4
10 11
5 6
31 32
1 2
26 36
39 49
3 13
4 14
5 15
11 12
48 49
26 27
31 41
13 14
21 22
