nnodes nedges type
50 85 graph
nodename posx posy weight
0 0 0 44
1 1 0 241
2 2 0 450
3 3 0 309
4 4 0 181
5 5 0 493
6 6 0 324
7 7 0 204
8 8 0 124
9 9 0 453
10 0 1 41
11 1 1 290
12 2 1 330
13 3 1 377
14 4 1 308
15 5 1 303
16 6 1 370
17 7 1 239
18 8 1 59
19 9 1 213
20 0 2 250
21 1 2 24
22 2 2 272
23 3 2 109
24 4 2 474
25 5 2 376
26 6 2 471
27 7 2 477
28 8 2 176
29 9 2 308
30 0 3 338
31 1 3 341
32 2 3 284
33 3 3 309
34 4 3 483
35 5 3 108
36 6 3 225
37 7 3 187
38 8 3 418
39 9 3 6
40 0 4 341
41 1 4 98
42 2 4 33
43 3 4 478
44 4 4 358
45 5 4 346
46 6 4 66
47 7 4 11
48 8 4 130
49 9 4 163
endpoint1 endpoint2
40 41
18 19
0 10
34 35
1 11
6 7
19 29
44 45
20 30
25 26
21 31
27 28
35 36
4 5
37 38
14 24
14 15
11 21
12 22
0 1
17 18
33 34
13 23
8 18
9 19
15 16
22 32
7 8
6 16
22 23
35 45
36 46
8 9
37 47
2 12
12 13
20 21
15 25
16 26
32 42
17 27
23 24
33 43
38 39
24 25
10 20
23 33
7 17
42 43
28 29
36 37
30 31
46 47
27 37
28 38
16 17
32 33
29 39
24 34
25 35
47 48
38 48
41 42
2 3
18 28
34 44
43 44
45 46
30 40
3 4
10 11
5 6
31 32
1 2
26 36
39 49
3 13
4 14
5 15
11 12
48 49
26 27
31 41
13 14
21 22
