nnodes nedges type
50 85 graph
nodename posx posy weight
0 0 0 472
1 1 0 50
2 2 0 354
3 3 0 87
4 4 0 180
5 5 0 402
6 6 0 371
7 7 0 21
8 8 0 227
9 9 0 297
10 0 1 89
11 1 1 248
12 2 1 190
13 3 1 426
14 4 1 307
15 5 1 216
16 6 1 187
17 7 1 17
18 8 1 323
19 9 1 306
20 0 2 402
21 1 2 421
22 2 2 262
23 3 2 328
24 4 2 219
25 5 2 252
26 6 2 20
27 7 2 164
28 8 2 141
29 9 2 43
30 0 3 225
31 1 3 79
32 2 3 302
33 3 3 390
34 4 3 19
35 5 3 316
36 6 3 166
37 7 3 191
38 8 3 149
39 9 3 112
40 0 4 41
41 1 4 128
42 2 4 479
43 3 4 395
44 4 4 495
45 5 4 364
46 6 4 49
47 7 4 444
48 8 4 352
49 9 4 309
endpoint1 endpoint2
40 41
18 19
0 10
34 35
1 11
6 7
19 29
44 45
20 30
25 26
21 31
27 28
35 36
4 5
37 38
14 24
14 15
11 21
12 22
0 1
17 18
33 34
13 23
8 18
9 19
15 16
22 32
7 8
6 16
22 23
35 45
36 46
8 9
37 47
2 12
12 13
20 21
15 25
16 26
32 42
17 27
23 24
33 43
38 39
24 25
10 20
23 33
7 17
42 43
28 29
36 37
30 31
46 47
27 37
28 38
16 17
32 33
29 39
24 34
25 35
47 48
38 48
41 42
2 3
18 28
34 44
43 44
45 46
30 40
3 4
10 11
5 6
31 32
1 2
26 36
39 49
3 13
4 14
5 15
11 12
48 49
26 27
31 41
13 14
21 22
