nnodes nedges type
50 85 graph
nodename posx posy weight
0 0 0 422
1 1 0 496
2 2 0 158
3 3 0 161
4 4 0 251
5 5 0 263
6 6 0 416
7 7 0 312
8 8 0 50
9 9 0 105
10 0 1 414
11 1 1 496
12 2 1 151
13 3 1 251
14 4 1 199
15 5 1 6
16 6 1 32
17 7 1 378
18 8 1 83
19 9 1 121
20 0 2 469
21 1 2 429
22 2 2 280
23 3 2 308
24 4 2 352
25 5 2 323
26 6 2 465
27 7 2 188
28 8 2 40
29 9 2 342
30 0 3 415
31 1 3 461
32 2 3 71
33 3 3 43
34 4 3 386
35 5 3 193
36 6 3 186
37 7 3 318
38 8 3 203
39 9 3 180
40 0 4 120
41 1 4 146
42 2 4 80
43 3 4 386
44 4 4 234
45 5 4 393
46 6 4 460
47 7 4 405
48 8 4 438
49 9 4 340
endpoint1 endpoint2
40 41
18 19
0 10
34 35
1 11
6 7
19 29
44 45
20 30
25 26
21 31
27 28
35 36
4 5
37 38
14 24
14 15
11 21
12 22
0 1
17 18
33 34
13 23
8 18
9 19
15 16
22 32
7 8
6 16
22 23
35 45
36 46
8 9
37 47
2 12
12 13
20 21
15 25
16 26
32 42
17 27
23 24
33 43
38 39
24 25
10 20
23 33
7 17
42 43
28 29
36 37
30 31
46 47
27 37
28 38
16 17
32 33
29 39
24 34
25 35
47 48
38 48
41 42
2 3
18 28
34 44
43 44
45 46
30 40
3 4
10 11
5 6
31 32
1 2
26 36
39 49
3 13
4 14
5 15
11 12
48 49
26 27
31 41
13 14
21 22
