nnodes nedges type
50 85 graph
nodename posx posy weight
0 0 0 409
1 1 0 410
2 2 0 86
3 3 0 101
4 4 0 481
5 5 0 186
6 6 0 25
7 7 0 284
8 8 0 98
9 9 0 37
10 0 1 280
11 1 1 33
12 2 1 456
13 3 1 309
14 4 1 272
15 5 1 1
16 6 1 268
17 7 1 492
18 8 1 310
19 9 1 231
20 0 2 381
21 1 2 72
22 2 2 386
23 3 2 204
24 4 2 211
25 5 2 293
26 6 2 419
27 7 2 365
28 8 2 85
29 9 2 229
30 0 3 68
31 1 3 81
32 2 3 248
33 3 3 181
34 4 3 60
35 5 3 495
36 6 3 466
37 7 3 217
38 8 3 303
39 9 3 127
40 0 4 304
41 1 4 211
42 2 4 18
43 3 4 191
44 4 4 245
45 5 4 499
46 6 4 140
47 7 4 440
48 8 4 189
49 9 4 479
endpoint1 endpoint2
40 41
18 19
0 10
34 35
1 11
6 7
19 29
44 45
20 30
25 26
21 31
27 28
35 36
4 5
37 38
14 24
14 15
11 21
12 22
0 1
17 18
33 34
13 23
8 18
9 19
15 16
22 32
7 8
6 16
22 23
35 45
36 46
8 9
37 47
2 12
12 13
20 21
15 25
16 26
32 42
17 27
23 24
33 43
38 39
24 25
10 20
23 33
7 17
42 43
28 29
36 37
30 31
46 47
27 37
28 38
16 17
32 33
29 39
24 34
25 35
47 48
38 48
41 42
2 3
18 28
34 44
43 44
45 46
30 40
3 4
10 11
5 6
31 32
1 2
26 36
39 49
3 13
4 14
5 15
11 12
48 49
26 27
31 41
13 14
21 22
