nnodes nedges type
225 420 graph
nodename posx posy weight
0 0 0 1676
1 1 0 2104
2 2 0 3742
3 3 0 4582
4 4 0 4284
5 5 0 3442
6 6 0 3052
7 7 0 1353
8 8 0 3331
9 9 0 4069
10 10 0 2156
11 11 0 4849
12 12 0 3157
13 13 0 4685
14 14 0 1889
15 0 1 2673
16 1 1 1337
17 2 1 2691
18 3 1 4960
19 4 1 3398
20 5 1 4358
21 6 1 3877
22 7 1 2313
23 8 1 3417
24 9 1 3504
25 10 1 1648
26 11 1 4660
27 12 1 3087
28 13 1 3233
29 14 1 3862
30 0 2 3878
31 1 2 4983
32 2 2 2150
33 3 2 4194
34 4 2 4492
35 5 2 2607
36 6 2 1520
37 7 2 3388
38 8 2 2743
39 9 2 2846
40 10 2 4931
41 11 2 3805
42 12 2 4967
43 13 2 3158
44 14 2 3629
45 0 3 1293
46 1 3 2317
47 2 3 2025
48 3 3 4524
49 4 3 2367
50 5 3 3216
51 6 3 2446
52 7 3 3944
53 8 3 2765
54 9 3 3433
55 10 3 4379
56 11 3 1352
57 12 3 1809
58 13 3 3028
59 14 3 3938
60 0 4 1896
61 1 4 3611
62 2 4 3479
63 3 4 3011
64 4 4 3848
65 5 4 3534
66 6 4 4137
67 7 4 4366
68 8 4 3636
69 9 4 2687
70 10 4 1845
71 11 4 3130
72 12 4 1952
73 13 4 2143
74 14 4 3155
75 0 5 3437
76 1 5 1376
77 2 5 2963
78 3 5 1954
79 4 5 3964
80 5 5 4670
81 6 5 2124
82 7 5 1275
83 8 5 4984
84 9 5 3615
85 10 5 1854
86 11 5 2353
87 12 5 1594
88 13 5 3707
89 14 5 4637
90 0 6 5000
91 1 6 2459
92 2 6 2021
93 3 6 1508
94 4 6 4288
95 5 6 3521
96 6 6 2102
97 7 6 3236
98 8 6 4965
99 9 6 3677
100 10 6 2406
101 11 6 2290
102 12 6 1783
103 13 6 3218
104 14 6 1063
105 0 7 4119
106 1 7 4291
107 2 7 3805
108 3 7 2726
109 4 7 3877
110 5 7 1860
111 6 7 4463
112 7 7 2808
113 8 7 3873
114 9 7 4496
115 10 7 3218
116 11 7 3125
117 12 7 3239
118 13 7 1460
119 14 7 1930
120 0 8 4030
121 1 8 2898
122 2 8 4347
123 3 8 3074
124 4 8 2879
125 5 8 1480
126 6 8 3169
127 7 8 4753
128 8 8 3293
129 9 8 4803
130 10 8 4592
131 11 8 2803
132 12 8 2237
133 13 8 1634
134 14 8 2259
135 0 9 4862
136 1 9 2920
137 2 9 2532
138 3 9 4528
139 4 9 1097
140 5 9 4143
141 6 9 4531
142 7 9 3303
143 8 9 4661
144 9 9 4364
145 10 9 1520
146 11 9 4368
147 12 9 2781
148 13 9 4005
149 14 9 3982
150 0 10 3873
151 1 10 1023
152 2 10 3601
153 3 10 1226
154 4 10 3801
155 5 10 4160
156 6 10 4605
157 7 10 3279
158 8 10 3347
159 9 10 3162
160 10 10 2959
161 11 10 2801
162 12 10 2547
163 13 10 1123
164 14 10 1774
165 0 11 1212
166 1 11 1138
167 2 11 4559
168 3 11 3359
169 4 11 3561
170 5 11 3905
171 6 11 1962
172 7 11 1795
173 8 11 3701
174 9 11 2631
175 10 11 3686
176 11 11 2856
177 12 11 1563
178 13 11 2366
179 14 11 4128
180 0 12 4378
181 1 12 4636
182 2 12 4973
183 3 12 3393
184 4 12 3677
185 5 12 1455
186 6 12 4247
187 7 12 4585
188 8 12 4348
189 9 12 1716
190 10 12 3966
191 11 12 1773
192 12 12 2341
193 13 12 4753
194 14 12 2137
195 0 13 2886
196 1 13 3112
197 2 13 2741
198 3 13 2726
199 4 13 3612
200 5 13 1735
201 6 13 4407
202 7 13 3587
203 8 13 4314
204 9 13 2953
205 10 13 3011
206 11 13 3580
207 12 13 4117
208 13 13 4096
209 14 13 4909
210 0 14 4716
211 1 14 2863
212 2 14 1148
213 3 14 3375
214 4 14 4401
215 5 14 2409
216 6 14 2485
217 7 14 1680
218 8 14 2875
219 9 14 3241
220 10 14 3704
221 11 14 2532
222 12 14 1916
223 13 14 2854
224 14 14 1860
endpoint1 endpoint2
172 187
204 219
125 126
156 157
198 213
29 44
61 76
18 19
222 223
113 114
144 145
15 30
207 222
122 137
201 216
4 5
105 106
205 220
142 143
7 22
199 214
55 56
107 108
130 145
33 34
52 67
116 131
109 110
181 182
161 176
42 57
74 89
58 59
198 199
192 207
20 21
99 114
103 104
145 160
177 192
201 202
11 26
203 218
50 51
190 191
139 140
96 111
205 206
47 62
138 153
5 20
50 65
190 205
42 43
182 183
40 55
72 87
36 37
214 215
174 175
39 54
162 177
153 154
163 178
167 168
28 43
152 167
157 158
31 46
63 78
151 166
14 29
145 146
67 82
89 104
121 136
3 4
71 72
143 144
146 161
195 196
138 139
140 155
5 6
6 21
93 108
125 140
119 134
129 130
37 52
169 184
68 69
173 188
19 20
87 88
211 212
97 98
192 193
154 155
16 31
208 223
21 22
106 121
185 186
189 190
123 138
110 111
146 147
127 128
46 61
98 113
96 97
177 178
6 7
122 123
4 19
128 143
52 53
84 85
186 201
35 36
37 38
38 53
169 170
43 58
114 115
183 184
180 195
173 174
111 126
19 34
30 45
82 97
22 23
106 107
104 119
8 9
103 118
65 66
48 63
12 13
1 16
181 196
219 220
60 75
124 139
95 110
118 133
78 93
38 39
90 91
160 175
36 51
175 190
24 25
216 217
133 148
168 183
200 215
28 29
220 221
70 85
30 31
82 83
167 182
16 17
208 209
148 163
79 94
51 66
101 116
9 24
159 174
191 206
13 28
2 3
71 86
51 52
142 157
128 129
53 54
33 48
131 146
135 136
133 134
134 149
70 71
68 83
116 117
26 41
56 57
99 100
60 61
101 102
17 32
49 64
196 197
9 10
75 90
62 63
151 152
11 12
203 204
48 49
13 14
69 84
114 129
62 77
54 55
86 87
100 101
40 41
72 73
34 35
223 224
174 189
160 161
112 127
76 77
180 181
212 213
25 26
27 28
163 164
24 39
92 107
166 181
171 186
23 38
17 18
15 16
67 68
158 173
207 208
150 151
12 27
136 151
69 70
193 194
176 191
129 144
41 56
188 203
182 197
45 60
66 67
206 207
83 84
194 209
25 40
166 167
218 219
80 95
85 86
97 112
57 58
21 36
153 168
185 200
61 62
157 172
189 204
158 159
210 211
55 70
110 125
49 50
0 15
143 158
58 73
120 121
179 194
137 152
47 48
124 125
132 133
81 96
113 128
102 117
41 42
107 122
141 156
126 127
130 131
135 150
43 44
112 113
161 162
45 46
170 185
202 217
83 98
94 109
118 119
22 37
27 42
59 74
31 32
63 64
186 187
196 211
108 109
148 149
65 80
154 169
184 185
53 68
91 92
56 71
120 135
93 94
188 189
127 142
137 138
139 154
178 179
81 82
176 177
102 103
32 47
100 115
141 142
88 89
197 212
178 193
170 171
202 203
44 59
76 91
92 93
168 169
200 201
94 95
162 163
80 81
20 35
172 173
204 205
73 88
155 156
156 171
77 92
115 116
2 17
0 1
117 118
3 18
195 210
7 8
131 132
199 200
197 198
64 79
90 105
165 180
111 112
73 74
23 24
75 76
147 148
215 216
144 159
77 78
213 214
10 25
149 164
187 188
126 141
86 101
91 106
46 47
98 99
183 198
95 96
34 49
32 33
132 147
35 50
117 132
39 40
175 176
88 103
165 166
209 224
87 102
171 172
147 162
79 80
18 33
10 11
8 23
108 123
150 165
136 137
155 170
187 202
159 160
191 192
1 2
84 99
140 141
193 208
217 218
115 130
105 120
184 199
221 222
54 69
109 124
78 79
66 81
206 221
64 65
26 27
164 179
121 122
152 153
85 100
57 72
123 124
