nnodes nedges type
225 420 graph
nodename posx posy weight
0 0 0 4469
1 1 0 1712
2 2 0 3291
3 3 0 4920
4 4 0 3034
5 5 0 2871
6 6 0 1186
7 7 0 1412
8 8 0 4960
9 9 0 2793
10 10 0 4857
11 11 0 3608
12 12 0 3955
13 13 0 1126
14 14 0 1884
15 0 1 4630
16 1 1 1086
17 2 1 2074
18 3 1 3273
19 4 1 3365
20 5 1 4411
21 6 1 4627
22 7 1 3792
23 8 1 2582
24 9 1 1283
25 10 1 1105
26 11 1 1365
27 12 1 4607
28 13 1 4879
29 14 1 3805
30 0 2 3860
31 1 2 3497
32 2 2 3515
33 3 2 4765
34 4 2 4751
35 5 2 2157
36 6 2 4262
37 7 2 1867
38 8 2 3458
39 9 2 4724
40 10 2 4734
41 11 2 2316
42 12 2 4622
43 13 2 1590
44 14 2 3671
45 0 3 3444
46 1 3 2475
47 2 3 4153
48 3 3 2033
49 4 3 1510
50 5 3 3619
51 6 3 3010
52 7 3 3537
53 8 3 4563
54 9 3 4852
55 10 3 3322
56 11 3 1264
57 12 3 4530
58 13 3 3289
59 14 3 4267
60 0 4 4443
61 1 4 4565
62 2 4 1520
63 3 4 3159
64 4 4 4717
65 5 4 1306
66 6 4 2709
67 7 4 1701
68 8 4 1771
69 9 4 1606
70 10 4 3822
71 11 4 2938
72 12 4 4544
73 13 4 3150
74 14 4 3338
75 0 5 4978
76 1 5 4123
77 2 5 3033
78 3 5 3977
79 4 5 2177
80 5 5 2555
81 6 5 2551
82 7 5 1866
83 8 5 3533
84 9 5 3438
85 10 5 4176
86 11 5 1645
87 12 5 2881
88 13 5 4150
89 14 5 2912
90 0 6 1850
91 1 6 4932
92 2 6 4618
93 3 6 1048
94 4 6 4810
95 5 6 1137
96 6 6 2288
97 7 6 4092
98 8 6 1411
99 9 6 1589
100 10 6 4149
101 11 6 1594
102 12 6 3034
103 13 6 4689
104 14 6 2251
105 0 7 4933
106 1 7 2715
107 2 7 1903
108 3 7 4919
109 4 7 3670
110 5 7 1321
111 6 7 4327
112 7 7 1783
113 8 7 3202
114 9 7 2859
115 10 7 3396
116 11 7 3709
117 12 7 3484
118 13 7 4352
119 14 7 1733
120 0 8 2107
121 1 8 1372
122 2 8 1435
123 3 8 4286
124 4 8 2051
125 5 8 3450
126 6 8 4737
127 7 8 2571
128 8 8 3111
129 9 8 3713
130 10 8 4596
131 11 8 3107
132 12 8 1345
133 13 8 2555
134 14 8 1799
135 0 9 4207
136 1 9 3802
137 2 9 1888
138 3 9 3575
139 4 9 2552
140 5 9 3462
141 6 9 3386
142 7 9 2625
143 8 9 1351
144 9 9 2824
145 10 9 4181
146 11 9 2768
147 12 9 2905
148 13 9 4239
149 14 9 3940
150 0 10 1796
151 1 10 1731
152 2 10 4987
153 3 10 4549
154 4 10 1160
155 5 10 4587
156 6 10 4117
157 7 10 2452
158 8 10 3877
159 9 10 2201
160 10 10 3707
161 11 10 1571
162 12 10 4615
163 13 10 1390
164 14 10 1307
165 0 11 2874
166 1 11 4324
167 2 11 1502
168 3 11 4035
169 4 11 1336
170 5 11 2967
171 6 11 2925
172 7 11 3671
173 8 11 2870
174 9 11 3318
175 10 11 3999
176 11 11 4903
177 12 11 3291
178 13 11 2846
179 14 11 4675
180 0 12 4585
181 1 12 3680
182 2 12 2823
183 3 12 2704
184 4 12 1478
185 5 12 4103
186 6 12 4719
187 7 12 2425
188 8 12 1587
189 9 12 4535
190 10 12 3431
191 11 12 3537
192 12 12 3108
193 13 12 2503
194 14 12 2069
195 0 13 1239
196 1 13 1624
197 2 13 3361
198 3 13 2937
199 4 13 3891
200 5 13 1925
201 6 13 2169
202 7 13 4086
203 8 13 2896
204 9 13 2720
205 10 13 1980
206 11 13 1141
207 12 13 2244
208 13 13 1394
209 14 13 3500
210 0 14 1451
211 1 14 3771
212 2 14 2607
213 3 14 4407
214 4 14 1313
215 5 14 4610
216 6 14 2195
217 7 14 2810
218 8 14 3300
219 9 14 2643
220 10 14 2316
221 11 14 3866
222 12 14 1883
223 13 14 3048
224 14 14 4859
endpoint1 endpoint2
172 187
204 219
125 126
156 157
198 213
29 44
61 76
18 19
222 223
113 114
144 145
15 30
207 222
122 137
201 216
4 5
105 106
205 220
142 143
7 22
199 214
55 56
107 108
130 145
33 34
52 67
116 131
109 110
181 182
161 176
42 57
74 89
58 59
198 199
192 207
20 21
99 114
103 104
145 160
177 192
201 202
11 26
203 218
50 51
190 191
139 140
96 111
205 206
47 62
138 153
5 20
50 65
190 205
42 43
182 183
40 55
72 87
36 37
214 215
174 175
39 54
162 177
153 154
163 178
167 168
28 43
152 167
157 158
31 46
63 78
151 166
14 29
145 146
67 82
89 104
121 136
3 4
71 72
143 144
146 161
195 196
138 139
140 155
5 6
6 21
93 108
125 140
119 134
129 130
37 52
169 184
68 69
173 188
19 20
87 88
211 212
97 98
192 193
154 155
16 31
208 223
21 22
106 121
185 186
189 190
123 138
110 111
146 147
127 128
46 61
98 113
96 97
177 178
6 7
122 123
4 19
128 143
52 53
84 85
186 201
35 36
37 38
38 53
169 170
43 58
114 115
183 184
180 195
173 174
111 126
19 34
30 45
82 97
22 23
106 107
104 119
8 9
103 118
65 66
48 63
12 13
1 16
181 196
219 220
60 75
124 139
95 110
118 133
78 93
38 39
90 91
160 175
36 51
175 190
24 25
216 217
133 148
168 183
200 215
28 29
220 221
70 85
30 31
82 83
167 182
16 17
208 209
148 163
79 94
51 66
101 116
9 24
159 174
191 206
13 28
2 3
71 86
51 52
142 157
128 129
53 54
33 48
131 146
135 136
133 134
134 149
70 71
68 83
116 117
26 41
56 57
99 100
60 61
101 102
17 32
49 64
196 197
9 10
75 90
62 63
151 152
11 12
203 204
48 49
13 14
69 84
114 129
62 77
54 55
86 87
100 101
40 41
72 73
34 35
223 224
174 189
160 161
112 127
76 77
180 181
212 213
25 26
27 28
163 164
24 39
92 107
166 181
171 186
23 38
17 18
15 16
67 68
158 173
207 208
150 151
12 27
136 151
69 70
193 194
176 191
129 144
41 56
188 203
182 197
45 60
66 67
206 207
83 84
194 209
25 40
166 167
218 219
80 95
85 86
97 112
57 58
21 36
153 168
185 200
61 62
157 172
189 204
158 159
210 211
55 70
110 125
49 50
0 15
143 158
58 73
120 121
179 194
137 152
47 48
124 125
132 133
81 96
113 128
102 117
41 42
107 122
141 156
126 127
130 131
135 150
43 44
112 113
161 162
45 46
170 185
202 217
83 98
94 109
118 119
22 37
27 42
59 74
31 32
63 64
186 187
196 211
108 109
148 149
65 80
154 169
184 185
53 68
91 92
56 71
120 135
93 94
188 189
127 142
137 138
139 154
178 179
81 82
176 177
102 103
32 47
100 115
141 142
88 89
197 212
178 193
170 171
202 203
44 59
76 91
92 93
168 169
200 201
94 95
162 163
80 81
20 35
172 173
204 205
73 88
155 156
156 171
77 92
115 116
2 17
0 1
117 118
3 18
195 210
7 8
131 132
199 200
197 198
64 79
90 105
165 180
111 112
73 74
23 24
75 76
147 148
215 216
144 159
77 78
213 214
10 25
149 164
187 188
126 141
86 101
91 106
46 47
98 99
183 198
95 96
34 49
32 33
132 147
35 50
117 132
39 40
175 176
88 103
165 166
209 224
87 102
171 172
147 162
79 80
18 33
10 11
8 23
108 123
150 165
136 137
155 170
187 202
159 160
191 192
1 2
84 99
140 141
193 208
217 218
115 130
105 120
184 199
221 222
54 69
109 124
78 79
66 81
206 221
64 65
26 27
164 179
121 122
152 153
85 100
57 72
123 124
