nnodes nedges type
225 420 graph
nodename posx posy weight
0 0 0 2164
1 1 0 4513
2 2 0 3440
3 3 0 2302
4 4 0 1527
5 5 0 2191
6 6 0 4608
7 7 0 4065
8 8 0 2463
9 9 0 1485
10 10 0 3308
11 11 0 3467
12 12 0 3856
13 13 0 1291
14 14 0 2464
15 0 1 2145
16 1 1 2996
17 2 1 4700
18 3 1 3082
19 4 1 4911
20 5 1 4762
21 6 1 1929
22 7 1 1710
23 8 1 1330
24 9 1 2088
25 10 1 3941
26 11 1 3438
27 12 1 3582
28 13 1 1826
29 14 1 3987
30 0 2 4898
31 1 2 1799
32 2 2 3160
33 3 2 4965
34 4 2 2038
35 5 2 3358
36 6 2 1736
37 7 2 4929
38 8 2 3400
39 9 2 3725
40 10 2 3489
41 11 2 1814
42 12 2 1026
43 13 2 3199
44 14 2 3413
45 0 3 1193
46 1 3 4260
47 2 3 4858
48 3 3 1489
49 4 3 2394
50 5 3 1121
51 6 3 2430
52 7 3 3550
53 8 3 3945
54 9 3 1270
55 10 3 3460
56 11 3 2537
57 12 3 1836
58 13 3 4795
59 14 3 4824
60 0 4 4072
61 1 4 4585
62 2 4 4722
63 3 4 4590
64 4 4 1121
65 5 4 4377
66 6 4 1650
67 7 4 4423
68 8 4 1780
69 9 4 2006
70 10 4 1890
71 11 4 2873
72 12 4 3903
73 13 4 2080
74 14 4 1857
75 0 5 3528
76 1 5 1647
77 2 5 4683
78 3 5 4337
79 4 5 2534
80 5 5 4466
81 6 5 4044
82 7 5 4535
83 8 5 1200
84 9 5 3076
85 10 5 4276
86 11 5 3634
87 12 5 3430
88 13 5 3428
89 14 5 2125
90 0 6 3877
91 1 6 3508
92 2 6 4178
93 3 6 3876
94 4 6 4690
95 5 6 4581
96 6 6 3433
97 7 6 1621
98 8 6 3309
99 9 6 2150
100 10 6 4165
101 11 6 2860
102 12 6 1025
103 13 6 4312
104 14 6 2262
105 0 7 1128
106 1 7 4950
107 2 7 3553
108 3 7 4919
109 4 7 2890
110 5 7 2564
111 6 7 2420
112 7 7 2913
113 8 7 4342
114 9 7 2845
115 10 7 2072
116 11 7 2554
117 12 7 4946
118 13 7 3821
119 14 7 2617
120 0 8 2730
121 1 8 2190
122 2 8 3265
123 3 8 2647
124 4 8 4167
125 5 8 3933
126 6 8 4863
127 7 8 1036
128 8 8 2006
129 9 8 2116
130 10 8 3269
131 11 8 4819
132 12 8 2441
133 13 8 2660
134 14 8 3894
135 0 9 1174
136 1 9 1835
137 2 9 2674
138 3 9 3167
139 4 9 4115
140 5 9 2194
141 6 9 1092
142 7 9 3884
143 8 9 4306
144 9 9 2310
145 10 9 3120
146 11 9 2711
147 12 9 4290
148 13 9 4744
149 14 9 1156
150 0 10 2618
151 1 10 2603
152 2 10 1860
153 3 10 4350
154 4 10 2107
155 5 10 1239
156 6 10 3735
157 7 10 1421
158 8 10 2693
159 9 10 1464
160 10 10 2473
161 11 10 2224
162 12 10 1566
163 13 10 4937
164 14 10 1566
165 0 11 3126
166 1 11 2050
167 2 11 4493
168 3 11 1619
169 4 11 1525
170 5 11 3051
171 6 11 2845
172 7 11 2983
173 8 11 1884
174 9 11 2673
175 10 11 1345
176 11 11 4850
177 12 11 3208
178 13 11 2930
179 14 11 3929
180 0 12 2251
181 1 12 3022
182 2 12 1797
183 3 12 4510
184 4 12 4463
185 5 12 1197
186 6 12 4421
187 7 12 2302
188 8 12 3777
189 9 12 3377
190 10 12 1404
191 11 12 1969
192 12 12 2514
193 13 12 2830
194 14 12 4659
195 0 13 1867
196 1 13 2242
197 2 13 2897
198 3 13 4151
199 4 13 1672
200 5 13 2245
201 6 13 2583
202 7 13 2005
203 8 13 4260
204 9 13 3285
205 10 13 1010
206 11 13 2029
207 12 13 3499
208 13 13 4287
209 14 13 2766
210 0 14 1473
211 1 14 2888
212 2 14 1981
213 3 14 2022
214 4 14 2678
215 5 14 3786
216 6 14 1693
217 7 14 1669
218 8 14 1678
219 9 14 4243
220 10 14 1344
221 11 14 4657
222 12 14 1380
223 13 14 3899
224 14 14 1802
endpoint1 endpoint2
172 187
204 219
125 126
156 157
198 213
29 44
61 76
18 19
222 223
113 114
144 145
15 30
207 222
122 137
201 216
4 5
105 106
205 220
142 143
7 22
199 214
55 56
107 108
130 145
33 34
52 67
116 131
109 110
181 182
161 176
42 57
74 89
58 59
198 199
192 207
20 21
99 114
103 104
145 160
177 192
201 202
11 26
203 218
50 51
190 191
139 140
96 111
205 206
47 62
138 153
5 20
50 65
190 205
42 43
182 183
40 55
72 87
36 37
214 215
174 175
39 54
162 177
153 154
163 178
167 168
28 43
152 167
157 158
31 46
63 78
151 166
14 29
145 146
67 82
89 104
121 136
3 4
71 72
143 144
146 161
195 196
138 139
140 155
5 6
6 21
93 108
125 140
119 134
129 130
37 52
169 184
68 69
173 188
19 20
87 88
211 212
97 98
192 193
154 155
16 31
208 223
21 22
106 121
185 186
189 190
123 138
110 111
146 147
127 128
46 61
98 113
96 97
177 178
6 7
122 123
4 19
128 143
52 53
84 85
186 201
35 36
37 38
38 53
169 170
43 58
114 115
183 184
180 195
173 174
111 126
19 34
30 45
82 97
22 23
106 107
104 119
8 9
103 118
65 66
48 63
12 13
1 16
181 196
219 220
60 75
124 139
95 110
118 133
78 93
38 39
90 91
160 175
36 51
175 190
24 25
216 217
133 148
168 183
200 215
28 29
220 221
70 85
30 31
82 83
167 182
16 17
208 209
148 163
79 94
51 66
101 116
9 24
159 174
191 206
13 28
2 3
71 86
51 52
142 157
128 129
53 54
33 48
131 146
135 136
133 134
134 149
70 71
68 83
116 117
26 41
56 57
99 100
60 61
101 102
17 32
49 64
196 197
9 10
75 90
62 63
151 152
11 12
203 204
48 49
13 14
69 84
114 129
62 77
54 55
86 87
100 101
40 41
72 73
34 35
223 224
174 189
160 161
112 127
76 77
180 181
212 213
25 26
27 28
163 164
24 39
92 107
166 181
171 186
23 38
17 18
15 16
67 68
158 173
207 208
150 151
12 27
136 151
69 70
193 194
176 191
129 144
41 56
188 203
182 197
45 60
66 67
206 207
83 84
194 209
25 40
166 167
218 219
80 95
85 86
97 112
57 58
21 36
153 168
185 200
61 62
157 172
189 204
158 159
210 211
55 70
110 125
49 50
0 15
143 158
58 73
120 121
179 194
137 152
47 48
124 125
132 133
81 96
113 128
102 117
41 42
107 122
141 156
126 127
130 131
135 150
43 44
112 113
161 162
45 46
170 185
202 217
83 98
94 109
118 119
22 37
27 42
59 74
31 32
63 64
186 187
196 211
108 109
148 149
65 80
154 169
184 185
53 68
91 92
56 71
120 135
93 94
188 189
127 142
137 138
139 154
178 179
81 82
176 177
102 103
32 47
100 115
141 142
88 89
197 212
178 193
170 171
202 203
44 59
76 91
92 93
168 169
200 201
94 95
162 163
80 81
20 35
172 173
204 205
73 88
155 156
156 171
77 92
115 116
2 17
0 1
117 118
3 18
195 210
7 8
131 132
199 200
197 198
64 79
90 105
165 180
111 112
73 74
23 24
75 76
147 148
215 216
144 159
77 78
213 214
10 25
149 164
187 188
126 141
86 101
91 106
46 47
98 99
183 198
95 96
34 49
32 33
132 147
35 50
117 132
39 40
175 176
88 103
165 166
209 224
87 102
171 172
147 162
79 80
18 33
10 11
8 23
108 123
150 165
136 137
155 170
187 202
159 160
191 192
1 2
84 99
140 141
193 208
217 218
115 130
105 120
184 199
221 222
54 69
109 124
78 79
66 81
206 221
64 65
26 27
164 179
121 122
152 153
85 100
57 72
123 124
