nnodes nedges type
225 420 graph
nodename posx posy weight
0 0 0 2524
1 1 0 1537
2 2 0 3576
3 3 0 4331
4 4 0 1613
5 5 0 4579
6 6 0 4013
7 7 0 1338
8 8 0 2625
9 9 0 3641
10 10 0 3795
11 11 0 4589
12 12 0 2297
13 13 0 4986
14 14 0 3311
15 0 1 3786
16 1 1 4222
17 2 1 4012
18 3 1 2521
19 4 1 2798
20 5 1 2289
21 6 1 2761
22 7 1 4990
23 8 1 3364
24 9 1 1148
25 10 1 4896
26 11 1 2001
27 12 1 4733
28 13 1 3686
29 14 1 3097
30 0 2 1837
31 1 2 4602
32 2 2 4042
33 3 2 3280
34 4 2 2909
35 5 2 2059
36 6 2 4067
37 7 2 1220
38 8 2 1485
39 9 2 3686
40 10 2 4059
41 11 2 3180
42 12 2 4901
43 13 2 2486
44 14 2 1280
45 0 3 3411
46 1 3 1998
47 2 3 4705
48 3 3 2394
49 4 3 4069
50 5 3 2483
51 6 3 2961
52 7 3 2206
53 8 3 1007
54 9 3 2320
55 10 3 4745
56 11 3 3974
57 12 3 1506
58 13 3 1176
59 14 3 3448
60 0 4 1653
61 1 4 2424
62 2 4 1932
63 3 4 3840
64 4 4 1867
65 5 4 3996
66 6 4 3150
67 7 4 4224
68 8 4 2739
69 9 4 3669
70 10 4 2537
71 11 4 3985
72 12 4 4562
73 13 4 2405
74 14 4 1941
75 0 5 1791
76 1 5 4440
77 2 5 4174
78 3 5 2000
79 4 5 1205
80 5 5 4631
81 6 5 4542
82 7 5 1653
83 8 5 3563
84 9 5 4855
85 10 5 2643
86 11 5 4960
87 12 5 1151
88 13 5 3444
89 14 5 2329
90 0 6 1792
91 1 6 1721
92 2 6 2037
93 3 6 1427
94 4 6 2691
95 5 6 2909
96 6 6 3914
97 7 6 1218
98 8 6 3713
99 9 6 2486
100 10 6 4785
101 11 6 2236
102 12 6 3683
103 13 6 1777
104 14 6 4921
105 0 7 3442
106 1 7 4719
107 2 7 3094
108 3 7 4300
109 4 7 1626
110 5 7 4409
111 6 7 3000
112 7 7 1645
113 8 7 3650
114 9 7 1742
115 10 7 1872
116 11 7 4595
117 12 7 2647
118 13 7 3391
119 14 7 1901
120 0 8 1437
121 1 8 4975
122 2 8 3822
123 3 8 1791
124 4 8 1229
125 5 8 3010
126 6 8 4120
127 7 8 3799
128 8 8 2995
129 9 8 2052
130 10 8 2936
131 11 8 4396
132 12 8 1567
133 13 8 3239
134 14 8 3858
135 0 9 2313
136 1 9 2547
137 2 9 1951
138 3 9 3014
139 4 9 2146
140 5 9 4060
141 6 9 1923
142 7 9 2521
143 8 9 4021
144 9 9 1504
145 10 9 1786
146 11 9 3051
147 12 9 4889
148 13 9 2734
149 14 9 3491
150 0 10 4517
151 1 10 1426
152 2 10 2883
153 3 10 2399
154 4 10 1800
155 5 10 3605
156 6 10 4933
157 7 10 4137
158 8 10 1668
159 9 10 4461
160 10 10 3707
161 11 10 2433
162 12 10 1621
163 13 10 2783
164 14 10 1079
165 0 11 4649
166 1 11 4150
167 2 11 3518
168 3 11 1417
169 4 11 4601
170 5 11 1897
171 6 11 1643
172 7 11 2466
173 8 11 4224
174 9 11 1902
175 10 11 4405
176 11 11 1676
177 12 11 1784
178 13 11 3677
179 14 11 4657
180 0 12 2299
181 1 12 3185
182 2 12 1200
183 3 12 4614
184 4 12 1170
185 5 12 3191
186 6 12 4792
187 7 12 4285
188 8 12 4183
189 9 12 3507
190 10 12 2980
191 11 12 3466
192 12 12 1034
193 13 12 1560
194 14 12 3764
195 0 13 3569
196 1 13 1063
197 2 13 2191
198 3 13 2802
199 4 13 3558
200 5 13 2031
201 6 13 2031
202 7 13 2985
203 8 13 2153
204 9 13 3030
205 10 13 2068
206 11 13 3904
207 12 13 4651
208 13 13 1949
209 14 13 1179
210 0 14 1474
211 1 14 1766
212 2 14 1352
213 3 14 4284
214 4 14 3555
215 5 14 1972
216 6 14 2779
217 7 14 4729
218 8 14 3216
219 9 14 4748
220 10 14 3926
221 11 14 4838
222 12 14 3224
223 13 14 3883
224 14 14 3317
endpoint1 endpoint2
172 187
204 219
125 126
156 157
198 213
29 44
61 76
18 19
222 223
113 114
144 145
15 30
207 222
122 137
201 216
4 5
105 106
205 220
142 143
7 22
199 214
55 56
107 108
130 145
33 34
52 67
116 131
109 110
181 182
161 176
42 57
74 89
58 59
198 199
192 207
20 21
99 114
103 104
145 160
177 192
201 202
11 26
203 218
50 51
190 191
139 140
96 111
205 206
47 62
138 153
5 20
50 65
190 205
42 43
182 183
40 55
72 87
36 37
214 215
174 175
39 54
162 177
153 154
163 178
167 168
28 43
152 167
157 158
31 46
63 78
151 166
14 29
145 146
67 82
89 104
121 136
3 4
71 72
143 144
146 161
195 196
138 139
140 155
5 6
6 21
93 108
125 140
119 134
129 130
37 52
169 184
68 69
173 188
19 20
87 88
211 212
97 98
192 193
154 155
16 31
208 223
21 22
106 121
185 186
189 190
123 138
110 111
146 147
127 128
46 61
98 113
96 97
177 178
6 7
122 123
4 19
128 143
52 53
84 85
186 201
35 36
37 38
38 53
169 170
43 58
114 115
183 184
180 195
173 174
111 126
19 34
30 45
82 97
22 23
106 107
104 119
8 9
103 118
65 66
48 63
12 13
1 16
181 196
219 220
60 75
124 139
95 110
118 133
78 93
38 39
90 91
160 175
36 51
175 190
24 25
216 217
133 148
168 183
200 215
28 29
220 221
70 85
30 31
82 83
167 182
16 17
208 209
148 163
79 94
51 66
101 116
9 24
159 174
191 206
13 28
2 3
71 86
51 52
142 157
128 129
53 54
33 48
131 146
135 136
133 134
134 149
70 71
68 83
116 117
26 41
56 57
99 100
60 61
101 102
17 32
49 64
196 197
9 10
75 90
62 63
151 152
11 12
203 204
48 49
13 14
69 84
114 129
62 77
54 55
86 87
100 101
40 41
72 73
34 35
223 224
174 189
160 161
112 127
76 77
180 181
212 213
25 26
27 28
163 164
24 39
92 107
166 181
171 186
23 38
17 18
15 16
67 68
158 173
207 208
150 151
12 27
136 151
69 70
193 194
176 191
129 144
41 56
188 203
182 197
45 60
66 67
206 207
83 84
194 209
25 40
166 167
218 219
80 95
85 86
97 112
57 58
21 36
153 168
185 200
61 62
157 172
189 204
158 159
210 211
55 70
110 125
49 50
0 15
143 158
58 73
120 121
179 194
137 152
47 48
124 125
132 133
81 96
113 128
102 117
41 42
107 122
141 156
126 127
130 131
135 150
43 44
112 113
161 162
45 46
170 185
202 217
83 98
94 109
118 119
22 37
27 42
59 74
31 32
63 64
186 187
196 211
108 109
148 149
65 80
154 169
184 185
53 68
91 92
56 71
120 135
93 94
188 189
127 142
137 138
139 154
178 179
81 82
176 177
102 103
32 47
100 115
141 142
88 89
197 212
178 193
170 171
202 203
44 59
76 91
92 93
168 169
200 201
94 95
162 163
80 81
20 35
172 173
204 205
73 88
155 156
156 171
77 92
115 116
2 17
0 1
117 118
3 18
195 210
7 8
131 132
199 200
197 198
64 79
90 105
165 180
111 112
73 74
23 24
75 76
147 148
215 216
144 159
77 78
213 214
10 25
149 164
187 188
126 141
86 101
91 106
46 47
98 99
183 198
95 96
34 49
32 33
132 147
35 50
117 132
39 40
175 176
88 103
165 166
209 224
87 102
171 172
147 162
79 80
18 33
10 11
8 23
108 123
150 165
136 137
155 170
187 202
159 160
191 192
1 2
84 99
140 141
193 208
217 218
115 130
105 120
184 199
221 222
54 69
109 124
78 79
66 81
206 221
64 65
26 27
164 179
121 122
152 153
85 100
57 72
123 124
