nnodes nedges type
225 420 graph
nodename posx posy weight
0 0 0 2302
1 1 0 3307
2 2 0 4187
3 3 0 3565
4 4 0 3392
5 5 0 1362
6 6 0 4852
7 7 0 1596
8 8 0 2489
9 9 0 2083
10 10 0 1184
11 11 0 1693
12 12 0 4825
13 13 0 2760
14 14 0 1425
15 0 1 2197
16 1 1 2475
17 2 1 3704
18 3 1 2435
19 4 1 1789
20 5 1 2803
21 6 1 3211
22 7 1 1255
23 8 1 1091
24 9 1 2378
25 10 1 3017
26 11 1 2834
27 12 1 3895
28 13 1 3095
29 14 1 1771
30 0 2 4066
31 1 2 2233
32 2 2 4327
33 3 2 2554
34 4 2 1190
35 5 2 3450
36 6 2 2859
37 7 2 1158
38 8 2 2165
39 9 2 3817
40 10 2 1219
41 11 2 1975
42 12 2 3511
43 13 2 3144
44 14 2 2810
45 0 3 2634
46 1 3 4353
47 2 3 4533
48 3 3 3813
49 4 3 3328
50 5 3 1974
51 6 3 4016
52 7 3 2241
53 8 3 1006
54 9 3 3764
55 10 3 4465
56 11 3 4840
57 12 3 2167
58 13 3 1421
59 14 3 3705
60 0 4 3446
61 1 4 2372
62 2 4 4593
63 3 4 2752
64 4 4 2286
65 5 4 3943
66 6 4 1722
67 7 4 4691
68 8 4 1683
69 9 4 1350
70 10 4 2304
71 11 4 2400
72 12 4 4015
73 13 4 4897
74 14 4 1254
75 0 5 2902
76 1 5 2327
77 2 5 1720
78 3 5 3508
79 4 5 4377
80 5 5 1238
81 6 5 3978
82 7 5 1816
83 8 5 1776
84 9 5 2392
85 10 5 4335
86 11 5 3214
87 12 5 1199
88 13 5 4712
89 14 5 4953
90 0 6 2776
91 1 6 1427
92 2 6 1478
93 3 6 3829
94 4 6 4154
95 5 6 3861
96 6 6 3557
97 7 6 1104
98 8 6 2427
99 9 6 3981
100 10 6 3172
101 11 6 4130
102 12 6 4328
103 13 6 3041
104 14 6 1906
105 0 7 2904
106 1 7 4925
107 2 7 1032
108 3 7 3239
109 4 7 3669
110 5 7 4644
111 6 7 4367
112 7 7 3292
113 8 7 1433
114 9 7 4528
115 10 7 4924
116 11 7 3900
117 12 7 4590
118 13 7 3675
119 14 7 1148
120 0 8 2667
121 1 8 2392
122 2 8 4620
123 3 8 1807
124 4 8 1763
125 5 8 1011
126 6 8 2906
127 7 8 4129
128 8 8 3211
129 9 8 3506
130 10 8 3331
131 11 8 4946
132 12 8 1905
133 13 8 1111
134 14 8 3611
135 0 9 3843
136 1 9 1907
137 2 9 2010
138 3 9 4758
139 4 9 4305
140 5 9 2550
141 6 9 1170
142 7 9 4805
143 8 9 2694
144 9 9 2667
145 10 9 2856
146 11 9 3440
147 12 9 3866
148 13 9 4280
149 14 9 3990
150 0 10 4575
151 1 10 1305
152 2 10 3713
153 3 10 2982
154 4 10 4381
155 5 10 1408
156 6 10 1630
157 7 10 2829
158 8 10 4674
159 9 10 3021
160 10 10 4806
161 11 10 2223
162 12 10 4938
163 13 10 1009
164 14 10 3153
165 0 11 3124
166 1 11 3832
167 2 11 1331
168 3 11 3087
169 4 11 2091
170 5 11 4169
171 6 11 3095
172 7 11 2342
173 8 11 3461
174 9 11 2459
175 10 11 4626
176 11 11 1664
177 12 11 1532
178 13 11 3243
179 14 11 3377
180 0 12 3313
181 1 12 1841
182 2 12 4073
183 3 12 4009
184 4 12 1714
185 5 12 3159
186 6 12 3282
187 7 12 3270
188 8 12 2608
189 9 12 1015
190 10 12 4741
191 11 12 4788
192 12 12 2152
193 13 12 2312
194 14 12 4959
195 0 13 4679
196 1 13 1950
197 2 13 1187
198 3 13 2944
199 4 13 4192
200 5 13 1640
201 6 13 3523
202 7 13 1628
203 8 13 4038
204 9 13 1240
205 10 13 2748
206 11 13 2874
207 12 13 3963
208 13 13 3661
209 14 13 3237
210 0 14 2152
211 1 14 1923
212 2 14 2640
213 3 14 1560
214 4 14 4040
215 5 14 1085
216 6 14 2167
217 7 14 3463
218 8 14 2241
219 9 14 1453
220 10 14 1871
221 11 14 4718
222 12 14 3213
223 13 14 4381
224 14 14 2912
endpoint1 endpoint2
172 187
204 219
125 126
156 157
198 213
29 44
61 76
18 19
222 223
113 114
144 145
15 30
207 222
122 137
201 216
4 5
105 106
205 220
142 143
7 22
199 214
55 56
107 108
130 145
33 34
52 67
116 131
109 110
181 182
161 176
42 57
74 89
58 59
198 199
192 207
20 21
99 114
103 104
145 160
177 192
201 202
11 26
203 218
50 51
190 191
139 140
96 111
205 206
47 62
138 153
5 20
50 65
190 205
42 43
182 183
40 55
72 87
36 37
214 215
174 175
39 54
162 177
153 154
163 178
167 168
28 43
152 167
157 158
31 46
63 78
151 166
14 29
145 146
67 82
89 104
121 136
3 4
71 72
143 144
146 161
195 196
138 139
140 155
5 6
6 21
93 108
125 140
119 134
129 130
37 52
169 184
68 69
173 188
19 20
87 88
211 212
97 98
192 193
154 155
16 31
208 223
21 22
106 121
185 186
189 190
123 138
110 111
146 147
127 128
46 61
98 113
96 97
177 178
6 7
122 123
4 19
128 143
52 53
84 85
186 201
35 36
37 38
38 53
169 170
43 58
114 115
183 184
180 195
173 174
111 126
19 34
30 45
82 97
22 23
106 107
104 119
8 9
103 118
65 66
48 63
12 13
1 16
181 196
219 220
60 75
124 139
95 110
118 133
78 93
38 39
90 91
160 175
36 51
175 190
24 25
216 217
133 148
168 183
200 215
28 29
220 221
70 85
30 31
82 83
167 182
16 17
208 209
148 163
79 94
51 66
101 116
9 24
159 174
191 206
13 28
2 3
71 86
51 52
142 157
128 129
53 54
33 48
131 146
135 136
133 134
134 149
70 71
68 83
116 117
26 41
56 57
99 100
60 61
101 102
17 32
49 64
196 197
9 10
75 90
62 63
151 152
11 12
203 204
48 49
13 14
69 84
114 129
62 77
54 55
86 87
100 101
40 41
72 73
34 35
223 224
174 189
160 161
112 127
76 77
180 181
212 213
25 26
27 28
163 164
24 39
92 107
166 181
171 186
23 38
17 18
15 16
67 68
158 173
207 208
150 151
12 27
136 151
69 70
193 194
176 191
129 144
41 56
188 203
182 197
45 60
66 67
206 207
83 84
194 209
25 40
166 167
218 219
80 95
85 86
97 112
57 58
21 36
153 168
185 200
61 62
157 172
189 204
158 159
210 211
55 70
110 125
49 50
0 15
143 158
58 73
120 121
179 194
137 152
47 48
124 125
132 133
81 96
113 128
102 117
41 42
107 122
141 156
126 127
130 131
135 150
43 44
112 113
161 162
45 46
170 185
202 217
83 98
94 109
118 119
22 37
27 42
59 74
31 32
63 64
186 187
196 211
108 109
148 149
65 80
154 169
184 185
53 68
91 92
56 71
120 135
93 94
188 189
127 142
137 138
139 154
178 179
81 82
176 177
102 103
32 47
100 115
141 142
88 89
197 212
178 193
170 171
202 203
44 59
76 91
92 93
168 169
200 201
94 95
162 163
80 81
20 35
172 173
204 205
73 88
155 156
156 171
77 92
115 116
2 17
0 1
117 118
3 18
195 210
7 8
131 132
199 200
197 198
64 79
90 105
165 180
111 112
73 74
23 24
75 76
147 148
215 216
144 159
77 78
213 214
10 25
149 164
187 188
126 141
86 101
91 106
46 47
98 99
183 198
95 96
34 49
32 33
132 147
35 50
117 132
39 40
175 176
88 103
165 166
209 224
87 102
171 172
147 162
79 80
18 33
10 11
8 23
108 123
150 165
136 137
155 170
187 202
159 160
191 192
1 2
84 99
140 141
193 208
217 218
115 130
105 120
184 199
221 222
54 69
109 124
78 79
66 81
206 221
64 65
26 27
164 179
121 122
152 153
85 100
57 72
123 124
