nnodes nedges type
225 420 graph
nodename posx posy weight
0 0 0 3269
1 1 0 1345
2 2 0 1759
3 3 0 4176
4 4 0 2661
5 5 0 3945
6 6 0 1049
7 7 0 1183
8 8 0 4927
9 9 0 4540
10 10 0 1033
11 11 0 4530
12 12 0 4640
13 13 0 1451
14 14 0 4350
15 0 1 4491
16 1 1 1358
17 2 1 4116
18 3 1 4729
19 4 1 4675
20 5 1 1570
21 6 1 1861
22 7 1 4642
23 8 1 3591
24 9 1 3589
25 10 1 2656
26 11 1 4030
27 12 1 4198
28 13 1 4757
29 14 1 3292
30 0 2 2294
31 1 2 4340
32 2 2 2537
33 3 2 3274
34 4 2 3479
35 5 2 4316
36 6 2 2947
37 7 2 2769
38 8 2 2834
39 9 2 3402
40 10 2 4371
41 11 2 2603
42 12 2 3310
43 13 2 2281
44 14 2 1527
45 0 3 4549
46 1 3 3755
47 2 3 1234
48 3 3 1265
49 4 3 1698
50 5 3 3302
51 6 3 3919
52 7 3 3672
53 8 3 1906
54 9 3 4199
55 10 3 1885
56 11 3 2463
57 12 3 3305
58 13 3 3532
59 14 3 2944
60 0 4 2850
61 1 4 1268
62 2 4 3613
63 3 4 4643
64 4 4 4756
65 5 4 4376
66 6 4 3303
67 7 4 1735
68 8 4 3951
69 9 4 2271
70 10 4 2304
71 11 4 3623
72 12 4 4873
73 13 4 4213
74 14 4 1114
75 0 5 1743
76 1 5 3095
77 2 5 4920
78 3 5 4228
79 4 5 1331
80 5 5 4162
81 6 5 4453
82 7 5 4475
83 8 5 4566
84 9 5 3734
85 10 5 4832
86 11 5 1196
87 12 5 2778
88 13 5 1359
89 14 5 3633
90 0 6 3331
91 1 6 3026
92 2 6 3393
93 3 6 1775
94 4 6 4203
95 5 6 4964
96 6 6 3786
97 7 6 2567
98 8 6 3526
99 9 6 4395
100 10 6 4707
101 11 6 2101
102 12 6 3161
103 13 6 2248
104 14 6 3825
105 0 7 2715
106 1 7 3499
107 2 7 2574
108 3 7 4600
109 4 7 2776
110 5 7 2392
111 6 7 3644
112 7 7 2453
113 8 7 2567
114 9 7 1665
115 10 7 2963
116 11 7 3755
117 12 7 2565
118 13 7 4500
119 14 7 4408
120 0 8 4675
121 1 8 4116
122 2 8 4865
123 3 8 3642
124 4 8 1023
125 5 8 3207
126 6 8 4707
127 7 8 2193
128 8 8 4384
129 9 8 2442
130 10 8 3848
131 11 8 1894
132 12 8 1834
133 13 8 1574
134 14 8 4183
135 0 9 1031
136 1 9 3261
137 2 9 4328
138 3 9 3976
139 4 9 1878
140 5 9 3135
141 6 9 1018
142 7 9 3811
143 8 9 3322
144 9 9 1797
145 10 9 2784
146 11 9 2381
147 12 9 1297
148 13 9 1389
149 14 9 1252
150 0 10 1000
151 1 10 4885
152 2 10 2983
153 3 10 1177
154 4 10 4997
155 5 10 4941
156 6 10 4955
157 7 10 1738
158 8 10 3693
159 9 10 2185
160 10 10 4684
161 11 10 3454
162 12 10 4295
163 13 10 1569
164 14 10 4037
165 0 11 2275
166 1 11 4328
167 2 11 4798
168 3 11 1853
169 4 11 3426
170 5 11 2383
171 6 11 2657
172 7 11 2309
173 8 11 2173
174 9 11 2497
175 10 11 2085
176 11 11 3553
177 12 11 4044
178 13 11 3609
179 14 11 3195
180 0 12 3936
181 1 12 2408
182 2 12 2240
183 3 12 4128
184 4 12 3932
185 5 12 4798
186 6 12 1083
187 7 12 4130
188 8 12 1281
189 9 12 1428
190 10 12 3797
191 11 12 4473
192 12 12 4949
193 13 12 1321
194 14 12 4834
195 0 13 4825
196 1 13 1360
197 2 13 3426
198 3 13 4974
199 4 13 1469
200 5 13 2951
201 6 13 1167
202 7 13 1173
203 8 13 2549
204 9 13 2375
205 10 13 3495
206 11 13 3050
207 12 13 2966
208 13 13 2713
209 14 13 1619
210 0 14 1407
211 1 14 2245
212 2 14 2606
213 3 14 2843
214 4 14 4718
215 5 14 1683
216 6 14 3860
217 7 14 3387
218 8 14 3769
219 9 14 3973
220 10 14 3760
221 11 14 3838
222 12 14 2393
223 13 14 2051
224 14 14 3383
endpoint1 endpoint2
172 187
204 219
125 126
156 157
198 213
29 44
61 76
18 19
222 223
113 114
144 145
15 30
207 222
122 137
201 216
4 5
105 106
205 220
142 143
7 22
199 214
55 56
107 108
130 145
33 34
52 67
116 131
109 110
181 182
161 176
42 57
74 89
58 59
198 199
192 207
20 21
99 114
103 104
145 160
177 192
201 202
11 26
203 218
50 51
190 191
139 140
96 111
205 206
47 62
138 153
5 20
50 65
190 205
42 43
182 183
40 55
72 87
36 37
214 215
174 175
39 54
162 177
153 154
163 178
167 168
28 43
152 167
157 158
31 46
63 78
151 166
14 29
145 146
67 82
89 104
121 136
3 4
71 72
143 144
146 161
195 196
138 139
140 155
5 6
6 21
93 108
125 140
119 134
129 130
37 52
169 184
68 69
173 188
19 20
87 88
211 212
97 98
192 193
154 155
16 31
208 223
21 22
106 121
185 186
189 190
123 138
110 111
146 147
127 128
46 61
98 113
96 97
177 178
6 7
122 123
4 19
128 143
52 53
84 85
186 201
35 36
37 38
38 53
169 170
43 58
114 115
183 184
180 195
173 174
111 126
19 34
30 45
82 97
22 23
106 107
104 119
8 9
103 118
65 66
48 63
12 13
1 16
181 196
219 220
60 75
124 139
95 110
118 133
78 93
38 39
90 91
160 175
36 51
175 190
24 25
216 217
133 148
168 183
200 215
28 29
220 221
70 85
30 31
82 83
167 182
16 17
208 209
148 163
79 94
51 66
101 116
9 24
159 174
191 206
13 28
2 3
71 86
51 52
142 157
128 129
53 54
33 48
131 146
135 136
133 134
134 149
70 71
68 83
116 117
26 41
56 57
99 100
60 61
101 102
17 32
49 64
196 197
9 10
75 90
62 63
151 152
11 12
203 204
48 49
13 14
69 84
114 129
62 77
54 55
86 87
100 101
40 41
72 73
34 35
223 224
174 189
160 161
112 127
76 77
180 181
212 213
25 26
27 28
163 164
24 39
92 107
166 181
171 186
23 38
17 18
15 16
67 68
158 173
207 208
150 151
12 27
136 151
69 70
193 194
176 191
129 144
41 56
188 203
182 197
45 60
66 67
206 207
83 84
194 209
25 40
166 167
218 219
80 95
85 86
97 112
57 58
21 36
153 168
185 200
61 62
157 172
189 204
158 159
210 211
55 70
110 125
49 50
0 15
143 158
58 73
120 121
179 194
137 152
47 48
124 125
132 133
81 96
113 128
102 117
41 42
107 122
141 156
126 127
130 131
135 150
43 44
112 113
161 162
45 46
170 185
202 217
83 98
94 109
118 119
22 37
27 42
59 74
31 32
63 64
186 187
196 211
108 109
148 149
65 80
154 169
184 185
53 68
91 92
56 71
120 135
93 94
188 189
127 142
137 138
139 154
178 179
81 82
176 177
102 103
32 47
100 115
141 142
88 89
197 212
178 193
170 171
202 203
44 59
76 91
92 93
168 169
200 201
94 95
162 163
80 81
20 35
172 173
204 205
73 88
155 156
156 171
77 92
115 116
2 17
0 1
117 118
3 18
195 210
7 8
131 132
199 200
197 198
64 79
90 105
165 180
111 112
73 74
23 24
75 76
147 148
215 216
144 159
77 78
213 214
10 25
149 164
187 188
126 141
86 101
91 106
46 47
98 99
183 198
95 96
34 49
32 33
132 147
35 50
117 132
39 40
175 176
88 103
165 166
209 224
87 102
171 172
147 162
79 80
18 33
10 11
8 23
108 123
150 165
136 137
155 170
187 202
159 160
191 192
1 2
84 99
140 141
193 208
217 218
115 130
105 120
184 199
221 222
54 69
109 124
78 79
66 81
206 221
64 65
26 27
164 179
121 122
152 153
85 100
57 72
123 124
