nnodes nedges type
225 420 graph
nodename posx posy weight
0 0 0 4229
1 1 0 4755
2 2 0 2142
3 3 0 1205
4 4 0 3134
5 5 0 1292
6 6 0 4008
7 7 0 3228
8 8 0 3673
9 9 0 2453
10 10 0 2069
11 11 0 3928
12 12 0 4267
13 13 0 1124
14 14 0 2472
15 0 1 1264
16 1 1 3119
17 2 1 1131
18 3 1 3017
19 4 1 4796
20 5 1 4945
21 6 1 3530
22 7 1 2814
23 8 1 1435
24 9 1 3386
25 10 1 2792
26 11 1 4116
27 12 1 2251
28 13 1 2227
29 14 1 4316
30 0 2 2386
31 1 2 1460
32 2 2 2920
33 3 2 2545
34 4 2 3779
35 5 2 1692
36 6 2 2401
37 7 2 4874
38 8 2 3306
39 9 2 3447
40 10 2 4858
41 11 2 3035
42 12 2 3238
43 13 2 4015
44 14 2 3379
45 0 3 1816
46 1 3 1452
47 2 3 2184
48 3 3 4232
49 4 3 4544
50 5 3 4321
51 6 3 2658
52 7 3 3391
53 8 3 3301
54 9 3 2818
55 10 3 4908
56 11 3 1177
57 12 3 1112
58 13 3 1222
59 14 3 1945
60 0 4 2113
61 1 4 4359
62 2 4 3059
63 3 4 2946
64 4 4 3421
65 5 4 2348
66 6 4 1500
67 7 4 4700
68 8 4 2053
69 9 4 2075
70 10 4 2003
71 11 4 3408
72 12 4 3696
73 13 4 1149
74 14 4 3732
75 0 5 4112
76 1 5 1240
77 2 5 2299
78 3 5 1637
79 4 5 1249
80 5 5 2449
81 6 5 2704
82 7 5 1513
83 8 5 2569
84 9 5 1976
85 10 5 1573
86 11 5 3467
87 12 5 1795
88 13 5 4669
89 14 5 3548
90 0 6 4425
91 1 6 2743
92 2 6 2119
93 3 6 3073
94 4 6 4822
95 5 6 4143
96 6 6 3413
97 7 6 4902
98 8 6 1379
99 9 6 2751
100 10 6 3826
101 11 6 4083
102 12 6 1062
103 13 6 1696
104 14 6 1002
105 0 7 3623
106 1 7 1351
107 2 7 3740
108 3 7 4949
109 4 7 4438
110 5 7 4285
111 6 7 3692
112 7 7 4429
113 8 7 2761
114 9 7 3264
115 10 7 3005
116 11 7 4849
117 12 7 4365
118 13 7 4414
119 14 7 1215
120 0 8 4794
121 1 8 3438
122 2 8 4545
123 3 8 1012
124 4 8 1512
125 5 8 3683
126 6 8 4220
127 7 8 4905
128 8 8 4836
129 9 8 1759
130 10 8 2369
131 11 8 1889
132 12 8 4151
133 13 8 3357
134 14 8 3023
135 0 9 4660
136 1 9 3643
137 2 9 2657
138 3 9 2823
139 4 9 4665
140 5 9 3015
141 6 9 1265
142 7 9 1094
143 8 9 2289
144 9 9 1703
145 10 9 1953
146 11 9 3032
147 12 9 1667
148 13 9 2219
149 14 9 2285
150 0 10 1850
151 1 10 1564
152 2 10 4846
153 3 10 4585
154 4 10 3289
155 5 10 4320
156 6 10 3001
157 7 10 4065
158 8 10 3594
159 9 10 2261
160 10 10 3963
161 11 10 2584
162 12 10 1488
163 13 10 1477
164 14 10 4843
165 0 11 1311
166 1 11 1500
167 2 11 2422
168 3 11 4817
169 4 11 1068
170 5 11 4989
171 6 11 4240
172 7 11 3131
173 8 11 1370
174 9 11 1308
175 10 11 1315
176 11 11 1464
177 12 11 3384
178 13 11 2800
179 14 11 2738
180 0 12 3586
181 1 12 1832
182 2 12 4655
183 3 12 4778
184 4 12 4820
185 5 12 4252
186 6 12 2266
187 7 12 2175
188 8 12 3130
189 9 12 4507
190 10 12 1209
191 11 12 4203
192 12 12 4573
193 13 12 3986
194 14 12 1968
195 0 13 4838
196 1 13 4276
197 2 13 4438
198 3 13 1342
199 4 13 1045
200 5 13 2699
201 6 13 2262
202 7 13 1940
203 8 13 3338
204 9 13 4477
205 10 13 3301
206 11 13 4585
207 12 13 4651
208 13 13 2863
209 14 13 3595
210 0 14 1855
211 1 14 2920
212 2 14 1621
213 3 14 1418
214 4 14 3016
215 5 14 2827
216 6 14 3223
217 7 14 3321
218 8 14 1443
219 9 14 3144
220 10 14 3517
221 11 14 3559
222 12 14 2344
223 13 14 3759
224 14 14 4568
endpoint1 endpoint2
172 187
204 219
125 126
156 157
198 213
29 44
61 76
18 19
222 223
113 114
144 145
15 30
207 222
122 137
201 216
4 5
105 106
205 220
142 143
7 22
199 214
55 56
107 108
130 145
33 34
52 67
116 131
109 110
181 182
161 176
42 57
74 89
58 59
198 199
192 207
20 21
99 114
103 104
145 160
177 192
201 202
11 26
203 218
50 51
190 191
139 140
96 111
205 206
47 62
138 153
5 20
50 65
190 205
42 43
182 183
40 55
72 87
36 37
214 215
174 175
39 54
162 177
153 154
163 178
167 168
28 43
152 167
157 158
31 46
63 78
151 166
14 29
145 146
67 82
89 104
121 136
3 4
71 72
143 144
146 161
195 196
138 139
140 155
5 6
6 21
93 108
125 140
119 134
129 130
37 52
169 184
68 69
173 188
19 20
87 88
211 212
97 98
192 193
154 155
16 31
208 223
21 22
106 121
185 186
189 190
123 138
110 111
146 147
127 128
46 61
98 113
96 97
177 178
6 7
122 123
4 19
128 143
52 53
84 85
186 201
35 36
37 38
38 53
169 170
43 58
114 115
183 184
180 195
173 174
111 126
19 34
30 45
82 97
22 23
106 107
104 119
8 9
103 118
65 66
48 63
12 13
1 16
181 196
219 220
60 75
124 139
95 110
118 133
78 93
38 39
90 91
160 175
36 51
175 190
24 25
216 217
133 148
168 183
200 215
28 29
220 221
70 85
30 31
82 83
167 182
16 17
208 209
148 163
79 94
51 66
101 116
9 24
159 174
191 206
13 28
2 3
71 86
51 52
142 157
128 129
53 54
33 48
131 146
135 136
133 134
134 149
70 71
68 83
116 117
26 41
56 57
99 100
60 61
101 102
17 32
49 64
196 197
9 10
75 90
62 63
151 152
11 12
203 204
48 49
13 14
69 84
114 129
62 77
54 55
86 87
100 101
40 41
72 73
34 35
223 224
174 189
160 161
112 127
76 77
180 181
212 213
25 26
27 28
163 164
24 39
92 107
166 181
171 186
23 38
17 18
15 16
67 68
158 173
207 208
150 151
12 27
136 151
69 70
193 194
176 191
129 144
41 56
188 203
182 197
45 60
66 67
206 207
83 84
194 209
25 40
166 167
218 219
80 95
85 86
97 112
57 58
21 36
153 168
185 200
61 62
157 172
189 204
158 159
210 211
55 70
110 125
49 50
0 15
143 158
58 73
120 121
179 194
137 152
47 48
124 125
132 133
81 96
113 128
102 117
41 42
107 122
141 156
126 127
130 131
135 150
43 44
112 113
161 162
45 46
170 185
202 217
83 98
94 109
118 119
22 37
27 42
59 74
31 32
63 64
186 187
196 211
108 109
148 149
65 80
154 169
184 185
53 68
91 92
56 71
120 135
93 94
188 189
127 142
137 138
139 154
178 179
81 82
176 177
102 103
32 47
100 115
141 142
88 89
197 212
178 193
170 171
202 203
44 59
76 91
92 93
168 169
200 201
94 95
162 163
80 81
20 35
172 173
204 205
73 88
155 156
156 171
77 92
115 116
2 17
0 1
117 118
3 18
195 210
7 8
131 132
199 200
197 198
64 79
90 105
165 180
111 112
73 74
23 24
75 76
147 148
215 216
144 159
77 78
213 214
10 25
149 164
187 188
126 141
86 101
91 106
46 47
98 99
183 198
95 96
34 49
32 33
132 147
35 50
117 132
39 40
175 176
88 103
165 166
209 224
87 102
171 172
147 162
79 80
18 33
10 11
8 23
108 123
150 165
136 137
155 170
187 202
159 160
191 192
1 2
84 99
140 141
193 208
217 218
115 130
105 120
184 199
221 222
54 69
109 124
78 79
66 81
206 221
64 65
26 27
164 179
121 122
152 153
85 100
57 72
123 124
