nnodes nedges type
225 420 graph
nodename posx posy weight
0 0 0 4657
1 1 0 3586
2 2 0 3835
3 3 0 1568
4 4 0 4115
5 5 0 3065
6 6 0 1952
7 7 0 3070
8 8 0 2959
9 9 0 1698
10 10 0 4452
11 11 0 3312
12 12 0 2194
13 13 0 4573
14 14 0 4409
15 0 1 2643
16 1 1 1902
17 2 1 2539
18 3 1 3415
19 4 1 3737
20 5 1 4890
21 6 1 2865
22 7 1 1257
23 8 1 3819
24 9 1 1990
25 10 1 2436
26 11 1 1542
27 12 1 3894
28 13 1 2393
29 14 1 2270
30 0 2 2519
31 1 2 3627
32 2 2 4321
33 3 2 3602
34 4 2 2501
35 5 2 3952
36 6 2 1590
37 7 2 1035
38 8 2 2893
39 9 2 3068
40 10 2 3561
41 11 2 1190
42 12 2 4461
43 13 2 1751
44 14 2 3986
45 0 3 4814
46 1 3 2737
47 2 3 4373
48 3 3 4842
49 4 3 1503
50 5 3 4663
51 6 3 1532
52 7 3 1406
53 8 3 3431
54 9 3 2688
55 10 3 2058
56 11 3 4071
57 12 3 2022
58 13 3 1951
59 14 3 1205
60 0 4 3570
61 1 4 1136
62 2 4 2455
63 3 4 2930
64 4 4 4360
65 5 4 4976
66 6 4 1026
67 7 4 3741
68 8 4 1391
69 9 4 1832
70 10 4 2330
71 11 4 3080
72 12 4 3351
73 13 4 3209
74 14 4 2492
75 0 5 2943
76 1 5 1842
77 2 5 4520
78 3 5 3506
79 4 5 4462
80 5 5 4613
81 6 5 4300
82 7 5 4783
83 8 5 1058
84 9 5 4307
85 10 5 3450
86 11 5 2336
87 12 5 2676
88 13 5 4090
89 14 5 3402
90 0 6 3150
91 1 6 3172
92 2 6 4173
93 3 6 4093
94 4 6 2110
95 5 6 2251
96 6 6 3041
97 7 6 2656
98 8 6 4492
99 9 6 1674
100 10 6 4866
101 11 6 4149
102 12 6 1301
103 13 6 4350
104 14 6 2867
105 0 7 3001
106 1 7 1765
107 2 7 4280
108 3 7 3978
109 4 7 1817
110 5 7 4379
111 6 7 1611
112 7 7 1782
113 8 7 4566
114 9 7 4153
115 10 7 1687
116 11 7 2529
117 12 7 4629
118 13 7 1677
119 14 7 2865
120 0 8 4731
121 1 8 2696
122 2 8 3503
123 3 8 2481
124 4 8 1566
125 5 8 2533
126 6 8 4631
127 7 8 1671
128 8 8 2787
129 9 8 1698
130 10 8 2697
131 11 8 4523
132 12 8 3139
133 13 8 1846
134 14 8 3139
135 0 9 3572
136 1 9 2089
137 2 9 3393
138 3 9 4067
139 4 9 1894
140 5 9 2667
141 6 9 4107
142 7 9 2259
143 8 9 4799
144 9 9 1050
145 10 9 1236
146 11 9 2547
147 12 9 3501
148 13 9 3268
149 14 9 1147
150 0 10 4128
151 1 10 4844
152 2 10 2870
153 3 10 4184
154 4 10 3638
155 5 10 4215
156 6 10 1895
157 7 10 2434
158 8 10 3769
159 9 10 4474
160 10 10 3560
161 11 10 1078
162 12 10 4028
163 13 10 3005
164 14 10 4951
165 0 11 2615
166 1 11 2753
167 2 11 2844
168 3 11 4891
169 4 11 3386
170 5 11 4696
171 6 11 2640
172 7 11 3798
173 8 11 2844
174 9 11 2321
175 10 11 4348
176 11 11 4474
177 12 11 3206
178 13 11 4246
179 14 11 3121
180 0 12 2591
181 1 12 4952
182 2 12 3464
183 3 12 3155
184 4 12 2785
185 5 12 3787
186 6 12 3458
187 7 12 4417
188 8 12 3623
189 9 12 4793
190 10 12 4259
191 11 12 3538
192 12 12 1091
193 13 12 3731
194 14 12 1870
195 0 13 1315
196 1 13 2565
197 2 13 3642
198 3 13 1488
199 4 13 3854
200 5 13 2481
201 6 13 1491
202 7 13 1313
203 8 13 1007
204 9 13 3744
205 10 13 1473
206 11 13 2748
207 12 13 3133
208 13 13 2647
209 14 13 3255
210 0 14 2248
211 1 14 2825
212 2 14 1178
213 3 14 1256
214 4 14 4052
215 5 14 1807
216 6 14 2211
217 7 14 4857
218 8 14 1731
219 9 14 1139
220 10 14 1971
221 11 14 3312
222 12 14 2092
223 13 14 3693
224 14 14 2198
endpoint1 endpoint2
172 187
204 219
125 126
156 157
198 213
29 44
61 76
18 19
222 223
113 114
144 145
15 30
207 222
122 137
201 216
4 5
105 106
205 220
142 143
7 22
199 214
55 56
107 108
130 145
33 34
52 67
116 131
109 110
181 182
161 176
42 57
74 89
58 59
198 199
192 207
20 21
99 114
103 104
145 160
177 192
201 202
11 26
203 218
50 51
190 191
139 140
96 111
205 206
47 62
138 153
5 20
50 65
190 205
42 43
182 183
40 55
72 87
36 37
214 215
174 175
39 54
162 177
153 154
163 178
167 168
28 43
152 167
157 158
31 46
63 78
151 166
14 29
145 146
67 82
89 104
121 136
3 4
71 72
143 144
146 161
195 196
138 139
140 155
5 6
6 21
93 108
125 140
119 134
129 130
37 52
169 184
68 69
173 188
19 20
87 88
211 212
97 98
192 193
154 155
16 31
208 223
21 22
106 121
185 186
189 190
123 138
110 111
146 147
127 128
46 61
98 113
96 97
177 178
6 7
122 123
4 19
128 143
52 53
84 85
186 201
35 36
37 38
38 53
169 170
43 58
114 115
183 184
180 195
173 174
111 126
19 34
30 45
82 97
22 23
106 107
104 119
8 9
103 118
65 66
48 63
12 13
1 16
181 196
219 220
60 75
124 139
95 110
118 133
78 93
38 39
90 91
160 175
36 51
175 190
24 25
216 217
133 148
168 183
200 215
28 29
220 221
70 85
30 31
82 83
167 182
16 17
208 209
148 163
79 94
51 66
101 116
9 24
159 174
191 206
13 28
2 3
71 86
51 52
142 157
128 129
53 54
33 48
131 146
135 136
133 134
134 149
70 71
68 83
116 117
26 41
56 57
99 100
60 61
101 102
17 32
49 64
196 197
9 10
75 90
62 63
151 152
11 12
203 204
48 49
13 14
69 84
114 129
62 77
54 55
86 87
100 101
40 41
72 73
34 35
223 224
174 189
160 161
112 127
76 77
180 181
212 213
25 26
27 28
163 164
24 39
92 107
166 181
171 186
23 38
17 18
15 16
67 68
158 173
207 208
150 151
12 27
136 151
69 70
193 194
176 191
129 144
41 56
188 203
182 197
45 60
66 67
206 207
83 84
194 209
25 40
166 167
218 219
80 95
85 86
97 112
57 58
21 36
153 168
185 200
61 62
157 172
189 204
158 159
210 211
55 70
110 125
49 50
0 15
143 158
58 73
120 121
179 194
137 152
47 48
124 125
132 133
81 96
113 128
102 117
41 42
107 122
141 156
126 127
130 131
135 150
43 44
112 113
161 162
45 46
170 185
202 217
83 98
94 109
118 119
22 37
27 42
59 74
31 32
63 64
186 187
196 211
108 109
148 149
65 80
154 169
184 185
53 68
91 92
56 71
120 135
93 94
188 189
127 142
137 138
139 154
178 179
81 82
176 177
102 103
32 47
100 115
141 142
88 89
197 212
178 193
170 171
202 203
44 59
76 91
92 93
168 169
200 201
94 95
162 163
80 81
20 35
172 173
204 205
73 88
155 156
156 171
77 92
115 116
2 17
0 1
117 118
3 18
195 210
7 8
131 132
199 200
197 198
64 79
90 105
165 180
111 112
73 74
23 24
75 76
147 148
215 216
144 159
77 78
213 214
10 25
149 164
187 188
126 141
86 101
91 106
46 47
98 99
183 198
95 96
34 49
32 33
132 147
35 50
117 132
39 40
175 176
88 103
165 166
209 224
87 102
171 172
147 162
79 80
18 33
10 11
8 23
108 123
150 165
136 137
155 170
187 202
159 160
191 192
1 2
84 99
140 141
193 208
217 218
115 130
105 120
184 199
221 222
54 69
109 124
78 79
66 81
206 221
64 65
26 27
164 179
121 122
152 153
85 100
57 72
123 124
