nnodes nedges type
300 1000 graph
nodename posx posy weight
0 -10.824347166379317 -11.93550337475813 3
1 -12.1115473590316 -14.55919187159663 51
2 -15.113255906143728 -12.292103198804208 98
3 -14.849997733667118 -10.554888924663075 66
4 -13.708883796039752 -15.453567643099703 75
5 -12.88297517644275 -11.771522643654066 25
6 -14.824351183248332 -11.34523139681523 45
7 -12.915772635336468 -15.20533233096039 80
8 -12.714066394883185 -12.060768410313422 38
9 -11.242245457716347 -13.02492432582474 46
10 -11.372609378228605 -12.107644870078472 100
11 -12.521309805139369 -10.184312817280274 61
12 -10.678909426872746 -12.086172256650755 98
13 -13.680010672359952 -12.480432115457628 84
14 -13.42506624721505 -14.320260367458669 65
15 -14.969470605774811 -11.61125673748564 88
16 -12.790224561392453 -14.030776081109797 3
17 -10.893262355298798 -13.791492253779705 5
18 -15.471862874045756 -13.044531764340883 92
19 -15.059190449003298 -12.746449109519535 60
20 -10.990425405642426 -11.368658361249055 82
21 -11.199240600146661 -12.23309364308306 46
22 -13.96545454820591 -12.410355350104469 44
23 -11.786604563820369 -12.714842477643378 81
24 -13.63585899887965 -14.115834337764388 89
25 -13.432570756235863 -13.259765204084724 23
26 -13.247667088403297 -12.790438771890031 57
27 -11.272771320642107 -10.678341702555 77
28 -11.942324303401845 -13.754222339324333 39
29 -10.919908372077789 -11.176624208400206 37
30 -14.849332424657248 -13.156548132657603 76
31 -11.46549383271229 -12.453804156406838 33
32 -11.295896915079595 -12.68413777004401 24
33 -12.642598861457149 -15.002328045185156 35
34 -11.32770113270981 -14.063625659598815 53
35 -14.259258810739894 -12.04221037431215 8
36 -13.100650761427147 -11.334995024443113 24
37 -14.450668012335925 -14.325895897173831 11
38 -12.814501735843507 -12.85501021306458 86
39 -13.095063808686527 -14.90215905369595 24
40 -13.766429373686014 -10.197763440528098 59
41 -11.656465848564913 -11.18233448634557 16
42 -13.909438169902238 -13.285576865781643 90
43 -14.788638684548058 -14.287271027525598 40
44 -13.384981955034798 -14.632416874389193 24
45 -13.281820360187762 -10.762373375853848 95
46 -14.687330398758588 -12.80909540175739 36
47 -14.775593373171901 -15.115352011772629 82
48 -13.887907755680349 -11.070909187203853 48
49 -13.075625576324232 -11.62186279384393 99
50 -11.87177589830869 -9.895716390520567 44
51 -10.599089570042512 -12.485594363333856 55
52 -12.03693689723596 -10.141960642160184 70
53 -11.589986430028535 -11.91073490515878 74
54 -12.98374159716737 -10.799540097098033 5
55 -13.545542086335516 -10.18752999053375 6
56 -13.411905417700012 -11.399224658192361 67
57 -12.650758482072414 -11.055052344574584 3
58 -13.197381342653328 -10.914146495724834 32
59 -9.515417602806403 -11.978604755505577 74
60 -13.929906851432968 -14.54085708473391 32
61 -12.108030106486549 -11.552500463163968 6
62 -15.489237273450687 -12.166075489730158 73
63 -13.06151746465849 -12.020202055947287 43
64 -13.424832116403222 -11.090614484758289 35
65 -10.431930073303622 -12.672222357163722 70
66 -12.089443724660676 -11.352876784860866 40
67 -14.499320027854163 -13.640373042522528 15
68 -13.264635247684568 -13.694213320000904 18
69 -13.709877064446488 -11.978588134300866 19
70 -11.6850369397262 -13.175607688437847 71
71 -13.922867634228703 -13.037094434651115 50
72 -13.150309096250707 -14.562055642982337 36
73 -10.854685241984905 -13.573926487358799 19
74 -11.513258280087857 -13.147756465030833 71
75 -10.470529697683054 -14.575732565095667 57
76 -11.775692640303605 -13.571003902680433 82
77 -11.350733005334988 -14.577508623019881 100
78 -12.288401105695636 -10.313558332491217 14
79 -10.745147648427531 -11.672528374168012 24
80 -14.265406802980852 -13.784478849248917 36
81 -12.322108193651383 -13.178069580147337 48
82 -12.598362282666118 -11.361559690892586 35
83 -10.277438687919645 -12.5005637347451 41
84 -11.510111723281566 -13.276247100920525 17
85 -11.28084452266809 -10.935547464234261 95
86 -13.207711035001491 -13.41225769463922 73
87 -15.966446886490989 -11.918528241291904 69
88 -11.98879064433479 -12.49989962535753 94
89 -14.168731378159292 -14.88464969455668 67
90 -12.945728374418463 -12.196252204466331 89
91 -14.918801680936381 -12.131349961946716 77
92 -12.113278427989153 -13.574862638978468 14
93 -14.532466673745018 -13.29839067385149 39
94 -11.473368327883904 -10.0723144022188 40
95 -11.542452531622144 -13.990254594698342 95
96 -14.205787400183919 -12.494920056628912 72
97 -10.346770041060209 -13.28556722183131 49
98 -13.733625993891394 -10.762243458612001 71
99 -14.168111727980854 -12.388944722254708 80
100 -14.269365816256801 -12.751285061997377 39
101 -13.760655534682567 -13.93794291668053 29
102 -14.503289290473308 -11.90713080220793 38
103 -13.96766059924891 -12.583145598575287 63
104 -14.489346349376378 -12.414859667353761 80
105 -14.189664989849813 -9.747947525982672 28
106 -12.822596052906443 -10.173189495705724 72
107 -13.645268572838763 -13.019793333048632 58
108 -9.911426322740217 -13.057515473037382 95
109 -12.656333094656173 -13.098101294749116 47
110 -11.595584206552656 -14.079416273552306 17
111 -13.52336938917291 -9.44818277446107 63
112 -11.74547004920101 -11.635984841795807 86
113 -12.968606193142303 -9.652536424125836 54
114 -13.960003433840031 -14.888333182548422 23
115 -14.529681598318318 -11.311964025634273 77
116 -11.968839627032185 -15.036773594746098 39
117 -13.046589701049337 -14.682930069609887 94
118 -13.461756634641585 -12.166282145781839 8
119 -10.983488669631555 -13.286126650961563 31
120 -11.410582832832292 -12.307790606548414 68
121 -11.008281382168706 -12.322024236000866 59
122 -11.031271998866302 -13.429595665613162 42
123 -9.998486691003462 -13.507105359909866 15
124 -13.166815364497399 -12.54424455693555 57
125 -11.527575044332973 -13.453947624082078 42
126 -13.348851009631481 -11.966184471043364 90
127 -15.019447188321333 -14.148635629306966 87
128 -15.061098823124647 -13.052305826184195 33
129 -12.190934005757283 -11.175187504069703 86
130 -10.247543348063497 -12.778191396785973 41
131 -11.234740485139113 -11.5362699062515 74
132 -13.129171326850186 -14.26698769046089 75
133 -12.274913819771683 -12.175028233635105 27
134 -11.824970070389877 -14.272937445789827 18
135 -10.892995200147393 -10.837878471437014 13
136 -16.14616881695089 -14.623161601811084 58
137 -13.509042269661075 -14.07770847620884 44
138 -13.36222482527025 -11.84765671885854 31
139 -14.262110162672467 -12.23448276214644 34
140 -10.47211347735466 -11.466041483749526 62
141 -13.763078993465077 -13.776200587597263 26
142 -12.428616157637798 -14.248224572462385 54
143 -12.304152797336892 -13.993009850485015 75
144 -11.199099264081427 -14.27404987599537 58
145 -11.908991216091005 -10.325655170267133 89
146 -14.203896350592807 -11.793878680431598 84
147 -12.465303981220238 -14.463334400363063 86
148 -12.698804138865361 -13.00890357409481 16
149 -15.181964312737326 -14.232967624884369 62
150 -14.138288751641955 -13.950046548430029 34
151 -11.653121364059079 -14.871873868080824 48
152 -11.554736803993437 -13.681295938862606 30
153 -11.305146292579602 -15.194940243753097 12
154 -11.694937611014021 -11.092038292438353 5
155 -14.806523019669882 -14.72415085745757 87
156 -14.18270138356018 -11.302319641247452 17
157 -12.584035730755364 -13.351410124890531 31
158 -11.005951186317981 -13.899993194200519 4
159 -13.17790616502962 -12.958563830764358 41
160 -13.530419397135779 -12.58745392864235 44
161 -12.066124759934235 -13.39768101495627 25
162 -14.390503165666868 -13.669861394936296 88
163 -14.069803343100007 -13.16800351615355 55
164 -14.485499956067999 -11.64280445992176 14
165 -11.822988463545075 -12.616251732072687 58
166 -12.535058200718623 -10.628488642512206 35
167 -12.219201359193546 -11.818803250785878 39
168 -11.453032465602497 -13.789236788864184 59
169 -12.802156690228465 -11.125164655258063 17
170 -10.834729250448154 -14.17840368334753 65
171 -10.990888597652514 -12.858222576825312 41
172 -13.871935129915192 -10.65709309097898 79
173 -13.0008703195423 -13.703724039043422 53
174 -14.26232837323356 -10.57843089622397 2
175 -14.774213343702549 -13.089736786380422 100
176 -11.037871620628597 -10.757014917821463 61
177 -11.086216055560866 -10.641343342268911 22
178 -10.869924070422742 -12.681767687067007 2
179 -12.155206849205989 -10.095344129702212 15
180 -13.134719520676715 -13.268378394887499 56
181 -12.742457364830853 -11.581623555732113 34
182 -11.028970162576611 -11.006566721275183 80
183 -12.47369007228999 -14.09126362353623 46
184 -14.991015879341086 -11.89570572341036 70
185 -11.704758660117067 -15.135106889088208 35
186 -9.584187621357497 -13.259333120206975 10
187 -12.839717063948187 -11.382115784186666 8
188 -11.557729085485889 -10.52983781808226 65
189 -12.7051970305233 -10.27956312852518 71
190 -10.46491595112052 -11.172130420695753 68
191 -10.180432397825522 -13.966601607187721 28
192 -13.366888192565561 -15.176830259608822 26
193 -14.397393944356761 -14.580109658668142 76
194 -12.267318949969997 -10.745949126155901 80
195 -12.633859900223179 -10.757828704770166 49
196 -13.329110478166495 -14.366655553704204 91
197 -10.80414007231627 -14.505376716539354 100
198 -14.958662484581962 -12.539164743581255 77
199 -12.498267397091018 -12.923181385978648 54
200 -13.567757400792773 -16.055563990743707 68
201 -12.471754881365916 -13.810732259084103 70
202 -11.826129626023418 -10.600244969337714 97
203 -11.505178262711407 -12.987222996420046 31
204 -13.738460826787085 -15.031926537278492 75
205 -11.682267862299243 -12.14687619862749 55
206 -11.992165099985826 -12.114496150345005 26
207 -13.917625930574204 -13.752988495494083 5
208 -14.224576324119372 -11.545144016475575 8
209 -11.340417771375858 -11.099911139418198 94
210 -12.831454437466299 -14.624047415266146 3
211 -12.771288628064854 -15.39367236193312 31
212 -10.795626074083362 -13.129516559137107 65
213 -12.090462737606735 -13.929901337811417 84
214 -13.841722481647617 -15.187631272396994 95
215 -13.151680426131199 -10.677999488819696 6
216 -13.009928097132128 -10.347432229636944 73
217 -14.595833758929553 -11.00433543741733 23
218 -11.940928443674027 -11.401282770803357 25
219 -9.98626933489736 -12.04795033828811 2
220 -15.534448463842915 -9.90553420603095 45
221 -12.62956813149467 -12.169676609055351 96
222 -11.219730583660239 -14.904093690667729 75
223 -10.414944657878308 -11.372981650054331 96
224 -15.386632876994428 -13.616167190353005 85
225 -12.547412954386138 -14.800483935418507 25
226 -13.417774946529288 -10.858700255405397 6
227 -11.897971998440953 -15.399686431625833 66
228 -11.594206303338375 -15.057587749736935 61
229 -13.808063804541508 -11.688686780309197 95
230 -11.284712218020898 -13.645168331720107 68
231 -14.341755358815034 -11.193875924142509 90
232 -12.644820070072402 -13.480824842939052 17
233 -9.785368441297079 -14.3539627245809 15
234 -11.589318422961897 -14.698616711544213 6
235 -12.609522513324457 -12.358014011239453 28
236 -12.939985841364047 -14.15832989401797 93
237 -15.067252306430023 -13.757290312336771 80
238 -11.730919815938204 -10.978950759621119 45
239 -13.013779339067645 -11.175117614346366 58
240 -13.953673230499833 -13.429355662794261 88
241 -14.687724402422608 -13.498116366140504 98
242 -11.36016627677594 -11.795116636368471 49
243 -12.871399024829618 -12.497387670741384 32
244 -10.84585117679243 -12.457923503538993 10
245 -12.272744141072685 -12.885989280527548 66
246 -14.06075953220216 -14.083649106460493 95
247 -12.29819145409752 -14.874169872056555 49
248 -11.043916374004771 -12.018146031895185 18
249 -10.903638760245164 -14.78548299214053 79
250 -13.620965555792672 -13.424172051381744 9
251 -15.493883049864753 -12.686292661160701 24
252 -14.141976188290595 -13.248249232975814 71
253 -14.736803899201226 -12.693178757572426 99
254 -14.108921476371691 -11.61559147049607 89
255 -12.633162936049986 -14.387712641910072 74
256 -10.972974215069971 -11.635618890249221 14
257 -13.335654383833484 -12.930549529951252 36
258 -10.382707946341736 -12.205736493536492 89
259 -11.68501256900189 -12.534607327076674 45
260 -11.818991909887938 -14.830248658234567 44
261 -14.644086438952318 -11.520342009642341 67
262 -12.09346530313813 -12.025560948724419 8
263 -13.456328892976622 -11.461403167753154 80
264 -15.470030275097029 -11.340930337197861 44
265 -10.437796490230909 -14.076956025835726 83
266 -10.464852706914025 -12.857455940561648 73
267 -11.349214325113032 -11.498344544990697 3
268 -12.170524322952543 -13.26827641418388 48
269 -13.88460817149635 -11.95095410677888 76
270 -12.12206516644324 -14.324445859074332 7
271 -12.83116959618724 -14.517296285364253 51
272 -14.634671528070466 -12.444342045158853 33
273 -10.391350666906085 -13.058890403689942 11
274 -10.176815240547507 -13.773052001735975 21
275 -13.781454651833235 -11.199550665921219 84
276 -14.196300626075498 -10.781156933938691 70
277 -13.745772999860241 -12.78798648501937 49
278 -12.873538023622833 -14.950547485233585 5
279 -10.00614894761593 -11.668563078035248 96
280 -13.959290176606212 -14.677217272274492 72
281 -12.964443203966297 -13.826832831354151 75
282 -10.239074732381102 -12.575417106028963 70
283 -12.418115666572053 -11.780591537447648 93
284 -12.072037409724157 -10.974869638791526 32
285 -10.11077145761485 -13.146539383156377 26
286 -13.504837666514236 -13.650307881592047 66
287 -12.001312458641895 -14.183024617984465 28
288 -12.665791412834503 -15.610264332407196 47
289 -13.233594477303093 -12.215412944940029 61
290 -10.555985097874686 -11.923214635048192 25
291 -12.412321706774549 -11.08292777943018 19
292 -10.417332952844324 -13.623740148286515 7
293 -13.838945238944124 -11.367824543643595 12
294 -12.41973702769505 -12.576254544895518 37
295 -10.43634800546562 -10.865851282767398 90
296 -12.02295521855107 -13.079252508582044 70
297 -14.522861938385327 -12.830391283236292 3
298 -12.166909898212552 -12.319212362574834 53
299 -14.663634162987835 -13.590335353463272 10
endpoint1 endpoint2
120 243
28 132
79 131
8 275
84 147
259 263
83 170
22 289
126 199
247 281
29 70
15 251
60 132
124 272
51 112
25 229
149 162
95 144
99 213
145 182
143 232
78 98
27 182
86 286
122 248
16 227
43 278
204 210
91 231
68 278
107 245
129 295
34 79
53 268
22 42
67 142
8 175
100 224
160 181
148 152
95 243
98 181
79 85
97 168
187 209
95 153
247 268
107 152
26 109
76 259
139 262
124 261
198 293
96 149
14 286
230 235
9 245
239 256
0 135
43 224
190 273
5 154
23 239
181 235
146 180
166 179
86 237
78 190
17 298
34 274
64 275
165 242
168 255
92 296
118 293
25 205
139 250
7 37
34 268
153 271
101 193
2 229
93 164
11 217
53 82
196 286
188 216
9 20
36 296
88 112
181 202
19 214
139 277
124 167
67 100
49 133
175 278
151 255
68 104
124 157
152 186
89 185
49 159
45 209
151 213
22 129
120 212
1 246
234 292
77 218
36 174
260 283
188 291
95 143
0 266
259 294
143 199
146 297
21 108
173 287
1 130
198 297
104 163
7 192
33 249
52 131
137 161
85 219
176 203
25 147
28 232
124 148
67 115
135 209
150 224
21 147
39 201
173 193
215 254
29 135
103 128
35 160
10 178
76 203
171 274
114 247
89 299
53 213
248 295
65 76
28 112
158 258
163 286
178 218
100 283
187 269
104 275
2 25
108 144
168 273
92 122
36 103
68 243
96 271
117 257
144 222
90 128
25 89
105 215
13 198
48 283
37 192
32 265
102 250
246 277
272 299
152 221
50 194
54 79
56 229
33 124
26 263
137 280
51 97
156 217
61 293
53 248
105 172
48 145
115 289
5 254
54 254
278 280
64 148
154 282
10 112
34 213
16 99
21 66
13 229
220 264
127 155
69 244
242 285
109 168
283 291
125 133
93 101
38 201
114 150
122 213
102 253
38 70
133 235
42 141
76 249
119 290
31 58
47 299
32 171
27 74
35 275
135 145
188 218
126 217
22 127
6 229
130 186
58 146
73 142
104 257
248 283
38 159
142 236
82 189
163 169
147 227
67 102
23 230
57 232
127 128
0 61
71 296
81 207
73 250
18 96
5 8
43 241
25 43
103 133
83 268
0 73
10 256
80 243
95 227
40 261
9 57
167 258
76 206
109 239
14 24
196 250
277 293
99 208
45 276
20 209
21 205
50 276
63 289
4 252
98 243
95 292
90 157
91 281
42 236
103 164
22 164
98 237
161 232
84 92
119 282
73 197
63 277
23 56
75 108
72 122
255 257
13 287
13 66
159 231
117 288
171 197
153 287
1 205
246 272
97 177
44 165
17 34
118 164
29 66
154 177
146 286
178 267
199 265
36 189
38 137
46 101
104 172
282 285
165 167
204 299
156 250
48 263
91 96
28 159
38 242
186 219
50 140
92 235
45 100
80 104
170 230
44 134
84 285
90 168
65 170
45 245
60 159
26 283
64 218
31 210
57 146
12 167
19 100
8 159
261 276
111 166
3 15
68 71
16 101
14 211
75 191
175 277
24 37
32 88
7 228
44 260
71 208
92 270
211 214
117 230
90 179
160 192
13 215
95 228
240 286
150 204
130 158
146 272
137 240
199 255
109 125
251 254
15 243
154 173
64 291
208 269
61 165
133 157
32 131
135 169
52 154
193 277
103 245
54 298
38 294
49 167
119 203
51 135
219 262
121 295
117 126
35 115
12 267
62 261
39 246
100 180
34 196
179 242
161 280
68 137
63 103
119 287
144 228
129 248
110 185
94 279
160 199
28 161
70 120
150 199
191 259
39 93
82 126
56 298
83 171
94 166
118 163
65 85
107 138
56 126
197 260
202 275
54 206
238 283
51 140
158 287
184 299
8 112
21 82
55 146
16 204
48 231
58 64
17 244
151 258
131 245
38 277
74 148
24 162
169 229
66 293
75 153
55 57
240 268
266 296
49 229
101 255
110 170
159 225
70 232
74 298
157 180
49 64
279 285
78 88
28 86
119 296
213 222
164 218
156 175
95 158
56 107
6 239
151 152
79 112
118 213
28 197
45 55
187 257
140 256
199 289
200 204
14 281
138 173
112 215
189 267
82 272
97 296
183 288
44 241
51 161
27 61
219 244
139 229
63 115
132 155
102 254
82 112
20 294
192 228
121 194
23 158
188 223
250 251
197 228
81 167
0 238
9 21
38 63
187 262
187 205
99 275
257 284
7 81
85 112
144 271
140 176
49 172
39 157
156 243
133 291
209 242
161 248
57 235
67 236
70 75
61 126
72 225
27 50
87 264
25 38
105 220
169 215
16 125
44 127
94 113
13 114
209 259
40 167
245 294
231 264
12 201
74 233
44 149
76 245
36 199
19 137
148 173
266 292
27 78
162 252
156 189
143 222
10 51
41 55
161 165
122 165
266 270
276 293
196 255
32 123
95 285
208 293
133 165
145 188
131 194
33 250
240 254
12 140
190 258
81 287
134 291
195 275
256 292
71 203
167 169
121 234
64 187
110 191
93 157
79 130
126 226
120 218
84 267
76 101
10 181
102 194
63 162
109 116
106 118
89 214
138 291
63 85
236 296
46 124
226 253
139 298
52 99
31 83
202 205
144 168
81 171
60 116
219 273
14 163
107 184
249 265
62 102
109 150
92 242
184 275
35 217
166 167
22 184
185 274
118 236
121 243
114 132
41 252
92 232
32 199
62 241
116 230
230 273
101 253
191 266
198 231
106 113
90 215
253 254
177 256
201 259
174 184
23 131
203 206
58 138
40 231
64 297
243 277
26 143
256 284
286 289
65 120
17 201
8 226
194 284
24 60
106 275
37 269
183 290
87 99
14 204
138 181
132 246
195 208
12 125
60 71
34 206
73 121
14 246
211 213
26 216
77 236
37 67
182 258
90 180
143 281
39 77
103 141
148 160
29 267
166 259
171 257
30 272
1 252
19 269
16 173
49 81
88 212
180 183
110 255
5 69
28 222
10 16
147 250
126 162
53 194
248 282
238 269
95 278
19 217
47 72
10 122
38 261
8 207
110 203
14 92
141 161
24 178
84 195
133 203
207 281
63 263
5 172
16 232
38 287
185 262
4 155
72 201
11 64
230 259
6 163
75 116
148 294
53 176
38 120
5 182
23 268
30 37
17 143
167 259
35 281
1 76
202 266
124 235
144 157
143 298
232 286
33 134
252 270
15 18
125 205
277 294
203 210
77 170
9 109
44 225
190 256
86 141
0 51
78 231
13 262
170 212
26 42
91 104
140 157
194 290
167 171
39 200
7 247
109 181
70 90
182 284
23 70
14 234
129 291
44 142
68 147
235 267
26 93
41 131
7 141
208 226
30 54
115 216
199 240
138 289
8 177
88 299
34 142
84 132
39 183
65 244
8 110
134 137
69 198
20 223
102 181
62 139
36 154
2 22
84 124
41 81
180 201
96 126
8 90
23 292
211 287
58 289
59 88
69 113
207 277
107 246
138 146
58 63
4 151
0 223
4 280
25 66
70 236
74 122
169 243
273 279
155 297
72 163
171 209
221 284
100 201
66 190
30 72
253 257
164 172
208 277
198 280
129 212
168 281
101 137
119 243
239 269
136 237
71 276
142 234
235 241
42 269
49 129
182 238
123 273
92 225
43 251
256 298
181 267
14 297
130 238
224 253
243 254
230 270
3 56
172 194
112 135
69 132
35 268
28 260
101 107
48 93
159 240
20 126
42 148
187 235
22 296
92 142
49 206
0 226
33 116
225 255
26 271
145 165
221 250
84 249
86 150
221 297
118 218
176 215
120 130
95 183
14 270
121 131
9 76
160 284
23 68
72 110
99 150
36 229
104 107
101 237
234 281
61 235
46 129
138 238
199 223
88 183
210 286
19 276
6 48
128 257
20 279
103 277
74 80
167 283
252 264
96 166
88 195
158 286
46 99
5 86
73 152
45 275
15 58
31 124
121 125
216 242
163 183
84 212
92 259
88 152
61 109
91 229
28 282
82 94
18 286
152 170
29 283
76 232
69 297
37 196
68 157
101 240
263 289
110 165
96 206
22 241
53 161
74 230
138 243
192 236
36 208
5 206
26 69
32 144
24 109
38 180
196 277
228 245
252 263
25 232
125 196
134 143
17 178
143 247
106 177
262 289
22 90
247 296
244 267
30 138
74 180
124 174
170 278
32 66
88 159
11 112
205 259
107 232
23 203
97 110
154 290
0 209
28 271
83 182
82 141
143 214
10 11
24 253
31 296
187 289
188 298
28 74
241 246
27 267
248 279
162 271
134 273
86 298
101 183
159 160
58 85
86 268
0 178
60 67
66 106
48 277
2 35
32 63
51 95
166 263
132 294
108 256
21 289
74 77
0 274
24 271
31 273
16 161
94 188
163 299
167 229
25 270
221 269
221 248
109 243
111 174
79 206
70 270
212 268
244 281
231 239
9 225
41 65
42 81
145 189
198 299
207 255
3 254
45 187
5 142
103 210
185 288
76 134
123 296
193 288
