nnodes nedges type
300 1000 graph
nodename posx posy weight
0 -5.386991392026057 -6.7846630107072246 74
1 -6.6951623075937094 -9.438773855823479 77
2 -9.789032823050947 -8.26203017701811 23
3 -10.381836953424576 -7.285815994623524 46
4 -5.310777548907125 -7.32430709697388 81
5 -7.4821720742123725 -7.033456836417233 6
6 -7.180956250834874 -9.159317620862373 77
7 -6.357039254594776 -8.559715494353549 94
8 -8.244438225869114 -8.397031797376625 27
9 -9.627301887584645 -9.096438774510801 88
10 -8.68634116014628 -5.953609521104375 21
11 -6.6124634376432745 -6.949769047300041 95
12 -8.100529125134395 -6.207156210084323 21
13 -9.814201566879289 -5.954278625795119 50
14 -6.437851354722062 -10.11202181685026 86
15 -6.305190813138935 -6.623902556044453 70
16 -6.6120329463849865 -7.564166114533484 39
17 -7.9436575281574715 -6.588401743994543 57
18 -7.043060521952452 -10.550028689730263 64
19 -9.80095508470161 -7.516302457820953 36
20 -7.459967252523391 -10.443593591568652 82
21 -9.119989349061346 -7.967684730935167 49
22 -7.84611491256083 -8.655867073783046 62
23 -8.445701648230777 -8.216460870499207 77
24 -7.352668233370436 -6.832158470365596 5
25 -9.870712608685704 -9.282794142301963 62
26 -9.521871817158171 -6.955261874333194 97
27 -10.136737387046175 -7.818274407285949 9
28 -6.373756719826179 -10.303730479827934 61
29 -4.691434880032701 -6.611151964859102 80
30 -6.126675938423362 -7.518877161438552 32
31 -5.919570171245303 -7.756135227826554 13
32 -5.478746316776545 -6.7747888185719045 99
33 -6.161940340898395 -8.039790291826685 14
34 -5.9858536748974425 -9.327057374685765 1
35 -6.240426495809501 -9.024647582882766 70
36 -6.985243352230856 -9.406212387183512 92
37 -6.567077208717179 -6.81148806024414 35
38 -8.441609053118272 -6.989012180261165 92
39 -6.009364236338415 -6.58465254244481 55
40 -5.440552731951406 -8.966173728693164 24
41 -6.505255635256277 -9.301411930237993 96
42 -9.717804616792185 -7.289549399498557 95
43 -8.235845987394889 -7.106088311642222 91
44 -8.68894802257558 -10.23429265696977 56
45 -5.745409422202132 -8.449316505263242 63
46 -7.72735498341309 -9.880870156714986 53
47 -6.525039854973129 -8.478519324722843 88
48 -7.598477685218314 -8.524426502561516 16
49 -8.134194493869215 -5.158923427743016 49
50 -7.729270498024339 -7.481844791871394 11
51 -5.534185315163181 -5.830093173669609 10
52 -5.482361072716072 -9.421124624485646 43
53 -8.00096660154328 -8.873443225362388 94
54 -8.722926325036807 -9.399525107199972 76
55 -7.676926503161972 -6.575114971534664 9
56 -6.495217803897659 -7.49910733104206 45
57 -8.773890447322632 -8.257962241038761 6
58 -7.455542873683616 -6.190131151894949 82
59 -9.076476303965476 -6.818693724506399 72
60 -5.454242137276577 -6.26131571197467 62
61 -7.231491954746584 -8.85268790655947 36
62 -8.704818586057442 -5.025368329383194 86
63 -8.971107826469659 -8.777266007215859 5
64 -5.048809897320839 -7.229835649584553 38
65 -8.960618334067771 -8.118242061686386 64
66 -7.301286497591008 -7.202079024235947 44
67 -7.443984576199177 -5.886650580137973 42
68 -7.706479833133484 -10.973384196503343 71
69 -6.627968958189606 -10.15572219529457 25
70 -7.855038005927323 -10.20826683027588 67
71 -7.23662468835341 -9.80071429145206 23
72 -7.305516109076892 -5.461764553352452 81
73 -6.796880755245637 -6.782309844463133 16
74 -6.23917067351868 -6.30861080903875 85
75 -9.697802782731424 -9.580210327721202 83
76 -5.508441563768541 -8.222408793564531 25
77 -7.874351663595606 -7.8035412582736745 82
78 -9.302615812079615 -9.272345741751607 64
79 -6.377061655161614 -8.106280073591627 57
80 -9.30023391783049 -8.93421972248292 24
81 -8.566718893799683 -6.101175270042895 93
82 -9.382883004925267 -7.381474907789689 67
83 -7.765162095556439 -6.424753579966386 64
84 -5.509513214408141 -8.590145365678637 54
85 -9.532729158469143 -8.608682325722008 17
86 -6.563058994283663 -8.8812547110246 100
87 -6.829118018941815 -6.018810269572236 60
88 -7.154519699487728 -7.037132485893682 78
89 -5.429865770017825 -7.111929888934332 24
90 -5.571266176836064 -8.777857850361778 51
91 -7.570860557956638 -8.89534628882477 29
92 -7.221578780812827 -8.648253395579067 83
93 -7.956150574159438 -7.031436166956779 98
94 -6.972455409162886 -10.56776966986631 19
95 -5.965347859115096 -7.631666438282564 35
96 -8.583720508738972 -7.244589842676314 29
97 -7.497755297495812 -7.555360406102129 64
98 -7.609357346534907 -8.637320655724974 33
99 -9.275085110281596 -5.431795987214654 90
100 -6.953090980615091 -6.265855043032571 71
101 -7.020841249401858 -8.161463586210562 4
102 -7.0067239966241965 -7.022351906886537 98
103 -5.224853336343162 -8.430499242646485 47
104 -6.225988796670375 -5.657223994350824 91
105 -5.852446414267804 -9.308209442542411 11
106 -7.138531956497253 -10.628317776919566 79
107 -9.397654534462772 -7.666331808276455 54
108 -6.820560426517121 -8.740533883661914 27
109 -5.726120851088908 -6.233385926243924 49
110 -8.167064014552105 -8.102431312042574 81
111 -8.154395876843891 -8.652468326125938 2
112 -6.0439144028708585 -9.560027171508029 68
113 -5.2602201896846035 -8.687125472636605 36
114 -8.913476215360083 -7.129491716805404 17
115 -7.4453970362077 -9.488245117988424 98
116 -7.900234451853865 -8.372415426035074 27
117 -8.93486294164499 -9.218834917715185 68
118 -9.865437946231907 -8.67416141425709 42
119 -5.865902115186957 -10.039412883198457 11
120 -5.376829757552862 -9.152333929615935 26
121 -6.500287299887286 -5.693407748673817 97
122 -8.943663479438333 -10.26172740188593 82
123 -7.137321290273824 -6.0074439474338055 53
124 -7.5010849057493 -8.001487427042235 3
125 -5.36994226413855 -7.941592678118783 11
126 -8.067256408416679 -5.9767148757035535 58
127 -8.34015998739822 -10.163340225883674 71
128 -10.123663933680584 -8.54216601875923 38
129 -7.922204334515992 -6.801666816391683 99
130 -5.9531498419990445 -6.909773192666197 12
131 -8.890740101782525 -7.818290329812121 86
132 -6.353053929384031 -7.882297071973004 72
133 -7.514009947079877 -8.11248843599242 62
134 -5.945335878050914 -6.620434440379845 20
135 -6.558352091189562 -6.180422890877733 71
136 -7.803405853145096 -9.782127369550286 62
137 -6.315844764896249 -9.587176919252395 38
138 -8.560737841892436 -7.97969838843789 100
139 -8.77335947434026 -9.175716648834108 66
140 -8.077561389702497 -6.581449333968197 28
141 -7.865468552414485 -9.081609729283135 34
142 -4.531804606288466 -8.152102403906866 75
143 -6.5030401268893865 -5.466691642848451 57
144 -5.900298476061204 -7.212052662572649 74
145 -9.846710631959782 -8.148847784004404 89
146 -5.738107279288072 -9.116310862442015 52
147 -5.6959747351435634 -7.105380698215094 7
148 -8.497036429862378 -9.59639162392969 50
149 -5.431918840983195 -6.573978427540728 30
150 -9.371707669586925 -7.210460535055881 7
151 -8.9913774257819 -6.054820322735515 74
152 -8.392534208998686 -6.69560668726393 58
153 -8.328569205440939 -9.138364515769577 79
154 -8.12310400890004 -9.896536429960468 60
155 -7.762603528593019 -5.945142904885738 89
156 -6.699351423023267 -7.917559059650643 20
157 -8.441598072034482 -7.816612517019106 11
158 -9.34800413041431 -9.09375726010979 69
159 -8.070068097919425 -9.467669403567788 39
160 -9.819026531668728 -6.5744969338011 86
161 -6.8205719950924255 -9.137434559174126 60
162 -9.072066169265998 -4.796563265430047 43
163 -8.263559640223518 -5.764895315370545 36
164 -6.349121989689961 -6.159808990372086 70
165 -7.065204799806578 -7.940945769272557 65
166 -5.813788537192722 -9.537408683374291 4
167 -5.1662417222661725 -5.99571966802492 70
168 -6.835643425441674 -7.443010704162363 6
169 -7.127294708029054 -7.288031114316331 34
170 -7.3433947303564 -9.216577757610098 4
171 -9.489071476560763 -8.522946218666151 26
172 -8.761332536501802 -9.652861001147118 70
173 -7.945502988455715 -8.508271551983976 8
174 -8.728342623910619 -6.4693030174822175 6
175 -9.92933974562924 -8.417718036552385 20
176 -8.865682500398242 -7.313499119596243 30
177 -4.8896487710201715 -9.071625491519267 62
178 -10.336121218309973 -6.885407686442015 41
179 -6.029046385683431 -8.322990883942397 42
180 -8.93655542780516 -9.621739747465408 38
181 -8.292529521604163 -6.894969282527282 11
182 -5.368803253264007 -7.4742917337911345 55
183 -6.686098100649697 -8.779149374187345 45
184 -6.626494464421772 -5.378796611881652 62
185 -6.003591459297246 -7.012490582315362 82
186 -6.834991829899295 -5.7777265365164165 39
187 -8.436059565500763 -8.599549005137135 52
188 -7.403894107846008 -9.092106766556105 94
189 -6.209020279609147 -9.989079209894633 83
190 -7.970286584253982 -5.648606620471583 45
191 -8.090233355385944 -5.420121709642634 63
192 -9.155330192056201 -7.645676386984937 59
193 -4.961408495560256 -6.887730604866825 21
194 -8.068428332019367 -7.49859422011787 25
195 -9.939259208110634 -6.972341410151896 48
196 -8.32017399110726 -7.523090908615351 79
197 -5.211888258943242 -7.782958305738559 7
198 -6.794683055532102 -8.221014313677584 26
199 -9.612501087586793 -6.361919665519566 17
200 -5.024107072672927 -8.148403963250184 76
201 -9.14754001538715 -9.751455686259115 80
202 -7.563109467034099 -7.248743297179886 27
203 -7.717475103502927 -9.231037243797452 93
204 -5.565388564864559 -7.990799932876736 30
205 -7.776160419130911 -4.85827115310525 68
206 -8.5284582238707 -5.493458723013027 62
207 -5.935544450544188 -7.542458885076764 24
208 -6.5895985075993515 -9.392779437904322 2
209 -8.31751688735494 -9.606888229202724 10
210 -9.140951387264804 -7.223660028280558 70
211 -6.58167692791253 -7.273766222978873 43
212 -8.4663756360117 -10.637628337138304 6
213 -9.132439655664896 -7.553617089300969 70
214 -10.317001200230118 -8.33966944052776 86
215 -7.035092902009043 -9.054044741319135 21
216 -8.378343969102025 -6.283329601125291 82
217 -6.773733401119391 -6.403136653278463 38
218 -6.920941066323915 -10.016576950982852 43
219 -7.169758136590072 -6.233239012275274 74
220 -6.010034348411341 -5.89950403970907 65
221 -9.345294593812909 -5.969380224005896 54
222 -6.6916880688545755 -6.319376897873748 34
223 -6.668867009304398 -7.729836869558217 90
224 -5.870670595906374 -6.083623245482782 99
225 -6.804665641409841 -7.238139437937371 55
226 -7.569890582443368 -10.123375288276804 33
227 -8.56879345347884 -9.931685917300461 26
228 -6.1879235316029 -7.910337051266336 5
229 -8.397248432888821 -5.969404018846917 46
230 -4.677665457809443 -9.077176375309175 39
231 -4.680713064575252 -7.776256685607164 64
232 -9.146355705481307 -6.075333999458815 18
233 -7.990647056878603 -9.342260544897991 9
234 -7.899157379464614 -7.913593332469772 38
235 -5.7817255695581045 -9.815731218965672 55
236 -8.694945611281925 -6.108050909470774 26
237 -9.29665855773096 -7.827420636480779 80
238 -8.75341738421412 -10.59609667658778 21
239 -5.186135208182905 -7.447458456454557 75
240 -6.9850368052423795 -8.549074274716205 22
241 -8.76564118229962 -8.948753001777494 93
242 -8.36007675032584 -9.279654087497294 45
243 -7.300075245648178 -7.41711984830216 100
244 -9.238075793845562 -6.9739462161183585 53
245 -6.914663492547072 -7.649742271746667 80
246 -7.323924167379094 -5.828917637007372 7
247 -8.146886869063023 -10.499620971171549 57
248 -9.379704184434432 -6.241651851004122 20
249 -7.573535826588486 -5.998987326300103 8
250 -4.830464758716374 -8.044238889360717 74
251 -7.327007610322141 -9.745524144469718 38
252 -10.133267751188388 -9.286198265028407 35
253 -8.610929092398658 -8.664267419168063 24
254 -9.331894203008302 -8.402230455989688 31
255 -7.964087393017085 -7.180128211944313 7
256 -8.754483980728935 -7.46599219152893 5
257 -4.840554106214152 -8.69732487113903 29
258 -9.336220891606676 -8.07991078775506 12
259 -7.948837190141481 -6.3782246387979304 3
260 -7.911544288629096 -10.421523743875905 41
261 -9.857452766814347 -7.851927254469635 77
262 -7.013217642076126 -5.824802993032718 10
263 -7.537552771211834 -5.390727359048638 3
264 -8.624252917711669 -5.348750902364569 98
265 -8.994802994752716 -6.48648509592443 35
266 -7.044554766956484 -6.580984870830825 1
267 -7.0022081610218745 -5.4516199511807475 94
268 -8.754645746631033 -6.8558155249053465 66
269 -7.619865918797394 -9.864963953895352 20
270 -8.500743874936163 -8.424068561232538 39
271 -6.714499194596145 -10.053327366109931 39
272 -9.38649133565336 -8.738066399470954 17
273 -10.586047402136373 -7.648332040182549 32
274 -9.087140965617433 -6.194837425995461 89
275 -8.285186595101564 -8.853892777403209 54
276 -9.067068649923428 -8.868534061736444 47
277 -5.901151458591373 -9.124385338907254 38
278 -8.192711176492509 -7.816540076808797 26
279 -9.150188399995535 -9.569734740842062 67
280 -7.601257667845889 -6.330664967131527 97
281 -7.166220540630591 -7.7540647087447 36
282 -8.151182144931731 -7.389862830832814 58
283 -6.078591374521515 -8.759288655941738 76
284 -9.280524345274234 -6.615151300556411 67
285 -7.664775633712655 -9.546999176829019 87
286 -7.191604537571856 -5.598178970985913 21
287 -5.76974423608037 -8.717277675656687 96
288 -7.992171211445725 -9.649927088192586 50
289 -9.168395041590623 -8.23493627765171 71
290 -5.751665124050991 -8.222626593265076 83
291 -6.812966057984141 -9.641940428273498 49
292 -7.076068570658206 -10.03497263266003 81
293 -5.155567168038755 -7.687861970697901 37
294 -5.6080712792085325 -7.383404878268181 37
295 -6.114256770853742 -5.965285608501048 57
296 -9.429487218176224 -10.405879354136326 4
297 -6.921054003332066 -8.823697831775377 23
298 -5.915460002504147 -8.626964680199807 24
299 -6.4728314301651535 -10.001403817912664 46
endpoint1 endpoint2
130 231
88 147
184 232
104 109
39 207
7 250
1 215
78 275
61 233
57 262
8 63
20 299
156 290
78 172
24 66
6 54
59 264
54 92
237 276
31 74
80 133
23 139
16 190
173 282
125 277
218 287
111 157
45 61
83 246
102 182
16 84
244 270
181 248
81 273
145 275
11 286
36 101
8 192
38 266
112 183
156 259
60 79
255 258
97 220
15 83
10 191
34 144
75 254
118 187
158 244
24 259
259 274
35 147
151 155
169 186
133 287
164 262
19 70
17 202
77 185
81 266
121 147
61 138
123 243
109 144
52 189
85 201
98 227
1 170
37 225
100 129
141 288
57 203
48 272
147 164
96 199
101 110
102 116
142 257
88 173
6 278
32 169
4 290
61 207
82 139
138 194
129 191
107 145
144 165
17 169
46 115
54 122
165 173
65 114
188 258
125 257
108 132
194 278
33 105
169 280
85 210
17 110
209 241
169 204
175 278
87 240
102 156
42 275
23 279
93 96
117 227
11 65
7 255
29 142
23 269
107 249
161 203
110 278
78 171
225 281
17 43
188 291
144 156
80 128
150 178
142 207
178 274
104 262
149 167
36 180
77 171
10 255
37 137
39 149
73 155
43 222
166 203
98 245
101 152
111 124
12 114
157 237
115 141
116 261
48 270
5 150
118 234
48 114
194 241
6 165
88 286
78 273
116 291
80 127
98 201
5 176
25 122
190 222
30 295
225 244
82 151
187 218
74 197
157 210
76 161
1 268
55 241
262 264
129 163
7 70
45 271
103 197
166 194
55 239
48 154
210 243
42 96
82 203
13 256
84 208
76 149
16 272
84 89
218 289
134 222
169 234
7 16
5 32
14 117
143 164
150 221
164 255
6 47
168 250
259 270
155 157
2 71
57 170
38 79
127 198
14 159
50 77
153 260
6 285
227 269
165 209
97 174
10 12
103 228
171 289
117 170
26 107
239 292
115 234
24 224
107 176
129 213
99 162
42 107
76 283
154 215
92 202
140 281
161 228
180 253
117 254
52 165
157 281
63 245
169 211
26 217
27 221
0 92
87 211
49 100
163 236
77 98
208 223
268 282
146 197
101 108
15 64
38 163
101 207
174 192
8 27
108 119
10 232
69 201
163 268
97 153
213 282
206 222
45 164
89 243
96 295
101 179
258 278
204 228
23 111
195 265
21 75
55 155
5 129
44 92
105 294
40 132
195 216
145 210
65 140
28 48
46 158
229 267
131 138
95 197
112 189
50 101
39 281
2 192
103 133
95 120
46 128
138 225
107 114
193 224
76 105
180 292
210 289
225 287
153 278
5 198
29 73
143 193
3 85
65 242
67 73
56 98
203 213
90 115
39 290
262 297
57 241
242 271
14 36
130 277
86 283
58 66
126 150
135 211
86 100
98 237
171 180
180 233
86 253
14 193
204 215
95 97
85 180
0 64
148 183
151 202
8 172
6 189
61 223
24 282
22 240
35 136
233 253
8 9
89 219
30 293
111 179
73 184
13 191
20 242
24 245
136 187
12 168
95 156
49 264
101 165
1 153
47 89
111 153
198 294
256 280
30 104
48 156
2 23
170 271
168 275
24 56
191 216
215 256
114 169
109 147
116 251
171 173
58 210
43 102
78 145
93 284
195 236
0 186
43 133
58 60
88 132
62 81
177 291
74 123
84 166
234 276
66 133
190 199
153 215
20 112
50 192
10 133
178 258
124 208
116 181
30 73
232 246
37 50
253 256
80 150
243 278
30 83
39 60
105 146
18 212
159 161
136 238
10 126
15 55
116 194
58 221
211 295
242 283
61 247
134 215
92 270
80 111
110 297
150 234
54 129
10 162
219 225
190 206
110 275
79 161
33 168
139 212
15 104
31 66
37 59
46 119
133 157
39 130
146 298
31 225
148 247
88 253
55 255
138 260
81 263
182 204
20 212
113 203
39 295
74 185
64 102
66 278
19 57
2 3
71 298
17 217
165 278
111 115
98 246
41 211
32 95
206 232
271 297
168 196
136 251
46 156
93 124
98 285
229 265
21 150
9 85
186 256
102 234
97 196
22 133
116 157
116 288
107 116
153 276
38 81
59 265
140 213
58 155
47 280
217 281
148 254
48 129
122 136
107 160
192 261
37 181
80 154
2 268
35 241
164 286
46 189
67 216
71 291
158 289
67 268
153 158
122 251
124 144
121 274
97 251
15 170
56 57
112 182
61 108
17 280
91 228
18 115
148 296
205 265
243 245
49 229
153 285
173 215
147 156
36 40
66 136
198 225
9 131
181 183
47 234
30 299
51 266
151 152
27 150
83 117
135 181
169 187
37 293
98 136
28 106
247 299
41 86
19 206
106 277
135 202
15 179
121 246
87 248
255 264
45 217
158 212
149 225
4 146
213 253
58 278
165 243
252 289
26 196
47 243
26 77
40 283
173 234
78 296
116 183
142 298
30 79
77 290
127 296
49 263
275 285
198 287
24 228
25 26
196 240
92 168
104 286
55 224
110 227
5 97
219 259
67 101
77 278
67 236
7 230
24 176
63 261
29 149
118 261
166 290
214 252
93 132
36 94
160 194
148 173
127 203
69 292
93 190
148 258
181 274
8 31
59 141
95 140
40 211
17 163
172 241
111 169
228 287
19 85
86 290
165 266
61 157
177 220
100 168
53 96
23 107
35 202
229 248
105 298
41 106
230 290
145 214
41 209
92 251
100 182
73 101
168 198
161 235
95 193
112 177
165 229
147 179
33 282
66 149
88 186
192 242
130 298
35 40
21 297
231 287
187 229
33 167
126 196
200 283
110 258
152 213
143 205
146 291
11 293
1 269
188 279
26 99
121 167
126 267
0 294
243 268
53 240
34 120
6 133
96 124
12 104
57 80
174 266
135 207
19 38
66 265
122 279
63 110
69 115
45 103
23 256
97 211
209 279
254 274
91 156
24 74
93 176
165 200
6 46
24 286
226 275
18 172
108 269
38 171
156 169
22 238
228 240
54 78
198 249
17 56
158 159
45 146
72 135
108 299
15 102
36 290
145 174
63 159
74 169
93 219
11 159
109 143
96 140
23 291
130 246
7 235
160 259
39 267
86 226
254 277
43 159
175 213
21 23
137 233
131 289
63 91
90 222
18 28
91 139
236 286
114 232
4 95
202 259
8 131
39 129
33 141
214 272
49 162
41 93
8 233
60 239
50 169
23 108
1 299
98 112
7 277
217 223
131 256
135 219
65 141
88 143
184 228
24 88
8 59
50 126
139 242
118 138
199 221
64 257
208 235
72 88
161 187
163 222
124 276
24 237
31 84
107 175
101 189
82 256
126 143
134 168
66 223
67 267
82 282
157 236
231 293
16 239
38 278
96 265
34 293
58 294
81 82
97 216
37 95
23 176
8 34
4 39
15 87
84 277
7 141
69 146
208 226
137 298
65 261
126 202
7 48
47 233
72 188
47 112
265 282
157 209
79 119
130 169
118 214
73 131
25 288
170 270
9 241
16 109
134 197
231 290
87 100
18 257
23 211
95 200
17 284
83 199
52 223
36 78
2 42
6 183
0 223
5 285
139 198
94 173
251 283
56 283
17 62
152 196
79 124
172 255
113 249
47 103
57 117
76 183
41 90
121 144
7 207
92 203
116 120
117 253
68 251
38 244
71 94
123 234
33 198
13 274
111 242
21 43
216 266
32 257
101 228
183 240
65 279
76 250
132 292
49 244
24 121
223 236
227 233
146 275
79 297
86 188
90 198
64 290
114 276
216 223
65 248
93 210
16 69
138 263
85 124
51 132
5 109
21 195
16 91
95 183
129 284
81 282
102 282
256 289
182 283
158 195
102 245
20 297
108 202
290 293
30 281
156 185
70 240
4 64
25 253
235 298
20 279
56 125
88 294
145 158
106 172
148 253
157 214
22 105
138 270
38 151
105 260
225 234
76 266
82 181
22 202
155 220
243 267
12 23
134 174
73 152
53 243
125 188
27 180
68 233
207 224
96 242
281 288
84 297
123 222
132 298
34 285
130 147
101 240
4 79
113 257
190 221
247 276
107 128
72 190
42 160
196 226
30 71
4 222
152 255
79 113
99 216
135 186
92 208
16 73
170 179
125 266
99 190
8 255
110 219
58 74
127 159
38 243
130 263
172 175
63 285
131 278
23 284
50 110
45 218
1 197
288 299
44 292
218 235
36 86
53 170
212 238
163 206
261 265
133 137
138 196
173 270
95 132
6 298
9 22
21 258
124 207
164 259
107 181
194 280
50 53
83 97
168 283
205 246
11 266
65 150
220 222
85 91
32 89
87 246
144 200
50 132
147 197
111 252
168 222
28 52
17 249
127 226
122 260
206 259
30 185
123 194
75 115
81 100
22 131
148 172
22 24
110 272
8 161
101 204
128 199
187 237
101 115
232 254
53 292
223 269
55 192
163 221
88 289
208 270
42 55
233 282
71 148
3 216
44 65
33 108
78 254
176 201
28 240
204 231
102 191
185 288
36 281
215 271
101 154
155 255
243 298
21 50
