nnodes nedges type
300 1000 graph
nodename posx posy weight
0 0.32296825048294436 -3.9720653949367652 89
1 2.417335818881163 -1.993654620939442 3
2 0.8121079312503032 -4.583595532771258 66
3 2.939217813545043 -1.2029351806427433 19
4 0.04713971878947518 -2.914956354774028 58
5 0.559516251341863 -3.5814555860497466 5
6 0.08322837831903844 -1.7378064607545174 16
7 1.2629158781305099 -4.910985417919811 71
8 0.16459724802053746 -2.3420072277360453 95
9 0.017336838781451296 -3.403215313488877 58
10 0.2953897825420967 -0.24893822035963922 61
11 -0.6730783537713035 -3.225018118605469 55
12 1.0950245157930727 -0.47057261298112907 94
13 1.5640946233965323 -0.7503534991241323 80
14 0.3791965770773554 -2.2773309544854183 20
15 2.9333382855153447 -2.046277151687664 22
16 0.542230455512836 -1.5080133671150715 30
17 3.017991161995978 -2.861154570236129 59
18 -1.9168472024842482 -2.714921038223142 92
19 2.1482112480420996 -2.314835495599864 18
20 -0.8503410526829613 -2.329787195257474 99
21 4.158790459075651 -2.007686408011619 1
22 1.9439234905941605 -0.4211724768141642 38
23 1.8748485807919981 -1.3428822641251876 64
24 1.1816371980775942 0.33752463794685067 6
25 2.3188980986612875 -0.49670303526107956 50
26 2.4046642384658545 -4.188130712952292 45
27 2.2228589769885745 0.18089686945119485 62
28 2.7221041671771 -2.5602549343544174 37
29 3.2646375612461886 -1.0679566971025478 90
30 -1.4712879872521936 -2.4194819332020727 30
31 2.2429872495511387 -2.4773385603228792 79
32 1.4489449217639703 0.2747863899556263 62
33 0.8840444156453133 -2.6917183636480693 44
34 -0.22385255816084676 -4.547563585023142 53
35 1.6149188071625493 -4.13831594768145 36
36 1.955538289826282 -2.1869537477547616 98
37 -0.6774690002775137 -3.0240434725958325 91
38 3.3910762340923015 -2.1709309680949436 42
39 -0.3971843679177757 -3.2895427598974876 18
40 3.415282501388638 -2.566295833958949 17
41 0.19453239204441297 -3.1251217677213488 18
42 2.206203153360856 0.6588826096770457 55
43 0.7483279994596735 -4.1949295004213525 34
44 1.9627070894208598 -2.4274584991782184 37
45 1.4867644643773275 -1.781094525502914 49
46 2.1536947081768822 -4.2755450140634705 17
47 -0.2844484171757415 -0.546404804162119 70
48 0.1685871973230877 -4.935607306720421 98
49 -1.5161582566010694 -2.546822100321887 15
50 3.5695671523329042 -2.7313998791149254 9
51 0.4294593918422666 -4.382459172509465 25
52 0.2936403030522483 -1.071697567145097 91
53 2.6112605060727794 -0.35708057906124635 45
54 1.3620064879809202 -3.9949098912384806 84
55 0.18790547241396158 0.17895288311859886 39
56 1.6221634552427242 -3.97042346864377 81
57 0.301409453549004 -1.3148569716397027 23
58 -1.0288266933927512 -1.9953382470601089 12
59 3.1262245162721505 -0.4081885225338737 34
60 2.798736334332865 -3.7489567887446116 29
61 0.12396467749473906 -1.8358670587437564 60
62 3.5612103639803285 -1.9770813327270587 79
63 -1.176604354417294 -2.9499058024288303 29
64 0.3162106655247769 -2.0077629390795337 83
65 2.2125547630102678 -4.147989431407702 6
66 3.3316403783327866 -0.8596210058877016 65
67 1.2824087072551846 -0.6658000796580048 40
68 0.8311173374778711 0.6803485680503303 32
69 -0.3250355332263144 -1.351468674407703 67
70 -0.9630515368634661 -2.6684585253469693 74
71 2.2636382882468578 -0.20403136469862757 20
72 0.7527276447083014 -0.8371052925923885 16
73 3.140963819539585 -0.1754793577174963 77
74 2.606797684199205 -1.8492789304611108 38
75 2.640930914327858 -2.745246364375238 71
76 1.433164657298926 -2.5002958260057753 16
77 1.0111706094777129 -4.823479534388268 83
78 1.4285206476484928 -0.45559326531085237 69
79 0.5607796705091116 -0.44488387282276937 61
80 -0.7393867568647015 -1.4961435716442106 58
81 -0.680714208134991 -3.485602157994048 49
82 0.11770109277600031 -4.1861006757353 52
83 -0.45366089433342743 -4.135048498579824 41
84 0.806106299845223 -1.941802840345637 95
85 3.4028521485685848 -3.4629271204317473 17
86 3.0178468122060216 -3.308777672286895 95
87 3.1456263112422045 -3.97416041251812 93
88 1.184586061341896 -2.002810056375396 34
89 3.7115983595182716 -2.469534610160419 52
90 1.6148614882455041 -1.2212517286274454 95
91 -0.265287187365896 -2.145379916257007 10
92 3.011864030716588 -3.5947593131536486 30
93 1.1947047138606408 0.12403665651128641 66
94 1.0465452520512653 -2.371818881170014 84
95 2.8919603729128607 -0.2508560667068194 3
96 1.0954132392005482 -0.8450499704109532 95
97 -0.9604736551152543 -1.4007775860974447 71
98 2.767592714969791 -3.2041332779634635 44
99 -0.10849688967992395 -3.5883877976762433 85
100 3.023911077181385 -0.8030672367469063 32
101 1.7218662458055076 -4.31269912340822 14
102 0.589370702146888 -2.5427005440424115 99
103 -0.34081109536575493 -0.25182275185187775 42
104 1.703687107669676 -3.1328497812491873 100
105 2.9389848587909393 -0.6179551180866352 95
106 0.710154792194778 0.07737025867160609 93
107 2.173608330310139 -2.994107123316201 48
108 2.2049219732496073 -3.4113068147938206 9
109 1.8657812262554 1.4149140947494445 65
110 -0.5701873470868425 0.34441657739521503 11
111 -0.4720433976006925 -1.6203891447145022 53
112 2.9283060560107783 -3.0893653956301703 3
113 0.4599989272061665 -4.627563837790355 24
114 1.4995466678903222 -3.005380875703397 58
115 2.0549976859121335 -4.857949397877804 56
116 -1.0677791275266628 -2.3538808533914244 25
117 2.4333300647404754 -2.7917754092120153 51
118 1.8029173645982037 -0.46016317962323333 94
119 1.1420996242921237 -1.2519312306079244 62
120 1.0054593436768187 -3.496443910726641 99
121 1.4009019871131008 -1.2785862992715662 42
122 1.1696212958467396 -3.137255769235566 15
123 -0.5844492014510707 -4.07102840713201 37
124 1.0703680131080078 -3.185509901553617 100
125 -0.48403456515980137 0.8257037888898298 54
126 3.633258498548514 -1.7939856052259366 96
127 3.5107634340420573 -0.24435730527677987 56
128 -0.5078889581199733 -1.1992768988728941 83
129 2.861613055345592 -1.7072224562572567 32
130 -0.09786928515606141 -4.185781238772953 67
131 0.5487903972402246 -1.2393819144196008 34
132 3.1223962111158747 -1.0381686613653716 68
133 -1.3768938380600624 -1.6321523389018748 51
134 1.7331102463511299 -2.9587659757546954 30
135 3.6106660660840726 -3.2023424605039885 20
136 3.34091798468948 -3.768847271953784 54
137 0.9624749849837002 -1.1461573115114299 97
138 3.603655613896272 -2.8546816796981744 29
139 1.3367138756817551 -2.3897551703000666 61
140 3.701433993935071 -2.368706809507187 12
141 2.001472758859845 0.31361155493084136 3
142 2.806781445467585 -4.296158507052188 56
143 0.23710202201733716 -2.502493528173625 95
144 3.6505489433869904 -1.0582956001487023 16
145 3.2605741679480142 -1.4494790709216152 43
146 -0.08253549712484631 -3.8370692831538986 67
147 1.6301041977219526 -4.7832243098273475 8
148 2.32757628093523 -1.0180615015123575 6
149 -0.2374279175494206 -0.6090422386767441 81
150 3.0660657482379188 0.239289786761239 100
151 1.0469496344121556 -1.6931824067678678 94
152 1.6497287204234623 0.12200009790077818 51
153 0.6264608615885878 -3.896704828766197 27
154 0.6373227405816797 -4.057324668684068 34
155 2.556854485753808 0.18901246494850688 3
156 2.086104538276277 -0.97110351811873 4
157 2.7695092826207928 -3.881990189680004 4
158 2.331194752515776 -3.591424913955336 21
159 0.7749040983636486 -0.21617206482129722 4
160 3.479142101367549 -2.9878081468851656 60
161 1.2444289593609454 -3.768026529224804 68
162 0.5755761151121499 -1.863182701157213 92
163 1.7014334557462039 0.3808007460607843 55
164 0.03819560727430827 -0.24707605759974152 5
165 -0.25452172699607456 -0.8931890973912474 40
166 3.118368457574349 -2.5280779659909314 63
167 2.8232128108585997 -2.3550107118692005 9
168 -0.570379847641835 -1.951922607572995 10
169 2.087365551741607 -0.8033937808399473 31
170 -0.028679931359962132 -1.1885667635126969 29
171 2.093370479652174 -1.3402037413227166 79
172 0.3294623152267016 -1.7693859763766375 97
173 0.40353089974037204 -3.597039033639262 17
174 -1.0626190088259704 -3.0938347077583006 37
175 0.6664534539231989 -2.3001943784857257 32
176 -0.2582651940619738 -3.7054325494552613 79
177 0.6227481366954096 -1.3495412570563148 46
178 0.18384172787116176 -1.6041501176834396 87
179 1.3385685779268728 -3.427716586007332 83
180 1.5614206316017076 -0.3037518049949047 41
181 0.2076448636262276 -3.270288379793006 43
182 2.094542890040779 -1.4473873805114352 16
183 2.2798225275927333 -0.6218425888386534 51
184 2.088199064951317 -3.8854235491627964 58
185 -0.7332822670586072 -1.685060137180105 54
186 1.8161048779268594 -3.800810849934902 58
187 -0.8323743416812687 0.48092158822638115 73
188 1.85627402603851 -3.5330688299821937 90
189 0.23686709043257503 -3.629042219603843 81
190 0.8907838023744369 -4.456602987594999 65
191 2.605659260384613 -3.4644261963820737 44
192 1.5317324554644776 -3.2225819382088314 65
193 0.31008194391610594 -2.7151258138113876 47
194 0.9788449393511224 -0.14822104924414134 30
195 3.1966926281033476 -1.9233130978120208 78
196 2.373484518803467 -1.1221604839458665 72
197 3.657021011891584 -3.4195851318464876 43
198 1.8960913496305778 -2.0042589217899898 45
199 -0.37261348896122604 -1.7225978172413927 71
200 2.2326205041846285 -5.1449442072795515 83
201 -0.44896321468840045 -3.5095744856446 33
202 2.4044980930631437 -4.720889887323772 100
203 2.0685851483669793 -1.7980668909148636 32
204 2.625831868310337 -1.372281734749361 68
205 0.10085198090125791 -3.845006137446731 22
206 -0.052499287127981124 -2.5935080181466854 12
207 -0.31446840312345675 -2.3490104198161235 65
208 1.1537306712659898 -3.603748419887918 17
209 1.2475572677267197 -1.0529127635174125 17
210 3.397677745685184 -1.5470425960187206 95
211 -1.8001633868160092 -1.9361702074349436 9
212 2.331737284794359 -3.174227704317624 84
213 0.2006699965188898 -1.309498581496177 72
214 2.457235638187262 -0.8289819710877048 41
215 2.8475666340114816 -2.0922483515624672 17
216 -0.7289938346920167 -1.8925366762080083 80
217 1.0440457113335635 -2.682839814757257 97
218 2.778222132707611 -4.092366232328352 22
219 -0.0473206507309189 -0.633686242439583 26
220 -0.3576271510940065 -3.186566589429653 57
221 1.5410851993208812 -2.18566323809351 8
222 -0.6838340322842106 -2.5042128809137445 26
223 1.0467969351684945 -3.83166476522461 13
224 -1.3784131564528344 -2.767835431921588 83
225 3.8060735285089136 -1.1110270434130076 76
226 -1.2002055143449066 -3.438392605223364 7
227 2.262730180155729 -1.9900523856865655 98
228 0.5883453404989678 -0.6249877370053619 17
229 -0.9407660248159433 -1.1222955300364479 96
230 2.4539437429243716 -1.5894694394338367 13
231 0.5521191471636769 -3.3520979215315796 74
232 3.578419453799709 -2.5020849432877053 66
233 -0.1718636773391221 -1.7765710808679063 93
234 1.2610225182352321 -0.2848273003057062 78
235 1.3462756976596608 -2.9460837305475076 97
236 -1.0515614941708036 -3.6346701806377704 21
237 1.4494120777354056 -4.4433363128274594 11
238 0.35781069701264523 -4.1106157145344495 46
239 -0.466841056104623 -2.6929327560045806 40
240 3.963570597030965 -1.8300219565003044 85
241 1.5488731139964238 -3.6168201129277486 70
242 0.19695319023861027 -0.03207598979349517 26
243 0.5480457292640463 -0.9908675366440104 58
244 2.5258518593271675 -2.988984093780492 49
245 0.4495471616127259 -3.0903368748669773 81
246 1.2576967423259873 -1.7838217606804814 12
247 0.2822936202231056 -0.6575358071990969 33
248 1.7784200631006564 -2.490337631825437 83
249 1.8789642950206873 -1.8881194531226642 68
250 1.8746519504444803 -1.7162145988695194 29
251 1.3496683983559352 -1.508994032237463 44
252 -0.44751014386746474 -1.438241757172184 10
253 0.5222640491659214 0.276222566547342 25
254 -0.5284728418461745 -2.1791621434859487 60
255 1.7817916007708972 -0.545447146083404 80
256 0.8051499695049701 -2.338384077394624 37
257 -1.0951780831844071 -0.6385237771286519 91
258 2.060126600287635 -3.3742315414911435 62
259 -0.16468008525468267 -2.941429753939064 93
260 3.286279957167571 -2.799378733546764 76
261 3.1152943214140807 -1.528761044133314 1
262 -0.5421588976223524 -0.8157633859267179 62
263 1.6603327181332304 -1.6389473094350622 14
264 1.7257389164091779 -2.6644998126780313 12
265 1.6016263708018927 -1.038871012275551 46
266 0.45623499557890923 -0.26153679443160927 41
267 0.501637062854453 -2.921821932120676 24
268 -0.6918833992903275 -3.7102311987946286 38
269 4.495414584916249 -3.1770608342740396 36
270 1.9289825982634918 -3.8849048160008994 52
271 2.299724044297992 -3.743855789416005 68
272 3.5277138314747947 -2.285225259174684 37
273 0.7299625484213748 -3.27624932692648 67
274 1.367168246951186 -0.07775925655701359 79
275 -0.6285161641032738 -2.0751296223382707 52
276 1.4120669145156388 -2.16039396127518 53
277 3.0852193145937545 -1.8114434821333476 100
278 -0.3237865122637728 -2.8516287286463164 93
279 -0.5303532178400184 -0.4202971130513268 2
280 3.7280333275576845 -1.5508889365300904 28
281 0.06794144456725575 -1.0456897927123943 48
282 0.01356812156275233 0.5573367543356655 80
283 0.7246657135787635 0.4009178249437679 63
284 -0.36060936681915595 -1.0666270710969241 68
285 1.981204289809696 -2.787453369196911 30
286 1.2018452886574191 0.7155874313184605 19
287 1.203304890468038 -4.29748549792932 100
288 1.0680768583586095 -1.4639769333231956 40
289 1.8214959728494582 -4.527981488297409 43
290 2.904484204002702 -3.675235836499428 26
291 2.7903667780772134 -0.7615047888790211 6
292 0.8362764523042805 -2.993811173503583 48
293 -1.2928138872969408 -1.8213352622877976 35
294 -0.665567404793246 -0.7234935021362255 90
295 2.6266323372544687 0.0190364051699042 26
296 1.9834278341183496 -0.10231707908349072 2
297 3.434419901243013 -0.5681218238387791 86
298 4.011579803116282 -1.5591101726879855 85
299 3.1983725734002904 -3.4765292296373356 92
endpoint1 endpoint2
0 175
30 41
57 262
152 165
37 82
5 57
21 298
56 299
1 64
247 281
11 48
99 207
15 251
74 94
73 180
12 59
149 162
62 299
18 199
88 98
106 180
159 281
67 80
26 135
86 129
45 61
283 284
122 248
94 245
44 251
207 226
17 235
151 285
149 253
117 259
123 208
38 119
13 127
185 201
35 46
88 265
81 104
1 89
57 164
152 263
108 126
12 171
30 69
105 132
143 293
45 266
44 212
53 250
16 196
180 213
257 282
42 109
86 273
34 114
154 284
80 168
18 81
39 231
37 122
56 158
94 143
19 157
90 183
21 129
163 234
264 288
183 247
39 82
33 271
199 229
84 262
153 271
84 143
72 80
133 247
61 207
155 182
25 247
56 287
0 239
9 20
64 243
76 179
62 182
139 182
218 267
61 131
43 217
134 176
3 251
169 204
2 7
85 89
3 129
107 227
179 238
94 118
64 165
140 195
107 112
141 150
37 222
163 249
50 246
183 234
74 240
98 161
212 221
64 294
60 143
2 278
132 183
85 241
207 211
197 290
28 121
71 265
46 92
79 246
100 169
205 237
121 292
204 225
66 73
108 153
154 264
204 255
160 272
52 169
85 197
207 231
156 225
16 281
148 198
58 205
122 217
68 125
101 233
103 128
110 281
99 235
19 280
118 297
31 205
134 249
188 238
17 44
19 119
5 193
11 173
6 78
146 237
64 90
28 112
15 227
130 168
132 196
141 250
52 257
209 227
54 231
78 96
283 286
170 257
188 270
95 291
33 93
204 246
124 147
2 186
56 179
170 222
15 183
131 246
144 298
121 242
6 156
97 119
50 142
122 276
12 71
111 234
199 208
272 277
69 277
151 193
73 210
54 136
117 299
195 240
105 249
65 212
274 279
60 260
78 95
19 124
114 258
102 220
126 297
177 235
146 228
92 182
71 132
49 259
121 175
19 237
88 107
166 197
75 272
46 203
35 98
27 129
14 171
118 194
70 189
267 293
12 96
41 271
176 223
120 122
16 279
156 276
111 243
4 20
74 100
2 201
291 298
198 223
192 231
193 239
81 130
102 215
51 64
188 218
40 88
146 249
206 222
76 173
8 97
167 198
88 251
75 265
67 203
50 166
195 265
124 161
17 108
209 247
35 113
20 185
9 289
16 292
200 299
10 294
192 216
267 278
44 287
175 221
4 57
138 225
85 171
26 202
78 169
171 204
119 178
183 228
128 256
131 182
56 124
41 52
173 259
28 214
47 106
227 245
114 250
88 121
15 29
120 162
162 207
99 208
47 80
236 246
74 162
117 121
140 271
107 196
8 247
194 265
36 261
184 271
134 195
107 218
16 224
179 249
22 61
119 282
84 296
146 190
74 150
152 286
11 94
41 130
84 159
97 177
101 120
23 169
90 260
134 142
71 137
14 188
108 244
42 68
104 172
84 285
31 243
92 215
22 204
167 210
170 178
107 256
31 122
75 285
242 262
19 204
154 202
159 291
2 184
219 220
8 196
131 248
192 214
147 189
234 266
13 196
23 285
57 275
66 235
26 220
161 270
43 124
81 245
230 276
41 139
227 297
3 50
79 178
175 201
1 198
24 214
57 168
166 271
88 170
45 245
4 190
32 150
19 265
111 184
228 243
13 47
52 266
20 231
101 136
29 230
41 192
2 179
166 221
181 247
86 271
47 170
87 270
82 83
152 183
98 217
117 230
19 22
105 121
82 244
10 162
231 270
30 33
272 292
209 295
69 294
156 298
206 292
221 223
167 263
156 163
165 216
148 256
65 264
188 288
15 260
90 199
24 96
132 180
141 234
87 184
79 207
10 31
8 99
167 192
78 112
120 157
164 265
132 210
55 118
90 118
189 287
219 262
57 103
26 191
209 245
36 151
96 134
43 221
129 198
15 60
60 192
3 255
65 104
186 237
91 201
142 157
68 137
90 186
254 259
154 224
0 174
24 91
1 208
35 191
36 204
185 193
6 49
197 232
46 285
65 85
46 241
19 114
28 208
104 129
137 264
16 189
181 223
33 102
141 253
232 295
100 280
211 254
215 261
80 176
186 244
148 194
111 259
44 250
14 199
125 149
108 179
58 293
215 250
79 137
161 267
4 171
184 212
61 70
27 90
54 258
172 207
35 259
84 153
36 40
235 290
113 116
172 229
251 263
213 222
116 168
138 218
129 167
131 206
58 97
31 100
65 122
44 76
46 77
267 288
0 134
66 118
161 231
151 283
42 118
110 194
185 233
72 250
68 96
70 80
102 228
13 194
37 69
9 162
73 214
254 279
28 264
241 258
175 203
217 250
3 191
20 294
166 269
103 266
221 281
0 200
91 137
191 287
43 179
31 299
178 256
139 209
250 251
202 241
162 274
67 160
187 262
83 133
108 139
86 299
121 149
80 174
32 253
104 292
140 277
77 278
48 235
229 255
129 195
15 184
130 287
1 59
157 277
55 180
23 195
15 166
40 167
33 61
96 221
25 215
99 120
63 70
13 76
14 106
212 246
119 177
128 216
138 204
139 214
117 191
165 288
114 255
252 268
183 280
139 172
233 281
112 197
40 98
159 275
3 225
64 120
248 261
98 244
181 254
175 284
51 54
175 243
254 257
42 295
129 144
55 278
32 45
36 206
44 140
54 176
108 197
74 117
112 256
1 71
116 133
189 217
0 99
86 202
52 69
6 293
227 249
12 52
33 153
124 222
137 193
96 185
39 44
14 185
75 258
67 180
158 285
101 184
133 174
213 265
52 256
282 286
169 267
52 137
158 190
45 179
50 62
132 225
87 135
74 136
166 167
62 276
14 82
122 227
151 232
9 92
112 289
131 274
5 186
43 123
235 270
93 109
63 116
28 186
242 255
64 168
163 228
298 299
44 161
67 151
50 197
51 241
6 284
176 226
196 272
116 170
8 19
103 229
21 127
11 14
36 290
158 260
226 238
135 258
106 265
21 89
239 259
160 241
144 288
131 252
21 166
73 261
175 239
12 246
219 246
139 231
209 264
122 212
41 143
173 206
0 113
72 168
210 297
58 149
171 234
198 285
172 288
74 263
137 258
206 217
165 172
102 190
88 250
6 254
189 258
106 282
34 239
8 70
77 276
76 138
126 132
57 233
130 241
175 273
5 9
151 254
64 128
37 233
155 251
118 283
132 140
23 32
207 263
48 82
49 239
4 70
199 251
6 288
60 136
173 251
248 289
19 87
38 145
88 193
45 158
121 156
41 205
21 85
158 181
5 139
116 213
249 262
177 180
186 290
33 210
8 83
94 241
111 262
63 99
28 135
86 89
7 26
72 214
5 192
162 239
208 248
22 286
104 270
64 91
175 182
67 182
27 149
127 169
232 299
123 153
96 145
120 142
84 124
218 260
1 188
12 106
42 214
58 76
53 152
107 208
66 240
56 61
7 289
186 218
1 45
23 54
72 96
13 281
160 210
235 256
182 265
13 124
59 62
172 203
16 25
104 230
70 236
36 84
219 233
103 265
0 245
119 191
43 190
222 259
152 196
212 285
63 153
128 228
115 237
35 250
233 275
238 264
44 72
131 216
278 281
206 254
22 177
170 198
75 188
26 60
14 263
38 244
61 97
91 241
243 291
184 223
29 59
132 135
75 113
263 277
33 268
22 141
89 274
126 244
235 287
26 192
45 120
253 288
172 216
213 227
17 148
39 165
36 57
145 215
177 273
10 233
50 212
143 251
137 219
165 170
233 276
39 153
213 259
145 258
13 29
161 252
95 183
175 275
12 266
6 143
24 180
151 266
72 279
10 295
19 167
244 291
16 23
148 288
139 244
9 177
100 118
194 239
51 193
25 118
72 90
4 276
54 94
178 234
128 220
189 220
36 169
225 240
226 254
172 281
80 131
209 213
138 270
15 296
182 198
63 149
102 176
129 277
98 240
144 272
86 280
249 260
7 268
114 175
207 224
181 285
86 101
52 61
108 178
72 286
130 268
12 252
65 190
97 222
159 230
144 240
99 236
100 230
4 275
147 157
102 198
6 263
34 43
94 168
47 235
100 204
164 217
102 216
3 93
53 75
55 294
6 238
276 278
4 115
174 292
108 147
58 233
234 248
104 179
20 199
159 187
41 222
37 256
65 157
57 296
66 261
122 275
179 193
89 136
184 244
193 223
254 268
195 290
32 219
154 245
44 270
181 256
12 251
205 259
23 284
38 264
36 241
158 215
122 201
114 154
252 288
119 294
146 278
74 203
15 98
173 270
79 126
91 172
45 261
29 203
102 162
96 170
39 63
231 246
7 258
204 291
69 94
57 93
174 273
148 215
229 293
89 145
151 273
20 52
180 276
185 243
53 137
105 221
19 25
12 242
78 131
62 89
186 205
45 118
17 19
198 210
166 263
67 128
69 172
217 230
133 242
228 251
56 292
116 189
26 232
188 289
221 248
11 178
53 71
29 196
115 299
6 81
94 198
88 254
83 241
74 166
205 239
76 134
135 269
44 95
40 135
123 229
76 156
96 253
129 255
