nnodes nedges type
300 1000 graph
nodename posx posy weight
0 2.832549984128682 -5.474970974048226 41
1 3.407907215996624 -5.728577338931625 59
2 1.0592424638868103 -5.471685400736907 11
3 1.9966178900573575 -2.947466034610283 67
4 1.0932070263102243 -2.1584846377791664 24
5 2.8687599006919466 -4.331117819469423 88
6 0.460978470417435 -2.4002408906130914 74
7 0.6404166545020844 -5.464239213046015 82
8 1.9489627486285535 -2.360656377639129 65
9 2.7952100242673565 -3.6158362185590387 62
10 2.559705842601701 -3.6477553488725585 2
11 0.20317410973759803 -5.554649163222411 70
12 4.79691217763026 -3.5329439287128053 33
13 1.3731386171870534 -2.0842606226020077 79
14 1.7378339606069544 -1.8583068399924718 22
15 1.9777932391071882 -6.55787008969061 39
16 4.241594315933464 -4.030263838242612 8
17 3.363162833583687 -3.923508546711576 89
18 -0.3815677163682334 -4.8597930652640215 56
19 4.051293848834931 -3.091240180583189 96
20 0.6867688284805875 -4.379927965380453 78
21 2.908883894616324 -3.784703780572052 80
22 0.7462664228285293 -4.0064744210851035 50
23 3.1048081343414546 -4.391701691687981 26
24 0.9657780455415327 -3.5731961021136964 38
25 2.6676805873980407 -3.5063243114985503 2
26 2.0006954276574525 -3.404697495655379 78
27 4.106425805777342 -4.463859653597456 89
28 2.7463200812894724 -2.9534361796195197 78
29 2.9649975891950833 -5.068939482614973 50
30 2.03689596739906 -3.7109700323999575 3
31 2.7516263067779745 -1.6008688602277714 85
32 3.062263113264025 -2.687600018726615 73
33 2.9523764089138993 -6.2225426423959735 56
34 3.5132481320520323 -3.9718568309274414 42
35 2.0800317139908824 -1.6385483714665092 64
36 1.8798044073093527 -3.9332863417890147 16
37 1.593235094998177 -4.055823485800845 79
38 1.56069160162098 -4.275874792529395 95
39 1.8823792996727866 -4.963515148342363 61
40 0.7924737496889595 -3.099137293981173 88
41 0.5687487461900049 -4.740170547057694 7
42 3.7018943957892687 -4.761626429964858 13
43 1.83078492641053 -5.302558676326379 73
44 -0.07909478557159416 -5.725667275839299 14
45 4.142407050070808 -6.0720907759716285 86
46 2.2938477489289752 -2.2721789992412234 72
47 3.9678295629039537 -5.800546885897246 68
48 2.022714867010836 -3.9748370790796717 36
49 0.051655434718651 -4.4085514254488505 25
50 3.832425292355727 -3.497672758231814 73
51 3.2778499276884823 -2.917681678006858 69
52 1.1573613758435466 -6.088946134118409 99
53 1.5590994041817465 -3.2128728461236133 3
54 2.4071821697737867 -2.0939874031001935 17
55 3.1576124743661484 -3.7821766959137415 27
56 1.2197395202085166 -3.4534561546363896 15
57 1.8115879430563118 -4.722269721037916 82
58 1.1802033123961622 -6.88010658935144 97
59 3.5110064397879848 -2.816940770863484 60
60 2.0604658855501903 -6.796492710158113 45
61 -0.41488484672887654 -5.342205029307197 93
62 2.115532315563792 -5.975172254973263 19
63 2.8374290329774525 -2.5221233479266667 12
64 0.8890354119048922 -4.2148651659587815 91
65 1.464866104166458 -5.602172247643329 93
66 3.377178544677756 -3.4198758622609247 82
67 0.2455909349003718 -3.169688222187268 29
68 4.700227501349935 -4.636168286581045 35
69 3.5945921074643916 -4.944042757769397 26
70 2.904555189280544 -6.353898753823485 1
71 4.74147687940352 -5.45487734332955 29
72 3.6201074100722805 -4.666673551641545 79
73 1.7957836491252426 -5.4997986770533585 12
74 3.76125094834919 -3.7427887966255686 13
75 3.2673680308716366 -3.1540429176355733 4
76 4.291228939602218 -4.071977781220739 100
77 2.2536402362308507 -3.3163071890807814 40
78 0.7107319445317456 -5.184728573019088 55
79 1.6071727005875114 -5.096513723790698 59
80 0.19977570610517034 -2.4745611010948156 28
81 4.53262429083743 -3.2850469623264225 77
82 3.903884071412591 -4.308705743527719 48
83 0.8963945656860832 -2.3491232130909565 94
84 0.2249580506505479 -4.222529445819037 62
85 0.33247142328761536 -4.654322004988489 47
86 2.614441722811273 -2.1965049804196823 93
87 2.643697218736367 -5.0661081766357015 9
88 -0.1772925338229455 -4.301304704116821 64
89 1.5856325664741318 -1.9663356064957325 10
90 1.3637839447276883 -3.6210197825006314 89
91 1.3429742942674183 -4.039040381773712 2
92 1.4098123490865038 -5.122629569331676 56
93 -0.5281896779322852 -4.988300460663983 33
94 1.4624770906238391 -6.1975889361581435 56
95 2.654739399088361 -5.867263445043816 72
96 1.3010705700563183 -4.2753676809139005 80
97 -0.24149843515380717 -4.344837514562659 20
98 4.181568991588452 -5.957859988169483 84
99 2.2450048632908266 -4.669249541007757 64
100 2.6410613298217513 -1.7429652191689813 74
101 0.08265550672819022 -5.473083728558748 81
102 2.2360369858160407 -6.139180040802668 85
103 0.4767208685236073 -3.2139780954825152 54
104 1.714286238899804 -5.041593642090984 35
105 3.3947445613742815 -5.2483542516064965 90
106 2.425059320120915 -5.026318993678692 73
107 2.0307485252036646 -6.289524283870056 93
108 0.5138370876964957 -5.10573753098216 97
109 0.7128801327029831 -6.171047471533235 80
110 -0.1086008622438843 -2.2535632986500014 46
111 4.015182553333559 -5.085117215158084 95
112 3.272800185236211 -5.983588434807058 21
113 1.6104860562585854 -1.0537244324207875 3
114 2.8808050562839065 -6.636933686150665 75
115 2.874044574555854 -4.770443493663789 28
116 2.3702112603224608 -5.505152711449429 50
117 0.7441859349306268 -4.893658568811442 42
118 1.404277546214609 -5.260528396831615 67
119 4.191500750699114 -4.959552859092918 22
120 3.7825306871796656 -2.5649267575033723 74
121 1.9224364796620983 -3.8056061908276027 8
122 4.218393323643265 -3.780445292546221 43
123 -0.5155913583083692 -3.0029852581955665 19
124 -0.6047887674196133 -3.7867789603503796 40
125 0.18026015688109906 -3.6321588594845546 62
126 0.6477556990990563 -6.984692806614698 43
127 2.630030560439865 -5.286559099541926 78
128 2.177589354168507 -5.016441226546298 11
129 2.7056569285834224 -4.150306302629954 38
130 4.099761157348606 -3.726460871349333 6
131 1.3583555058731274 -3.8035290959302928 57
132 5.076817229954358 -3.130796251864244 16
133 4.162206384387398 -5.426337226941464 63
134 0.07839886795208864 -2.643725818441623 45
135 1.90824360243994 -4.520322957222977 37
136 0.9123788381067464 -7.205878047172616 24
137 3.4514032402476595 -4.14326841171688 48
138 4.354251747599457 -4.482650901459957 18
139 2.28243692096316 -1.996953646206929 57
140 0.6496338124783059 -2.461807797509997 76
141 3.7640165830802985 -2.8753545080532446 69
142 -0.23589555366559614 -5.52759470608335 2
143 1.3773065018923145 -0.4831182090741841 91
144 3.263514846931883 -6.728785476033302 26
145 3.66953076082112 -6.02083716886796 81
146 1.5857721796572795 -4.766091770219105 45
147 2.885479310345878 -2.1081755309889862 57
148 3.2561717585880277 -6.949252652330827 76
149 0.3257420574066825 -4.116241086837043 95
150 0.18379287163805555 -4.939270404493611 54
151 2.6479924513703486 -2.757699174053078 48
152 1.7022893611384846 -4.2046024280003484 9
153 1.9331336155775853 -3.201040779395531 24
154 -0.06479418358971067 -4.724155402354184 30
155 0.8813190710440848 -5.567049748504935 25
156 2.580057864255486 -3.260754680515262 68
157 0.652212251817054 -2.994080698362841 92
158 1.6231350656222467 -5.812484479117465 37
159 -0.5635702824169565 -4.445253568316287 81
160 1.2903357693500925 -6.2426554245825825 26
161 3.280605751333726 -2.2484601014650436 28
162 0.9758641828712816 -3.780077931601961 99
163 1.0242820882020853 -5.215461338791884 73
164 3.8269906691793443 -5.305119711168046 52
165 3.1392375106351667 -4.759706505363884 53
166 0.8161980792465696 -6.592822548747462 65
167 0.1848254453431893 -2.0725543467257563 82
168 3.0858546143383 -5.817468520356518 43
169 2.2446700316097847 -3.5618459670348983 7
170 2.157069038414692 -5.408703303107465 37
171 5.1495395293860415 -4.478790207387576 28
172 2.530236631741978 -4.403786713132438 26
173 0.31394502638544114 -3.9713456228892836 53
174 1.623928738614952 -3.711526122537476 23
175 1.2908276467830562 -5.978718233112916 8
176 1.127481628024928 -5.062716412758568 61
177 3.13464660279311 -5.1251982421513205 68
178 -0.1434010734598413 -4.00293018985323 58
179 -0.0022933068877154924 -3.715373184865494 52
180 2.5634472964750157 -2.8478006216179743 98
181 2.1324265000571136 -7.197389973740168 14
182 -0.5655685855092315 -4.208350765070312 4
183 2.345283354887678 -3.34154102562673 100
184 2.9744181382854333 -4.079722611113495 19
185 1.785094472810222 -6.17013211668314 27
186 -0.0057146994104307035 -2.059180210514957 1
187 1.6300859306752016 -7.023861785056843 51
188 0.5515452518294678 -3.872509349504029 54
189 0.09015179635368888 -4.8229938233327525 59
190 0.7070360702327922 -6.021225155268688 5
191 1.118900986892735 -2.861302571389171 8
192 3.738386633204207 -4.283908407948465 2
193 -1.9503093283774695 -3.7414864889949606 98
194 3.108655708515186 -6.261211671775952 81
195 3.626568084696682 -3.1399629213167035 31
196 1.6441630623815688 -2.44927012555322 64
197 2.7495969543535526 -6.0175750674438735 45
198 2.024897304925471 -2.8480329071851807 37
199 4.461012989935265 -6.27756714991969 51
200 0.9664245864746651 -4.818959960994293 70
201 1.9674857712306402 -5.354190219312772 45
202 1.2203996059412965 -5.7928009406349155 47
203 0.7746547718528939 -5.8220304992486955 6
204 -0.33218020498311546 -6.047479800421139 8
205 0.3666984607130589 -3.368542299525827 26
206 0.9996835962718211 -6.652690233515418 70
207 4.235633112810455 -3.156468404315561 53
208 2.8557182644148753 -1.9170878792069368 10
209 0.1727609975218141 -3.1132629416604964 17
210 2.412978403687316 -3.755922442015731 12
211 4.103082511961875 -5.490111791289567 14
212 3.9609721373868774 -2.105546852093157 81
213 1.455753938301357 -3.170318301603438 46
214 1.0645784979067943 -3.158811230077764 18
215 0.05413811236768279 -6.194460554211453 62
216 1.4673705220393298 -1.7747980067962905 65
217 2.0386553334136974 -2.6318958884117736 40
218 4.017334704346977 -2.902947810393598 70
219 2.6559933912163722 -5.735100070549759 37
220 -0.4186503137465198 -5.904759471179581 62
221 2.3488444586126653 -6.038657504207403 98
222 2.3015890430577732 -2.9581816439858604 74
223 0.28299896965332977 -5.409056226765298 46
224 0.11306384180785224 -5.875131101719359 39
225 3.9756048477319674 -6.358887196258225 41
226 2.338462334509055 -5.79647212392124 63
227 0.2856811628276268 -6.957312709405676 29
228 3.3284124300267988 -5.577235507568179 55
229 2.945945209308932 -3.318428991995765 33
230 1.2868101006860573 -2.9642428341989326 4
231 4.475006601214823 -4.977859599092795 59
232 2.64981544744883 -4.793101424240788 76
233 -0.5027574997620039 -5.465652034466623 89
234 2.6696952256061466 -6.426189168687265 38
235 3.6467850075225208 -3.826014408959242 34
236 1.7604875678539658 -2.0472039765129866 77
237 3.7549144570276525 -6.393018676350351 92
238 0.6413448343280841 -2.7626522342920277 39
239 3.3762250441463126 -4.264576722908721 29
240 3.2579198637806823 -1.5144228783668772 2
241 1.3525883008738944 -4.593155631158784 14
242 0.23740005560682773 -3.446654860205117 90
243 2.114510464280461 -4.417447612187789 24
244 3.925366823356787 -5.464827320412092 92
245 0.7309179987378911 -6.362299664452366 81
246 3.958304735819773 -2.62203790002923 30
247 3.0634706849956737 -3.110876597092283 38
248 3.6214203677039896 -3.5793047081698646 39
249 1.5617685244396147 -2.9373670215262977 90
250 -0.14335957855367548 -4.909745158623774 63
251 0.8085002342481726 -2.8627047758012636 22
252 3.6740812460153056 -5.066766099350253 42
253 3.3609081429903607 -5.374589351896595 26
254 3.011772387999234 -5.558219023993255 41
255 0.8656215826550973 -4.583242938856951 89
256 3.388278525690121 -4.477604200607303 65
257 1.1275895861380358 -1.43949329385643 88
258 2.37609960717441 -4.231227233337214 96
259 2.191735891393444 -6.744415322480027 54
260 1.247206695588387 -2.626265152307011 28
261 0.0202963113108892 -3.2660799522396755 32
262 2.7476281579240673 -6.890520609407455 27
263 3.3013133139952777 -3.3524857552639644 67
264 1.5857803430204254 -6.6835015977845575 68
265 -0.45441729466721115 -3.5541086000548456 73
266 1.4051560674093329 -6.591452857164721 92
267 2.31769812878641 -6.455307223278363 31
268 2.1222782105261775 -2.173964684418158 93
269 1.7639947282538873 -6.342056464228665 5
270 0.0524450432644501 -4.305222067358683 58
271 3.653242641739799 -5.60773147837093 19
272 1.7873006171077246 -3.6125172669892147 96
273 1.0209844172851246 -2.439858327334171 69
274 2.4527214950567373 -4.002701228378817 75
275 3.5882665865056276 -2.4102244029629496 38
276 0.7251825576979213 -1.9318590700459448 37
277 3.418073060031133 -2.521584773899658 24
278 4.989474819199125 -3.856467024617048 24
279 1.7018220130135298 -2.807195303458889 34
280 1.3418069394031191 -2.3528058725235006 67
281 2.127287288777291 -5.59008350350211 29
282 0.3611614287048456 -4.552321574952766 37
283 3.3953829120199606 -4.945902573693333 50
284 0.05465978086600458 -3.9077195533106117 72
285 1.448882537632866 -4.7074268245098345 61
286 2.8413961057071337 -4.645875320357833 80
287 0.8653589540787648 -3.457870772503863 25
288 1.9187207303719236 -7.095705046473726 48
289 3.447961242555932 -3.7946600614142896 75
290 -0.26684471146449334 -2.404595623428193 42
291 4.277379642419235 -4.664892545653565 52
292 3.2028777485484046 -2.100736522208069 99
293 0.8379733541038669 -4.8042320347862155 3
294 2.603150938509885 -6.15118482821283 88
295 -0.726566853005075 -3.791913632961748 40
296 1.449463486688806 -6.40428558309952 62
297 3.1295983456236574 -2.3893087478396846 29
298 4.824254131971604 -4.554773850287572 23
299 0.3125432258611467 -6.2771231398887855 68
endpoint1 endpoint2
141 183
71 111
39 282
32 207
107 252
57 185
5 57
15 221
29 163
160 190
85 146
22 117
119 165
226 252
176 234
2 104
107 163
38 149
86 292
2 269
232 296
79 253
137 164
33 252
26 135
7 270
174 261
92 285
16 286
41 118
181 226
37 248
68 122
0 166
20 169
68 278
18 284
160 223
57 194
183 192
53 268
235 271
34 283
17 132
165 201
160 181
2 73
157 179
5 272
14 153
26 67
52 224
43 189
259 274
1 115
25 258
151 155
1 158
39 137
45 54
124 261
107 190
86 273
141 207
6 127
0 135
268 292
92 109
173 190
19 183
42 119
60 70
78 285
165 232
124 134
95 107
56 158
179 233
235 260
239 248
22 142
268 280
152 270
189 236
27 241
131 169
34 268
182 295
17 151
9 50
251 287
99 253
241 283
164 194
15 201
90 209
129 191
198 243
139 208
5 291
202 254
38 135
64 243
207 240
117 249
47 62
103 173
183 214
83 292
79 158
158 220
97 101
0 170
22 129
5 183
102 111
74 75
101 202
270 293
251 276
31 196
31 275
202 269
29 168
118 175
148 259
72 180
38 55
172 286
257 276
99 174
18 67
60 126
87 298
57 243
185 294
91 115
119 226
52 288
11 96
91 263
102 286
170 288
23 219
95 192
153 188
52 215
70 210
106 228
192 243
104 117
230 287
88 260
24 205
138 244
200 284
19 119
162 293
223 255
29 219
25 235
105 129
151 156
58 128
70 160
12 19
210 243
283 286
43 78
231 252
50 63
141 212
37 156
7 215
24 191
66 122
69 267
121 242
32 275
62 73
93 149
12 248
53 131
45 102
129 232
239 253
0 69
132 278
34 77
208 216
237 267
50 77
200 259
197 266
9 128
108 219
227 269
109 227
10 135
15 194
285 287
73 163
223 228
96 177
95 258
97 128
115 289
102 175
61 293
168 175
34 112
55 127
84 223
174 274
224 269
97 241
120 122
34 106
147 218
96 106
50 137
34 207
39 118
230 265
217 255
205 281
101 108
42 141
17 30
35 63
35 275
39 170
82 137
149 178
171 237
77 86
216 222
2 285
22 216
102 166
157 222
199 283
248 283
65 112
47 192
176 214
21 75
65 106
23 230
16 211
118 255
72 228
79 152
294 296
21 53
57 287
92 267
94 116
36 115
82 241
1 210
101 238
219 228
13 210
5 256
17 23
224 233
10 256
149 209
8 272
18 20
1 244
23 25
179 188
2 115
162 213
10 147
79 202
30 214
134 268
145 177
51 55
106 258
184 297
66 275
87 112
46 191
12 256
77 131
49 188
90 157
150 261
84 203
35 213
117 234
5 27
20 37
121 239
32 195
57 266
88 189
106 107
163 224
210 280
156 183
10 176
24 282
126 203
250 264
7 170
222 229
102 219
136 187
13 191
74 195
175 177
248 297
14 188
238 284
188 274
168 269
125 273
55 74
105 169
4 251
65 100
214 261
140 191
182 242
86 274
89 110
204 299
135 284
16 231
43 102
59 192
87 254
38 242
204 206
16 253
48 285
13 123
5 46
147 280
94 293
11 206
42 128
274 277
76 252
10 32
49 242
3 67
109 269
4 83
232 246
175 190
202 243
29 117
99 222
41 183
133 148
100 268
187 203
34 249
144 269
154 213
258 285
34 211
11 267
92 272
28 29
180 255
96 280
101 146
41 99
11 118
62 118
6 149
25 32
92 270
87 90
130 239
53 273
49 154
19 161
7 11
64 162
64 279
44 125
159 213
45 119
209 295
120 209
121 197
68 168
269 281
142 166
146 272
115 258
164 291
72 177
222 249
146 247
84 250
173 290
36 137
234 237
249 280
50 164
44 94
17 217
182 230
185 245
3 26
96 99
92 249
93 124
179 242
77 226
10 292
53 54
50 152
24 91
51 218
63 218
179 293
89 167
197 206
66 151
138 239
8 167
153 276
74 119
10 183
79 174
3 177
9 275
74 291
74 252
174 201
250 271
55 222
51 230
55 81
164 211
53 200
210 218
48 129
89 250
47 262
203 215
83 108
10 251
62 135
16 263
283 285
230 243
41 109
18 224
20 57
128 152
37 114
179 251
180 235
127 145
106 198
72 243
12 68
73 286
124 142
39 197
32 272
41 299
65 189
16 248
25 163
151 196
49 229
103 154
74 298
163 200
91 176
75 90
139 289
136 189
4 86
84 135
202 282
25 239
79 221
86 161
28 76
29 122
153 297
64 94
52 269
262 294
46 196
73 234
160 299
2 182
57 91
33 232
56 183
66 258
116 264
2 15
161 268
166 299
81 235
72 192
21 130
210 273
263 281
73 93
83 258
106 122
232 271
123 189
176 272
95 135
46 229
161 172
40 289
80 257
148 234
214 274
15 146
32 100
194 281
159 163
40 123
213 263
87 155
33 106
121 149
135 279
62 155
106 200
135 195
84 108
105 289
92 107
98 114
68 111
270 280
178 186
152 185
220 245
17 248
118 146
36 249
22 39
32 260
23 38
111 229
92 294
128 162
57 183
0 118
86 217
72 173
0 207
197 237
116 190
26 147
105 256
51 137
134 265
21 192
169 258
85 220
22 79
25 140
77 134
1 165
73 254
0 138
74 129
193 295
128 131
80 88
125 154
206 267
14 75
110 191
48 222
100 113
87 194
104 116
35 40
17 130
16 32
157 290
217 238
178 233
196 216
138 247
28 89
80 134
61 188
21 239
135 160
265 276
77 165
158 285
37 179
74 277
282 286
2 24
127 181
78 232
144 199
73 231
42 232
161 279
78 146
69 278
217 247
6 46
74 229
42 133
102 114
4 179
153 210
90 256
174 184
52 106
26 229
189 204
4 217
98 172
153 244
49 215
275 278
40 80
111 165
115 235
138 171
59 238
87 156
189 265
139 287
82 197
90 96
66 116
136 288
69 82
23 291
14 257
43 90
62 115
136 262
102 154
255 266
57 279
75 144
160 215
92 150
103 260
40 285
77 125
104 241
183 236
196 287
152 201
33 118
28 222
5 69
30 238
95 264
200 245
30 87
41 93
68 218
5 111
235 244
165 271
102 187
104 294
133 289
17 228
147 198
19 26
48 264
38 287
63 122
40 169
71 115
100 151
55 172
170 247
25 213
188 250
159 255
112 267
156 191
143 216
74 292
39 160
118 172
152 208
212 289
20 97
64 295
7 178
117 189
0 267
146 243
94 197
107 175
46 212
10 252
176 204
61 155
32 246
41 205
133 298
30 96
76 129
170 202
23 252
108 154
85 97
3 30
32 236
63 268
106 219
80 90
125 152
151 257
116 243
25 180
27 168
156 263
48 115
51 222
81 82
105 237
28 36
57 190
59 174
272 287
78 179
38 85
30 54
128 262
85 159
162 239
153 258
191 277
114 244
92 184
11 295
64 91
130 169
115 228
124 182
282 284
240 247
16 192
94 95
47 68
70 187
18 85
169 275
142 227
21 56
151 286
63 104
84 191
133 199
168 213
28 279
129 239
99 104
5 47
81 246
112 128
43 289
153 174
70 119
130 291
73 88
150 210
105 248
135 253
131 165
9 135
3 293
284 287
39 172
232 245
166 224
152 196
91 170
60 244
101 175
113 249
232 274
178 287
92 173
157 196
21 103
210 235
229 232
15 145
127 188
107 262
21 294
74 177
140 282
169 200
37 103
175 266
128 137
178 191
94 114
26 38
67 241
114 288
148 281
105 225
226 296
7 38
86 218
15 202
9 55
40 287
208 246
20 135
24 121
26 73
273 290
7 60
152 203
90 198
222 248
121 183
106 165
80 261
104 258
134 157
108 135
144 259
28 246
133 184
285 299
39 153
24 180
69 99
104 206
36 124
5 170
38 285
216 273
64 184
167 295
10 172
62 203
25 219
5 59
240 276
58 176
7 150
11 88
234 291
30 205
109 256
114 225
56 297
44 175
56 125
221 243
38 42
196 251
157 214
53 201
76 165
131 198
55 76
43 211
156 198
53 243
22 67
164 285
99 185
20 56
60 87
146 165
9 208
120 248
131 242
61 109
41 255
7 241
165 225
79 142
8 173
30 52
116 129
44 166
85 157
90 261
171 218
75 210
139 217
66 165
108 296
105 269
140 162
233 296
167 205
48 157
92 117
91 273
168 177
200 209
224 265
170 221
9 217
28 152
69 127
38 104
82 89
18 281
72 98
133 197
126 233
239 254
149 226
69 274
85 188
64 172
18 142
10 184
50 231
97 110
31 183
54 161
121 195
78 162
17 145
49 241
43 176
142 220
3 66
13 183
5 293
139 222
27 277
223 260
201 226
221 255
121 172
40 84
196 247
187 202
2 150
55 120
30 141
211 294
118 251
156 232
52 160
71 211
33 296
115 130
56 163
105 221
230 268
24 85
24 222
202 293
85 175
17 138
191 261
4 91
137 247
66 183
44 178
8 30
51 281
63 186
131 178
70 145
88 117
65 254
17 79
248 286
55 254
6 242
158 172
126 259
8 74
64 103
185 288
9 203
39 241
155 255
