nnodes nedges type
300 1000 graph
nodename posx posy weight
0 5.303711066467668 6.301220472983377 69
1 3.1755522109618743 5.289997869290989 49
2 4.803004015334587 7.219671472182088 95
3 1.5718821888482704 6.746555762480624 56
4 0.30925698483610836 4.615182154293387 90
5 3.127665900227924 8.387041973778977 49
6 2.1048959686296436 6.863716314309214 35
7 2.6102142896193095 4.627992132093889 66
8 3.7150463208439266 5.853638867999499 93
9 0.43029574507906143 5.399693462045275 44
10 3.491145569896587 4.193890944266834 89
11 3.9452958638039326 6.3026962018371755 75
12 3.225931217525938 4.191818080844605 61
13 3.857151214145135 4.22496337054324 30
14 4.125320655420307 7.769692294631048 30
15 3.1784901030108275 7.378821198124272 55
16 4.514955163291908 7.9380187388356935 62
17 1.4911201005761794 7.448367015226063 53
18 4.488161030440288 5.176335611241967 70
19 4.582853142622973 3.5949105299079123 31
20 2.2702688484946703 4.8734655564868925 53
21 3.905063269877575 7.003832381411842 55
22 4.1555755947327295 5.17103451899316 89
23 1.4459743557673335 6.317390442798549 91
24 4.735355348904654 7.360943264257912 76
25 1.106455006127321 6.986257350529537 42
26 4.000058415727837 7.971050481997615 57
27 4.983058325202642 4.681571356775332 4
28 2.0843469016975757 8.290305215842157 38
29 1.8411387035303495 3.8043941824939167 95
30 2.146848388426186 5.76555670899343 90
31 4.789892763883544 7.958088423931251 58
32 1.71571336450252 4.2972176198030185 30
33 3.9119499578974533 5.908050537550257 49
34 3.1919600741229606 3.2729713283974804 90
35 1.1279819517723637 3.801216211348223 62
36 3.471084023494631 7.675745781278943 28
37 2.0777680110774215 3.3849569674436206 56
38 4.437034186596197 7.379748056296023 37
39 5.092247362075834 6.135000647679059 59
40 3.297081941940608 6.322647723299171 54
41 1.8729258220677065 7.120583084361228 86
42 3.5893525220966422 8.490216938903513 35
43 3.9992653153036564 7.26914587651884 10
44 2.544339518247669 5.721677758933212 73
45 1.5431205702089694 4.327712302655531 8
46 3.5243781258210136 2.877955793116254 20
47 5.330198853800164 6.918906697173241 45
48 4.395050687576027 3.6689832213434754 62
49 1.4684497795037885 4.089054967665775 97
50 4.963836300310279 7.059564007943148 19
51 2.327999386849773 5.34819138394033 43
52 2.9464756392066387 3.7996509276463954 50
53 5.7112135865368785 6.295929990028769 78
54 2.2165836514715243 6.6303474307440515 91
55 5.393254749807601 7.721428003361422 60
56 0.7515142829879643 4.227321345389058 9
57 4.204155374192131 4.841483023822779 3
58 2.6264461901694833 3.293548673134659 44
59 3.710679732287973 7.645517505853952 52
60 5.758582265489739 4.865022711695322 83
61 5.611448697589421 6.6370794819630445 65
62 3.6107056654909715 5.397146387697891 79
63 2.8302939161694627 5.4672421028448035 88
64 5.075009703009981 6.527660379709388 86
65 2.894684364635425 4.631017292716234 50
66 2.651926753248245 7.8383985194536265 87
67 1.09104616582381 6.7094637299811914 18
68 2.081803411708538 7.13702148681064 65
69 2.9375052186670643 5.914441272410371 54
70 5.624255882194007 5.484598832404673 70
71 3.2653787113976733 7.788299108869272 92
72 1.8522294907525303 4.288523226985564 22
73 1.493456010196176 4.973796219703326 66
74 0.5613456135891711 5.6565041609980105 31
75 1.9900947643053233 5.281169030539128 19
76 3.798773305292801 6.614336346572904 20
77 1.5420479625227443 5.8379999678751435 89
78 2.2025743063528944 6.072135342330305 90
79 4.37925376166593 4.876621667020048 62
80 2.8055245499441734 6.584730121102985 37
81 1.5016959223828448 7.246182711217576 9
82 4.444325710844672 5.873500377277008 74
83 3.7994180004043465 8.02164606267751 76
84 0.7987785167482514 6.603448519777366 27
85 3.1393219395442227 3.5963002795722327 49
86 2.5400459078622712 5.843832807185904 60
87 5.353469944811864 5.877954504880608 88
88 4.045365042132798 3.587263930789663 99
89 2.9853119791366614 7.719701159698168 34
90 3.385236651993341 3.225477055127141 74
91 3.2971264987360005 5.766875635929517 80
92 2.4830981593461763 4.952740203941975 14
93 4.9038155310999185 5.814366817524754 40
94 1.9571846129274666 6.822136473526912 99
95 1.5397010173071821 4.826213347213126 78
96 3.110334015943497 3.9109584587175608 54
97 4.318724480609053 5.382023184945408 93
98 1.2845906474446074 7.875040131659485 48
99 3.15429084721446 8.657946420204171 14
100 4.3022034388553285 6.5377895033617515 39
101 4.212371428655629 3.9339770078063223 34
102 1.529891179708269 5.378816489769356 37
103 5.381598698919512 5.065260043160902 75
104 3.361200833570358 2.8040939374097746 86
105 1.625279353950995 5.045713488954461 50
106 4.6471949178485 4.0065681212658895 100
107 2.179526775319368 3.9811446334542437 17
108 0.8832542908372639 5.692920772071224 31
109 4.4880911001447314 6.129326525010523 9
110 1.9415282720283487 5.62636300476908 55
111 2.599617268745418 7.03285057958006 84
112 3.0933809387614466 6.133855000887503 96
113 2.196115519482264 7.189144515879236 16
114 4.231070822871216 4.039333018532025 92
115 0.9171526877379457 6.017464856358588 89
116 0.4520621796276467 6.9041138429289965 95
117 2.376692597388184 3.0594054939235216 40
118 2.771442726537434 7.423325154186518 22
119 1.7411046626870144 3.8514604888537756 41
120 3.005569889038039 7.435719573658817 67
121 2.2952276748792326 7.344039526891112 37
122 4.594198145901964 3.9298918634464073 52
123 1.043893884942931 5.163287321356859 88
124 0.976328595707138 4.321215661419649 75
125 2.453123885343849 8.31347585342605 51
126 1.2099845817792463 4.745792103120238 21
127 1.936482477271457 6.355350000185206 80
128 4.3353818502856 6.2623568276993264 17
129 5.76384444809278 4.3786746302042605 89
130 2.58598174887737 5.311504098017446 9
131 4.788021362934877 4.485260349631742 100
132 2.8022252976145974 5.3000974406136585 21
133 4.097304852195817 7.055496464908495 68
134 5.246361259860915 6.88047904832671 96
135 3.3502834693886463 3.808180962934104 7
136 1.8467681395574223 6.625827737897836 93
137 2.115276781610592 6.193146485276085 100
138 5.293968629918346 5.341307505424357 44
139 4.060713404389042 7.349486004795269 32
140 3.623668682648947 6.745677436187724 35
141 1.0081826855828966 6.725633091237761 12
142 3.1766493575189676 4.936267299068792 53
143 2.70285300039784 3.8650448677014113 51
144 3.3549540575330323 7.730443447611857 33
145 6.124069825581819 5.399819498888381 37
146 3.834908528057283 4.877171136136213 62
147 4.27937731157933 3.694195048708557 50
148 1.2067610503713175 7.116455024643233 63
149 3.9674433098783006 3.450152244357959 38
150 2.638921382231229 4.05539124779421 13
151 5.2380578564161775 7.282191669863092 68
152 1.734472818371775 5.399816611516979 41
153 3.0167412446128763 2.893718129810154 13
154 1.790584280943001 4.759205423282524 66
155 4.122254876757672 5.304233338097458 53
156 3.0618623470803454 6.779122715378382 40
157 1.9883721994211754 4.5709997613451705 88
158 0.8583684885210364 5.956060464815045 95
159 0.394364860801487 6.228149406304057 92
160 5.237266376763697 4.275252632267884 98
161 2.057851474986753 7.309655493660942 56
162 4.925504122753811 4.8797403386516525 87
163 3.6855281993512143 6.312716846380084 90
164 4.442103060392075 4.2316710413900696 45
165 3.2782870516212124 6.189877192622226 75
166 0.9480375402535712 5.393754173222679 19
167 3.716243271672961 3.954106269251204 37
168 0.6163284313458998 5.607410889745437 58
169 4.231582411076633 5.979161930261636 9
170 4.62626585546074 6.253856953508721 35
171 1.4080735618305271 6.710135902232078 95
172 1.1553756953115928 4.57929234263101 9
173 4.838035976947072 6.774389421299177 81
174 5.269551535195428 4.847893664835855 58
175 2.7083885268004853 8.613812968299301 45
176 4.080915834453509 6.577013741025662 78
177 0.4263827734302262 6.572680592126953 2
178 2.4028695686758352 3.8884929102220114 10
179 5.778462496295592 4.989044873576878 78
180 3.7747501216978763 6.099002552034733 44
181 1.3808626309247967 6.929546429536763 94
182 4.898703528029711 5.041848423150126 60
183 2.630242747990645 6.0160080670416125 7
184 1.5920003340485689 7.730260673883267 95
185 4.203806496764476 2.8859949852693423 5
186 3.465571239548278 4.947366450868965 44
187 2.13364718437353 7.6976913437860945 17
188 2.293559577825244 4.250411866705635 45
189 2.581547267891071 6.331491479254091 62
190 4.306172599557086 7.489908230705001 12
191 4.488104336725893 5.585030499361435 22
192 1.982134403122822 4.897848132128429 59
193 3.823998832928383 4.487160162433851 65
194 4.1581299418428666 6.875898181799628 87
195 1.8519914274743177 3.1225952702172157 4
196 3.5913491054264357 4.358773393990382 13
197 4.751527549724535 5.396892013878565 47
198 1.605261225997724 8.005329955514064 2
199 3.6177403217381014 7.261747010841807 38
200 2.965626570909004 8.078902325131459 58
201 1.5870292984171255 6.364361896962311 94
202 4.906214213325537 6.34106842957945 70
203 2.4941465950241124 6.650569752724814 93
204 4.7950057790733736 6.081865088606737 90
205 5.083527998690268 3.8704145186617693 30
206 3.775241471716669 3.7807457484491653 83
207 5.0576059816381544 5.775775699890209 18
208 5.2147071466760035 6.296974976785359 87
209 4.544663213721964 7.208170585809387 19
210 4.78394824195717 5.270292817561423 25
211 3.520339450882854 6.1428494870788 56
212 1.2309477869699488 7.423539500817126 67
213 3.422204583007129 7.083047414206167 16
214 2.911241538054466 6.146872543815321 54
215 0.202554127022018 3.8346552047499505 81
216 2.7085874830115295 8.201897462798046 14
217 2.531255421785376 5.070525617170026 72
218 4.697576897097666 4.824938630888757 60
219 3.0090933626142453 5.105736278305504 12
220 1.8809261076759982 6.024990153811158 75
221 1.3981035015181804 3.659149671833287 55
222 4.43389474274785 8.391454675948074 72
223 3.6052915826307155 5.518961730668126 15
224 2.890669868604905 6.8138559165505574 49
225 2.9884568344747695 3.4162722982277995 78
226 0.9973192741006752 4.936640144325414 38
227 1.866375351032895 7.728885550813104 54
228 4.402440526528137 6.781643245595625 85
229 0.8127945908561393 4.763588063170922 75
230 0.534363335447772 5.209240732165574 60
231 4.3154053944441095 3.1135415539459617 37
232 2.6230034390714367 7.669606136306851 61
233 2.359364057581886 4.499419843903504 26
234 2.6839108131132505 3.7004099195134823 77
235 5.754061725955828 4.724561005364306 51
236 3.0407643937457025 6.274164754129331 79
237 2.5815564443769348 3.577674310499884 73
238 1.1277071500603386 5.292175635175681 42
239 3.8252267971357314 7.651585868227824 45
240 1.250686865063305 5.452328529828577 20
241 2.7286178678849273 4.636921875400171 84
242 3.2104482344131173 4.557914369244789 80
243 3.6279617551865884 3.3279641568507135 15
244 2.091834808454068 7.992197569541692 37
245 1.4142797044859634 3.905184012054952 48
246 3.893659692256042 7.682731633491613 17
247 2.514278248617844 7.580345197441068 63
248 4.043053198888881 7.682190929802304 65
249 5.44059635845434 5.779435997248893 100
250 4.536590039672528 4.458802850852527 84
251 4.90826082547456 4.107532277224247 73
252 2.401543209950524 6.31191407906781 28
253 4.17718915426729 4.551890099480379 78
254 1.3230060936679502 4.1570195009641395 64
255 3.2879724517610107 9.646643779947198 9
256 2.6600042855293413 3.4590418505637692 29
257 3.639363622497016 5.712012497540708 1
258 1.7812715845403908 5.653155645087626 60
259 3.474262755519342 6.695656488366506 28
260 4.342029679613547 5.209870092372938 40
261 3.728934169015923 4.757249369031559 17
262 1.409291083164974 4.446713715633575 28
263 2.910698767476412 5.033248321014657 18
264 3.7365146629982666 2.9078577607256597 68
265 1.465725831353985 6.003230003830594 48
266 0.18183064520737072 5.8554922611912215 27
267 3.0134709137353384 7.276101753430303 74
268 3.0951317309527338 6.973314435803231 18
269 5.4280470173195114 5.574208550049068 96
270 3.394157451131341 5.138179115908777 10
271 2.55449730886642 6.71760546338 62
272 1.658671354416651 7.247736934317657 16
273 5.197428121093009 6.759507916319046 1
274 1.6897239473988526 3.6574709407944317 14
275 5.390450777851815 6.009379774379523 41
276 3.350973437134792 4.766369044849566 81
277 2.266823126630211 5.253546133347356 69
278 0.7015224985075943 6.4085105840759296 83
279 4.913355840553113 3.9352154151823853 32
280 3.5122668357599953 4.529408888524193 35
281 2.5346379466137705 4.35806553907474 50
282 0.42240303929461825 6.077233760174806 86
283 3.935483507280948 4.125499934170793 12
284 1.7635210553222609 6.198093500693204 88
285 3.1314714136049635 4.443167091161179 81
286 2.6625415033476574 7.296899055843694 71
287 3.5437101650498795 7.072056496835866 79
288 1.2424224909668038 5.793384469708349 11
289 0.838248929672263 5.247119836453556 41
290 5.052023788040237 4.221639017246134 36
291 0.9216651638943285 7.6236805486318415 12
292 4.643336640355204 4.605504353988986 43
293 2.095743468731438 8.393616490968132 90
294 3.4368316759472726 8.107297451215054 89
295 3.8492632718181587 5.426583949836492 21
296 4.046512076870852 5.02898679025259 89
297 4.112055597895777 5.418986625282804 43
298 2.265567372561138 3.4147593301389088 87
299 2.1615956385925714 3.785824081659426 86
endpoint1 endpoint2
94 123
224 246
151 208
263 268
116 158
3 277
88 185
75 78
125 239
152 256
88 223
101 223
184 189
21 224
124 221
57 133
94 201
146 239
284 291
20 75
110 236
176 192
214 257
45 299
154 277
254 289
150 280
118 278
80 94
15 181
127 144
78 141
112 183
143 188
73 285
82 231
131 275
96 234
3 282
27 194
77 244
230 272
6 176
52 250
29 188
199 236
54 172
49 299
17 158
67 148
164 219
203 233
253 298
128 203
197 250
26 228
143 241
48 292
36 271
14 50
155 205
94 252
53 228
92 276
63 237
75 187
126 156
131 253
209 248
47 174
102 229
141 288
3 259
87 209
20 21
267 287
219 237
48 90
115 203
51 274
89 203
1 280
108 289
142 196
178 206
147 251
16 66
27 269
49 52
257 275
77 178
0 297
66 78
76 137
147 225
216 232
37 234
11 107
39 109
36 113
19 162
81 227
88 279
78 270
207 260
44 285
20 165
29 261
15 79
34 263
108 258
76 111
69 170
51 252
35 278
143 217
11 222
128 217
25 113
50 91
22 112
29 75
112 224
213 293
65 295
56 96
41 71
76 271
63 295
34 233
48 296
119 226
28 232
180 285
18 93
124 148
1 51
17 121
181 272
63 269
66 248
94 121
192 221
78 136
95 192
295 296
18 119
231 256
13 205
48 223
23 177
28 43
116 291
63 78
112 136
2 247
107 143
90 205
236 297
169 173
128 246
137 192
22 109
20 85
110 242
12 19
140 260
170 180
84 115
68 213
181 198
73 230
139 144
181 281
63 230
135 206
128 155
180 246
27 174
81 84
283 298
79 285
3 284
59 164
110 288
104 124
145 250
121 212
146 257
27 250
11 43
40 194
99 246
154 186
93 169
99 291
49 252
146 283
13 186
107 154
212 284
171 289
6 226
172 254
80 148
48 52
115 289
157 197
170 191
2 16
176 223
82 271
126 130
23 233
33 72
58 299
118 125
92 224
69 123
207 275
94 141
59 189
81 232
204 276
1 80
202 294
23 189
45 240
52 233
25 110
114 233
187 293
56 289
35 154
142 297
122 153
196 243
183 284
30 84
96 174
71 155
200 246
125 287
239 267
64 235
30 241
155 196
23 111
207 242
134 182
179 202
220 263
12 265
24 42
150 245
36 286
41 102
21 53
97 236
80 100
86 250
206 263
28 137
18 122
113 184
49 119
84 271
162 251
109 213
191 257
270 299
85 270
54 89
157 189
173 259
5 198
114 250
31 236
92 162
58 126
199 272
30 95
105 158
253 270
168 262
190 257
62 129
292 297
49 188
151 246
67 266
26 43
182 285
13 104
130 271
63 277
219 297
183 199
54 62
5 190
89 170
161 194
68 156
14 112
108 192
84 159
9 278
259 267
24 207
57 167
198 227
44 165
76 197
8 178
54 294
20 242
30 217
83 148
124 217
105 135
215 298
137 277
219 274
111 288
86 133
210 241
17 213
27 138
140 191
234 251
122 296
186 241
163 189
69 86
41 223
149 249
70 82
20 44
144 208
40 152
109 173
11 232
180 268
21 33
211 260
3 286
167 185
94 293
118 294
97 202
33 189
2 69
279 280
67 152
100 202
142 223
12 46
232 246
8 22
201 227
238 295
44 51
9 23
83 120
87 163
22 199
214 284
4 226
79 101
81 270
41 89
137 187
23 80
146 150
64 111
122 285
96 280
180 267
114 186
69 121
217 219
47 61
97 233
80 111
31 151
25 175
68 130
65 137
151 216
81 238
8 261
54 286
263 276
75 112
148 282
217 253
82 244
34 60
209 295
34 264
7 152
143 256
225 260
1 284
110 130
20 238
276 283
115 245
33 130
23 115
165 169
262 274
54 247
114 193
90 225
191 206
104 160
183 189
87 297
2 138
62 261
181 240
217 220
100 105
10 292
141 184
122 218
204 218
44 281
97 196
220 232
199 222
6 184
60 173
62 210
190 219
46 241
171 228
201 276
80 132
208 260
228 260
14 187
76 95
192 261
10 251
30 254
155 223
93 196
8 112
140 265
51 299
101 285
10 96
15 140
165 287
78 234
9 116
57 82
66 127
174 260
75 131
9 215
182 275
80 214
14 76
91 109
42 244
75 110
113 183
45 105
37 92
279 295
147 277
117 153
236 271
51 201
54 258
11 203
97 183
103 269
95 240
151 162
160 170
33 156
186 295
166 236
161 171
266 284
44 54
162 196
4 124
147 243
67 86
168 172
102 168
193 281
138 173
72 288
8 224
242 260
121 140
126 159
10 214
42 118
106 235
98 220
235 261
189 243
144 232
38 202
10 185
263 281
234 274
103 147
34 35
44 158
7 220
77 127
36 61
1 281
32 142
102 298
10 18
201 203
14 175
49 172
140 176
118 198
3 113
91 220
124 166
66 113
8 68
21 78
9 102
15 184
62 256
43 261
50 133
102 159
86 110
257 296
63 120
112 186
29 56
186 263
214 252
225 288
6 26
168 229
268 278
132 295
79 88
10 138
11 223
128 269
199 249
127 209
36 173
153 192
49 195
51 227
112 239
30 211
172 285
137 216
85 242
39 55
20 77
47 204
180 218
101 191
10 254
1 131
12 27
169 258
219 280
120 133
179 283
102 150
15 36
87 109
18 118
214 247
79 130
86 91
98 200
144 252
91 135
24 67
19 281
175 199
83 173
55 268
118 161
9 152
88 160
20 110
40 218
50 202
38 176
225 245
80 134
178 195
153 243
0 18
5 83
163 287
52 137
0 8
51 180
42 99
122 249
186 242
175 293
13 257
258 263
73 110
13 237
169 193
38 267
7 123
87 253
6 159
180 257
229 282
125 141
54 139
93 176
44 296
36 42
10 37
4 74
8 182
90 256
25 102
12 51
259 277
5 213
108 240
143 292
69 193
142 194
187 259
133 286
77 257
5 255
23 240
7 90
1 183
139 287
30 137
91 217
43 227
22 179
14 204
23 291
62 287
98 121
19 182
154 240
131 283
73 121
211 213
45 96
2 39
44 130
12 91
133 236
4 49
142 262
103 260
45 241
112 276
46 279
38 132
58 149
17 168
20 90
99 194
128 249
106 167
178 280
107 182
77 177
27 135
5 111
7 202
155 197
126 132
43 83
161 289
60 197
78 156
102 157
129 251
72 277
186 261
1 211
23 32
44 286
80 121
156 294
163 248
156 191
74 241
95 142
7 178
64 295
40 94
213 292
4 108
97 147
75 219
30 94
96 164
260 290
266 278
7 72
141 192
258 272
68 74
2 134
85 218
161 247
57 242
120 272
155 240
167 171
95 195
6 154
186 211
167 290
183 196
73 77
98 198
88 188
76 103
1 206
57 160
6 214
58 167
171 216
41 165
172 234
91 191
64 194
13 128
146 234
248 296
6 232
105 271
132 197
68 200
163 257
169 182
193 260
183 265
190 267
62 139
89 224
170 270
218 260
96 298
89 111
91 287
25 54
11 275
37 258
86 247
149 250
109 174
97 269
161 271
116 224
33 39
132 152
93 142
96 195
30 57
45 127
17 36
273 297
70 134
226 242
136 161
24 251
160 174
94 183
51 270
188 296
19 101
247 265
163 262
123 158
83 128
1 106
115 288
12 188
188 262
244 272
127 188
162 186
112 203
40 120
73 238
114 163
166 220
170 275
91 102
71 94
100 140
59 81
193 297
150 264
168 220
65 138
47 50
23 198
181 267
103 296
44 267
70 205
119 158
263 277
38 71
160 207
92 299
44 154
63 69
17 148
0 204
164 205
223 236
167 260
109 263
106 155
112 115
19 106
117 178
80 140
52 153
3 214
149 290
40 127
114 218
39 292
210 252
118 252
47 176
32 290
204 268
210 260
101 237
35 188
194 239
15 211
9 56
61 197
39 162
196 221
49 72
13 34
164 297
29 72
173 249
208 259
143 192
31 239
51 110
23 137
64 70
47 200
58 132
119 193
219 284
52 142
84 238
224 284
43 211
66 272
69 229
180 280
91 280
32 238
207 224
23 212
122 264
0 43
156 257
40 146
62 69
62 242
44 136
10 264
117 154
231 283
66 139
53 296
213 223
100 204
163 201
26 273
113 283
71 136
22 96
107 166
29 123
15 236
221 230
130 167
11 13
40 109
145 169
111 152
169 180
256 281
58 143
16 194
229 237
127 177
189 268
91 273
106 276
92 282
161 224
86 245
13 96
144 209
11 112
74 158
92 228
241 297
191 296
22 150
57 197
113 288
13 122
144 247
241 259
105 254
226 265
108 236
24 26
208 279
206 218
61 290
139 180
79 100
135 276
102 132
58 85
150 276
65 150
91 120
121 248
14 89
82 219
29 150
111 252
65 136
26 36
7 10
132 280
39 214
33 62
165 253
169 250
6 267
27 79
74 77
72 85
30 200
36 59
196 283
26 232
50 93
7 62
118 169
188 289
228 286
16 71
157 219
70 270
126 166
93 208
212 268
56 266
189 286
73 149
16 93
111 287
77 272
117 196
59 209
204 253
135 299
161 212
211 277
