nnodes nedges type
300 1000 graph
nodename posx posy weight
0 -1.3311629243775174 -3.7403157516568157 83
1 -2.4097066244704717 -1.7892690971976177 80
2 -2.8601739512338185 -0.9032829904948237 98
3 -1.1283439307209475 -2.691372071489102 84
4 -2.7508194587218577 -0.3044736305068407 41
5 -1.4884768525845438 -3.139348730732346 8
6 0.7629851056891037 -0.9899388651913651 82
7 -3.223549348884707 -1.3845523496244017 97
8 -4.004439971728323 -1.7281161911645864 70
9 -4.2937826734033875 -1.3710793484408512 16
10 -2.936904807477363 -4.183483069272035 72
11 -0.027289262855053332 -1.030693140735941 53
12 -2.28277701410786 -2.2968892797054896 20
13 -3.0770232517189475 -2.957649462349797 55
14 -0.2755075293933828 -2.4269093082819317 93
15 -4.279466141695745 -0.02077348360746233 59
16 -0.5360014582358696 -2.7756371147668872 18
17 -0.5188481989585085 -3.7743441207142503 36
18 -3.9326196137229967 -2.633651058304782 14
19 -0.16994871451556498 -2.9460395601143725 65
20 -2.828601301098377 -0.056110088824062834 29
21 -0.18359303172437044 -3.896065452749375 82
22 -2.4589516482547658 -2.4987127894558387 32
23 -2.173050567413361 0.6422685014805956 29
24 -1.1386617186390613 -1.219481375564071 7
25 0.19888493286515074 -1.7849445775744481 80
26 -1.3056388530498269 -1.685956975059294 58
27 -0.4305112087481423 -1.5963200567092684 63
28 -2.6883427194325065 0.060282636325227304 71
29 0.2898164004569475 -0.49745154284894555 8
30 -0.9115445384290906 -4.404097475538343 5
31 -2.0300972702651072 -2.5614810604892058 16
32 -2.226796700618691 -1.5627264988800613 78
33 -2.237585370577692 0.17849322400959305 12
34 -3.3294213007605253 -0.9501170915080859 71
35 1.0043152289523953 -1.4147572332786544 2
36 -2.8299600841176 -2.2492282375490653 83
37 -1.8918739082750808 0.7391434908330416 21
38 -0.8463662029277417 -2.973492159956713 27
39 -2.8531924912861766 -3.4572760669668186 49
40 0.5156524952830414 -0.34911151606773055 86
41 -1.6767507857172077 0.9002951975214212 52
42 -0.7327598967378055 -1.0015363038869558 78
43 -2.426716983986271 -1.4863264595137362 81
44 -0.9084901299311943 -1.7282156862597582 61
45 -3.5164103716022583 -0.22899400576119447 57
46 -2.8409916223978184 -1.614527612771238 45
47 -1.417294541796464 0.4650503708580169 37
48 -1.5635582646481283 -3.6278675915263427 43
49 -1.3712387479195967 -2.158161657692284 69
50 1.0658746663460514 -1.9450736087657141 65
51 -2.6674647026497498 -1.0055198800293987 6
52 -2.2800923806981674 -0.7828096951522915 21
53 -3.684042547245912 -0.9698425017661444 38
54 -0.8434893660233559 -1.4780139942983272 47
55 -2.0237385968296056 -2.0998802869135895 9
56 -2.1367273266574163 1.2165238958026225 82
57 -1.0184341420232397 -0.3187620281122509 38
58 -2.113821516789068 -0.7390048121604771 59
59 -4.160366788041805 -1.9737487634113091 55
60 0.6426915748547877 -2.6891007547437797 51
61 -1.912884181471857 -3.7378837901220936 63
62 -0.5618637547045322 -0.3522866301170539 28
63 0.8512286482408746 -0.7296033351652096 25
64 -2.726033896205277 -3.447375695958782 88
65 -3.9442597369897254 -1.3766480810499149 12
66 -4.205410368559919 -0.4482184178326871 77
67 -0.4990061768647779 0.4176913143661972 12
68 -1.2570602970804314 -2.9695709594558246 97
69 0.9186501931746266 -2.3738379205708884 51
70 -0.4306187214780623 -2.3783109701955976 68
71 -1.0731502769545138 -0.6237751581503098 79
72 -2.0921920702278247 -1.0896992125193345 82
73 -1.3123733213373623 -1.5158388718758944 27
74 -1.5916590152400147 -1.2731869725770169 79
75 0.0003035162263185184 -2.359272797849149 68
76 0.46048726502374293 -0.7120873303752647 38
77 -3.5101607033051185 0.039612033572236444 49
78 0.39368074993517677 -1.0658133186641732 17
79 -3.387746790687371 0.744833585524372 1
80 -0.4560077794654454 -0.4830505042588997 22
81 0.29435470035007294 -2.5283657142830034 63
82 -1.7225295064521822 -2.8776245427087983 85
83 -1.9818871135929366 -0.011947943012988634 60
84 -0.2407568781578329 -0.1297051848336573 40
85 -2.0311813465887325 -2.395054504181928 57
86 -0.8757612355897038 -1.9992320096218115 23
87 -1.409696415116509 -0.5156057110687217 65
88 -0.44077477510136687 -2.023153505423093 2
89 -3.2078805195183824 -1.2443912955625402 86
90 0.5636212250596109 -1.9060636041800911 74
91 -3.235672269695563 -2.9963870684282092 48
92 0.4424642860200957 -2.0901537571114406 99
93 -0.4111800727030586 -2.96154452736692 71
94 -1.4034748307847478 -1.7339487597887806 81
95 -2.6266333436135834 -1.7199196405571409 67
96 -1.7535108652487372 0.5460455590906315 13
97 -1.9205294453750548 -4.515521803937617 30
98 -1.6374899713442792 0.9889952111116843 22
99 -3.9350081039426326 -1.9498107551607307 22
100 -0.5710570583258356 -1.445906864110459 12
101 -5.01763226769243 -2.1784178729064543 47
102 -2.7668119646057616 1.1303557912862183 63
103 1.2046502487184532 -2.2116960173487863 100
104 -3.758765260995261 -0.2857380912766584 61
105 -4.04605124414941 -2.1527104354879874 59
106 -1.991975936250738 -3.3441585305783286 14
107 -2.844579376203537 -2.427643891785038 21
108 -2.3336070863639935 -3.3878424684392416 60
109 0.281184264237095 -1.317814347346985 73
110 -4.322498739741385 -2.4878176258526232 49
111 -1.723618521675181 0.08186062685297629 60
112 -2.513134545723953 -2.4267946233357045 66
113 -5.051864368043191 -1.5293787614217975 53
114 -0.21991673106805942 -1.0517968019508486 78
115 -4.1239798434653725 -1.4004582721742385 30
116 -2.8398083390458893 -1.0338053335765682 99
117 -1.6685991800438915 -2.3052480520300924 48
118 -0.8464078125829695 -3.806744298010856 64
119 -3.4270997854035863 -1.7062049080645847 76
120 -0.7663641403117266 -0.13821637041421453 61
121 -1.5842495379364534 0.6565391106157704 82
122 -1.9603494098734706 -0.5821790668672951 3
123 -1.8348237341069282 -0.25882499149498395 92
124 -4.814471784228135 -4.080763723420366 78
125 -2.64180981863962 -2.9846227825496787 88
126 -1.8490972797131375 -1.7820695109179505 12
127 -1.058330133811597 0.33003743452093487 71
128 -1.297078723702731 0.028239822849832306 7
129 -2.6653422259411896 -2.220133118418526 79
130 -1.4637900933328358 0.3114439256318058 35
131 1.2658768966015765 -1.2959009770158758 10
132 -0.5046434809686191 0.22245203759818735 85
133 -1.9754647075423293 -1.5232269302510963 80
134 0.49398533519870264 -1.4469648670548323 28
135 -2.0848171405262588 0.04594291230117434 65
136 -1.4851827646961209 -1.9596648222883106 75
137 -1.096933244093618 -2.4314646897792445 16
138 -1.351366289405748 -3.8349112186679695 60
139 -1.4414414745173716 -2.362901936913066 17
140 -3.5788551080854605 -3.7604372282756056 85
141 0.12469837212622786 -0.6525390001695028 75
142 0.5084208770049542 0.4567725606621136 20
143 -3.4234085793465185 -0.7181387322038502 13
144 -1.2947007586603045 -1.069600594680403 29
145 -3.10438304444725 -0.23527946674922767 47
146 -1.5841188056382127 -3.1644146163071354 86
147 -4.628692927550348 -1.5905936562267817 25
148 -2.152665672806294 -3.827722057283951 60
149 -0.6135990084316041 -3.402705313032518 19
150 -4.299177103785051 -0.9987367825656378 4
151 -0.32130854580876494 -3.2497710465535876 26
152 -3.3411379257437392 -0.4225310548853457 26
153 -3.8447888103538315 0.3003287416874443 8
154 -1.6533175248943202 -1.9175804061178205 6
155 -3.498679955038968 0.49752477372385684 18
156 -1.0281302472865972 -3.4033220948297624 49
157 -3.075849262526279 0.9192541534583393 56
158 -1.342708838024447 0.34527177334878173 22
159 -2.325855810474523 0.009325439497605174 16
160 -2.265113364028302 -0.9557203311399555 45
161 -2.32617763156355 0.42929093918759115 47
162 -0.42638642662724235 -0.7133398724917769 22
163 -3.558567338644903 -0.8153418678654911 76
164 -1.7275935925228016 0.3315879720945102 8
165 -2.204500962955083 -3.3763272283503203 93
166 -1.2804568631311077 -2.302222254093216 92
167 -1.8671088875744186 -4.0513245544969845 83
168 -2.1888581187969938 -2.716496141447361 85
169 -0.017718942189613656 -0.3535709926622086 22
170 -3.3570887621473937 -3.5746884311994926 76
171 -2.726856516785569 -4.488678434246519 63
172 0.49674694236195094 -2.2472605370731835 34
173 -0.30373958993516037 -1.5208334205942893 85
174 -1.4718518421982028 -1.1509737001324816 25
175 0.5299915884564261 -1.8127448726935016 71
176 -2.2644839082702863 -4.265786465176199 9
177 0.35643448183383686 -2.7358123125914546 99
178 -0.3906635710128988 -0.9240369602580727 18
179 0.8523640743846431 -0.27638281724407404 76
180 -3.940021600385224 -0.8803702779612238 60
181 -3.03517942919101 -3.1755728605628493 49
182 -3.2427574867171454 -0.46530494113095855 69
183 -3.1799709570823356 -1.6116010922419426 51
184 -2.5950375049961933 -0.499126713406979 4
185 -3.6672815190736303 -4.6282953774723286 97
186 -1.2675637809280653 -2.198847750162317 21
187 0.5575005267526076 -0.8815941125986759 86
188 -3.26436603763982 0.05266928619984766 81
189 -0.6419010954222015 -1.6720308561236974 81
190 -1.052829359349339 -3.608368761468223 67
191 -2.287238912947516 -1.8556626114240553 33
192 -2.764188045152726 -0.6672697507384228 40
193 -3.4865828977921587 -1.3346037133205195 40
194 -3.081154023612205 -0.7241339968966762 92
195 -0.09671629872991265 0.041078318410998356 85
196 -0.416960567347813 -3.443746054328273 68
197 -0.1656335885985475 -0.2262895514478072 100
198 -3.9101920715401293 -3.5153385486644595 21
199 -2.348349390768622 -3.6112671426718657 10
200 -4.607226940262452 -3.094450216320335 17
201 -2.6275437831118342 0.6234130298557327 54
202 -3.9220935634769347 -3.1699168142342837 59
203 -0.009475043432218179 -0.584239592431268 100
204 -0.6508534045145011 -2.5058085239502055 45
205 -0.7171152808354304 -2.8636056190508885 27
206 -0.16865802450389236 -1.322173608440792 23
207 0.04647639007508746 1.3913530107336636 42
208 -3.7299688765319345 -2.0726404002129573 100
209 -1.759896475929954 -3.586730070812548 17
210 -1.2891263316464125 -3.246519552608319 2
211 -2.5100853290880383 -3.197817686257544 42
212 -2.2312407203624405 1.253452090891685 18
213 -3.8644653103373994 -0.4274146777224643 80
214 0.806473344215967 -1.1766017666835407 28
215 -3.510734783166834 -1.5159197077891942 80
216 -1.2236505324627982 -3.797864653337041 55
217 -4.011989054890024 -2.6749478041604475 50
218 -0.8087199470771452 -3.2009684834873022 31
219 -0.8833286490381518 -0.6443716533051413 41
220 -2.3684504307121634 -0.2221810931188261 92
221 -1.972379899286896 -3.21815234952523 12
222 -2.9374926017649563 -3.284719199330192 89
223 -0.615912564297231 0.48685547316119443 6
224 0.022071813697188497 -1.6882917237864856 90
225 -2.0458099527727183 -2.9394137729996315 29
226 -3.5390930472685955 -1.1746488698966406 12
227 -0.2803192991011704 -2.128759665269255 1
228 -2.6213653829507724 -3.6780604093174287 95
229 -2.1178495310135963 -1.4074474118756028 49
230 -3.721483581110298 0.8236894221366919 79
231 -0.17698100930900446 -0.5943955491983258 22
232 -3.5270743173595718 -2.676574260727734 97
233 -2.469255675128713 0.2455813981481919 83
234 -3.719489629199727 -2.617021149225913 27
235 -2.7518781809247606 -1.9776908819096481 29
236 -3.207152687628623 -3.3414573018435827 5
237 -3.4053395321125826 -1.8307894639092905 4
238 -1.799973739512818 -1.1695060343465886 24
239 0.38369763656655154 -3.290367926568219 11
240 -2.312310236341612 -0.6473052586836745 45
241 -3.094424174676158 0.5495236080532857 61
242 -4.086544246064274 -1.5041826218333496 12
243 -3.5538925353465234 -2.8754465867093413 31
244 -2.175487526376169 -3.937192781414795 90
245 0.54787817316774 -2.9835085472168026 68
246 -2.6324900317836106 -2.751090587245732 85
247 -0.3780134288806038 -1.4032913898218433 63
248 -1.0945827321659924 0.07079562090297693 42
249 -3.107862801633471 -2.469312415596071 100
250 -0.8252112678889514 0.9554141847536409 30
251 -0.8855388913963842 -0.02885371260605418 53
252 0.0998623139398645 -3.2258896447702274 23
253 0.20726145842352434 0.3401884542135371 23
254 0.054964092021303854 -2.9393740469588887 74
255 -2.081734647100054 -0.28401026102371235 97
256 -3.0021812643830557 -1.8799212520923878 16
257 -1.862916661153109 -0.776595279508233 85
258 -3.6828161237640957 0.06645094158229152 79
259 -1.6645928496154985 -0.7295543649612768 88
260 -0.7052280525415859 -2.5777065993374597 75
261 -2.507930295573495 -1.2314658418866622 96
262 -3.169525688855256 -2.0400797182196553 12
263 -0.6281243237728831 0.77027545434867 79
264 -4.023469886060717 -0.8815107070916907 15
265 -1.4735947317875229 -0.7705491570823592 83
266 -3.7604635708034677 -3.3833841159394917 1
267 -4.616480861663654 -1.6609941158516002 66
268 -0.368045490001781 0.3503867512700798 37
269 -1.1097674724346647 -1.7817560409131532 99
270 -1.9312798181491964 1.3781593908265106 49
271 -3.885175188794405 -0.19337032891449082 8
272 -3.3489111806404375 -2.2826156432829925 20
273 -0.051161538136876725 0.26962343250691845 57
274 -1.655828356328139 -1.467307083361114 27
275 -0.2165219252932783 -2.2053068461154908 14
276 -3.605059437030902 -3.0892452892964566 59
277 -0.7605131048884364 0.5266131012416518 39
278 -1.8933091282097396 -2.2678423935732868 57
279 -3.650572407604064 -2.192924151063057 44
280 -0.7460079280533383 -1.2753693744238497 33
281 -1.5152951509940245 -0.24644553209173667 13
282 0.28107184008737235 -1.221673544196227 69
283 -1.473870378461691 -4.590871584293162 96
284 -3.5815964803595928 0.0880774545670864 100
285 -0.9959191305286594 0.7439375250566587 62
286 -2.799386566911678 -4.426786449644072 7
287 -0.09530056891629293 -3.2185458137881113 72
288 -2.820179490195912 0.8079174619114551 62
289 -2.264726015175491 1.7305589562682604 87
290 -1.454717735102858 1.4759318342356622 71
291 -1.6700553924066204 -2.692937896688899 6
292 -0.8898307243564891 -2.332924914036531 71
293 -0.8728484675476696 -0.4199697594443151 55
294 -1.2349526703464118 -0.16841192734482066 18
295 -2.898079735925542 0.390087471941192 59
296 -4.159556180527656 -0.14657613577275944 15
297 -4.069464480992026 -2.2506535546027355 55
298 -2.172846720847413 -3.1019264772048696 87
299 -0.6933463168615103 -0.4051216957985337 69
endpoint1 endpoint2
151 260
32 54
132 263
81 93
128 184
139 246
47 134
72 211
11 90
2 249
6 54
33 160
166 272
27 227
9 153
275 296
14 31
52 281
39 186
106 170
51 112
89 293
27 281
14 184
58 130
87 174
139 257
76 189
53 241
138 278
75 172
118 245
141 214
165 286
249 266
20 58
16 227
122 278
129 240
2 53
204 261
143 188
93 151
255 258
23 257
138 151
139 239
84 273
117 152
192 238
197 268
18 36
114 260
82 144
36 55
74 206
42 174
276 298
88 204
238 291
14 131
81 173
123 157
83 255
84 247
174 298
248 274
220 272
182 241
68 91
43 224
156 245
135 197
2 12
43 271
87 251
67 282
32 221
183 217
207 273
115 191
220 255
32 58
48 68
29 62
0 211
16 29
129 133
209 291
88 173
68 172
150 200
8 188
201 261
270 290
143 208
128 194
111 197
46 278
64 86
154 161
37 166
3 106
22 218
85 232
67 94
214 275
89 237
99 274
15 157
37 128
60 103
156 204
24 139
168 186
2 7
118 249
123 238
1 58
98 212
100 109
120 238
150 233
32 49
123 196
174 227
152 160
89 278
156 190
56 241
92 138
51 71
189 223
85 151
161 164
110 129
46 122
22 221
67 71
199 278
144 178
131 197
51 136
168 260
104 163
231 233
154 219
59 116
243 262
44 224
240 255
3 224
67 212
14 38
30 156
186 293
136 254
166 173
168 199
170 215
42 282
122 269
7 125
128 132
234 261
78 273
36 70
31 167
197 203
26 215
55 61
194 235
24 205
189 216
90 205
162 238
251 259
184 191
51 262
38 139
0 19
27 146
28 201
53 104
282 287
193 261
26 133
53 255
179 214
50 63
215 262
176 216
147 213
26 175
12 226
65 152
170 222
27 174
158 206
20 34
39 198
59 89
93 149
46 140
75 154
129 232
119 271
87 218
251 290
187 253
8 183
0 244
251 280
110 147
73 163
12 44
52 107
162 278
44 49
64 298
109 253
228 276
179 223
231 245
119 240
116 267
15 188
77 145
33 72
107 236
129 225
126 237
88 137
95 220
91 148
140 198
35 63
38 88
3 70
24 268
259 285
86 191
203 269
165 292
128 250
34 242
21 97
203 220
85 125
64 235
9 107
174 277
54 235
98 248
244 260
0 61
58 230
122 294
64 129
72 278
100 111
218 254
135 240
5 181
28 46
60 282
117 146
236 278
90 275
100 254
73 173
33 163
226 284
31 73
1 279
40 299
87 183
136 180
135 164
36 182
238 277
40 252
168 262
141 255
235 236
76 265
184 297
152 157
194 265
41 111
1 186
59 108
135 295
69 109
32 237
105 202
5 148
108 177
11 120
41 293
114 136
7 246
44 278
5 190
2 80
113 296
127 253
142 273
144 255
203 293
141 260
263 294
7 51
20 105
99 243
58 164
225 266
13 191
1 126
197 253
116 174
74 195
60 254
79 249
42 205
4 251
28 104
66 215
257 261
44 82
129 210
159 184
107 256
50 178
205 254
150 284
44 247
139 146
205 298
86 127
66 241
8 91
38 107
105 213
63 206
125 138
93 106
209 276
23 47
126 242
149 205
28 83
75 294
182 288
31 297
22 278
44 186
65 91
112 125
202 243
163 213
83 120
146 252
137 209
159 258
37 288
115 119
19 74
28 248
102 270
82 192
143 155
1 3
66 115
159 161
140 283
135 193
98 255
43 95
76 142
185 236
7 281
205 209
102 153
207 285
34 66
75 149
182 257
119 262
32 183
43 144
83 265
178 291
74 235
9 143
20 127
119 183
225 260
24 122
21 254
178 240
133 243
66 182
1 72
233 241
34 129
222 249
7 182
25 29
15 22
101 266
144 191
164 178
51 135
120 294
24 143
52 128
111 284
94 235
85 222
32 292
32 95
78 227
62 121
204 252
97 286
93 229
72 111
111 250
36 125
52 174
154 269
63 103
155 294
83 270
129 146
94 156
112 149
90 273
0 196
7 145
3 177
31 192
231 285
88 222
161 184
113 115
50 204
225 247
150 182
138 211
125 202
54 206
58 133
105 267
153 288
156 199
64 125
21 82
3 228
7 99
147 202
111 120
117 282
9 116
18 89
218 221
211 228
107 291
257 292
56 57
12 68
39 272
96 233
97 221
161 192
100 126
27 195
55 57
24 72
210 278
111 215
35 259
228 232
7 45
199 237
221 256
40 223
32 145
276 297
145 150
92 187
25 239
24 247
77 297
248 299
46 226
39 176
108 246
1 256
5 94
55 68
73 128
23 127
4 229
78 100
116 223
38 298
244 276
107 191
20 192
82 199
39 228
82 272
154 287
17 118
94 255
211 237
55 129
69 247
117 269
186 274
13 278
24 169
60 69
56 157
55 191
125 136
139 229
190 227
76 224
240 259
5 165
39 216
98 220
10 185
104 233
6 35
196 204
116 137
20 294
148 166
250 273
133 136
222 262
126 218
38 134
123 147
83 133
25 26
217 269
68 216
164 181
126 281
25 60
23 229
269 291
97 283
25 173
16 246
3 265
132 281
88 141
70 109
110 180
84 175
233 237
226 257
200 276
37 57
1 96
104 261
76 169
214 277
4 235
168 259
176 202
71 173
4 241
89 153
161 241
49 191
179 206
71 292
87 142
71 80
121 271
26 167
168 198
160 227
94 120
91 225
112 298
2 220
116 159
79 277
53 258
106 108
4 174
61 75
90 287
194 234
238 249
141 263
39 95
106 129
66 143
51 232
106 171
152 295
262 267
44 57
119 194
208 284
11 128
84 233
85 229
12 139
23 96
202 215
166 205
117 204
44 87
18 222
73 231
93 252
57 80
63 231
255 295
82 228
18 113
155 237
23 52
81 85
135 229
93 109
84 274
6 177
90 173
27 92
143 272
263 290
97 181
65 213
25 203
5 287
152 264
45 248
95 242
189 210
43 188
3 94
43 55
52 106
152 194
162 281
275 278
37 188
100 257
247 293
89 235
149 283
20 194
145 192
135 280
92 201
48 246
144 288
181 234
69 245
129 226
54 130
123 206
3 54
264 289
95 112
193 232
167 266
19 269
217 226
180 183
17 168
24 29
154 174
61 168
31 228
124 202
115 295
164 270
248 282
51 130
159 173
26 299
53 101
235 244
137 191
219 261
22 74
37 98
36 148
49 132
96 284
112 166
21 175
18 99
68 105
86 108
220 247
58 195
122 259
13 112
54 133
73 221
125 249
118 138
99 229
208 235
73 174
56 295
10 49
125 211
173 260
114 273
88 292
78 219
46 256
36 181
40 251
158 280
79 241
193 259
121 127
107 264
125 190
62 265
165 274
80 189
121 269
86 103
160 229
98 281
108 176
96 265
77 158
14 73
130 270
30 167
119 146
34 186
24 95
128 187
29 285
250 289
198 200
230 284
263 295
102 192
183 226
165 205
148 156
158 240
161 188
212 296
14 149
152 215
112 280
56 223
85 249
134 137
49 265
7 65
27 149
46 100
47 94
48 62
13 154
137 169
65 238
35 245
262 291
26 130
94 95
12 106
41 261
73 229
80 81
41 123
18 246
28 158
117 256
180 259
172 173
33 273
182 265
240 256
78 186
186 196
117 298
164 248
234 279
119 129
166 206
115 276
18 170
171 266
171 209
24 114
165 208
22 236
196 239
52 265
2 259
53 112
172 299
156 218
3 209
144 268
0 1
10 200
55 126
24 62
143 152
204 238
33 85
67 96
32 71
59 198
121 257
47 145
70 231
83 262
250 285
47 255
122 188
1 242
208 246
6 57
109 263
31 216
75 206
85 139
14 137
91 163
128 251
125 286
11 31
144 190
72 299
61 279
111 285
8 72
209 246
162 175
11 231
25 177
86 251
13 110
206 260
248 250
288 295
44 280
9 266
173 197
49 118
4 163
93 291
151 204
47 132
69 151
48 170
154 183
88 294
55 86
259 299
26 159
44 197
139 160
4 116
256 258
58 89
17 100
233 295
71 169
43 211
25 144
12 257
36 262
102 285
153 159
114 175
127 136
48 252
55 137
257 293
130 268
109 179
160 265
165 225
8 36
31 43
108 193
156 176
16 36
55 264
189 213
53 296
68 187
5 274
31 49
24 109
191 279
84 134
143 201
36 53
33 157
73 191
140 297
14 189
19 94
83 114
40 109
34 255
80 265
158 162
28 226
42 212
161 299
151 280
216 287
43 269
27 58
60 68
65 183
57 274
224 248
95 208
70 117
39 217
77 102
273 277
71 240
62 223
42 129
100 203
0 283
26 225
28 74
11 189
25 27
76 177
45 168
0 3
235 243
133 189
154 210
74 191
145 271
136 292
140 276
22 183
77 279
48 234
219 256
150 276
127 285
58 85
186 227
30 151
219 294
137 156
241 290
18 272
36 119
160 235
38 280
169 250
5 260
22 24
132 294
17 138
246 261
77 220
49 204
91 165
11 178
213 295
196 254
31 107
49 275
95 274
5 107
87 145
30 244
63 293
16 214
6 141
20 51
59 104
243 298
96 253
