nnodes nedges type
300 1000 graph
nodename posx posy weight
0 -1.3051011100739585 -8.156492269514555 69
1 -3.952537950418732 -7.246149184649474 22
2 -3.21102651956976 -4.539005320498629 15
3 -1.8612567631031873 -9.424870422348079 86
4 -5.467040705724826 -8.208140358004705 57
5 -5.559054074598662 -6.1600312954825425 98
6 -0.677731253656033 -7.82725844214997 45
7 -4.71331492192649 -8.401768966681209 81
8 -4.721186621437285 -8.841876388111423 64
9 -2.6852114543091443 -10.301582712680698 9
10 -0.6831692163870983 -7.5615998347268505 35
11 -4.327598573995192 -6.868313084574862 98
12 -3.1960160712151096 -7.520175203123409 39
13 -4.164976557335139 -6.725233854779433 69
14 -4.039218528203349 -9.6004713137296 17
15 -4.231777301334933 -6.4530990265970685 69
16 -3.195977327663673 -10.407060716374382 6
17 -1.2673020369024197 -9.327417924924655 79
18 -4.434023151915525 -5.91225677125094 58
19 -3.251752049960814 -7.727968421458747 2
20 -3.9732539145618504 -9.081971400247774 98
21 -1.0586526243461718 -6.350116183120215 15
22 -1.0474015085060868 -8.49110781965535 7
23 -4.955936972195768 -6.106525113012349 52
24 -2.236719396307507 -8.398091235234673 3
25 -5.197321290603601 -10.302428182983945 87
26 -2.8408108660659197 -8.627491455625819 62
27 -1.166982461532404 -9.151389932293672 99
28 -3.867848321180972 -5.2881124986849315 97
29 -2.545880290514355 -5.966574852851357 98
30 -1.985170004486342 -7.075266298236751 62
31 -3.225546813768973 -10.667952187302362 49
32 -2.72248239061406 -9.542295907713076 74
33 -2.367609751216481 -9.425029712878894 21
34 -1.952601101468229 -5.466932083725416 24
35 -3.016233745487931 -10.355721934185398 57
36 -2.4667805268101826 -7.200187206067599 18
37 -3.785655265178502 -7.135423891590746 93
38 -1.646166796813353 -6.547059472328884 10
39 -3.6975355512388344 -9.785955381793293 82
40 -4.140344041096385 -5.799442376808091 84
41 -2.5391577844279705 -8.071490446296222 99
42 -4.8550922731118025 -8.366133030719293 68
43 -1.9111308067514217 -7.839773829830118 84
44 -4.758913734598487 -6.860499645161265 29
45 -4.852826847973323 -9.819851519631221 50
46 -1.7018896849152556 -10.28034179606901 69
47 -1.1312823176674869 -7.008075636367616 19
48 -2.586822768166068 -10.024283942558421 53
49 -2.522975826800898 -8.805890441529844 26
50 -1.6380571323721071 -6.877109983796507 78
51 -1.3553050415079009 -8.907698811144005 70
52 -1.7526784255691092 -8.215889625146382 80
53 -3.56778717782713 -9.185613812259744 60
54 -5.153927155493907 -9.175186591213132 39
55 -5.103893113103424 -8.800114460332697 11
56 -4.101599835491417 -9.961039968993079 58
57 -3.0622655458946633 -6.812994509451108 1
58 -3.5498823825488754 -7.117148409508685 18
59 -5.349439186778647 -7.601391739989618 31
60 -2.6387673046274185 -6.559635183855136 19
61 -3.9696513276497845 -6.6128301519344 25
62 -4.789030782665213 -7.032594141457651 43
63 -4.969567265647029 -9.74109266211755 74
64 -4.612140001867148 -10.492159148461292 69
65 -3.087563276964948 -7.963045509504989 34
66 -0.781927180386365 -7.3900241391048205 48
67 -4.252512733536104 -6.66154325498865 12
68 -2.333835223992489 -7.033050143252775 5
69 -4.072115622364506 -6.148914179851416 48
70 -2.087411893215177 -8.776758708614075 69
71 -4.5368118808629365 -6.384573548161923 25
72 -0.06743683919420262 -6.519154382937784 54
73 -2.036271812159277 -9.811974710283451 50
74 -3.0355625429457938 -9.545100936870135 64
75 -5.061157377227526 -6.890909500707227 80
76 -0.9771339060308013 -8.34460600023822 74
77 -2.778761631602607 -7.308605143260401 44
78 -3.966902448925202 -8.467278951870851 35
79 -5.020148351037103 -7.13313907646893 25
80 -5.957069461136487 -7.464928543387162 41
81 -5.167535249370974 -8.63638565403602 8
82 -3.6834310426759487 -8.226690129292791 40
83 -3.9624479299628206 -8.787767534916068 20
84 -2.354607202668218 -6.155440305996744 37
85 -3.3523913623200827 -7.587378808597925 66
86 -4.476960890583323 -6.7155885849504715 40
87 -2.8331582624005835 -7.7321798079723365 68
88 -4.218385812579657 -8.023203052653507 77
89 -3.499583293470952 -9.470969205514976 38
90 -3.6967000721454144 -6.45726313994286 63
91 -1.6010155360131966 -9.274362386403162 87
92 -4.519721244986359 -7.82689582000529 16
93 -3.0247014976991355 -8.355494698403717 60
94 -0.2819079351089363 -7.658400206725562 6
95 -0.9734683167997046 -9.051310184016328 66
96 -2.3307210073745206 -5.913355471931327 33
97 -2.624435989824625 -6.766956789976262 11
98 -0.6750973439028983 -6.244125506923728 20
99 -5.992117591597795 -9.425706806340868 3
100 -2.69409221550152 -7.9124985887595 63
101 -0.6004697726243242 -8.66462834720694 30
102 -1.8466159386698735 -6.485715779934922 22
103 -3.804436032512084 -8.44182474381696 83
104 -2.220505591822192 -7.943494049885764 71
105 -2.094914214595733 -10.130455493152764 82
106 -1.268123496442472 -7.676286819288544 86
107 -3.606426667235436 -8.906301004352867 35
108 -1.3458181522518262 -7.281477283290612 25
109 -1.4536602034184414 -7.994976525923205 80
110 -2.462604105262935 -9.57289955735497 48
111 -2.417130896331967 -7.922598572821493 5
112 -3.30742615825111 -8.465381993657068 87
113 -5.045401928042569 -9.479426652548065 11
114 -1.6909215661937276 -9.93871453552964 26
115 -3.8380085139901383 -10.88079760070607 57
116 -3.670807299809084 -7.492784749648894 50
117 -1.9237195478408777 -9.067597860568753 88
118 -5.728839289198817 -7.7968986214229465 96
119 -4.382195424815492 -7.803492637783034 40
120 -3.6908060654236072 -7.991038808197709 9
121 -4.079541408381119 -7.909943776053832 7
122 -3.3956222224619848 -7.073809945446902 7
123 -4.965122423687593 -7.574755044471949 90
124 -3.3490790985680343 -9.627165883207802 77
125 -4.444666890722852 -9.454512292941132 1
126 -2.977335027693123 -4.994666863149376 54
127 -2.4269324483939982 -7.603750357147319 72
128 -3.571338457924183 -8.035424388345989 63
129 -1.8696629436991399 -8.881431013877643 30
130 -4.106884807262813 -10.3127215991379 65
131 -5.027868648924355 -7.75422815026286 11
132 -3.1118202694962447 -9.192271576315449 89
133 -4.32629984204113 -9.538425719188291 87
134 -1.7072761954703886 -9.372571525496506 30
135 -2.025344932312336 -5.898175065490799 39
136 -4.292155242471587 -8.587342368933431 53
137 -0.8902694477394696 -8.90919909296685 91
138 -1.5909192698877348 -7.2508214160516005 75
139 -2.9126602314328705 -10.055447791366323 66
140 -5.356207624740175 -7.856807208486433 68
141 -0.5081523617994798 -8.226232680370888 70
142 -1.645551268662553 -10.277647594959094 20
143 -4.809628375114766 -6.820554204263972 97
144 -2.875643937862655 -6.583142265896773 45
145 -5.639831866260255 -8.072442507348534 2
146 -4.02105882807365 -10.34746543222774 24
147 -5.195675380988305 -9.811350861660461 84
148 -3.5057087678403125 -7.7802075465055704 46
149 -3.5827764687303705 -7.224773922062196 68
150 -3.234441470477368 -6.656307300120015 51
151 -4.358694294406479 -9.916183833057907 17
152 -4.458052181716818 -8.109527135452021 49
153 -1.2048175334301183 -8.22467789569997 72
154 -3.0085672603786713 -5.500058057012234 33
155 -5.0245541283934285 -8.197200872056051 35
156 -5.271017282726859 -6.3678180568272085 28
157 -0.1663877496658546 -7.220828211025686 49
158 -1.3456976792304174 -6.74206098194287 70
159 -3.870497342126165 -6.091545289395737 2
160 -3.3799310602879107 -6.555154593938117 76
161 -3.0029908585038343 -7.5151293071645915 18
162 -2.392067051643927 -10.416968775862502 75
163 -0.6205514562926261 -8.43305735094519 18
164 -1.9604428809397427 -7.499457330112642 39
165 -3.0344082744851963 -8.81585950891111 69
166 -5.477760722677173 -8.750292609926628 41
167 -4.178700148406572 -7.502421219110102 90
168 -3.680239773622402 -9.172392075111993 38
169 -5.414563818632754 -7.198054997590173 15
170 -0.9615422036943707 -9.661794838782559 54
171 -5.6448533811845545 -8.514025097695678 28
172 -5.4152870831721085 -10.218632308214994 26
173 -5.60757367142891 -6.7370305794397 74
174 -5.874832320475311 -8.256622856504297 63
175 -3.1514408272618857 -6.354369826981265 85
176 -3.678285520834981 -7.371728057006491 1
177 -1.780250217286351 -6.56844655960805 56
178 -4.786289862503707 -10.101003516176089 10
179 -4.9726849737460075 -9.123806171219794 59
180 -3.985104298662624 -8.122040497887495 33
181 -5.104708343345712 -6.435861555941919 38
182 -1.0346389992395908 -8.0524796978999 72
183 -4.142054389651559 -8.410634038472411 42
184 -2.291538103643026 -7.3201654171313555 52
185 -5.730768400807655 -9.446526213030406 72
186 -3.3252592640657577 -8.280254672213683 95
187 -1.1900315046467418 -5.696149878690944 39
188 -3.7865223795110152 -4.864472472602072 41
189 -3.6747544312134837 -5.593802358001924 34
190 -4.614118701621302 -7.534993303412378 96
191 -5.020176079146597 -7.375862936011483 63
192 -1.9980580742489669 -10.341843570762535 76
193 -3.4543676881669017 -10.477793146041781 53
194 -4.687105519138053 -9.060319674455922 91
195 -2.2813746190670945 -7.570783875586996 49
196 -5.664202525834443 -8.906851548816087 33
197 -5.657580803774957 -6.865165327214345 2
198 -1.215324383175081 -6.016045862222924 23
199 -2.8831395654317764 -5.822788176294913 84
200 -4.519634908765709 -7.601386627880515 62
201 -0.9764280738984277 -7.380433687000598 1
202 -2.546511647928006 -8.58813229007514 79
203 -4.458481534643664 -5.730617593462413 90
204 -1.9974192511470823 -8.262620718604614 82
205 -0.5442887162410875 -9.748211865785324 13
206 -4.658696899500469 -10.088732457602637 93
207 -2.7557316539124135 -7.150846705271331 64
208 -2.3617544581003176 -9.238221626358033 12
209 -2.4485812627453645 -6.201800402805724 61
210 -4.406758360835357 -8.487841582097255 30
211 -3.7201226609508447 -5.904065892625312 75
212 -2.9392388059100685 -6.246742067355488 88
213 -0.9669527828885872 -6.510593161433748 39
214 -2.337040114434861 -5.645259814384763 91
215 -2.0890952195510657 -9.443889480965213 57
216 -4.643292053709834 -9.302929215248966 86
217 -3.0582701594233828 -7.317416311966882 90
218 -1.613555981087456 -5.750355118550457 3
219 -3.3920578681613556 -6.4024521152397424 63
220 -3.6456194755208196 -6.6040191284525385 100
221 -3.7359509137580127 -9.605458453975873 25
222 -3.2650518625831704 -9.000467220377546 22
223 -4.388346358138929 -7.427430951495879 15
224 -2.291710535972116 -8.58433355337826 98
225 -2.5755574769949843 -8.400562976539472 62
226 -5.76673802028476 -9.086394913387574 20
227 -1.690804194487398 -7.438361650205599 61
228 -3.2657610913947135 -9.931109613759144 12
229 -2.715545317789384 -5.926262452472874 66
230 -1.4719390798935956 -7.447775481579685 61
231 -4.081966668370398 -9.473281349097517 10
232 -1.1590355554506164 -8.703249250988065 67
233 -0.8151760828697839 -8.097981277605625 74
234 -1.0551288812418163 -7.825808753223792 49
235 -3.464370626986077 -9.97774274923218 66
236 -2.5208314654246244 -10.48334735740722 61
237 -2.189013982010662 -6.59351004156629 53
238 -2.0919773640051185 -5.570801866587264 59
239 -1.439743033543205 -9.6301660396372 47
240 -3.5044252848717585 -9.757838891482796 90
241 -1.9233396851682982 -6.233141063199834 31
242 -2.843751741914587 -6.251995430450389 85
243 -2.5050736288065405 -6.179375210759106 86
244 -3.1613595685270397 -8.755550024223623 3
245 -5.062850632613073 -6.133165278327799 10
246 -1.7244947467521696 -8.810353160912358 14
247 -2.787421000348685 -9.682119878745365 2
248 -2.5053604546014703 -9.124095993017516 25
249 -2.1594725513702784 -8.986621288462349 37
250 -4.87047000468947 -7.359576581543063 8
251 -4.348464247421492 -5.705129527519836 24
252 -5.379460483119027 -8.671386437931046 4
253 -3.2550396174030256 -5.877554560825661 73
254 -1.4455894025713896 -8.575725207397465 45
255 -1.7743996557207697 -8.050716053817913 50
256 -3.939593286640413 -10.415668238634975 86
257 -4.742668263312887 -6.086169459868736 89
258 -3.8765873257828214 -7.995022331363035 66
259 -4.8571179652839644 -7.919964330533842 22
260 -4.242719902769341 -7.239848047666102 86
261 -2.796993081567696 -9.153486739391246 37
262 -4.4531546485964215 -10.336995546007577 6
263 -1.859698196515395 -8.34402814899051 58
264 -2.809053592060273 -10.475471411388558 97
265 -2.3834710987762744 -9.857296563598926 44
266 -4.24792058722819 -7.058217397867967 82
267 -5.30136725133526 -7.437836771285775 32
268 -4.132219863615124 -5.843065568619982 28
269 -3.783184793997963 -9.320487134569472 24
270 -1.3804748260130673 -9.814402872077455 2
271 -1.1994141327975616 -6.264195970409248 38
272 -4.390627447530148 -8.974522905027568 64
273 -3.20301246828355 -6.022597849500077 91
274 -3.4850910722663566 -9.946498954067355 94
275 -4.0766384351087455 -8.895015608697348 57
276 -2.0434462792933106 -6.768081352623638 4
277 -0.9314810582198557 -7.03816632464454 30
278 -2.2968625617073863 -9.9705866279352 46
279 -4.763565259111718 -6.333644881795625 33
280 -5.464371125648684 -8.466429648419215 77
281 -3.4013165000684222 -10.172938392617809 91
282 -0.7888506755662508 -9.234272109543976 5
283 -3.39692792764856 -10.714074264319004 69
284 -1.8386019916802354 -7.035603005886227 39
285 -2.8677261155045604 -6.901287812763743 70
286 -3.6432021738608817 -5.882082974193506 70
287 -1.3138923082398 -7.077104395295848 80
288 -5.261277479739614 -7.9782015573903555 9
289 -1.73441080877926 -7.6441616381588835 19
290 -1.6333274628902104 -9.65321335547483 63
291 -0.9809104464698123 -10.34289364010039 71
292 -3.7712289022329566 -8.798993128890718 70
293 -3.0732154168863826 -5.823206133623469 6
294 -1.417259000986613 -8.716517521025711 75
295 -4.603072630523628 -9.160164924982656 89
296 -2.8508980871494782 -8.442639480826022 28
297 -2.8941270445977003 -11.30418377821623 26
298 -5.523521088661119 -9.58793238165551 45
299 -2.1312283810339223 -10.79199019071192 7
endpoint1 endpoint2
41 289
31 165
209 287
11 90
183 225
5 279
49 78
1 276
120 191
90 207
7 174
51 233
111 183
265 277
75 259
221 235
10 248
37 180
4 118
14 162
86 286
182 254
143 150
13 258
17 287
186 223
50 144
1 40
70 215
66 290
76 234
100 127
50 234
214 227
164 253
218 238
88 166
54 172
10 153
74 89
104 137
79 220
116 169
85 133
20 262
51 269
81 173
266 285
261 296
20 219
90 121
8 120
53 250
71 160
12 129
86 152
86 273
278 282
29 234
11 156
39 231
93 246
173 190
39 264
147 190
71 212
22 148
97 108
36 243
70 107
12 90
2 203
79 191
219 237
83 184
24 217
17 24
160 204
54 167
13 219
20 132
114 235
24 255
247 249
8 25
77 289
149 180
1 280
253 285
276 287
162 182
194 278
120 290
83 99
165 183
11 268
256 264
128 151
211 245
179 200
110 202
67 259
122 244
68 104
70 193
9 291
97 238
138 153
36 250
184 227
1 220
14 226
76 246
189 229
15 79
150 195
37 222
11 39
122 184
119 176
163 249
26 85
52 127
140 217
152 207
15 257
12 62
106 161
42 186
116 165
155 165
44 67
35 110
127 161
91 93
183 190
18 67
92 222
110 112
64 121
105 162
66 277
161 240
7 103
32 82
215 265
151 244
96 102
128 132
44 119
117 236
122 217
258 295
43 138
147 178
215 254
117 290
30 285
188 238
26 241
77 211
0 100
7 168
55 82
150 181
114 247
92 191
89 299
190 288
260 296
177 212
45 59
52 138
35 242
67 82
65 102
5 245
165 284
139 281
239 261
168 206
132 264
100 132
91 249
100 121
158 208
38 214
105 114
111 208
48 165
90 212
89 222
163 205
10 135
78 292
29 212
22 239
52 107
232 244
199 260
111 164
53 248
200 207
107 176
23 243
18 214
7 257
41 271
50 175
21 66
42 268
55 130
211 293
15 188
224 269
60 207
96 106
128 136
229 258
22 170
87 88
192 193
184 222
195 249
9 46
19 294
217 255
52 84
142 263
269 283
90 223
35 63
11 219
73 164
56 236
65 266
4 88
176 275
199 253
108 232
37 164
100 265
30 84
203 220
181 200
121 154
40 126
82 189
82 262
136 296
57 97
7 197
4 245
36 149
8 292
32 289
100 138
34 198
113 166
31 146
86 250
184 229
41 247
34 160
148 295
57 257
57 180
69 289
180 292
148 150
113 125
32 152
142 205
85 255
209 214
8 145
141 255
15 59
16 261
19 60
191 211
7 269
91 204
66 97
207 225
118 275
8 221
58 203
123 223
3 39
13 203
220 229
14 112
8 279
15 217
7 140
55 63
84 159
111 213
81 107
138 242
85 158
116 128
106 117
157 182
47 232
17 153
24 108
201 287
105 270
134 263
73 130
140 166
33 240
3 235
71 167
231 254
92 116
79 231
7 266
82 274
69 86
53 231
14 81
161 219
30 177
204 287
143 166
103 145
44 156
151 185
24 115
100 294
1 119
176 286
175 190
56 112
201 227
221 224
112 252
143 253
104 284
199 284
120 150
38 154
78 246
204 239
160 288
116 194
75 191
60 201
5 13
67 286
11 118
124 130
102 153
66 109
134 215
75 149
50 104
0 94
156 268
167 182
127 227
263 276
78 267
168 227
30 33
228 297
96 219
50 66
77 195
141 153
9 54
7 152
270 294
237 284
51 278
48 180
67 167
0 227
1 235
51 225
42 54
64 247
146 298
259 293
159 267
148 247
28 126
69 88
65 104
37 111
32 95
3 26
155 252
256 290
39 105
175 241
93 124
18 131
0 85
121 228
33 48
128 167
49 117
100 119
158 234
110 282
269 274
79 267
53 167
97 190
187 227
78 81
5 75
177 253
56 272
67 75
192 261
101 186
249 289
124 269
193 256
103 200
215 261
93 117
117 232
91 109
58 293
27 36
1 41
23 58
7 240
131 272
42 244
16 248
18 148
95 234
127 255
194 231
76 98
144 241
168 247
146 258
23 171
190 194
63 80
46 248
47 234
68 164
104 136
12 49
178 265
52 104
126 211
138 218
201 248
77 160
134 261
139 263
24 296
94 213
3 237
22 91
86 155
81 267
68 209
85 119
230 234
40 116
41 266
195 200
0 134
8 93
183 288
49 141
97 258
124 133
103 181
166 178
44 128
9 162
36 242
7 12
8 256
39 216
49 103
33 36
273 276
85 286
33 179
25 206
235 283
52 73
13 83
50 254
141 277
114 234
137 205
202 261
155 183
71 128
20 88
213 285
53 125
224 299
244 275
70 177
100 276
124 166
43 230
62 155
220 223
49 134
9 193
112 164
93 275
111 116
43 261
61 245
71 210
4 16
89 186
19 24
67 242
120 237
37 245
70 109
60 186
264 294
83 267
37 223
84 268
17 137
112 144
156 189
246 282
63 165
274 292
176 279
103 281
149 190
6 217
67 169
77 82
251 267
21 230
105 153
99 280
83 105
90 116
71 173
233 291
96 273
11 97
109 157
119 122
175 243
169 216
65 128
93 122
57 214
15 175
77 224
19 168
39 206
73 192
179 295
85 183
131 148
162 247
88 259
196 259
187 229
34 47
85 145
18 181
4 180
55 216
19 116
98 187
29 69
123 161
169 174
1 121
54 119
199 268
51 263
127 292
38 138
49 222
77 165
149 296
51 142
61 150
114 208
178 221
42 206
76 261
174 288
0 294
120 140
45 179
58 100
68 212
185 252
114 170
163 184
97 277
106 296
11 273
73 110
115 147
15 180
85 86
13 100
21 157
57 58
94 284
61 225
135 229
129 233
209 279
45 222
78 180
32 264
88 266
208 231
24 74
175 204
228 295
9 129
61 62
172 231
21 284
52 225
246 270
52 106
202 280
107 155
275 278
60 250
20 228
63 298
243 277
35 248
53 249
125 263
58 244
50 57
216 252
136 235
145 267
80 86
117 255
59 196
69 245
32 222
106 233
57 202
26 216
75 144
244 246
33 270
37 212
15 285
91 139
164 195
223 226
251 286
52 232
128 195
45 139
95 129
9 27
110 255
101 170
78 208
81 258
149 292
159 173
14 58
132 215
135 273
229 253
107 275
68 224
127 129
62 122
12 116
57 68
98 213
43 285
17 290
204 274
72 201
1 211
74 110
207 263
12 82
22 134
16 142
140 252
31 32
86 223
251 279
113 147
3 76
74 292
131 183
110 134
112 225
92 161
233 287
13 62
28 122
212 271
153 232
41 70
127 160
80 167
183 185
131 196
43 209
19 61
48 297
41 104
8 298
38 224
55 143
125 152
15 169
67 253
69 257
34 293
127 148
12 285
117 263
134 228
22 153
152 168
239 247
132 296
70 124
8 171
26 93
88 261
84 158
241 276
178 231
237 273
89 256
66 141
20 104
154 176
2 238
74 265
92 184
45 151
19 92
223 285
44 59
122 148
55 75
61 148
124 265
31 240
4 250
94 95
47 68
39 235
176 217
21 177
19 40
84 90
26 53
119 272
69 266
28 279
142 146
37 88
123 203
210 274
23 44
95 117
113 260
140 200
76 195
9 14
165 208
22 101
108 293
132 204
46 111
47 103
73 132
58 109
209 219
30 82
107 179
116 219
120 149
218 271
133 191
93 243
84 97
132 240
113 172
131 285
128 137
151 269
103 296
68 129
87 210
29 59
27 87
236 258
88 275
132 292
192 248
60 149
3 73
146 275
127 212
101 289
27 232
171 281
144 152
55 89
143 251
93 210
133 261
21 96
62 181
165 170
17 192
176 215
147 226
111 285
36 150
230 251
192 291
234 246
67 260
96 98
62 120
39 247
241 293
107 228
144 227
114 142
186 259
165 248
38 126
59 272
229 276
68 150
118 136
78 174
156 288
270 296
128 220
196 256
6 294
24 102
78 217
14 25
150 177
178 196
177 254
233 285
72 157
49 278
83 109
112 249
33 254
159 287
147 235
167 212
16 262
242 268
87 138
194 210
230 294
218 220
107 221
58 200
120 248
48 117
17 281
7 298
74 151
165 225
93 153
88 190
6 263
163 227
51 198
49 65
192 236
202 239
117 132
96 189
86 160
53 210
175 176
221 230
225 227
177 201
13 15
248 272
238 263
130 193
113 216
41 222
82 275
161 224
19 42
43 89
27 163
95 202
88 159
28 273
82 89
65 183
57 197
148 191
32 56
216 261
182 271
121 217
79 260
250 272
182 289
88 171
11 44
162 228
112 273
102 211
135 149
14 132
202 240
198 286
237 241
83 130
56 259
139 180
209 217
65 124
138 282
125 259
186 249
91 278
135 276
206 252
129 281
44 96
206 281
79 156
207 284
115 130
200 295
22 38
199 202
70 108
72 198
68 116
113 132
168 228
0 117
110 272
93 296
122 186
26 87
225 283
208 232
123 179
12 38
29 289
53 292
223 269
78 79
136 176
74 220
104 260
75 266
221 295
99 172
10 241
205 239
87 296
179 280
42 123
87 143
82 210
193 288
44 252
57 284
93 123
