nnodes nedges type
50 70 graph
nodename posx posy weight
0 3.707961707020307 -2.193937686991233 1021
1 -0.7318211636049516 0.6426934800442834 1842
2 3.2851106950475413 -1.2842575384857144 3412
3 1.6231293053117741 -2.716643947280212 3239
4 -1.018888661247582 -2.143048289174375 2883
5 0.6363221355685674 2.319873401581481 3941
6 0.44335296550217596 0.28250213796844625 1719
7 -0.7266366362698969 2.6485211720534654 1233
8 4.745845567942947 1.1015435290121238 1058
9 4.131822811951652 0.20038344193558263 2657
10 -0.4982802439161547 -2.892138278478994 4603
11 -0.42382072607107857 0.8088906768671649 1833
12 0.9100380998529136 1.6869800800053785 4264
13 0.38249337261599564 -1.889244246089122 1637
14 -0.7219049502038318 -4.428577813349382 1176
15 -1.7975409031020404 1.2927041934772108 2672
16 2.7254629413685394 -1.8770241421925795 3538
17 1.2916346952275546 1.1844974062864035 3671
18 -0.30187027004646455 -2.1426696470589315 1455
19 3.9585361104242347 -1.1244785337247534 4661
20 0.04483694199929414 -3.548153158427363 1760
21 0.864464403668132 -3.048306409773498 1120
22 2.029444985159845 0.45671801658395217 1945
23 -0.012452221897827994 1.6359885782578152 1768
24 -0.6927479064045043 -0.1911496155360505 3554
25 1.6484279277278797 -0.941897255712639 2634
26 3.6271808275937913 1.5046202978421948 3501
27 2.234022415132204 1.7324420574034187 1644
28 1.078014938480754 -0.859953222920511 4123
29 0.8440612513887209 -1.8742843529358648 1743
30 2.9934773751855692 -0.2940661368255604 3889
31 1.0023257779709738 0.662582217107025 4942
32 4.237882161028355 -0.37987281894478414 3388
33 2.197335027996562 -2.8506462419882848 1909
34 0.9045838221378558 3.0244581885761037 4507
35 -1.8620023106282682 -0.7698119394043968 2771
36 2.2964529370031577 -1.8265944244179022 4748
37 2.168355525833463 0.8873963324653126 3167
38 1.3822785471526982 -3.9121255637197647 3238
39 -1.5778222710143994 0.33700321557995844 1717
40 2.7328704760157447 0.42195348443706243 2629
41 0.3089061124157476 -0.8821141408046559 4668
42 1.7339656403991444 -2.140310380508773 2846
43 1.7377820655658502 -4.997164483675488 2539
44 1.4270316617549224 -0.033248102355344804 2908
45 1.9093843250946536 -0.5127675771036535 3458
46 2.845802496846852 -3.177991905173785 4948
47 3.612863674315494 0.5636104482938915 1885
48 1.5703231284656092 1.9987600157555532 3922
49 -0.6100191126274797 -0.49685184874080024 3435
endpoint1 endpoint2
24 41
11 39
23 31
30 32
12 27
38 43
6 28
22 44
33 36
1 15
31 44
26 40
11 23
1 6
20 38
18 41
21 42
0 36
11 24
5 23
13 21
2 19
16 36
13 25
2 30
4 13
41 49
39 49
6 44
18 20
40 47
7 23
6 49
12 34
1 24
25 42
30 47
6 11
5 17
10 13
31 48
29 42
16 33
25 45
33 38
17 44
27 40
6 12
14 20
35 49
16 45
3 36
8 47
37 40
2 36
30 44
28 36
29 41
0 19
37 44
6 31
25 44
42 46
9 30
31 45
19 30
3 29
33 42
25 40
41 44
