nnodes nedges type
50 70 graph
nodename posx posy weight
0 4.799504574545294 -10.482996500443384 4317
1 3.7518005353632495 -3.964097017232648 2788
2 6.195951236451885 -4.76316059519524 4207
3 7.8991295157778465 -6.04179386895687 2197
4 4.0065860469326156 -7.60110805161897 2402
5 5.0265740304631965 -7.08688540418066 4592
6 3.9660458774134466 -2.3663158247826606 1254
7 6.7331651489520405 -5.974753103036138 3283
8 3.4515190641903972 -8.688983843228204 4579
9 4.740564847479011 -2.765367569218822 1487
10 3.802146827174548 -6.6705040558155195 4303
11 3.547135875604217 -2.733828441999285 1578
12 0.7024774929930929 -6.430273817756067 3677
13 4.4165787975786746 -9.406760765497937 1845
14 1.6678339497988246 -8.059074319536176 4417
15 5.66920773625478 -3.7439332686132327 3550
16 4.920738610619619 -6.528221007877004 2771
17 2.999979961722491 -9.72304223316894 3381
18 4.942964016993646 -4.073790924935867 3966
19 6.274171836523708 -7.851637013177308 2336
20 -1.511682860878988 -4.887273245146527 3088
21 2.5208927358231032 -5.142263241191335 4377
22 5.683331321102078 -5.865278199439886 1609
23 5.112940671917214 -11.49991243910121 4125
24 0.5769566723460976 -5.36801853230981 1085
25 5.163816381942744 -4.751100576689404 4641
26 3.274827809935181 -4.0191495031128 3307
27 3.2605875224111966 -4.730976497582378 2723
28 3.571285243419374 -6.557177568893657 1146
29 2.274370511975439 -8.913849476741753 2413
30 4.200395509528284 -3.632359847984186 4654
31 -0.4853936896709282 -5.099247892596223 2325
32 6.626405489878757 -2.9176190249775122 2282
33 2.246065409062147 -6.965251107754809 1774
34 6.128559049199733 -5.072444438110877 2392
35 5.100359165982781 -7.862799428938908 3790
36 4.0000545973756285 -5.079159934966687 3518
37 4.001779172466736 -6.050759512247977 4521
38 1.6306374991081738 -5.916092379102477 1342
39 4.729289699936668 -5.24760044059227 1014
40 3.7492243304425905 -5.372787173001671 2425
41 5.591657329464462 -6.710641910034721 3041
42 6.977355900129265 -3.332724571352692 2212
43 5.081289419665756 -8.508226360575048 1611
44 6.128334319985827 -7.675591303510308 3682
45 2.16780565302426 -4.702896294560348 3827
46 3.078944379802174 -7.783372252769693 2358
47 -2.516649399545307 -4.678437791868059 2059
48 6.368546292521516 -4.204589519536185 2690
49 2.3744094827472604 -6.043206865926467 4732
endpoint1 endpoint2
34 48
8 13
2 18
4 8
5 19
45 49
14 33
2 22
27 37
9 18
3 7
20 47
1 11
24 31
35 44
21 27
5 43
24 38
15 30
37 39
4 37
15 42
25 39
27 45
9 11
8 29
28 46
26 36
21 38
5 22
7 41
5 35
8 46
10 40
22 34
28 49
16 37
15 34
20 31
12 38
21 40
6 30
32 48
22 39
32 42
4 35
1 39
25 34
8 17
38 49
5 28
26 30
33 38
0 23
13 43
14 29
10 41
25 48
28 36
26 27
18 25
41 44
16 41
1 27
0 13
18 36
27 30
10 33
25 40
7 34
