nnodes nedges type
50 70 graph
nodename posx posy weight
0 -3.7612291805771725 2.661309679363006 3453
1 -1.5511683218632952 3.8471259070575856 4924
2 -0.5421878683163122 1.614472698623744 4416
3 3.3239578948747437 -2.9078478438594306 3189
4 4.3984143290937405 -1.0284251237483306 1650
5 0.6250605303456535 0.29168231027437613 4384
6 1.6784053877723515 3.9951689629308254 3962
7 4.422121024757485 1.069273262147119 2748
8 2.298839039589983 0.26572957763966215 3751
9 2.708039323848509 1.0400825660319513 1582
10 0.7913093571512954 1.7754056785572043 1201
11 0.29029282390209715 -1.7667711455803998 4037
12 4.073800945272898 -2.2615464172914037 1594
13 1.171192022706084 2.9884189345617953 3237
14 2.072195393925476 -0.11185579424397782 1944
15 1.4224268619260851 0.867433199472513 2022
16 -3.2880991194407936 3.7199537685353468 1983
17 1.2804195562552994 -2.7002116644272935 1042
18 -0.908957790582377 3.6832278781990855 2253
19 4.663804012498909 2.5223576213671643 2043
20 3.1135383773041396 -1.6221529752664843 4704
21 -1.3938193295851184 0.8958629804090716 4108
22 0.7382773181787234 3.5506957195686732 3664
23 -2.8708944997600234 -0.9711239245784579 3202
24 2.732070102154647 -2.4691803373287233 3360
25 3.6763694376275593 1.8901780483941577 1563
26 3.8499216956443547 -0.5546798551420045 2192
27 -0.9761394176613073 2.64377560210225 1129
28 2.0185690886747447 1.2664730758740463 1602
29 -2.082686078309564 -0.007221597829549959 2836
30 1.0907613318228562 -3.525273074870257 4755
31 2.5103900412167923 -1.5728328988041986 1740
32 -1.4605356246857186 2.3958390860950662 2437
33 1.518964329858599 0.02678022924861644 4312
34 -0.014341302192198587 -0.5370831352771611 2147
35 1.043765150849565 -0.3731064586444692 1843
36 -0.9069119049121549 0.3187470919309986 2092
37 -1.8132099889673454 5.006460075671321 2573
38 1.8751943122351182 -1.0947551869486132 3583
39 -3.151476061469895 0.03227373050216688 4010
40 2.0978035807497206 -2.364535818083266 1073
41 3.3170647103703965 0.5919053150723527 2345
42 1.4867492473174218 1.4487184516344902 1244
43 0.2818146318067061 3.9850295156197637 4165
44 -1.5995890123564338 -0.4955229053074351 2091
45 0.20768149993997773 2.33180409528409 3625
46 3.2860090264607322 -0.30585186893374233 1760
47 -2.6218878108795676 2.762950658285379 1441
48 1.180464454823593 -2.241421191975624 2904
49 -3.8081734413583033 -1.5660119110270483 4870
endpoint1 endpoint2
8 35
0 47
10 42
28 41
8 9
1 37
29 44
4 12
34 35
20 38
16 47
10 15
2 45
9 25
24 31
11 48
20 26
29 39
38 40
22 45
9 15
15 35
11 34
3 20
4 46
26 41
14 38
12 24
17 24
19 25
30 48
6 22
2 27
34 36
7 41
41 46
5 42
23 49
10 13
23 29
31 48
31 46
2 10
3 40
2 32
36 44
14 15
33 38
5 34
2 36
10 28
13 43
18 43
18 32
11 17
9 46
32 47
20 24
2 21
1 27
17 30
10 45
21 29
9 42
21 36
28 33
35 38
6 13
5 33
29 36
