nnodes nedges type
50 70 graph
nodename posx posy weight
0 -0.06261542684211849 -5.253162553177588 2314
1 -0.3183522818005803 -7.74950267213143 3276
2 5.509792773079797 -2.9131758267984336 2911
3 0.1909946967309667 -8.675080815214903 4096
4 3.0287322407955326 -8.702360008302838 4206
5 4.575468616879049 -3.4916997692198017 4476
6 1.596719535948281 -5.891242289215958 2229
7 2.2344655379833407 -5.978334332092335 3562
8 -1.1533694454091241 -4.660728499513479 3728
9 0.6565435074914848 -4.5931876643423015 2027
10 2.52387294003413 -6.391629767568374 3490
11 2.32343044882295 -5.007996636943909 2001
12 4.077751133680653 -7.177027892184336 4965
13 3.340419504656083 -3.103287901518315 1203
14 3.2449529040110305 -6.271059694955224 1242
15 -0.5871839121455287 -5.442785322158263 3343
16 6.398032477979238 -2.3537625056075586 1728
17 2.4771561109722096 -8.353990525451694 2098
18 1.4910628745766206 -4.6276598354569884 3498
19 1.0237488160915877 -6.503539298737392 4985
20 0.122905997055985 -7.836636285392085 1890
21 -1.1794872665779033 -6.470871239183846 2370
22 3.7694721196187717 -5.73207665949485 1688
23 1.1029744864521605 -2.3894062136066236 4754
24 1.4064752764091262 -7.712915431412988 1714
25 0.9616959557112834 -8.464124342402888 2593
26 0.5761490275019937 -3.78217702532307 1275
27 3.397725058048461 -5.072950760652686 1607
28 2.0373107107893333 -7.504410664530478 2826
29 5.134025315040133 -7.644165900024368 2307
30 2.0588285664616737 -7.03410815384973 2187
31 3.3608519941570925 -8.00509271405782 3018
32 -0.5259820036535724 -6.643087461575796 1832
33 0.9873408084999561 -1.2417799802471654 4117
34 0.6131733127104276 -7.4149848387143615 4406
35 0.01558659451533356 -4.371330636651398 1631
36 -1.0467330059666928 -2.1005974285508757 1443
37 4.446889293061383 -6.235674884842275 4490
38 1.121410972061972 -4.819022363072019 1079
39 2.3956337291319594 -3.7258965823934638 3468
40 1.7774726092166235 -6.364848276567337 2577
41 -2.2617335442003164 -4.417836043944068 1073
42 0.004881357401718092 -6.544522483432349 1531
43 1.9898488269522647 -3.615275085847629 3020
44 -0.27834157506210716 -2.921043958971631 1800
45 1.2672026399231842 -3.6485209955354767 3394
46 3.4537157949333643 -3.9932151794697757 2921
47 2.544704472728191 -7.358205423803139 2903
48 2.1358243163378012 -2.339073877272641 1999
49 -1.0457521887324586 -7.657976215026819 2878
endpoint1 endpoint2
1 34
9 26
8 35
43 48
1 21
7 47
14 37
27 46
11 40
13 46
14 30
15 32
18 26
12 31
43 46
9 18
2 5
23 45
26 44
3 34
10 30
18 45
1 25
9 15
22 27
6 10
3 20
24 47
14 27
8 41
11 27
38 45
7 28
26 45
10 22
20 49
32 34
8 15
11 18
2 16
7 14
28 31
18 35
6 40
12 14
24 28
4 47
30 34
10 19
7 18
6 30
18 39
5 46
9 43
13 39
36 44
12 29
19 42
25 28
6 19
24 40
20 24
6 38
15 21
17 30
32 49
20 42
0 42
23 33
0 9
