nnodes nedges type
50 70 graph
nodename posx posy weight
0 2.462293339596256 -8.123100646043081 2004
1 6.729325646497412 -5.765778729536995 2552
2 3.3321592564541618 -2.3226615304939444 1009
3 4.912584917312938 -7.6316056995397945 4160
4 3.988705177257803 -6.881770887814813 2103
5 1.2167643507642254 -5.44300460522339 1275
6 4.51734491846962 -3.9942253882754026 2771
7 2.4036178154183636 -4.093841601974792 4664
8 6.743369485578895 -7.099656029036321 1921
9 3.2476888432774587 -3.5343754593672396 3603
10 5.010183506213955 -5.658668534257841 4360
11 1.5100164219192882 -3.2579143069096026 1246
12 5.433414310911694 -3.9764610474320823 1447
13 6.990033877597093 -5.262160233138551 2463
14 2.1456994951531905 -4.884162955361752 3333
15 3.2858276798113217 -4.326879117018299 1122
16 3.531993531243209 -7.523200591708974 2854
17 6.027199339146103 -6.071307419740995 3526
18 4.438544709235056 -1.8423819263000931 1657
19 6.50903819050968 -4.044940364225333 4033
20 1.8461096082241013 -9.112121025477899 3665
21 2.9187392320319216 -5.308018627272132 3436
22 7.022738132268371 -4.768596825606086 3992
23 6.757274752758606 -3.422950234697878 4905
24 7.252718460977332 -4.019197856561095 1482
25 2.2169477905970756 -4.538798600185356 4940
26 2.072807560761679 -6.072035063223917 1320
27 2.1384573093211636 -7.1714339148094135 1055
28 5.893141184055235 -7.302044414988093 3822
29 5.692617760206867 -2.6364631111861585 1515
30 2.9884023588344855 -6.370958914388203 1214
31 6.410637077638578 -6.245643318402392 3313
32 4.540929238981002 -8.00089920868138 2795
33 1.2722579218336652 -10.031974622225961 1823
34 0.14024585540975879 -4.759779290692631 2174
35 3.278847740743616 -4.867630247110268 2883
36 4.106207163528522 -5.7088356866720815 3088
37 5.449511651872654 -8.803468929993043 2223
38 3.5867654835549843 -8.706546378524964 1220
39 4.3418371449753295 -4.476799781538044 4679
40 5.706076830639985 -4.528563305077911 3640
41 1.419191993029861 -7.070973425104106 3756
42 5.831851052110268 -4.778483283297302 2544
43 5.25803662700608 -6.722247139168085 1775
44 0.19602292192995496 -5.6908526960340575 3507
45 5.130531194954007 -5.298144776850861 4526
46 5.129662934824105 -1.7819146359495277 1933
47 5.725239865487284 -3.7124428144545263 3459
48 4.830124698788965 -3.007441759877889 2547
49 0.8164467281608628 -6.314306852804728 4390
endpoint1 endpoint2
7 21
40 45
6 39
10 17
2 18
0 20
5 44
4 36
7 25
6 35
0 16
3 28
26 49
8 28
7 11
6 47
9 25
24 42
46 48
2 9
19 29
17 42
23 40
32 38
5 25
16 32
44 49
15 39
1 28
13 40
3 16
12 48
25 35
29 48
43 45
10 31
3 37
21 26
6 40
12 45
16 30
10 39
0 38
1 19
26 30
14 15
28 32
0 41
8 17
5 34
6 48
9 39
5 41
7 35
1 22
10 36
30 35
3 32
15 21
20 33
3 43
12 19
8 31
22 47
36 45
18 29
21 36
39 42
27 30
13 31
