nnodes nedges type
50 70 graph
nodename posx posy weight
0 -2.4041021093509087 2.02793527549557 1671
1 -4.3409526999153965 1.3999812611936624 2096
2 -5.425284626494041 -0.02727119193284926 2361
3 -5.6986948351926765 2.0490512759517174 3272
4 -2.0790672981385954 0.6624439799912537 2583
5 -3.3501918308741034 4.58922921791415 1062
6 -3.088818280388972 1.2671955902388938 4971
7 -7.419437906584228 4.067700770251235 4462
8 -2.909734639411697 5.49313709885323 4118
9 -5.905815643062363 1.690793764047548 4731
10 -1.6731383886128772 4.1086092343508325 4124
11 -6.683207610292113 3.138791798247133 3099
12 -7.368779845982381 2.4999108371035486 1464
13 -3.540671715031949 5.941864255345989 3191
14 -6.938410306497776 2.060835169632135 4008
15 -1.704312555418616 3.1107081063071407 4231
16 -6.350376965607963 4.029681981521531 3159
17 -5.721609194151325 5.235170103278122 3055
18 -2.4012480724465566 -1.72448157504392 2540
19 -5.959053557663578 5.447648924977871 4121
20 -7.95012835725596 3.1340767247326475 4793
21 -3.608516579900656 1.6296860898950511 3346
22 -4.787854458527719 1.1011194408476614 3771
23 -2.7963291439502203 3.142973495601816 4004
24 -5.890357343005457 2.7076256880960226 3765
25 -2.760913852190412 4.7919000943621315 4953
26 -3.2415936152042573 0.38243342402243247 3134
27 -2.580806293883309 3.458830903073131 1287
28 -6.170139340252818 3.187589730996663 4554
29 -0.02239270413457365 1.5732235389143092 3892
30 -3.6624827784198795 2.1892653583569786 3649
31 -4.420120042542643 3.0436452189198295 2416
32 -3.2585084524198478 3.9466663205181387 2056
33 -5.152399774867943 4.282455562946759 4301
34 -3.8759241723600066 3.737053836936373 4756
35 -2.872161943333115 2.718128621138517 3049
36 -3.423894959994248 2.117758626038868 3753
37 -1.1310505286370065 1.7693944504025307 2247
38 -2.845768860999211 -0.724907601600705 4514
39 -2.4525696096317717 1.3441774469325083 1267
40 -6.432897070516863 0.5071307538227166 1297
41 -6.570445677307338 4.347564004196846 4455
42 -2.3273733600232265 4.061249302943877 4766
43 -6.9582846700083945 1.598615242825957 2884
44 -1.9605362663841683 -2.6775667998479546 2859
45 -4.590266617663154 6.7819136389552845 2326
46 -4.19652578055319 4.413443586084895 3202
47 -4.920945732944401 1.6952617252436124 3929
48 -4.566234578403486 5.551747311406057 4315
49 -3.9901218036291874 5.122499831658348 3747
endpoint1 endpoint2
15 27
19 41
1 3
18 44
19 48
9 22
3 11
28 41
16 28
10 15
6 35
25 32
25 27
2 22
1 6
11 14
0 36
11 24
34 35
7 11
5 23
31 32
24 31
34 49
23 36
0 21
13 25
15 35
9 40
9 28
12 24
45 48
18 38
0 37
21 31
24 43
35 36
7 41
8 25
8 46
46 49
21 26
17 41
5 48
24 28
9 47
5 42
31 46
30 47
9 14
13 48
16 33
10 32
6 26
30 39
29 37
0 23
33 34
4 39
4 6
2 40
35 42
11 41
0 39
22 36
11 20
27 30
17 48
26 38
1 30
