nnodes nedges type
50 70 graph
nodename posx posy weight
0 0.6929227759000699 3.9147327403756265 3174
1 2.216338103457774 3.039509873395857 4557
2 -0.012038367536658937 1.0858886934436598 2296
3 0.15520909827033222 4.91351355711099 3477
4 2.1698397801299016 -0.6213065410531448 3495
5 0.7889986278348944 -2.1088578086383825 3670
6 0.5216877855596733 2.590676344622499 2226
7 -0.5094663768949989 3.124822733240699 2606
8 4.91158152890911 1.2053141432961614 3176
9 1.0575676269004874 -2.442895578514302 3388
10 3.1802053253760834 4.430178051853175 2913
11 3.6763206388644774 2.0833964759915826 3435
12 1.324447360204199 1.82883871360928 4744
13 -0.009862706369335044 -0.870180829838094 2703
14 2.954512547330939 2.403327349182002 3043
15 0.6619837722318981 0.08606292169748779 2981
16 -1.0433592986571814 -1.5332054101666146 2431
17 1.8598813869780602 3.1205312175958557 1877
18 1.2804543151416807 -0.9080836359958832 1411
19 2.3800821713133544 -1.3593960041951694 3090
20 5.655073675772553 2.47166122662343 4056
21 2.1615095505400674 0.9211367522415729 3861
22 3.4932204803850118 -1.1896748848975611 2292
23 3.8328094244401685 1.6521999720880258 3963
24 3.5043118473141908 -0.3426081450698645 4460
25 1.2886689385475023 0.5054014261356617 4433
26 2.7304460383808538 1.9725604555388612 2307
27 2.2278891011766717 -1.9971217221373014 4411
28 1.6331798876384194 -0.4647091295724691 3806
29 1.60487397452607 -1.812368842334982 4817
30 2.7807995005880524 -0.08570794437903 3300
31 4.350613254795991 -1.4247248261735206 1278
32 1.2392965204981985 2.6989891286049574 1208
33 4.928968851871426 2.230955045647606 2851
34 4.242278332811965 -0.36106443534480387 2409
35 4.346127847314777 3.043546548158861 2667
36 2.8349395153343484 3.309110065703122 4639
37 2.025493824363434 1.5203955243465692 1483
38 0.12541398795813793 1.3836500171575863 3690
39 3.2625016584063307 0.9346302131057519 2209
40 4.603961647275431 0.540206854421034 2168
41 5.641047138020388 1.2214791272477121 3654
42 -0.40580872580620864 5.821980463616524 3906
43 -0.4947472822734851 -0.22860572950389163 3162
44 3.521051876773937 0.8563065775443924 2748
45 -0.4610539388705236 0.6172454290157015 1511
46 0.44099662824180474 -1.199653979128557 4582
47 -0.9573769676495362 6.698707713024657 4973
48 5.020403694232558 -0.11692336528736724 4804
49 4.134922073935275 0.29182673152807237 1517
endpoint1 endpoint2
11 39
14 17
8 44
1 26
4 18
3 42
21 28
28 29
4 27
42 47
8 40
18 19
33 41
19 22
23 26
43 46
2 12
0 3
6 17
11 14
26 44
24 31
27 29
0 32
6 7
20 35
37 39
5 18
6 32
13 16
26 36
28 46
38 45
4 24
1 32
39 40
17 36
22 34
19 28
22 24
24 39
23 49
34 40
24 48
13 15
2 43
15 38
11 26
11 33
41 48
21 37
26 37
14 35
20 41
34 44
30 44
9 27
9 46
10 36
15 45
6 38
24 49
12 26
4 15
25 37
18 25
32 37
13 18
14 21
4 30
