nnodes nedges type
50 70 graph
nodename posx posy weight
0 3.096510711522479 0.3765161744519169 1059
1 2.9216761931277637 -1.0135019297042702 4172
2 1.7373362338572693 1.6205218233481178 2794
3 3.822609434835219 1.9473693557443035 4754
4 2.8883427071098957 3.0892553156368217 1150
5 3.4469556127655445 1.8238130219604642 1641
6 4.137120557319438 -0.40134013851232203 1226
7 7.712437173822942 2.6990444577017896 3524
8 2.2275982097131033 -1.0560653946727836 3061
9 5.1608866887568405 0.26985776152498536 4652
10 1.725903286400903 -0.3978728374215957 2657
11 4.408689194613466 0.9382999996729756 1923
12 3.945280239582794 1.2042727246743272 2905
13 2.966483095639176 -1.5449182637303176 2160
14 5.486871725497445 1.5909175648448812 3165
15 5.108370082798185 -2.479484784012454 3702
16 5.622076893798637 -1.0581790351625673 1707
17 6.832677380969603 -0.7271276519498743 2696
18 3.9624165660058432 2.6922461419229404 4733
19 4.444171058791132 0.5971376530639925 2339
20 7.849639673918987 -1.3465034689376474 4332
21 7.034637391459583 1.6913594931527582 4567
22 3.691666914842688 -0.9900034777272861 4506
23 3.8329197720833195 -0.5288001197658454 2843
24 2.4262070315871513 1.1354709002708248 3921
25 4.559610303545272 1.9160323048020667 1647
26 1.320311694472179 0.7122686657168961 1437
27 3.654718386174249 -2.0212888533575617 2265
28 5.699538019657873 -1.6014618710757424 4144
29 4.318778547480399 -1.5475250860439753 2802
30 5.285010338515887 2.1757953373533265 3338
31 8.781841533663117 -1.9207291859453577 4010
32 2.001882469003217 -2.440181533596244 1897
33 4.270899508785019 -1.8994041385188263 2957
34 2.958874125659484 1.279735929810517 3632
35 6.39111602702077 2.3399574487634904 1177
36 4.979022379478062 0.9984053251570958 3604
37 0.5294563426710635 1.6606134059106366 2461
38 8.166288899749386 1.6233427218102703 2375
39 0.23343772069354635 0.938962191847803 3895
40 6.701133263256619 0.5375017277339529 2069
41 5.852054046107007 1.273861601761593 4741
42 2.0621367957786494 -2.0793401006678973 2459
43 0.2554622375308477 0.1832781519885712 3710
44 4.818853605544217 -0.48424056475642024 4482
45 5.083790738741314 -1.6127188883841261 4813
46 5.73222111839343 4.4627048579142965 4703
47 4.376278267968581 -3.080461765592695 4404
48 3.2430576600888643 -3.1917045617128266 2751
49 5.511564179724785 3.3758884057467333 1878
endpoint1 endpoint2
7 21
19 41
14 30
22 44
30 41
24 26
17 20
5 19
27 48
19 23
35 41
12 36
1 6
10 26
26 39
2 34
1 42
1 33
9 44
13 32
16 17
3 24
15 47
3 14
2 26
25 30
11 34
0 24
19 36
8 10
21 41
19 25
9 36
6 22
23 44
1 10
21 38
16 44
46 49
11 30
4 5
20 31
23 29
0 12
16 33
12 18
26 37
30 49
15 29
22 29
6 45
0 34
14 40
0 23
6 19
17 40
13 23
3 12
15 45
18 25
27 47
8 22
13 27
15 28
26 43
23 27
14 41
28 44
11 44
9 12
