nnodes nedges type
50 70 graph
nodename posx posy weight
0 1.3369555622931761 -2.719957789514696 2716
1 0.21641682246044122 -1.0951960970145536 1505
2 -0.32512201786228273 -5.354367428191422 1510
3 0.7624632157820979 -4.86997493839675 2892
4 1.4362505755619286 -3.526136276478596 4668
5 1.4009235801506807 -1.3494917707974585 2649
6 1.5727692907111663 -6.342948039140914 3697
7 -2.0790957892588415 -1.0160513746341335 4646
8 0.1251328103488377 -2.780805520625304 1931
9 -0.027154629483007012 -4.430150024552373 2551
10 1.8975812678513388 -2.9336408328682326 3841
11 2.923785936015334 -4.560203981604241 1679
12 -1.340808680123081 -4.169603765096579 1158
13 1.6030137125344353 -4.338713826958986 4107
14 3.669644137904071 -3.6176039484697795 4841
15 3.0395872736344973 -2.967143902928105 3044
16 1.5204021182627188 -5.6167985067026756 3265
17 -0.8286664858753477 -1.4544078897502088 3528
18 3.3009644441677017 -4.862622121342311 4068
19 3.7335587982108804 -2.0693554881174885 1793
20 0.30481249373786057 0.22748502279678154 4047
21 3.9899346791375465 -4.556013082337294 4396
22 -0.9739393806135409 -0.666223912686293 2398
23 2.4012765217330774 -1.7994121323153485 2957
24 1.289168137530061 -1.7021915756365225 4051
25 4.471826025043281 -5.375836921593373 1500
26 3.0763397825999044 -5.443718975714505 2230
27 -0.06814056999262773 -3.6489033494084455 3625
28 -1.696189471293782 -1.529856733834925 2002
29 0.1285091063687451 -0.5064595615523556 3427
30 -2.1258285733789224 -2.6823469524010504 2901
31 2.280072560957327 -4.517999388726345 1344
32 -2.9046053533224043 -1.9248043998756401 1049
33 0.7294686203647279 -6.417526366472223 2952
34 0.9454506379235936 -5.319916140623852 4084
35 1.6098994368547959 -0.6862793656019149 1212
36 2.9118276582217866 -6.647400522049462 4690
37 2.291347438356536 -6.927532998452879 4231
38 -0.8004282019894382 -6.51099527074435 4050
39 1.0320477223595688 -3.521488979590509 1062
40 2.5976260527190154 -2.769771737728537 2199
41 -1.2180187750093336 -3.690442565596178 1013
42 0.15307306720854022 -2.094778570146818 3607
43 -2.0831920771753225 -3.389270059087166 3625
44 2.176236962292383 -5.648980901452502 4468
45 0.2204676208448027 -5.978455390885116 3737
46 2.1070884639408005 -0.16070373669752916 3289
47 -1.3463659873892362 -5.955751000477885 3912
48 -1.1239828240439422 -2.433714934431937 1043
49 2.8244369498306354 -3.8389316365419206 4163
endpoint1 endpoint2
43 48
30 32
12 27
18 44
9 34
4 8
30 41
17 29
9 41
15 31
27 42
29 35
1 42
5 23
26 44
1 20
19 40
2 38
15 23
17 28
3 45
17 42
2 9
28 30
14 18
23 40
13 16
18 49
4 13
23 35
0 4
22 28
6 44
12 41
3 27
39 40
11 13
10 40
1 24
3 44
7 32
5 42
21 26
3 13
10 13
4 49
8 42
5 46
10 24
16 33
36 44
2 3
17 22
31 34
11 21
2 47
8 48
14 40
9 39
33 34
1 22
18 25
37 44
0 39
26 31
6 34
12 43
7 17
14 21
17 48
