nnodes nedges type
50 70 graph
nodename posx posy weight
0 -1.888313871608692 2.2060706717942 1976
1 -0.7245468094256681 -3.318284509773688 2301
2 -2.8112439945505976 -2.4220465575931063 3062
3 0.9037585715851288 1.3188863792688073 4967
4 1.369253789141508 0.6280038385436971 2005
5 -3.3096297793245153 -0.8426551289403794 4901
6 -3.959193943747917 2.0447377795073707 1090
7 0.5578008990866723 -0.9519545086296478 1530
8 -1.8413279721418967 1.5013420577969119 1112
9 5.59580085922969 -2.69457649255659 1059
10 -1.0829750308870159 0.4559457930518301 3754
11 -3.9130972646044624 -3.1357943839379394 3255
12 4.609874007416331 -2.37240366547962 4896
13 1.7232473718824148 1.3503030856213736 3866
14 -0.8372753828587506 -2.0326289988753024 3850
15 3.563945774587392 -2.1082406742398083 2966
16 -2.4833563649266375 2.6295222570440364 4665
17 -0.00470270344074929 0.9148205193275074 4746
18 0.3245642000753714 -2.2945353548400518 3377
19 -2.9539697593932392 -3.3376784436555695 1530
20 0.05098823573262339 -2.236898817795693 2609
21 0.13436002941762085 1.1232717850222451 2355
22 -4.320731850717333 0.05954886551954541 2684
23 2.7121153691319706 -3.2759207594342947 4966
24 -1.0525923084209874 1.4716289550893482 3608
25 -3.9019276923728414 -1.8376321126259794 1794
26 -3.1897711176062202 2.3907634713805184 2466
27 -0.5389081335342515 -0.4208002036963029 1587
28 2.4106072184765597 -2.1526234279904837 3549
29 -3.420540054975312 -4.396272215269116 2731
30 -3.684680103973202 0.4373233360628138 2748
31 1.3299939171336979 -1.599554923118117 4863
32 -1.9630504539783604 -3.349484312508097 1032
33 -0.6446763433010757 2.1570404835064902 1522
34 -0.7552976105468686 -1.2658178916468532 3433
35 -3.364431137336842 0.987479828395953 2969
36 -0.3699830501576959 0.0440835561582372 3279
37 -4.21774729576454 1.3758264531996676 3026
38 -1.383672685576078 -0.7744197800546273 1893
39 0.9935004168635805 2.10799784674705 1492
40 -2.8440921463294835 -0.6561240493046666 2538
41 -5.025930475084628 0.5081107675981508 2715
42 1.1502917464572213 -0.270550787045696 3451
43 -3.2606960891029613 -1.9371664583288064 2292
44 -2.3487891369068348 0.19209055668637917 2453
45 -2.1751287737495355 -1.355690452405993 3500
46 -3.0097287540391116 1.734661528106996 3468
47 -1.8246929837791148 -0.6991942983238366 3916
48 -1.5158336238435124 0.26504312569439564 3588
49 0.734742491729447 0.25795376325071134 2696
endpoint1 endpoint2
42 49
20 34
30 41
22 37
6 35
2 45
10 21
21 42
24 33
21 39
3 17
1 20
35 37
8 24
35 44
38 40
30 46
19 29
10 38
14 18
0 24
45 48
14 38
5 25
13 49
5 47
19 32
34 47
1 32
8 16
5 22
19 43
34 36
31 42
0 33
6 37
28 31
21 33
20 31
40 43
4 49
10 44
7 18
2 43
7 36
2 32
26 37
13 39
8 48
12 15
26 46
44 47
0 26
40 44
23 28
27 47
0 46
2 11
4 17
27 38
24 36
15 28
30 40
27 49
2 25
16 46
17 48
3 49
9 12
6 46
