nnodes nedges type
300 2000 graph
nodename posx posy weight
0 -2.036982499424253 7.506301198515224 392
1 -3.8897879570657246 6.916671243919985 456
2 -2.1324180149541805 5.7552270207559895 470
3 -2.8534092553194492 6.602188464064747 471
4 -3.2304202071051 7.338180747413284 123
5 -2.3486442472707014 5.583445633812122 86
6 -1.3603341872079722 6.166798327139186 330
7 -2.4488761847796248 5.929749929707225 301
8 -4.084567236111428 6.460240774062025 55
9 -3.4609569038393135 7.522684749534882 87
10 -1.0258829836166878 5.817667341556823 325
11 -0.8511283555519067 6.412604086362386 211
12 -3.064001140132881 7.881337038581229 144
13 -1.5556431946827947 4.354328398911587 292
14 -3.161290558157234 4.483514780808146 154
15 -4.300192921940403 6.627090863440955 244
16 -1.3505163408821788 6.039458028698047 17
17 -1.2544631193311373 5.410470361390255 235
18 -1.2931754026000808 5.035246964321434 113
19 -3.51210491547787 6.508869649618085 127
20 -1.0020355582800151 6.12276570648958 242
21 -4.1331303890752125 6.3386019007515015 360
22 -0.9888811866934145 5.4438985261202255 465
23 -1.4493453391898796 7.613513924730042 408
24 -1.99866068640987 5.568238050047074 117
25 -2.1849812960953496 6.192227669323786 78
26 -3.5478721755064297 5.889166202281628 495
27 -3.3435739849680863 5.995601161553941 45
28 -4.034882177241193 5.73239688092182 396
29 -1.770115872871327 7.4391591553069984 207
30 -4.576532096218719 6.011040585292416 201
31 -1.2585411206718773 6.995691311606274 231
32 -1.4850742926208815 6.701774403058477 463
33 -3.327662149862486 8.10786667934405 346
34 -1.45524950841069 4.720839746432623 421
35 -3.5010689793277376 6.919653088701837 45
36 -1.2211109760922194 6.537029918304572 148
37 -1.8165421416662042 7.958359476124987 120
38 -1.4243091840207736 5.454078968317416 185
39 -1.6157040487180432 6.92921889370777 84
40 -0.36395887864514087 5.903651459009241 283
41 -3.6731827398765144 7.549364183322942 333
42 -2.429561331983186 7.597632461491488 188
43 -1.5078396008702855 5.81133724084344 310
44 -2.043302297088363 4.950972246197154 393
45 -1.4934103994863206 6.513096118188732 362
46 -0.7341797398422966 6.794865217127049 94
47 -1.5302292236247101 6.380545535481847 183
48 -3.116783803686918 6.708101666926608 114
49 -1.1262452012483106 6.3561924229894595 347
50 -3.6794261119663547 5.270219788737212 258
51 -2.29659098164491 6.744495766836656 6
52 -2.0241685004236434 4.488716549081404 452
53 -2.8179646358633588 8.2493048823521 388
54 -3.0566332131383778 5.651551763376712 127
55 -2.7641382666702414 4.217927313328416 107
56 -2.635164106769784 5.13287662252383 24
57 -2.8116482708006307 7.875711870665883 457
58 -4.0859633557666655 5.285914413363475 36
59 -1.5051917200285163 7.010006457358828 373
60 -1.0695780440193678 7.193178403734267 398
61 -4.152436509425581 7.765208384464515 7
62 -1.3549656024922476 7.788435447730904 318
63 -2.5095029572009078 6.759682202990272 352
64 -1.7947913160131486 6.37461386791942 150
65 -3.0267138466684114 5.864830680088841 404
66 -1.9049395624433254 8.233040807725601 315
67 -3.8649938368465233 4.690952429398396 22
68 -3.0344734874781794 4.517907521655518 205
69 -1.7332913347093337 4.220700025147243 484
70 -3.4028643843923465 4.540792695427905 296
71 -3.4023671213741005 6.461699348743337 324
72 -1.4652195193210527 5.33992835115014 250
73 -1.050644064576544 7.612493295340891 35
74 -1.2217019428664306 6.072177285294547 298
75 -2.832565417746602 4.515047041365613 222
76 -0.7414593712839032 5.36654542462963 20
77 -0.6444506170304913 6.221002738785109 218
78 -3.8281177900098147 6.050213514295462 42
79 -1.1355234784989403 7.797164982798762 290
80 -2.164410111516631 5.929317966676427 316
81 -0.5815395462382089 5.333611948152049 333
82 -2.636651317974481 4.954950919449099 378
83 -3.8521078287269557 6.660016480075942 198
84 -2.0230887022075352 7.332765263326072 84
85 -0.9727491950916276 4.9931250918519305 339
86 -4.307321503007188 6.155868967929988 109
87 -1.7150883042866714 6.148507986279586 118
88 -2.34173025622762 6.516243489273815 55
89 -1.498496169421759 7.263724519810284 237
90 -0.5254938123447652 6.239385307256129 67
91 -3.484375782288474 6.186605945735441 418
92 -4.367292918093739 5.8901153610379415 52
93 -3.14194195517279 7.553929986635597 228
94 -2.5704262910780074 5.3409810904096 319
95 -3.806937259276591 7.071763751324545 379
96 -3.2919329396425177 4.296899323705718 453
97 -1.2936517991179026 4.378753184640376 46
98 -0.5872730492144713 4.9641751594207975 466
99 -2.629205630871845 5.453553413414681 111
100 -2.6976013332018294 6.452857714177664 384
101 -0.9020707577968519 7.624014720450137 334
102 -1.4811426459522308 5.1622060705385415 462
103 -2.8633509636791503 6.958811051365963 114
104 -3.710909199008764 5.730160618044334 194
105 -4.5096759429069175 5.082712247584665 335
106 -1.2339937264975493 4.689825200144787 165
107 -0.7406923595557099 4.376708576864671 250
108 -2.619679806370931 7.8632148793838255 104
109 -1.1357900696210752 5.921767811344209 113
110 -1.7365385284897947 5.363360149872575 220
111 -3.4393617534068466 4.350287332415482 69
112 -4.08269780121141 5.981828074398018 369
113 -2.1801085002204608 8.057119336229894 425
114 -1.9008262063954824 5.8644023578525815 464
115 -2.554367430666324 6.107841684310832 474
116 -2.169014402075301 4.811233733443922 368
117 -2.017242989508114 6.237310948116601 474
118 -2.464095798796907 7.855061785688515 159
119 -2.6436509547968505 7.4886545944716385 222
120 -4.299623538195777 7.272237650989625 132
121 -1.938916907498331 7.748559287447435 231
122 -3.0639146728183877 4.9810446429797395 133
123 -2.754675520278768 5.819349700487949 209
124 -2.9158891598894816 7.565237158786 126
125 -0.6410138149322673 6.56405596125855 338
126 -4.296454701733261 6.348474824358663 451
127 -2.694381396532867 7.026776046922179 234
128 -1.1219002674069354 6.783207152264114 496
129 -2.0753132033337027 5.44749444269962 311
130 -2.1285418334844928 6.776384625474896 178
131 -2.0631566391486995 5.146605614229716 84
132 -1.3707384699430907 5.5410689669075985 350
133 -3.9258960827511977 5.7177223162198745 179
134 -3.846837393659652 7.252565174012361 270
135 -3.7034702440615024 5.5702312457630185 395
136 -3.8530806344330424 5.175770293635808 295
137 -3.9303665727053816 6.156096845859883 259
138 -2.6261553185142694 5.845644031423446 465
139 -2.420324585771954 5.286960066339082 193
140 -3.7162662640317667 5.036780114019327 386
141 -3.4922864079792144 5.033908125332786 231
142 -3.1740774529327327 5.683712207319911 340
143 -3.926984200391594 5.349645033461877 307
144 -3.3059620256790874 4.951714737752134 262
145 -3.660474951750687 4.790410813808973 386
146 -4.272064579004572 5.547874568829678 13
147 -2.9689793031409852 4.878007686133669 97
148 -2.52265660152392 6.346035547213399 160
149 -1.7676499723563757 4.579793282362653 206
150 -0.766530844167522 5.925180149277334 74
151 -1.903161874729516 6.108216232527139 437
152 -4.122273176433997 6.543602174586553 319
153 -1.1081588294570375 7.085358139625271 253
154 -4.056257061286269 5.4726179498410135 435
155 -3.4891056377199625 7.119611427723141 21
156 -0.9975484510587839 7.030929326288094 186
157 -4.143934911243064 6.775678755212014 278
158 -0.4170977714122642 7.034020702221227 444
159 -1.7982069553276625 5.112591206076522 358
160 -3.4607254654530086 5.339125020177895 296
161 -1.881490240390838 7.433722957393648 55
162 -2.9960272258313885 7.1378988496558184 454
163 -4.009031020795605 6.944443956491864 456
164 -2.4272047062602415 4.1363429664520055 152
165 -1.9934907695602804 7.153607525925514 120
166 -1.7209873108471492 7.023927559471128 456
167 -0.24510950397709888 6.370661506356873 326
168 -4.389142585576064 7.5672413209931335 459
169 -3.135789688373027 7.392464516582488 384
170 -3.1322018107163427 5.327888682823096 239
171 -3.902524944238152 4.925519884403513 423
172 -2.400822307514224 4.880926014296981 243
173 -2.529541124954449 6.525035708691217 90
174 -3.788191863344287 7.435049956211107 466
175 -1.5714634014478648 7.505316835290387 96
176 -2.9769562928947004 7.641440193236382 19
177 -3.440890047128507 5.448705275357019 56
178 -2.576135735964164 4.098124846346265 229
179 -0.725574921393569 6.533460905720076 26
180 -3.7404443263751728 5.888531293245287 412
181 -1.475966068374655 7.87682254661738 494
182 -3.016667890763553 4.824329435024193 469
183 -0.9444501817163552 5.664138538451505 385
184 -3.1569169386018605 7.910636519470732 206
185 -3.4226376689515052 5.669575473845954 223
186 -2.3856372375888752 7.334123177696847 2
187 -1.2927881773031382 7.49537022932956 239
188 -2.190992545062177 5.216689880025331 241
189 -1.750049109468248 7.73715602314748 355
190 -2.3116087105856837 7.99158585043704 433
191 -3.387362117449937 7.217011415766123 2
192 -0.972388321454789 5.332733008941894 308
193 -2.637656277604085 7.362846030649828 240
194 -2.917370508218828 4.622876902532407 13
195 -1.4195540165492073 6.836246744096967 453
196 -1.7308716421252588 4.74019482716358 258
197 -3.320317358727868 7.4796392321519996 27
198 -2.101401556927219 4.2488976593410355 192
199 -2.494738053143229 7.190862267755609 416
200 -1.698133831973339 5.822186525921745 63
201 -3.624094194526076 6.807318683049196 87
202 -3.0881278502016514 6.986868490035037 293
203 -1.2263321752082035 5.616230235675709 9
204 -2.1172364427079513 4.447003091552212 210
205 -2.831084004781533 4.369046200381338 7
206 -3.0440358156215943 6.797131258257589 253
207 -4.059033649000206 6.69810753449134 188
208 -3.319806523056195 6.745663805142138 164
209 -2.760289378222824 6.0392220349998516 490
210 -2.080839967171029 7.650926421175202 309
211 -1.8905377082347097 4.962874880727202 391
212 -2.5339859024272813 5.6317034562416515 174
213 -1.6558924680652465 6.374506485348785 237
214 -1.252438199578859 6.443772421128201 196
215 -2.833821526640837 5.6847661909174745 126
216 -2.9640923251088536 3.9733014183469946 385
217 -2.252482846896844 3.8319371098906783 39
218 -2.5645159680811362 8.075404440531079 483
219 -3.876301851202286 6.433000068318099 152
220 -3.722629497988774 5.3995923853271615 3
221 -1.0068932460882685 5.927132482880784 220
222 -1.6367727203431515 7.145118374695285 397
223 -4.083216355650916 5.379064272646929 147
224 -2.720186460187109 7.89001622975153 486
225 -2.9618445234961577 8.017168582787896 474
226 -0.859408015653057 6.812807292158117 477
227 -2.984317612780972 5.138683375361058 406
228 -1.5828915758047326 7.624209948071936 343
229 -1.1977647119684256 5.0392685240325195 144
230 -4.034430725631736 6.053295414152932 254
231 -1.1820772220393199 5.173842257189116 38
232 -2.7394218327564905 6.674975303387225 298
233 -1.8429830181311748 4.405672904001492 249
234 -2.46834083972871 6.899464209582146 381
235 -1.12719545265721 7.438907501869488 146
236 -1.9514083823092514 6.851338416387164 158
237 -1.7630866431668069 5.456383573603337 379
238 -2.8240383439934207 5.176235092914783 404
239 -2.4906463435621133 4.432667783695618 419
240 -2.938299155952483 6.083224033785384 417
241 -1.9116047909004605 4.110007935104001 276
242 -2.2788639758777753 5.818984030336584 287
243 -0.6970447281407122 6.094376192347523 192
244 -4.257475717480558 6.923914321505935 51
245 -3.7827495490889347 7.305149193045755 490
246 -2.6408914641516454 4.592887575280232 22
247 -2.3510971978302484 7.6820296390714 383
248 -3.229638845266821 6.328233512802929 282
249 -2.7450410969749632 7.503734582198856 167
250 -3.8457779094834383 6.289354673746132 7
251 -3.101601972110233 6.272444437719045 267
252 -1.3606777454564722 7.17226680205298 313
253 -3.2714947871325912 5.202726847702732 138
254 -0.7583541511288506 7.2663611181275405 374
255 -1.3380040608750357 5.860574382779339 32
256 -3.483226749083631 4.655882782473524 480
257 -3.1900010931573446 5.141771204867954 56
258 -2.8130708680922933 6.188235508893406 30
259 -2.780814879629775 4.785402241215679 150
260 -3.108593867629945 6.419574887451802 307
261 -3.424649667099161 4.821141406801783 24
262 -0.8202537081988818 6.6299813107033 409
263 -2.0295967669777886 4.8562230536522435 5
264 -0.8348458930126142 4.799976169315636 400
265 -0.42045646861479236 5.7948577490403235 433
266 -1.3851699167287888 4.893365858475912 333
267 -1.3759129930637897 5.696980259203703 368
268 -0.6181849308467112 5.550570233047377 133
269 -2.80850935334164 7.266090910160354 299
270 -1.8313094468633595 6.740331945681944 306
271 -3.77790199741039 6.847258318691567 483
272 -1.8608743359542106 7.010676606040134 424
273 -3.9662178528908294 7.2650745345747385 64
274 -2.4267266155293625 6.295335108230009 121
275 -2.929357805107723 5.431078741090957 270
276 -1.8894040802298675 5.253765983372765 482
277 -3.5056293498955973 6.305228114721873 13
278 -2.0831739210081603 4.6878142378117476 234
279 -1.6287635582185607 5.624512349422685 212
280 -2.365200758758884 7.895343501772045 209
281 -2.2261032989581984 7.342338555721022 92
282 -3.1772740917116074 7.015918650472823 356
283 -2.450021184591078 4.780624102605948 470
284 -0.35467600231562135 6.568072529319908 237
285 -0.5571635173576021 5.814766324794308 487
286 -2.3826898645124897 4.631442646625923 402
287 -2.1297307463238537 7.893512338110988 159
288 -1.6136603812543175 4.513768342762212 330
289 -3.1980327023970423 6.049942759828402 435
290 -4.197505543595601 4.708333138881671 61
291 -1.9914968452556339 6.961256956951806 13
292 -0.8078866584883648 7.278593049744375 150
293 -3.221108755201579 7.723511355924543 173
294 -3.1990173817535306 5.842106788242673 32
295 -3.198919737788444 6.749709897362235 42
296 -1.9044673137911536 6.448616621567696 242
297 -1.657630904593165 4.835263440046038 374
298 -4.423381738583368 5.700494303425811 388
299 -3.3163573128149024 4.624613217643998 179
endpoint1 endpoint2
68 138
159 221
91 238
104 115
212 252
213 234
99 207
10 158
70 257
202 204
38 149
19 91
10 97
35 123
60 81
25 49
48 259
143 188
254 267
67 142
49 228
70 233
1 89
117 130
71 138
1 263
38 140
58 141
208 274
155 215
17 202
239 256
44 242
68 248
73 243
2 209
169 237
214 250
95 248
106 156
142 299
130 188
133 145
135 173
30 86
20 200
41 197
23 109
61 282
51 169
72 226
38 97
25 172
99 149
27 208
45 209
100 109
59 150
60 280
8 163
171 202
6 265
50 290
202 249
130 183
136 178
85 241
162 260
180 219
19 223
258 275
24 146
234 242
72 233
91 263
52 288
184 269
148 198
94 240
22 166
25 181
27 169
122 217
77 249
43 297
153 166
85 265
196 268
125 237
54 171
182 299
203 242
167 279
26 274
136 185
12 174
72 129
19 228
248 269
49 183
33 93
0 130
93 251
170 222
193 218
28 157
50 142
242 252
153 175
85 274
52 77
19 124
114 258
25 101
63 176
265 284
46 269
105 138
12 165
253 258
222 292
65 127
85 116
287 295
170 274
156 276
195 211
123 286
68 99
93 101
148 187
63 185
20 236
3 108
26 151
159 172
142 236
53 100
91 209
146 147
76 139
3 253
95 180
94 229
11 109
69 100
270 287
71 207
57 210
175 221
36 194
77 117
90 192
108 282
19 251
133 271
191 211
41 113
10 86
231 258
31 161
197 201
142 273
53 271
37 197
240 266
82 123
65 209
50 80
14 154
162 291
97 171
42 163
73 130
188 264
44 82
249 270
32 228
33 234
137 148
33 272
16 253
36 240
240 257
24 77
65 170
83 256
138 253
259 278
187 213
24 263
46 231
92 174
2 153
7 87
123 247
27 48
29 151
180 229
21 141
114 289
43 144
135 245
65 278
143 256
74 76
163 244
48 180
11 56
145 164
56 212
260 294
188 286
104 160
56 67
81 205
66 100
193 289
147 294
4 271
273 282
19 279
22 288
173 257
198 267
28 206
232 295
123 133
159 286
70 282
75 173
5 127
117 282
16 285
97 265
48 280
49 110
3 182
39 90
223 286
149 172
44 54
8 154
192 284
7 211
34 111
37 226
63 200
144 232
73 214
59 263
115 162
63 89
212 239
52 238
34 132
73 167
153 255
99 192
8 129
117 182
124 200
30 123
106 200
140 277
37 235
38 235
45 91
66 224
48 278
144 239
18 127
147 170
75 114
4 62
116 144
57 153
95 140
260 282
8 136
119 175
11 181
196 255
40 249
34 97
91 112
110 204
41 209
44 253
145 232
164 233
115 176
190 247
45 229
67 136
88 259
47 118
104 131
88 125
199 268
214 262
14 276
48 255
66 265
46 165
38 116
99 102
27 197
100 120
28 186
213 242
74 296
1 88
128 214
79 84
6 284
197 249
108 127
35 146
130 162
261 279
82 171
214 281
71 282
59 291
166 176
39 119
92 297
128 173
27 75
12 42
177 237
71 130
222 250
189 296
193 272
72 148
35 104
108 133
133 289
44 234
210 254
49 132
74 132
11 64
32 262
50 157
88 280
57 258
150 192
26 82
104 248
109 121
31 84
114 215
85 97
90 156
121 232
129 150
80 233
100 228
173 218
102 192
104 255
231 281
155 189
46 267
13 55
197 298
114 206
4 113
44 216
51 182
234 250
145 205
183 295
42 258
119 272
37 88
104 230
231 278
60 158
25 100
66 190
233 265
90 296
115 237
22 267
24 225
51 191
159 166
90 110
145 198
148 213
99 139
7 114
193 210
160 261
128 137
3 260
150 213
64 161
103 143
124 240
235 287
20 126
208 246
43 183
65 198
138 193
49 87
0 226
19 245
3 111
43 196
140 172
234 236
148 220
43 85
75 139
38 285
136 277
12 197
16 128
0 74
93 291
103 277
65 72
138 270
266 276
86 294
143 238
165 189
76 131
21 83
134 295
102 285
230 294
32 238
87 285
41 112
5 26
151 239
263 267
89 169
127 252
10 38
0 240
26 230
122 146
32 118
74 170
58 96
44 83
123 292
69 85
92 282
2 14
9 64
137 155
160 212
179 231
18 142
186 194
114 295
6 34
103 267
0 247
112 273
2 231
21 244
39 174
24 264
29 116
165 175
241 246
192 264
28 249
139 275
12 99
129 204
130 242
117 279
81 203
83 206
29 150
86 105
89 187
200 295
19 160
21 140
0 206
23 148
44 178
69 182
70 145
37 296
201 215
54 238
117 272
83 215
106 220
15 172
53 281
25 82
138 236
250 290
158 235
88 185
3 176
22 252
189 218
47 236
47 283
0 271
5 237
119 195
77 128
80 177
136 227
245 271
66 124
35 65
0 45
20 32
205 220
60 79
138 151
91 157
187 251
209 298
9 130
49 299
47 288
192 285
33 245
26 291
16 277
179 195
185 232
48 272
34 274
109 196
1 219
3 190
116 138
51 247
142 162
143 208
6 296
47 99
78 245
26 298
100 277
179 200
144 294
186 225
133 204
118 282
14 65
159 214
152 160
5 258
7 34
56 294
274 293
260 283
117 190
31 226
200 251
203 211
14 274
18 228
271 298
48 249
211 279
51 197
35 287
6 209
117 135
151 166
10 156
8 176
30 219
199 271
136 159
76 284
111 133
43 237
23 89
62 236
70 92
80 118
43 122
25 160
7 16
193 252
218 236
36 43
146 202
2 71
151 191
119 188
199 260
238 289
140 259
286 294
127 189
76 283
207 245
134 191
211 238
229 243
66 202
92 224
3 154
50 227
238 242
64 267
191 280
196 213
20 91
203 269
5 68
103 251
144 258
71 274
59 113
133 288
248 257
45 190
70 78
91 256
2 166
3 131
209 256
122 220
67 299
34 160
56 141
156 184
197 234
199 250
75 296
30 95
110 233
112 248
111 144
243 264
32 84
168 201
5 148
62 272
194 207
56 148
210 280
113 118
65 203
60 119
64 114
87 128
254 293
76 151
168 176
170 220
50 140
36 79
58 60
60 296
117 297
153 173
227 297
19 126
83 157
62 179
122 134
78 130
6 175
27 86
12 207
13 215
36 197
240 286
203 226
233 241
68 182
107 149
91 162
39 130
215 278
141 196
121 130
32 232
142 157
220 242
206 261
151 209
245 289
102 234
176 189
62 210
18 44
74 160
241 251
95 191
8 249
50 185
17 125
181 284
22 51
161 267
228 232
86 207
259 275
45 148
49 270
140 163
92 209
117 215
123 240
35 220
220 269
38 268
9 71
29 156
13 194
110 292
10 46
49 121
29 269
182 191
27 276
98 131
24 39
80 196
149 256
154 256
27 50
105 220
17 248
19 163
49 114
13 76
148 258
189 192
50 211
51 227
52 275
145 154
128 291
153 234
5 116
7 223
9 113
67 112
14 194
16 237
127 234
36 224
182 286
21 148
79 130
19 281
51 232
21 118
277 289
7 71
16 85
217 257
1 295
2 24
131 209
7 265
231 288
13 237
54 145
112 168
216 257
90 173
3 184
116 140
27 251
28 80
6 237
101 161
31 255
69 72
52 144
159 257
199 291
54 249
34 109
127 152
39 267
186 272
206 226
82 84
65 180
229 259
211 213
87 208
1 218
164 229
241 256
40 43
115 164
187 243
27 240
20 270
3 206
149 179
9 27
126 162
38 291
64 234
7 202
155 197
102 187
161 289
35 78
36 285
240 294
83 295
66 254
140 230
68 142
93 130
96 223
22 134
80 121
122 185
166 284
264 276
173 251
61 155
155 218
10 101
233 289
30 96
13 24
44 255
211 227
49 151
67 253
17 283
145 238
97 216
190 245
45 227
213 247
50 238
274 285
5 192
7 171
172 234
191 277
123 163
125 198
150 172
104 276
140 261
21 177
23 201
3 293
79 86
8 184
142 295
56 111
238 294
261 277
16 199
179 222
180 208
36 266
25 63
44 237
209 253
47 145
119 180
102 212
174 193
13 178
112 115
238 297
242 289
24 31
208 268
144 259
165 269
239 266
41 202
243 258
210 252
46 181
229 288
3 130
192 217
48 126
230 257
148 169
78 174
100 255
50 289
31 193
18 182
24 102
162 259
76 266
4 116
24 149
23 103
209 239
68 233
175 280
52 291
159 178
147 209
131 267
98 279
25 186
128 189
2 81
210 281
84 152
33 187
89 262
41 171
60 129
246 267
46 265
86 160
125 272
40 109
276 278
120 144
1 9
57 84
219 267
22 188
43 89
10 297
75 159
76 231
104 232
13 221
130 132
78 299
155 180
247 255
88 209
115 239
65 124
89 118
115 156
98 297
12 121
87 265
73 125
59 190
101 226
174 221
29 176
16 139
15 77
142 266
19 134
221 275
167 262
133 242
65 271
250 261
51 281
23 114
207 209
49 166
70 171
1 27
2 139
96 135
4 240
166 213
121 129
87 262
57 284
185 266
248 252
103 134
17 20
6 54
134 251
9 274
1 227
184 189
38 40
11 22
128 234
25 291
151 295
10 194
131 244
149 253
206 269
82 231
199 214
18 149
19 261
3 95
23 128
74 287
2 157
170 177
117 214
53 228
82 299
155 227
136 261
10 47
65 274
72 167
15 201
113 155
187 291
24 255
28 68
33 119
141 238
74 211
6 249
101 181
47 73
16 88
15 48
17 110
92 275
55 153
220 261
98 115
80 197
82 217
119 124
103 173
106 211
125 128
200 297
147 290
186 260
225 295
229 279
290 294
21 251
44 172
56 215
56 268
99 283
27 157
45 278
135 293
24 94
207 269
229 272
236 275
165 206
59 266
138 288
260 296
6 235
78 126
29 245
50 273
87 291
126 177
199 293
17 88
95 291
80 179
61 143
160 251
16 272
180 246
59 89
25 89
283 298
88 130
54 257
74 125
38 79
115 277
8 14
48 165
138 299
213 219
117 170
45 264
2 16
154 215
135 283
160 242
180 253
207 275
63 245
48 274
91 148
40 44
141 274
6 229
88 114
38 159
78 251
139 142
104 295
179 202
127 128
93 272
133 202
87 232
97 198
170 244
22 135
4 57
109 257
95 137
7 173
15 29
55 250
221 238
42 93
5 87
208 280
261 290
107 267
2 296
118 275
63 251
188 242
212 248
2 74
100 195
119 161
154 177
176 238
197 253
133 171
137 277
17 213
205 254
60 109
26 173
20 181
96 238
169 232
23 285
7 18
63 113
48 65
1 93
117 142
27 119
6 275
196 275
58 137
80 150
65 230
103 252
89 232
180 209
127 191
186 248
41 269
42 222
269 293
91 269
91 240
57 64
111 253
131 284
42 276
43 117
23 193
7 11
28 140
194 251
148 163
99 298
178 240
33 168
108 113
203 248
223 245
63 129
156 210
111 149
41 201
243 261
33 71
147 203
209 262
32 281
32 206
56 143
99 230
156 186
11 210
124 230
80 132
61 190
67 75
144 182
67 216
141 215
70 71
73 225
183 299
170 211
25 185
120 249
11 122
3 283
151 196
8 174
64 283
31 201
35 138
36 209
253 261
0 23
218 281
62 142
101 262
215 258
73 234
118 225
270 273
132 274
167 187
9 41
198 216
20 114
58 173
64 220
137 205
140 289
144 164
17 170
108 237
38 63
43 192
49 281
86 299
287 291
87 155
0 296
109 138
58 82
94 230
10 209
193 215
46 62
73 124
19 24
59 177
119 155
272 294
36 199
41 148
31 76
188 204
27 259
46 214
49 274
32 123
126 256
224 280
32 293
55 141
37 119
130 228
3 270
136 195
89 165
16 131
142 274
110 280
24 67
83 173
49 77
90 204
169 174
43 62
152 295
134 139
45 153
138 269
81 272
244 271
10 195
28 230
151 294
52 183
181 282
59 207
7 295
27 38
10 82
102 227
84 189
160 208
25 124
161 183
253 297
19 260
24 260
64 80
212 275
74 284
110 125
123 242
87 279
126 157
58 222
132 246
6 150
117 267
83 202
89 183
107 237
3 54
35 60
110 149
212 282
56 209
147 250
29 226
32 255
151 254
64 128
7 224
156 235
225 294
186 187
67 171
212 222
145 152
78 116
9 230
191 202
139 269
124 191
56 71
93 94
77 132
242 270
96 275
82 282
137 138
84 202
184 235
37 252
250 289
90 285
54 271
241 276
3 181
259 264
115 271
25 192
32 158
22 98
139 258
213 279
52 139
217 263
7 267
85 205
186 218
49 98
165 246
138 296
95 154
119 213
232 274
245 277
154 212
0 39
243 291
28 58
109 193
110 177
29 85
51 248
35 274
94 190
113 279
188 295
151 173
8 133
47 108
123 151
31 230
124 287
30 236
77 175
42 83
135 275
91 127
165 279
185 246
39 247
135 213
141 185
71 109
23 270
25 219
47 132
49 237
72 90
237 278
57 157
148 151
26 122
172 237
88 122
52 96
54 201
75 257
130 172
95 281
278 299
179 287
35 121
1 185
55 106
21 182
169 296
141 178
94 281
39 125
152 170
152 287
189 251
122 206
53 161
56 251
166 277
98 183
264 285
103 113
106 151
33 157
16 179
56 106
158 162
165 281
24 130
205 253
209 250
45 218
84 286
94 147
78 162
101 195
123 186
178 246
124 209
53 219
36 165
54 219
55 203
12 190
112 205
204 232
169 282
150 276
8 67
258 282
46 176
144 200
94 267
39 115
169 208
38 99
99 147
193 202
105 120
30 185
51 212
132 294
80 255
8 161
100 242
126 220
54 210
130 185
137 262
12 181
214 276
19 221
204 231
46 187
234 244
72 231
170 290
214 246
54 58
59 173
4 173
51 74
15 112
200 282
164 299
5 74
169 260
150 294
45 180
32 87
69 227
91 193
184 274
5 145
99 129
69 116
73 113
94 132
80 237
9 39
172 200
102 196
175 178
14 131
163 209
210 236
287 293
121 245
156 282
123 233
33 193
141 288
94 143
95 210
5 43
100 239
17 24
21 294
176 273
89 203
144 165
143 290
43 195
8 127
168 186
177 188
34 200
18 270
131 136
78 129
154 299
27 43
37 222
240 273
20 122
93 294
225 281
66 181
139 201
50 91
17 162
143 299
114 252
4 99
25 226
94 238
25 147
8 245
99 180
68 87
13 263
37 118
75 143
41 115
8 271
201 281
54 288
114 247
212 277
47 212
215 296
148 231
188 270
43 78
11 153
181 281
2 51
94 96
95 201
151 235
62 73
12 248
15 93
199 208
54 136
186 199
21 134
82 116
65 287
215 289
198 283
74 214
57 118
2 155
56 256
94 216
139 286
17 107
130 247
59 199
206 282
82 220
7 234
47 51
25 68
43 158
62 195
23 42
14 102
113 153
114 233
5 289
22 81
44 70
75 178
7 227
155 250
83 210
89 191
15 163
54 154
39 210
258 298
225 293
273 292
4 71
189 221
29 73
212 223
122 160
88 293
69 178
213 215
54 115
146 240
152 247
26 103
249 291
177 209
16 81
35 207
131 237
136 224
218 292
72 215
91 152
147 154
42 153
36 52
128 200
94 205
117 175
10 228
139 261
220 277
87 103
186 276
13 123
148 275
96 196
22 139
32 150
198 263
56 231
149 183
35 253
257 286
85 213
140 283
16 222
127 133
1 174
229 256
0 215
1 223
93 134
111 219
42 139
28 170
25 271
100 223
41 66
5 108
64 237
88 227
87 117
84 87
201 296
75 105
110 185
5 270
213 235
70 241
75 198
25 272
6 210
99 204
172 238
88 123
56 100
40 254
278 296
179 213
194 289
32 76
146 188
27 195
266 296
50 237
146 207
274 280
131 161
4 177
260 270
6 213
6 286
264 286
103 112
208 273
133 169
246 290
218 259
36 270
26 171
190 272
211 288
74 159
189 243
9 162
44 128
27 216
7 12
255 278
238 239
3 294
7 157
252 287
37 48
226 235
193 274
157 193
105 144
214 274
76 279
64 97
229 292
84 108
71 91
109 164
93 234
38 96
39 114
152 185
5 174
48 122
33 61
69 129
72 112
149 212
7 154
104 246
222 255
80 143
208 271
82 159
72 153
37 138
55 112
205 238
44 231
51 175
74 129
147 205
4 31
209 260
121 234
7 147
64 262
175 199
196 259
106 129
103 159
110 258
203 262
225 245
103 236
14 185
90 291
127 175
39 147
115 226
3 127
46 195
26 55
192 211
30 168
53 132
129 294
97 106
167 188
31 203
235 292
202 234
6 64
228 269
83 152
163 208
110 244
2 261
21 210
80 268
141 206
11 117
32 297
71 215
76 226
59 186
78 191
102 252
106 243
125 224
89 268
112 155
21 293
51 277
112 234
42 176
212 256
87 149
141 199
0 159
163 166
184 289
8 207
30 154
123 276
64 166
173 199
263 272
28 257
208 235
137 244
18 49
97 147
42 187
44 203
26 145
248 289
47 206
92 223
99 183
81 285
191 208
123 230
57 289
130 226
107 241
24 69
133 248
101 121
103 272
18 40
19 257
20 241
222 280
42 162
248 296
140 160
215 299
240 247
183 265
148 224
152 227
81 278
134 280
101 128
195 282
18 257
15 92
54 137
81 109
35 57
162 230
201 257
76 288
114 239
24 262
42 173
25 243
27 275
120 175
28 72
54 102
25 297
132 240
62 113
104 199
6 39
63 210
187 292
43 46
163 271
74 222
3 214
99 170
120 293
104 191
35 201
7 279
63 257
89 190
52 54
63 219
32 42
236 279
163 250
148 270
26 245
47 281
87 182
198 266
53 66
2 106
223 278
26 100
15 58
129 277
84 212
174 263
161 274
93 258
97 266
23 59
229 285
91 155
22 241
24 283
192 236
47 235
177 259
143 201
88 103
34 255
164 260
257 260
9 126
137 177
161 224
127 159
56 63
184 244
25 94
50 110
95 119
48 88
128 192
167 236
177 194
70 279
59 226
95 277
7 258
140 276
86 119
118 260
158 222
40 47
59 285
3 165
48 95
11 37
50 248
141 271
92 136
75 192
171 238
10 151
46 116
196 289
34 241
126 166
64 238
38 237
3 29
43 242
61 271
