nnodes nedges type
300 2000 graph
nodename posx posy weight
0 10.941987782365494 3.455119863683638 114
1 11.295074401281486 1.0042924574795622 423
2 10.308744929503838 3.341104088925371 408
3 11.992852682496581 2.6331967092730317 10
4 10.0977872058342 0.6659391086973591 457
5 10.362078219230087 1.620622002860621 438
6 9.7862281815682 1.6748245521302876 20
7 12.223457032099045 0.3519143042329888 157
8 9.496499980875434 2.2627462211763465 55
9 11.483301065456962 0.6140474702011276 275
10 12.914978153622123 1.7822851895486735 500
11 10.965320176121505 1.3420882303308246 419
12 11.29131538754079 0.17705676043646087 79
13 11.33584587022648 0.7013018725551403 152
14 10.32138770224584 0.9067031688845444 31
15 12.278136739801852 1.3708790364457972 33
16 9.999668261974596 0.5367883615887384 474
17 11.20631458861037 -0.09745236128054632 375
18 11.19518344618412 0.22466716146798768 69
19 10.444394379504702 1.4765609513720728 287
20 11.109018660006933 0.5115277833802874 322
21 9.498871027981833 1.64851531866122 193
22 10.393085499841902 2.515608956809223 413
23 12.503011699071157 0.25376218779429593 210
24 10.4943934936214 3.5059587212899825 48
25 9.757083961780866 -0.4647949296419738 496
26 12.353062311871142 1.7324674525311625 97
27 9.695342101134699 1.124483342577002 404
28 12.751642831338705 0.30890701836473716 266
29 8.845108202770822 1.9983680848409948 414
30 9.801916637334998 0.21524643128464935 73
31 11.84449359768696 1.081725587402187 390
32 12.02401085173284 1.3942027663052265 70
33 9.535236887192045 1.816806112722173 350
34 11.432009378239375 1.9742478869388447 93
35 12.162621621477461 1.1750809860365525 170
36 9.791164268239816 0.9675319218168872 112
37 9.546766913503765 0.7279648395917308 238
38 9.677445995131107 2.416874434813683 156
39 9.281260029367285 0.4736153705249705 22
40 10.927788926184466 2.585268975668476 362
41 10.441045770695451 1.2730309915617517 356
42 8.786687916377785 1.1375215592288912 367
43 10.51341688160911 0.4929088725381852 386
44 10.952182251775344 3.2768444741677962 57
45 10.267505388072449 3.277939106135508 129
46 11.171174434422088 2.8201430300230563 18
47 10.294282636828083 -0.21190751583370732 468
48 9.40276826509759 0.8783524943083723 418
49 9.619800184909733 2.1949308663708176 37
50 11.792730744483457 2.2842344736353715 199
51 12.62399269974694 1.645394209071122 111
52 11.417515305357883 3.225676038939838 271
53 9.412198396917749 1.8564505292686433 201
54 11.035550842761143 1.1985724970362823 30
55 11.798751603180374 0.09481479469056069 489
56 11.97862602141731 2.5081503408050425 453
57 12.472291898041753 2.0764377089159427 134
58 9.883252018840189 1.9195053552387842 284
59 11.69953483441632 1.9217705033302839 127
60 10.734675543137135 0.1297139748015203 381
61 9.314020791020674 2.6407843041447654 462
62 9.930398733872345 2.3124758521399302 279
63 12.88465789676056 1.4441317889141148 334
64 9.046299943972594 1.6893432049049177 53
65 11.767991939148718 3.313501185880357 292
66 9.93552731310524 0.8815714172121627 450
67 10.965673018043425 2.467551203639914 371
68 10.06095459578857 2.0628163114913165 134
69 9.997550718312873 -0.37964787684153545 214
70 11.143641467301357 1.4643622997304995 173
71 11.019441533871795 0.31986693537501987 315
72 9.366745471217483 0.1281925122525952 70
73 11.418135558954196 1.2858402749653046 429
74 12.191900323360096 2.697935747043467 116
75 10.16919191481512 0.8436111240578571 400
76 10.85493765640013 2.3780911700138843 133
77 10.620638934113773 3.008553667301231 114
78 11.045909871122761 2.165397591624773 151
79 11.02012128744751 -0.601327512203329 466
80 11.314965012911978 3.5063229549688644 318
81 12.791469255362168 1.27188592809355 388
82 9.739639919884155 0.5152073847000698 14
83 9.832672031295607 0.35883873446815123 393
84 9.579922019374676 0.23754074035701156 301
85 12.363033067837728 1.862114238952703 334
86 9.9039005765981 0.24286504035187703 82
87 10.209562481378736 1.3897371712433084 114
88 10.59624436049277 3.6403368877254074 470
89 11.205421298851844 2.489162315912212 243
90 12.6344152058517 1.5334370135191888 142
91 11.82275828200813 1.531048035321995 270
92 10.941313304129293 -0.37081895897750794 346
93 10.447319766311608 2.115906388029731 489
94 11.552149892634095 0.34631828559649236 279
95 10.316756574300506 2.3428325645674937 473
96 9.660401586877693 0.5258761180602121 144
97 10.838129384106896 0.364927022372118 183
98 10.097998055019827 2.8421326114215235 182
99 9.04003557777379 2.5968041553654775 144
100 11.735458037761838 2.664044166336882 300
101 10.559255081759233 0.06150299419550151 1
102 9.501755347393738 2.550460473398079 217
103 10.601025902516058 2.1907679014778663 138
104 12.584426982324166 1.7823620260528652 357
105 10.659387307033084 2.4814377271705492 154
106 9.601075488006517 2.7409417720622913 361
107 11.130009132314969 3.610422136485452 347
108 10.026640349362205 2.6584346341796357 424
109 10.39685963052848 0.5777864499334621 34
110 12.753431280556356 0.7624776302742926 481
111 12.058912340226602 0.11459602480130648 461
112 10.594948778809675 -0.19563050882414226 456
113 11.304544312252233 3.2246384266005497 491
114 12.047244868411832 0.6911507752339641 156
115 10.106608837887569 1.1411500270990227 465
116 10.1466916601698 3.4148087131874005 144
117 12.273479705853646 2.940884386384827 244
118 10.468061903722264 -0.4667476541632059 271
119 10.53546488163127 2.398382637000842 250
120 12.428940474308353 3.2895080195239346 90
121 10.07070853536533 3.3788529528581828 428
122 9.376272049634228 2.427231162258547 47
123 11.86967688052154 2.165791078698198 37
124 11.475615538232203 2.170431011842843 189
125 10.999740031973477 1.842620487847676 5
126 10.274761119275318 2.7360987881520846 458
127 10.88887087500698 -0.00935524687963987 241
128 11.283396035647051 0.786207944359464 448
129 11.08139873349098 2.3857227798827267 279
130 12.515052070624257 1.943317001513626 334
131 12.660486023819352 1.9009527655714125 97
132 9.761512053638194 1.3565515891359032 332
133 10.613761412486697 1.5626948101957348 259
134 12.285688500524254 1.933635805157623 466
135 11.4528344601115 -0.1347331933250818 424
136 12.063311092772027 1.0438517280878077 330
137 10.419838913675376 2.982758590933388 145
138 9.872305876387301 3.08583918293147 373
139 12.342945991987142 0.14867031450949544 82
140 11.812132414839933 0.4850184889087153 147
141 9.282662166158504 1.6631789573167626 314
142 12.009633524194921 3.2299754182076637 370
143 9.986654473445004 2.598291398450224 110
144 10.93975278296855 1.1409092194023613 92
145 10.287792057305374 -0.36823316954900115 137
146 8.904152000252038 0.9016415024133939 163
147 11.680642213999851 2.845639704008433 44
148 9.288640760601021 1.8585907516830484 250
149 10.542213920175671 1.7071676968135505 224
150 10.339281636649783 2.898345430844888 487
151 11.661351420152794 0.2190678522780351 294
152 11.814334133437065 1.968099391264695 417
153 11.818054543843415 -0.053343498928313256 105
154 11.60371707497856 2.5525696325285394 401
155 12.66898065371153 1.0688346373644686 31
156 10.197053509986384 0.15870521973514637 385
157 11.12773808815139 3.048560849419253 294
158 10.070606259910006 1.6945081959628503 348
159 11.61768057587335 1.832539110569512 148
160 9.545045166317864 0.8606581947377355 300
161 12.490245719099573 0.9239254551930787 382
162 10.537951347600329 1.21201950585408 358
163 12.02601707523167 2.3483674874430687 288
164 10.619433555214208 2.7462904451524124 59
165 9.952272548099483 -0.17310741621084805 188
166 10.280410918476802 0.462541527530776 441
167 12.394038799627081 1.1874936063527815 375
168 9.908125723478669 2.2098373157615288 112
169 11.313705081844807 0.370485623485737 74
170 9.245624392244194 0.9701313388669084 226
171 9.575943386065308 2.6259834895305523 336
172 10.7997563466944 2.719192901417821 158
173 9.02148380833044 1.8491084733948602 131
174 11.729437328734708 0.9299139611728706 75
175 10.150427465897357 1.9523866743445077 494
176 10.866058099878853 3.3468832491921465 354
177 11.292862524706678 2.8480842423084827 331
178 11.586721036973477 0.5641045863386707 49
179 11.828217852125718 0.7012814005908659 244
180 11.524292885280445 1.6593319536761053 317
181 11.375017352489456 1.5580676344456734 482
182 12.630523102813168 2.2728866259550844 407
183 10.2698254165609 -0.010997467123182822 217
184 12.066882458688129 1.9203186648124344 413
185 11.700189257024636 1.269957637606056 359
186 11.416453422574172 -0.5916965939702497 149
187 11.53057097978271 1.220551246143166 471
188 9.065152005709814 0.9677463051649641 64
189 8.961508485520532 0.4605599285035936 385
190 11.612841075541425 0.7585866829350184 297
191 11.256975394796475 1.229929177124767 75
192 11.248831618841946 1.7605333770069593 250
193 12.258888466159238 1.645538843830152 367
194 10.55839512417919 0.004644499750200712 50
195 11.103044018831515 0.640876889216373 174
196 11.009764748839615 0.7524203526113401 489
197 9.871676312906663 2.4569531113699425 234
198 12.246937785480245 2.5658132366565165 226
199 12.603513503122395 0.38030431268547943 297
200 9.694785263637181 1.2447446556303454 217
201 10.24497042965248 2.4909685634526335 427
202 11.077857612495565 1.70423678208504 186
203 9.493194995132479 1.5594167610954615 395
204 10.703647267597157 0.5265599184776751 197
205 10.6856000085639 2.814707680039751 457
206 12.038867575596134 -0.12229344194760247 149
207 9.72549152405909 2.00958036908727 338
208 10.604058170749745 3.2071872903444194 270
209 10.646559828139825 -0.5889017979719481 459
210 10.083382262947309 0.022435285174569827 55
211 12.35132391458711 2.2676142390735268 453
212 11.564053672484736 3.068520089845157 100
213 9.554448109151153 2.945686488790839 388
214 10.541078461211388 0.729436165354594 443
215 10.718399391205468 3.04971653974078 147
216 11.095528971984027 1.8993499765533874 389
217 10.787186068879144 0.8242353649942997 23
218 8.79746885857236 1.3935328234461408 89
219 11.446342585005043 0.07242483388726646 222
220 12.277002459001743 1.4661949806176138 347
221 9.34994812703 2.01842234271453 221
222 9.343299636397989 2.2402407216256077 58
223 11.410450174150482 -0.024467098672383118 222
224 10.150548124970262 2.937499875271407 365
225 9.432021720400844 1.003512668528376 398
226 10.518620981716257 0.3228006608580454 53
227 11.982722812682294 3.277799612223175 62
228 11.384677046523157 0.9609195319893399 306
229 12.55540651265356 2.5680401732673923 49
230 10.843955096934584 -0.3411476096973257 475
231 12.230780581598463 2.0846847510995667 434
232 9.811138408368347 -0.04880817622544551 245
233 8.992003812938638 1.3181714883200617 14
234 9.901537647404691 1.4451602930163208 303
235 10.937054095098308 1.5381414043519404 83
236 10.19433466435138 1.6105778422650128 492
237 11.727622718350105 1.0558629476261148 236
238 9.515651306867712 1.0375494517528094 283
239 10.698702173620632 1.7563050015359103 102
240 11.8647974429302 2.5636932656337055 392
241 12.3829533652416 0.6357361845482019 321
242 9.32140000337398 1.383280589742359 217
243 10.883293717281338 0.21555325549275453 200
244 11.37257498799714 2.1470976144551526 318
245 11.47089350588536 2.3501136368075795 425
246 12.202204987783904 0.86368691665762 405
247 12.629431793567036 2.4885866818930187 162
248 11.054708007182242 -0.11642610537473616 383
249 12.699865058132199 0.9155325319379386 476
250 9.215599374076158 0.31362939408953344 360
251 10.763136764682537 2.136671845882851 26
252 9.789739151451492 3.203745150054882 111
253 9.637512871743624 3.1009301130653033 492
254 10.394461029770879 1.0592913979213254 466
255 11.226181428593339 -0.3017079394920614 316
256 12.720026189228182 1.3838489917144683 133
257 12.535608893938887 1.1560714413889879 64
258 10.833141620522277 1.6380110102246668 475
259 10.161919336579057 -0.15646768964140992 55
260 12.195498460792738 2.196860753199789 387
261 10.72005983834029 1.318545982472577 430
262 10.847036412454317 -0.602917094680174 100
263 12.201469478316385 0.5111096930531767 397
264 10.314366049286066 0.6337857139163128 125
265 9.789736410026546 2.6641313612810182 61
266 9.010689323823012 2.136769110881057 166
267 9.392227212486809 0.050332260389143665 453
268 12.429191997903228 2.7316869062821616 500
269 9.978077230286102 1.271864976750195 185
270 11.716097450423549 1.5711048299578756 123
271 12.36432885280247 2.1117722842379276 29
272 11.401202980436953 2.525848351718128 285
273 9.078646780698904 1.5508465495065331 196
274 11.134440257365018 0.9354385189741432 165
275 9.732175838342375 1.4760183588528062 430
276 10.925567833906051 3.1502020192315103 168
277 9.729089562867081 3.0183014422335823 57
278 11.862483112120698 -0.37501179810950014 18
279 9.757140296562191 0.7495531767677678 141
280 12.03565947422819 -0.005039166571300886 121
281 11.49257735784338 2.9311451848646635 369
282 10.520615187282669 1.8437499470418373 447
283 11.803233281403044 2.8313003624339013 437
284 11.15566629941471 2.927401017359091 79
285 12.236018372811593 2.4124096175223433 187
286 12.242278544032244 -0.14140763373903173 237
287 9.412250611315862 0.5883608970443148 209
288 11.987190920634056 2.999796307676959 308
289 9.01786770464701 0.7011984298177657 357
290 9.22912391904643 1.370939172686585 401
291 10.923248041353522 2.750642122194238 96
292 11.613277974917272 3.213851598340861 369
293 10.716206943611498 1.0685650918032603 316
294 9.168065962853458 2.270105619068366 297
295 10.432710303300558 0.3267875602437277 348
296 12.412675482694455 0.7774739535029256 424
297 12.228765579644849 1.083419814466012 118
298 12.101066304895568 0.37769882991397596 500
299 11.930176139793126 1.6979267698551197 325
endpoint1 endpoint2
93 158
111 227
5 178
44 147
54 92
146 264
57 163
102 295
19 91
225 232
80 155
189 279
14 162
125 271
15 143
180 206
19 200
293 297
40 142
59 97
88 154
216 282
23 204
63 117
28 185
48 77
218 238
166 267
4 178
25 280
81 139
7 167
77 95
42 67
180 213
127 179
182 241
63 237
165 232
166 179
169 237
7 15
11 72
50 229
4 185
201 224
1 280
164 295
77 88
6 92
100 271
84 254
125 257
17 195
48 236
269 290
73 271
91 245
3 129
80 98
117 227
123 196
288 292
53 177
255 286
37 87
94 152
131 174
95 225
264 269
177 231
235 297
36 174
203 253
222 252
167 286
138 215
183 190
21 207
190 259
120 134
74 142
156 262
52 215
234 261
54 56
239 244
78 178
119 137
178 230
31 205
13 167
19 119
246 249
228 263
12 174
90 288
253 265
1 155
115 229
42 207
248 269
73 230
163 187
74 137
8 194
192 212
119 273
18 282
136 209
9 37
106 137
125 230
223 228
176 284
4 127
24 224
287 295
7 115
270 276
71 214
7 128
200 266
93 299
76 114
133 245
100 291
157 164
125 293
271 283
39 128
4 102
115 243
18 70
73 299
168 188
5 129
101 157
121 252
73 97
36 115
175 221
185 195
22 260
43 58
86 289
163 283
102 284
51 59
129 243
100 159
137 147
191 288
179 296
43 162
246 272
10 57
65 260
140 210
93 174
3 90
21 236
24 245
68 201
70 166
241 254
96 146
7 94
249 270
22 52
184 217
46 297
139 249
106 124
253 294
188 221
6 250
104 185
195 207
55 156
19 48
77 143
98 116
89 180
21 141
41 140
225 290
82 109
9 256
137 238
162 254
236 281
74 258
166 242
99 173
118 219
121 152
1 296
33 290
86 99
19 166
132 143
46 134
138 239
68 151
32 43
9 154
27 224
277 291
9 235
12 16
36 158
78 234
81 198
154 193
160 248
125 149
3 41
25 84
229 284
32 34
14 118
183 255
67 149
73 190
146 233
25 259
5 215
19 71
93 282
130 260
118 189
141 277
70 133
117 182
123 147
13 144
159 268
200 243
202 219
130 217
41 95
95 276
155 195
12 149
14 266
69 282
141 189
59 284
187 246
44 149
190 204
29 82
50 249
1 78
57 153
52 100
9 111
83 240
156 202
13 26
112 219
20 60
150 262
26 167
65 128
168 236
116 159
193 228
35 284
171 275
6 293
30 218
31 232
55 246
20 84
61 150
135 190
30 101
17 208
130 273
87 253
144 221
71 103
17 286
14 82
165 238
21 36
131 274
22 146
209 279
29 36
12 92
104 123
16 39
128 283
149 192
260 264
40 231
78 201
49 50
89 235
127 178
182 246
206 248
64 108
155 272
86 264
73 242
93 239
111 240
25 170
8 46
26 216
119 261
32 271
16 30
129 132
55 258
166 259
117 138
27 75
54 222
19 104
275 287
95 264
60 241
172 288
137 258
204 235
42 218
60 96
65 107
85 88
144 203
131 256
170 294
195 255
50 157
214 242
123 199
215 224
78 168
6 197
50 291
31 274
125 211
19 113
203 259
5 78
133 298
44 225
68 239
158 290
234 243
184 270
4 25
62 275
194 206
68 126
202 299
61 73
10 179
11 214
31 283
125 236
41 165
132 191
265 282
107 164
89 254
68 214
158 293
92 204
37 258
3 142
168 207
63 104
56 154
131 159
167 190
64 170
154 292
105 248
33 267
4 294
132 166
12 166
144 161
49 175
91 276
143 152
58 87
5 135
12 127
50 134
160 261
129 224
38 282
81 239
174 223
125 254
15 67
40 287
228 249
49 87
20 237
8 98
173 291
2 141
116 275
44 93
106 290
7 248
9 86
33 261
16 128
142 271
18 156
43 172
139 202
184 187
187 198
8 105
44 197
11 20
69 219
165 189
195 279
129 242
94 124
157 260
160 221
161 193
65 283
88 164
25 232
48 135
46 221
122 146
128 239
256 281
296 299
5 242
118 206
123 241
71 188
78 150
82 224
27 58
63 285
161 269
134 247
83 259
88 171
90 268
164 192
1 255
24 253
5 293
23 159
122 157
177 286
109 294
145 162
111 296
9 248
47 79
106 287
52 186
35 194
94 110
149 257
43 258
63 282
33 296
19 160
59 73
49 115
50 67
233 238
108 205
290 296
38 95
97 164
47 274
32 132
165 168
114 119
5 228
99 281
123 143
52 129
71 178
19 56
100 181
123 124
31 159
16 295
179 245
180 237
18 128
231 296
204 219
82 101
158 235
22 252
146 290
75 223
26 98
153 295
217 258
35 240
75 281
7 270
174 261
34 85
108 172
15 181
40 148
39 275
85 177
50 117
13 127
87 216
1 194
164 253
148 279
96 192
118 187
10 272
213 221
16 60
1 115
202 283
3 198
149 171
117 172
30 230
42 109
121 282
30 113
107 283
17 236
18 242
1 170
93 281
92 109
78 285
229 260
176 293
20 158
95 113
79 262
128 194
20 269
21 121
223 262
98 166
171 292
154 161
177 192
50 261
51 100
17 84
70 277
203 218
135 278
36 284
59 85
134 202
135 216
65 142
211 270
50 103
14 65
87 238
148 293
8 58
27 246
49 232
75 194
167 231
10 149
178 201
19 84
208 294
100 284
9 110
155 219
107 265
3 31
97 275
9 292
144 231
5 267
48 72
214 238
142 172
100 193
12 53
196 298
89 299
127 295
132 196
105 171
140 260
16 207
36 258
135 206
69 267
45 221
32 190
274 279
59 154
26 65
172 224
9 15
200 233
130 163
221 226
64 254
65 224
174 296
144 267
36 265
112 202
76 283
147 192
51 211
124 126
92 298
76 249
151 180
6 276
100 247
31 217
55 199
58 146
243 259
85 103
17 271
91 256
18 96
0 182
1 56
3 131
32 263
255 280
81 251
7 151
27 67
178 237
196 220
18 185
38 188
137 266
76 265
248 264
46 191
158 291
159 179
90 157
256 295
58 66
21 62
115 143
93 224
67 272
70 208
54 62
43 299
117 288
5 37
9 34
101 241
191 270
105 246
12 217
125 235
110 257
175 177
209 225
48 156
48 289
105 272
86 274
234 251
14 47
73 228
235 251
5 157
26 50
119 275
234 266
71 219
255 270
167 185
132 272
154 293
172 196
210 275
160 201
89 264
127 192
223 230
139 223
175 190
271 284
112 246
187 260
115 291
73 237
8 203
257 298
95 222
78 130
80 216
64 162
24 122
54 298
20 238
187 192
101 266
48 138
11 30
45 162
126 258
219 262
184 292
76 133
58 95
22 73
62 261
50 190
195 273
224 245
149 245
131 140
153 191
136 278
11 252
89 282
17 21
36 204
176 268
107 138
1 236
187 274
25 230
44 198
49 216
128 233
58 102
55 136
86 92
40 270
76 98
60 164
90 258
114 243
187 299
27 287
212 273
47 271
43 66
244 276
102 277
16 96
6 144
235 261
182 268
63 214
173 269
49 202
87 189
237 240
166 249
167 197
12 28
87 274
57 235
154 256
9 72
72 275
18 134
58 273
15 280
236 283
1 247
186 189
39 166
47 230
128 254
4 235
27 154
87 299
245 261
13 244
17 241
18 129
36 224
37 254
20 26
13 69
34 257
241 278
22 253
47 282
53 79
58 122
22 108
95 147
98 149
134 256
45 272
101 184
47 92
124 180
75 175
41 83
132 225
5 125
6 133
24 53
179 262
14 197
15 180
240 296
59 70
38 78
97 181
5 287
8 13
141 282
128 204
54 78
149 170
47 101
88 106
13 149
16 76
137 182
1 169
82 84
135 226
14 127
0 212
19 295
11 33
92 140
128 264
274 299
149 179
217 275
38 158
83 237
180 251
92 101
112 166
20 55
41 238
91 234
147 172
48 82
49 239
213 238
217 235
143 216
223 270
26 124
173 251
103 126
125 205
156 196
15 131
108 154
19 196
55 104
118 274
14 73
217 236
54 83
75 250
11 172
70 260
202 203
104 276
85 227
35 124
36 259
76 285
20 197
59 98
41 216
66 263
88 157
73 207
38 106
8 41
215 236
53 172
291 292
1 94
6 201
171 266
100 201
28 299
139 293
33 144
238 294
203 279
95 269
61 173
261 277
162 186
127 188
48 232
256 298
152 182
8 208
45 213
32 257
80 253
17 55
109 126
203 268
221 250
150 190
261 286
30 85
162 181
127 165
71 269
113 212
229 251
175 275
215 269
73 249
57 74
96 251
170 235
23 223
192 217
84 290
122 221
119 284
77 253
224 234
3 275
151 204
119 141
156 185
12 35
203 254
203 261
136 181
24 288
143 148
123 261
181 263
26 91
174 211
231 283
13 164
235 291
225 265
6 77
64 196
61 184
175 176
162 282
45 175
94 254
21 70
148 200
99 132
123 282
129 237
239 254
113 288
172 197
114 257
79 219
228 265
103 225
91 172
22 265
8 125
210 233
47 196
235 243
168 184
124 131
75 148
150 235
172 188
85 280
68 288
15 77
54 184
223 238
25 115
140 223
108 235
113 240
3 81
173 289
212 268
231 239
192 293
57 215
161 206
126 253
272 284
198 213
13 32
17 165
0 251
46 216
68 205
163 284
54 104
4 255
121 138
33 214
77 154
43 278
245 254
27 39
107 245
0 67
236 294
74 89
75 93
49 269
33 126
141 245
93 220
94 218
96 149
168 173
188 267
29 234
129 201
220 270
191 298
14 298
54 141
147 285
112 132
83 261
163 240
93 164
22 277
44 181
73 136
93 213
95 172
22 83
9 254
119 207
195 263
71 183
100 136
156 234
11 226
106 211
13 250
125 128
200 297
19 162
40 168
39 287
133 214
48 216
140 195
91 129
111 194
22 251
247 258
177 277
51 226
54 125
1 103
148 242
117 216
52 131
35 205
131 235
59 211
41 105
139 155
147 299
60 178
167 291
86 209
70 127
74 114
28 90
11 50
198 270
128 246
55 293
9 232
27 146
124 181
164 281
36 153
220 283
57 244
168 273
62 103
156 248
12 226
72 258
218 289
145 250
241 270
115 222
26 248
27 250
28 81
214 219
198 257
53 87
54 79
237 293
238 267
2 16
257 280
55 228
12 153
0 38
112 160
40 157
97 263
45 95
85 184
1 217
152 272
192 231
51 249
75 207
64 289
192 278
47 109
53 193
77 176
67 102
214 267
15 133
93 272
186 280
59 87
66 255
70 96
73 220
91 237
1 210
116 147
190 243
142 171
171 226
28 214
104 159
33 133
60 231
30 97
87 112
36 261
169 297
211 281
145 237
219 297
217 243
260 268
151 160
30 217
12 55
16 178
35 238
140 262
31 122
86 133
39 234
23 91
145 230
165 235
166 188
8 42
79 287
122 200
52 198
53 171
181 299
3 292
171 269
16 169
63 152
162 270
1 180
159 207
219 295
166 183
169 209
118 156
171 201
64 269
29 171
123 176
252 276
18 188
133 157
214 279
37 140
55 118
41 201
120 131
248 259
230 248
105 292
71 86
109 159
20 187
170 293
123 216
34 190
5 58
191 259
104 251
196 257
15 113
172 282
139 163
12 179
144 182
15 230
71 261
111 146
134 175
229 296
230 243
85 110
215 261
90 155
37 262
67 274
32 197
151 196
153 285
100 231
210 278
160 180
130 138
225 264
208 251
6 66
137 196
46 270
214 289
8 119
67 193
115 150
118 225
13 278
56 157
220 299
7 135
263 281
30 60
51 89
126 240
12 161
143 291
1 144
114 196
62 177
51 128
93 240
22 180
142 152
220 245
129 229
154 231
31 191
51 94
200 270
40 205
101 114
10 51
176 279
125 289
108 228
74 84
2 281
26 147
122 143
89 126
219 280
170 204
244 256
191 214
68 86
52 168
185 265
224 247
22 62
103 129
13 206
82 124
68 191
162 209
38 41
4 105
22 215
8 108
51 142
69 216
102 272
68 93
51 63
19 38
58 215
9 92
137 151
84 189
11 247
105 208
12 255
175 230
60 166
103 271
163 202
62 170
87 166
219 278
57 119
2 154
116 217
106 275
96 261
80 207
19 156
79 190
162 227
87 191
54 123
114 123
167 199
81 191
26 31
17 109
71 182
37 98
80 198
108 185
43 148
9 260
66 152
91 128
19 274
113 147
3 76
24 274
2 108
76 171
166 246
29 251
285 294
87 293
201 212
174 257
12 228
112 179
130 270
147 298
39 279
62 204
1 206
39 89
59 269
26 254
190 223
0 258
183 275
76 162
167 245
94 204
9 239
11 130
16 87
75 161
242 265
56 61
66 289
190 198
163 288
0 281
92 183
94 183
5 211
153 250
88 108
124 205
77 182
34 107
138 157
90 178
109 193
1 216
165 255
11 35
142 161
4 194
223 259
100 222
51 105
126 160
58 253
95 272
26 297
11 257
12 145
103 208
179 205
34 98
18 232
40 133
21 173
97 287
42 226
5 180
23 181
152 280
27 203
84 264
194 239
202 264
41 59
223 264
95 136
46 121
126 171
71 147
1 264
36 183
78 195
208 281
79 243
112 223
20 56
258 264
140 159
91 229
2 216
205 266
20 286
148 158
130 167
80 144
12 135
158 162
2 288
21 191
23 90
44 240
141 171
1 35
57 62
94 256
4 191
27 118
210 298
127 297
78 205
214 285
43 231
134 178
120 125
3 159
21 41
5 175
67 295
50 158
234 284
81 135
84 148
50 292
124 291
202 251
133 156
85 243
233 282
18 204
113 202
46 187
49 184
86 263
87 143
159 183
91 261
111 261
152 191
190 236
37 82
57 185
78 172
10 180
19 117
61 189
51 260
18 199
181 222
20 220
243 269
87 132
39 97
169 194
98 277
181 261
224 227
3 282
5 34
131 154
119 132
103 149
202 237
58 163
41 169
208 252
261 270
1 158
55 71
20 219
222 294
22 195
169 269
19 235
140 186
235 252
183 291
77 284
30 146
181 270
239 248
7 134
263 280
11 195
12 211
13 219
199 229
77 126
82 139
175 187
51 274
90 251
0 239
271 281
37 166
33 105
89 116
141 200
91 223
170 287
99 143
134 297
26 56
48 101
156 273
124 157
70 193
35 298
129 228
220 291
58 194
154 299
119 154
16 141
198 208
54 190
93 294
38 164
58 181
37 222
46 281
140 217
107 150
201 272
22 221
44 202
210 222
212 270
32 124
33 98
70 169
74 164
96 264
81 228
244 251
199 219
4 272
46 288
49 76
31 52
40 68
68 207
12 295
141 250
170 180
29 239
160 279
136 256
179 226
208 216
133 226
134 240
65 212
66 135
197 266
162 233
164 197
111 190
97 174
62 171
173 273
122 158
145 173
78 107
23 243
130 247
82 220
136 263
204 276
65 272
14 102
111 199
145 166
115 122
78 157
136 249
66 102
122 123
11 228
125 158
93 266
204 216
24 89
48 218
144 248
187 225
56 270
202 277
96 165
195 270
36 156
57 241
60 221
61 116
68 269
93 259
162 242
91 152
22 240
190 220
148 251
39 41
94 205
134 263
45 269
13 292
155 200
127 156
36 234
40 152
6 11
207 276
45 100
61 254
34 279
115 160
95 116
116 143
212 237
73 161
56 284
113 285
166 225
30 234
150 158
5 99
6 115
83 233
103 218
110 199
112 162
21 163
63 247
135 223
86 225
158 217
143 175
74 245
57 155
77 221
29 197
34 240
38 157
38 294
77 174
132 210
189 287
144 282
71 298
185 245
155 256
13 109
115 174
209 280
100 119
67 134
70 241
146 267
54 95
128 258
151 165
102 294
126 168
199 274
202 207
55 244
221 236
58 133
60 225
6 109
84 239
51 299
162 167
42 234
61 265
140 152
158 203
193 255
213 244
16 37
142 176
260 270
119 163
106 148
56 107
76 86
59 246
189 273
64 251
133 169
180 212
71 280
110 216
169 272
97 296
64 106
49 141
51 161
159 192
90 140
195 244
219 234
75 244
124 293
106 159
31 299
53 218
54 216
130 191
114 280
10 18
286 298
125 258
72 146
169 281
43 230
133 291
120 126
90 151
73 245
94 264
111 255
32 201
52 126
179 187
201 234
227 240
162 176
101 274
163 179
27 214
29 49
36 69
153 167
103 159
197 214
126 196
63 136
265 276
66 169
85 251
67 77
14 185
239 284
21 201
97 136
194 261
144 199
74 136
93 252
148 204
168 205
4 6
117 246
62 276
192 211
11 124
47 160
52 221
6 177
104 228
34 38
16 144
6 64
232 243
21 210
65 120
210 237
140 187
219 268
183 290
77 283
4 13
119 239
121 244
124 135
34 206
167 181
264 289
17 31
40 200
66 187
108 290
253 284
187 280
207 213
134 159
109 136
168 187
192 289
121 253
101 158
32 288
177 179
93 127
149 232
31 185
100 297
1 239
134 150
235 237
43 72
218 222
129 265
41 114
136 282
105 237
31 166
110 286
147 272
76 103
225 273
82 122
43 48
2 129
296 297
167 211
151 288
7 236
137 149
33 273
0 70
185 206
24 76
10 35
216 297
164 198
75 94
112 287
97 173
47 267
143 242
56 257
102 265
11 145
191 198
68 70
98 119
89 181
87 91
182 256
185 215
114 151
58 274
60 191
62 192
83 262
183 238
96 175
6 252
244 287
62 290
220 256
75 181
59 223
131 231
78 226
136 271
102 147
66 103
258 299
138 238
290 293
3 78
212 216
32 153
141 228
53 66
2 106
148 253
224 294
95 150
83 109
46 99
47 83
41 110
7 219
105 201
34 87
37 250
93 258
258 290
205 222
138 233
108 193
145 151
1 125
57 136
134 260
45 268
10 229
12 14
88 103
100 185
66 121
140 285
89 136
125 175
180 241
14 258
181 237
207 279
50 110
19 290
187 254
27 255
10 285
279 283
171 233
27 108
227 276
42 86
95 277
106 203
14 261
185 243
23 73
25 39
46 154
109 191
168 228
152 275
84 259
32 174
251 274
53 93
131 178
177 251
178 203
124 198
58 251
38 295
140 275
92 97
114 178
