nnodes nedges type
300 2000 graph
nodename posx posy weight
0 -5.402820976354401 6.833331331229627 28
1 -5.574406650868809 9.100953156207886 259
2 -5.033863628140549 8.762270191944324 468
3 -6.644591650571772 7.060535150071065 162
4 -7.279343745582329 7.153345944396693 201
5 -3.743050372644647 8.000479470441936 170
6 -4.7194403959203335 7.3432941694436105 48
7 -6.992362726745662 6.976538543022096 105
8 -5.355264112488543 9.212207011768784 56
9 -6.699305170731452 7.41661063868824 403
10 -6.867175923531788 7.276287565902544 236
11 -5.445601572319236 8.24295999025647 420
12 -5.941778698636326 8.700401729988158 71
13 -3.487169953823893 6.947915407225344 103
14 -7.448955889098602 8.1791807341619 220
15 -7.164051805268845 8.52022289335215 379
16 -6.63831045376258 6.585199462731058 117
17 -6.88125038502694 8.44226407875047 124
18 -4.6521870189551295 6.2466933494411085 109
19 -3.6720613423324453 7.561419016478054 22
20 -3.3475747970436713 7.149437371712578 404
21 -4.361964054485908 6.859799829349532 25
22 -5.113767782089309 8.394467322384303 203
23 -4.6375773075578 8.138349375535412 396
24 -5.755682215890152 8.858865213903659 186
25 -4.673421677844736 9.302076897848139 196
26 -4.022316833229568 6.129182702748369 191
27 -5.78482069935871 6.168924825684167 193
28 -5.365042866368536 7.496107510879824 211
29 -6.259996507884143 9.42359722410994 16
30 -6.091041369010275 8.174610087984393 246
31 -6.850730356356295 6.327882801730609 330
32 -4.759031329896199 6.703521800813308 368
33 -5.343441869708094 6.707651174814771 318
34 -6.410253565171353 8.494247443151668 184
35 -6.3424003888125196 6.900367227153583 398
36 -5.157276219945215 9.004378521812837 392
37 -6.012405828151071 9.27016311426039 301
38 -7.310172831012303 8.24571861420109 369
39 -4.483221317029912 6.310724909381202 467
40 -7.108615697086902 6.00858268844274 28
41 -5.739174611480649 8.722579973565976 128
42 -4.653174309496104 7.04578182390612 404
43 -4.14270985415845 7.208425812148136 153
44 -4.201767367689079 7.799193193772185 116
45 -4.889266989426476 8.241970314527533 287
46 -5.2176760874611725 7.8661507423421115 386
47 -4.879140192664669 8.553064534988204 74
48 -6.463206795589708 7.838791902771123 44
49 -6.44275158274195 8.212514274145516 232
50 -6.392531699524949 8.631855608209642 316
51 -7.453773462687289 7.934330792717776 71
52 -5.417813603902783 9.280068413023553 89
53 -5.026944687630663 8.62369228535749 498
54 -3.6874095215803613 7.633179659982107 129
55 -5.815078754955157 5.767648983910547 236
56 -6.82803520421734 7.424726214848939 415
57 -4.48082548876134 7.215920428590791 442
58 -5.424291457811389 5.9552167396862234 283
59 -6.478533446929624 9.221160077158805 269
60 -7.14588688944706 6.86665563397579 144
61 -3.94263326870395 8.59746909888006 460
62 -4.207757310912171 9.36955423789008 311
63 -3.2020090256189917 7.534295832324915 180
64 -4.231499293386482 6.511619421453567 193
65 -5.965707751980505 6.270960418726801 34
66 -6.132175578970743 7.955629592323147 23
67 -5.660301318766404 8.143508087410382 291
68 -5.688355128712125 5.8564788698152785 383
69 -6.877272968823316 8.919511510751228 361
70 -4.634753304645239 8.831085221894437 114
71 -4.06727529862598 6.647165160304064 187
72 -6.765741759721411 8.113278927453221 475
73 -5.1675970102448305 7.6662970636067325 120
74 -5.011544260314482 6.711791320113145 462
75 -5.013772724882029 6.095195499934739 377
76 -5.280041508570405 8.367851374560924 82
77 -6.25722602148288 5.854540158932942 489
78 -4.726719844438443 9.459715892528418 318
79 -6.2930440779837395 8.861983940437298 114
80 -4.004797856199763 6.857181375202057 141
81 -5.917165386256279 9.605899018218965 356
82 -4.505738607057893 9.553081526938524 140
83 -4.7990890336824705 8.282829913832495 413
84 -5.191294547478215 6.35641556873241 180
85 -6.629511183178372 7.794926341965262 210
86 -5.816294375465398 9.289112648664714 35
87 -3.37690765113846 7.940388158977037 144
88 -4.877487905044851 5.941728543901699 216
89 -6.1740786804475585 7.519209778255123 118
90 -5.198976760070818 6.109021746512195 247
91 -4.314115330472745 6.905908092803101 273
92 -5.718568551462125 9.470353105904628 137
93 -4.016557104237299 8.259568117483154 238
94 -4.573054364101842 5.799397997750918 435
95 -5.8905104083168816 9.7676362188027 121
96 -3.993068116211985 8.763618122673583 44
97 -4.059373140707546 7.4911475990510725 414
98 -4.714761982764477 8.025886887684997 23
99 -4.470789964689501 6.6484009142905816 36
100 -3.734569373193128 8.328628091258093 48
101 -3.48551794214214 7.415368407296228 322
102 -5.288441778532935 5.888547257966962 356
103 -6.62102007769151 6.345348540502209 339
104 -5.448664238354272 7.211590764238942 300
105 -4.5761056905032795 8.336708643238795 43
106 -4.517539902643739 8.76953283187763 173
107 -5.90093834314032 9.383642137093581 289
108 -7.302666597564795 6.70884230417067 273
109 -5.932249714429786 8.546456440574026 20
110 -5.074466514756182 7.00010896580498 137
111 -6.50635814629192 6.194279878515127 295
112 -5.815226401008688 8.122367369569277 298
113 -5.424098999137252 8.729353329305932 19
114 -6.608067008401832 7.611808470370842 107
115 -5.940857573254068 5.850169973825627 61
116 -4.875455444489987 6.811027167137414 441
117 -6.520789894115572 7.861719211039472 272
118 -4.504585875235616 8.091850832964225 71
119 -4.1849744081062745 8.980089317575834 178
120 -6.23533012377908 8.273883231515494 234
121 -4.1890618896704295 8.768527027275086 51
122 -6.059827228302561 5.673620186720459 450
123 -5.674815279367974 9.003045007866586 390
124 -4.678391206884079 7.665376477253824 45
125 -3.941919563432097 8.977663291409895 345
126 -6.124850200208537 7.26663062731572 108
127 -5.645700452149302 6.74366263191 258
128 -5.178153099020722 8.87796406348003 337
129 -6.370775507337081 7.382382414522933 56
130 -6.584631114661881 8.99385572952512 426
131 -5.988747991432458 7.746573401868817 49
132 -5.6531641455037205 9.311365575924821 472
133 -3.719759585848244 7.4373879161949334 13
134 -5.619437225351886 6.308869874236944 348
135 -6.0932929490608 6.979709234627168 451
136 -6.044445792681378 7.293605010560867 203
137 -4.578757938135735 7.755691433955603 219
138 -7.06290377494136 8.663325787615962 286
139 -6.821793062597713 6.689525187985518 80
140 -5.536996733618985 5.896868689922084 69
141 -6.72222861765107 6.443117128996328 401
142 -4.19611495195825 7.5006771991777645 205
143 -6.310947855916983 6.957830596829856 325
144 -5.746768021993738 7.942677831484746 470
145 -4.8758345409072215 6.412932424155656 478
146 -5.734002847185323 7.569661794221594 214
147 -7.167275055908175 6.990284166313192 165
148 -4.956146588934637 5.795081065595116 398
149 -6.7338648341093075 8.603848186064344 51
150 -4.363290095919993 6.323877505630596 431
151 -6.508298428342753 7.202380551982283 409
152 -7.384482300927446 7.580989513123231 55
153 -4.061958511728927 8.123401649800595 21
154 -3.4750247699223538 7.026604758394852 349
155 -6.577077892819895 8.813553423622432 402
156 -4.062560133045761 7.305529452474653 40
157 -5.0388446584605875 7.6951376322052125 342
158 -6.464916492911701 9.364668899173642 180
159 -5.695116600235035 7.461312618891354 211
160 -3.4334500867800966 8.353103797115581 267
161 -7.085197386679823 8.81145505239202 242
162 -4.372258051866234 6.512870703348905 202
163 -5.422762183674954 6.09436733305008 10
164 -3.5813323418706515 7.836950819027744 433
165 -3.8598767870230692 7.342406829333983 255
166 -5.805215667398204 6.692419830365437 323
167 -4.282949812295868 7.672537785248294 345
168 -3.779724813870805 6.850222263940885 319
169 -7.392558224870754 7.712877295971485 172
170 -5.088006622557847 5.931457570069484 38
171 -6.341369315200464 6.159473094937591 227
172 -4.837452494282009 7.610116476451946 330
173 -6.913985144668313 6.522225310329141 443
174 -4.372414864553982 7.481812835657002 217
175 -5.459536049309382 7.957925440463049 337
176 -4.912165920035402 6.0144204725057975 65
177 -5.395375438909014 6.573577983858141 35
178 -4.839739949472847 7.126395492538751 174
179 -4.417338537187138 7.985490681503388 339
180 -4.780712969278148 8.650061935170989 327
181 -4.242881612635276 8.305505211620797 148
182 -3.8132345392140157 7.752254322353242 333
183 -4.4986680239865855 5.718605911932382 141
184 -4.62444480008847 8.53994352296501 130
185 -5.170444556969218 9.345680434546104 110
186 -6.037182799203006 6.054349211838291 4
187 -3.640489640369842 8.107928067094502 386
188 -5.445320574950368 9.488847630858226 214
189 -5.22100172029168 6.627837070172905 472
190 -6.162087348371292 6.288344027065327 397
191 -5.5707136103309995 7.852129031759518 147
192 -3.850425421936271 8.054648004944509 25
193 -5.541916776343205 7.61889758852646 278
194 -4.994801275799423 6.978747785446602 129
195 -4.406606793420325 9.463032008398617 167
196 -5.6345047028492035 6.51016386537344 485
197 -6.235341861060525 7.368070124007914 268
198 -6.132679624728944 8.597016648070415 279
199 -4.028050219818477 8.481581595825002 467
200 -6.68470516138138 7.955180295821285 291
201 -6.015446399536072 8.812487943596565 430
202 -3.7968304950579124 6.363162592868201 212
203 -4.197948545062867 6.267578339958403 31
204 -4.86041082595534 6.320838610607188 16
205 -5.597232410527384 7.248286935786946 233
206 -5.475041603581454 7.7495588627346885 304
207 -4.882409527508883 9.327683921678132 500
208 -4.183846818295362 8.41100256946323 23
209 -4.41441879527009 8.776660616062417 315
210 -4.241047146128309 7.036945489504596 384
211 -6.353828919775957 8.984256914430395 426
212 -5.219351005719309 9.419850427852317 287
213 -3.7699587561703205 7.367713327776781 194
214 -3.732367410110727 8.433442819380906 341
215 -6.527245651791803 6.52607825332084 323
216 -4.311439534620179 6.738785744916468 409
217 -5.531985919563339 5.5350153891484615 65
218 -5.4575411042300495 6.4289177070515935 104
219 -6.147129273935433 8.871797243680923 350
220 -6.378148203984218 6.637953962012504 441
221 -6.59870994936079 6.857598250826429 155
222 -6.143099164748858 6.812779210696523 383
223 -5.211345559319437 8.043689861694851 238
224 -6.048348680669382 6.68215488935084 12
225 -6.183619724702764 5.719750498473662 348
226 -3.4374861533683863 8.04987484326599 448
227 -4.689285143719013 6.480634165461504 221
228 -5.354601306928052 7.109353320519915 362
229 -6.062596100503342 8.020780613814425 370
230 -5.966138139973734 6.385297148067922 215
231 -3.54856237616036 6.181013079287718 384
232 -5.164925124292269 5.549739966990749 55
233 -5.300741411008071 8.964988632363516 49
234 -4.9602530437472625 7.785514581369715 200
235 -5.7735878287829365 8.284691054461616 362
236 -4.244147795895186 8.595420754349615 454
237 -4.910794385346121 8.844683470982266 120
238 -6.964354911728427 7.791246453775548 457
239 -5.6398702312773175 8.635012072332053 301
240 -3.8629251122014097 6.9319141414745395 255
241 -6.883524873244642 7.909270568646392 451
242 -6.296657595827227 8.419558601965951 312
243 -4.565356300318962 6.395092176661214 156
244 -7.041174376740126 8.220061367548073 489
245 -5.865196022196237 6.985797531176732 305
246 -6.345174719872422 6.018949302941327 415
247 -5.062773953777605 9.44456202329698 66
248 -5.010978431594053 7.957383517882295 485
249 -7.179413782581471 7.881163649060636 275
250 -4.061053351303517 7.887296065886216 477
251 -5.885620058888444 6.519190760312921 485
252 -3.6827592142589904 7.059261788707821 425
253 -3.66939340497277 7.726764060559729 118
254 -5.530474525625517 6.853091289957969 408
255 -5.0185423930920114 8.235575082947582 364
256 -5.227569382093797 7.190601304136435 257
257 -6.287441060150514 9.097430404509067 74
258 -7.011003092985346 8.926529952378084 106
259 -4.627564337411798 7.449903030838325 144
260 -5.968131758678782 9.108149445168262 226
261 -3.8220259620147625 9.329030043118184 238
262 -5.640820675485225 5.105180304380398 330
263 -4.448190198415197 5.976202740769448 132
264 -5.809076701343088 7.0914623083369115 122
265 -4.512157797087738 8.633898335885345 392
266 -7.045386080908862 7.377782249802626 447
267 -4.983013069734822 7.257614311700659 132
268 -4.362770551748008 5.7786106994585165 49
269 -5.429039548925709 5.73771339179673 230
270 -6.584889455671888 7.716629182439073 176
271 -4.700115363790694 6.141727561982973 454
272 -4.000013733218471 6.76314688385523 35
273 -6.720579131429013 5.751783132062901 441
274 -3.825199153967045 6.226394895950468 367
275 -6.759501895782699 7.737568276967375 351
276 -4.942592268546691 9.083391301340992 348
277 -6.357299942720429 8.088228303936251 14
278 -6.59627808651657 8.436621017948436 346
279 -4.108103092031463 7.03295899458228 171
280 -7.497556624247685 7.45929119925904 52
281 -6.9008602297315775 7.123808614354891 273
282 -5.629257265550862 8.333274481538785 344
283 -5.800178713979712 7.376112925840958 126
284 -6.153795216146215 7.129255182850232 126
285 -6.169743305071627 6.525740966605082 183
286 -5.343820773846364 6.337502587987006 71
287 -5.1927400054794735 7.502155613039191 378
288 -4.650853219440177 9.002173859853189 451
289 -3.622260651589141 8.766375949517146 414
290 -7.1852733741463055 7.56740515504523 248
291 -6.7285901898585205 8.250102286236231 227
292 -5.071529879464215 9.666650909551448 193
293 -7.399319706915221 7.256206337773314 125
294 -4.683818984160447 7.2120469982672 386
295 -3.7529817313070377 6.658809344784621 302
296 -6.86151104054365 6.8149665233514325 407
297 -6.192896915075934 7.770416252191312 305
298 -3.6849317262074504 8.567423089874165 147
299 -5.49495003413436 8.93877442966117 211
endpoint1 endpoint2
145 233
131 298
118 142
28 162
104 115
84 266
193 229
57 163
129 139
25 279
81 146
154 181
264 280
177 252
30 213
35 234
168 265
133 175
137 164
135 266
186 245
66 245
17 287
0 166
75 97
27 194
213 243
34 144
54 87
74 228
176 225
30 220
198 248
112 121
85 239
3 11
23 84
26 168
209 248
73 243
91 252
67 288
213 252
1 82
131 169
5 53
99 253
160 162
196 286
108 117
155 172
71 272
42 221
229 254
67 239
98 257
48 123
47 157
193 200
151 179
84 150
16 163
112 119
20 96
40 297
223 246
208 256
133 154
136 178
67 71
51 257
41 206
134 171
121 233
218 251
129 151
210 282
175 198
178 230
196 217
13 167
35 134
72 129
55 72
169 266
65 102
81 297
122 224
69 114
34 180
113 291
132 278
95 215
149 229
154 295
197 222
29 299
162 278
239 292
209 228
229 233
109 142
184 283
80 87
43 93
123 235
239 250
113 292
12 205
175 212
16 136
17 30
76 114
42 46
172 267
157 164
108 291
91 160
3 108
115 294
27 271
120 155
28 124
46 210
210 229
158 278
89 122
142 236
92 193
21 75
168 188
177 178
37 75
150 239
172 184
175 221
16 143
23 25
164 209
112 226
3 85
116 167
152 291
47 201
0 290
165 190
224 283
191 211
11 98
267 297
123 249
121 133
104 218
36 201
110 287
147 275
130 297
58 186
61 223
9 278
85 158
233 253
91 190
110 142
93 174
201 287
23 135
49 211
126 270
145 170
94 215
21 93
4 251
167 210
58 99
151 291
134 281
12 107
245 250
83 198
68 274
77 103
18 32
3 67
64 83
173 271
32 140
237 242
56 205
2 153
148 232
78 105
9 249
129 282
129 205
220 221
242 283
150 240
104 200
174 250
23 36
65 163
139 254
93 209
57 125
96 160
167 192
29 255
126 139
53 233
164 279
24 44
11 230
103 169
53 282
127 232
265 298
106 110
269 274
141 146
13 71
22 288
188 211
67 172
88 295
109 281
129 174
170 175
88 97
54 224
257 258
9 116
66 127
157 233
40 147
43 142
140 246
143 278
187 248
10 275
120 197
142 218
129 167
46 107
12 15
124 177
57 248
130 222
6 126
130 260
24 169
62 250
83 284
48 287
86 236
254 279
165 243
205 284
119 289
141 277
109 267
57 144
20 268
188 299
5 208
25 260
191 229
46 114
124 259
34 247
38 152
41 95
155 195
67 101
30 123
139 141
161 248
41 277
60 92
134 213
192 251
120 211
30 277
113 276
167 228
121 180
47 105
104 156
42 94
7 193
11 258
89 153
125 160
35 117
55 110
112 219
211 276
66 251
110 191
84 267
230 286
67 136
32 166
30 284
53 165
128 223
274 287
35 237
126 174
5 83
102 183
105 164
214 262
55 103
2 292
21 179
26 174
46 165
57 58
113 181
147 184
205 263
116 230
59 155
77 205
131 163
26 64
153 261
178 263
203 206
221 227
77 94
137 281
157 198
89 235
110 222
239 259
65 146
211 239
145 218
0 190
74 157
98 218
124 125
41 42
26 75
11 216
124 236
33 171
60 241
86 144
218 264
21 197
204 235
62 153
46 183
211 244
122 281
105 295
68 224
0 181
67 296
215 224
238 244
153 220
10 136
123 180
252 272
221 266
41 188
208 257
31 84
89 245
15 229
181 210
205 236
194 264
180 286
74 143
115 140
169 222
116 243
28 135
32 194
53 185
3 278
151 203
171 194
61 73
263 295
114 264
223 254
60 135
64 194
233 256
89 254
20 223
42 204
43 214
134 163
229 239
143 147
219 265
111 271
22 190
47 162
12 64
32 217
70 202
36 78
128 178
220 296
11 207
29 185
268 284
31 256
252 294
114 259
105 137
162 279
15 235
23 123
45 170
28 102
194 282
235 241
58 87
195 297
128 137
130 238
80 231
15 67
203 227
6 57
81 120
172 260
65 265
46 277
50 95
3 111
101 267
210 226
46 211
141 197
73 151
58 94
21 74
22 72
191 213
181 276
77 227
104 212
11 253
142 271
93 291
18 47
201 277
122 139
166 206
25 144
43 74
50 184
52 180
218 220
41 112
206 271
150 231
191 291
13 202
179 299
197 200
63 174
83 177
137 227
38 45
24 257
79 293
1 23
81 276
8 255
36 98
131 251
245 249
33 279
147 283
24 78
29 270
162 228
116 182
79 290
28 74
54 100
146 253
147 249
10 246
129 281
75 190
58 218
206 281
137 156
33 296
160 235
34 67
114 149
31 39
0 206
113 158
39 167
222 264
189 193
173 263
247 256
67 166
58 114
224 289
28 240
34 235
52 129
86 96
72 281
24 92
45 111
32 44
180 295
162 246
18 19
72 211
259 263
28 88
88 296
96 184
277 290
26 98
153 295
121 160
30 255
124 270
87 289
35 240
53 241
131 238
156 254
18 251
0 45
134 216
216 256
87 216
0 220
163 229
113 136
168 248
22 247
116 131
11 41
53 73
3 198
6 236
100 212
192 285
199 288
127 264
55 234
150 154
91 101
63 203
48 272
74 102
96 199
121 193
76 213
96 182
166 228
260 284
47 99
52 158
203 218
58 254
60 238
136 145
27 31
193 267
86 117
44 263
46 152
50 103
144 224
0 170
190 205
109 259
74 295
2 117
153 199
154 168
119 174
33 135
178 274
208 294
80 166
88 230
23 64
65 135
17 292
205 269
190 244
47 128
67 139
56 248
76 203
94 165
149 198
154 179
100 193
174 182
51 114
199 271
54 205
49 56
125 184
127 180
97 276
71 102
23 206
63 119
217 246
102 220
232 267
40 232
76 81
12 131
286 294
103 194
34 112
181 207
165 261
211 293
0 191
146 178
93 238
99 110
28 178
194 253
33 57
36 82
237 260
74 237
20 289
11 219
31 217
160 164
61 167
64 245
65 249
125 287
108 134
24 141
8 71
32 93
269 288
91 256
80 100
22 28
171 204
156 184
17 41
235 299
227 245
65 242
157 215
17 186
204 227
42 194
45 183
68 232
141 217
90 157
39 100
3 136
116 263
23 213
26 43
194 207
11 120
267 271
220 229
227 288
84 159
104 224
0 102
76 126
105 135
90 245
271 279
61 298
140 191
175 294
215 256
69 239
143 146
168 176
193 216
48 107
72 97
243 248
5 46
30 62
34 37
35 177
65 204
91 173
248 278
138 285
46 201
74 190
71 208
55 186
8 261
33 182
227 232
85 138
17 173
0 227
114 193
115 245
44 207
248 285
93 203
8 242
117 197
68 84
10 173
35 191
127 246
235 279
272 283
43 175
253 274
110 133
97 144
207 223
140 164
235 238
73 159
256 259
124 144
63 279
191 290
58 271
76 98
38 211
43 164
82 121
35 53
163 200
201 285
46 226
47 208
266 284
33 127
92 209
223 292
116 223
244 276
27 140
98 123
64 183
105 219
33 278
68 284
240 259
39 216
132 155
13 83
159 244
269 286
236 284
26 238
146 250
46 84
50 286
35 197
220 223
5 11
117 278
104 202
157 277
200 296
62 199
187 236
9 151
74 256
129 171
153 234
159 275
41 106
154 196
157 238
72 282
127 234
19 168
44 283
66 296
90 287
112 256
28 89
122 172
47 282
30 294
27 147
124 180
13 295
126 176
154 274
7 265
83 223
175 248
52 56
186 220
78 283
43 128
159 227
34 280
70 113
59 256
10 273
50 197
56 228
237 294
1 114
277 298
98 172
227 272
45 265
200 206
238 266
84 222
14 257
72 264
186 231
44 265
45 96
50 109
88 136
34 275
2 200
148 287
205 282
9 138
121 192
11 33
53 81
146 222
76 214
149 179
106 167
168 286
140 279
23 74
9 290
46 153
122 259
144 225
254 284
143 171
94 272
22 134
79 270
63 64
50 247
149 188
9 28
35 230
75 271
66 70
157 242
162 168
21 168
3 30
23 67
44 255
110 189
1 212
4 39
8 34
49 224
50 238
16 34
56 249
129 136
99 240
174 183
51 117
71 142
36 188
76 91
133 172
162 163
204 247
12 276
180 259
144 223
165 236
5 184
9 189
193 243
28 180
34 175
128 285
113 260
166 270
78 92
119 191
139 293
123 184
106 144
33 144
12 45
6 88
172 299
108 136
96 117
44 237
135 198
57 65
38 109
170 224
27 220
69 132
56 135
1 87
94 148
117 136
64 268
11 218
199 252
113 123
6 83
64 246
82 160
137 219
85 245
89 242
76 275
175 275
72 229
73 268
2 167
113 165
241 293
111 251
99 150
118 150
34 161
129 296
131 147
123 182
178 234
252 274
198 233
127 221
80 131
157 214
44 227
234 241
145 202
169 220
50 146
123 261
37 93
75 230
239 241
198 224
19 120
208 250
157 175
71 259
159 187
254 255
76 144
281 297
193 223
123 282
181 256
37 70
93 105
94 137
239 254
113 288
59 185
6 181
82 250
263 286
162 222
182 208
39 132
222 299
43 193
49 282
49 173
69 215
58 85
42 267
99 141
44 96
156 279
47 181
50 132
35 296
129 230
167 177
64 163
101 226
84 174
178 288
125 252
19 134
221 222
103 286
51 281
68 183
65 117
117 196
118 242
10 219
249 257
3 271
244 249
136 194
36 205
207 297
65 256
68 190
162 295
46 216
92 219
152 224
117 205
83 85
13 258
51 60
185 275
29 130
12 254
55 56
58 268
43 167
2 234
47 270
21 90
118 204
9 245
29 234
267 291
60 205
7 285
11 237
18 140
20 21
233 235
39 57
152 238
134 279
83 99
191 194
101 181
12 29
151 255
6 136
27 53
105 195
204 273
167 298
1 246
2 252
112 266
177 277
76 170
166 241
99 283
44 67
99 174
81 260
123 129
68 73
52 131
57 243
7 275
105 196
114 138
159 229
14 114
90 284
113 149
3 178
59 266
9 159
51 235
141 224
1 120
22 109
106 178
217 256
79 229
174 267
85 206
186 221
143 275
115 222
141 281
196 244
124 204
200 207
55 228
38 297
41 91
271 294
93 279
70 105
110 176
97 205
44 153
4 193
95 128
47 109
130 212
79 235
156 206
89 149
16 270
21 174
206 234
135 218
34 299
91 294
73 279
110 187
201 298
28 167
104 112
266 291
30 280
113 265
22 118
171 287
191 239
6 111
137 167
86 130
61 267
62 235
73 197
165 226
98 199
47 130
52 255
70 234
217 243
34 149
92 131
148 157
7 170
100 195
27 126
196 225
189 275
282 285
111 135
27 297
155 284
84 91
145 297
75 101
43 124
98 267
32 267
71 241
55 262
60 262
1 283
6 89
137 209
105 146
12 189
110 221
165 259
111 140
135 193
46 179
66 200
155 277
146 176
37 276
8 209
27 223
118 156
288 289
1 86
206 292
78 164
64 269
12 37
109 125
221 270
221 249
41 184
66 80
103 245
110 228
204 230
209 245
45 188
46 186
159 180
20 187
94 269
156 267
104 108
70 223
150 199
80 245
156 186
196 222
137 195
11 291
105 156
72 158
0 16
111 146
24 289
80 275
69 228
116 254
98 276
244 299
120 249
10 190
124 253
42 56
105 133
86 161
15 239
218 281
23 127
0 134
166 216
23 289
170 218
48 109
50 138
215 243
35 290
2 41
22 44
62 87
196 204
110 270
184 193
24 117
135 148
112 232
276 286
206 219
47 199
145 187
36 112
93 97
5 21
104 208
174 226
126 251
198 211
36 199
27 259
48 140
28 120
90 116
184 294
27 176
43 272
8 270
98 103
103 129
19 142
21 297
65 263
46 291
10 58
140 215
50 85
89 214
197 258
0 252
163 197
37 169
42 164
45 153
248 294
142 251
21 80
36 102
6 159
104 222
176 182
31 173
25 124
46 298
90 256
91 178
0 243
163 202
76 294
22 275
92 211
256 284
99 163
46 83
29 233
7 284
118 124
185 209
44 295
134 234
83 260
63 208
140 197
126 127
189 197
52 278
117 222
32 255
201 211
77 139
60 197
7 277
106 208
35 84
204 274
39 286
6 24
9 260
61 237
68 148
86 223
143 268
21 250
97 185
24 199
116 184
189 222
226 287
198 276
148 243
277 294
83 107
101 189
19 61
130 200
154 194
179 259
34 89
41 249
48 208
138 235
49 105
28 36
140 251
4 77
189 215
118 167
192 234
47 233
109 277
202 287
99 259
153 292
171 254
11 130
124 265
199 292
202 213
2 22
42 97
242 265
136 230
102 143
174 264
66 123
16 273
0 32
240 298
48 215
46 141
29 278
73 209
187 252
120 201
29 92
2 126
22 101
4 219
6 227
79 124
192 272
191 248
121 174
34 248
257 287
78 241
133 191
66 114
30 116
160 243
106 205
1 175
38 244
3 18
150 264
206 224
103 296
32 61
143 172
109 193
20 153
115 285
44 154
49 244
67 158
56 237
92 142
75 206
76 208
166 283
223 259
59 136
25 264
192 279
101 168
149 290
61 128
66 77
86 136
37 151
45 87
229 266
17 288
39 68
23 181
27 203
213 236
35 283
237 278
148 151
88 122
17 66
38 151
42 90
161 245
181 250
91 116
41 258
97 272
42 237
170 252
5 189
10 264
120 222
104 120
69 144
88 263
25 282
100 204
11 174
178 264
124 218
53 210
20 80
64 250
107 188
89 230
141 171
254 268
112 293
95 105
118 154
47 138
255 279
191 284
178 259
33 150
52 118
1 282
58 150
77 90
84 252
157 194
102 162
15 147
0 3
182 202
59 125
66 201
85 91
20 189
5 175
99 147
7 10
45 211
30 185
68 116
53 179
128 161
9 53
196 283
58 145
60 141
132 181
10 28
157 219
88 254
89 240
144 176
17 198
127 167
14 32
96 253
98 209
209 261
29 50
55 168
119 143
124 231
51 260
19 226
150 294
134 172
120 139
159 188
76 155
2 47
12 212
16 159
208 252
10 14
51 269
271 272
239 282
24 297
60 114
68 210
287 293
215 285
145 193
148 202
98 227
156 282
52 219
70 206
72 100
151 220
196 205
110 271
38 173
13 44
165 294
19 240
38 60
49 280
70 182
235 245
163 272
23 228
44 98
116 205
75 150
132 282
5 20
154 228
10 161
28 256
104 209
175 211
31 190
179 289
106 253
15 79
4 297
10 48
250 259
68 177
74 85
207 211
210 222
122 140
73 155
240 255
148 216
119 226
102 286
181 272
128 132
57 213
173 193
179 294
127 243
40 266
107 143
15 270
18 43
201 281
152 296
105 264
198 288
166 194
23 250
98 127
85 296
175 225
16 251
35 169
126 234
55 58
228 235
165 209
188 195
67 188
177 281
33 124
2 155
170 264
77 145
137 159
33 299
182 259
21 143
49 126
39 170
48 178
49 260
28 70
54 120
96 174
79 96
8 234
81 257
10 242
101 179
16 233
39 210
225 293
139 245
148 269
113 146
57 128
94 202
118 220
192 259
50 276
50 161
132 229
181 229
54 157
31 40
88 189
90 282
56 277
183 274
3 197
151 158
10 228
178 216
71 167
9 127
157 228
240 299
205 216
158 214
145 248
110 175
9 134
118 191
11 45
32 150
171 291
119 212
126 190
54 252
19 74
203 217
242 257
87 124
22 130
42 139
27 245
70 254
128 198
74 245
131 179
117 177
46 119
176 242
196 253
124 197
42 80
61 159
82 260
84 224
214 265
88 227
180 198
60 89
18 120
112 296
168 234
7 30
192 240
49 236
128 221
94 166
166 275
123 175
196 228
31 293
15 31
201 247
41 75
136 156
108 149
61 265
66 244
144 219
189 250
192 247
30 257
234 299
148 159
98 180
102 217
31 290
200 230
246 290
135 256
14 281
39 228
25 59
74 159
75 103
98 265
121 216
251 294
131 166
79 83
124 210
198 242
127 296
20 88
83 133
104 286
31 109
218 266
182 203
43 230
23 82
44 232
211 242
229 255
12 270
86 269
115 133
267 277
214 252
56 138
77 193
99 227
108 115
132 182
135 171
17 197
112 197
111 151
169 258
23 107
42 199
229 248
74 129
57 79
118 149
73 79
129 144
149 221
203 243
167 276
150 295
23 96
230 241
71 73
111 269
22 184
62 276
281 293
46 50
194 203
70 212
73 112
2 44
95 212
22 43
30 59
197 223
34 38
18 172
36 211
24 112
6 64
85 132
72 135
19 234
113 251
222 295
80 268
235 255
91 274
1 14
43 90
118 231
142 151
56 159
166 297
6 168
172 192
28 266
13 218
127 204
185 187
66 187
18 54
49 287
284 296
69 212
165 182
32 213
33 217
37 76
4 155
167 178
43 285
263 272
24 126
61 199
228 230
10 49
103 283
250 256
19 248
222 273
259 297
0 150
110 113
166 200
117 193
244 258
119 253
191 208
194 212
73 107
206 265
150 225
172 182
10 169
174 235
13 204
272 287
112 137
225 273
106 116
164 223
222 280
12 288
93 192
118 200
185 272
94 97
98 124
245 251
102 225
11 233
105 214
33 273
126 235
53 265
40 189
130 291
85 152
18 35
182 184
39 172
47 267
32 139
177 280
14 15
52 265
146 255
1 106
183 262
99 165
118 195
121 144
7 286
16 243
240 263
39 165
188 219
69 200
102 256
124 162
71 176
57 239
185 290
63 257
179 243
52 54
45 113
139 244
88 183
144 249
15 211
109 212
18 21
19 276
21 248
49 199
32 153
88 294
30 291
126 290
223 278
4 215
192 260
68 270
36 236
49 111
32 33
115 273
5 274
8 10
143 201
75 210
223 287
46 106
29 242
16 73
75 163
78 236
137 177
135 287
66 121
30 115
179 193
0 34
60 68
78 287
6 8
134 221
65 183
48 201
145 255
236 261
164 250
38 66
111 221
190 196
70 132
152 198
177 194
164 259
133 189
82 193
137 186
66 112
92 106
41 233
186 284
23 73
155 266
144 238
74 99
2 196
75 115
146 218
113 277
149 191
152 205
171 238
9 31
121 181
177 251
17 79
36 138
58 251
35 114
181 255
26 166
