nnodes nedges type
300 2000 graph
nodename posx posy weight
0 7.978091049862318 3.0681471973422783 103
1 4.9139504998457415 3.2001300273386244 236
2 5.2487721814761725 1.8716287376943601 93
3 5.9476948236470575 0.9585614670714548 43
4 5.085361150616174 1.1979362738239905 329
5 5.0451857263319 3.9811770229165204 122
6 6.178684327825572 2.5966059466575735 63
7 5.066126382761838 3.598884244715457 353
8 6.378892539835806 2.8114436753005756 386
9 6.299594002884588 4.182594708935904 99
10 6.350925929104976 3.8512899378479046 113
11 6.122202709171538 1.9609234789267525 363
12 5.98884283616719 0.7748842515532125 395
13 5.951151949289941 1.4721815656235309 465
14 6.518773264178261 2.6230374837231465 107
15 7.460207362297919 2.798424533675787 269
16 4.370941031456709 3.3564160738076954 13
17 5.594687234695714 2.79186798842701 233
18 5.994379032716645 2.777414368651751 45
19 7.966802996222042 2.907633895736352 67
20 5.4310389963661425 2.383812175132016 245
21 8.057197909936983 2.3988007509866276 216
22 6.813897656635742 4.346128369737985 140
23 5.29676391005632 2.4414054622044192 22
24 5.494145156528504 2.109221365168568 320
25 5.811500653178225 2.1221458579488006 137
26 6.622284589528817 2.0745054213733396 10
27 8.12535298559753 3.3999873117654142 42
28 5.172975337444518 3.3061388207694122 495
29 6.269992379726193 3.0652027931651333 494
30 4.275992425900296 1.8371163384490867 272
31 6.229696944528033 3.9009571945327215 135
32 6.981220782354284 1.8782272368707655 346
33 5.287596426092499 3.218666483374106 27
34 7.174692891427753 1.6228046732292536 461
35 5.863734418119937 1.2359437524451722 392
36 5.674387659253597 3.6364746736924687 88
37 5.175560469467989 3.1199092567414626 396
38 5.9350060993407014 3.614021014213834 103
39 7.687490297669638 1.8214706147185276 12
40 7.003737603682676 2.6306989216290564 362
41 7.354007755786725 2.558117517067212 268
42 5.422528658411299 1.9256514777460427 235
43 4.991324121741478 1.5336778318896251 66
44 4.994742887561931 1.0935718035113042 475
45 6.446025487117876 0.40027592689041513 496
46 6.717420638696505 2.951298636071684 180
47 7.787039036596598 2.6994293069830317 10
48 4.73173576363963 2.420479160686076 450
49 5.831445855491671 0.46581170830275437 491
50 4.9251623003981555 3.7497972896492 369
51 7.4590414536512695 2.133756368803809 463
52 5.350602609464122 1.0669451070146285 415
53 7.689350942610235 1.236135329141716 176
54 5.988905564911859 1.098293061424613 11
55 7.28614534686233 4.223696331988533 141
56 6.774750002547121 3.9659037184934003 482
57 5.324000098438899 3.814527463765016 429
58 6.831765016833301 0.8744769511902061 331
59 6.697322481414624 1.4921491368816753 282
60 4.440253678610143 2.5957834302254215 342
61 6.299072026929303 1.7540429904279522 449
62 5.2838362421973 2.3554449852520642 259
63 6.196681639031194 2.0327572305929578 271
64 5.178399108457816 3.8813217307811128 423
65 6.9559139789693685 0.6077445862571258 36
66 5.063567637382819 1.5868263594188312 318
67 8.17048643310989 3.2908280757290562 63
68 4.976037450906076 2.978873863951689 27
69 5.006460862853219 2.7531509786222492 384
70 5.692055587843703 4.047965834732965 254
71 7.432329011702979 2.3633599599585793 396
72 5.602869064681897 2.904806926454316 171
73 5.859519101406626 1.735357231590312 432
74 7.278046291560004 3.4836575814315465 489
75 8.049376599725205 1.4538853460996282 166
76 5.7669399355802335 2.9396261064979 388
77 6.441692137661462 1.5197876220483149 429
78 5.621502903067299 4.250535765007549 288
79 7.5037485066388285 3.501652946315607 349
80 5.006154114527059 2.216478256204087 216
81 4.179508549579917 2.366772266669898 324
82 6.031310526587094 4.46325817295427 322
83 7.118252158599898 2.2304164206699264 437
84 5.734766798906243 2.347238085708535 206
85 7.6777499906165225 2.495826939395954 447
86 7.62069889312367 3.041153901920492 263
87 6.7175776986171405 3.1728023406482033 428
88 6.2137064612605455 4.514090379389747 108
89 7.848562629433902 2.4177766802181564 140
90 4.94763111151626 1.990009891973533 287
91 6.4997311757641105 1.7995027110729875 223
92 6.48328213615285 3.6558127476239077 82
93 7.265210151440689 4.1155415209641495 16
94 5.179365913143083 1.6328242862345301 96
95 5.467624679916753 1.647601200435017 136
96 8.614619257876932 2.4543633160637786 178
97 6.370383395303162 1.2935893233616318 289
98 7.349961638473598 3.249117686816581 283
99 7.328030903077843 0.9874068765423603 183
100 4.39966953399261 2.802936856918149 32
101 7.452146543301983 3.9896703284461807 357
102 7.180669173373061 1.4808864572425853 482
103 7.845807308761917 1.5764526621322486 229
104 7.378225535311442 3.954195030702722 486
105 6.796519256232671 1.7914399018006797 280
106 7.503808945324552 1.294004903745707 260
107 6.328919126207476 2.621750511588791 187
108 7.102882626006845 4.5676174093310395 395
109 6.195720549669259 0.8434950932168075 363
110 7.721279746192395 3.2765447232525164 186
111 8.146880130914418 2.7525268542742922 32
112 6.590194072793095 3.7877363514201075 250
113 6.943007920119876 1.1357726681581217 209
114 6.53603194410405 3.035945549623405 295
115 7.519442108452446 1.749783294307141 294
116 6.37129180267951 0.8435052692911419 432
117 6.871883481843205 2.4265946537077605 191
118 7.050657632808468 3.3313000657145433 155
119 7.557803849023886 1.5032297441331839 178
120 5.5179429851811115 3.176384612772093 240
121 5.028692154825175 2.9032961539726214 25
122 5.245888610162121 0.8059448350085008 149
123 7.997996780908228 1.8376677754428308 12
124 5.705489811002713 3.869620790105485 175
125 8.072417670288836 3.497730028453091 405
126 6.959552055246061 1.5610948994362435 377
127 5.686210142856873 0.732623295116898 55
128 5.142540766054886 3.6972773758849407 116
129 8.098732210654642 2.064614475476861 429
130 6.177798323893045 3.976342840443703 452
131 6.25318524000151 1.208974890491436 449
132 6.17719000324891 0.7046296263851105 110
133 6.725149186534762 1.890580197308869 130
134 6.59947479235608 2.4436836622148017 66
135 6.439531572981223 0.6610847540348606 209
136 5.944025162035948 1.6922000394207761 182
137 5.951630680995544 3.5137449747801845 108
138 6.1397897303410645 3.0136949922667626 416
139 5.781727670023974 0.27150028095929657 100
140 6.1581549061791385 3.229724207533339 204
141 7.225428889565033 1.0486958225755991 488
142 4.385454067226934 2.2546830612881905 299
143 5.718437876797914 3.535234489055451 145
144 5.130424913298756 0.861902728584447 304
145 7.395861324078439 3.7264849912665405 69
146 7.121565241957522 1.02090470602729 131
147 7.148278785705492 1.9851138719521224 80
148 5.9009667734549565 4.287004397286967 461
149 6.295405232920818 0.47167172687756975 175
150 8.305820872384906 2.163890673453859 300
151 6.946113738574316 4.158147492611291 124
152 7.4675862359138465 1.210408029915822 415
153 7.576905721165105 0.9153917127813301 278
154 7.871883662594626 3.2444372154290626 482
155 6.515638719426744 1.1117194083542579 19
156 6.068962983634279 3.505175296653439 321
157 7.631742130096859 2.903009052654506 369
158 4.455445018509189 3.1244819295742583 168
159 6.21905465441525 2.7819208390285137 85
160 7.168824546667638 3.8010691818316102 344
161 7.005389823819696 3.8348138492397172 138
162 6.565023144649816 2.0031755203754793 470
163 8.040820692937734 2.5669820806253223 125
164 5.8095027532915715 2.5620717109586226 7
165 4.485198743429142 2.8785143373210373 419
166 5.78073494865332 1.2638889253593555 198
167 7.56736257433025 3.2172961334405388 185
168 6.7462035880272655 2.289114035684235 160
169 6.621782320327776 3.4853937975366436 173
170 4.811555611358784 4.108042164896466 273
171 4.7958456872360316 1.6861274612360686 194
172 5.095857104354056 3.4509404038432323 453
173 6.292516835554742 2.0651064936301586 323
174 8.033376256352195 2.703835493849549 358
175 7.65324953054518 1.9475446480942287 457
176 8.360987804974952 3.1323380944807835 10
177 6.652404841536417 1.5972548378269524 321
178 4.674810855492423 1.5726718657819272 147
179 4.497556989633508 2.7139510364626696 81
180 6.822062239968209 3.335045199799083 350
181 5.148271439782033 2.555700792457726 85
182 5.06059939443787 3.8192322787479527 279
183 6.512527120702397 4.020252905558117 343
184 7.643199564169063 2.221669772938362 181
185 4.9791424057307525 1.7760578059671843 173
186 5.535520177286811 1.7820326311960364 375
187 7.404316009293053 1.4145633348338928 392
188 4.9791510681031435 2.3556520580749805 150
189 7.690201391581864 3.6539478077399843 464
190 5.563305578274429 2.652066312424267 121
191 5.342293930036063 0.7458973427502709 374
192 7.260273534172509 1.9781050329466492 43
193 6.546396278801012 0.8129936002723271 446
194 7.360411540629609 1.8965234409527358 424
195 4.534262543622727 3.420088667244417 92
196 6.286389569305431 3.2637248583779526 243
197 4.686851419032418 3.5794416047699067 300
198 7.220064719207018 2.7389372022097325 398
199 4.65517524091378 2.8307322238951524 235
200 5.147443297848164 1.926809473928384 218
201 6.556609985198911 4.69259353750929 417
202 5.698111904505353 2.6503697420488828 310
203 5.919914845596796 3.876378925355014 424
204 5.642718566731472 1.1562700357636977 341
205 5.589509199095588 0.8343853854974687 316
206 6.894854396588576 2.6847551664436504 117
207 5.402806571399402 3.5544822550120774 495
208 6.225582798067833 1.4217849450629905 121
209 4.825667056631484 2.7084997256334162 95
210 4.680690198701165 3.7746461989835725 441
211 5.875943549483011 3.275235378775923 20
212 7.875753193246317 3.5419007907651694 39
213 7.337190215117771 1.0991768161203217 124
214 4.997192025871862 1.2397881752286106 121
215 6.042689098647979 4.919205700710008 60
216 5.947319312622819 3.061647395216482 273
217 7.207621362898726 4.1356147662271265 176
218 6.760038863514346 3.7700369414999826 302
219 5.315309904260345 1.217582327302736 217
220 5.524880207625946 3.8695129330272704 480
221 7.757600779395748 3.3763104190709483 5
222 6.750095279110068 1.4001121000433943 439
223 5.36718890862885 2.8591482253857854 500
224 6.977454000772803 2.449320423312547 222
225 6.4331991777750455 4.414887462138384 174
226 7.905529838537896 1.5735851591742163 321
227 7.021297370208849 3.527484705203325 189
228 5.432531710934078 1.3831253415844313 285
229 4.613190186489798 1.9157766000918788 480
230 5.60239257687312 1.3380463833466023 242
231 8.222268261935495 2.0622104357505706 169
232 4.8943482293863925 2.0807902438865553 11
233 4.572678804127547 3.306025648418387 365
234 4.496808059582433 1.7578631209805828 335
235 7.600819030455645 3.8407521093080237 454
236 4.720354517497372 2.498974655525778 316
237 5.514495798025177 4.1675235083353535 329
238 6.673391978023641 1.0530770229129796 191
239 7.728467324544137 2.2243460247966076 33
240 4.639610555963023 2.166712299711344 349
241 7.75681464157267 1.9983909223354699 330
242 6.996522744119734 2.9039581487907133 454
243 7.274412955463632 3.2043760582105643 41
244 5.619114274787578 4.494836926423576 60
245 7.2443974171135395 3.782456233876225 392
246 5.514778748032302 2.4017726974922398 209
247 5.850762463800273 4.166210693300158 3
248 5.166405594017446 1.410896608697218 308
249 4.798689693317664 3.37391306024308 165
250 6.636040378596779 0.8608264676366034 36
251 6.566004286241865 1.1661161209837545 372
252 7.728204552539556 1.3355384137811266 443
253 7.326540499663232 2.837159996081314 343
254 4.9330373761643225 3.533508678706637 392
255 5.743920020191427 4.188042062109578 340
256 6.420643453946758 3.387759229366576 203
257 4.729716162866314 3.19104432455842 105
258 4.5067024425941336 1.614861263347531 265
259 5.751190820237766 0.9276109377798929 125
260 6.888297803749548 2.783122196227776 270
261 6.973495358681787 1.4126446768649936 165
262 4.490836901285998 1.9349207823685661 324
263 6.667138348435971 0.5397663543204869 203
264 7.938819764889477 1.7223278204854515 108
265 5.568542312608511 3.217205135221377 58
266 5.984962112039619 2.3550046585176374 314
267 4.537584691398146 2.5128710197737645 55
268 6.926342519369002 2.0446046605815775 452
269 6.952464490094377 3.1989311597874015 192
270 5.670555348185768 3.3500621055221353 106
271 6.381562445855756 2.350839944031128 290
272 7.221617000102893 2.3821329888076903 158
273 7.580075012099923 2.5700144700369667 4
274 7.041425667060164 0.7984432394092968 473
275 6.088642258439189 3.777656113263467 420
276 7.992075213509271 2.2009152055813614 80
277 5.700713698107404 2.241318095924654 242
278 6.591050037132576 1.3562177044156802 472
279 6.936347894445074 3.939850859346008 427
280 6.557021487621552 4.168723138021687 454
281 6.201309590162103 2.349027258888043 25
282 6.107809273267069 4.287738258524689 466
283 6.733428831862252 4.283096595362199 62
284 7.236715327572744 2.1760151699636205 294
285 4.774345849777338 1.470190977847579 331
286 5.400453107441478 4.104530465323087 257
287 6.405223342657112 4.546429196128115 323
288 5.754803023936205 1.5389721993127459 197
289 5.749601952593394 1.6940222326766858 444
290 6.281062875610198 3.5263598484142578 348
291 4.665041147755379 1.4498008191126723 426
292 6.5364011378413025 3.2639400331844386 108
293 7.783891442635248 3.6901232806018958 117
294 5.097684489006115 4.560300046148573 349
295 4.370971466722583 2.391635275405263 442
296 6.642395972707509 2.8288337093989524 319
297 8.285824536633514 3.039055293252023 237
298 5.865569866847186 1.9986524638347785 165
299 7.077329742776725 3.0858821356311887 352
endpoint1 endpoint2
141 183
143 183
74 253
76 201
6 211
177 252
77 166
137 273
114 173
21 180
25 49
8 87
211 282
42 289
49 228
70 233
36 41
98 181
81 139
6 202
104 137
29 214
106 149
174 187
37 54
60 249
278 288
67 89
140 257
139 177
34 114
218 256
110 217
19 209
39 231
24 132
65 147
46 175
141 169
165 232
121 223
177 288
76 255
4 185
78 160
6 205
31 223
51 126
108 117
36 167
136 139
66 84
159 200
269 290
0 180
152 186
8 212
99 149
122 222
230 258
57 259
166 261
206 299
5 62
99 226
31 275
5 79
136 178
182 195
39 149
207 249
133 299
61 275
72 233
62 274
123 221
26 92
101 243
246 249
104 269
103 239
105 129
162 200
84 115
67 221
18 84
74 137
97 248
5 159
115 146
195 289
123 281
69 114
76 228
3 284
117 299
172 202
10 189
31 257
34 39
89 266
182 290
40 279
246 271
90 254
17 182
162 278
110 245
20 229
38 59
46 203
216 253
192 299
11 116
131 133
10 164
231 268
125 255
172 267
228 248
68 180
107 147
72 143
20 236
80 260
64 78
134 156
28 124
73 144
94 229
170 285
98 293
30 155
195 216
50 128
16 112
217 222
34 198
6 160
100 144
264 297
106 251
161 201
54 188
77 117
132 171
82 128
21 227
188 207
62 191
173 285
47 260
105 261
32 126
73 153
74 162
110 118
165 190
224 283
219 285
68 81
129 243
95 194
125 241
240 266
185 196
4 274
101 120
138 242
49 66
68 186
164 216
133 264
134 142
166 192
98 138
43 64
46 79
32 228
17 112
71 189
59 192
206 273
29 158
174 243
14 242
179 228
199 210
38 39
67 190
32 140
141 241
128 229
75 191
206 280
82 218
66 109
12 241
178 188
161 220
14 245
18 136
143 256
189 194
141 234
94 193
39 53
223 296
78 112
167 192
154 269
193 289
12 232
107 298
54 152
24 91
48 220
158 234
90 164
0 196
236 272
3 177
56 272
76 166
17 91
242 269
83 221
31 133
17 244
60 78
159 225
90 175
109 204
163 226
183 255
168 247
202 282
117 173
101 163
88 104
75 162
149 285
7 260
14 206
161 298
0 35
18 245
138 145
216 262
8 50
63 89
52 238
95 135
25 260
196 240
178 282
199 286
36 140
168 284
156 243
102 133
84 219
268 290
18 236
182 237
46 155
211 271
122 261
67 242
71 113
38 122
22 128
24 223
152 276
169 249
193 227
84 268
69 171
215 220
223 268
227 284
13 137
124 282
203 208
154 218
63 292
16 258
179 283
114 179
59 107
169 292
194 292
164 233
21 27
115 176
59 130
98 187
172 232
89 292
127 292
201 245
208 284
38 229
43 234
63 231
66 265
53 61
96 235
116 230
30 263
61 62
81 138
117 129
196 237
114 287
6 90
261 279
214 281
72 290
182 246
204 295
96 115
23 87
120 121
211 290
33 73
269 296
32 271
213 251
34 168
35 266
3 296
78 161
206 289
100 246
28 288
189 296
248 256
84 110
1 57
115 135
151 264
190 232
63 122
218 241
202 288
95 224
80 242
117 147
6 270
124 235
40 298
172 287
265 273
157 216
190 256
93 225
118 235
156 182
198 226
36 214
19 118
167 278
218 282
37 177
3 97
3 142
10 299
32 276
95 214
119 129
33 267
33 190
31 256
35 142
83 154
12 166
107 157
125 299
38 56
133 284
247 295
42 269
115 154
98 299
8 202
7 114
47 171
13 274
56 161
58 198
102 242
197 198
76 115
135 144
50 95
13 41
14 137
15 261
68 196
219 263
92 260
245 290
101 237
10 172
30 43
268 274
34 54
113 235
114 251
280 281
11 20
10 196
46 69
18 260
129 242
136 284
191 291
107 243
197 200
52 91
89 169
18 151
228 239
109 231
114 242
120 170
70 167
92 208
37 294
9 247
134 286
195 201
56 182
2 14
38 271
185 278
149 248
57 227
81 210
184 218
147 283
114 154
25 64
86 193
35 59
236 291
173 270
48 190
120 177
145 162
94 223
224 298
223 290
117 209
82 292
83 206
174 251
29 150
15 167
199 202
60 185
85 175
2 254
190 209
224 289
95 171
117 218
83 102
46 94
17 97
54 238
10 64
103 168
16 295
72 281
6 28
133 209
28 41
49 116
273 281
187 226
26 243
29 70
146 239
129 173
166 234
170 172
118 211
176 192
124 270
59 214
78 235
137 142
66 124
16 286
130 266
186 223
88 128
216 256
162 241
273 274
2 240
4 73
116 131
10 272
16 60
104 175
77 185
154 201
102 131
140 287
91 101
63 203
176 293
50 108
70 107
143 163
116 138
8 51
50 255
191 228
55 227
203 218
40 243
42 84
26 298
27 31
174 279
107 272
18 237
45 90
283 294
32 49
94 275
121 202
11 39
32 160
51 252
52 246
8 137
9 29
7 179
101 212
11 180
104 157
217 277
200 251
6 105
63 295
10 100
156 203
34 126
35 116
130 279
39 243
38 227
61 269
26 164
155 261
48 270
91 224
188 240
79 276
100 114
45 228
11 92
73 80
94 165
41 63
227 260
12 53
103 116
10 111
102 180
104 275
86 246
72 246
74 147
20 171
96 236
116 298
195 240
30 179
4 188
8 183
153 260
101 198
12 44
196 273
252 259
35 149
238 289
38 130
181 207
218 270
239 258
3 13
150 273
209 254
18 105
109 168
44 131
190 230
85 261
5 68
133 159
218 265
59 113
60 97
207 242
133 288
14 93
145 293
1 56
94 271
32 263
52 202
61 79
102 206
85 270
0 111
56 124
54 214
40 299
133 152
137 266
66 173
15 297
42 194
26 184
122 289
69 230
17 256
91 204
37 280
116 263
121 239
33 203
54 62
129 149
104 224
113 118
223 249
155 188
46 264
30 70
31 92
71 256
62 136
216 248
37 257
93 249
119 275
73 117
57 198
94 136
64 171
29 184
11 206
235 281
40 281
103 230
14 135
144 162
109 251
243 278
216 255
51 190
159 161
143 155
169 207
42 266
173 186
12 120
181 266
257 298
3 263
37 209
132 174
63 187
15 260
110 130
201 275
20 238
97 159
206 220
234 237
73 150
91 211
53 98
184 292
58 95
256 268
192 292
46 67
122 240
50 190
32 232
185 267
224 245
95 199
98 105
61 83
136 193
208 238
118 298
65 222
86 180
115 250
42 166
262 277
140 164
145 183
1 29
95 191
67 268
32 239
68 83
77 155
58 184
24 72
9 276
134 253
66 136
68 164
18 39
74 88
112 283
79 292
241 252
21 91
224 276
2 15
75 184
149 263
136 260
100 128
155 224
106 235
87 95
161 217
36 242
240 259
3 52
25 71
10 46
110 151
40 79
113 228
22 227
187 215
24 254
8 24
101 293
198 287
74 210
117 208
11 146
50 286
106 284
126 134
130 243
136 246
154 253
82 216
100 143
13 251
65 276
265 295
23 151
45 134
76 169
3 219
10 254
16 94
52 130
71 173
185 295
80 187
6 130
121 271
12 234
161 235
68 145
247 280
29 69
126 289
188 279
177 213
31 246
127 258
164 280
130 197
117 280
19 177
20 33
41 297
118 265
138 148
38 78
24 286
192 239
119 298
70 128
6 237
249 296
50 267
177 206
26 288
160 241
32 59
159 232
1 218
93 137
99 117
26 194
72 81
223 257
117 180
26 117
8 131
124 202
196 242
41 93
77 177
107 204
92 101
3 25
118 283
48 195
93 130
38 120
95 121
10 259
84 270
213 238
41 53
121 186
35 230
36 181
168 261
41 70
133 163
107 197
185 249
21 168
62 234
69 257
54 277
113 178
168 238
26 212
11 95
33 46
59 132
176 237
125 198
20 86
77 163
61 148
158 188
0 10
110 213
211 287
66 240
140 148
158 207
166 191
115 187
23 258
28 180
47 136
104 125
88 268
215 236
2 68
131 165
104 140
31 211
202 242
228 277
125 261
17 207
92 114
40 120
43 229
62 148
63 238
67 235
216 228
120 234
99 299
26 73
28 290
84 249
11 299
107 168
26 190
8 72
138 186
180 273
169 219
98 211
28 138
129 296
148 169
77 253
131 147
80 244
153 162
17 40
56 125
60 138
208 259
61 191
144 181
239 275
21 204
133 296
190 262
69 229
73 226
39 103
46 47
4 170
5 36
171 196
210 281
11 200
30 52
137 197
105 134
214 288
164 167
247 296
48 157
33 82
52 298
126 273
254 255
168 177
118 224
12 66
71 218
64 172
9 42
227 296
126 243
20 113
208 241
103 225
13 46
15 245
109 250
91 172
44 209
138 282
111 278
25 132
101 145
156 279
33 196
34 202
72 105
220 244
185 257
289 291
126 250
225 283
23 29
61 202
265 266
140 223
15 242
54 299
114 254
206 221
184 293
44 95
33 221
87 262
4 135
160 216
15 74
6 54
66 142
250 268
62 162
120 165
141 252
126 266
87 174
57 111
25 291
23 248
117 205
87 287
96 269
5 24
61 107
7 292
282 293
13 200
53 268
182 266
130 292
208 230
228 233
137 225
46 293
65 281
15 277
164 219
222 284
22 233
147 242
25 159
102 266
124 168
87 276
71 190
127 278
150 252
6 145
29 155
161 216
114 293
24 80
62 221
65 274
85 164
31 56
72 167
188 216
173 268
67 163
51 157
198 284
57 121
167 196
22 83
188 258
123 136
69 92
42 126
43 260
82 217
175 245
15 161
20 28
62 196
0 192
114 226
4 69
173 261
45 133
70 151
128 255
92 160
146 242
188 281
27 157
68 73
75 169
136 254
7 222
123 126
175 242
108 183
0 40
58 281
40 175
60 178
25 80
1 207
147 152
39 47
117 161
69 78
64 157
85 206
180 246
114 133
43 131
6 21
46 140
211 258
29 279
140 241
110 169
48 165
202 281
154 164
56 84
86 112
127 155
182 233
91 103
79 147
118 257
138 156
17 296
143 173
109 194
164 230
147 166
120 207
251 273
2 120
177 198
178 204
124 203
159 265
35 224
53 193
55 253
132 208
136 296
87 123
179 202
16 270
63 242
68 143
17 289
10 256
29 47
194 238
166 285
178 199
124 194
88 121
40 252
59 255
77 169
140 271
107 196
107 267
14 223
25 44
280 292
207 225
140 158
158 197
2 219
232 262
124 217
55 243
238 284
40 227
95 263
189 275
63 147
85 226
110 218
134 186
84 91
69 265
88 158
90 142
146 185
166 188
190 253
288 298
181 299
171 208
202 243
65 230
181 205
55 121
186 248
258 285
44 238
134 189
135 193
66 200
51 164
71 89
93 236
170 225
118 156
34 167
92 145
94 149
8 160
28 291
50 295
58 144
100 267
137 218
103 245
180 216
46 186
229 250
85 101
211 249
70 76
145 283
39 105
97 226
118 151
156 267
55 169
37 83
100 248
173 222
106 131
124 230
203 260
225 247
79 212
107 160
20 211
39 145
43 210
216 243
158 289
87 133
98 276
27 173
36 66
29 189
34 40
235 290
261 271
253 261
218 281
42 203
8 119
86 272
73 234
1 8
22 189
115 150
62 281
192 296
193 222
281 296
2 41
220 299
60 298
43 290
8 256
30 60
105 253
235 283
182 294
58 173
40 283
103 224
13 45
91 175
0 238
55 93
187 205
65 115
46 207
142 233
163 273
147 222
76 136
22 180
98 253
116 204
117 250
33 219
57 282
166 290
98 108
231 264
17 18
185 190
20 121
221 274
6 60
107 151
97 157
25 227
49 274
98 244
81 229
8 270
263 271
157 264
272 285
110 280
77 113
79 168
9 273
162 292
20 247
141 251
134 282
120 277
195 197
217 299
92 286
245 253
13 199
33 275
14 288
62 219
10 37
66 134
90 256
226 269
27 273
69 193
145 174
219 278
2 154
76 181
119 241
28 253
92 277
63 286
155 226
174 247
13 192
53 276
37 202
44 295
14 97
164 195
112 276
3 71
222 260
64 87
120 180
53 123
81 191
117 222
139 276
17 109
200 219
60 197
98 112
84 195
62 197
138 224
269 277
18 23
7 59
88 292
69 179
141 230
56 269
106 261
56 71
24 48
6 128
161 233
17 247
72 284
159 228
4 77
115 271
25 192
11 53
49 250
47 292
70 143
74 194
26 97
17 95
54 228
131 211
105 204
175 250
18 246
185 228
20 35
39 268
66 289
138 146
110 174
164 248
26 249
153 250
7 190
88 108
196 245
200 240
129 212
104 289
91 102
271 289
97 262
44 267
155 264
48 206
138 157
34 273
71 116
254 283
183 240
169 244
52 234
128 266
5 220
16 69
131 193
80 162
156 207
85 223
94 278
170 245
121 207
214 234
41 59
22 119
71 147
202 206
38 151
63 149
63 288
156 198
11 262
214 259
108 148
91 116
1 185
204 250
186 288
41 213
61 266
194 288
14 79
279 292
190 251
146 261
9 11
101 218
47 114
252 263
55 242
95 262
208 272
61 259
68 254
12 278
1 35
57 62
79 286
119 264
29 32
230 277
105 119
251 295
2 66
206 290
29 209
177 232
200 236
221 255
40 288
5 88
49 54
72 145
181 204
55 120
14 89
17 267
94 267
42 277
23 277
23 192
244 294
63 121
50 158
16 18
26 87
172 218
191 261
50 292
31 218
77 83
84 251
243 260
80 285
207 255
68 236
87 143
73 255
63 102
11 68
150 196
78 172
172 209
29 163
85 267
36 171
19 117
20 109
6 72
90 290
89 106
144 198
183 298
8 192
94 132
239 243
156 178
102 196
105 251
89 260
126 206
272 297
110 260
37 44
202 237
78 294
83 153
140 299
107 152
112 242
23 126
80 267
85 118
32 110
254 296
73 233
98 227
43 91
118 230
195 209
18 279
71 212
210 270
142 257
184 194
40 199
137 204
176 273
51 274
165 294
243 283
61 288
8 127
140 177
111 272
205 288
25 138
170 287
12 123
13 270
52 162
34 200
92 265
64 165
245 293
179 289
89 278
127 202
167 256
23 31
64 212
17 162
1 232
115 246
28 121
194 273
105 263
76 128
98 245
117 194
131 241
97 126
206 264
172 181
156 159
160 218
142 275
126 227
54 177
40 181
50 82
106 119
107 143
0 253
74 92
112 231
23 133
134 136
49 266
47 212
110 123
147 239
170 257
102 273
13 256
181 281
77 152
132 264
97 119
151 235
112 143
157 177
72 162
3 65
49 259
33 124
87 161
237 244
98 135
118 194
83 92
195 256
75 189
41 125
24 35
62 112
154 241
84 197
14 296
200 292
184 222
60 190
83 186
87 201
163 242
24 268
158 268
216 222
58 119
183 284
117 221
102 259
19 55
57 232
168 293
47 56
103 175
184 229
258 298
4 269
225 293
186 258
63 216
18 20
75 77
2 250
173 259
74 271
56 217
21 106
6 246
27 159
77 131
156 227
162 242
15 217
111 213
38 74
5 275
45 252
122 171
32 159
251 261
56 224
79 118
44 52
48 63
28 203
220 277
79 231
7 209
84 210
40 152
133 198
86 238
90 168
20 147
25 200
190 199
138 297
53 85
163 291
166 225
6 224
99 222
172 248
47 102
51 99
217 271
42 105
6 115
135 277
102 135
104 290
160 244
144 291
37 237
40 159
159 213
19 296
226 297
7 33
141 272
143 220
20 265
113 278
188 288
27 98
119 173
101 215
50 257
79 245
189 287
6 106
51 290
112 217
20 50
3 26
19 192
44 259
9 295
18 120
115 174
23 265
120 216
212 243
33 42
270 297
71 253
74 252
76 200
77 214
131 184
232 257
106 173
156 199
15 140
39 239
280 294
63 229
135 205
175 257
69 270
86 243
87 227
68 240
5 188
23 205
99 100
73 84
128 281
101 217
31 290
142 291
19 97
168 271
41 76
282 283
36 270
97 296
207 232
138 183
86 266
51 161
73 204
18 106
131 281
98 265
70 227
146 198
174 189
176 231
242 293
31 109
165 257
39 157
24 138
45 65
105 289
33 76
145 221
42 274
151 270
29 56
8 162
31 272
18 186
0 108
5 64
150 189
208 271
14 182
15 155
165 266
42 199
248 261
85 99
159 182
93 227
168 198
48 113
34 188
78 173
153 167
34 47
15 115
203 243
24 105
12 173
107 162
239 284
22 201
206 207
26 132
120 140
283 287
231 253
51 180
91 192
93 252
111 269
156 284
215 244
72 126
18 285
219 241
2 44
148 179
227 292
58 160
228 240
31 88
162 281
44 213
134 164
138 286
105 276
50 57
159 164
70 188
14 51
37 269
58 73
115 152
116 266
43 90
25 128
156 283
11 117
19 21
264 289
51 91
185 187
207 292
46 279
232 250
140 291
105 140
162 272
180 183
271 280
247 290
32 102
240 249
3 250
25 137
87 266
18 271
220 247
85 293
179 288
136 173
138 202
89 211
253 277
74 82
110 134
3 82
22 210
62 190
141 192
152 156
81 285
151 299
73 107
55 143
98 101
78 137
7 247
119 146
240 265
133 248
138 245
176 256
103 272
75 89
111 176
169 172
22 286
94 214
168 169
76 184
43 65
159 288
41 123
59 193
35 168
272 278
63 213
45 127
85 152
88 169
165 208
113 231
69 207
73 132
83 95
30 143
36 111
129 206
178 191
53 274
24 83
269 282
15 202
164 205
113 152
40 51
58 116
4 232
22 86
260 293
213 259
130 207
112 190
9 266
265 299
241 273
187 224
74 217
55 297
79 104
81 182
134 269
153 238
178 222
13 240
14 198
161 239
91 106
54 146
20 38
204 208
35 44
109 205
112 260
111 212
168 246
202 285
21 114
202 211
220 278
131 213
16 275
91 99
186 277
24 168
79 151
165 244
148 284
113 131
25 261
99 266
83 123
177 194
159 269
35 252
203 216
80 173
1 173
39 263
134 212
63 246
103 298
159 212
148 283
192 250
11 37
32 174
143 223
77 220
223 269
6 216
171 238
121 181
52 155
217 279
164 266
19 82
140 275
180 199
127 141
60 90
9 294
