nnodes nedges type
300 2000 graph
nodename posx posy weight
0 4.927233011795704 8.006643373054786 398
1 4.268971903317632 9.088066400883527 451
2 2.957087100258187 7.824934827510155 439
3 4.536918362594282 7.399686910441917 349
4 2.7564835304840596 10.200008676641477 103
5 5.5045970847658285 8.601979259630427 167
6 4.100490078367982 7.417162308434654 66
7 3.539607353335376 7.904279414693337 491
8 3.9712269706594014 9.380497620245853 93
9 3.38383393764352 10.50966014656193 110
10 5.1241099611294 9.342165404882772 451
11 3.142095800687682 10.154961615077116 464
12 3.804119341618371 9.034539381517119 215
13 4.962191832520408 9.615731112077254 156
14 5.534254810862134 9.857287686665043 220
15 3.4552248860774166 9.775420085770696 317
16 3.6422187126660774 7.880023162179959 98
17 3.9338025254322253 8.933502485810875 461
18 2.770496566489261 8.890937430241014 305
19 2.294243418281995 10.901754010969984 28
20 5.202400425696897 7.816474071481822 356
21 4.753394415259918 11.231576603190447 470
22 5.104201276406705 8.382300308100312 234
23 2.022302255581482 8.431314822088112 175
24 3.817995435798165 11.461396989880766 334
25 3.8276166330833346 8.610796026815798 174
26 2.831306047206596 9.56629780584814 448
27 2.5201402505243027 9.112580977579437 74
28 4.231634275706871 8.563367259421112 46
29 3.729782992168275 7.858934305397208 203
30 4.519219015484648 11.07236468481033 128
31 3.570510352471162 8.796116521921984 221
32 5.549922146044717 9.184819466039158 62
33 5.057811436933206 9.009213899053249 285
34 5.3949745216763025 8.23743950074447 245
35 5.601423267542782 9.86641795989671 2
36 4.564760523413163 10.469521228041947 182
37 4.674331487230149 8.276355463944823 99
38 2.4664500914502328 9.412707890008758 147
39 4.177704500813378 9.548291520619323 357
40 4.346540542395592 8.137126232800748 445
41 3.388757186582686 8.005827663531955 117
42 2.8222315143013623 7.652504568715207 46
43 4.4208382112805875 9.830112037007797 371
44 4.387940514917821 10.429823266946691 181
45 4.861961462802426 11.18761473432338 199
46 2.792557126193196 8.258554079799481 133
47 2.6455784709711874 9.752632842766738 493
48 3.457266324622939 10.080673068382268 290
49 5.004978039528722 8.810312286476568 365
50 3.2171522961844783 8.450433901606564 243
51 2.4094509216135447 8.611388213213544 329
52 5.346467106643015 10.361371192584542 317
53 2.4031793903088046 9.620500132917083 370
54 3.273349681393318 7.987752123256396 80
55 5.2237192926923575 8.544735546594026 280
56 2.1526564133640154 9.589568232626773 244
57 2.870126488856891 9.362825502225945 219
58 3.7819634340539277 9.286450549549013 257
59 5.68805364729361 8.973647832864 426
60 4.124252478639366 8.015311459436298 238
61 2.053008623661102 9.777737218876215 175
62 5.339581489071428 7.994894284720229 394
63 5.816127063803512 8.196642882037299 412
64 2.484437521905263 9.991275266968954 488
65 2.563614756081878 10.796910847554123 418
66 4.039949226074928 10.747022166145902 24
67 3.6769868536672576 7.517746568977372 440
68 3.928335296083565 9.553929900671875 477
69 1.9587078690597561 9.458264105888137 334
70 4.090586962067208 9.97118751827045 474
71 4.270183299415774 10.37635202342987 332
72 1.6898447552992564 9.332315256034887 25
73 2.608099545973331 9.421428920794062 141
74 4.800758552308023 7.6996589724142375 487
75 4.275367365962424 9.391067943293333 488
76 3.7984156555591184 10.764985493653006 415
77 4.124385514006421 11.171493313983438 109
78 3.9280116262420637 8.645569162371679 85
79 4.3493195329433805 8.291030096786178 313
80 3.924720859211413 11.291651008156654 339
81 3.465894481237565 9.182424523362558 454
82 4.68799411064746 8.568393872284844 74
83 4.080793320822399 11.34458274290835 371
84 4.311590895286695 11.21447841046732 311
85 3.216765025034019 10.707119303966005 121
86 4.371301425556047 7.345993105480821 397
87 4.2728297990204736 7.877274312781693 363
88 2.764463598350614 10.706944225621509 443
89 1.9252801177761698 10.771710516813522 217
90 4.968144576044929 9.228123064727669 328
91 3.260939763762927 8.865399427539886 402
92 2.353438528190208 9.785698245198056 360
93 3.5118698634285526 10.864267640223073 423
94 5.6328295652524565 10.046920246519681 349
95 1.660654619225448 9.285476959747811 20
96 2.0400327866996855 10.082884355310972 398
97 3.22854905478226 8.654314023437317 210
98 5.560261073628589 10.713679827303638 235
99 5.710939259178244 10.190580745404798 280
100 3.627182713143941 10.587828788635075 435
101 5.75484019195853 8.765753709261705 405
102 3.3548669153780772 9.070020485311186 95
103 5.077987108131503 9.395017090698223 422
104 3.7822048060608826 7.462129981802487 445
105 4.29300074097452 9.899809120089152 216
106 1.579054875260565 10.268557268603619 229
107 4.455262220701373 11.291949389226524 98
108 3.4526060013359268 9.614492442045101 145
109 3.1558131633824282 7.77588378367219 435
110 3.625275362505211 8.642325020003852 371
111 3.878262002290917 10.168007720136366 242
112 3.51077687854868 8.357773750660726 59
113 5.725125513950723 9.400600103699421 107
114 4.287667982502804 9.174616310126474 270
115 4.12290327721202 8.754800877712407 222
116 2.821323019388271 10.457062906761175 481
117 3.1727215643773077 9.121709602276228 262
118 3.087071856917168 8.390855045905939 259
119 4.632977719036007 8.082379909618234 478
120 3.8199079585353566 8.329362154312161 135
121 4.657147529190511 7.593135726313872 306
122 5.068737232982815 10.009537705470766 195
123 5.025768589026368 7.929501578468799 382
124 3.5714369346316244 11.099354046927155 319
125 3.8471761920740764 7.598757862734313 398
126 5.358728312712624 8.745194021610642 328
127 5.100943174434097 10.547808436864443 289
128 4.129409344207042 7.698584327854534 181
129 5.523056474582036 8.910227120387178 11
130 2.589645022437728 9.190339107147398 226
131 3.0003169176849553 7.676249913777456 315
132 3.5586555420051287 9.397153020686288 73
133 4.036210897567112 8.771135447217562 99
134 5.9621456040830125 9.740317308406388 135
135 5.639744662260025 8.917624167697637 317
136 3.430506457308567 8.16599212983604 81
137 4.676161511661097 10.596919084726556 99
138 3.3029011367668186 10.163890771540881 44
139 2.2856246576150876 8.85149340803721 334
140 3.196543761316674 9.723553101712692 235
141 2.8826387718492796 11.169031725959577 87
142 5.574370641815322 9.431222210321168 232
143 4.616533708724933 9.000817822300842 267
144 3.621597800444599 10.217840780597239 41
145 4.615142063520878 10.967454063766148 334
146 3.0522170251700307 9.615328607596792 437
147 4.7395257511483315 10.186263493062565 414
148 2.5130381358641065 8.366194586368419 329
149 5.002588552876203 9.050608674950404 399
150 6.00295794313471 9.44520813329464 232
151 4.605766498032139 9.547487011159932 266
152 2.564550015150694 10.171169720032177 430
153 2.967511591732094 8.528678595175725 423
154 4.433091671416574 8.694227911315926 113
155 2.961909756173197 9.989631650631885 214
156 2.6875620409643877 8.099297629416807 448
157 2.3812577798753725 8.434616913522671 491
158 4.371289445640741 10.757985201160555 179
159 4.507453724975132 10.90144694416029 414
160 2.597275890641068 9.29843924341878 10
161 4.521703993890484 9.166964604294748 262
162 3.264347743167503 10.32197200866194 378
163 3.8956430605805776 10.971536635710706 473
164 2.2041496115732073 10.22020322011674 256
165 5.08169717172386 10.44926717703021 212
166 4.057747125964805 7.910042041107213 69
167 5.392346663899982 9.041490019335416 149
168 4.213220776925594 11.393930958179418 467
169 2.3705274510978467 10.551219655932709 266
170 3.2549724431148457 10.967803585202933 82
171 5.29828735284606 10.143874517131017 489
172 5.4596838329158075 10.99593365564391 85
173 2.82129097174226 8.698262590667191 453
174 3.7466181053593646 9.969099224605584 389
175 4.847114799629298 10.931859011195447 65
176 4.008394853023929 9.601214529024098 321
177 3.12993103746795 7.584853480709295 443
178 4.523995824882243 9.99069374104715 68
179 2.1531708502781592 8.276571590491313 205
180 2.9907411678880016 10.992144525490536 379
181 5.769978118394423 9.686360700641167 362
182 4.956764320747285 10.524553667296681 416
183 2.0504106027804316 8.907452036635128 318
184 4.10652410228872 10.350833848328369 346
185 4.887110736156457 10.269620619020584 389
186 2.2227034382540607 9.39364606275446 219
187 5.814820914338066 10.534318791464491 25
188 3.405651236648012 11.680990809553846 435
189 5.579210551712064 9.548548252214724 212
190 3.542621776231494 9.305433388414695 354
191 4.448538750754011 8.433371996871188 237
192 5.375108736639197 8.608241834061163 276
193 4.248097299730156 11.019771017978503 432
194 4.11461142793534 9.834663762163649 494
195 3.999710037040369 10.126526344443233 220
196 2.8034865768500685 7.914429178583564 361
197 5.330548049756038 9.577468038500845 200
198 4.015073628947976 8.204225563136813 311
199 2.468653969399481 10.095064111836948 200
200 4.738399205806342 7.901516695307384 366
201 5.287200659981846 9.74355979410053 200
202 3.0047772454309705 10.499948442607861 408
203 4.605324915642197 7.813549101117848 202
204 1.6498619626831583 9.91338445986306 78
205 3.07251078096093 9.931591994931832 169
206 4.926661872263991 10.64113235030026 119
207 4.357159989313139 10.212213077581357 260
208 4.813801598899563 8.500768325443378 291
209 3.780537931556815 9.854120324319089 484
210 2.3186819667053022 10.282584620376847 58
211 3.677011392042338 8.213354315166196 274
212 2.5465113061227878 8.418515753926883 180
213 2.9780571359040984 9.371670063625526 396
214 3.6939292714989036 10.983938051023141 469
215 2.5341504398746832 7.938657522076665 91
216 5.13685719285796 9.836984984529904 391
217 2.0215812403314155 9.181663484687009 439
218 3.166802583098183 11.226275134021389 494
219 2.6911899820789404 9.879123575134233 447
220 3.2296623438463867 8.28252448520319 116
221 2.464327784977137 8.95461763377393 448
222 2.570603255026931 8.779799405573463 72
223 5.060222865330355 10.79155315317319 63
224 3.104093744657567 10.806949176582467 343
225 3.034119299543462 10.656675297329482 86
226 3.488093819088271 10.60159042186961 156
227 5.495963542188272 9.618665597455227 121
228 3.4549295818493184 11.140244494483726 165
229 3.0439951692447633 8.633415168372707 230
230 3.6092661151834964 8.918347075102787 250
231 2.537120005684002 11.020227916367336 440
232 3.8113237734568877 10.619799152518219 252
233 5.152934572846132 10.425146374651197 214
234 3.4690233006392854 10.381883055546881 380
235 4.978913796577169 8.527444117580355 351
236 5.412388471402017 9.974820414745153 347
237 4.6384133829339556 9.857072057308782 349
238 2.9496033131227923 10.775938697125088 414
239 5.025336655315852 8.188291955139732 480
240 4.409044822746668 8.959214463222573 96
241 2.9086319687020064 8.106837037116348 411
242 4.849099578061541 9.025864131507602 367
243 5.932978724736303 8.775508581073163 286
244 4.477613617865732 9.60725375543667 26
245 3.851329692933237 11.119121408820813 322
246 4.065891847265089 9.119469718459236 327
247 2.3396005793549643 9.912518319442318 473
248 2.293728800167689 8.704182635184642 31
249 3.2020567015734307 9.398235325854172 330
250 2.916901430263345 8.75808667222194 404
251 4.785007162251037 9.387713153139456 60
252 4.702910654264277 9.18342681424409 350
253 4.470816420166761 7.684469644988164 40
254 4.100432977100392 10.58720372664336 380
255 5.394699963042054 9.242585059049997 255
256 2.7928163372358834 8.471070739083165 32
257 4.681744879434026 10.853384972492211 341
258 3.2221450130292335 11.302775679756197 469
259 3.3331886508969815 10.02758371563922 449
260 5.2885808106937855 10.653064667891513 273
261 2.1687751769671815 8.749340134989183 330
262 2.1996428999036453 9.294012530120169 481
263 4.679582162406685 10.717906674219707 450
264 4.889919465064836 9.916339812142384 72
265 3.3563338722305764 7.686440297036664 30
266 2.8777922101399516 9.03593974236912 476
267 3.716755279236952 9.54062095669941 268
268 5.187208628901605 8.738363823195735 371
269 3.427898410201283 8.488460440326651 98
270 3.0668244043584796 9.049613201121995 346
271 3.401460189543232 11.290871790506683 250
272 4.784794350612738 7.902543040319924 276
273 5.1016596210690395 11.20111646028404 245
274 4.792543549053358 8.796144751761048 160
275 5.461584344677275 10.175733292039252 258
276 2.739345978358609 10.000361789509286 30
277 3.6100170401874307 7.723037943252512 47
278 4.188141401696691 10.627849259002701 422
279 2.4016796986543834 8.173130809409251 26
280 4.145566916440767 8.940464232925786 189
281 3.3984848377676604 10.797388684634667 169
282 4.8354454391491295 9.543938948236917 49
283 5.114534612257669 7.706837120959572 457
284 4.8425845052844165 10.093932109201026 112
285 4.994603260883907 9.748474234834683 325
286 3.9977427420931595 7.578579505886546 243
287 2.926985884418575 10.127718978519294 381
288 2.592279515673552 10.463165143321909 293
289 4.227787436581133 8.042745869898097 85
290 2.230581609021469 9.632368432037023 317
291 3.2666982023090214 9.866887516825923 199
292 3.445433026780217 7.533396190291521 388
293 4.139494491372745 8.422640647775584 157
294 3.6165970995425902 8.35849025809337 300
295 3.802371578348912 10.457081499802474 454
296 2.2783146308980773 9.09859139600596 47
297 5.4318302334564095 10.382687598743912 285
298 4.265045360690929 9.638342589501164 390
299 2.173079323226988 10.370690853093151 89
endpoint1 endpoint2
5 178
7 25
27 205
70 246
218 231
41 57
28 209
103 122
71 141
59 240
60 226
41 74
102 182
30 100
114 173
258 262
155 280
111 232
21 37
29 37
218 238
77 206
117 130
51 121
52 105
35 147
60 249
80 146
41 265
68 248
144 211
92 230
147 190
205 257
99 108
230 267
50 229
146 199
94 145
153 212
178 257
124 211
214 275
204 234
42 221
190 280
66 199
122 280
216 232
87 240
91 245
75 236
59 150
85 256
112 119
5 79
133 154
46 259
162 260
112 198
3 121
248 262
68 238
163 178
1 51
146 166
94 240
4 24
62 274
255 263
103 158
33 166
31 280
196 217
53 299
109 115
38 177
42 60
26 274
246 249
30 64
12 174
162 287
65 102
85 107
8 194
62 277
27 174
11 127
12 71
160 269
95 215
132 278
105 249
82 142
10 12
138 217
90 254
143 295
24 224
45 171
37 268
168 181
205 293
10 213
32 298
220 294
60 293
173 205
124 247
31 270
85 140
108 291
91 160
1 149
163 216
243 285
133 262
64 78
138 262
47 192
33 111
126 284
93 205
165 181
3 253
7 104
121 252
67 261
217 222
129 250
77 228
4 132
29 140
289 295
147 266
40 176
24 127
81 114
133 254
10 62
233 244
31 73
88 220
162 296
15 254
108 231
110 135
134 151
120 162
62 191
143 239
151 298
191 211
121 133
55 142
94 127
59 203
130 146
208 227
228 238
103 275
90 203
74 90
114 245
222 281
133 264
236 237
111 288
168 170
78 102
81 277
9 240
120 280
249 270
2 49
22 52
62 79
9 65
245 250
102 230
163 207
91 183
22 278
64 83
29 117
92 174
188 263
79 101
10 201
249 279
267 295
87 272
292 293
5 13
156 239
157 279
12 241
16 244
125 131
127 227
290 299
148 256
44 177
226 259
141 234
70 144
56 212
167 192
22 87
24 44
8 294
123 125
160 225
36 230
167 294
43 137
79 128
68 151
140 255
109 211
1 202
112 270
2 248
93 185
22 255
65 85
266 267
32 154
89 95
1 123
149 163
48 58
71 168
185 298
5 127
151 240
135 289
102 139
103 166
58 293
186 222
78 277
68 158
158 237
8 11
32 145
166 236
8 154
16 74
126 181
34 252
102 130
31 130
179 269
161 298
182 234
17 299
40 41
3 191
205 284
26 196
7 42
8 50
11 47
109 267
36 61
71 158
80 174
136 144
100 161
82 190
91 123
293 294
25 38
50 102
72 199
73 223
113 187
131 292
94 274
22 128
44 149
8 57
226 295
146 270
146 219
88 118
35 228
130 208
77 172
61 157
174 281
30 98
158 183
21 170
97 284
280 289
122 268
17 293
145 232
10 268
142 175
1 71
57 162
237 275
10 159
176 235
178 268
125 200
78 198
133 174
82 176
179 215
204 296
60 82
44 244
109 176
94 284
195 241
171 264
191 272
176 226
103 114
106 146
31 209
197 249
60 250
26 262
12 130
43 227
207 234
120 121
211 290
140 145
219 290
147 193
94 263
166 176
95 106
39 119
98 263
100 103
30 181
70 225
291 299
4 186
102 214
174 195
198 240
36 160
80 138
226 233
59 126
91 244
113 167
94 270
38 102
111 249
25 179
8 213
55 283
238 244
153 279
252 272
201 232
221 266
42 50
133 153
227 242
15 229
182 192
55 114
76 264
39 291
8 77
262 296
194 264
147 207
42 283
98 236
45 201
18 288
57 267
235 289
0 101
132 191
167 278
136 186
157 209
103 238
271 276
36 293
76 263
66 214
140 190
163 186
43 103
52 223
73 118
175 206
136 161
10 13
139 220
105 137
140 294
49 94
161 175
18 61
42 183
26 141
248 277
91 276
166 220
115 154
8 202
68 108
160 261
75 146
130 238
9 45
64 278
102 242
105 225
178 290
199 230
21 291
60 149
227 233
63 184
10 52
66 185
138 193
251 255
13 41
17 174
1 148
38 51
114 192
115 242
42 190
187 282
44 206
215 279
184 291
76 132
224 261
122 243
78 132
136 192
179 290
289 294
240 276
19 141
132 148
227 238
135 137
63 161
15 249
2 277
207 220
209 213
266 276
68 195
73 152
99 185
67 269
129 242
62 69
7 241
176 179
12 252
126 230
18 151
53 270
43 165
88 164
197 270
162 288
0 240
164 217
222 286
115 192
44 188
52 268
215 293
5 242
123 292
129 203
95 202
43 269
84 185
191 296
161 218
182 271
19 155
43 154
133 239
83 182
1 255
247 267
69 205
244 274
10 246
102 271
16 102
127 285
220 267
42 112
9 73
282 297
29 150
13 252
3 58
85 175
15 281
109 217
177 279
142 201
145 155
165 168
58 114
115 127
223 299
4 234
244 281
70 288
85 199
13 245
147 297
39 207
258 297
25 82
7 55
14 31
75 223
81 180
28 207
249 288
159 281
185 297
132 224
78 235
6 132
72 256
91 108
23 53
207 264
79 136
140 247
159 224
108 195
143 273
3 185
189 211
8 12
9 130
47 288
143 203
128 203
54 73
22 102
149 171
83 116
139 262
69 73
26 291
61 138
83 287
87 209
72 193
91 146
143 286
169 247
79 262
189 236
11 46
56 287
202 258
113 274
75 205
27 110
176 254
34 244
164 269
38 290
130 214
95 279
104 293
0 59
46 152
144 224
110 181
20 165
96 222
122 184
50 246
100 218
173 252
28 212
172 242
203 211
41 71
105 162
91 115
45 83
73 282
147 178
59 276
4 38
44 141
120 219
193 251
194 235
230 287
213 232
33 47
142 172
172 233
13 129
52 108
71 143
150 175
10 111
139 186
85 228
125 269
108 144
127 180
182 252
17 215
140 155
13 99
145 224
2 212
209 278
193 252
194 226
105 114
213 241
234 278
76 194
56 110
132 195
63 239
175 267
39 118
21 44
213 250
214 248
16 31
129 155
20 289
76 249
101 207
11 219
197 225
198 241
16 174
221 251
14 178
35 107
207 242
45 190
3 131
151 267
16 22
206 297
27 67
126 192
36 168
37 38
223 240
107 174
210 246
121 126
109 154
170 213
44 113
9 209
62 272
84 296
64 281
156 183
89 263
58 164
1 153
2 265
80 264
26 131
8 117
65 100
138 274
234 251
126 272
219 264
26 50
55 189
97 111
106 247
110 264
13 47
125 298
18 58
55 67
32 98
51 190
68 222
115 157
173 186
120 261
32 209
58 199
59 191
210 266
29 177
272 292
138 206
85 138
108 234
38 48
114 193
187 192
142 242
236 249
219 262
148 221
224 262
4 247
170 206
116 201
44 94
120 268
28 237
34 196
132 262
101 236
173 196
176 189
103 135
30 40
142 268
35 191
184 205
58 260
77 115
10 60
161 184
14 145
108 225
163 195
114 248
259 298
49 216
92 218
44 85
67 268
195 278
18 261
218 221
57 217
257 292
132 269
43 279
85 299
184 212
9 276
15 266
18 39
20 252
140 163
224 276
99 161
120 282
53 229
55 129
78 151
150 255
137 154
104 195
54 140
112 131
40 160
208 220
82 112
45 124
86 198
269 286
4 93
24 254
26 238
114 125
149 159
244 275
44 75
121 149
33 225
75 177
117 278
9 72
66 107
107 224
225 288
79 133
15 280
165 198
40 54
9 151
247 259
32 133
129 171
96 162
99 175
81 261
29 253
213 256
164 273
42 120
11 280
0 87
132 137
81 92
6 29
138 237
68 145
269 272
144 252
143 267
22 253
226 280
27 147
191 241
71 170
75 280
96 296
7 212
100 189
67 121
160 250
108 173
0 46
93 287
44 274
83 281
229 282
13 126
70 113
183 249
115 274
46 254
49 298
47 291
30 297
21 127
152 194
48 51
33 244
199 291
200 206
78 243
208 297
11 278
89 141
41 229
85 185
17 297
143 281
168 224
131 289
169 246
47 296
49 246
163 295
56 288
83 124
102 296
16 67
36 142
82 265
12 151
83 295
13 112
90 191
168 231
99 122
156 294
70 242
167 230
152 208
176 246
51 108
16 186
70 269
131 196
82 256
174 287
88 231
107 197
108 154
18 229
34 293
73 198
5 191
152 285
190 245
48 73
218 226
237 273
151 161
100 194
12 54
38 136
80 158
208 286
64 248
157 203
34 118
36 259
25 54
112 291
113 171
123 203
70 236
73 88
255 277
113 260
124 298
36 187
246 294
66 88
108 136
181 206
239 269
64 110
42 279
1 87
173 230
174 193
0 105
139 171
17 192
66 194
85 102
72 229
91 259
84 290
195 225
57 256
208 259
6 74
72 157
248 265
216 242
145 202
143 148
147 209
117 233
267 270
172 206
191 265
252 297
75 288
60 129
265 280
2 262
115 230
60 112
64 115
84 126
219 267
147 214
170 221
281 297
33 195
141 290
56 156
220 298
243 251
61 64
7 132
29 183
110 265
40 197
38 175
161 173
17 171
112 247
206 218
133 282
25 27
173 296
49 282
126 280
90 108
37 265
111 278
116 195
68 110
37 79
97 103
100 148
272 293
20 120
227 235
265 266
139 215
161 166
15 242
4 97
210 224
68 198
147 228
256 269
2 139
5 142
170 280
106 288
53 146
57 284
97 120
102 235
197 259
158 284
86 292
145 182
93 195
240 244
43 76
267 298
217 292
53 155
93 116
27 39
137 144
31 162
184 213
176 260
68 165
197 268
201 284
49 208
145 175
1 21
76 180
98 137
152 231
116 216
81 266
119 246
83 90
29 234
176 221
123 294
16 97
131 253
136 240
126 239
199 207
40 161
77 100
25 70
133 237
138 248
114 235
8 25
73 136
93 213
79 102
27 132
120 290
118 199
128 151
41 96
132 252
60 196
81 201
104 203
175 245
19 162
20 28
39 208
24 87
65 160
29 261
13 75
109 215
112 266
39 161
22 251
277 295
260 289
213 271
12 20
8 297
139 155
31 153
14 195
15 174
112 178
186 210
204 213
258 295
82 99
83 275
50 120
158 233
70 127
35 43
113 149
138 288
47 238
88 298
56 222
95 146
139 259
123 134
88 100
56 77
202 212
130 194
7 264
7 215
82 276
68 266
91 110
19 176
66 237
49 99
183 248
259 270
7 46
11 43
50 194
237 293
45 264
46 110
30 228
26 289
64 148
100 165
16 279
92 111
186 228
59 94
23 76
139 230
140 232
131 288
168 225
50 253
251 273
92 141
75 207
9 26
96 295
10 123
13 30
161 253
108 156
97 280
66 255
68 143
86 250
23 186
7 28
251 278
73 173
22 118
191 239
30 214
33 133
5 87
61 154
103 206
162 169
186 291
60 86
62 235
122 267
146 190
26 213
118 130
212 248
266 298
56 250
156 173
17 68
70 261
56 105
19 95
6 102
64 249
12 134
233 297
17 213
37 154
239 263
8 91
26 173
65 158
211 235
143 184
43 124
27 198
73 95
11 164
178 258
53 220
137 209
105 146
180 209
39 227
62 149
73 247
73 266
92 226
93 236
183 213
147 194
152 183
63 126
230 271
195 251
53 180
219 225
80 254
157 299
164 291
225 254
228 285
107 171
205 240
211 249
194 268
0 136
183 210
170 232
48 127
47 153
11 69
50 152
101 246
157 292
137 264
15 230
22 203
97 138
215 261
163 182
122 229
128 190
57 195
5 35
153 170
117 153
263 288
103 154
12 219
89 261
221 256
246 264
246 253
176 281
19 232
113 197
222 289
8 119
26 48
171 175
33 194
219 244
3 256
4 146
82 251
103 147
12 210
203 239
40 283
132 161
228 266
247 254
31 71
253 286
143 291
39 135
44 210
287 291
2 177
77 278
166 211
168 185
116 204
169 205
68 111
38 281
52 80
198 211
135 141
109 242
0 229
259 295
8 101
48 140
284 293
287 296
15 36
57 291
10 171
15 85
41 157
68 191
91 189
116 163
8 108
133 267
90 127
93 194
13 257
37 112
2 50
10 82
31 173
61 219
108 269
236 295
110 146
22 275
215 294
142 194
92 211
152 232
23 240
116 217
120 284
124 169
37 121
41 126
137 152
13 192
107 237
36 252
134 234
9 259
250 287
107 122
97 160
198 285
146 248
76 172
188 259
81 191
244 285
83 98
69 91
81 200
107 226
185 218
82 105
35 37
91 128
112 267
25 255
251 269
56 216
74 270
95 148
78 116
6 241
29 251
47 81
159 285
126 143
58 224
131 234
100 176
63 268
174 257
69 299
22 243
226 278
118 167
11 53
88 299
34 142
54 117
2 103
8 151
28 202
16 87
6 123
82 200
66 123
40 151
143 167
46 252
45 263
232 274
88 108
70 273
36 129
75 275
2 17
58 242
189 263
174 275
106 205
144 290
180 254
185 237
39 254
241 262
115 285
142 161
100 222
28 216
47 108
157 247
88 226
16 212
110 201
185 246
39 247
97 287
134 201
170 245
10 257
45 232
30 281
270 296
92 133
129 181
227 256
28 215
174 178
104 128
178 196
47 117
217 282
54 201
59 254
5 86
137 275
17 211
21 182
39 236
43 233
65 132
143 178
5 189
25 220
279 292
92 156
151 163
153 205
154 190
119 160
156 174
9 11
103 113
160 169
31 212
208 272
61 146
189 274
35 126
113 216
180 269
9 163
28 182
128 287
291 294
154 185
31 221
35 150
53 219
58 150
114 283
64 241
65 296
144 185
17 205
0 3
18 213
64 96
84 99
122 282
93 235
241 290
63 121
214 255
74 232
60 286
85 258
1 275
136 176
214 276
180 217
165 267
120 132
45 187
101 275
69 250
17 268
71 81
148 196
115 139
98 282
171 176
11 68
12 78
99 233
263 298
11 213
12 221
160 190
31 286
54 213
222 225
135 161
246 251
155 184
83 144
71 260
114 211
66 219
158 294
216 244
144 198
143 150
145 275
76 155
67 277
160 267
150 223
210 279
11 202
160 181
40 277
205 225
206 209
48 159
140 186
57 90
96 139
48 110
80 228
81 234
160 204
199 229
240 282
58 170
76 112
6 58
228 267
14 138
113 253
111 163
43 195
69 213
205 288
25 138
70 193
35 298
206 257
244 252
119 154
105 229
54 190
185 189
25 113
250 259
31 79
161 164
188 205
11 19
287 299
110 112
184 295
57 100
116 212
195 223
32 235
13 263
17 121
181 272
71 202
119 147
126 227
132 144
197 257
55 82
23 133
152 296
53 104
183 270
167 208
9 242
93 114
22 54
5 6
7 237
43 153
10 34
250 277
253 296
112 286
4 81
22 272
70 155
74 285
25 157
119 240
53 226
193 298
31 149
54 131
58 277
133 235
79 185
137 232
85 162
253 289
26 237
50 215
158 268
14 17
142 202
256 276
165 171
9 252
119 201
37 97
129 192
168 293
5 8
81 207
52 53
18 133
182 282
37 242
86 220
70 122
90 275
26 244
0 268
146 295
79 105
195 270
61 229
138 232
90 282
1 205
24 207
8 9
27 231
7 51
47 232
70 140
149 174
98 144
78 124
27 148
71 167
2 23
156 250
30 114
16 274
36 234
60 75
78 286
32 39
87 212
0 208
1 198
69 164
52 236
146 281
260 273
13 146
70 278
200 241
59 227
82 192
12 155
39 249
25 32
28 59
32 62
165 254
40 46
169 251
190 206
122 189
274 294
57 155
149 176
171 280
9 24
203 222
20 67
135 274
84 224
89 155
0 63
97 286
133 200
207 282
229 265
49 147
115 174
266 289
50 242
88 257
215 219
128 221
173 248
28 208
70 256
15 31
102 177
67 81
104 272
88 234
51 299
165 287
2 294
96 122
116 117
207 227
66 267
84 94
86 243
111 233
98 197
69 159
142 176
6 286
227 264
12 49
5 94
155 212
13 14
125 265
162 190
92 118
55 98
113 223
42 213
229 246
147 191
96 224
35 264
53 169
148 166
4 184
171 271
156 166
176 231
232 271
139 294
76 77
95 270
208 264
1 138
114 222
41 198
25 60
120 126
66 285
33 76
151 270
118 146
67 294
50 159
32 201
57 183
148 173
202 290
31 272
53 291
112 118
228 287
155 162
138 214
14 33
256 292
4 31
43 108
26 44
190 237
118 149
195 226
238 249
78 173
117 291
10 181
157 290
104 253
31 194
196 216
60 133
46 261
138 209
175 180
233 258
104 268
125 276
15 224
97 136
283 287
230 241
158 295
144 199
18 87
58 78
111 269
116 259
18 285
37 90
129 233
149 230
6 177
101 253
191 266
231 276
178 224
65 207
10 15
233 267
90 298
143 292
247 293
33 87
87 156
235 255
216 252
146 155
8 200
28 155
48 111
33 192
57 279
61 93
136 215
84 162
124 246
272 289
4 291
232 250
233 268
105 140
197 286
134 159
51 130
0 298
109 136
10 223
124 158
55 182
153 186
154 229
101 239
272 280
240 274
130 154
4 298
167 259
81 115
136 173
152 290
284 295
90 114
81 285
44 90
191 208
67 267
50 186
132 258
117 263
12 194
199 218
77 111
14 149
15 265
35 48
162 239
54 289
97 148
187 278
44 194
248 296
48 133
68 200
1 17
104 177
57 298
57 221
55 132
77 151
43 267
80 202
28 279
105 214
15 92
18 144
44 298
49 68
39 172
52 184
53 225
127 275
129 283
117 265
7 229
100 140
29 265
49 125
31 37
90 220
186 190
7 60
49 206
146 246
58 116
223 297
68 77
159 278
220 256
78 226
117 274
125 157
204 217
258 299
207 257
108 202
39 162
44 175
30 291
39 51
8 146
45 275
191 244
35 206
82 280
85 194
174 263
105 201
37 250
114 137
25 85
49 111
32 33
70 114
4 79
7 50
11 55
50 198
145 151
56 225
53 75
159 260
199 294
80 182
6 121
107 210
179 266
72 261
0 34
40 153
111 221
38 66
188 224
5 283
190 196
84 260
141 278
75 203
22 123
167 236
104 148
176 252
34 246
10 127
105 187
240 291
185 243
49 153
86 230
59 285
169 250
79 269
128 268
2 119
41 48
7 177
10 151
15 17
245 284
179 280
8 80
