nnodes nedges type
300 2000 graph
nodename posx posy weight
0 6.364700889879882 6.253048631256263 486
1 6.375164566854242 9.624528576004938 306
2 6.907275550146002 8.861552239143482 406
3 3.9681182582900427 8.6929181560255 333
4 3.346493412483958 8.648987596920357 326
5 6.94346072553976 8.515740711333695 368
6 5.81790400457841 6.992532601896677 53
7 4.650143552851544 6.7629343150337276 304
8 6.124109938506016 8.381676438302266 278
9 3.9193683660310663 8.561862497329743 253
10 6.706033890546396 8.015508187227217 452
11 4.863977251474904 6.380302887509967 499
12 4.195472307036504 6.6147073319595195 15
13 5.094782714236367 8.310606620161138 117
14 5.997638386238387 7.646896672994365 71
15 3.8006670173111754 7.868673555596766 167
16 6.048677939821896 6.557403381422179 126
17 4.450943924412884 6.422002695540382 322
18 4.966341013088093 8.60435600208722 446
19 6.333810360413744 8.959482862391015 148
20 5.970879427207694 6.928444460160823 16
21 4.640850662775655 6.2765193397152625 92
22 5.400143781353159 6.550463179379467 65
23 5.161090024528929 7.361542843786314 16
24 6.441028275032286 7.179985716235924 251
25 6.778286576982507 7.363815255149328 5
26 3.582404335934823 9.120645994199208 95
27 6.092315188191385 6.106573936279766 271
28 4.76527234200628 6.162142449928745 118
29 6.1374289077511195 6.53019526083593 397
30 5.351849928299739 7.040320555181649 383
31 3.841068915183622 7.380269298602507 455
32 3.3859235812740214 7.699681851386157 22
33 6.647320356240894 9.039002407190251 122
34 3.752031865134403 8.2671323714443 444
35 3.5282852935932296 7.208239825457535 279
36 5.362004166398686 6.713397717135034 495
37 5.674197085602959 7.404696033466131 295
38 3.9799829869519154 7.823133450524815 413
39 3.858636152357537 9.23686363219348 366
40 6.649903560881164 6.696427543989592 89
41 6.586733618725245 6.443516614659448 58
42 4.135329937582925 8.38202707145204 199
43 4.922829467601147 6.143414097326835 37
44 5.101541282765109 10.265574355017666 186
45 4.043850542357674 6.66258120097465 167
46 4.917334811603458 6.593777784476214 325
47 6.631117758862854 6.930480015858194 277
48 5.98723628826347 8.077967974521966 325
49 5.554031420363988 6.363826762337264 119
50 4.428347980204748 7.757303063870858 84
51 4.842103586876792 8.978782925463907 20
52 6.941003823331997 8.063053898660987 189
53 3.793812023992532 8.447750806015694 204
54 6.47316976087391 6.798444146112178 124
55 4.246517785574586 8.933761151248849 444
56 3.561368375606871 8.427435202256108 410
57 6.668611957111276 7.648434234933239 104
58 7.095509715801848 8.483021661182306 70
59 7.208142707552479 8.099259568613544 220
60 6.0985129224709675 6.952957552708149 185
61 4.879602482946282 9.498485157673041 199
62 4.1430756637898325 8.690630939032845 386
63 5.702255565906395 8.000150388017591 279
64 5.760362439276003 6.8501354962432215 151
65 5.248607203107114 9.234884389797287 173
66 4.6552987298168755 9.444251812918 481
67 4.648720485117444 7.104341062274247 69
68 5.980070723734204 6.750568156192012 323
69 5.670989590865601 8.340056609568363 347
70 4.021399082995452 7.979328956334538 309
71 5.39808473236828 8.486372722472023 246
72 4.626210821887248 6.074300970888856 154
73 5.859545603208176 5.969574495653196 92
74 6.245662976502584 8.07985992565373 407
75 4.403140194210074 6.657428657011408 298
76 5.9958633951800575 9.572250421498044 52
77 5.917171129421068 7.126253437672256 476
78 4.813306010630332 6.86574665632661 481
79 4.103635483974715 9.322928169156146 284
80 4.015959162287732 6.964761032162278 286
81 5.185497298352766 8.666593678851502 375
82 4.61354750894251 7.925005305590639 444
83 4.021961574934574 7.119240586323009 457
84 5.132984772055721 6.626926819307743 65
85 3.7521607415166143 8.165367637779806 278
86 5.24179430401392 8.105628449033908 85
87 5.106917731802757 7.049253099966478 328
88 4.346989986418059 6.505799422721003 6
89 5.745048171969441 8.844455673509835 320
90 6.771453432369697 7.655882932673791 343
91 4.848687734356209 6.74475814779457 157
92 6.62544460599891 9.16369058820616 122
93 4.864007927800476 7.505696766518274 178
94 5.6296040155076055 10.11455077385632 234
95 5.823570969550214 7.698957519114098 478
96 5.310431539862734 9.489494083194979 307
97 4.084126958375486 7.057315623485268 464
98 5.843676197379231 8.44670640640391 404
99 5.950330687348696 9.69432268615072 80
100 5.782626766205628 9.051721527856245 234
101 7.019799558126513 8.254130190776237 38
102 5.2987705912028655 6.335040951038244 413
103 3.4542485394469673 8.81772536187544 278
104 3.5393512410191685 7.408880361226363 108
105 4.9531045826247295 8.705131043493013 202
106 6.75947602376633 9.336444957307226 251
107 6.945078923151927 9.223380649227598 482
108 5.177443136550813 7.8905093095379195 333
109 3.888979307237759 9.110239533602916 158
110 4.328025886807707 9.440813385871566 452
111 7.025274698860859 8.730585084645574 164
112 4.324707039183504 6.227276542866208 253
113 7.078360839076655 7.075951562660052 194
114 4.457572825999076 8.132616750915366 478
115 5.143911924315149 7.709922566198535 290
116 5.741623744191055 6.6021143185984945 57
117 5.411435627011688 10.020476589256111 170
118 5.458487941052538 8.64423336992537 461
119 7.160092400625731 8.690129510032092 350
120 6.0355858524512165 7.9426834755082085 284
121 4.913368747741686 7.019840327811971 23
122 5.639599082634408 7.228558775890272 234
123 7.158828391547189 6.84755864897483 395
124 5.3359538191001255 10.236431396577071 169
125 5.735200428843397 9.476420578824582 31
126 6.506676246608618 9.324950800143167 482
127 7.016214265231241 7.778340434186657 255
128 4.825290757817201 7.237395166414456 301
129 3.6278591732920167 7.902759092045528 164
130 4.634745212318624 7.428065314584806 482
131 5.4672585981748725 8.777724768828207 88
132 4.180381462151022 7.459805481003888 207
133 3.9648098876683093 7.266980545673467 312
134 6.736079405896268 7.849906769902483 416
135 4.998922792199003 9.147217753716687 373
136 3.9464925791948615 7.639488331821042 346
137 3.6720537684544725 6.964820190925659 45
138 5.579291077723142 9.49929765000988 482
139 5.076039381254966 7.473083128867572 225
140 5.341702401260297 7.506267968336207 457
141 5.448183013013266 6.18958566393133 190
142 4.896413182653655 8.360452091441278 360
143 5.119783735272135 8.00075426251367 189
144 5.529280287428641 9.123717502566809 65
145 5.5930801589039865 9.693667518301455 8
146 7.1260970610798555 7.544159787397101 184
147 4.46136157435759 6.9703809096637 344
148 5.7747544821515575 7.883723252700056 410
149 3.8441076786756523 6.834694157159296 309
150 4.602853802364571 8.138291423623832 359
151 4.841210905828904 9.236403941534334 268
152 5.986820259550832 8.707526271700251 24
153 4.852148072442916 6.506438811326002 306
154 6.054205023417315 7.3115242720769045 356
155 5.542156043485969 7.604216438474176 478
156 4.023531079514477 6.315044723324092 99
157 3.9722365752656095 9.259179017538708 41
158 4.611703551294766 8.263234833554534 67
159 3.6874245263014727 7.5277619236694875 170
160 4.550867570455987 9.340696262026826 127
161 3.5009418306508135 7.996044775435292 268
162 6.062105455081099 9.350594250976513 169
163 4.409796424673072 9.60676171944054 221
164 3.3766580139657965 7.987161941544283 202
165 4.478678365414502 9.75540124821032 230
166 6.431538517259715 9.70775830838557 460
167 4.331819572679027 10.004672520648151 242
168 7.165473678275954 9.086592738923924 318
169 6.6300113240861 7.250428493902509 353
170 5.017411766094938 9.927893803180273 188
171 6.415283546645879 7.4214576280325355 148
172 3.7752634269593686 8.649799294090625 495
173 5.238845394588419 7.230273484872605 449
174 6.507318198173027 8.5352271476874 118
175 6.891042929415691 7.83899799165933 338
176 7.1170474328342666 7.596448072979324 160
177 5.607558697082955 9.363905431416478 490
178 4.478225519732872 8.584131170036411 150
179 6.279861055786957 7.789335624735528 127
180 3.2447554765981352 8.28149438413203 267
181 3.17917113063366 7.35758291848309 105
182 5.112106152838381 6.5009984123186895 31
183 5.131719505886663 6.25073203458219 453
184 4.378972647998281 8.274729621558816 191
185 3.7875956557275643 7.593038139809842 194
186 5.589939555476058 6.449102162619392 38
187 3.5717314152725526 8.975044148437382 157
188 5.787569141734119 9.71155125761444 367
189 3.6701181565392673 6.383643682793756 196
190 6.56389333857094 7.922583046633803 205
191 3.5258389697701755 7.744789099608525 105
192 5.272658284344936 9.004919579186591 103
193 4.709801737946643 7.729859143658729 78
194 4.450103387520583 8.899354614323311 158
195 7.028042387837198 8.10250429912216 190
196 5.859980473666751 9.005296427972459 368
197 4.975128330865268 6.884951061396989 282
198 3.585193364039198 8.296729811849158 197
199 6.639435714155156 8.217212792130193 67
200 4.5309393233922055 6.568295109571854 286
201 3.766249279951414 8.077027499964657 338
202 5.448881853501139 9.71370871120504 333
203 6.820479402105345 8.225285380745607 182
204 6.095442995166173 8.547524680735684 280
205 3.205662739670914 7.579055665951717 3
206 4.282402112509388 9.351572397450795 128
207 4.27794643943162 7.234600943408049 168
208 5.707364338223037 6.354326996648951 298
209 6.914407217214458 6.941126791149365 156
210 4.596477447767913 8.93813408849882 96
211 3.387474376687803 8.128225523505433 163
212 5.799164625789462 9.340419556183791 247
213 5.489059025305893 6.0701302522836125 328
214 4.439628340031094 9.123212180639594 372
215 6.23102315561187 8.769616017196583 145
216 4.460063708144046 7.0701445356549115 304
217 4.791778257987353 8.108601147366434 34
218 4.436991736277448 8.709404297843692 188
219 3.8455453948703813 9.674869775242783 481
220 4.6211215270751715 9.878456314043401 39
221 6.565549415541167 7.522074659004353 276
222 6.455144147025649 8.7611278267657 373
223 7.222127436370492 7.925357858951239 335
224 4.2741338069088615 7.806984174205619 124
225 4.603579258514736 9.117255012330755 408
226 5.423149330537718 7.267194132846504 439
227 5.227307673585901 8.25687270580231 130
228 6.391273557085856 8.549191779490242 71
229 4.75136011414157 8.608214923389593 28
230 6.350876632052785 9.245092167595448 157
231 7.110197732441904 7.412104685530262 171
232 5.852617523464915 7.4682917043106 467
233 5.8440656017178485 8.146231769814937 251
234 5.385934022933385 5.923424762639678 447
235 4.367634982372588 7.4043842882920785 423
236 4.0711668517607436 8.890180941370273 186
237 5.306099813563105 8.906612484472213 86
238 6.516026151884476 8.852318795943484 500
239 6.305769095384782 6.847805507642436 284
240 4.382922016943191 9.161557194360332 184
241 7.191607414114947 7.238586072910951 19
242 4.229402501194249 6.937405011617418 82
243 6.805054104405241 6.801081040810308 212
244 4.524350467015443 7.803814627168047 11
245 4.894420626983077 9.69514312855445 72
246 4.685648263350377 9.60857670643296 336
247 5.280739334873146 6.848467830153813 125
248 6.209274613351672 6.110825662064058 327
249 5.695889824992327 8.651444387081604 35
250 5.445121743801908 6.981438009690667 111
251 4.136810941432142 7.605191009832543 1
252 5.9226311634926185 6.292678390944038 45
253 5.539523020179146 8.5479135203426 492
254 4.835039480094188 7.787235622642914 325
255 6.171182488813972 7.076206833215137 147
256 5.687524033427455 6.079780477090839 389
257 6.477949884497392 8.403347482150323 304
258 6.088453458895395 9.428192031600553 189
259 5.135728580649898 9.23766072305054 486
260 6.120544294196181 8.655225138230698 302
261 5.0389883829230255 9.351038119326049 481
262 6.41523937322025 6.5448213393008965 378
263 4.2343004247400255 8.041197969298562 393
264 6.285167215762023 6.744307269818023 260
265 4.940169276907077 8.931435913589839 324
266 6.4449858842514125 9.558205037242423 476
267 5.120620416002159 7.632856124247749 149
268 4.7265691725884 9.874779888914867 354
269 5.545831443882719 7.874093867034062 185
270 6.327571893426676 7.290128168992861 29
271 3.5038517780320233 8.518621015347284 23
272 4.2159905464765455 8.575416866829311 447
273 3.754972827909533 7.175103864568652 384
274 5.0721347012729145 5.884730042471334 387
275 4.198546766466345 6.845125174200898 251
276 4.684325501513129 7.225383959590834 327
277 5.924242057143846 10.019751446934634 114
278 6.089394144397035 7.472271707315033 60
279 4.033479656873344 8.984267278701 380
280 5.206993392872579 9.658528632112956 202
281 5.514283255115202 8.339206285046155 499
282 5.106838575397709 9.692826341309102 261
283 6.337088652031433 8.216844530819936 380
284 5.680142355653059 6.739019067151992 192
285 3.938394865483554 7.4782581205230665 467
286 4.044703840399819 8.25570609185931 390
287 6.577258248804841 7.140315476151696 320
288 6.212358522287026 7.573371227805539 443
289 6.081966475896859 8.92609389250822 261
290 6.137591587210557 7.9018581566869495 89
291 5.418702903489821 7.880303243349257 280
292 6.762487409737587 8.474802753343097 93
293 4.849388391162349 8.571732049282293 87
294 5.447684231476307 9.856791497305059 324
295 6.406844344633437 9.066815275121265 420
296 6.04851138778945 9.178002531769735 359
297 3.8547175108151417 8.822240413153779 368
298 6.9882151861998745 8.83650114713145 205
299 5.463201093128938 8.198592963731997 294
endpoint1 endpoint2
88 147
69 260
145 233
54 278
1 215
79 266
251 299
141 264
35 285
217 239
146 264
92 135
41 57
151 164
100 199
17 64
199 269
38 149
40 255
155 222
193 263
102 182
157 206
86 129
107 268
130 272
63 228
159 218
53 62
148 297
4 35
98 194
26 208
54 87
1 89
4 178
137 173
67 89
14 286
144 265
34 114
20 193
63 237
66 204
69 246
92 230
59 288
4 42
22 148
42 296
267 287
88 272
77 199
178 257
127 299
84 254
233 279
258 280
65 148
175 278
170 236
120 238
121 224
267 276
129 158
95 225
117 148
99 226
210 291
104 262
105 152
122 291
234 242
184 269
57 78
166 173
6 256
61 187
227 248
12 174
31 82
17 189
36 292
24 292
115 229
8 115
84 115
194 258
184 276
183 292
122 224
32 275
75 154
263 285
17 37
20 118
223 228
25 101
172 268
100 292
155 179
49 95
30 75
20 229
48 294
194 285
126 277
235 254
1 13
184 283
194 195
30 144
16 121
37 66
220 294
239 250
75 147
220 249
60 293
175 212
268 282
18 164
199 231
172 267
46 276
163 216
26 151
32 103
3 253
185 261
130 232
80 221
62 93
248 249
10 175
11 250
31 184
179 291
58 262
76 105
24 127
64 214
138 203
197 262
222 278
207 221
52 260
143 239
58 88
46 68
28 234
50 187
126 150
6 155
104 218
89 170
16 134
250 264
222 281
173 278
120 169
122 149
51 147
2 158
11 155
104 178
50 178
47 71
95 203
81 211
100 134
174 243
103 187
106 237
114 294
24 77
23 47
66 133
50 75
182 185
2 230
76 289
114 236
56 205
223 291
152 235
81 187
244 273
71 186
42 115
61 96
27 48
154 255
121 256
180 229
82 109
62 193
69 294
107 127
34 264
108 204
19 270
241 287
115 207
87 184
14 23
120 294
139 265
50 164
159 273
19 57
81 205
100 180
12 232
86 99
16 235
17 243
91 133
173 257
122 174
251 270
89 95
281 283
118 210
285 291
1 289
130 199
121 274
186 267
42 244
60 78
118 267
68 158
143 278
39 90
119 296
237 296
57 143
75 213
29 241
54 251
79 225
179 192
182 234
20 46
85 187
273 276
3 191
163 293
152 199
178 282
19 76
27 28
36 275
205 207
150 271
133 205
62 253
134 213
48 193
66 224
68 140
69 282
86 231
45 236
193 227
266 292
50 249
113 276
22 115
107 278
19 194
38 226
23 65
135 214
211 225
48 269
42 295
170 240
152 283
95 100
192 242
53 165
25 278
151 167
8 143
101 222
106 171
41 73
140 267
180 207
37 157
20 59
293 296
134 199
13 100
53 61
169 235
205 263
98 268
55 261
113 262
191 272
29 213
16 182
238 288
226 238
6 90
14 287
135 196
216 226
87 250
72 252
145 218
91 264
57 67
21 45
50 226
177 295
128 274
131 168
178 245
52 113
199 258
164 288
55 196
127 298
77 87
12 185
248 256
46 183
84 110
120 128
69 254
180 279
145 294
1 57
184 263
111 249
96 249
84 288
29 54
12 82
51 217
6 197
27 64
178 236
202 230
40 213
80 129
6 84
135 165
107 175
72 155
42 197
64 122
138 167
92 245
57 77
23 218
99 157
98 281
70 211
73 77
191 271
196 269
33 165
66 167
175 182
31 93
90 244
112 254
133 275
45 194
195 237
195 288
13 281
174 212
11 207
136 161
63 179
157 170
250 252
89 199
253 257
17 181
5 135
160 261
4 158
172 194
64 278
225 261
227 233
85 139
140 221
253 282
207 215
70 181
143 225
142 237
10 221
67 260
100 299
134 148
21 83
98 240
25 144
23 254
134 295
32 238
71 199
36 123
129 242
37 196
77 109
82 120
89 218
27 284
145 169
23 247
28 226
123 292
41 121
43 269
64 182
82 115
139 248
3 66
50 219
52 267
141 240
128 230
81 269
50 170
53 239
93 270
114 149
49 115
143 259
74 77
164 207
27 234
47 231
74 259
9 225
30 244
131 233
132 249
8 295
15 172
81 93
236 273
109 210
147 150
168 241
22 252
3 176
138 290
148 255
117 163
191 246
29 247
177 214
220 281
41 108
117 281
63 264
103 161
106 199
17 235
17 132
35 46
187 251
25 196
189 211
212 225
67 148
51 238
126 299
57 142
39 42
98 175
260 277
10 227
121 169
13 289
17 83
71 160
154 284
135 281
14 256
23 50
45 97
5 281
152 270
142 162
3 207
177 192
124 201
131 220
61 131
193 267
13 224
14 214
268 291
25 37
118 282
141 188
147 173
113 186
168 230
59 287
152 277
23 184
214 215
52 246
54 91
95 143
188 291
4 206
8 137
104 157
252 269
71 150
38 144
58 249
131 197
67 109
31 115
92 99
38 227
118 285
71 105
111 237
188 240
55 271
129 137
274 284
149 198
20 275
26 70
47 113
225 238
6 96
174 289
92 122
280 297
158 206
69 267
131 277
169 234
84 275
122 202
12 93
129 130
77 204
78 95
99 246
9 15
7 161
33 145
196 238
178 260
275 281
114 284
61 174
10 22
102 175
39 225
59 120
62 151
68 250
94 260
5 162
23 199
29 60
30 186
32 181
213 250
74 237
75 233
77 197
95 250
18 190
19 107
41 186
24 30
197 295
108 134
0 7
26 177
62 158
51 171
87 242
26 32
45 207
218 254
94 158
150 193
64 258
157 294
179 188
261 280
133 152
227 245
39 151
205 235
23 100
26 184
12 256
3 136
116 263
23 213
72 122
148 183
3 281
132 297
131 153
151 202
99 237
7 140
17 34
202 238
60 128
206 210
262 288
247 297
28 104
122 296
93 249
115 148
8 196
2 43
28 270
105 255
40 281
14 135
276 284
24 226
69 232
2 179
43 95
26 61
99 138
120 261
98 296
35 297
257 298
3 263
153 182
10 162
142 261
76 108
251 254
89 207
262 274
48 138
58 95
21 73
173 179
160 285
151 209
153 191
102 234
33 260
179 293
199 222
18 157
93 290
240 277
185 193
49 79
233 250
250 271
162 294
15 269
74 81
165 299
115 250
51 140
87 175
70 173
90 113
249 267
106 298
87 284
149 254
206 268
160 222
161 267
38 211
40 270
6 40
82 121
228 232
61 221
50 78
13 90
108 216
165 212
76 292
115 195
47 208
49 209
69 195
223 292
4 229
55 129
206 279
63 284
29 156
87 95
16 255
142 286
18 143
21 130
132 155
65 168
137 235
112 274
113 228
24 265
47 217
74 210
50 286
69 93
150 246
8 289
6 139
154 253
10 70
102 159
88 179
87 197
164 200
148 258
8 31
56 214
146 296
166 240
98 154
99 175
118 217
46 95
129 273
59 208
132 250
5 116
12 234
33 288
89 131
204 212
134 230
86 208
15 220
108 197
74 117
183 224
96 202
187 229
116 133
47 239
29 69
54 119
146 236
94 206
76 160
171 252
7 71
27 147
13 156
77 191
154 274
82 279
63 267
64 156
62 102
105 206
231 288
36 239
43 128
61 225
229 282
283 299
50 114
14 116
71 125
91 156
54 256
112 263
38 78
42 133
5 287
138 298
214 218
54 78
223 280
46 105
11 185
106 188
70 275
71 163
136 235
139 150
31 140
107 215
38 246
6 15
99 117
192 230
213 229
270 291
109 265
146 222
6 228
232 279
11 190
51 103
221 299
133 186
64 234
82 265
83 237
121 290
100 163
184 254
194 299
45 234
121 201
29 80
50 247
128 218
94 163
191 236
11 183
16 186
217 276
121 299
186 233
45 82
88 150
18 116
164 235
38 115
21 25
209 284
70 245
128 262
237 273
8 177
104 133
217 285
201 251
42 71
60 253
6 97
193 260
218 260
1 188
39 235
211 287
216 285
27 199
171 209
6 274
153 267
11 165
20 93
64 255
83 128
85 236
105 147
18 215
204 238
209 253
135 198
45 68
85 93
192 194
32 182
88 275
74 234
126 222
200 273
19 106
114 276
226 231
100 266
136 142
139 171
88 252
182 207
109 160
57 74
166 169
39 110
120 241
48 126
68 113
132 291
8 166
104 250
12 35
221 243
51 258
111 147
80 274
210 247
281 288
129 289
80 235
153 171
119 138
231 283
18 177
37 46
208 250
79 210
107 166
0 22
18 192
111 152
3 99
115 230
114 204
206 211
97 140
262 289
216 249
76 144
142 144
270 272
167 184
78 184
82 250
101 249
174 218
252 288
76 118
176 287
13 46
182 208
38 62
24 227
49 282
145 271
2 176
132 280
150 235
61 89
60 288
263 279
13 214
160 193
35 185
221 222
208 232
61 202
101 115
162 217
25 28
53 97
256 269
76 134
98 247
118 242
51 55
131 143
150 226
126 253
53 259
208 239
62 211
139 204
68 190
86 181
253 273
276 291
169 175
21 224
212 267
49 223
105 266
90 126
56 194
241 250
98 142
150 229
78 141
63 278
102 226
29 130
126 228
127 254
118 290
246 279
85 155
1 228
189 205
120 172
163 261
120 283
61 100
179 233
15 88
102 116
87 207
90 209
8 25
62 172
93 213
11 149
30 243
78 159
61 125
151 255
82 290
86 111
16 247
185 219
186 203
69 291
141 150
241 284
65 81
45 133
70 151
10 255
232 291
87 298
55 150
42 121
0 40
158 233
93 182
111 203
115 217
152 258
190 222
89 92
87 178
27 146
13 155
127 269
54 231
9 121
7 215
63 266
160 251
144 298
56 60
25 89
61 224
62 246
63 204
48 214
283 298
144 244
259 270
7 46
120 200
9 128
29 93
34 136
260 279
81 163
178 286
56 84
55 228
57 253
154 215
135 283
84 223
127 155
20 41
206 227
133 193
150 267
63 245
65 139
66 228
13 118
96 217
84 256
178 281
196 243
34 242
53 193
36 143
96 295
78 251
136 147
135 272
156 206
10 123
86 139
15 133
182 224
19 190
20 48
97 280
45 88
46 158
8 60
226 290
126 170
1 265
71 289
18 226
19 199
130 277
36 261
48 256
86 253
219 297
93 154
98 199
266 298
30 259
77 209
95 246
127 289
221 231
132 198
261 299
189 275
155 210
14 283
155 284
159 198
2 210
241 298
166 188
97 208
193 242
11 87
237 265
92 154
119 190
191 285
55 200
40 234
37 50
77 91
278 292
12 189
90 230
144 184
36 267
73 247
219 295
94 266
96 229
151 268
194 251
177 292
80 254
117 151
171 201
28 291
18 188
53 293
20 101
110 228
44 229
190 284
65 104
46 186
131 261
170 293
85 268
179 190
0 97
201 237
19 114
222 224
132 179
80 132
226 255
65 240
155 185
72 158
62 135
64 125
48 231
67 216
146 162
21 60
244 299
171 182
37 92
151 196
64 283
173 215
7 142
198 225
18 174
78 289
276 279
114 205
115 233
216 250
33 81
142 230
5 155
192 296
69 126
56 157
129 236
60 298
154 291
263 281
38 172
77 127
157 167
107 158
0 238
1 144
159 163
235 242
219 259
23 229
160 280
13 271
224 240
59 177
80 218
101 225
51 94
89 279
17 18
181 185
35 184
76 110
23 28
136 171
144 155
48 140
29 102
284 293
73 148
91 213
145 263
240 254
166 202
81 287
62 267
9 202
122 254
13 264
69 96
17 122
128 131
38 272
62 65
68 296
12 192
14 228
198 202
19 142
203 288
31 53
216 288
180 187
236 296
113 232
169 174
143 235
22 70
25 290
98 143
121 137
249 265
50 183
106 296
217 299
37 112
75 133
57 223
11 247
161 198
184 214
204 284
134 243
103 271
91 178
24 260
177 282
69 82
2 13
75 186
121 259
105 217
141 156
236 286
112 276
111 196
222 260
5 290
47 278
32 128
81 258
134 276
83 98
191 205
52 133
57 233
168 292
105 194
15 160
37 243
39 211
39 286
229 278
49 112
31 32
69 290
290 295
91 128
29 74
70 148
232 292
52 140
36 147
61 117
100 176
66 96
125 152
17 247
132 139
9 269
63 198
140 251
40 63
226 278
190 223
49 250
212 229
32 158
237 299
148 250
167 245
8 151
192 281
33 241
10 118
179 255
23 54
44 268
28 35
91 299
19 288
9 135
63 92
67 153
26 104
9 16
177 204
52 146
257 287
77 182
154 212
125 170
35 75
127 154
110 198
38 244
43 251
83 288
48 206
116 149
99 119
7 38
190 201
84 257
67 158
30 278
49 244
69 174
7 183
36 136
158 176
180 197
165 279
79 155
28 49
48 266
88 256
70 240
119 171
11 169
125 203
217 282
36 183
130 172
133 161
102 176
30 102
158 187
86 131
34 125
162 166
114 175
68 247
34 291
70 88
18 114
73 287
22 159
115 180
100 125
10 264
177 297
71 251
59 134
264 285
178 255
197 252
38 142
40 228
203 272
189 274
157 201
89 230
39 229
258 259
61 259
140 150
70 83
79 286
32 177
288 299
35 265
52 199
56 130
71 240
81 142
191 284
174 188
177 232
103 110
124 292
133 147
105 145
15 147
204 291
96 119
39 297
120 125
14 89
145 289
116 233
69 130
142 189
57 176
172 218
196 283
198 244
109 124
36 172
20 102
132 181
5 65
225 253
208 270
228 286
83 139
233 282
76 269
138 184
159 183
145 215
109 158
80 103
9 173
150 196
153 283
8 168
226 252
63 137
110 236
22 200
60 123
150 294
216 244
254 289
131 269
96 244
215 245
56 151
227 293
85 276
197 208
235 293
75 290
41 169
79 220
83 153
10 14
13 51
108 247
0 232
271 272
62 143
138 273
50 56
91 198
224 267
93 103
76 225
43 293
289 296
83 158
138 194
103 227
86 185
197 287
144 165
259 289
4 100
184 288
3 251
81 293
118 249
37 77
185 263
174 227
23 31
81 124
65 218
228 229
157 191
19 249
222 272
22 262
64 67
173 287
29 101
105 263
92 222
3 224
116 212
9 201
192 295
57 290
4 129
80 210
136 196
101 233
11 241
102 120
90 262
108 220
110 136
40 68
42 165
207 216
62 160
262 264
70 160
147 239
170 257
134 283
120 278
102 273
123 252
16 108
55 133
41 116
15 93
37 192
114 159
23 45
246 277
83 181
112 286
111 190
8 20
120 174
215 289
141 243
4 224
152 233
44 79
117 212
120 285
8 227
69 81
2 10
38 259
84 197
24 82
86 197
108 210
24 193
188 218
14 17
74 260
79 96
121 154
160 293
19 55
2 5
132 254
242 276
154 248
10 69
155 250
121 267
35 87
258 298
225 293
63 216
14 105
143 271
24 275
22 290
187 225
30 290
1 101
35 207
127 262
129 278
231 292
33 293
125 151
161 275
58 295
204 266
6 16
15 217
91 152
236 269
7 51
212 230
75 211
183 274
77 299
152 254
79 118
47 89
30 227
36 155
57 250
130 192
82 201
10 119
102 140
268 297
179 254
36 234
38 242
204 206
48 200
34 279
144 246
14 123
59 261
22 139
205 286
28 83
54 77
44 51
101 174
46 108
30 234
178 211
53 198
137 187
157 253
103 218
140 283
20 43
243 290
283 293
68 130
236 259
19 296
96 219
226 297
193 237
266 294
72 84
166 280
95 130
98 162
31 225
178 202
200 248
75 267
42 80
15 135
1 167
55 108
185 245
44 259
135 212
229 265
13 109
71 108
183 200
188 245
30 286
95 139
6 295
177 253
13 132
124 220
125 202
108 149
180 205
185 254
97 279
88 153
87 227
100 126
120 223
11 80
67 143
69 159
16 37
74 298
128 281
20 287
151 162
6 213
153 263
26 66
108 125
71 139
202 246
261 297
135 181
157 200
16 195
239 257
41 221
207 232
66 258
140 151
216 224
73 204
91 253
146 183
254 269
97 214
29 63
195 244
177 289
79 83
27 73
10 131
125 220
56 114
203 264
233 272
169 281
23 82
229 292
48 235
70 75
131 286
39 114
25 173
122 209
47 146
255 287
202 290
81 134
6 264
171 260
85 257
30 201
31 197
31 272
137 216
162 263
17 197
114 217
190 258
65 110
47 155
122 216
69 138
75 226
78 173
6 190
9 61
126 196
265 276
72 128
162 286
37 179
97 136
84 114
105 275
90 153
184 275
3 140
98 233
13 283
242 255
7 136
19 125
40 193
58 160
13 50
108 240
42 201
64 118
85 117
89 114
91 217
21 67
166 222
81 291
119 239
67 285
50 136
195 295
70 207
71 215
56 159
61 93
210 271
231 269
225 263
79 164
100 290
86 190
108 290
97 154
96 131
77 276
27 189
192 289
47 182
72 108
142 158
128 142
5 19
8 265
136 275
103 138
33 263
15 78
50 88
162 299
22 263
53 110
163 280
21 85
22 77
98 242
51 56
185 271
257 295
58 202
43 274
12 194
36 200
185 197
203 290
130 149
60 169
82 122
63 172
49 67
85 159
13 93
144 148
222 280
22 213
64 91
22 68
117 202
244 265
191 217
56 180
92 280
4 137
154 247
161 196
161 271
53 265
208 217
44 298
232 239
50 74
139 198
90 270
42 173
49 213
52 265
170 188
12 97
30 143
87 273
80 193
193 297
157 280
33 298
110 296
147 286
21 142
39 212
86 218
159 240
109 219
91 141
112 278
113 152
21 255
7 60
158 269
139 278
34 237
78 226
52 54
0 84
41 291
82 103
265 299
14 110
38 80
188 210
73 182
146 241
94 203
95 150
81 182
6 247
106 259
131 236
82 280
245 257
184 237
65 190
28 38
63 192
45 106
135 232
34 285
110 165
69 186
0 260
149 173
99 261
119 222
249 299
31 242
33 247
13 152
53 252
200 203
130 193
59 237
6 121
161 299
18 244
118 269
134 221
90 169
54 260
152 268
69 163
141 278
227 276
176 252
124 258
200 242
55 225
150 159
80 173
137 186
161 249
15 185
36 274
206 230
65 136
66 227
68 131
73 275
168 228
63 71
266 295
51 250
34 158
142 167
215 221
54 69
74 242
149 191
46 116
123 169
35 229
201 205
168 258
16 257
161 293
