nnodes nedges type
300 2000 graph
nodename posx posy weight
0 2.7028611544656496 1.3727374572076139 414
1 3.4561598320032205 3.1196807114745218 399
2 5.492104416964542 1.9682819914036278 287
3 2.2462868485887975 1.145139229061844 279
4 3.9863122542757985 1.6681942067344866 325
5 4.319558235029709 1.410596730825377 325
6 2.1255101139991894 0.18491423308259 249
7 3.433540781101856 3.4315163641773525 239
8 1.837357965832421 1.8942199977016934 217
9 4.287044025465827 2.674480642656158 308
10 5.136294203902955 1.1237371359543882 336
11 1.5424162550669136 1.0613177583150575 464
12 1.4890555886846086 1.878075995677644 83
13 2.247695222304913 1.0436763019850266 303
14 2.608750471452059 0.1155368123617894 199
15 3.6141037138849903 -0.4346563516878031 376
16 4.576008079498602 0.9663959871263313 383
17 3.8278503878867207 0.1415896482633367 15
18 3.591879914389839 0.6957389869608785 365
19 2.9545046562349166 0.834083489102694 104
20 5.130900889369905 1.5050476729228681 37
21 3.2809057135261357 2.7413834115314115 454
22 4.091568330499841 3.39327017894452 356
23 3.0888470707586726 0.8773891819584477 104
24 5.1328930468342495 1.8559473290282718 271
25 3.853743087410891 3.495493885125212 100
26 4.766904897883095 0.8166747605648438 107
27 2.7167710164391283 -0.2934793954804124 178
28 2.817137626624464 3.0565185376676753 23
29 3.779172655600762 1.3265045846511614 294
30 3.164966893329874 2.0416058753300983 85
31 2.5229219595553305 2.2575321894705542 5
32 4.783064907564649 1.8429479493055803 368
33 3.2922184852416176 1.5029596592921437 439
34 3.737300608835214 2.096042794001367 309
35 2.826021096545548 1.07704837446653 238
36 1.5045848080273156 2.3556368721809395 254
37 4.687701353516941 2.9815460029155965 316
38 4.925998686076321 2.8122014564831246 139
39 3.421836880876427 -0.08968297514252022 436
40 2.3477936785947464 2.4363848972412567 209
41 3.6336237092667707 2.9923081568924714 295
42 3.7443968267653993 1.972581689320287 414
43 4.746511321314873 0.4374985390186964 146
44 4.523591377819631 -0.30866567776129783 200
45 5.3806649721110515 1.6581033005890466 359
46 4.257629985754329 0.008003933938199422 54
47 4.524038470268353 0.16433078525784692 262
48 4.218393970486254 3.1046226053534016 239
49 2.346624454559888 2.215209016506235 306
50 3.3612363857544287 0.2800745831936644 289
51 4.82787530089016 0.140905387843957 5
52 3.6093054974022447 1.3690404527278064 243
53 3.8489815776257963 -0.034990649240027885 407
54 2.4113223792360574 1.5384277546773069 66
55 2.937658205329723 1.2312187089488853 421
56 3.8109694943156267 1.7810378447369588 1
57 2.9271554658069356 1.3909062017177805 88
58 3.0764646193329774 2.178071263046993 404
59 2.1859625236915856 0.2899785442787882 400
60 2.8288440586342225 2.473299155805975 346
61 3.2428905216852764 3.294695024146796 198
62 3.996123195673682 1.2101515523346196 220
63 2.372343404139648 2.0554541940608884 346
64 4.591542973689223 2.583828445694348 356
65 2.7342470546547393 2.0731787794124497 316
66 3.3590044266319756 1.1225080019487148 472
67 3.3910752033929255 0.6465295971283508 423
68 3.3333800869563257 0.7364903376449293 281
69 3.792165131941744 1.031202569478186 214
70 2.5813440947390243 -0.05997266563028905 191
71 3.638308973962492 2.4023597389072084 125
72 3.467880297063157 0.031192245904749626 170
73 2.7049425691115503 3.12884048197531 476
74 1.85601106105261 1.0138523509656554 395
75 4.907987322129263 0.9858485693394552 250
76 3.5394866281942066 -0.302275542186677 405
77 3.2282594982247788 1.1721320878837374 241
78 4.051313734249596 0.8921890330522394 67
79 4.496960930514949 0.9278221975029675 435
80 2.9908742782590827 1.561415794127243 422
81 3.45305123877745 0.9698864455466191 4
82 2.7406800650479846 2.7985761188835756 189
83 1.8878304772633983 2.5062541960958336 289
84 2.6933380964522406 1.8521354449073888 132
85 4.01243577005574 2.612025663554747 99
86 1.7772574565399928 1.6955745519310073 298
87 2.5468087737414806 0.7358843949543572 200
88 4.241964422800603 1.0139387004079623 465
89 3.353045412484897 1.7585797196634758 107
90 3.356195195665568 3.438075603425746 185
91 3.1109924686534236 1.7335637928519405 323
92 3.80572583297643 3.1650989861574486 227
93 4.748608361497487 0.6960771061674385 19
94 1.2029528058164376 2.483139150879702 454
95 3.441536292622771 1.3067224549408505 236
96 3.992378290918813 0.2919212491456687 78
97 2.2813965449276523 2.9937465744106326 332
98 2.991382609919037 0.21252633712138122 46
99 4.476232040135247 2.9771031879710477 281
100 3.1410737089996252 1.479706370562628 111
101 5.144241681657614 2.677406923500566 482
102 2.0297495189810273 1.4052045933134483 375
103 2.697221720409551 1.9638952646190677 416
104 1.944224059091974 1.1319798303306272 424
105 4.985342140696031 1.6829919206244794 490
106 2.994871218317605 1.8245051987423344 24
107 3.980375053434641 2.8141533362377364 111
108 3.7905644693595035 0.7451044351774889 408
109 4.547101133135484 0.026627309523725374 77
110 3.1736155873239897 0.576977165512206 486
111 2.3902822298891713 2.854214219232093 236
112 2.980674035986443 0.5731360788625095 454
113 4.231828672167693 -0.4180294719921507 427
114 3.851292426827142 0.47862120987397055 307
115 4.797994175351086 1.9840391044344026 16
116 2.288693310266051 0.10005820611770866 71
117 4.723431054729455 1.4736519113730322 221
118 4.734525371160538 3.2118028640295027 418
119 4.375298214461904 2.4882915773731473 483
120 3.67030672991786 1.2543476287371365 472
121 4.3744866010684555 2.3296989027026926 93
122 2.785220861489328 2.3212616773234944 63
123 1.6836293022955908 1.9373645083755378 409
124 4.315457064373148 3.2929903510054532 133
125 4.685631675119499 1.0522444953935237 34
126 2.0960769661502923 2.3829781227549387 426
127 2.795234483041164 0.8068350234682938 416
128 5.006480185927605 1.997111261864512 112
129 5.52419263618043 1.0267487894277303 441
130 4.275225779970839 1.8507446678786312 347
131 3.181219801551447 0.013312487075298082 243
132 4.18065514189926 1.3032750073540151 466
133 1.4324649041331594 1.104210117277777 460
134 4.38757853516697 3.2684608936635087 90
135 5.522954999195145 1.43959161186217 207
136 2.1291664244317423 2.180352534789843 454
137 1.9552436244507125 0.875085869703627 392
138 4.550319631960903 2.4134588747180605 86
139 1.784535002230704 0.3200973123513906 169
140 1.8772300471956966 1.3331877608550478 77
141 2.519091168515881 0.5243188392831383 189
142 2.0329673087649915 0.38550555543060017 499
143 4.845375729257644 1.1876227462517381 251
144 4.702923491744669 2.7672154524244625 247
145 2.1453564101828353 1.364893550280039 336
146 2.6986682939642916 1.608614713617077 340
147 2.6767543046588123 3.37255888077769 246
148 1.8078481283620627 1.2371910783872715 369
149 3.1843804898628685 2.448366056417591 296
150 4.475195035946768 0.7760801719181921 53
151 3.349448530059792 0.0217043562272033 73
152 2.995187881420445 3.2115216796491035 348
153 3.2666753991683866 -0.39162886934033386 169
154 4.303118922895216 -0.11839200350426882 365
155 5.221964259184487 1.3621319595243884 55
156 4.8868143833207975 2.207451208454836 458
157 4.089701291716103 1.885196867046449 83
158 1.7888139050978051 2.057777478682964 239
159 3.7142090131945564 2.2696026844343544 157
160 2.94667268197634 -0.3500594276944092 425
161 3.081905941386485 2.9543270554432386 25
162 4.948857592061611 2.4802735356381382 321
163 4.533581967299245 0.5445398298164276 117
164 2.4683554107899206 2.789732806338742 111
165 4.628963133845839 0.6626208622000254 193
166 1.9741725086875763 0.5486560051957017 218
167 2.799952743583912 3.63777788045678 159
168 5.089032216341792 1.2370479321040269 63
169 3.1356735306175647 0.14078123695513048 424
170 3.0080984437789158 2.333443105906271 30
171 2.3521264434157594 0.49578242997556893 220
172 3.4937135182162082 2.953498026377643 451
173 3.738491204328229 2.7439506679818746 379
174 3.637645724535712 1.0833573227659836 332
175 2.7740926055082173 0.10604224853979033 272
176 2.1974203279610136 0.8609207569294155 221
177 4.1131907639904846 1.5020921071408249 253
178 2.372588999271705 -0.28679955292335824 307
179 1.928777134862428 0.772986511167616 243
180 4.871411364026539 0.35029398382653637 57
181 2.59125985349915 0.9418710711035674 62
182 4.6440233739520504 3.552108554779495 403
183 4.403632938205639 2.204326784293048 206
184 1.8359603805862537 1.505158326432793 59
185 5.523406151220415 2.2232415920866124 165
186 1.8205619127214683 1.5919531989418338 412
187 4.125050458942812 0.4409016641515166 484
188 1.936717965775925 2.070186226671127 186
189 4.51046602368418 1.743890973965678 193
190 3.598529149882031 1.6007196451205814 168
191 2.52886866844887 2.343046752998716 44
192 3.2480767162097597 2.22528121869527 489
193 2.8545729615599167 3.2259811248631034 498
194 3.9604716863436957 0.5853073244908129 399
195 2.057343288924438 2.9747143387536683 366
196 1.7752249821229191 0.6574540717870786 475
197 1.4010446747969978 2.172072342085714 443
198 3.960903610663708 3.3195269516110675 363
199 5.325740775573319 0.9006139852524323 221
200 3.788713426310129 -0.4961603578782497 183
201 3.9202644028905453 3.238773694658619 399
202 1.8164260892855786 2.8103683100744306 282
203 3.913545286170685 2.661510674347632 325
204 4.733330573246435 2.9115101193355875 397
205 3.8926760963618934 1.5540456771895466 338
206 3.606725142425499 3.2778387936676183 231
207 3.4655282835555035 2.5946309699124597 100
208 3.441480378451641 2.369462415601387 167
209 4.189412881717222 2.0387778018706664 379
210 3.410108723542412 1.925267487153718 491
211 2.3334976115795434 0.65806165737614 421
212 3.148605611439942 2.653581861340769 10
213 1.3539630613344693 1.231485746430196 172
214 2.617139712814569 1.0634606436205938 456
215 3.3168495886765306 -0.25138701725431495 146
216 3.982899066459169 2.366765067192568 282
217 5.587365715570175 1.645403778478958 283
218 4.074595504222942 0.7582101213775044 169
219 2.881987258380463 -0.0995808938135994 19
220 2.705064249893358 0.5577147295234475 192
221 3.405311403999112 3.614004250966955 210
222 2.5240428256098686 3.1902592779928933 238
223 4.790019034484754 2.591102126304925 51
224 3.673904237850792 1.8035824152802107 242
225 1.5790754698614355 1.4910281520884283 75
226 2.2292673149028315 3.3189866326673556 52
227 3.597102126343449 2.6171609690229456 365
228 5.426511397177674 0.4965025800295938 232
229 4.247450933419495 0.18433528434673144 248
230 4.929652284298594 0.37067958782806376 214
231 3.7501893774770467 0.8772190018256633 118
232 5.337775347867301 2.0802333843953256 127
233 5.132933492826223 0.8175534447834126 406
234 4.180252306409454 2.264693465091306 14
235 2.955049409631785 2.9331365123678217 324
236 4.226384967480749 2.5519097490265965 302
237 2.5827252674280134 1.6295761948513923 39
238 3.0773113722582015 3.4496660574439435 337
239 2.959407600096907 2.5461382066916816 224
240 3.0369095302804214 0.4048786060055428 212
241 4.548158929569338 2.0499158133902213 147
242 3.5861119628427387 0.18241648489316967 245
243 2.444566172644232 0.24452648056776527 477
244 2.3713951586839133 3.2591184247306835 430
245 3.492355601490914 0.4578726227839637 381
246 4.01365526771686 2.1310112604776075 469
247 2.5843737638825934 3.02765870342228 235
248 1.9095064137102753 1.7303237755934022 388
249 3.432340174190059 2.814393755622217 377
250 2.255596040970663 1.858667800077677 442
251 5.026635839662475 2.3170642224136113 482
252 4.53719766740764 1.1694988423594415 19
253 2.9583560919033283 1.9967598027980467 183
254 4.333016902801645 0.5539758200417685 254
255 3.0708156562605935 1.1414976938017916 249
256 2.5595577572536037 2.707830405732612 297
257 2.035379625827718 2.3567582421264666 134
258 4.686905516290839 2.1327999834643716 134
259 2.6126814282597244 0.273624690725919 259
260 4.382040582528376 0.39661266943488044 289
261 2.024974122799661 1.6034164970739175 354
262 2.4087945462266367 0.845146662987653 400
263 2.090437427361056 2.783295284714351 274
264 4.14369281531172 3.17809449455789 429
265 5.087340780194357 0.5345908982419424 189
266 2.0362838355049604 1.119171176215719 194
267 2.0338612628868598 0.5499938282979772 277
268 3.2485692078558337 -0.5928803993318662 369
269 2.1562765531519745 1.6034848339168204 191
270 4.61550106166229 0.33481319021047096 352
271 2.058273667252884 2.588761741138417 259
272 4.654233997229896 1.6523991889059597 31
273 4.144745472693638 2.75468388412948 168
274 4.655493187734378 0.11432978162261172 62
275 1.814339389023217 2.2243864769807002 139
276 4.031066730302892 -0.06375263083976045 475
277 3.129764660563659 0.7587441238865981 53
278 3.774737845420837 -0.29147659908711226 265
279 4.785628305123443 1.6041015583035492 269
280 3.271427354607935 3.135258560855921 40
281 4.856084253913693 1.4286250748064686 454
282 3.688197681240601 0.3245672499287611 492
283 5.3697542863683685 2.729458175898001 272
284 4.382500502258545 1.9575999336284657 210
285 2.587970372306394 1.7919405677290001 119
286 3.6700745754305926 3.6213485783564474 354
287 2.6619567676190736 -0.045385856403610994 244
288 4.516850420219891 3.20391141985855 199
289 5.443148446910277 1.2773376627960382 385
290 2.0230025905653575 1.930709299954094 290
291 4.523992032501652 1.302841862126522 227
292 3.05423081643246 -0.1773524392300993 366
293 3.5073163326842574 2.123454314008147 261
294 4.042464150387015 -0.19966033052229054 238
295 2.3197969408099937 -0.09230543047003854 83
296 2.2852634825556652 2.645432573649447 45
297 4.409781250027622 1.580477241458825 195
298 4.3835068705764595 1.6949704650264992 34
299 5.061667729459504 2.3742662835085797 298
endpoint1 endpoint2
141 183
14 74
110 190
131 298
188 246
192 241
16 47
95 138
178 194
75 259
63 151
16 205
111 123
84 95
90 130
95 98
25 162
33 34
51 200
52 250
274 281
98 181
6 287
11 160
176 225
197 250
130 165
76 87
135 180
246 291
65 226
23 84
207 235
69 246
91 252
1 33
42 296
98 262
11 72
194 255
88 272
92 149
95 248
80 250
171 213
100 245
103 104
197 227
20 89
130 188
60 240
100 271
156 214
107 183
76 272
66 282
33 67
70 72
23 279
5 173
11 65
53 177
18 296
238 247
131 174
80 241
26 85
7 149
177 231
127 208
56 122
40 212
58 159
24 99
208 256
125 282
107 172
162 177
0 28
71 265
112 198
23 106
122 291
216 239
17 258
71 83
147 204
131 262
118 234
10 291
119 280
51 223
150 218
103 158
200 284
42 60
110 242
4 112
175 292
5 159
281 292
46 51
67 279
48 105
234 268
18 282
219 240
57 192
113 291
33 191
52 77
272 299
202 235
55 208
228 270
138 217
31 91
107 154
89 192
182 221
3 103
24 299
22 193
68 220
216 253
21 66
96 141
99 136
142 148
224 252
68 293
33 176
184 196
76 114
101 118
86 191
125 293
108 291
164 170
42 177
206 222
58 81
148 211
87 261
224 243
38 218
100 298
138 203
68 179
253 276
169 170
62 191
92 216
256 257
98 243
8 247
120 273
46 68
56 174
58 203
263 264
89 285
184 210
203 293
232 233
187 297
64 92
45 150
73 130
57 115
241 254
77 261
120 280
106 279
149 249
206 273
136 205
27 59
137 148
106 237
61 216
155 159
68 161
17 146
113 230
46 231
212 286
70 153
237 242
78 105
29 230
220 266
57 229
149 258
7 281
29 151
179 237
49 124
17 139
18 27
93 160
19 270
111 193
24 270
115 258
25 251
147 255
148 247
260 294
102 257
11 137
130 204
105 199
231 297
52 55
132 143
60 183
134 224
50 125
180 294
144 250
91 133
0 196
75 79
70 120
29 71
177 265
145 157
1 123
2 107
21 104
8 147
124 186
159 286
2 26
132 231
82 204
87 104
72 287
205 221
65 189
49 110
140 246
52 231
198 258
26 108
217 260
41 86
5 120
9 125
35 71
41 231
42 255
205 214
118 258
48 202
49 103
70 106
91 147
188 225
189 237
122 176
153 255
45 260
176 253
177 193
54 242
96 292
80 174
16 267
17 230
19 189
88 141
70 109
69 171
0 275
149 190
171 282
99 201
47 105
38 147
59 250
63 292
127 140
40 136
23 65
110 191
59 277
3 173
23 267
128 260
274 287
59 130
4 180
30 218
41 73
150 174
246 297
13 19
89 226
125 185
162 165
218 262
127 181
25 48
211 285
14 82
22 146
116 297
80 117
53 174
128 283
75 241
61 62
100 207
191 272
226 238
65 225
107 177
179 220
41 264
134 190
65 146
32 69
71 92
109 169
146 181
94 263
168 218
22 149
115 190
95 106
28 177
33 58
237 261
29 174
38 132
95 264
42 75
79 194
172 288
63 132
66 85
105 150
39 108
170 237
25 179
16 21
4 161
191 262
30 207
252 272
1 272
75 297
86 171
181 210
40 100
39 148
229 299
66 223
68 239
91 262
109 155
98 281
9 210
70 211
54 57
57 190
117 289
27 89
172 204
109 114
76 125
58 167
155 189
104 270
88 200
214 290
144 170
112 254
3 97
24 293
28 111
194 259
235 248
91 194
2 187
3 142
23 211
33 205
234 269
141 292
58 63
113 290
150 210
210 274
174 212
160 200
35 142
132 166
100 293
138 198
88 207
162 192
163 210
109 252
187 200
27 265
210 235
84 123
91 276
5 135
98 254
10 210
160 261
128 137
93 100
10 165
105 225
126 244
181 188
24 121
64 208
10 52
29 291
17 174
163 219
276 282
115 242
259 290
206 223
187 282
45 163
120 156
165 180
256 267
77 274
67 260
13 267
18 269
55 176
3 269
81 224
35 188
40 262
25 118
13 34
210 221
236 247
54 106
116 282
120 274
50 184
15 32
18 260
149 255
0 65
53 270
240 267
89 218
190 295
120 170
266 287
32 118
219 277
22 90
134 286
119 244
46 76
41 121
9 64
112 130
130 289
37 205
106 125
35 59
164 192
3 66
22 279
27 277
2 150
224 298
9 248
10 246
139 275
106 287
33 226
55 159
42 112
5 12
125 130
82 106
65 162
87 202
110 153
201 264
50 210
165 168
78 113
99 281
79 109
232 289
213 257
50 165
57 237
5 117
100 181
16 236
53 281
41 289
39 282
106 111
236 273
4 66
25 195
5 279
190 216
45 128
126 288
56 220
55 299
148 255
191 246
30 255
178 220
33 252
31 247
201 216
64 155
218 291
38 254
3 40
207 264
69 279
35 46
23 170
5 272
209 298
119 299
10 272
145 149
25 258
6 236
26 109
249 297
33 245
75 165
278 282
150 154
62 104
78 242
6 127
85 201
140 287
67 127
107 283
15 178
20 47
32 58
87 209
17 298
115 280
188 226
119 288
29 88
113 274
5 223
79 120
123 146
36 141
79 233
121 291
156 204
14 214
34 103
179 277
37 234
111 119
93 274
150 268
135 216
211 219
122 258
165 251
20 165
131 295
67 130
141 269
72 87
143 217
52 246
74 295
4 206
123 171
35 231
199 278
54 202
155 219
30 99
0 50
159 223
4 38
209 285
121 211
60 269
98 184
99 241
51 114
208 285
64 231
16 207
258 260
60 83
44 245
66 243
159 196
2 212
170 248
34 174
35 260
20 282
3 290
260 265
79 87
191 275
197 248
126 214
95 258
137 211
14 171
162 189
25 56
62 151
166 177
190 230
122 213
32 256
123 193
36 82
92 298
4 187
171 215
104 242
16 174
108 119
78 209
65 249
137 257
104 257
86 145
88 251
110 230
19 216
55 116
26 177
8 71
49 187
93 231
131 259
171 191
100 111
33 50
129 156
6 186
27 67
12 34
179 188
5 77
88 194
90 234
0 30
114 212
150 291
138 164
32 84
183 297
96 241
148 192
117 234
156 256
52 209
210 280
101 241
31 207
196 219
0 102
41 164
225 266
140 296
71 256
110 240
122 296
67 223
70 184
8 196
43 288
243 248
210 275
33 266
203 237
175 190
51 273
55 67
276 284
209 218
120 150
67 196
14 54
18 77
74 190
57 94
46 56
32 209
160 262
128 138
38 283
185 258
33 259
34 60
147 263
112 158
246 260
46 282
49 86
176 277
144 153
164 212
21 216
159 174
0 146
98 291
220 242
94 122
224 245
132 262
244 248
6 166
161 207
79 174
252 255
161 184
21 225
126 261
0 292
111 293
7 99
129 241
93 117
102 237
4 284
81 105
157 180
176 259
93 172
39 176
97 169
24 247
43 53
247 269
241 252
94 213
149 150
76 187
117 215
53 229
151 231
155 224
104 195
103 181
126 238
18 143
53 278
19 154
78 262
141 158
24 265
48 191
141 239
92 168
76 178
78 111
31 145
161 210
53 287
60 186
29 262
140 194
20 130
3 74
25 249
44 179
45 134
224 290
3 219
95 170
39 55
118 217
12 27
106 263
54 239
86 97
34 91
184 233
58 280
147 296
63 196
273 280
93 183
116 133
9 152
1 121
92 190
277 289
152 251
35 243
75 280
42 99
5 125
139 145
86 120
185 230
40 149
46 143
211 259
183 249
25 203
23 165
190 192
30 297
214 218
9 18
64 297
249 296
56 83
57 254
157 224
106 207
127 152
110 192
37 224
79 144
28 56
50 109
70 104
91 149
110 179
19 295
25 204
152 271
27 240
69 160
16 52
21 120
4 192
99 194
28 222
58 255
78 250
79 232
133 186
245 272
136 146
13 31
243 294
79 153
49 158
159 209
72 201
73 221
0 171
95 121
28 166
48 82
57 159
9 28
100 219
252 270
100 285
179 285
122 266
175 260
72 240
180 260
212 255
33 46
27 127
52 109
75 260
174 294
140 261
107 257
211 287
66 240
100 122
30 261
274 276
174 190
103 108
124 298
114 285
42 78
78 207
193 285
36 266
20 204
41 193
60 107
169 276
26 183
63 238
229 295
84 97
122 284
57 65
39 113
80 110
170 224
177 293
74 234
28 290
177 227
238 297
130 187
78 214
84 249
19 219
43 218
33 64
214 240
220 239
57 256
3 275
30 205
126 193
222 227
61 191
0 31
39 150
205 234
26 185
66 272
48 299
85 111
69 229
92 247
58 67
42 281
170 210
9 208
118 233
239 241
132 298
80 235
150 217
88 91
52 65
125 234
135 156
49 91
162 282
55 69
247 296
86 275
254 298
97 253
23 294
193 223
195 239
68 103
220 298
85 287
17 26
222 237
100 295
105 143
143 288
49 173
231 246
143 154
18 74
29 31
129 230
78 131
103 137
31 188
33 258
130 159
203 296
65 271
101 115
143 297
44 200
64 65
29 103
87 145
143 227
110 114
148 222
52 175
244 249
105 232
161 206
35 190
240 278
112 150
24 66
134 251
137 248
233 249
31 74
201 283
37 170
113 233
115 253
187 277
188 202
0 293
11 103
194 208
69 106
255 292
58 214
117 259
185 201
4 285
65 214
162 235
110 141
2 234
19 261
42 174
62 165
67 186
215 295
92 210
76 180
43 69
119 246
33 239
127 278
96 260
61 100
107 234
1 253
24 255
69 203
14 19
146 251
213 262
34 238
17 110
78 159
136 247
68 260
39 208
21 138
134 236
66 155
139 243
4 69
65 81
173 261
14 26
117 216
139 266
176 203
50 163
61 118
161 234
20 138
63 84
29 68
143 204
73 186
75 209
5 235
62 297
134 257
56 77
238 256
257 263
168 273
6 122
79 229
64 157
121 279
106 197
83 280
8 14
213 219
56 282
55 290
191 249
47 100
41 91
60 209
180 253
91 103
20 41
42 250
155 265
283 291
29 272
48 92
163 294
129 189
76 215
124 286
132 208
79 235
136 296
100 172
214 267
108 156
17 219
180 196
240 295
37 232
21 174
42 229
28 48
194 296
34 299
170 244
212 241
251 278
171 287
7 173
16 187
9 108
102 179
140 271
75 108
4 32
5 265
49 231
142 178
55 265
274 282
152 216
171 219
264 284
52 110
40 227
84 244
85 226
31 122
71 286
239 263
140 149
168 214
116 225
142 181
255 276
128 286
81 143
35 151
54 218
278 292
139 181
233 274
71 279
181 205
26 180
207 247
8 66
69 242
141 165
73 266
219 295
44 125
63 126
195 251
6 266
198 247
200 274
225 254
88 253
110 228
209 245
190 284
117 239
69 140
52 212
81 249
31 192
17 47
66 171
14 187
19 227
4 117
23 102
62 135
248 266
216 243
159 189
163 182
63 108
128 190
60 275
9 32
196 197
89 261
35 138
19 123
276 279
115 233
24 157
85 119
3 243
121 246
68 96
52 218
215 243
54 55
148 184
64 173
252 289
184 193
77 127
83 159
103 224
271 286
80 257
47 199
142 233
145 187
37 264
76 136
81 294
177 189
129 229
78 128
119 155
102 241
52 80
203 299
61 201
17 163
74 84
159 168
126 256
163 173
4 241
167 216
151 297
44 88
30 159
53 145
181 273
37 119
101 234
31 164
199 216
208 224
162 209
210 216
32 114
105 265
73 157
117 204
83 84
12 104
73 110
96 270
31 173
83 178
158 245
197 267
89 223
90 256
23 131
189 204
33 125
120 284
47 67
267 290
50 174
124 169
17 116
64 137
154 240
7 235
136 262
31 170
126 236
24 81
78 260
68 173
72 168
126 127
108 209
93 163
4 95
22 298
43 44
145 167
146 248
177 217
15 51
1 299
8 291
136 269
63 263
54 133
61 237
45 115
155 293
138 224
68 148
108 259
212 222
67 171
128 240
54 114
76 171
119 199
104 164
50 160
52 140
71 175
56 71
129 279
36 147
82 282
66 96
161 284
15 169
48 208
66 294
139 235
273 286
38 85
187 231
42 152
23 174
118 167
212 296
29 67
47 292
149 175
232 299
124 182
242 265
68 267
144 299
205 217
134 223
50 112
22 138
190 198
7 41
46 252
177 262
142 222
5 211
154 165
100 215
121 174
30 229
71 157
220 275
157 254
36 272
93 278
86 224
144 236
54 281
3 163
7 38
48 93
32 172
53 95
172 246
196 295
5 109
86 136
107 206
34 98
107 277
158 195
72 203
73 195
39 68
22 132
190 240
120 215
32 163
69 151
92 133
146 215
237 278
77 215
8 140
47 117
12 57
202 206
203 283
6 108
174 285
67 110
179 287
1 185
122 264
159 216
22 159
115 180
30 256
214 237
34 146
166 277
26 69
11 174
29 216
30 222
252 263
168 270
5 95
45 56
19 207
112 214
96 112
39 229
63 227
138 182
86 245
71 99
145 296
111 247
120 229
129 135
166 268
81 142
171 268
227 270
173 235
124 209
15 98
275 282
21 258
77 90
5 88
82 167
64 241
84 252
193 275
218 269
165 258
76 278
40 122
23 83
8 67
43 231
85 91
67 237
131 287
48 121
195 250
18 298
255 284
75 234
59 148
60 286
102 202
123 179
31 273
52 125
124 232
53 292
40 210
41 191
158 172
61 277
62 157
46 187
121 122
87 143
17 268
91 261
0 137
159 183
131 260
117 238
26 47
190 236
119 286
88 284
131 149
80 246
31 195
15 112
42 62
138 208
13 58
90 290
108 248
164 186
20 220
115 227
60 123
67 219
144 198
1 54
62 279
7 120
118 239
69 116
26 89
132 187
133 142
233 260
86 166
0 232
39 137
169 186
45 173
84 120
14 50
142 231
177 187
50 139
30 146
73 122
36 74
56 158
224 250
243 253
62 84
84 161
29 181
15 70
18 166
19 131
203 238
223 227
81 123
228 254
138 194
103 227
88 211
206 216
53 102
147 225
98 250
53 151
56 165
245 293
101 224
10 161
12 202
147 264
203 298
77 119
172 256
103 280
197 280
97 156
42 186
256 271
170 205
9 201
50 189
51 57
16 117
15 39
35 211
97 126
153 188
7 244
112 136
101 122
102 120
106 119
197 257
236 297
37 168
19 254
105 264
13 256
33 212
98 127
84 190
240 271
44 297
49 69
253 296
91 181
163 205
35 54
79 289
29 119
158 261
51 150
1 107
9 251
106 272
82 297
11 239
157 281
161 257
16 242
58 277
77 98
13 80
90 264
91 138
183 239
190 210
14 17
70 146
5 231
79 96
120 292
59 220
132 254
7 227
156 228
106 209
19 164
58 284
21 136
258 298
204 216
60 181
164 203
147 149
40 57
39 163
129 168
75 218
114 115
224 293
98 153
176 205
213 269
68 75
16 81
154 278
63 271
16 283
38 251
41 293
180 291
111 213
96 205
39 88
9 157
45 252
34 143
109 276
167 244
127 271
242 262
66 120
157 228
85 204
13 234
103 221
40 152
144 246
1 198
165 245
115 279
34 134
79 127
227 277
121 173
31 248
124 206
17 224
59 80
61 247
62 255
207 285
79 157
211 269
13 116
205 279
115 284
25 271
10 150
199 277
54 247
200 248
135 274
11 256
34 99
3 26
114 181
169 294
23 71
84 87
194 294
1 208
165 231
164 239
29 45
181 295
146 267
146 212
128 221
99 204
172 238
55 244
221 236
5 85
80 154
261 288
30 103
161 244
144 273
91 119
1 184
35 120
71 291
60 80
118 273
194 289
74 148
2 217
20 168
169 229
80 115
97 221
212 250
88 264
56 252
208 273
63 157
156 222
140 256
127 176
216 224
0 188
146 183
7 12
52 192
238 239
10 131
174 189
103 105
31 220
51 127
71 128
157 193
125 258
0 4
116 123
206 253
68 230
90 151
43 119
193 201
215 230
234 285
18 299
76 245
77 82
89 247
26 189
122 290
14 33
89 96
109 157
96 254
97 224
190 237
194 240
195 226
131 148
171 192
153 282
6 259
105 241
231 287
103 159
34 47
54 170
36 212
13 57
205 231
80 277
133 277
42 206
138 279
50 62
91 285
21 58
281 293
53 132
255 269
75 155
136 208
9 38
172 275
157 172
30 74
158 159
85 132
36 290
26 143
210 237
0 152
93 245
4 13
205 294
192 298
177 186
68 98
13 276
52 164
57 279
62 85
100 232
85 284
175 213
30 34
15 65
198 222
54 164
40 285
82 136
65 192
240 249
148 210
111 275
170 284
173 182
69 101
16 127
181 278
93 127
224 242
60 291
84 169
157 269
231 266
85 293
0 72
203 230
135 143
63 167
169 171
188 206
152 290
23 143
126 262
145 178
109 129
0 150
166 200
95 178
69 110
52 170
73 107
94 126
81 219
6 154
161 195
52 89
89 171
55 60
58 189
61 192
207 298
9 279
163 199
18 40
222 280
280 286
69 198
168 169
224 273
9 241
46 78
30 132
55 132
130 253
80 202
81 220
43 267
89 172
40 189
77 104
228 289
102 112
50 74
216 297
86 195
201 257
47 220
145 172
147 247
81 271
7 84
77 144
154 254
137 158
161 221
15 165
102 107
31 37
91 141
28 71
114 121
96 175
139 278
35 201
201 209
257 266
8 293
136 250
63 257
35 86
185 216
186 259
60 182
133 211
83 271
90 167
144 249
143 270
0 195
183 231
259 261
115 264
45 130
54 112
148 253
191 244
104 166
127 257
82 280
66 126
174 263
13 240
125 150
114 137
49 111
31 43
14 113
69 297
236 270
241 266
96 206
9 156
10 274
192 236
126 293
2 101
149 173
188 275
117 174
171 240
41 87
245 266
84 211
107 281
37 227
62 245
83 285
65 183
28 61
211 263
111 221
59 260
205 285
42 129
79 260
48 88
34 135
96 180
5 209
81 160
10 236
95 277
108 160
1 173
20 52
38 234
79 156
211 268
91 290
59 285
189 231
146 273
128 199
41 48
131 178
95 141
151 175
70 270
126 166
15 17
149 288
63 293
180 199
112 218
3 29
62 231
