nnodes nedges type
225 420 graph
nodename posx posy weight
0 0 0 324
1 1 0 373
2 2 0 345
3 3 0 132
4 4 0 372
5 5 0 490
6 6 0 492
7 7 0 120
8 8 0 182
9 9 0 352
10 10 0 433
11 11 0 302
12 12 0 398
13 13 0 478
14 14 0 366
15 0 1 150
16 1 1 457
17 2 1 481
18 3 1 284
19 4 1 355
20 5 1 425
21 6 1 436
22 7 1 403
23 8 1 215
24 9 1 171
25 10 1 420
26 11 1 319
27 12 1 428
28 13 1 435
29 14 1 424
30 0 2 173
31 1 2 372
32 2 2 307
33 3 2 421
34 4 2 325
35 5 2 84
36 6 2 413
37 7 2 448
38 8 2 295
39 9 2 350
40 10 2 203
41 11 2 224
42 12 2 293
43 13 2 6
44 14 2 235
45 0 3 257
46 1 3 33
47 2 3 459
48 3 3 235
49 4 3 33
50 5 3 316
51 6 3 201
52 7 3 440
53 8 3 433
54 9 3 26
55 10 3 44
56 11 3 435
57 12 3 232
58 13 3 299
59 14 3 237
60 0 4 241
61 1 4 145
62 2 4 17
63 3 4 472
64 4 4 459
65 5 4 296
66 6 4 416
67 7 4 21
68 8 4 201
69 9 4 339
70 10 4 273
71 11 4 359
72 12 4 111
73 13 4 137
74 14 4 389
75 0 5 241
76 1 5 421
77 2 5 218
78 3 5 146
79 4 5 99
80 5 5 210
81 6 5 461
82 7 5 190
83 8 5 286
84 9 5 449
85 10 5 94
86 11 5 437
87 12 5 181
88 13 5 386
89 14 5 435
90 0 6 480
91 1 6 390
92 2 6 199
93 3 6 84
94 4 6 73
95 5 6 11
96 6 6 297
97 7 6 55
98 8 6 171
99 9 6 65
100 10 6 111
101 11 6 143
102 12 6 259
103 13 6 427
104 14 6 305
105 0 7 443
106 1 7 11
107 2 7 210
108 3 7 224
109 4 7 315
110 5 7 198
111 6 7 423
112 7 7 315
113 8 7 433
114 9 7 349
115 10 7 116
116 11 7 247
117 12 7 447
118 13 7 451
119 14 7 169
120 0 8 388
121 1 8 159
122 2 8 478
123 3 8 125
124 4 8 220
125 5 8 45
126 6 8 358
127 7 8 435
128 8 8 237
129 9 8 277
130 10 8 59
131 11 8 329
132 12 8 35
133 13 8 162
134 14 8 103
135 0 9 461
136 1 9 391
137 2 9 299
138 3 9 245
139 4 9 106
140 5 9 307
141 6 9 435
142 7 9 291
143 8 9 347
144 9 9 17
145 10 9 148
146 11 9 262
147 12 9 258
148 13 9 152
149 14 9 309
150 0 10 494
151 1 10 161
152 2 10 481
153 3 10 43
154 4 10 254
155 5 10 421
156 6 10 91
157 7 10 350
158 8 10 167
159 9 10 151
160 10 10 356
161 11 10 57
162 12 10 49
163 13 10 151
164 14 10 316
165 0 11 152
166 1 11 7
167 2 11 261
168 3 11 278
169 4 11 334
170 5 11 81
171 6 11 52
172 7 11 458
173 8 11 42
174 9 11 176
175 10 11 33
176 11 11 219
177 12 11 290
178 13 11 124
179 14 11 457
180 0 12 102
181 1 12 99
182 2 12 206
183 3 12 494
184 4 12 142
185 5 12 108
186 6 12 134
187 7 12 168
188 8 12 313
189 9 12 326
190 10 12 110
191 11 12 237
192 12 12 28
193 13 12 58
194 14 12 340
195 0 13 252
196 1 13 454
197 2 13 450
198 3 13 363
199 4 13 113
200 5 13 382
201 6 13 332
202 7 13 182
203 8 13 464
204 9 13 243
205 10 13 368
206 11 13 313
207 12 13 499
208 13 13 308
209 14 13 370
210 0 14 33
211 1 14 375
212 2 14 88
213 3 14 362
214 4 14 319
215 5 14 190
216 6 14 346
217 7 14 130
218 8 14 81
219 9 14 400
220 10 14 172
221 11 14 56
222 12 14 384
223 13 14 343
224 14 14 475
endpoint1 endpoint2
172 187
204 219
125 126
156 157
198 213
29 44
61 76
18 19
222 223
113 114
144 145
15 30
207 222
122 137
201 216
4 5
105 106
205 220
142 143
7 22
199 214
55 56
107 108
130 145
33 34
52 67
116 131
109 110
181 182
161 176
42 57
74 89
58 59
198 199
192 207
20 21
99 114
103 104
145 160
177 192
201 202
11 26
203 218
50 51
190 191
139 140
96 111
205 206
47 62
138 153
5 20
50 65
190 205
42 43
182 183
40 55
72 87
36 37
214 215
174 175
39 54
162 177
153 154
163 178
167 168
28 43
152 167
157 158
31 46
63 78
151 166
14 29
145 146
67 82
89 104
121 136
3 4
71 72
143 144
146 161
195 196
138 139
140 155
5 6
6 21
93 108
125 140
119 134
129 130
37 52
169 184
68 69
173 188
19 20
87 88
211 212
97 98
192 193
154 155
16 31
208 223
21 22
106 121
185 186
189 190
123 138
110 111
146 147
127 128
46 61
98 113
96 97
177 178
6 7
122 123
4 19
128 143
52 53
84 85
186 201
35 36
37 38
38 53
169 170
43 58
114 115
183 184
180 195
173 174
111 126
19 34
30 45
82 97
22 23
106 107
104 119
8 9
103 118
65 66
48 63
12 13
1 16
181 196
219 220
60 75
124 139
95 110
118 133
78 93
38 39
90 91
160 175
36 51
175 190
24 25
216 217
133 148
168 183
200 215
28 29
220 221
70 85
30 31
82 83
167 182
16 17
208 209
148 163
79 94
51 66
101 116
9 24
159 174
191 206
13 28
2 3
71 86
51 52
142 157
128 129
53 54
33 48
131 146
135 136
133 134
134 149
70 71
68 83
116 117
26 41
56 57
99 100
60 61
101 102
17 32
49 64
196 197
9 10
75 90
62 63
151 152
11 12
203 204
48 49
13 14
69 84
114 129
62 77
54 55
86 87
100 101
40 41
72 73
34 35
223 224
174 189
160 161
112 127
76 77
180 181
212 213
25 26
27 28
163 164
24 39
92 107
166 181
171 186
23 38
17 18
15 16
67 68
158 173
207 208
150 151
12 27
136 151
69 70
193 194
176 191
129 144
41 56
188 203
182 197
45 60
66 67
206 207
83 84
194 209
25 40
166 167
218 219
80 95
85 86
97 112
57 58
21 36
153 168
185 200
61 62
157 172
189 204
158 159
210 211
55 70
110 125
49 50
0 15
143 158
58 73
120 121
179 194
137 152
47 48
124 125
132 133
81 96
113 128
102 117
41 42
107 122
141 156
126 127
130 131
135 150
43 44
112 113
161 162
45 46
170 185
202 217
83 98
94 109
118 119
22 37
27 42
59 74
31 32
63 64
186 187
196 211
108 109
148 149
65 80
154 169
184 185
53 68
91 92
56 71
120 135
93 94
188 189
127 142
137 138
139 154
178 179
81 82
176 177
102 103
32 47
100 115
141 142
88 89
197 212
178 193
170 171
202 203
44 59
76 91
92 93
168 169
200 201
94 95
162 163
80 81
20 35
172 173
204 205
73 88
155 156
156 171
77 92
115 116
2 17
0 1
117 118
3 18
195 210
7 8
131 132
199 200
197 198
64 79
90 105
165 180
111 112
73 74
23 24
75 76
147 148
215 216
144 159
77 78
213 214
10 25
149 164
187 188
126 141
86 101
91 106
46 47
98 99
183 198
95 96
34 49
32 33
132 147
35 50
117 132
39 40
175 176
88 103
165 166
209 224
87 102
171 172
147 162
79 80
18 33
10 11
8 23
108 123
150 165
136 137
155 170
187 202
159 160
191 192
1 2
84 99
140 141
193 208
217 218
115 130
105 120
184 199
221 222
54 69
109 124
78 79
66 81
206 221
64 65
26 27
164 179
121 122
152 153
85 100
57 72
123 124
