nnodes nedges type
225 420 graph
nodename posx posy weight
0 0 0 308
1 1 0 201
2 2 0 254
3 3 0 166
4 4 0 484
5 5 0 143
6 6 0 73
7 7 0 10
8 8 0 288
9 9 0 98
10 10 0 108
11 11 0 257
12 12 0 408
13 13 0 291
14 14 0 87
15 0 1 163
16 1 1 296
17 2 1 142
18 3 1 432
19 4 1 48
20 5 1 159
21 6 1 346
22 7 1 346
23 8 1 212
24 9 1 164
25 10 1 218
26 11 1 231
27 12 1 279
28 13 1 443
29 14 1 180
30 0 2 135
31 1 2 465
32 2 2 124
33 3 2 378
34 4 2 118
35 5 2 366
36 6 2 41
37 7 2 83
38 8 2 463
39 9 2 456
40 10 2 419
41 11 2 212
42 12 2 363
43 13 2 352
44 14 2 209
45 0 3 365
46 1 3 255
47 2 3 472
48 3 3 172
49 4 3 226
50 5 3 201
51 6 3 451
52 7 3 158
53 8 3 308
54 9 3 454
55 10 3 131
56 11 3 11
57 12 3 349
58 13 3 458
59 14 3 122
60 0 4 303
61 1 4 48
62 2 4 329
63 3 4 240
64 4 4 143
65 5 4 144
66 6 4 340
67 7 4 184
68 8 4 441
69 9 4 351
70 10 4 154
71 11 4 443
72 12 4 458
73 13 4 473
74 14 4 398
75 0 5 91
76 1 5 397
77 2 5 288
78 3 5 360
79 4 5 133
80 5 5 4
81 6 5 8
82 7 5 4
83 8 5 179
84 9 5 292
85 10 5 300
86 11 5 353
87 12 5 50
88 13 5 497
89 14 5 251
90 0 6 193
91 1 6 401
92 2 6 97
93 3 6 218
94 4 6 283
95 5 6 46
96 6 6 455
97 7 6 11
98 8 6 49
99 9 6 421
100 10 6 204
101 11 6 308
102 12 6 229
103 13 6 279
104 14 6 329
105 0 7 146
106 1 7 13
107 2 7 413
108 3 7 420
109 4 7 139
110 5 7 455
111 6 7 295
112 7 7 38
113 8 7 290
114 9 7 434
115 10 7 165
116 11 7 199
117 12 7 415
118 13 7 83
119 14 7 412
120 0 8 441
121 1 8 229
122 2 8 335
123 3 8 457
124 4 8 138
125 5 8 421
126 6 8 405
127 7 8 361
128 8 8 496
129 9 8 445
130 10 8 316
131 11 8 117
132 12 8 488
133 13 8 178
134 14 8 446
135 0 9 486
136 1 9 18
137 2 9 309
138 3 9 418
139 4 9 144
140 5 9 333
141 6 9 207
142 7 9 131
143 8 9 7
144 9 9 292
145 10 9 86
146 11 9 48
147 12 9 409
148 13 9 230
149 14 9 483
150 0 10 125
151 1 10 23
152 2 10 356
153 3 10 443
154 4 10 176
155 5 10 281
156 6 10 317
157 7 10 66
158 8 10 86
159 9 10 472
160 10 10 317
161 11 10 411
162 12 10 1
163 13 10 206
164 14 10 103
165 0 11 249
166 1 11 436
167 2 11 362
168 3 11 359
169 4 11 263
170 5 11 106
171 6 11 402
172 7 11 483
173 8 11 318
174 9 11 175
175 10 11 132
176 11 11 333
177 12 11 86
178 13 11 20
179 14 11 413
180 0 12 472
181 1 12 425
182 2 12 326
183 3 12 103
184 4 12 401
185 5 12 290
186 6 12 200
187 7 12 303
188 8 12 177
189 9 12 365
190 10 12 191
191 11 12 316
192 12 12 96
193 13 12 291
194 14 12 180
195 0 13 75
196 1 13 66
197 2 13 263
198 3 13 134
199 4 13 56
200 5 13 60
201 6 13 464
202 7 13 482
203 8 13 23
204 9 13 470
205 10 13 16
206 11 13 346
207 12 13 112
208 13 13 415
209 14 13 113
210 0 14 256
211 1 14 255
212 2 14 408
213 3 14 396
214 4 14 213
215 5 14 469
216 6 14 365
217 7 14 98
218 8 14 89
219 9 14 412
220 10 14 45
221 11 14 490
222 12 14 227
223 13 14 493
224 14 14 191
endpoint1 endpoint2
172 187
204 219
125 126
156 157
198 213
29 44
61 76
18 19
222 223
113 114
144 145
15 30
207 222
122 137
201 216
4 5
105 106
205 220
142 143
7 22
199 214
55 56
107 108
130 145
33 34
52 67
116 131
109 110
181 182
161 176
42 57
74 89
58 59
198 199
192 207
20 21
99 114
103 104
145 160
177 192
201 202
11 26
203 218
50 51
190 191
139 140
96 111
205 206
47 62
138 153
5 20
50 65
190 205
42 43
182 183
40 55
72 87
36 37
214 215
174 175
39 54
162 177
153 154
163 178
167 168
28 43
152 167
157 158
31 46
63 78
151 166
14 29
145 146
67 82
89 104
121 136
3 4
71 72
143 144
146 161
195 196
138 139
140 155
5 6
6 21
93 108
125 140
119 134
129 130
37 52
169 184
68 69
173 188
19 20
87 88
211 212
97 98
192 193
154 155
16 31
208 223
21 22
106 121
185 186
189 190
123 138
110 111
146 147
127 128
46 61
98 113
96 97
177 178
6 7
122 123
4 19
128 143
52 53
84 85
186 201
35 36
37 38
38 53
169 170
43 58
114 115
183 184
180 195
173 174
111 126
19 34
30 45
82 97
22 23
106 107
104 119
8 9
103 118
65 66
48 63
12 13
1 16
181 196
219 220
60 75
124 139
95 110
118 133
78 93
38 39
90 91
160 175
36 51
175 190
24 25
216 217
133 148
168 183
200 215
28 29
220 221
70 85
30 31
82 83
167 182
16 17
208 209
148 163
79 94
51 66
101 116
9 24
159 174
191 206
13 28
2 3
71 86
51 52
142 157
128 129
53 54
33 48
131 146
135 136
133 134
134 149
70 71
68 83
116 117
26 41
56 57
99 100
60 61
101 102
17 32
49 64
196 197
9 10
75 90
62 63
151 152
11 12
203 204
48 49
13 14
69 84
114 129
62 77
54 55
86 87
100 101
40 41
72 73
34 35
223 224
174 189
160 161
112 127
76 77
180 181
212 213
25 26
27 28
163 164
24 39
92 107
166 181
171 186
23 38
17 18
15 16
67 68
158 173
207 208
150 151
12 27
136 151
69 70
193 194
176 191
129 144
41 56
188 203
182 197
45 60
66 67
206 207
83 84
194 209
25 40
166 167
218 219
80 95
85 86
97 112
57 58
21 36
153 168
185 200
61 62
157 172
189 204
158 159
210 211
55 70
110 125
49 50
0 15
143 158
58 73
120 121
179 194
137 152
47 48
124 125
132 133
81 96
113 128
102 117
41 42
107 122
141 156
126 127
130 131
135 150
43 44
112 113
161 162
45 46
170 185
202 217
83 98
94 109
118 119
22 37
27 42
59 74
31 32
63 64
186 187
196 211
108 109
148 149
65 80
154 169
184 185
53 68
91 92
56 71
120 135
93 94
188 189
127 142
137 138
139 154
178 179
81 82
176 177
102 103
32 47
100 115
141 142
88 89
197 212
178 193
170 171
202 203
44 59
76 91
92 93
168 169
200 201
94 95
162 163
80 81
20 35
172 173
204 205
73 88
155 156
156 171
77 92
115 116
2 17
0 1
117 118
3 18
195 210
7 8
131 132
199 200
197 198
64 79
90 105
165 180
111 112
73 74
23 24
75 76
147 148
215 216
144 159
77 78
213 214
10 25
149 164
187 188
126 141
86 101
91 106
46 47
98 99
183 198
95 96
34 49
32 33
132 147
35 50
117 132
39 40
175 176
88 103
165 166
209 224
87 102
171 172
147 162
79 80
18 33
10 11
8 23
108 123
150 165
136 137
155 170
187 202
159 160
191 192
1 2
84 99
140 141
193 208
217 218
115 130
105 120
184 199
221 222
54 69
109 124
78 79
66 81
206 221
64 65
26 27
164 179
121 122
152 153
85 100
57 72
123 124
