nnodes nedges type
225 420 graph
nodename posx posy weight
0 0 0 33
1 1 0 480
2 2 0 468
3 3 0 138
4 4 0 488
5 5 0 341
6 6 0 373
7 7 0 130
8 8 0 480
9 9 0 228
10 10 0 265
11 11 0 197
12 12 0 376
13 13 0 486
14 14 0 34
15 0 1 93
16 1 1 380
17 2 1 440
18 3 1 281
19 4 1 223
20 5 1 353
21 6 1 170
22 7 1 272
23 8 1 315
24 9 1 317
25 10 1 458
26 11 1 431
27 12 1 433
28 13 1 392
29 14 1 87
30 0 2 74
31 1 2 158
32 2 2 225
33 3 2 422
34 4 2 500
35 5 2 144
36 6 2 58
37 7 2 94
38 8 2 276
39 9 2 336
40 10 2 407
41 11 2 474
42 12 2 333
43 13 2 358
44 14 2 8
45 0 3 119
46 1 3 220
47 2 3 193
48 3 3 305
49 4 3 26
50 5 3 377
51 6 3 435
52 7 3 79
53 8 3 196
54 9 3 442
55 10 3 341
56 11 3 335
57 12 3 306
58 13 3 22
59 14 3 496
60 0 4 490
61 1 4 369
62 2 4 397
63 3 4 60
64 4 4 432
65 5 4 56
66 6 4 33
67 7 4 455
68 8 4 67
69 9 4 275
70 10 4 232
71 11 4 298
72 12 4 451
73 13 4 141
74 14 4 37
75 0 5 325
76 1 5 18
77 2 5 483
78 3 5 223
79 4 5 18
80 5 5 359
81 6 5 461
82 7 5 98
83 8 5 362
84 9 5 331
85 10 5 400
86 11 5 4
87 12 5 271
88 13 5 224
89 14 5 35
90 0 6 54
91 1 6 472
92 2 6 297
93 3 6 79
94 4 6 9
95 5 6 68
96 6 6 372
97 7 6 37
98 8 6 209
99 9 6 298
100 10 6 301
101 11 6 216
102 12 6 469
103 13 6 220
104 14 6 236
105 0 7 425
106 1 7 158
107 2 7 294
108 3 7 302
109 4 7 369
110 5 7 218
111 6 7 82
112 7 7 282
113 8 7 277
114 9 7 452
115 10 7 250
116 11 7 347
117 12 7 339
118 13 7 287
119 14 7 275
120 0 8 288
121 1 8 78
122 2 8 481
123 3 8 362
124 4 8 460
125 5 8 365
126 6 8 294
127 7 8 91
128 8 8 32
129 9 8 471
130 10 8 232
131 11 8 471
132 12 8 218
133 13 8 4
134 14 8 300
135 0 9 421
136 1 9 432
137 2 9 64
138 3 9 274
139 4 9 427
140 5 9 101
141 6 9 52
142 7 9 17
143 8 9 315
144 9 9 12
145 10 9 151
146 11 9 124
147 12 9 91
148 13 9 477
149 14 9 1
150 0 10 104
151 1 10 148
152 2 10 331
153 3 10 233
154 4 10 447
155 5 10 281
156 6 10 301
157 7 10 116
158 8 10 83
159 9 10 341
160 10 10 147
161 11 10 103
162 12 10 344
163 13 10 494
164 14 10 498
165 0 11 206
166 1 11 299
167 2 11 32
168 3 11 127
169 4 11 4
170 5 11 146
171 6 11 114
172 7 11 56
173 8 11 158
174 9 11 215
175 10 11 445
176 11 11 397
177 12 11 387
178 13 11 426
179 14 11 321
180 0 12 132
181 1 12 292
182 2 12 492
183 3 12 216
184 4 12 27
185 5 12 260
186 6 12 314
187 7 12 240
188 8 12 181
189 9 12 490
190 10 12 201
191 11 12 271
192 12 12 302
193 13 12 345
194 14 12 291
195 0 13 96
196 1 13 188
197 2 13 49
198 3 13 354
199 4 13 72
200 5 13 427
201 6 13 28
202 7 13 255
203 8 13 78
204 9 13 125
205 10 13 169
206 11 13 234
207 12 13 221
208 13 13 121
209 14 13 461
210 0 14 477
211 1 14 223
212 2 14 375
213 3 14 61
214 4 14 247
215 5 14 437
216 6 14 302
217 7 14 64
218 8 14 198
219 9 14 58
220 10 14 334
221 11 14 110
222 12 14 151
223 13 14 134
224 14 14 401
endpoint1 endpoint2
172 187
204 219
125 126
156 157
198 213
29 44
61 76
18 19
222 223
113 114
144 145
15 30
207 222
122 137
201 216
4 5
105 106
205 220
142 143
7 22
199 214
55 56
107 108
130 145
33 34
52 67
116 131
109 110
181 182
161 176
42 57
74 89
58 59
198 199
192 207
20 21
99 114
103 104
145 160
177 192
201 202
11 26
203 218
50 51
190 191
139 140
96 111
205 206
47 62
138 153
5 20
50 65
190 205
42 43
182 183
40 55
72 87
36 37
214 215
174 175
39 54
162 177
153 154
163 178
167 168
28 43
152 167
157 158
31 46
63 78
151 166
14 29
145 146
67 82
89 104
121 136
3 4
71 72
143 144
146 161
195 196
138 139
140 155
5 6
6 21
93 108
125 140
119 134
129 130
37 52
169 184
68 69
173 188
19 20
87 88
211 212
97 98
192 193
154 155
16 31
208 223
21 22
106 121
185 186
189 190
123 138
110 111
146 147
127 128
46 61
98 113
96 97
177 178
6 7
122 123
4 19
128 143
52 53
84 85
186 201
35 36
37 38
38 53
169 170
43 58
114 115
183 184
180 195
173 174
111 126
19 34
30 45
82 97
22 23
106 107
104 119
8 9
103 118
65 66
48 63
12 13
1 16
181 196
219 220
60 75
124 139
95 110
118 133
78 93
38 39
90 91
160 175
36 51
175 190
24 25
216 217
133 148
168 183
200 215
28 29
220 221
70 85
30 31
82 83
167 182
16 17
208 209
148 163
79 94
51 66
101 116
9 24
159 174
191 206
13 28
2 3
71 86
51 52
142 157
128 129
53 54
33 48
131 146
135 136
133 134
134 149
70 71
68 83
116 117
26 41
56 57
99 100
60 61
101 102
17 32
49 64
196 197
9 10
75 90
62 63
151 152
11 12
203 204
48 49
13 14
69 84
114 129
62 77
54 55
86 87
100 101
40 41
72 73
34 35
223 224
174 189
160 161
112 127
76 77
180 181
212 213
25 26
27 28
163 164
24 39
92 107
166 181
171 186
23 38
17 18
15 16
67 68
158 173
207 208
150 151
12 27
136 151
69 70
193 194
176 191
129 144
41 56
188 203
182 197
45 60
66 67
206 207
83 84
194 209
25 40
166 167
218 219
80 95
85 86
97 112
57 58
21 36
153 168
185 200
61 62
157 172
189 204
158 159
210 211
55 70
110 125
49 50
0 15
143 158
58 73
120 121
179 194
137 152
47 48
124 125
132 133
81 96
113 128
102 117
41 42
107 122
141 156
126 127
130 131
135 150
43 44
112 113
161 162
45 46
170 185
202 217
83 98
94 109
118 119
22 37
27 42
59 74
31 32
63 64
186 187
196 211
108 109
148 149
65 80
154 169
184 185
53 68
91 92
56 71
120 135
93 94
188 189
127 142
137 138
139 154
178 179
81 82
176 177
102 103
32 47
100 115
141 142
88 89
197 212
178 193
170 171
202 203
44 59
76 91
92 93
168 169
200 201
94 95
162 163
80 81
20 35
172 173
204 205
73 88
155 156
156 171
77 92
115 116
2 17
0 1
117 118
3 18
195 210
7 8
131 132
199 200
197 198
64 79
90 105
165 180
111 112
73 74
23 24
75 76
147 148
215 216
144 159
77 78
213 214
10 25
149 164
187 188
126 141
86 101
91 106
46 47
98 99
183 198
95 96
34 49
32 33
132 147
35 50
117 132
39 40
175 176
88 103
165 166
209 224
87 102
171 172
147 162
79 80
18 33
10 11
8 23
108 123
150 165
136 137
155 170
187 202
159 160
191 192
1 2
84 99
140 141
193 208
217 218
115 130
105 120
184 199
221 222
54 69
109 124
78 79
66 81
206 221
64 65
26 27
164 179
121 122
152 153
85 100
57 72
123 124
