nnodes nedges type
225 420 graph
nodename posx posy weight
0 0 0 263
1 1 0 350
2 2 0 476
3 3 0 131
4 4 0 49
5 5 0 46
6 6 0 393
7 7 0 287
8 8 0 217
9 9 0 154
10 10 0 326
11 11 0 12
12 12 0 108
13 13 0 184
14 14 0 464
15 0 1 430
16 1 1 464
17 2 1 281
18 3 1 265
19 4 1 336
20 5 1 237
21 6 1 140
22 7 1 192
23 8 1 317
24 9 1 103
25 10 1 204
26 11 1 307
27 12 1 15
28 13 1 308
29 14 1 106
30 0 2 245
31 1 2 185
32 2 2 250
33 3 2 351
34 4 2 175
35 5 2 158
36 6 2 190
37 7 2 14
38 8 2 177
39 9 2 326
40 10 2 85
41 11 2 372
42 12 2 45
43 13 2 371
44 14 2 458
45 0 3 290
46 1 3 308
47 2 3 376
48 3 3 425
49 4 3 207
50 5 3 46
51 6 3 39
52 7 3 72
53 8 3 183
54 9 3 303
55 10 3 120
56 11 3 22
57 12 3 324
58 13 3 87
59 14 3 306
60 0 4 413
61 1 4 458
62 2 4 456
63 3 4 96
64 4 4 114
65 5 4 328
66 6 4 184
67 7 4 132
68 8 4 38
69 9 4 10
70 10 4 482
71 11 4 88
72 12 4 41
73 13 4 458
74 14 4 180
75 0 5 117
76 1 5 412
77 2 5 498
78 3 5 91
79 4 5 422
80 5 5 140
81 6 5 356
82 7 5 485
83 8 5 182
84 9 5 245
85 10 5 412
86 11 5 204
87 12 5 186
88 13 5 407
89 14 5 172
90 0 6 416
91 1 6 271
92 2 6 159
93 3 6 132
94 4 6 318
95 5 6 418
96 6 6 451
97 7 6 67
98 8 6 153
99 9 6 175
100 10 6 421
101 11 6 498
102 12 6 331
103 13 6 33
104 14 6 5
105 0 7 298
106 1 7 179
107 2 7 375
108 3 7 140
109 4 7 370
110 5 7 285
111 6 7 464
112 7 7 421
113 8 7 390
114 9 7 307
115 10 7 372
116 11 7 478
117 12 7 310
118 13 7 477
119 14 7 62
120 0 8 72
121 1 8 56
122 2 8 45
123 3 8 232
124 4 8 129
125 5 8 11
126 6 8 119
127 7 8 258
128 8 8 207
129 9 8 256
130 10 8 188
131 11 8 336
132 12 8 47
133 13 8 486
134 14 8 201
135 0 9 472
136 1 9 144
137 2 9 418
138 3 9 268
139 4 9 230
140 5 9 487
141 6 9 37
142 7 9 500
143 8 9 294
144 9 9 331
145 10 9 83
146 11 9 380
147 12 9 141
148 13 9 404
149 14 9 186
150 0 10 424
151 1 10 80
152 2 10 41
153 3 10 450
154 4 10 306
155 5 10 70
156 6 10 405
157 7 10 276
158 8 10 8
159 9 10 317
160 10 10 365
161 11 10 183
162 12 10 192
163 13 10 397
164 14 10 296
165 0 11 334
166 1 11 421
167 2 11 20
168 3 11 14
169 4 11 67
170 5 11 339
171 6 11 115
172 7 11 318
173 8 11 360
174 9 11 336
175 10 11 312
176 11 11 103
177 12 11 456
178 13 11 171
179 14 11 473
180 0 12 170
181 1 12 92
182 2 12 210
183 3 12 129
184 4 12 15
185 5 12 376
186 6 12 15
187 7 12 71
188 8 12 11
189 9 12 497
190 10 12 129
191 11 12 428
192 12 12 95
193 13 12 457
194 14 12 60
195 0 13 204
196 1 13 57
197 2 13 426
198 3 13 464
199 4 13 201
200 5 13 271
201 6 13 446
202 7 13 117
203 8 13 321
204 9 13 190
205 10 13 55
206 11 13 303
207 12 13 180
208 13 13 128
209 14 13 165
210 0 14 43
211 1 14 198
212 2 14 351
213 3 14 256
214 4 14 428
215 5 14 3
216 6 14 368
217 7 14 423
218 8 14 404
219 9 14 425
220 10 14 100
221 11 14 353
222 12 14 197
223 13 14 26
224 14 14 2
endpoint1 endpoint2
172 187
204 219
125 126
156 157
198 213
29 44
61 76
18 19
222 223
113 114
144 145
15 30
207 222
122 137
201 216
4 5
105 106
205 220
142 143
7 22
199 214
55 56
107 108
130 145
33 34
52 67
116 131
109 110
181 182
161 176
42 57
74 89
58 59
198 199
192 207
20 21
99 114
103 104
145 160
177 192
201 202
11 26
203 218
50 51
190 191
139 140
96 111
205 206
47 62
138 153
5 20
50 65
190 205
42 43
182 183
40 55
72 87
36 37
214 215
174 175
39 54
162 177
153 154
163 178
167 168
28 43
152 167
157 158
31 46
63 78
151 166
14 29
145 146
67 82
89 104
121 136
3 4
71 72
143 144
146 161
195 196
138 139
140 155
5 6
6 21
93 108
125 140
119 134
129 130
37 52
169 184
68 69
173 188
19 20
87 88
211 212
97 98
192 193
154 155
16 31
208 223
21 22
106 121
185 186
189 190
123 138
110 111
146 147
127 128
46 61
98 113
96 97
177 178
6 7
122 123
4 19
128 143
52 53
84 85
186 201
35 36
37 38
38 53
169 170
43 58
114 115
183 184
180 195
173 174
111 126
19 34
30 45
82 97
22 23
106 107
104 119
8 9
103 118
65 66
48 63
12 13
1 16
181 196
219 220
60 75
124 139
95 110
118 133
78 93
38 39
90 91
160 175
36 51
175 190
24 25
216 217
133 148
168 183
200 215
28 29
220 221
70 85
30 31
82 83
167 182
16 17
208 209
148 163
79 94
51 66
101 116
9 24
159 174
191 206
13 28
2 3
71 86
51 52
142 157
128 129
53 54
33 48
131 146
135 136
133 134
134 149
70 71
68 83
116 117
26 41
56 57
99 100
60 61
101 102
17 32
49 64
196 197
9 10
75 90
62 63
151 152
11 12
203 204
48 49
13 14
69 84
114 129
62 77
54 55
86 87
100 101
40 41
72 73
34 35
223 224
174 189
160 161
112 127
76 77
180 181
212 213
25 26
27 28
163 164
24 39
92 107
166 181
171 186
23 38
17 18
15 16
67 68
158 173
207 208
150 151
12 27
136 151
69 70
193 194
176 191
129 144
41 56
188 203
182 197
45 60
66 67
206 207
83 84
194 209
25 40
166 167
218 219
80 95
85 86
97 112
57 58
21 36
153 168
185 200
61 62
157 172
189 204
158 159
210 211
55 70
110 125
49 50
0 15
143 158
58 73
120 121
179 194
137 152
47 48
124 125
132 133
81 96
113 128
102 117
41 42
107 122
141 156
126 127
130 131
135 150
43 44
112 113
161 162
45 46
170 185
202 217
83 98
94 109
118 119
22 37
27 42
59 74
31 32
63 64
186 187
196 211
108 109
148 149
65 80
154 169
184 185
53 68
91 92
56 71
120 135
93 94
188 189
127 142
137 138
139 154
178 179
81 82
176 177
102 103
32 47
100 115
141 142
88 89
197 212
178 193
170 171
202 203
44 59
76 91
92 93
168 169
200 201
94 95
162 163
80 81
20 35
172 173
204 205
73 88
155 156
156 171
77 92
115 116
2 17
0 1
117 118
3 18
195 210
7 8
131 132
199 200
197 198
64 79
90 105
165 180
111 112
73 74
23 24
75 76
147 148
215 216
144 159
77 78
213 214
10 25
149 164
187 188
126 141
86 101
91 106
46 47
98 99
183 198
95 96
34 49
32 33
132 147
35 50
117 132
39 40
175 176
88 103
165 166
209 224
87 102
171 172
147 162
79 80
18 33
10 11
8 23
108 123
150 165
136 137
155 170
187 202
159 160
191 192
1 2
84 99
140 141
193 208
217 218
115 130
105 120
184 199
221 222
54 69
109 124
78 79
66 81
206 221
64 65
26 27
164 179
121 122
152 153
85 100
57 72
123 124
