nnodes nedges type
225 420 graph
nodename posx posy weight
0 0 0 28
1 1 0 134
2 2 0 345
3 3 0 234
4 4 0 352
5 5 0 211
6 6 0 296
7 7 0 301
8 8 0 42
9 9 0 177
10 10 0 369
11 11 0 124
12 12 0 444
13 13 0 189
14 14 0 304
15 0 1 98
16 1 1 457
17 2 1 494
18 3 1 471
19 4 1 116
20 5 1 372
21 6 1 364
22 7 1 349
23 8 1 91
24 9 1 179
25 10 1 367
26 11 1 30
27 12 1 133
28 13 1 322
29 14 1 13
30 0 2 77
31 1 2 337
32 2 2 43
33 3 2 462
34 4 2 438
35 5 2 189
36 6 2 471
37 7 2 228
38 8 2 393
39 9 2 453
40 10 2 294
41 11 2 256
42 12 2 127
43 13 2 4
44 14 2 163
45 0 3 56
46 1 3 231
47 2 3 170
48 3 3 384
49 4 3 328
50 5 3 128
51 6 3 197
52 7 3 68
53 8 3 449
54 9 3 71
55 10 3 127
56 11 3 49
57 12 3 60
58 13 3 36
59 14 3 177
60 0 4 250
61 1 4 198
62 2 4 271
63 3 4 264
64 4 4 424
65 5 4 246
66 6 4 494
67 7 4 217
68 8 4 198
69 9 4 251
70 10 4 307
71 11 4 241
72 12 4 248
73 13 4 291
74 14 4 361
75 0 5 195
76 1 5 466
77 2 5 465
78 3 5 181
79 4 5 454
80 5 5 121
81 6 5 218
82 7 5 243
83 8 5 86
84 9 5 417
85 10 5 196
86 11 5 452
87 12 5 368
88 13 5 333
89 14 5 279
90 0 6 379
91 1 6 363
92 2 6 215
93 3 6 139
94 4 6 452
95 5 6 111
96 6 6 22
97 7 6 90
98 8 6 110
99 9 6 330
100 10 6 101
101 11 6 14
102 12 6 217
103 13 6 89
104 14 6 6
105 0 7 422
106 1 7 491
107 2 7 368
108 3 7 435
109 4 7 191
110 5 7 393
111 6 7 237
112 7 7 134
113 8 7 451
114 9 7 6
115 10 7 38
116 11 7 435
117 12 7 175
118 13 7 378
119 14 7 249
120 0 8 21
121 1 8 99
122 2 8 487
123 3 8 483
124 4 8 149
125 5 8 352
126 6 8 9
127 7 8 52
128 8 8 228
129 9 8 201
130 10 8 330
131 11 8 54
132 12 8 369
133 13 8 428
134 14 8 366
135 0 9 272
136 1 9 223
137 2 9 439
138 3 9 407
139 4 9 359
140 5 9 499
141 6 9 435
142 7 9 483
143 8 9 57
144 9 9 376
145 10 9 350
146 11 9 278
147 12 9 102
148 13 9 390
149 14 9 346
150 0 10 357
151 1 10 437
152 2 10 423
153 3 10 267
154 4 10 354
155 5 10 155
156 6 10 229
157 7 10 119
158 8 10 331
159 9 10 26
160 10 10 312
161 11 10 345
162 12 10 459
163 13 10 22
164 14 10 160
165 0 11 283
166 1 11 239
167 2 11 186
168 3 11 149
169 4 11 127
170 5 11 325
171 6 11 7
172 7 11 320
173 8 11 240
174 9 11 464
175 10 11 414
176 11 11 339
177 12 11 268
178 13 11 231
179 14 11 84
180 0 12 199
181 1 12 197
182 2 12 422
183 3 12 259
184 4 12 125
185 5 12 271
186 6 12 122
187 7 12 309
188 8 12 306
189 9 12 421
190 10 12 40
191 11 12 212
192 12 12 110
193 13 12 392
194 14 12 25
195 0 13 249
196 1 13 267
197 2 13 63
198 3 13 43
199 4 13 320
200 5 13 464
201 6 13 188
202 7 13 130
203 8 13 486
204 9 13 78
205 10 13 193
206 11 13 218
207 12 13 466
208 13 13 87
209 14 13 312
210 0 14 450
211 1 14 258
212 2 14 206
213 3 14 175
214 4 14 327
215 5 14 1
216 6 14 421
217 7 14 442
218 8 14 229
219 9 14 457
220 10 14 415
221 11 14 53
222 12 14 240
223 13 14 71
224 14 14 239
endpoint1 endpoint2
172 187
204 219
125 126
156 157
198 213
29 44
61 76
18 19
222 223
113 114
144 145
15 30
207 222
122 137
201 216
4 5
105 106
205 220
142 143
7 22
199 214
55 56
107 108
130 145
33 34
52 67
116 131
109 110
181 182
161 176
42 57
74 89
58 59
198 199
192 207
20 21
99 114
103 104
145 160
177 192
201 202
11 26
203 218
50 51
190 191
139 140
96 111
205 206
47 62
138 153
5 20
50 65
190 205
42 43
182 183
40 55
72 87
36 37
214 215
174 175
39 54
162 177
153 154
163 178
167 168
28 43
152 167
157 158
31 46
63 78
151 166
14 29
145 146
67 82
89 104
121 136
3 4
71 72
143 144
146 161
195 196
138 139
140 155
5 6
6 21
93 108
125 140
119 134
129 130
37 52
169 184
68 69
173 188
19 20
87 88
211 212
97 98
192 193
154 155
16 31
208 223
21 22
106 121
185 186
189 190
123 138
110 111
146 147
127 128
46 61
98 113
96 97
177 178
6 7
122 123
4 19
128 143
52 53
84 85
186 201
35 36
37 38
38 53
169 170
43 58
114 115
183 184
180 195
173 174
111 126
19 34
30 45
82 97
22 23
106 107
104 119
8 9
103 118
65 66
48 63
12 13
1 16
181 196
219 220
60 75
124 139
95 110
118 133
78 93
38 39
90 91
160 175
36 51
175 190
24 25
216 217
133 148
168 183
200 215
28 29
220 221
70 85
30 31
82 83
167 182
16 17
208 209
148 163
79 94
51 66
101 116
9 24
159 174
191 206
13 28
2 3
71 86
51 52
142 157
128 129
53 54
33 48
131 146
135 136
133 134
134 149
70 71
68 83
116 117
26 41
56 57
99 100
60 61
101 102
17 32
49 64
196 197
9 10
75 90
62 63
151 152
11 12
203 204
48 49
13 14
69 84
114 129
62 77
54 55
86 87
100 101
40 41
72 73
34 35
223 224
174 189
160 161
112 127
76 77
180 181
212 213
25 26
27 28
163 164
24 39
92 107
166 181
171 186
23 38
17 18
15 16
67 68
158 173
207 208
150 151
12 27
136 151
69 70
193 194
176 191
129 144
41 56
188 203
182 197
45 60
66 67
206 207
83 84
194 209
25 40
166 167
218 219
80 95
85 86
97 112
57 58
21 36
153 168
185 200
61 62
157 172
189 204
158 159
210 211
55 70
110 125
49 50
0 15
143 158
58 73
120 121
179 194
137 152
47 48
124 125
132 133
81 96
113 128
102 117
41 42
107 122
141 156
126 127
130 131
135 150
43 44
112 113
161 162
45 46
170 185
202 217
83 98
94 109
118 119
22 37
27 42
59 74
31 32
63 64
186 187
196 211
108 109
148 149
65 80
154 169
184 185
53 68
91 92
56 71
120 135
93 94
188 189
127 142
137 138
139 154
178 179
81 82
176 177
102 103
32 47
100 115
141 142
88 89
197 212
178 193
170 171
202 203
44 59
76 91
92 93
168 169
200 201
94 95
162 163
80 81
20 35
172 173
204 205
73 88
155 156
156 171
77 92
115 116
2 17
0 1
117 118
3 18
195 210
7 8
131 132
199 200
197 198
64 79
90 105
165 180
111 112
73 74
23 24
75 76
147 148
215 216
144 159
77 78
213 214
10 25
149 164
187 188
126 141
86 101
91 106
46 47
98 99
183 198
95 96
34 49
32 33
132 147
35 50
117 132
39 40
175 176
88 103
165 166
209 224
87 102
171 172
147 162
79 80
18 33
10 11
8 23
108 123
150 165
136 137
155 170
187 202
159 160
191 192
1 2
84 99
140 141
193 208
217 218
115 130
105 120
184 199
221 222
54 69
109 124
78 79
66 81
206 221
64 65
26 27
164 179
121 122
152 153
85 100
57 72
123 124
