nnodes nedges type
70 600 graph
nodename posx posy weight
0 -1.776941172183653 -2.3074038117144124 14
1 -0.7427098383005367 -2.654388005955689 43
2 -0.6726292370653059 -4.55128146697916 5
3 -0.030254671440285253 -2.878788973474757 10
4 -1.145528558569312 -4.4770338688672195 30
5 -2.2766328824657047 -2.903153732284997 21
6 -0.0005631821966051711 -2.681404762299007 78
7 -0.9601250656892693 -2.31453285678046 19
8 0.13151867640377224 -3.0158447720345207 3
9 -0.6963929630450333 -3.818288528156159 12
10 -0.6101266810292159 -1.9247179898029132 65
11 -2.0555288335314628 -3.4092561608758256 93
12 -0.7782182453391854 -3.3306897664526485 4
13 -0.06044044724860035 -2.3401851986230477 91
14 -0.8647175633459707 -3.573011494108851 25
15 -0.13723746781635143 -3.668582031434562 66
16 -1.5756073591074273 -3.7908389271431098 55
17 -2.2205744940376992 -3.6099309383955145 26
18 -0.3489582158135414 -2.2492681215992487 51
19 -1.3901531902186364 -2.436381666840414 60
20 -1.7039919910303953 -3.1289749417044157 16
21 -0.1599989279693129 -3.266597421307188 21
22 -1.488680506827182 -4.419092933029275 36
23 -1.9915879798994858 -3.78581509338281 87
24 -1.263223816935934 -3.4428866710467707 44
25 -1.1302379730584824 -3.13177259483956 4
26 0.22090000053632197 -3.3005913292887112 68
27 -1.1318236880927868 -2.364999874168144 14
28 -1.761675068246151 -4.370837631046939 73
29 -0.21571091556811553 -4.10533147838051 19
30 0.3591603559978489 -2.688960264459901 2
31 0.8332571478682776 -3.1436105113712545 4
32 -0.9408658700550682 -1.973910278155878 56
33 -1.4361382161123648 -2.183194510606075 3
34 -0.5004507918904271 -2.466464829553524 40
35 -0.20170921789506746 -4.587127514974443 6
36 -1.122584457275608 -2.8235993909216286 89
37 -2.2269114896232707 -3.874417118734367 62
38 -0.5936569095062418 -3.585406170694326 86
39 -1.2411874753622751 -3.6476351592174523 99
40 0.48035772360868567 -3.473882890285689 1
41 -1.0574154600251837 -3.9056263626758425 42
42 -0.4341125213465592 -3.262870391499803 78
43 -0.5149038522013294 -2.172507522263239 60
44 -0.5053487593762043 -4.483585969190641 36
45 -0.864964288259038 -2.995333076904475 36
46 -2.0751030169668856 -3.151269421307547 3
47 -1.676412918406849 -3.9240721371227236 11
48 -0.22987054422222247 -2.7360338550247203 82
49 -0.380949577904828 -4.245355059816363 61
50 -0.3715618811529303 -3.919987721176555 11
51 -1.643450352060047 -2.470643805865811 35
52 -1.0105827511549248 -4.341909893569502 73
53 -1.6023371531324306 -2.7286218173972436 82
54 0.10724121431943669 -3.786093453666325 84
55 -1.8854028485248524 -2.6978114516116354 32
56 -1.8522418705797061 -2.9460603967107133 24
57 0.049094737495904636 -4.069412756421503 86
58 -0.6960480233925098 -3.155477840875703 37
59 -0.5267474492465364 -2.892098629060292 17
60 0.4007450168094107 -3.6899238116469366 24
61 -1.7298887768702205 -3.4245956900177514 100
62 -1.3104373698328706 -3.0677907024152646 30
63 0.3483374773655449 -3.886843813633771 23
64 -1.01338751613003 -4.791536743541663 15
65 -0.7573647795194497 -4.236197268346799 33
66 -1.1214167733513591 -4.194888847352497 55
67 -1.9498008216287657 -4.085373166138272 94
68 0.27593136911066557 -4.341487194118224 38
69 -1.3226283165153419 -4.088554340561761 96
endpoint1 endpoint2
27 46
33 55
6 28
54 58
35 41
40 60
13 32
40 66
53 64
48 59
45 61
0 55
25 49
15 34
19 39
26 54
0 45
56 58
35 65
3 40
1 40
36 67
4 35
2 47
0 67
5 34
61 69
33 34
16 38
36 41
52 67
42 57
12 50
0 14
24 59
1 15
21 68
2 12
26 49
24 33
2 38
8 45
7 15
16 29
6 32
38 64
4 48
2 64
7 37
11 46
6 58
17 50
24 28
45 47
16 66
49 52
39 57
44 68
14 53
15 48
19 53
33 67
27 53
47 62
4 17
26 34
22 36
5 20
27 43
4 63
34 59
8 58
7 34
11 39
9 59
10 48
42 53
14 26
12 62
13 63
44 67
12 20
1 25
15 57
24 47
58 68
21 48
19 32
20 27
27 32
23 62
6 18
39 64
21 26
36 44
10 59
41 63
11 50
14 29
40 68
12 53
44 58
12 19
45 59
24 54
47 69
52 57
46 51
3 42
1 46
58 62
61 67
25 67
36 43
49 69
7 46
26 65
6 65
18 60
42 65
2 16
21 66
45 69
19 46
26 63
46 58
20 41
1 39
25 34
60 64
37 66
19 20
20 23
3 57
9 46
29 60
23 42
6 38
21 22
34 62
15 64
50 68
11 32
35 63
12 43
43 47
7 61
9 26
39 59
11 28
1 6
15 50
20 48
23 69
6 7
2 63
52 53
32 51
11 67
27 45
21 31
4 57
34 57
8 60
32 41
18 20
9 57
12 34
10 62
17 41
7 58
37 38
15 29
17 67
12 22
24 49
51 59
1 49
4 26
19 34
2 54
22 61
23 56
28 37
8 35
7 21
5 37
35 45
6 42
36 46
41 61
7 51
29 66
38 44
43 51
15 26
65 66
44 52
49 62
25 53
26 50
47 52
21 33
5 46
61 65
33 38
23 47
30 62
2 69
15 69
31 63
9 13
18 32
16 48
36 51
17 61
9 23
55 67
45 50
50 52
3 15
28 29
0 56
30 31
32 62
14 66
3 59
16 17
34 60
7 33
22 27
31 36
18 27
42 44
10 53
41 49
11 56
18 53
25 29
15 22
1 4
15 60
19 57
24 44
46 67
1 62
25 41
3 32
33 48
23 61
6 31
21 29
34 55
7 30
29 45
9 63
24 65
16 46
30 50
14 30
38 43
15 31
0 16
14 42
1 55
15 35
26 41
20 39
36 66
28 39
32 34
29 38
7 45
17 58
30 68
11 12
44 54
49 60
47 65
1 8
20 46
53 56
47 54
6 9
4 41
28 62
2 41
37 69
22 44
33 36
16 28
4 55
17 25
7 42
35 58
18 30
12 40
8 24
18 56
24 27
38 63
45 48
25 26
16 65
39 62
11 27
14 52
15 49
8 68
0 58
5 11
34 58
8 57
41 45
50 64
11 36
18 25
23 28
40 54
12 39
4 68
42 52
14 21
12 61
39 55
11 16
44 66
41 64
14 63
13 26
51 54
23 65
25 47
2 59
27 33
59 65
39 65
54 59
4 37
5 56
29 43
35 40
9 61
30 48
4 67
41 56
11 51
42 63
14 28
12 52
39 44
48 60
45 60
49 57
13 19
2 24
14 40
25 48
2 50
0 46
22 49
5 7
21 36
4 44
32 36
59 60
30 59
8 13
61 62
12 51
44 48
45 53
50 57
21 67
26 62
9 69
1 32
21 45
37 67
2 39
28 56
32 59
40 43
30 34
38 65
15 65
41 42
40 49
36 63
13 43
37 62
9 27
14 16
44 69
0 6
27 30
19 52
26 57
3 25
25 36
2 62
29 54
27 42
4 56
7 29
6 50
7 59
13 36
37 39
38 52
10 27
43 59
24 48
23 67
58 69
2 57
26 42
5 28
21 25
8 34
9 35
24 69
16 34
30 54
41 62
7 48
16 56
40 69
39 46
13 55
65 67
44 59
0 20
1 17
49 63
0 10
50 60
56 61
53 59
27 56
3 45
47 53
6 10
28 35
5 47
61 66
59 62
33 39
31 60
35 57
12 45
65 68
37 51
9 16
45 51
50 55
24 62
14 49
3 12
21 65
19 49
0 39
24 36
3 18
25 33
19 23
37 65
34 69
26 38
3 56
6 39
35 62
18 26
42 47
10 52
11 57
38 51
15 23
39 58
20 66
0 24
41 67
12 24
15 61
20 49
27 54
25 42
4 28
52 54
2 60
11 66
29 52
39 68
17 22
32 42
22 29
5 59
18 21
9 56
33 43
40 58
4 64
12 57
43 61
17 66
1 30
66 68
15 58
2 29
0 53
14 37
46 69
51 58
1 48
25 51
26 40
46 47
20 38
62 69
59 69
13 65
5 36
29 39
6 43
8 10
41 60
49 65
37 46
11 55
29 65
18 38
42 59
17 33
36 53
8 16
2 20
14 44
3 9
1 9
25 52
35 68
20 45
3 47
9 64
27 58
58 61
8 43
48 66
3 53
9 42
23 46
38 66
30 63
10 33
5 55
18 33
3 66
8 23
9 22
18 59
10 21
49 54
11 24
14 55
25 61
45 66
4 9
2 9
24 38
5 12
29 31
1 36
25 39
21 41
7 10
5 22
3 58
33 62
38 69
8 56
41 46
11 37
18 24
6 63
51 69
17 53
7 62
13 39
18 50
42 55
12 60
12 26
1 27
13 27
19 56
24 45
14 32
46 64
3 29
1 61
