nnodes nedges type
70 600 graph
nodename posx posy weight
0 0.04867407706854191 2.6547149160788814 89
1 1.5949981412990308 2.83911702324227 57
2 1.2663759967018313 0.39110253663960576 28
3 0.5804412800216732 2.1908339663560223 93
4 0.3239331883551956 2.6844137874264855 52
5 1.4779692202636805 0.8779285943607066 39
6 1.9997505347446942 1.570816070869638 45
7 1.7005531852531353 1.6836247831247182 45
8 1.0936132633168179 0.971077374469916 35
9 0.2776407382624423 2.0304774933302987 17
10 2.014348016774757 2.3089106582745673 94
11 2.5517348497074392 1.8733095607536994 7
12 0.8107555713976113 1.8627420669117596 31
13 1.9541466988927862 0.49543029920741805 84
14 0.14530879949103506 2.1749452777576344 51
15 0.6306396990384087 2.487354318245792 63
16 0.7261674222727513 1.3301675683867673 75
17 0.20317608847528323 1.3735147740396412 60
18 1.3825416020580443 2.5938203929479045 86
19 1.7674210312174103 1.001684624218624 19
20 0.826853041538365 1.077372075865569 48
21 1.1985930244479437 2.82017600440025 88
22 1.7559158466329121 2.430295814208459 74
23 2.035119300634564 2.60974486319525 88
24 0.7701033110571127 2.7115927995197397 24
25 1.5073083762143544 2.0356063822749637 91
26 0.3234468019373174 1.8459902420651562 93
27 -0.10105574083859542 1.8472929915046739 71
28 1.02018355202738 2.8997315081316954 11
29 -0.03275092819825556 1.7055010037450349 61
30 1.3223736834783473 1.8225862067651755 31
31 1.549391790649444 1.491409725342964 22
32 2.151663561168152 2.165926383613249 50
33 1.0508868277606689 2.0999388593464734 96
34 2.3941826803742967 2.7167197752011103 47
35 0.3692866737838544 1.574828300110299 18
36 1.4515995408743543 2.825416093028525 5
37 1.9564224681621794 1.2621533363688064 53
38 0.5319554830395749 1.8717357191381714 91
39 2.3002262729675826 0.8823945818322195 73
40 0.7948781281699944 2.918268768394215 25
41 2.4251377211504845 1.548296999918421 38
42 0.43817691549184323 2.891193248919384 29
43 -0.026957771185752568 0.7952007222590076 2
44 1.6415534849848938 0.850798992685602 17
45 0.29956052692469043 0.5711011862541051 19
46 0.6622614518672765 0.24552494228586796 16
47 2.2514780272134263 1.4517395583442494 99
48 -0.18998702454260563 1.3530714520053393 43
49 0.8956375417632126 1.5349308747825698 13
50 2.276705227854492 1.2012688685847066 55
51 1.5898105834987337 1.8628501581632348 86
52 1.3069351054891711 1.3381060435733032 75
53 1.121205691385715 1.6174653752712655 76
54 1.122014924850491 2.4477130142347283 15
55 -0.21628084872638703 2.3366239493474037 49
56 1.432945905058863 0.6072906703711902 27
57 2.009499165899237 2.027599631511456 4
58 1.0409787621033428 0.5575859597527635 67
59 0.5536859821785669 1.204187602379428 42
60 0.03855987303580268 1.1217713035817416 19
61 1.1633221085791943 2.310335898112309 31
62 0.6220245959730082 0.5884251180803979 13
63 2.4391313819896965 1.7287762627058332 42
64 1.1828435590561155 1.192645571356204 63
65 1.6995931719769435 0.47821941627471337 4
66 1.9830462735315497 0.9731755265114079 34
67 0.5206871061458128 0.9685809897531246 54
68 0.8204397957113183 0.6306539618898329 39
69 1.8691149799127447 2.0606696064464236 27
endpoint1 endpoint2
32 54
20 25
62 64
8 63
5 57
27 68
33 41
6 54
40 60
1 64
10 61
52 68
18 45
12 59
7 68
48 59
12 17
49 58
19 65
0 55
20 58
51 60
25 49
58 65
15 34
21 59
19 39
12 69
23 53
21 37
2 47
29 37
35 46
59 61
16 38
34 41
17 39
61 63
26 67
42 57
43 52
30 69
47 64
27 60
1 33
47 49
2 38
8 45
20 21
6 32
4 48
18 31
43 45
8 25
14 19
10 19
39 57
44 68
50 51
45 64
27 53
25 37
4 17
28 54
3 60
27 43
33 60
23 33
30 36
8 58
50 65
63 65
5 62
31 33
16 42
6 61
40 55
7 56
13 37
38 55
11 19
0 28
14 60
12 20
33 68
19 32
5 29
29 48
23 62
30 47
54 56
4 38
39 64
29 42
9 60
30 49
10 59
34 44
7 49
11 50
35 49
14 29
44 58
12 19
49 56
19 67
0 9
24 54
3 4
15 44
21 57
3 42
9 67
2 45
8 40
22 40
5 32
3 48
25 67
30 56
31 61
35 54
9 15
16 62
6 65
44 49
9 17
45 52
14 48
47 66
25 56
20 41
60 64
6 12
47 51
19 20
7 9
22 35
5 41
3 57
33 57
16 31
30 35
31 58
5 51
16 53
6 56
51 64
37 61
24 30
14 17
38 50
16 68
25 31
15 20
20 65
1 6
56 65
0 61
5 8
20 48
3 24
27 55
23 69
26 32
22 58
20 30
6 25
39 69
7 28
31 35
63 67
35 36
10 62
14 24
53 67
17 67
64 69
15 29
0 30
41 69
15 59
19 60
46 68
23 66
58 66
0 42
22 61
6 16
4 32
13 66
35 45
16 35
41 61
26 68
35 51
16 57
38 44
15 26
65 66
44 52
0 21
7 64
13 16
19 69
43 64
46 49
20 44
12 65
57 63
47 52
58 60
32 39
5 46
25 65
8 48
35 56
18 32
3 67
31 69
13 47
37 50
24 25
49 55
11 25
50 52
14 54
8 66
45 67
26 61
46 56
3 21
21 42
37 64
7 11
33 63
23 36
16 17
17 28
63 68
5 49
40 52
17 54
41 49
8 29
18 53
42 54
14 23
15 22
11 30
41 66
1 4
19 57
14 35
46 67
51 52
4 29
19 31
2 61
28 50
32 53
14 69
11 69
62 67
33 48
6 31
30 40
8 62
5 58
33 42
30 50
7 52
11 49
42 49
38 43
15 31
44 63
45 62
49 59
22 64
19 62
1 55
25 50
12 68
27 36
1 41
8 37
7 23
55 57
16 37
36 40
10 39
52 66
34 40
7 45
29 64
35 53
12 49
43 53
8 17
7 66
50 59
21 69
26 48
24 32
20 46
53 56
12 67
1 34
27 61
6 9
22 44
16 28
38 67
23 41
2 67
5 54
12 40
36 61
17 51
9 21
10 18
16 65
25 26
0 4
14 52
45 65
28 31
5 11
29 30
47 63
3 61
27 40
30 39
4 62
17 18
11 36
9 52
23 28
40 54
10 51
8 31
37 57
18 51
38 54
15 16
41 64
18 66
1 26
56 69
19 59
13 26
0 49
14 33
3 28
51 54
25 47
15 36
21 49
19 33
20 26
29 49
23 63
39 65
36 69
8 32
7 24
13 69
9 61
52 69
17 45
12 52
39 44
13 57
30 67
2 24
24 53
14 40
51 63
4 6
56 59
46 50
53 61
57 58
23 52
6 20
28 33
8 39
55 59
36 42
8 13
9 18
38 58
45 53
43 68
50 57
15 42
2 13
26 62
1 32
48 69
29 61
25 69
16 30
8 52
7 36
8 26
13 43
28 69
24 29
45 46
16 67
15 21
1 7
33 66
46 60
3 25
1 57
25 36
2 62
32 50
22 37
5 19
20 29
33 51
16 21
30 37
8 59
35 37
27 64
9 58
16 43
18 23
36 38
41 53
37 39
9 28
14 27
38 52
53 68
15 18
2 31
20 62
3 30
15 38
21 63
4 25
26 42
33 52
23 57
6 19
21 25
54 57
28 36
34 51
55 60
35 42
24 69
10 56
29 67
35 48
18 40
30 65
44 59
7 65
0 10
14 46
3 7
1 11
32 64
23 54
3 51
59 62
25 66
6 44
49 68
7 41
3 64
17 62
37 51
44 50
2 17
1 12
4 15
2 11
24 36
46 59
60 65
6 13
4 21
7 8
22 32
9 45
6 39
30 32
34 63
15 67
17 29
31 37
35 62
18 26
40 51
12 36
43 46
17 55
13 41
31 67
5 67
25 30
11 31
0 24
46 66
3 27
27 54
47 59
28 49
32 52
5 17
27 44
6 30
39 68
31 34
5 59
24 64
12 35
10 63
18 47
44 62
51 58
52 61
0 43
1 42
28 38
8 36
9 33
36 47
10 38
17 33
18 38
42 59
12 48
36 53
44 53
7 67
12 14
2 20
0 12
3 9
35 68
22 53
3 47
12 66
60 68
1 35
6 8
4 40
8 43
22 47
48 66
3 53
4 54
17 26
35 59
18 33
54 66
31 68
9 22
24 26
25 27
16 64
20 69
50 53
0 3
14 55
3 14
25 61
4 9
24 38
5 12
60 67
32 63
7 10
5 22
3 58
30 38
10 40
11 37
10 50
51 69
17 53
37 58
9 31
14 20
38 49
64 65
39 52
26 27
41 65
18 69
20 51
