nnodes nedges type
70 600 graph
nodename posx posy weight
0 -2.8140300724365264 0.2612308735749187 91
1 -2.9717076393503588 -0.25241594034679954 26
2 -2.739202738950231 -0.9391681229168707 78
3 -3.301892024919512 -0.5043264474384731 55
4 -3.0880425694613587 -1.7995151648244732 42
5 -1.8581878117217066 -1.1185544321497043 21
6 -3.5669533977651624 -0.6125384752458982 43
7 -3.1754470849557355 -1.5708476231563477 48
8 -1.1797017727936092 -0.8860718649281073 15
9 -2.595690138100082 -1.2011947301568897 43
10 -2.3991042667182416 -0.5816111538687655 23
11 -2.0755183274698217 -1.2352270673940982 89
12 -1.5781761908257264 -0.28717772477925096 39
13 -2.7947630444791383 -1.296269129285315 8
14 -1.4838658710788577 -1.9875767134249087 33
15 -3.5174757956991716 -1.1411029807160182 24
16 -3.797941678421644 -1.7143528003317532 40
17 -2.0156014647120934 -2.292834303067595 97
18 -3.678512698611085 -1.2312710774090334 95
19 -2.373351574248793 -2.0388021693470897 71
20 -3.471915665102267 -1.5163115444706188 16
21 -2.6902996896255402 -1.8400482290769213 15
22 -3.312627706453146 -1.353383430383684 59
23 -2.584527446391316 0.18270345776456143 60
24 -2.474874660149167 -1.7016156936231965 24
25 -1.607311335559756 -1.2077137198766894 95
26 -2.273396670349555 -1.1502856648926256 96
27 -2.115231596884045 -2.319811265757011 61
28 -3.227132021950921 -0.2510484723602015 85
29 -2.626756056285088 -0.3046726792243662 36
30 -3.80702297752511 -0.659227519040934 68
31 -2.0056745866554087 0.09169917997163497 32
32 -1.5589488182261637 -1.5590457239792934 1
33 -3.8230594080150673 -0.9228072826305316 94
34 -3.771136808861905 -0.28297686687474544 99
35 -1.4632712385550282 -0.2684002536920528 24
36 -1.1912212829359263 -1.6551936622117829 78
37 -2.5961489822580823 -2.1642612538408783 97
38 -3.1093836430551853 -0.6989156254704987 87
39 -3.070880459858211 0.39925188078897045 87
40 -2.937997961850418 -0.9475626477674245 100
41 -2.202017021399401 -1.509255261203438 26
42 -1.4939941204134153 -1.402529094916035 42
43 -1.1367521358436543 -1.192449023593958 53
44 -3.7275174326188973 -1.5326160938454914 45
45 -2.8072775326167823 -2.201518283657994 85
46 -2.766892327397198 -0.6581516697950491 70
47 -1.8589422816100396 -0.08796654012751125 4
48 -1.6986830654318024 -0.5263791260001347 66
49 -1.9055380892861629 -0.5664321666298368 76
50 -3.3145802025536235 -0.9662463849809291 73
51 -2.7735576612033856 -1.4632482288558422 80
52 -3.1973415000053063 0.15550183253627012 76
53 -2.0989546387834115 0.3522078906281751 16
54 -2.0968452887292774 -0.45919076657258184 26
55 -1.6487763977985477 -0.866327260373962 12
56 -1.9807717073074347 -1.3934549338063293 72
57 -3.5248653302366466 -0.09107728609440201 25
58 -2.975245183853997 -2.023249261395842 8
59 -1.9015304571514515 -1.8697487452097539 7
60 -3.306711856328452 -1.9455578970351681 71
61 -2.622072914520821 0.44435912522601845 40
62 -1.6625568146386103 0.005449364674928285 28
63 -1.2637239020881679 -0.6536026852051778 60
64 -3.080131431836129 -2.407814182488862 84
65 -2.09281662469998 -0.7310359084563403 78
66 -2.624108500955021 -0.5771612988918587 40
67 -2.3337517721143306 -0.21322308834033724 79
68 -2.24177255997135 0.12729014863510646 80
69 -2.137221954507103 -1.717807626867728 73
endpoint1 endpoint2
26 47
32 54
22 57
5 31
29 50
20 25
21 28
30 51
18 45
43 63
17 64
30 66
11 22
44 56
7 68
48 59
22 65
25 49
4 5
35 65
56 58
5 24
6 23
54 61
32 35
16 38
30 58
37 44
26 67
36 55
9 19
42 67
2 18
24 59
1 15
26 49
24 33
21 46
8 45
58 59
5 43
48 68
3 55
29 62
10 47
2 64
41 43
31 56
35 61
9 50
6 58
8 25
18 57
14 19
16 66
39 57
50 51
12 29
46 63
5 10
3 22
21 55
19 27
28 54
2 33
14 65
29 55
23 33
50 65
22 30
42 43
23 31
4 69
10 48
7 56
13 37
9 29
38 55
12 62
10 26
43 56
2 30
24 47
3 31
51 57
2 56
26 45
5 29
29 48
27 32
4 38
6 52
10 59
17 44
41 63
40 68
43 49
15 24
13 56
1 18
49 56
13 18
47 69
51 62
25 55
52 57
2 51
46 51
3 42
23 55
6 21
28 34
22 40
61 67
59 63
36 43
8 14
37 42
26 65
18 34
36 49
13 49
18 60
42 65
55 65
21 66
20 41
57 66
19 20
37 66
3 57
33 57
40 44
21 22
4 50
8 53
9 48
12 43
5 68
14 17
10 17
25 31
14 59
13 30
2 5
20 48
10 69
1 56
4 19
19 29
2 63
20 30
29 53
27 45
33 50
7 28
22 28
32 41
29 47
63 67
23 25
17 41
11 63
18 46
53 67
10 24
43 58
15 29
39 48
48 56
1 31
22 66
19 60
2 28
15 33
2 54
5 27
62 68
31 40
5 37
9 34
6 42
1 68
10 57
8 9
31 54
11 52
38 44
15 26
13 54
7 64
12 13
22 69
19 69
1 10
25 53
15 46
19 43
2 49
35 69
46 49
3 44
9 65
1 44
23 49
12 65
47 52
48 65
61 65
29 33
9 43
33 38
16 26
25 65
4 53
37 40
11 45
38 39
44 51
18 58
24 25
38 57
45 50
0 2
3 15
25 62
21 64
2 8
5 13
21 42
37 64
7 11
32 62
5 23
34 60
50 66
22 27
9 54
36 58
10 53
9 24
5 66
38 48
10 31
15 22
39 53
44 64
12 25
2 3
0 63
3 26
26 46
22 56
11 69
62 67
4 59
8 62
29 45
6 49
30 50
40 59
11 49
17 65
13 59
7 69
1 29
49 59
13 21
2 26
0 54
14 42
21 60
3 41
6 22
36 66
0 66
5 35
35 47
16 37
6 40
10 39
34 40
8 11
17 32
26 66
9 10
42 56
62 63
36 54
12 49
30 68
7 66
15 40
24 32
57 61
6 9
47 54
4 41
37 69
2 41
28 62
9 41
16 28
38 67
2 67
17 25
34 35
31 57
5 54
11 47
16 50
12 40
3 69
9 21
24 27
14 18
10 18
49 53
11 27
12 28
2 6
3 23
1 59
21 40
4 16
26 37
29 56
30 39
31 38
5 63
9 52
6 60
8 31
41 55
7 57
18 51
12 61
10 29
41 64
1 26
56 69
13 26
46 65
20 60
51 54
25 47
2 59
32 55
5 30
3 34
33 54
30 46
4 37
34 53
31 47
33 40
40 61
10 58
11 51
29 69
38 41
12 52
39 44
0 18
13 19
19 64
50 62
20 59
51 63
0 46
46 50
20 33
53 61
1 47
23 52
6 20
4 44
28 33
0 68
32 36
9 38
34 38
11 40
35 55
16 61
12 51
43 55
13 50
1 20
43 68
24 60
26 62
24 34
46 53
20 40
9 69
25 35
47 48
21 45
19 21
8 46
32 59
22 34
29 61
33 58
6 33
30 34
15 65
41 42
18 28
31 65
5 69
44 69
15 51
19 52
46 60
10 68
21 54
28 55
26 35
29 54
31 32
11 38
9 58
6 50
40 56
11 60
9 28
12 63
18 64
13 24
24 48
4 25
2 57
22 60
27 35
23 57
30 44
39 67
21 25
32 47
13 67
31 41
55 60
24 69
10 56
7 48
18 40
40 69
13 55
0 20
43 65
0 10
50 60
24 55
3 7
1 11
19 40
26 53
32 64
35 66
6 10
4 46
8 41
32 38
22 41
7 19
6 44
37 51
45 51
10 23
15 52
4 15
57 65
47 50
4 21
37 65
19 23
26 38
9 45
63 69
12 36
43 46
41 50
37 60
5 67
38 51
41 67
12 24
56 66
0 62
5 17
11 66
14 68
62 66
33 49
29 52
28 47
22 29
5 59
35 39
24 64
4 64
10 63
11 62
42 48
14 25
15 28
13 60
1 30
66 68
0 53
24 50
14 37
51 58
25 51
58 67
15 32
5 26
27 37
1 42
4 33
54 63
8 36
0 65
7 50
31 49
37 46
38 45
17 59
55 69
49 61
2 20
15 41
2 14
35 68
20 45
12 66
27 58
1 35
9 64
28 61
32 56
9 42
33 37
16 27
23 46
4 54
17 26
5 55
6 68
12 47
36 60
13 46
24 26
48 55
45 49
16 64
25 27
0 3
4 9
28 30
19 51
0 57
46 57
3 20
27 51
60 67
19 25
28 52
5 22
16 18
23 39
30 38
10 40
8 56
7 32
31 39
50 67
41 46
11 37
10 50
41 48
13 39
37 58
11 59
42 55
5 65
38 49
15 17
39 52
26 27
18 69
13 27
0 48
24 45
20 51
1 61
25 40
21 50
