nnodes nedges type
70 600 graph
nodename posx posy weight
0 -1.1251751901944582 3.331302764860503 36
1 -1.9676403125343707 4.199198360332884 93
2 -1.606117996133523 2.6373933857022367 25
3 -0.9794509331744684 2.2124377682358927 87
4 -2.446927200111567 3.210910905837549 97
5 -2.5859794732010295 2.1382554308323805 28
6 -3.2873489466300607 3.250703890412004 39
7 -2.3237250987072455 2.185614039686686 47
8 -2.9753798464061068 3.122305326531213 8
9 -1.4386156286453098 2.041659653000265 33
10 -1.42401022332801 4.082944174468172 11
11 -1.9439454621063534 3.0660108849768544 53
12 -1.9889581040770763 2.2618309030381187 100
13 -0.9097501790325345 3.9378316038475933 24
14 -0.963924248565399 3.2122998007472305 46
15 -1.7527433291211365 1.8247367375534775 97
16 -3.1351217701923986 3.828241846233557 57
17 -2.2793848324417008 4.475815828695805 35
18 -2.501412857792798 3.6829080362223334 58
19 -1.2269665297143675 3.482752068463009 26
20 -2.2196080843193986 2.884131764819347 47
21 -3.493296198888345 2.921027196522715 29
22 -2.5598852207835012 2.7593419820800507 8
23 -2.9004958942854357 1.6768071259446589 34
24 -1.9860225550274688 3.809800036013764 20
25 -1.920065295905331 3.4530173902564587 11
26 -0.5154965323914159 3.3820755057076597 95
27 -1.462283409489282 3.6180680277149087 63
28 -2.7261048706926054 3.3563304696902145 58
29 -1.622445196894208 4.233962996610866 100
30 -2.57141775110793 1.6782335866838909 55
31 -1.6589402105386408 3.226444648360311 19
32 -1.0110413879451097 3.58612946297665 54
33 -2.3367517928280455 1.7346578706023021 31
34 -2.1303891200025924 3.0664420874679386 67
35 -2.8270097985432536 2.1583705367748753 4
36 -2.9004545600215907 2.92897535024674 97
37 -2.1055859949188975 3.3651219228099203 12
38 -3.3294280454317193 2.475963881162458 97
39 -1.7000998860771888 2.060006143878038 21
40 -1.281152498202622 1.8411391714587835 2
41 -2.6824602685762793 3.927570317045699 30
42 -2.282530237650046 2.555217734361144 53
43 -3.0483819383097206 2.352715960750729 42
44 -2.5872807416595514 2.437045971504005 44
45 -2.564497542857493 4.197143861005583 23
46 -3.318371818097045 3.0342021805967017 89
47 -0.8170049064330006 2.95934372935175 95
48 -2.8546716797296434 3.575668648722565 28
49 -0.9144022039311653 2.48973591726526 55
50 -0.8639324559966041 2.651926372428651 66
51 -2.0714532973686306 2.600209365349589 55
52 -1.292768793254875 2.497065058903663 36
53 -1.1275604369950227 2.8714754841553316 89
54 -1.3981467530959644 3.0524884491301965 82
55 -1.644049281973635 3.7139919213107566 7
56 -2.8595224304848204 2.4609912313080855 59
57 -3.1471149308473234 2.753868296933076 52
58 -1.8797738058791613 2.829985141638942 9
59 -1.8202745571522712 1.7438086989629984 35
60 -2.8605214337966545 3.8462572758560625 81
61 -2.0216834081717208 2.042693308510885 46
62 -2.0511182360834366 1.6482240012625615 72
63 -2.319282749413455 4.188648614227059 63
64 -1.2954936059872497 3.9112606684929774 39
65 -1.2011460426731124 2.052199758495102 77
66 -2.176288761084566 3.9446433000995156 21
67 -0.6099617173201449 2.9980962643284537 18
68 -1.6698418782644022 2.54995346234512 20
69 -2.253100992908593 3.3028155319627417 80
endpoint1 endpoint2
26 47
5 31
11 68
20 25
54 58
8 63
5 57
27 68
34 46
18 45
42 62
15 30
11 22
7 68
1 28
22 65
0 55
24 52
51 60
58 65
4 5
2 53
26 54
3 40
53 62
6 23
54 61
30 58
60 62
10 36
34 41
37 44
35 52
18 36
12 50
8 18
39 42
37 54
44 55
9 19
43 69
2 18
47 64
25 58
57 60
4 42
28 63
37 68
58 59
48 68
20 21
40 42
8 51
41 43
31 56
11 46
35 61
9 50
16 51
3 68
37 63
18 57
16 66
44 68
50 51
27 31
45 64
2 7
3 22
27 53
21 55
4 17
28 54
34 65
2 33
22 36
20 28
29 55
11 65
34 59
41 44
22 30
5 62
50 65
9 59
40 55
6 61
36 37
7 56
10 26
64 67
13 25
2 30
3 31
25 46
21 48
29 48
23 62
4 38
7 27
13 68
29 42
40 62
34 44
41 63
40 68
12 53
44 58
2 25
24 54
14 41
51 62
25 55
52 57
26 52
2 51
6 21
21 35
4 45
28 34
36 43
17 37
7 46
37 42
9 15
65 69
13 49
42 65
50 54
14 48
68 69
45 69
4 14
2 10
5 15
60 64
25 34
21 44
4 20
19 20
25 68
40 44
21 22
23 42
10 45
40 50
8 27
7 61
41 51
18 55
5 68
15 20
0 7
12 31
0 61
33 65
10 69
25 43
4 19
19 29
5 18
27 45
30 42
4 57
28 46
34 57
7 28
35 36
9 57
18 20
6 51
17 41
53 67
11 21
48 56
22 66
0 52
20 63
51 59
15 33
19 34
52 60
0 42
62 68
27 34
3 39
6 16
34 48
8 35
0 64
13 66
55 63
7 21
9 34
6 42
1 68
52 64
35 51
16 57
19 69
0 11
52 59
2 49
26 50
22 52
12 65
23 49
47 52
2 43
8 42
5 46
61 65
6 45
2 69
15 69
7 40
16 48
12 46
37 50
18 58
24 25
55 67
10 20
49 55
14 54
28 29
24 37
20 43
1 37
30 31
2 34
7 11
23 36
4 60
34 60
22 27
40 52
12 37
31 66
11 56
20 67
0 25
13 28
2 3
24 44
20 50
25 41
47 58
19 31
2 61
20 24
27 47
27 69
16 46
53 65
0 16
7 69
1 29
51 61
15 35
52 62
22 51
5 25
53 63
59 68
1 41
6 22
21 38
36 66
28 39
7 23
13 64
5 35
55 57
31 42
10 39
49 64
31 48
12 49
39 43
55 68
45 55
24 58
47 65
25 59
15 40
32 67
24 32
20 46
12 67
47 54
54 55
4 41
29 63
3 52
9 41
5 54
11 47
35 58
8 24
37 48
18 56
38 63
39 62
0 4
12 28
8 68
0 58
24 39
2 32
22 39
3 61
10 41
17 18
50 64
22 25
11 36
9 52
18 25
16 41
6 60
9 30
43 57
64 66
44 66
33 69
20 60
1 60
25 47
15 36
23 65
4 31
19 33
32 55
5 30
59 65
6 29
39 65
54 59
36 69
34 53
8 32
31 47
9 61
40 61
10 58
34 47
7 54
42 63
39 44
44 57
1 19
13 19
2 24
50 62
24 53
14 40
20 59
1 53
25 48
2 50
35 64
20 33
53 61
57 58
2 44
0 68
22 43
61 68
3 49
11 40
26 64
37 53
11 14
18 63
2 19
24 60
1 14
4 13
0 37
32 69
27 63
1 32
4 43
28 56
5 42
20 22
40 43
6 33
4 49
17 31
7 36
18 28
12 42
51 65
44 47
9 27
24 29
38 61
26 31
14 58
15 51
13 31
19 52
5 9
3 25
28 55
2 62
32 50
33 51
16 21
6 24
30 37
4 56
34 56
5 61
27 64
40 56
37 39
42 50
14 27
53 68
43 59
39 49
11 18
0 29
12 21
2 31
3 36
33 52
23 57
30 44
4 39
34 51
31 41
5 38
35 42
36 45
34 45
31 55
11 53
29 67
16 56
43 48
17 69
65 67
45 58
22 68
19 66
1 11
25 54
2 48
52 58
56 61
46 48
20 35
28 35
2 42
7 19
48 64
61 66
3 51
33 39
25 66
16 25
34 36
49 68
31 60
11 42
9 14
16 63
10 13
18 61
14 15
38 56
50 55
3 12
15 52
19 49
1 38
21 43
28 58
22 32
29 59
33 56
17 29
50 69
31 37
35 62
18 26
12 36
8 28
17 55
11 57
24 31
5 67
0 24
13 29
24 43
14 34
3 27
25 42
4 28
52 54
32 52
8 61
17 22
9 56
24 64
16 45
6 48
27 66
12 35
1 66
7 53
18 47
12 57
10 25
15 28
44 62
19 63
0 53
25 51
15 32
4 27
19 37
52 61
26 40
20 38
27 37
23 59
4 33
54 63
28 38
5 36
33 44
16 36
6 43
52 65
37 46
16 58
36 53
39 40
13 53
49 61
3 9
2 14
35 68
26 51
46 54
20 45
12 66
3 47
1 35
47 55
32 56
9 42
25 64
6 34
2 66
8 49
31 62
12 47
54 66
17 60
8 23
31 68
38 62
16 64
11 24
0 3
29 31
3 20
27 51
21 41
2 35
34 67
38 69
30 38
34 61
8 56
50 67
5 48
18 24
42 45
12 38
10 50
41 48
37 58
11 59
14 20
64 65
11 17
0 26
56 68
24 45
51 55
15 37
4 30
28 51
