nnodes nedges type
70 600 graph
nodename posx posy weight
0 -2.4274625301121797 6.231550768537456 36
1 -3.6580574005844753 4.027060421743455 94
2 -2.0959762050419246 4.985433055661353 48
3 -1.9904919132283148 5.242062431907501 83
4 -1.6291098555175505 4.83460976252366 30
5 -2.060304483478737 6.139006633083349 71
6 -4.2892065640404 4.66173341171013 39
7 -2.524671625097016 6.42480188946649 92
8 -2.408884315675435 4.058321983038766 25
9 -2.7128749331322104 3.938649059494006 67
10 -4.276985034920386 5.87217055959102 67
11 -1.9057298244438652 4.135450495990811 93
12 -3.1183865344521737 4.39363887932676 68
13 -3.488152526178429 5.492220795497962 9
14 -2.273357770760276 5.203936791495634 66
15 -2.113581196087441 6.40791087669551 7
16 -3.173459695953247 4.164103552946841 72
17 -2.6016701783659344 4.113167774434917 62
18 -3.5301059584379524 4.385179919637952 15
19 -3.7593051032588765 4.551009859196746 85
20 -3.5268834715145982 4.238065976079616 72
21 -3.0002547472150987 3.99562551152819 17
22 -3.2747855907216565 6.280847635376514 77
23 -2.577637576712677 5.199087501728554 84
24 -3.647297498279119 6.338356576053284 81
25 -3.0029940580669323 5.853802914393859 42
26 -3.1289922895370883 4.722349925411811 69
27 -2.84418097360679 5.0322607126830095 35
28 -1.8965703704798862 5.641368151828919 8
29 -3.456486821135842 5.122633957540493 20
30 -1.863923348763078 4.513962697825609 88
31 -2.832499760470347 4.430047868827972 13
32 -4.06514191537681 4.24410170265841 35
33 -1.6178463714238376 5.1432093127068415 6
34 -2.6793874253869023 6.1936359369939336 76
35 -4.352052752802057 5.2285442133730236 36
36 -1.5418415598071487 5.435290597857517 27
37 -2.088623850503409 4.301899252755079 65
38 -3.0112702824225512 6.510710757431606 67
39 -3.962182174960513 4.639054074510765 34
40 -2.4925228308997576 4.278965760295647 84
41 -2.2777915592677203 5.701501683371025 8
42 -2.52814118258058 4.721013856027941 27
43 -3.688111919388269 6.003669321538809 70
44 -3.8930548271504466 5.6996763985606895 91
45 -3.848784881010971 5.179921057922107 25
46 -3.4606508951531483 6.504803611933757 80
47 -2.9745760362180675 5.3831130780643495 78
48 -2.9723815235030733 5.228252320281356 15
49 -3.357824519547656 3.931491674612362 21
50 -3.986693222919617 5.501971082458135 28
51 -3.23774089337458 5.825352702972797 97
52 -2.495466351326376 5.9410700864969295 40
53 -3.4222186321455395 5.869727513915149 21
54 -2.1654155185670234 4.669175342831876 26
55 -3.1084308010634247 3.515362965686375 38
56 -4.0028820703651125 4.921979710710166 5
57 -2.8346859968157623 4.796574761612266 53
58 -1.8736926214714116 4.782451313674322 97
59 -1.7118392020617186 5.892942153956565 86
60 -2.620098685510908 5.579194553702354 17
61 -2.1085925647662713 5.41054839938571 6
62 -3.3815066601507584 5.577371471060078 48
63 -3.2182586005048117 4.980969644658132 21
64 -3.8770351625182427 6.010068878235663 80
65 -2.695475824219061 5.805996829921815 19
66 -3.619008207681711 5.030598221661769 76
67 -2.403791546919217 5.5690833694831205 83
68 -3.0374551873925633 6.151746459042397 48
69 -4.220514828871308 5.145179652301122 41
endpoint1 endpoint2
26 47
29 50
62 64
21 28
54 58
36 68
30 41
17 20
32 44
7 25
31 44
8 63
23 26
52 68
13 32
18 45
14 31
40 66
12 17
22 65
1 54
51 60
15 34
20 32
1 40
23 53
36 67
2 47
0 67
35 46
59 61
33 34
60 62
34 41
8 12
7 44
61 63
42 57
16 60
12 50
36 55
8 18
39 42
37 54
9 19
48 50
0 14
3 11
25 58
19 44
46 52
27 60
47 49
58 59
7 15
8 45
48 68
20 21
16 29
4 48
10 47
41 43
5 53
44 46
9 20
18 57
24 28
38 60
39 57
45 64
26 56
0 59
4 17
28 54
19 27
34 65
14 65
29 55
3 60
33 60
30 36
4 63
8 58
41 44
5 62
27 65
42 43
16 42
23 31
12 32
10 48
13 37
37 56
42 53
53 69
43 56
13 63
44 67
0 28
13 25
0 50
24 47
14 38
3 31
26 45
5 29
29 48
20 27
23 62
6 18
21 26
30 47
8 33
13 68
24 68
41 63
31 52
14 29
38 46
40 68
15 24
12 19
1 18
50 63
3 4
19 41
26 52
35 67
27 57
6 21
2 45
22 40
29 35
3 48
59 63
9 37
7 46
3 65
13 49
24 61
25 56
21 66
4 14
0 38
24 35
27 62
57 66
47 51
6 12
2 36
32 60
22 35
8 53
15 64
31 58
17 30
50 68
9 48
6 56
51 64
43 47
8 27
37 61
14 17
38 50
5 68
10 17
26 28
1 6
19 55
25 43
21 53
28 48
52 53
26 32
16 22
6 25
21 31
4 57
39 69
34 57
22 28
5 60
29 47
10 62
41 52
11 63
53 67
43 58
48 56
18 65
1 31
15 59
2 28
51 59
23 66
58 66
15 33
1 49
2 54
26 43
62 68
6 16
39 66
54 62
22 23
29 40
49 66
41 61
11 52
12 55
36 52
65 66
44 52
12 13
45 57
1 16
22 69
19 69
25 53
2 49
52 59
47 52
21 33
2 43
5 46
61 65
23 47
8 48
17 27
18 32
31 69
13 47
44 51
48 54
45 50
49 55
50 52
14 54
3 15
25 62
4 8
2 8
3 21
57 64
21 42
2 34
34 66
22 33
14 66
5 23
34 60
7 33
63 68
9 54
10 53
51 66
17 54
25 29
39 53
11 30
20 67
44 64
56 67
20 50
3 26
51 52
25 41
26 46
62 67
6 31
30 40
5 58
29 45
4 65
17 47
41 58
42 49
14 30
38 43
12 58
53 65
15 31
17 65
44 63
22 64
19 62
2 26
0 54
1 55
25 50
2 52
22 51
53 63
27 36
54 60
28 39
4 34
7 23
13 64
0 66
16 37
60 61
49 64
29 64
11 54
26 66
6 66
62 63
13 52
43 66
0 13
1 8
25 59
26 48
3 46
27 61
57 61
47 54
22 44
48 67
3 52
9 41
40 41
7 42
5 54
18 30
16 50
54 67
44 45
18 56
24 27
38 63
45 48
0 4
25 60
45 65
26 59
46 62
3 23
27 50
25 38
47 63
34 64
27 40
16 19
50 64
40 54
12 39
10 51
7 57
13 38
37 57
11 58
12 61
44 66
41 64
1 26
14 33
46 65
3 28
1 60
32 55
62 65
59 65
4 37
28 42
34 53
32 45
13 69
31 47
30 48
4 67
34 47
29 69
11 51
12 52
43 62
48 60
50 62
14 40
51 63
19 38
26 55
53 61
27 38
23 52
6 20
5 33
61 68
60 63
34 38
8 13
18 63
45 53
0 15
50 57
14 51
24 60
19 47
37 67
19 21
7 14
22 34
48 69
5 42
3 54
9 47
25 69
16 30
10 44
15 65
11 33
17 49
13 43
44 47
9 27
24 29
38 61
39 56
12 30
0 60
3 25
1 57
57 68
10 68
21 54
4 18
19 26
2 62
6 24
34 56
63 64
5 61
31 32
9 58
18 23
23 30
12 33
13 36
18 49
14 27
12 63
53 68
39 49
0 29
13 24
19 61
2 31
20 62
15 38
21 63
19 35
0 41
3 36
59 67
5 38
9 35
1 69
34 45
7 48
29 67
18 40
65 67
47 68
3 7
15 47
21 56
2 48
20 35
12 64
3 45
23 54
47 53
48 64
25 66
6 44
30 57
10 35
2 68
7 41
18 35
10 13
17 62
8 21
37 51
9 16
45 51
45 68
19 49
20 42
37 65
2 37
17 29
7 38
8 54
63 69
15 67
16 54
43 46
13 41
11 57
16 69
15 23
25 30
11 31
13 29
20 49
10 66
25 42
29 52
27 44
23 34
16 23
39 68
34 54
35 39
18 21
9 56
40 58
1 66
41 59
7 53
13 34
18 47
42 48
14 25
53 66
39 51
11 20
44 62
48 57
13 22
0 53
46 69
58 67
52 61
26 40
46 47
62 69
1 42
54 63
13 65
5 36
35 44
9 33
6 43
36 47
29 65
42 59
16 58
44 53
7 67
12 14
1 23
49 61
25 52
15 41
19 42
2 14
26 51
56 63
12 66
27 58
1 35
21 32
58 61
32 56
48 66
33 37
17 26
7 43
9 12
38 62
25 27
39 63
20 69
27 29
28 30
0 57
24 38
3 20
27 51
32 63
22 38
14 67
5 22
23 39
6 63
8 30
41 48
28 65
18 50
14 20
5 65
44 65
14 62
18 69
19 56
46 64
