nnodes nedges type
70 600 graph
nodename posx posy weight
0 -2.6204676810166605 -2.483396743000338 49
1 -1.9454269688737076 -1.9092086894074132 84
2 -1.461190714128387 -3.316202693680437 42
3 -1.1532569759795315 -3.6837126903844153 9
4 -0.5270447815016638 -2.082375326135272 9
5 -1.1409617684154192 -1.6428581734858474 46
6 -2.2971874869881206 -2.93256058065863 54
7 -1.258422205746612 -2.20408445063871 93
8 -1.545019043709892 -1.457134661517791 96
9 -1.410621333982261 -2.9293843680618252 26
10 -0.9810422887234784 -2.1339576610107542 7
11 -1.6013926586895357 -3.900659685830305 52
12 -0.30709726782370816 -2.2859982216623944 74
13 -0.5042486110040574 -2.8869995162449027 72
14 -2.214032426604637 -3.101050483511402 36
15 -2.449169108248411 -2.4258455424090677 4
16 -1.9481995901697466 -1.4489786562947704 72
17 -2.4949090141266024 -1.7527146490250787 90
18 -2.3925680400258487 -2.1727400014310763 27
19 -0.17293775789777915 -2.5614403007222086 94
20 -1.6573720723098575 -1.8265100796366494 22
21 -0.38759067011301757 -3.540871512207059 27
22 0.2643441979057564 -2.8427595353520476 28
23 -0.8931093461304163 -1.8443698689543655 88
24 -2.4489575251549476 -3.598688225164778 100
25 -0.9291092940192719 -2.8003768245037426 90
26 -2.2073232398264864 -2.047079930734218 27
27 -0.4381675528643347 -3.3174333075794444 16
28 0.08882755100584933 -2.2355806866049543 87
29 -1.6860757189201987 -3.2017130206424302 85
30 -1.7250579201462093 -3.834177048799973 83
31 -0.8459471315146486 -2.516028016495751 60
32 -1.9841521949913712 -3.398599943043789 9
33 -1.6885956010360206 -2.4536047012545232 91
34 -1.1612969574207264 -1.3302877865844625 61
35 -1.9652178063147492 -2.4943630748994177 84
36 -1.9014043853614433 -3.8634692014459304 29
37 -0.6147226249938613 -3.790609124106774 77
38 -2.6828885182781685 -3.012133270527409 21
39 -0.8569160673107008 -1.655891417116503 39
40 -1.7686995651455415 -4.1971605737402875 14
41 -1.6026245014868221 -2.698268453191549 18
42 -2.7336769457892784 -3.4776534458135795 31
43 -2.2233506536522043 -2.3692206433560754 67
44 -0.9534943138659949 -3.0079217264814426 45
45 -2.3552372558248447 -3.3030545531881943 54
46 -1.928569403364346 -2.951433303033131 80
47 -1.262737381273443 -2.6993095287797026 29
48 -0.5233839663016665 -1.698512600912305 73
49 -1.2230290098957792 -1.897198688002502 9
50 -2.553741222847297 -2.7336523890130735 89
51 -0.6504358661611299 -3.0123226784231845 23
52 -1.013951476779323 -3.189104347558971 3
53 -0.6738261516825879 -2.7768410065185964 64
54 -0.007968904085298488 -3.0634866979185498 47
55 -1.0647025945282693 -3.5250814265419987 69
56 -1.110020648211496 -4.0590061377182876 14
57 -0.47336526851433225 -2.366382226852562 14
58 -1.4893960444690386 -1.9288118561689418 13
59 -0.7975419167089159 -3.497001733166949 33
60 -2.2052682704784092 -2.663741321023102 25
61 -0.6844349529030231 -2.2578567164870575 36
62 -0.7370046097992038 -4.057131779702963 54
63 -2.0467771531824908 -3.5931613713579815 87
64 -0.6206880546738134 -4.2050188238561805 51
65 -0.2378326166895442 -3.1922232371014023 92
66 -1.3938235534782557 -2.408291690982974 7
67 -1.1494743576039221 -3.336537336303292 5
68 -1.8165501402589255 -2.133329310647128 40
69 -1.744866820627284 -3.5161751512113617 92
endpoint1 endpoint2
26 47
11 68
3 35
17 20
5 57
35 41
9 62
16 47
30 51
4 66
12 59
53 64
15 30
13 58
44 56
0 17
19 65
2 27
24 52
14 43
25 49
4 5
19 39
52 63
2 53
22 48
20 32
54 61
36 67
7 22
9 39
33 34
16 38
6 41
36 41
31 51
37 44
35 52
18 36
36 55
10 14
8 18
44 55
1 21
49 51
43 69
25 58
2 12
20 47
57 60
58 59
7 15
48 68
6 32
4 48
10 47
5 53
6 58
3 68
36 62
54 64
17 50
16 66
49 52
14 53
12 29
19 53
24 40
5 10
1 58
19 27
5 20
33 60
23 33
28 44
50 65
7 34
9 59
42 43
23 31
40 55
36 37
10 48
7 56
13 37
37 56
41 54
14 26
39 54
64 67
12 20
33 68
14 38
24 47
25 46
15 39
27 32
59 64
30 47
54 56
33 47
36 44
35 49
14 29
38 46
12 53
44 58
45 59
19 67
47 69
51 62
25 55
4 7
52 57
26 52
5 6
27 57
2 45
9 37
34 39
9 15
3 65
37 52
55 65
38 59
0 38
46 58
3 19
1 39
47 51
19 20
28 57
3 57
9 46
21 22
8 53
50 68
35 63
9 48
42 46
18 29
12 43
10 55
41 51
13 42
18 55
24 30
5 68
16 68
15 20
39 59
46 61
20 48
27 55
25 43
47 56
4 19
28 48
29 53
11 67
21 31
7 28
22 28
5 60
32 41
18 20
7 58
13 35
43 58
15 29
64 69
11 21
44 61
0 30
1 31
13 23
24 49
14 36
46 68
15 33
21 62
19 34
26 43
0 42
4 32
34 48
55 63
35 45
36 46
52 64
8 9
41 61
49 66
37 47
39 41
65 66
12 13
35 69
0 33
46 49
20 44
3 44
1 44
6 11
2 43
48 65
29 33
9 43
33 38
25 65
6 45
30 62
4 53
15 69
31 63
37 40
16 48
36 51
17 61
13 47
31 69
18 58
45 50
0 2
4 8
2 8
46 56
5 13
3 21
20 43
30 31
37 64
34 66
32 62
14 66
9 44
16 17
6 36
10 43
34 60
15 66
63 68
41 49
31 66
37 59
14 23
25 29
41 66
12 25
18 68
13 28
56 67
14 35
46 67
20 50
10 67
25 41
19 31
2 61
5 16
14 69
11 69
62 67
20 24
3 32
23 61
21 29
4 59
34 55
27 69
33 42
23 27
6 49
9 63
7 52
41 58
7 69
48 58
1 29
66 69
14 42
51 61
25 50
26 41
0 44
22 51
53 63
3 41
4 34
2 46
7 23
13 64
5 35
9 32
36 40
10 39
18 39
8 17
13 52
37 55
0 23
0 13
21 69
3 46
27 61
1 34
23 51
21 47
2 41
33 36
23 41
30 60
10 46
34 35
7 42
35 58
3 69
54 67
17 51
13 45
44 45
14 18
38 63
49 53
0 4
27 28
4 10
2 6
47 63
29 56
10 41
34 58
17 18
7 35
8 57
41 45
11 36
9 52
16 41
6 60
51 68
8 31
41 55
37 57
14 21
15 16
39 55
67 68
14 63
18 66
19 59
33 69
14 33
20 60
25 47
19 33
2 59
22 62
62 65
6 29
30 46
54 59
29 43
35 40
24 67
6 55
4 67
17 45
11 51
42 63
30 67
45 60
14 40
25 48
15 45
52 56
0 46
56 59
53 61
27 38
3 43
57 58
1 47
6 20
2 44
8 39
5 33
61 68
29 36
16 39
36 42
60 63
17 38
61 62
12 51
37 53
44 48
18 63
48 51
38 58
50 57
1 14
2 13
1 32
57 67
6 15
47 48
37 67
8 46
32 59
20 22
29 61
3 54
6 33
2 65
5 52
11 33
9 49
36 63
10 54
8 26
10 16
11 29
26 31
27 30
56 64
0 60
24 41
3 25
47 57
22 37
33 51
23 32
30 37
32 40
63 64
5 61
35 37
18 23
16 43
12 33
41 53
11 60
18 49
12 63
53 68
39 49
11 18
19 61
3 30
23 67
25 45
4 25
3 36
33 52
6 19
21 25
7 26
24 69
40 63
1 69
17 35
31 55
40 69
12 54
13 55
25 54
15 47
35 66
0 32
26 53
1 45
23 54
47 53
32 38
7 19
59 62
6 44
11 42
36 50
10 13
9 16
14 15
10 23
39 61
0 1
15 52
45 68
2 11
46 59
4 21
26 38
29 59
30 32
31 37
40 51
51 67
43 46
7 60
37 60
9 25
5 67
39 58
26 29
24 43
46 66
3 27
28 49
52 54
32 52
29 52
53 55
11 66
6 30
28 47
32 42
35 39
9 56
33 43
27 66
11 62
14 25
10 25
43 61
44 62
48 57
12 23
45 63
66 68
15 58
24 50
1 48
15 32
21 61
2 55
26 40
52 61
5 26
3 38
62 69
27 37
4 33
36 65
55 62
33 44
8 10
49 65
31 49
7 50
11 55
26 69
16 58
12 48
8 16
55 69
45 56
27 58
9 64
2 40
58 61
8 43
48 66
3 53
10 33
2 66
8 49
12 47
36 60
10 11
3 66
17 60
31 68
55 66
25 27
25 61
45 66
24 38
46 57
29 31
60 67
25 39
28 52
14 67
30 38
34 61
50 67
42 45
36 59
9 31
5 65
67 69
15 17
15 63
19 56
20 51
3 29
25 40
4 30
28 51
2 58
