nnodes nedges type
70 600 graph
nodename posx posy weight
0 -0.11296774158094823 6.5063560739206885 30
1 -0.5815037247343382 5.1323228493782835 84
2 -2.0555376711097666 4.979486995115118 22
3 -1.6710612524965103 6.518657604199414 19
4 -1.0318617621957493 6.054511977584793 52
5 -1.3915336197865054 4.567006040280465 45
6 -1.6594631667845259 4.199007823630775 71
7 0.12144094181198944 5.807494414189496 11
8 0.36858964284497103 5.277161665199182 24
9 -1.0470695857241998 5.382328366799432 58
10 -0.8199820698780367 4.248656370975977 80
11 -0.8371940471945504 5.092773924712087 39
12 -1.7884637204944445 5.757605003381777 11
13 -2.0048221270361912 5.248193838033446 22
14 -1.104992848930824 4.694759245417644 43
15 -0.4540784682888632 5.424023223553272 78
16 -1.7396687581594203 5.150193763547511 61
17 -2.236260050836339 4.781841719447831 64
18 -1.8329517961090378 6.323741037663093 71
19 -1.7730375719885572 4.775089665341866 68
20 -1.3873472967609997 4.980041257001843 82
21 0.12690298396971023 6.343914466945418 92
22 -2.174871601945936 5.586150517844791 12
23 -1.1000335598809032 6.313223150560084 89
24 -1.8491803640439641 6.070456511415368 78
25 -0.6953295698863892 5.336698151828487 13
26 -0.11668217608527572 4.970886998177422 46
27 -0.2306672577893968 5.324211147868879 62
28 -0.5561550252536164 6.377842146155915 57
29 -1.117259853961573 4.9840961727313 31
30 -1.074416914293668 6.628615259905501 33
31 -0.6385033264320782 4.186036257470684 32
32 -0.3176111686254985 4.598413940857194 80
33 -0.7872501193140876 5.566352478995571 59
34 -0.40079144941673117 6.005993114739042 35
35 0.23518182243384186 5.038562543843647 64
36 -0.496813544882708 4.269932188590727 59
37 -1.8372608719509784 4.587965715854081 12
38 -0.5017474707737148 4.708772225008307 62
39 -1.3042366566999068 6.949157441018655 19
40 -0.31208599467891285 6.254814138139662 53
41 0.22937472826357022 4.622305110438265 70
42 -1.887042821362362 4.3857455510578305 51
43 -0.21222212612360003 4.697837822194325 75
44 0.12112025131040517 5.354921768545473 3
45 -1.3921352768330277 5.614232212436352 8
46 0.33615484318418704 5.727393651389376 77
47 -1.3936097255941136 6.302735242226896 49
48 -2.45424981161679 5.356529403667845 40
49 -1.566140264539176 5.959837065722289 61
50 -1.7118159215368556 5.513637262194173 56
51 -0.2524539064776616 5.864612187543077 20
52 -1.2868955562204256 6.079987809065399 45
53 -1.0810717193643415 4.179512623180431 75
54 -1.5621158270573778 5.158620948026 15
55 0.11059207664087843 4.887678250822655 68
56 -0.7886951768324739 4.532714084870995 34
57 -1.2453224209989633 5.331176484217639 8
58 -0.7086825632995967 6.268600108193601 100
59 -0.5758714536084456 6.833927446105846 73
60 -0.26825910454744506 4.281810744225792 35
61 -0.8783593189674586 6.46581871939521 34
62 0.019895419183296355 5.894924866516732 59
63 -1.246423491555258 4.257871278974084 67
64 -0.997053844325096 4.504894351129501 24
65 -2.0310962080390476 5.685875816412194 4
66 -2.189642043032422 6.054497570587671 86
67 -1.1215100067578108 5.839167001170011 19
68 -0.7944996755908932 5.853152240531988 80
69 0.3137354239532181 5.627879987979891 44
endpoint1 endpoint2
32 54
11 68
62 64
33 55
21 28
17 20
7 25
29 44
35 41
18 19
30 51
4 66
1 64
52 68
34 46
7 55
10 64
18 45
43 63
7 68
49 58
0 55
24 52
14 43
1 54
21 59
20 32
3 40
1 40
54 61
22 42
61 69
9 39
59 61
7 44
31 51
35 52
42 57
16 60
37 54
44 55
45 54
1 21
43 69
21 68
2 12
57 60
6 14
58 59
48 68
5 43
9 40
23 40
38 64
16 29
4 48
2 64
9 50
6 58
3 68
17 50
18 57
14 19
10 19
44 68
14 53
8 69
24 40
46 63
5 10
57 69
47 62
21 55
25 37
19 27
28 54
26 34
5 20
14 65
23 33
28 44
50 65
31 33
63 65
18 22
12 32
38 55
10 26
64 67
14 60
20 61
2 56
26 45
27 32
34 50
55 61
29 42
9 60
33 47
36 44
34 44
7 49
44 58
12 19
24 54
3 4
51 62
15 44
35 67
56 60
46 51
20 34
5 6
53 60
1 46
28 34
2 45
58 62
8 40
0 69
61 67
9 37
34 39
8 14
11 43
9 15
10 12
13 49
44 49
47 66
1 13
3 19
25 34
57 66
21 44
4 20
29 60
3 57
6 38
4 50
10 45
34 62
15 64
11 32
18 29
16 53
6 56
36 56
43 47
8 27
31 64
9 26
14 17
5 68
25 31
15 20
26 28
0 7
15 50
20 48
1 56
23 69
19 29
2 63
16 22
4 57
28 46
34 57
8 60
5 60
29 47
35 36
27 67
18 20
1 67
7 58
11 63
38 53
53 67
64 69
0 30
1 31
15 59
13 23
19 60
0 52
2 54
22 61
3 39
27 34
23 56
30 45
13 66
22 23
9 34
10 57
1 68
8 9
52 64
35 51
42 68
12 13
0 11
50 61
52 59
35 69
0 33
56 62
46 49
22 52
2 49
1 44
4 47
28 60
8 42
25 65
34 37
15 69
9 13
37 50
9 23
48 54
50 52
24 63
14 54
4 8
19 48
24 37
5 13
20 43
46 56
30 31
37 64
7 11
29 58
40 46
10 43
15 66
5 49
17 54
13 40
11 56
5 66
0 25
14 57
12 25
15 60
19 57
2 3
14 35
25 41
47 58
21 51
4 29
5 16
53 54
62 67
27 47
6 31
7 30
9 63
24 65
40 59
4 65
1 65
7 52
13 33
14 30
53 65
12 58
17 65
1 29
49 59
22 64
14 42
1 55
22 51
27 36
32 34
7 23
5 35
33 35
16 37
42 56
36 54
13 52
37 55
48 49
12 15
1 22
13 14
50 59
47 65
1 8
24 32
12 67
27 61
1 34
23 51
6 9
4 41
28 62
32 57
3 52
16 28
2 67
34 35
31 57
37 48
9 21
24 27
38 63
45 48
16 65
39 62
11 27
14 52
12 28
45 65
19 50
2 6
24 39
20 53
29 30
21 40
23 38
30 39
10 41
50 64
31 38
41 45
16 41
6 60
17 52
43 57
67 68
11 16
13 26
56 69
3 28
51 54
23 65
15 36
19 33
39 65
29 43
33 40
40 61
34 47
31 53
42 63
40 67
12 52
44 57
0 18
1 19
66 67
13 19
19 64
0 8
21 58
19 38
2 50
35 64
0 46
20 33
27 38
57 58
6 20
29 36
61 68
10 37
11 40
26 64
18 37
16 61
43 55
13 50
37 53
11 14
1 20
43 68
1 14
2 13
24 34
27 63
1 32
57 67
47 48
21 45
8 46
5 42
3 54
23 43
6 33
16 30
17 31
7 36
35 60
18 28
9 49
16 52
12 42
36 63
10 54
17 49
16 67
15 21
26 31
15 51
19 52
2 4
5 9
20 55
3 25
27 52
57 68
47 57
26 35
22 37
5 19
29 54
4 56
31 32
9 58
6 50
12 33
36 38
10 49
13 36
42 50
53 68
10 27
39 49
11 18
44 60
1 24
24 48
20 62
3 30
23 67
58 69
15 38
59 67
27 35
23 57
33 52
8 34
32 47
31 41
55 60
5 38
33 46
6 53
36 45
49 67
41 62
11 53
16 56
12 54
30 65
45 58
22 68
13 17
14 46
27 56
6 10
21 34
8 41
5 47
61 66
3 51
9 36
10 35
16 63
44 50
55 64
39 61
25 63
4 15
2 11
46 59
20 42
6 13
47 50
4 21
2 37
7 38
31 37
11 35
51 67
43 46
11 57
14 22
5 67
38 51
39 58
20 66
26 29
11 31
1 5
51 53
47 59
21 52
26 33
20 31
53 55
29 52
11 66
16 23
8 61
7 31
17 22
23 24
6 48
16 45
10 63
11 62
42 48
14 25
38 42
10 25
15 28
12 23
15 58
20 56
51 58
25 51
4 27
2 55
52 61
26 40
5 26
20 38
62 69
6 17
36 65
28 38
30 52
17 33
26 69
43 50
11 13
44 53
55 69
45 56
0 12
24 57
3 9
1 9
15 41
2 14
3 47
32 56
15 68
35 59
18 33
16 49
12 47
36 60
3 66
9 22
18 59
38 62
49 54
25 61
45 66
28 30
26 58
5 12
1 36
19 25
34 67
26 36
32 63
3 58
27 41
33 62
23 39
6 37
10 40
7 32
41 46
11 37
9 53
6 63
54 69
28 65
14 20
38 49
15 17
39 52
14 62
15 63
19 56
24 45
51 55
25 40
4 30
2 58
