nnodes nedges type
70 600 graph
nodename posx posy weight
0 -2.1230300815108474 4.856184312330254 47
1 -2.741095342012289 5.088015982477389 37
2 -2.1353341896821125 6.100698678245238 38
3 -3.1974314614318824 5.307065489499337 53
4 -1.9224925054533002 4.68830348421286 16
5 -1.5223546845936526 4.62422182633414 49
6 -2.2517019822296986 3.807087871998768 37
7 -1.4397755799854086 5.519723467622028 10
8 -2.3541522210054664 4.5977113348176015 71
9 -1.8507652882699326 4.435202991944054 70
10 -3.500051708044966 3.88785560663892 74
11 -2.564519774929337 3.4777279354811554 64
12 -3.7054922841308247 4.322132694443414 37
13 -2.8111489172378414 6.145083830477354 63
14 -2.286491411300899 5.863377790464453 17
15 -2.5300459090930847 5.549193534990051 5
16 -3.1149954721118984 5.814246010300584 72
17 -2.675995190084224 3.8608885345126667 45
18 -3.6828891281191405 4.142617778719541 27
19 -3.649325362428789 3.9945853315737483 63
20 -2.178119050511934 4.435120649939247 76
21 -2.7741805853640247 4.531432385571986 7
22 -2.7656719686438453 5.424607272381197 50
23 -2.108253743958517 3.8470470157987666 49
24 -1.8536498044802654 3.865620561566406 17
25 -2.561785316864575 4.926701813264069 86
26 -1.693724803252811 4.9271570758479175 63
27 -3.696958781473585 4.608306610454707 25
28 -2.107383570689663 5.442566454183812 60
29 -2.823251037402179 5.614219656889624 82
30 -1.6894899010854723 5.924923174807706 20
31 -4.003392744921577 5.31224049148777 87
32 -2.642705159038317 5.8033619683685265 2
33 -1.8028834050322238 5.468253882578326 32
34 -2.4875220637892643 4.047879843382003 69
35 -4.0735485056361345 4.664210583342255 96
36 -3.7678044313124155 5.451618087624309 82
37 -3.5457932604233435 5.674480212577254 22
38 -1.394066461242091 3.7361800384310673 75
39 -3.4719393223978123 5.233024880275514 90
40 -2.1417861896113877 4.117045160529691 18
41 -2.8553066559640357 5.891585524783308 65
42 -2.9273608545780685 4.82564111704717 84
43 -3.8272153852591724 5.152554063974939 5
44 -2.9899825925953323 3.451560101659613 52
45 -1.4388536771270142 4.108609916162884 34
46 -2.977107717811092 4.6458271633174135 8
47 -2.288801680071766 3.588730081499073 73
48 -3.2542356246439987 5.063967367410897 56
49 -1.7568465153786306 4.194987721097712 88
50 -3.5299993798635603 4.811288379530409 15
51 -3.247980969543643 4.077981668317728 54
52 -2.6751544074272364 4.291180765960227 75
53 -3.3708602001543064 4.626763688218839 87
54 -1.7734585768778173 5.156610453161108 92
55 -1.9673259750522867 3.6823701265877813 28
56 -2.3569696808453484 4.960014273436158 23
57 -3.52303262596085 4.523071390582174 49
58 -1.377314505553898 4.891860665450178 70
59 -3.0065419531909687 4.24493717038517 60
60 -1.2092784832532102 4.400300358842601 80
61 -1.4580527970785169 5.065226497584804 47
62 -2.0324702895044187 5.718411514379498 11
63 -2.9697692083836746 5.217358038700408 27
64 -3.3186074352905037 5.863762589784759 31
65 -2.842961461029317 3.5055994387998433 78
66 -2.0527675283349525 5.202929572958185 33
67 -3.1376606494875645 3.494543712886208 73
68 -2.85608508742323 3.970865470976164 4
69 -3.3342335193165242 3.7554872777558055 7
endpoint1 endpoint2
22 57
20 25
36 68
17 20
5 57
9 62
33 41
40 60
4 66
52 68
11 48
42 62
53 64
43 63
45 61
49 58
19 65
0 55
24 52
58 65
4 5
19 39
2 53
56 58
22 48
5 24
12 69
27 39
1 40
23 53
57 59
4 35
28 32
8 38
0 67
29 37
59 61
33 34
6 41
30 58
36 41
60 62
8 18
39 42
17 57
13 51
44 55
42 67
1 21
49 51
0 14
50 56
47 64
1 15
19 44
26 49
20 47
47 49
6 14
8 45
48 68
40 42
30 61
2 64
41 43
11 46
37 63
38 60
39 57
46 63
20 54
1 58
25 37
4 17
2 33
22 36
5 20
27 43
23 33
4 63
50 65
22 30
11 39
27 65
40 55
12 32
10 48
7 56
42 53
14 26
53 69
39 54
13 63
0 28
12 20
18 67
13 25
0 50
24 47
20 61
51 57
25 46
15 39
21 48
2 56
26 45
27 32
21 26
54 56
28 43
8 33
55 61
29 42
35 43
9 60
24 68
16 33
17 44
41 63
14 29
40 68
48 61
1 18
49 56
19 67
50 63
24 54
14 41
3 4
1 52
52 57
5 6
46 51
1 46
6 21
4 45
32 37
23 45
30 56
8 14
18 34
16 62
8 20
65 69
44 49
48 52
55 65
2 16
68 69
1 13
21 66
3 19
9 68
21 44
19 20
37 66
8 47
7 9
5 41
23 42
6 38
16 31
21 22
8 53
50 68
9 48
6 56
36 56
51 64
7 61
16 68
15 20
39 59
26 28
0 7
12 31
2 5
5 8
1 56
47 56
19 29
3 62
28 46
34 57
8 60
31 35
5 60
63 67
27 67
18 20
6 51
12 34
42 51
53 67
11 21
18 65
22 66
24 49
14 36
46 68
52 60
27 34
1 43
21 24
4 32
36 64
13 66
29 40
10 57
34 42
49 66
29 66
26 68
11 52
35 51
16 57
12 55
39 41
13 54
44 52
22 69
25 53
15 46
19 43
26 50
22 52
9 65
27 59
23 49
21 33
4 47
58 60
22 46
30 62
17 27
31 63
11 45
35 56
12 46
37 50
24 25
55 67
10 20
49 55
11 25
15 55
46 56
3 21
27 48
60 66
32 62
5 23
33 63
4 60
34 60
8 55
15 66
50 66
17 28
11 34
7 33
6 62
12 37
54 68
10 53
51 66
41 49
9 24
42 54
39 53
12 25
13 28
1 62
51 52
10 67
21 51
52 55
2 61
32 53
20 24
53 54
3 32
33 48
23 61
17 21
27 69
9 63
33 42
4 65
18 44
40 65
15 31
44 63
48 58
45 62
49 59
22 64
2 26
24 51
1 55
25 50
53 63
27 36
1 41
4 34
8 37
32 34
13 64
29 38
9 32
16 37
34 40
31 48
17 58
55 68
45 55
49 60
0 13
24 58
3 8
1 8
2 15
46 55
1 34
54 55
2 41
8 44
22 44
16 28
38 67
6 35
10 46
31 57
16 50
6 69
3 69
17 51
44 45
18 56
39 62
27 28
26 59
46 62
29 30
4 16
26 37
32 48
29 56
10 41
9 52
23 28
16 41
12 39
7 57
37 57
18 51
14 21
43 57
15 16
67 68
0 27
14 63
15 62
56 69
19 59
14 33
46 65
10 65
22 62
20 26
23 63
30 46
54 59
34 53
29 43
33 40
40 61
17 45
40 67
12 52
15 25
45 60
1 19
51 63
15 45
52 56
22 49
23 52
8 39
0 68
59 60
9 38
16 39
36 42
31 50
61 62
11 40
18 37
36 48
9 18
42 64
1 20
0 15
47 67
3 10
1 14
25 57
2 13
26 62
20 40
3 16
7 14
48 69
31 59
5 52
16 52
40 49
6 59
36 63
51 65
8 26
31 65
37 62
5 69
20 64
13 31
0 60
5 9
3 25
27 52
1 57
10 68
47 57
21 54
20 29
29 54
16 21
34 56
8 59
63 64
40 56
10 49
37 39
11 60
42 50
14 27
43 59
15 18
12 21
1 24
15 56
51 56
1 50
25 45
21 63
4 25
26 42
5 28
3 36
21 25
34 51
7 26
5 38
34 45
41 62
17 69
15 27
39 46
49 63
47 68
3 7
19 40
56 61
4 46
5 47
48 64
10 35
17 36
11 42
18 35
3 64
8 21
48 53
14 15
15 52
26 60
25 33
19 23
26 38
7 8
3 56
9 45
8 54
17 29
40 51
10 52
43 46
41 50
7 60
11 57
9 25
39 58
0 24
14 56
1 5
15 61
24 43
46 66
23 68
25 42
4 28
62 66
27 44
28 47
32 42
18 21
40 58
42 48
17 66
15 28
11 20
12 23
66 68
24 50
46 69
20 56
20 38
27 37
23 59
6 17
34 49
7 20
32 33
29 39
9 33
49 65
8 10
26 69
9 11
36 53
17 59
44 53
45 56
49 61
19 68
0 12
25 52
19 42
32 66
22 53
3 47
21 32
28 61
8 43
32 56
61 64
23 46
30 63
8 49
6 68
10 11
13 46
55 66
10 21
0 3
3 14
8 67
28 30
46 57
20 52
29 31
1 36
19 25
28 52
2 35
32 63
5 22
33 62
4 61
10 40
34 61
17 19
50 67
7 32
9 53
16 40
36 59
10 50
8 30
41 48
7 62
14 20
25 28
39 52
11 17
0 26
18 69
15 63
25 40
2 58
