nnodes nedges type
70 600 graph
nodename posx posy weight
0 -5.492231739319263 -4.599148854602734 53
1 -5.120483353273769 -4.485257537040719 30
2 -5.663570873726249 -3.9639204661417287 98
3 -5.313847396062479 -1.8732176306840522 5
4 -6.286214610274691 -3.059450344874707 11
5 -5.721169318596853 -3.2626164218987035 86
6 -4.183585757961835 -3.5970384180094226 2
7 -6.374075993636269 -2.537174203083812 33
8 -6.176852209855372 -4.483855362133875 34
9 -4.227391710133112 -3.2423125505833315 26
10 -5.529329887592086 -2.3050366796907302 42
11 -4.735337277185252 -3.751954134364783 41
12 -6.065346016840751 -4.020077137357464 42
13 -5.3561075996792065 -3.1610897183527684 96
14 -5.3423594538437325 -2.4819683220121105 81
15 -5.610949990779421 -3.004706624260488 82
16 -4.949588928478573 -3.391579769912511 10
17 -6.558416709405218 -2.5495604760921986 13
18 -5.41812637355346 -4.896440992073439 21
19 -4.564560794581641 -4.029615703231608 79
20 -4.612282423098319 -2.934319806950613 50
21 -4.562226887155431 -2.2127204109287404 31
22 -5.981019832981989 -2.4020747635234287 86
23 -4.24287989989386 -3.8527994470980955 19
24 -5.111343258928065 -2.761059340654119 43
25 -6.106952318807684 -4.802637707468199 96
26 -5.241414587111791 -2.960316959701401 81
27 -4.372854011678958 -2.6888016544647306 14
28 -5.051083393512611 -3.191536527293164 88
29 -5.075680269439522 -3.9946386785748045 37
30 -5.830926791584531 -2.6617409477361673 22
31 -6.510095308423908 -2.877628397442449 90
32 -4.619000939982019 -3.4117738385239753 51
33 -5.956590982525568 -3.402937137254715 20
34 -5.492504814782605 -2.8227501743977657 38
35 -3.935428880371836 -3.0210721815659083 87
36 -4.558818536971545 -4.188592963124182 59
37 -4.5301388436490555 -3.53565574230738 21
38 -7.012413389731091 -3.5923223378547737 90
39 -6.290133073723201 -3.616964854539674 74
40 -5.940253488112311 -3.98243633489956 66
41 -5.4871979496636305 -3.8170921850340065 1
42 -6.425324392104092 -3.3586220607269777 78
43 -5.009603070885883 -4.367653206292082 74
44 -4.45477084576091 -3.131580137197761 15
45 -5.595565685641016 -3.531887489560413 85
46 -4.736532412542216 -4.532782478581518 5
47 -6.456653970769056 -3.948057641325622 49
48 -6.278796820935251 -2.3839567138621303 41
49 -6.63953990747249 -3.8978042765131424 18
50 -5.017381994036682 -2.473377513136429 12
51 -6.129796245515503 -3.2979016852616825 28
52 -5.680755545288842 -4.261605730324583 71
53 -6.697353088590537 -3.0057037971210496 45
54 -6.541616191938783 -3.54047436304445 57
55 -6.295277617444224 -4.1984274925589435 86
56 -4.8168730492355545 -2.385251595659052 90
57 -5.828225667178106 -3.622463436811335 40
58 -4.74615990457304 -4.32381539999646 61
59 -6.853537567894297 -3.3581916868713795 38
60 -5.125590392873238 -2.154239815751786 37
61 -5.2521095696125135 -3.8646724594850728 33
62 -6.563818847407773 -4.265620407383851 11
63 -5.307077495736473 -4.220803826183193 59
64 -4.813713773141316 -2.767931734169063 2
65 -6.097165994247922 -2.801823360574669 42
66 -5.619315681073914 -1.9571886468342548 52
67 -5.748405567147089 -4.6093412252399535 96
68 -5.226687836001665 -3.599871486135018 13
69 -5.960389006138734 -2.1359980157448155 33
endpoint1 endpoint2
26 47
32 54
22 57
11 68
3 35
27 46
23 60
6 28
8 63
18 19
33 41
24 66
23 26
27 68
42 62
38 40
12 59
17 64
30 66
12 17
22 65
1 54
58 65
2 53
0 45
21 37
28 32
2 47
8 38
32 35
61 69
29 37
9 39
36 41
8 12
31 51
42 57
6 67
43 52
30 69
9 19
42 67
49 51
2 12
32 68
0 36
24 33
4 42
37 68
7 15
32 58
48 68
20 21
3 55
29 62
5 43
33 59
16 29
11 46
9 50
16 51
6 58
43 45
17 50
13 44
28 68
14 19
49 52
44 68
0 5
15 48
45 64
24 40
34 65
20 28
16 20
28 44
41 44
5 62
4 69
10 48
7 56
38 55
10 26
13 63
3 31
15 39
58 68
2 56
26 45
0 40
20 27
33 53
34 50
8 33
13 68
5 39
55 61
29 42
40 62
30 49
7 49
31 52
11 50
18 43
40 68
15 24
13 56
44 58
45 59
24 54
14 41
47 69
1 52
25 55
15 44
19 41
0 47
20 34
6 21
21 35
28 34
2 45
58 62
55 58
61 67
29 35
3 48
9 37
23 45
6 47
30 56
36 43
17 37
12 44
43 54
65 69
37 52
13 49
42 65
24 61
21 66
4 14
19 46
24 35
60 64
47 51
21 44
19 20
34 68
2 36
5 41
20 23
17 30
15 64
8 53
11 32
35 63
43 47
37 61
9 26
18 55
14 17
24 30
25 31
20 65
26 28
12 31
2 5
33 65
24 42
46 61
2 63
26 32
52 53
20 30
27 45
21 31
7 28
22 28
5 60
35 36
18 20
36 39
1 67
41 52
11 63
18 46
10 24
15 29
13 61
22 66
2 28
15 33
4 26
62 68
23 56
21 24
36 64
28 37
34 48
13 66
5 37
33 45
16 35
52 64
7 51
11 52
18 41
43 51
39 41
0 11
24 56
50 61
15 46
19 43
3 44
57 63
47 52
6 11
4 47
8 42
3 50
10 32
34 37
11 45
35 56
16 48
36 51
9 23
18 58
38 57
11 25
50 52
25 62
4 8
28 29
2 8
26 61
24 37
47 61
30 31
4 22
28 59
2 34
26 39
33 63
6 36
10 43
34 60
50 66
63 68
11 34
16 55
10 53
17 54
7 63
41 49
11 56
5 66
38 48
10 31
25 29
39 53
41 66
18 68
15 60
19 57
0 63
46 67
20 50
1 62
4 29
28 50
19 31
14 69
29 51
30 40
4 59
28 40
34 55
8 62
32 43
29 45
27 69
17 47
14 30
17 65
15 31
13 59
39 50
7 69
1 29
22 64
13 21
24 51
14 42
20 57
51 61
1 55
21 60
52 62
26 41
0 44
22 51
4 34
8 37
13 64
55 57
60 61
29 64
26 66
42 56
12 49
13 52
11 12
48 49
12 15
0 13
21 69
26 48
32 67
60 69
57 61
54 55
5 44
23 41
4 55
2 67
31 57
54 67
17 51
44 45
9 21
24 27
45 48
16 65
39 62
8 68
45 65
5 11
27 50
34 64
26 37
22 39
33 61
16 19
6 26
30 39
4 62
8 57
11 36
23 28
6 60
16 41
10 51
7 57
9 30
5 64
38 54
15 16
39 55
11 16
14 63
56 69
0 49
19 33
2 59
26 44
5 30
62 65
59 65
33 54
21 27
9 61
33 40
30 48
4 67
12 52
13 57
44 57
48 60
2 24
0 8
0 46
46 50
23 52
28 33
8 39
30 59
7 47
37 43
10 15
18 63
48 51
45 53
1 20
2 19
0 15
3 10
4 13
2 13
20 40
8 46
7 14
22 34
48 69
16 30
23 43
41 42
31 59
11 33
9 49
16 52
40 49
54 65
51 65
36 63
13 43
9 27
14 16
10 16
16 67
14 58
12 30
26 57
33 66
10 68
57 68
6 24
4 56
28 45
8 59
32 40
22 31
16 43
17 42
41 53
13 36
7 59
11 60
18 49
10 27
64 68
0 29
1 24
19 61
24 48
25 45
0 41
5 28
27 35
59 67
54 57
28 36
31 41
5 38
9 35
33 46
30 54
18 40
38 47
30 65
7 65
22 68
15 47
26 53
22 55
20 35
12 64
2 42
58 63
29 34
3 51
59 62
6 44
34 36
49 68
3 64
12 45
17 62
44 50
14 15
48 53
45 51
1 12
21 65
45 68
4 15
2 11
5 14
60 65
57 65
19 23
28 58
34 69
5 40
40 45
30 32
7 38
22 26
11 35
6 57
7 60
11 57
38 51
20 66
1 5
0 62
29 52
39 68
34 54
17 22
8 61
22 29
32 42
29 46
18 47
42 48
40 64
53 66
48 57
12 23
13 22
20 56
25 51
15 32
58 67
4 27
19 37
2 55
22 50
59 69
1 42
27 37
54 63
28 38
8 36
7 20
13 65
16 36
6 43
52 65
31 49
26 69
38 45
42 69
1 23
1 9
25 52
15 41
2 14
22 53
9 64
4 40
32 56
48 66
29 32
33 37
23 46
30 63
10 33
8 49
5 55
10 11
17 60
38 62
16 64
49 54
39 63
50 53
3 14
25 61
28 30
19 51
26 58
46 57
34 67
7 10
32 63
5 22
40 47
4 61
41 46
22 24
16 40
40 53
54 69
17 53
37 58
14 20
26 27
0 26
41 65
12 26
1 27
56 68
24 45
15 37
2 58
