nnodes nedges type
20 30 graph
nodename posx posy weight
0 -0.6521645324702917 5.284605521180397 1549
1 1.4725072452602304 2.8772844472700077 3984
2 -1.8327342464139027 2.0637040972225096 1813
3 2.156296589067909 2.2933215140146443 4927
4 1.548638963860534 3.7227671810958296 3808
5 0.5004845470140036 3.656104512299701 3745
6 -0.7341314954194779 1.5542056234254815 4588
7 -0.14591388275289954 2.4691617390867004 1241
8 0.12602517818168757 2.7528735603931147 1453
9 1.0633117165698718 2.489057932498593 3386
10 -1.4242844388995899 4.911290474056105 4519
11 -1.0572015711394505 3.0381945358803204 2738
12 -1.290227089654721 0.9927254394183939 1268
13 0.807010782095802 1.7093132103626059 4867
14 -1.723528818159933 0.025504688682644678 4167
15 -0.5806976035525447 4.157176976062111 3535
16 -2.4035892470736036 4.54209704339388 3208
17 1.0950248436060457 4.708943174853551 3597
18 -2.1257642068606493 3.4837355651542246 4042
19 -0.07942987635960277 1.2688877147322173 3952
endpoint1 endpoint2
1 3
8 13
10 15
8 9
2 12
0 10
7 11
4 9
6 7
0 15
1 5
7 19
11 18
16 18
12 14
4 5
1 13
5 17
8 11
3 9
5 15
1 9
13 19
6 12
7 9
10 16
5 7
2 11
12 19
11 15
