nnodes nedges type
20 30 graph
nodename posx posy weight
0 -0.8662649814872012 0.41752445772917035 1444
1 2.543901119767598 -0.429639617354576 1969
2 -0.6317884533313385 -0.817767031319271 2890
3 0.46848724126243957 2.228178582844785 1931
4 0.016741156321958175 2.052871647015765 1108
5 0.4531697740557184 -1.5691257415851094 3575
6 1.0258093265988508 1.2091681726557097 3205
7 1.259433258300975 2.2122430857712896 2262
8 -1.590018923385895 1.1690275592433959 3697
9 0.7062028570325243 -0.8161718015991622 3588
10 0.2649539806869418 1.072509565072058 2180
11 0.5008266745915135 0.21815663329209853 2264
12 -0.712751726967934 1.6400923919821342 1421
13 -0.45505504733371166 3.156848461328501 2145
14 2.392563897022259 0.8372279552620471 1270
15 -0.49911836893066175 0.9215643755069112 1817
16 0.7064973195713343 3.0940673376778145 4557
17 -1.1803773773463513 2.401863108737912 4755
18 1.460826736029044 1.720912478656855 4029
19 1.7914788074405763 -1.4809846362569008 3059
endpoint1 endpoint2
5 9
4 18
5 19
13 17
4 12
7 16
0 10
2 5
6 7
14 18
1 14
6 10
9 11
3 6
7 10
8 15
6 18
3 13
6 11
4 16
0 12
1 19
8 17
0 8
3 12
4 15
4 17
3 18
11 15
0 2
