nnodes nedges type
20 30 graph
nodename posx posy weight
0 -0.6258302092190137 2.0566711243576443 1221
1 -0.09533304990555927 3.5349929680505854 3249
2 -4.18606991825022 3.70071872445163 2395
3 0.0005004043374019634 1.270238961841745 2785
4 -1.6833333174812333 1.3434087538801762 2451
5 -2.5746305843462514 1.8750698061140643 4786
6 -3.639407544262499 1.4813197037787011 1734
7 -2.489810003478631 4.266925523966817 1785
8 -0.6538422987725889 4.146590915275593 1325
9 -2.717094035374462 1.2515706314981294 2176
10 -1.4589718598400703 3.845726985450688 1035
11 -2.3530529473726327 2.971887375689488 1563
12 -2.227742955709967 0.3236738037162906 2176
13 -1.1162254893229158 3.0918942099485185 1122
14 -2.0201484941274552 2.583589228137613 4897
15 0.32376625583667973 2.3973838650747994 1503
16 -1.2591070351681477 1.1166647285775648 4314
17 -3.1552599979255618 3.225475670291621 2713
18 -3.0980607622308596 2.5015032962327557 4297
19 -3.170048498008478 0.6679121189517042 4167
endpoint1 endpoint2
3 15
6 9
8 13
5 6
5 19
1 15
4 12
0 15
14 18
5 18
8 10
7 10
0 4
3 16
1 10
11 18
11 13
9 14
5 11
4 5
5 17
2 17
11 17
5 16
0 13
12 19
1 8
10 14
7 17
9 12
