nnodes nedges type
20 30 graph
nodename posx posy weight
0 0.40979013877317294 -0.7522384703885782 2201
1 0.53361422056597 -3.1029310425267225 4695
2 -2.11121822191816 -2.3988379553917594 1808
3 0.7503498528913944 -1.905495638618203 4006
4 -1.3720872435525917 -3.132716011501607 1103
5 -0.12527712787902842 -2.659328394648219 1727
6 2.55411863989998 -0.5280812812536384 3798
7 -0.055906539795155155 -1.2645583797868447 1681
8 1.4014197997490216 -2.4561140421931844 2553
9 -0.9896149052493286 -2.1717315712906853 4027
10 2.3166624862476226 -1.5372487138971667 1601
11 1.4664349808085348 -3.2501534413239694 1020
12 1.268551885703604 -1.7596389144024693 3078
13 -1.0003397790883757 -0.9668620174582686 1357
14 1.5732860430429294 -0.7488062152561454 2890
15 -0.41917009822037743 -1.485089122761306 3095
16 0.44778182363889146 -4.827611498200012 1496
17 -0.7139938191549828 -0.3832972934038019 1366
18 0.2722177201919388 -3.7534873416090186 1717
19 -0.854254472602377 -3.536774244099519 1033
endpoint1 endpoint2
5 9
1 3
7 12
0 14
0 7
18 19
0 3
5 8
6 14
2 9
0 15
6 10
5 18
8 10
1 5
11 18
16 18
12 14
4 5
5 15
11 12
15 17
7 9
9 13
0 13
1 18
10 14
7 17
9 19
2 4
