nnodes nedges type
20 30 graph
nodename posx posy weight
0 -1.4335452580072992 -0.6850186495651228 4947
1 -2.417097070163547 -1.4095860743675963 2816
2 -4.737504710017734 -2.329739456309004 1843
3 -5.626672472943782 -3.0910771824103116 1925
4 -4.877811143222872 -3.6951929578632643 4582
5 -3.5157516776190922 -1.0444000767313844 2800
6 -4.876819327284256 -1.139032809966916 3738
7 -5.798455904419558 -0.8123048642393071 2798
8 -4.365612097296941 -0.20542705270988504 4905
9 -6.028107186665067 -1.9619079939760984 2350
10 -3.9245967310333167 -2.9459010832767674 3664
11 -2.8416434392675436 -3.4064849157405592 4276
12 -6.0418480939272605 -2.931054633056445 4160
13 -5.283361926727523 -0.08358729939127335 1896
14 -1.4377724134310204 -1.8314214218701912 2932
15 -2.6033918959449682 -0.28129223066205256 3263
16 -4.077182640184757 -1.62225636376104 1332
17 -5.381520622437398 -1.9260750068928636 3776
18 -1.7197441645695657 -2.9871806393007776 1049
19 -3.978440491206196 -2.111875057377633 4264
endpoint1 endpoint2
6 9
8 13
10 11
5 6
0 14
5 19
4 12
6 7
0 15
14 18
1 14
1 5
12 17
9 17
11 18
8 16
2 16
4 10
2 6
17 19
10 19
2 10
5 15
2 3
3 9
10 16
7 13
6 13
7 17
9 12
