nnodes nedges type
20 30 graph
nodename posx posy weight
0 1.1347312087895152 -1.4881641484940966 3678
1 -0.48977175097172676 -1.673863882634249 2331
2 1.3165511996325365 -0.7387909099144139 4503
3 1.733734406324564 -2.5677058631107736 4937
4 -1.2290600184964353 0.5218310259168375 2002
5 0.5889172216125621 0.3722612310689073 3202
6 -0.2697672538939698 0.2893994934951578 4579
7 0.039150448493831036 -1.985417960989835 1101
8 -2.0768215216212194 0.1616739827741907 2730
9 -0.042956391122899604 0.7491464409853681 1574
10 -1.934605565227329 -0.7661743589503817 2682
11 -0.903484278863242 -0.2705720700748096 3678
12 0.30015730349999675 -0.5802666430275019 3573
13 2.233217866824226 -3.520937761027682 3482
14 2.759761290703976 -4.404237380738175 4197
15 2.3522603647158355 -1.2608065534406552 1019
16 1.675234953305193 0.280729252684135 4012
17 0.8958500607002008 -2.0617982940411097 3730
18 -0.3635242325676424 -0.8996097626469978 3309
19 -1.165749792555899 -1.7006968428749702 4635
endpoint1 endpoint2
5 6
0 7
18 19
2 12
0 3
4 9
0 15
5 18
7 19
11 18
1 7
4 10
2 16
3 13
6 11
8 11
10 19
7 18
0 12
6 12
11 12
4 11
2 17
4 6
1 12
5 16
13 14
7 17
0 2
9 12
