nnodes nedges type
20 30 graph
nodename posx posy weight
0 -1.8424932020812574 -0.16791471403311753 3647
1 -0.23864294574032113 2.3016232463143806 1786
2 2.15462857493807 -0.45411299271519917 3263
3 1.6356449300475244 1.0149260667928692 4341
4 0.4898859552017855 2.718427433140904 1677
5 1.8554435102244422 0.31903758563763956 3748
6 -0.1645577722558012 -0.17041973340686686 2153
7 0.564341119032223 -1.8101466195508 1956
8 0.0472003596497102 1.5244301007150394 2148
9 -3.1918441992101174 1.4348677760460875 3145
10 0.9785691448438903 -0.0716753534970331 2992
11 1.0651060930988903 -0.8502916703476363 4367
12 -0.7770432451237178 0.06421967850387472 4967
13 -2.1764626678319705 1.067050982130013 1182
14 0.5460218984418241 0.3366671323823945 3156
15 0.14530396241285778 -0.8000433807195882 3606
16 -1.116887651317242 1.6967441274019401 1585
17 -0.9647901884435857 0.7657568821139924 3450
18 0.86946403247752 1.3813436030807598 2727
19 -1.1073000046418358 -1.1083371075330004 3469
endpoint1 endpoint2
10 11
4 8
10 15
11 14
7 11
15 19
6 17
2 5
3 14
16 17
8 14
7 15
1 16
6 10
13 16
10 18
12 17
8 16
6 15
12 14
1 4
2 10
0 12
14 15
3 5
9 13
0 19
0 13
5 14
1 18
