nnodes nedges type
20 30 graph
nodename posx posy weight
0 1.104040257338985 1.5522034051308635 2908
1 -2.644085150885996 4.620315970229562 3824
2 -0.3578275030750099 3.447884325718004 3656
3 -0.5995423211799366 2.5613032114618406 1838
4 1.3610496613539356 3.0864618209998183 1164
5 -1.1035587872980144 3.6763523192449648 3333
6 -2.050042378677532 0.34761146978000174 4867
7 0.39545288402032486 2.4930935901147713 1675
8 1.4987959116460896 2.2031524789597388 4767
9 -1.3648677958238713 1.4425033364845652 1004
10 -0.18199542549072423 1.3715171301976334 1328
11 -2.194581483472636 1.4467203355965361 4184
12 -1.4778410667118864 2.083530081471276 4027
13 -0.0015447577251262758 4.40638888444197 4913
14 -1.8375720150465429 3.796336944485977 1806
15 0.8185988537241881 3.645913989073294 4872
16 -0.9687237282614874 0.6113836561701066 4669
17 -1.2120046810236653 4.297443029966277 1216
18 -1.7002103239282118 2.898652954131077 3118
19 -2.060446597202254 2.6346370968565473 1166
endpoint1 endpoint2
11 16
14 17
6 9
4 7
0 7
13 17
9 18
3 7
2 5
11 19
7 15
1 14
5 18
2 13
9 11
7 10
14 19
13 15
9 10
12 18
2 3
3 19
2 14
11 12
2 7
17 18
3 12
10 16
4 15
7 8
