nnodes nedges type
20 30 graph
nodename posx posy weight
0 -0.8042317457315354 -1.8154158718585358 1849
1 -0.8298072680069325 -2.5530318268235757 2250
2 -2.0149817049922127 -1.8797950369757381 4161
3 -0.05603559342508725 -2.6158706450389744 1704
4 -2.679321643383046 0.12892731754630876 2603
5 -1.7911045396422032 -0.5145601972241484 3702
6 -1.3306700369857989 -0.7382632762330125 1470
7 -2.5888044423972807 -0.9517745064928869 2639
8 -3.4331429595952945 -0.40404867235175834 1451
9 -3.016742105122263 -1.2996113343206135 1828
10 -1.3495682317715512 -3.0140551994879976 3787
11 -1.3707267153036877 0.6294989484469685 3933
12 -2.542940859253675 -2.2814905507292598 4103
13 -0.2532357015948951 -0.6855969444727001 1840
14 -0.7993851002418356 -0.12070100715216202 4837
15 0.5894396179296196 -1.6187436272196942 4411
16 -1.092852187159666 1.681013396867503 2382
17 -3.2029593754187866 -2.417115257340197 3237
18 -3.9526642055306334 -1.2263356155322285 3662
19 -1.5837202976500409 -1.4184067830037579 2970
endpoint1 endpoint2
11 16
3 15
4 7
1 3
5 9
4 8
5 13
8 9
11 14
2 5
0 3
6 14
6 7
3 10
7 19
9 17
5 11
4 5
14 19
13 15
7 18
2 10
1 19
2 17
2 7
12 19
0 6
7 8
0 2
9 12
