nnodes nedges type
30 50 graph
nodename posx posy weight
0 2.435471031687978 -1.2787342150337746 78
1 4.506317121909167 -0.08254347799030522 59
2 2.5354911727963425 1.3318134931191161 71
3 5.806851624220324 3.228732028984372 21
4 3.4654428693528976 1.244871286041241 86
5 1.3391088756804057 0.8822546891773917 98
6 3.715643755307498 -0.9404936640744094 99
7 3.372600590709531 2.9526872783529776 99
8 3.025126255071612 2.2939909460116277 53
9 2.6152516435893887 -0.416396398223259 77
10 6.051557115178088 -0.011768670536828745 36
11 5.2317469181758085 0.2961366060970835 85
12 1.9975893148431694 -0.09094425652290335 16
13 6.128596470854039 -0.8060338576859356 22
14 2.2169459061534376 2.441822303533867 17
15 5.989344861403089 0.34846848120441815 53
16 4.869444818822594 -0.575400706776035 41
17 5.224436655451284 2.250783209378495 39
18 6.186435711912923 1.0851449938975717 56
19 4.493217035767077 -1.3961620587357297 11
20 3.5704560970486687 0.5602004105154537 63
21 7.279152275755485 1.4031621352739618 42
22 5.574331930723796 -0.8477734497841077 47
23 2.2161914903401194 0.7098933437572872 77
24 5.3870544824697095 1.572435084474005 62
25 4.600134540959497 0.9938447190080612 77
26 3.2342554730646955 -0.8028802331614214 24
27 3.946302831900929 -0.2098357029693648 41
28 3.2300276807242403 0.5149741769400833 84
29 4.005073353803912 1.8621421038179056 15
endpoint1 endpoint2
9 26
20 25
28 29
2 8
19 26
26 28
17 25
19 22
2 5
3 17
7 29
1 16
5 12
11 22
10 18
2 23
13 16
17 24
4 23
8 29
11 27
1 28
1 10
16 25
11 18
12 28
20 27
15 22
4 28
7 14
18 24
13 15
2 20
0 12
1 19
4 25
18 21
2 14
6 26
9 27
15 24
24 29
2 28
9 23
6 20
0 6
6 27
11 15
11 25
6 16
