nnodes nedges type
30 50 graph
nodename posx posy weight
0 -2.0063646755159867 4.646434869326697 46
1 -3.1028199856844796 4.067729048225658 18
2 -0.4411923852919347 3.33660501734506 85
3 -0.02871817539214891 4.750859726214446 88
4 -2.0225361458470235 1.5743861682135747 51
5 -1.4684656134846674 1.5686627433765088 32
6 -1.5271547144478612 5.8791910103491105 86
7 0.10345706390558539 3.571658712868001 54
8 -2.849059110754948 2.988930668704043 14
9 -1.3204818659183772 4.740857957596355 46
10 -3.5550135719092704 3.234479458623162 91
11 -2.77854652132309 1.7687493627851412 39
12 -0.9055349342043301 4.319798293393891 43
13 1.3693170851812664 1.9710716599821494 51
14 -0.35214837036785906 1.144662028755553 36
15 -2.5526029509966093 5.685594493045392 67
16 -3.00125509592528 4.706584179128079 9
17 -3.13901001211694 2.31185237641967 43
18 -2.0612223513217605 2.47833473486604 89
19 -4.03714801256521 4.728187984506286 54
20 0.3021346139032965 2.2876873496014585 90
21 -2.852309019412605 5.118800527290946 13
22 -5.069834312990388 2.8168666930520527 41
23 -0.902649640959395 2.476183844969217 92
24 -2.2570528697163605 3.991054906239554 58
25 -3.052163949445633 1.4077852694868278 24
26 -1.2967615731092537 3.537130993392338 42
27 -0.45288133795304225 2.0894541858590614 28
28 -3.776993294725643 3.6926779936839567 59
29 -3.9445329431934275 2.980774556443781 81
endpoint1 endpoint2
9 26
1 21
10 11
28 29
17 29
16 28
18 26
0 16
2 12
23 26
17 25
1 29
3 7
16 24
2 26
7 20
8 24
17 28
0 15
9 21
5 18
12 24
4 23
8 29
1 28
1 10
13 20
2 27
19 21
1 24
5 11
10 19
3 9
22 29
14 20
2 7
17 18
20 23
0 1
0 26
18 25
7 26
15 21
4 17
5 14
0 6
8 18
5 27
0 9
15 16
