nnodes nedges type
30 50 graph
nodename posx posy weight
0 -0.3130247236944951 -1.1577715595021016 7
1 -2.5340409707975153 0.06034837151448948 41
2 -3.304763378478146 -1.3290779917266478 96
3 -4.033635251978841 1.0062642475100176 8
4 -0.35123835949848353 0.08573150828746844 4
5 -2.063312767666155 1.1599370971650702 6
6 -2.8981164315515984 0.6922653702293585 36
7 -3.9452671911069506 1.864515988673252 8
8 -2.154968170482938 -1.066997506394408 60
9 -0.24831554635192002 -0.5845795359487702 49
10 -1.004627067018333 -2.9575759823316097 51
11 -3.4516441543045975 -2.3958533049751862 8
12 -0.28687725206839015 1.0414463018352274 74
13 -1.6229933774562397 0.45466966597629443 95
14 -2.532286427734575 -2.0141326426517283 62
15 -3.600391374723266 0.23130254805844178 59
16 -3.006138685050826 1.3649565441180813 19
17 -1.8226446166945947 2.2432872442382514 72
18 -4.499194688612233 -0.7297667985815338 65
19 -2.172774588962883 -0.381231802564877 19
20 -2.9864934918046213 2.7329297864367694 42
21 -1.9855262388878652 0.16092792210552195 5
22 -3.1291691360759986 -0.47120094781980987 3
23 -1.6043490701906062 1.3432505756932143 78
24 -0.629161348824627 2.288569479786412 98
25 -4.5546012944858365 0.5587234262673643 41
26 -1.457723113010381 -1.9118842560844498 98
27 -1.20925536608105 -0.1767791989628487 20
28 -1.3003618014469316 -0.543242824198944 44
29 -0.932469912515843 0.7457863282139116 81
endpoint1 endpoint2
3 15
0 27
3 25
12 27
2 18
5 6
21 28
26 28
17 20
7 25
14 26
7 16
1 6
11 14
10 26
19 22
27 29
7 20
8 14
2 19
21 27
1 16
9 28
12 24
4 13
17 24
3 6
17 23
6 22
4 28
15 25
5 17
23 29
13 19
5 28
2 14
9 27
1 22
18 25
5 16
8 22
1 27
15 21
19 27
21 29
2 11
1 8
6 13
19 23
8 27
