nnodes nedges type
30 50 graph
nodename posx posy weight
0 -0.773768373361207 0.5975789146793968 54
1 -2.4036884303435584 0.15819730589579944 34
2 0.34911597517544174 1.2567283706771795 86
3 2.351850734271668 -1.5818429546724273 30
4 1.189889124053341 1.2638420197200733 40
5 -0.10399982663430657 1.8835006424293563 36
6 -1.6494359166807753 -2.103076758513612 45
7 -0.3171545100269557 -1.959941302187835 21
8 -1.4281190649663609 1.0025734271579834 35
9 0.5086126867017724 0.5180582282463052 64
10 0.11592056988523605 -0.6186601663676895 50
11 -0.44709693145854706 0.6484005986909032 15
12 -2.343941259578201 -0.5885280945246008 36
13 -1.7998612763827213 -1.072576073585006 93
14 -1.0049882642092756 -1.9847220236954968 25
15 -0.47827382693867854 -0.07234022445761071 26
16 1.7122632716260957 0.2780175840934689 14
17 -1.4106777091983695 1.3885219521915935 3
18 0.45187187723383704 2.004412799189739 8
19 2.803508979203801 0.583589914709277 6
20 -1.6435333370047958 2.353624358777959 21
21 0.906624393592396 -2.1353390020836156 20
22 1.2712590113685736 0.12167251055217303 3
23 -0.736621611637908 1.8738216987223575 27
24 1.3885423740770768 -1.567957003767391 17
25 -1.0748621994689775 -0.39483969102516436 66
26 0.33885422044727387 -0.6434029812218931 88
27 1.2736187565579737 -0.9909917643925656 65
28 0.06950863890864332 -1.3586856832270746 64
29 -0.3555742564586201 2.8693957792649063 94
endpoint1 endpoint2
9 26
21 28
22 26
20 29
4 22
0 10
9 18
5 23
2 4
5 8
6 14
18 23
6 7
21 27
9 15
13 25
24 27
8 20
0 17
25 26
9 11
17 23
27 28
3 27
8 15
5 29
14 28
15 25
4 5
0 25
1 13
12 25
4 16
10 24
9 16
16 19
0 23
11 17
26 27
7 26
13 14
2 11
15 28
16 27
18 29
1 8
6 13
11 15
11 25
0 2
