nnodes nedges type
30 50 graph
nodename posx posy weight
0 2.0260286797930704 -0.11521285674617181 48
1 -1.8903391999843508 -1.5920427049336574 69
2 -0.5808728599253005 -1.334751362562567 16
3 -0.5099335690002426 -1.9036193231733258 92
4 1.4332254910937425 -0.2410287211088698 26
5 1.9761270384609615 -1.176484501327017 78
6 1.7478155774450403 -1.6512468096150155 70
7 -1.2002282329959622 -1.0390774634501976 26
8 0.8134452810876782 -1.6307138661122198 8
9 -2.1290147187034822 -0.15794246674600174 56
10 -0.5829181147136301 -0.1342606698176317 56
11 -1.135511090911327 -0.2247260796287283 58
12 -2.664165671838978 -0.6860713126139472 38
13 -0.15547303975540114 0.5816061370006238 54
14 0.3736515744168423 -0.5549401079303282 45
15 -0.022009578446111983 -0.222625555332589 38
16 -2.7836552400301318 -1.8200520155934539 83
17 -1.233229641245043 0.7656202704109009 67
18 0.6747115088761971 0.5032922102484549 15
19 -1.8126178282208647 0.3856693166333307 56
20 -0.35938011681039006 1.8567322865709082 38
21 0.5880991230044358 1.0989540040488446 85
22 0.7058118584506603 -3.371521936416754 48
23 0.35695201358316636 -1.0471674626761667 15
24 0.7632929014219264 -2.18273185104059 79
25 -0.5868952292612363 1.240228377227495 6
26 -1.5629159791591969 1.241583448388613 94
27 -1.5282723374776155 -2.0590097444168887 28
28 1.212223185230305 0.3655497325821482 47
29 0.2873096767086659 -2.1291992436333937 49
endpoint1 endpoint2
8 23
4 18
21 28
2 8
3 11
17 20
6 24
12 16
7 11
13 21
5 8
1 2
3 24
20 21
10 18
25 26
19 25
8 29
9 17
0 4
2 27
7 23
11 13
17 19
4 5
7 27
10 19
4 14
0 18
2 10
11 26
15 29
2 3
18 28
22 29
18 21
2 14
23 24
7 9
2 7
15 17
6 8
1 12
18 25
13 14
23 28
15 21
12 19
0 6
16 27
