nnodes nedges type
30 50 graph
nodename posx posy weight
0 3.4629375130740607 3.3518655579876677 19
1 1.5754735682421328 1.6143242876309662 97
2 3.922469627703894 1.775901406568032 53
3 5.932468762225508 1.2867074300978558 39
4 4.559931180773184 1.1247668519295362 53
5 3.1051710179034315 -0.6720083013420936 96
6 3.805739183430305 -1.3828854467573546 92
7 4.012562532040747 -0.1774708804053314 61
8 2.118384197748681 0.3573898564718762 19
9 3.055154042753046 0.2190965859411453 21
10 2.9896881170549734 4.3681503139143985 46
11 6.036149289759497 2.937391733880465 98
12 4.933708774898029 2.3353666773080133 92
13 5.531142747685758 -0.6446960482897882 76
14 4.5973975670094385 -0.19499370059258325 80
15 4.274712049497683 3.913000134627292 93
16 2.6972109228071557 1.7345188707049586 40
17 3.483196208564867 0.6395295005182656 33
18 1.6075521938556367 2.097857191719988 74
19 4.615279504339031 1.5863994916483 26
20 7.021727515678827 1.1060732216887095 31
21 1.063254159502115 0.9351061913742883 89
22 4.269837508706922 2.824653698468176 56
23 3.3538454979121286 2.1927680507045713 2
24 5.220738529251196 1.6924516462242807 21
25 4.069091164668886 0.7440049493410122 5
26 6.015375893100573 2.283469395184807 72
27 5.531167795806175 0.36206885213889556 7
28 6.857505898457227 1.9955199726338828 34
29 2.9621028059345473 1.1959709143901867 75
endpoint1 endpoint2
1 21
4 7
5 6
17 29
11 28
4 27
4 12
3 28
2 12
19 22
0 10
2 22
3 24
6 7
0 15
1 16
3 20
16 29
14 27
4 23
3 27
16 18
0 22
25 29
17 19
9 14
7 14
15 22
2 16
5 17
23 29
8 21
16 23
9 16
3 19
8 17
2 24
3 26
18 21
11 12
12 22
0 23
2 17
13 14
12 26
14 25
13 27
20 28
2 25
7 17
