nnodes nedges type
20 100 graph
nodename posx posy weight
0 0.3448822842346854 -3.1238734718365198 14
1 0.7600633044470063 -1.6422058885230864 254
2 -0.15552174939875574 -2.079063831784097 20
3 0.18433205229408192 -1.3020962067036068 245
4 0.969191581736984 -2.450372304784827 66
5 2.171814940640376 -1.5719324026328798 78
6 0.8494721234465098 -1.2790835519880714 359
7 1.7192577982276738 -2.4967357517020106 457
8 0.6075226482161671 -2.7532199095250314 74
9 0.8807378084640747 -3.28562094101707 171
10 1.2380704382476393 -2.28738216307347 81
11 1.9068693696529695 -2.994437741463575 52
12 1.4081843007647314 -1.0594399785413897 156
13 1.936527387355681 -2.0829036772037193 367
14 1.0424993081666816 -1.8624891853300765 75
15 0.034733757016058096 -2.568230555992043 164
16 0.2652540611326259 -2.192724011173725 40
17 0.3078645414597242 -1.7977461682350415 460
18 1.3135338507408902 -3.1942482809005512 340
19 1.3944832271764507 -1.7699644527630556 164
endpoint1 endpoint2
14 17
7 12
1 17
0 10
4 19
6 10
14 18
0 17
7 19
12 17
8 15
2 6
5 11
10 13
4 16
9 16
14 15
16 19
3 12
1 12
4 15
5 14
10 14
8 18
6 13
15 16
6 16
2 18
0 14
8 9
6 14
7 15
1 16
0 11
1 10
0 18
7 18
1 19
13 19
0 8
4 11
4 6
5 7
4 17
7 17
0 2
3 15
1 3
8 13
4 8
2 8
8 19
9 18
7 11
6 17
11 19
2 19
0 15
3 10
4 13
9 11
3 16
6 15
12 14
1 4
2 3
1 9
14 16
10 16
7 13
12 19
13 18
0 9
3 4
10 11
5 6
4 18
5 19
0 16
3 14
1 2
4 9
9 15
5 12
10 12
7 10
11 18
2 16
17 19
1 13
4 14
9 10
8 17
6 12
7 9
6 19
15 17
13 14
1 8
2 15
