nnodes nedges type
20 100 graph
nodename posx posy weight
0 -0.45057624655173156 -1.1844179222471714 25
1 -0.6196300633923755 -0.6823479825272886 185
2 0.8386458519753638 -0.9927858184171539 428
3 -1.25569961244767 -1.3812749436532457 73
4 -0.887808409992785 -0.24531824731367075 436
5 -0.05658370276455918 -1.0807784812511103 8
6 -0.38619945670002265 0.21916817786225626 459
7 -0.34169066290677996 0.8017931855779976 478
8 -1.5236389020552064 -0.3220713220063804 330
9 0.019345028696876775 -1.5384240171448536 291
10 -1.1758656277094646 -0.9904578786082787 299
11 0.4076496817771257 -0.15831320894487722 368
12 -1.4067284021255348 0.3417103032880885 198
13 -0.4842882614127878 -0.33421892724533836 299
14 -1.6068941684668425 -0.7906448867932879 466
15 0.02832166850701368 -0.37558592464674295 99
16 -0.6483705785112133 -1.4373509909820477 260
17 0.2261617802440513 -0.686832007981579 273
18 -0.9066688373641104 0.2232916830086047 417
19 0.15772883294173393 0.22161296966208957 422
endpoint1 endpoint2
7 12
1 17
13 17
1 6
18 19
2 5
1 11
6 7
4 19
6 10
14 18
10 18
7 19
0 4
5 11
4 5
9 16
2 17
0 1
3 12
8 12
4 15
5 14
10 14
8 18
11 15
9 19
15 16
11 16
0 14
1 15
7 15
12 13
13 16
0 11
1 10
6 11
5 17
0 18
7 18
1 19
0 5
3 5
9 13
4 6
4 17
0 2
4 8
5 13
10 15
7 11
15 19
6 17
11 19
16 17
2 19
0 15
1 14
8 10
3 16
8 16
6 15
11 13
6 18
12 14
13 15
1 4
3 9
1 9
14 16
5 16
6 8
10 16
7 13
12 19
1 18
13 18
3 4
5 9
4 7
5 6
4 18
0 3
3 14
2 9
9 17
15 18
11 18
17 19
3 13
1 13
4 14
9 10
5 15
8 17
6 19
11 17
0 13
1 8
2 15
