nnodes nedges type
20 100 graph
nodename posx posy weight
0 0.5094663213719746 -0.07526225704924268 185
1 1.8125413725895674 0.9411069998662361 498
2 1.5022676022937689 0.4403434724585351 328
3 0.22595852623640994 0.7264063136342517 187
4 0.8156583984969985 0.2901809181915204 5
5 0.5131052239130571 2.032174487364635 79
6 0.6261875989273846 0.9187377364440454 219
7 -0.12590371179216228 -0.1525240255196572 315
8 1.0522575924173116 0.5950801093456859 453
9 0.4220476273781841 0.37105906905671904 99
10 0.7121590163663588 1.6004941149128313 92
11 -0.08896315295234643 0.7678972617948476 7
12 1.6447443495640566 1.4222841702434552 390
13 1.9466550001599376 0.08660988332457265 361
14 0.22884625848855952 1.2854756825622546 473
15 -0.5035996197708268 0.5852859739375144 281
16 1.0465913473864283 1.4511965500722148 164
17 1.1927400620087485 0.9784712888474485 414
18 -0.30099059637951003 1.555984528318102 324
19 1.034992034509206 -0.29655646595883933 211
endpoint1 endpoint2
14 17
6 9
10 17
1 17
0 7
1 6
5 8
6 7
4 19
14 18
6 10
10 18
0 17
0 4
4 10
2 6
5 11
9 16
2 17
0 1
1 12
8 12
4 15
5 14
3 18
10 14
11 15
9 19
7 8
6 16
11 16
0 14
8 9
4 12
2 12
3 17
6 14
13 16
0 11
1 10
5 17
13 19
0 8
4 11
5 10
4 6
4 17
0 2
3 15
8 13
2 8
10 15
11 14
9 18
11 19
16 17
2 19
0 15
3 10
1 14
4 13
2 13
3 16
8 16
6 15
7 14
6 18
3 9
2 3
14 16
5 16
10 16
0 19
0 6
0 9
3 4
2 4
9 12
4 7
5 6
12 16
0 3
3 14
2 9
9 15
10 12
9 17
15 18
16 18
2 16
17 19
1 13
8 11
4 14
2 10
3 19
6 12
7 9
6 19
3 8
