nnodes nedges type
20 100 graph
nodename posx posy weight
0 -0.7099221630468314 -2.181047012904451 205
1 -1.807109664004239 -2.1904446395625725 355
2 -0.930072317900969 -0.9787140357841974 118
3 -0.47073383418732856 -1.728154943463031 466
4 0.18070792485902853 -2.8215392926509595 239
5 -0.3551274957072775 -2.391854328379608 396
6 0.15257086307990794 -0.6669781399516816 140
7 -0.4183607220269697 -0.8209143105327178 297
8 -1.2959357896283583 -1.8543294611131753 481
9 -0.4239228548629198 -2.9918508995632775 491
10 0.6076471894191058 -1.5907060074783728 452
11 -0.8570133250832614 -2.536941318986823 10
12 -1.290139261826201 -2.3342867548634527 296
13 0.07236998046610771 -1.4996897699848266 180
14 0.14624335504615593 -2.2695757958819676 487
15 -1.634778505192389 -1.4666427189929394 273
16 -0.09524954085687515 -1.8225258981083092 241
17 -0.4750920992500977 -1.2698505954741623 152
18 -1.2975632887550523 -1.1507462216152922 287
19 -0.7985366652096606 -1.6439890731001046 405
endpoint1 endpoint2
10 17
13 17
0 10
3 7
2 5
6 7
4 19
7 19
12 17
0 4
2 6
5 11
4 16
9 16
2 17
17 18
0 1
3 12
1 12
2 11
5 14
3 18
10 14
8 18
6 13
11 15
7 8
6 16
15 16
11 16
0 14
1 15
8 9
7 15
1 5
0 11
3 6
14 19
5 17
0 18
7 18
12 18
1 19
13 19
4 11
3 5
9 13
5 10
7 17
0 2
1 3
2 8
5 13
11 14
15 19
11 19
16 17
2 19
0 15
3 10
2 13
9 11
3 16
11 13
7 14
12 14
0 12
3 9
2 3
14 16
5 16
10 16
0 19
7 13
12 19
1 18
13 18
0 9
3 4
5 19
0 16
7 16
12 16
0 3
3 14
8 14
4 9
5 12
7 10
16 18
8 11
8 17
11 12
6 19
12 15
11 17
0 13
3 8
1 8
2 15
