nnodes nedges type
20 100 graph
nodename posx posy weight
0 -2.371243229111804 1.315134730940354 496
1 -3.325623480280081 2.1530154651380955 461
2 -3.034128131640697 1.4456755618633348 457
3 -4.321403191701085 0.45816965426817785 325
4 -4.261615716853237 1.894456876873693 196
5 -3.030888625124426 0.9780640837985144 85
6 -2.8247227737470273 1.746674360261455 430
7 -3.4649121576953137 1.7032639426317326 486
8 -2.9225099370449423 -0.2065171826343984 278
9 -3.910208395734865 1.2282330236241705 472
10 -3.70682781076881 1.3740944895508707 18
11 -2.569743429261938 0.06911571806524 121
12 -4.4459934764976285 1.2980815730099757 389
13 -3.3911363433548782 0.25701001021842745 428
14 -4.218651066185902 0.8172265856099452 181
15 -2.655023734283292 0.7004797910338838 114
16 -3.838927384885266 0.0834269391064197 331
17 -2.4678180446196634 0.9929302327340117 209
18 -3.57122332025612 0.7558669643166118 13
19 -3.35249892347823 0.6853086887843338 222
endpoint1 endpoint2
10 17
0 7
13 17
1 6
0 10
3 7
5 8
14 18
10 18
7 19
8 15
4 10
10 13
9 16
14 15
16 19
2 17
17 18
0 1
3 12
1 12
2 11
5 14
3 18
10 14
8 18
11 15
9 19
6 16
2 18
3 11
1 15
2 12
12 13
1 5
1 10
14 19
5 17
10 19
7 18
12 18
0 5
13 19
0 8
2 7
4 6
5 7
7 17
0 2
5 13
8 19
6 17
2 19
3 10
3 16
8 16
6 15
11 13
6 18
13 15
1 4
3 9
1 9
2 14
14 16
5 16
10 16
0 19
7 13
12 19
0 6
13 18
3 4
5 9
4 7
5 6
4 18
5 19
3 14
1 2
4 9
2 9
9 15
10 12
9 17
15 18
11 18
16 18
17 19
3 13
8 11
4 14
2 10
5 15
3 19
6 19
11 17
13 14
0 13
2 15
