nnodes nedges type
20 100 graph
nodename posx posy weight
0 -4.255848551023278 2.0754833737581246 36
1 -3.7666627724728374 1.2130170829565552 455
2 -3.460379829304708 1.445546985777918 476
3 -2.8260768326491816 1.3722173978219425 358
4 -2.6517999333718447 1.835198092978041 259
5 -3.4236936979071975 2.4159984494180815 275
6 -3.9878580986408827 2.277078043521695 76
7 -4.104820453435565 1.5088350874742262 368
8 -3.1716440213308155 2.4124154133147164 259
9 -4.120994902612218 2.61613969314655 327
10 -3.0638890724733145 1.9166183747480003 209
11 -2.758306552072462 1.0855470697781349 305
12 -3.353776669820871 3.051436512856197 171
13 -4.180591267867762 0.9916577477134039 171
14 -2.157050872063083 1.772991799802301 324
15 -4.7006036565577745 1.7044465618087012 349
16 -3.6464097744960307 0.770381468991721 230
17 -3.102149529644986 1.019300164167746 14
18 -3.5532442550095054 1.9303626296012415 125
19 -2.6128698339836935 2.4215037639799752 318
endpoint1 endpoint2
14 17
10 17
1 17
1 6
3 7
2 5
1 11
6 10
8 15
2 6
4 5
10 13
4 16
9 16
0 1
17 18
8 12
2 11
5 14
3 18
10 14
6 13
2 18
8 9
4 12
3 17
7 15
1 16
13 16
1 5
14 19
10 19
0 18
7 18
12 18
0 8
4 11
3 5
2 7
5 10
5 7
4 17
0 2
1 3
8 19
11 14
9 18
7 11
6 17
11 19
16 17
0 15
2 13
3 16
11 13
6 18
13 15
0 12
2 3
2 14
10 16
0 19
7 13
12 19
1 18
13 18
1 7
0 9
2 4
9 12
5 9
4 7
10 11
5 6
4 18
5 19
0 16
7 16
3 14
8 14
2 9
10 12
11 18
2 16
17 19
3 13
1 13
8 11
4 14
2 10
9 10
5 15
3 19
6 12
15 17
6 19
7 9
0 13
3 8
1 8
