nnodes nedges type
20 100 graph
nodename posx posy weight
0 1.3240727280413354 -0.8787711759819373 244
1 1.2173376272603644 -0.15328871385812795 312
2 0.7849471739181746 -0.17326922882123422 152
3 1.7516459684863137 0.09401553630111503 242
4 1.054653324577323 0.39504399460102335 58
5 0.8022817904333481 1.42912935645886 427
6 0.16939548548834918 1.1596690288682276 279
7 0.3573954312187541 -0.18175333216384815 96
8 0.9081099232900429 0.9954399781543712 446
9 -0.18744541962635985 0.0740895053126559 456
10 0.6867673067226303 0.6463635549160901 133
11 1.2715714109869973 1.2501377086412242 470
12 1.4462790412851252 0.6139876296881331 110
13 -0.056049866775688045 -0.30766798938549295 70
14 1.491644296967773 -0.33569687100151235 412
15 0.5150844188931781 0.3524235984383816 432
16 -0.27014229481520136 0.585060026576102 244
17 1.9019651293872264 0.8296195743931578 96
18 0.4070998004205115 -1.0772127773330111 419
19 0.05998468363578959 0.8420306550860267 128
endpoint1 endpoint2
14 17
6 9
10 17
3 7
1 11
5 8
6 7
7 19
12 17
0 4
8 15
4 10
4 5
10 13
4 16
14 15
16 19
2 17
0 1
3 12
1 12
2 11
10 14
6 13
11 15
9 19
7 8
15 16
2 18
0 14
4 12
2 12
3 17
7 15
13 16
1 5
6 11
5 17
10 19
0 18
7 18
13 19
4 11
2 7
9 13
5 10
4 6
4 17
1 3
4 8
8 19
9 18
11 19
2 19
0 15
3 10
2 13
8 16
6 15
7 14
12 14
13 15
1 4
0 12
3 9
2 14
6 8
5 16
10 16
7 13
12 19
1 18
1 7
3 4
10 11
5 6
5 19
7 16
1 2
4 9
9 15
5 12
10 12
7 10
2 16
1 13
8 11
4 14
9 10
5 15
8 17
6 12
11 12
6 19
12 15
11 17
13 14
3 8
1 8
2 15
