nnodes nedges type
20 100 graph
nodename posx posy weight
0 4.2923387463011755 1.1735640257429467 38
1 3.792785817272461 1.276145246152466 463
2 3.6842353207383667 2.4157792011269583 50
3 2.8658788841779557 1.3279513245120675 191
4 4.430062555310725 2.594760576558455 301
5 3.2239772951241217 2.9079780121735155 454
6 4.77048971101656 1.489072592343095 366
7 2.9456249345108323 2.4616992725581297 324
8 3.7120624105671385 1.9708219037362438 464
9 4.038203992258401 1.5390742337904522 79
10 4.035758326772774 0.6271717019171685 160
11 4.07405700567119 2.3945051214523887 306
12 3.7019301025720703 3.216913098341053 31
13 4.60756278212581 1.932942481391674 33
14 3.2329192090961243 0.8121689701028845 57
15 4.14436250958623 2.973680596526039 20
16 3.136408356524584 2.082571294459244 57
17 3.420625811587769 1.6269510763760113 142
18 4.674078716778531 2.2616122173625195 246
19 5.072518697093951 1.803377193792665 368
endpoint1 endpoint2
14 17
10 17
7 12
1 6
18 19
2 5
1 11
5 8
4 19
0 4
8 15
2 6
9 14
5 11
10 13
4 16
2 17
17 18
8 12
2 11
10 14
8 18
6 13
11 15
9 19
15 16
7 8
11 16
2 18
0 14
4 12
3 17
7 15
1 16
0 11
1 10
6 11
5 17
0 18
12 18
1 19
2 7
9 13
5 7
4 17
7 17
1 3
8 13
4 8
5 13
8 19
9 18
7 11
6 17
16 17
2 19
1 14
8 10
4 13
9 11
3 16
6 15
11 13
6 18
13 15
3 9
2 3
1 9
14 16
5 16
0 19
1 18
0 6
1 7
0 9
2 4
4 18
0 16
7 16
12 16
0 3
3 14
8 14
4 9
5 12
9 17
15 18
11 18
2 16
1 13
8 11
9 10
5 15
11 12
7 9
6 19
0 13
3 8
1 8
2 15
