nnodes nedges type
70 200 graph
nodename posx posy weight
0 -1.5320182731587226 1.144141604736299 2948
1 -0.3334112855367277 -0.3470512467163256 3943
2 -0.22019977831090207 1.3298195523630607 2257
3 -2.002195962807472 2.3180178301208305 3801
4 -0.7431776705078417 1.4139918284246238 2717
5 1.0608183885781541 0.2943955142178619 2305
6 -2.056768923585474 0.92995350945848 1070
7 -1.0634205872393574 1.1273770040358042 3290
8 1.8010716517556025 1.0402809495192147 2874
9 0.7666129870051113 2.3882243600243593 3830
10 -0.04848438190451988 1.0036108671243626 4865
11 -2.339202741277183 1.757425698527932 3276
12 0.3144138707301224 0.8642571854941593 3822
13 1.0490319239816175 2.867825470606561 3836
14 0.2820993922826097 2.991713893988504 1483
15 -0.7654914025131966 1.893447083378814 1634
16 2.251363190394463 1.5296266828226501 2553
17 -0.6395801691785629 2.741756593550292 3017
18 1.3566885379930695 0.646268471813631 2476
19 -2.5673125141876 1.1733576457454065 4967
20 0.16691739193672744 -0.8491640636506399 4731
21 1.0543683594199522 -0.6458521395207677 4735
22 -1.6074524728089037 1.9331775257753787 1635
23 -0.08634612663337357 2.9163561875881023 4725
24 1.9209031424881027 2.536264593799253 2050
25 -1.6481085772844177 0.537781690489109 1623
26 -2.049372833794922 2.849154389951643 3165
27 -0.13292920092722446 -0.5604896134806329 2054
28 -1.4907004630922231 2.2539970331025625 3171
29 -0.6896485635600019 1.0877150058305105 3580
30 1.629114054823684 1.6405306601404137 1263
31 -0.6069062840476455 -0.10739526264469836 1639
32 0.442915044293601 1.7480105197383276 2767
33 0.37978110961245554 0.3284404933661801 4273
34 -1.313958865083256 1.6653439189206918 3359
35 0.7375898183805715 1.7752619727932644 4026
36 0.17034017167287982 2.2287394777170664 3978
37 -0.6238590194659988 3.641990659129036 4215
38 -0.4925757780044622 2.1749358493346764 1692
39 -1.0186829957557804 -0.7174919381267186 2133
40 -1.3587896845981715 3.441088721155118 3644
41 -0.363756460115074 2.4470993910978214 1877
42 0.9681238323671921 3.1250893634311288 1812
43 1.4279144902815983 1.4223900000989667 2708
44 -0.17300422880538535 0.6714238044860626 1290
45 -0.5058205913390519 0.6972076827686297 4230
46 0.43805553222739924 2.060997649168333 2869
47 -1.399026831716693 0.13181241674152633 3520
48 -1.7959639543903787 1.107935925816108 4113
49 -1.591801730712283 -0.09442732101343419 1861
50 0.5170131599567731 1.3445719084696652 4880
51 1.302738818625442 0.8295473406897953 3223
52 0.9919616597041397 1.312313635205416 1228
53 0.11145021401230334 1.8742214988937707 3638
54 0.32224436488280345 3.4419468860223352 2211
55 -0.9948481261368571 3.1932410360148547 3740
56 -0.9182684969168925 0.17069593784548825 2744
57 -0.5774397863979369 3.1095656759651416 3885
58 1.2509651006742157 2.0465198564125737 3232
59 -0.14613599812871417 0.10977209535916091 4537
60 -0.5088952808102263 1.5781966527797244 1557
61 -2.02881731424052 0.3744824425933064 3677
62 0.7866119473629664 0.21446618350796076 1823
63 -1.1301140637889688 2.2140712657572394 4730
64 1.8102398331508747 2.6917976919443696 1646
65 0.624066453351067 -0.5412760294887364 3212
66 -0.9605273958418252 0.5261561634598593 3349
67 0.7292542819108478 0.46767085094622113 3954
68 -0.9845818778745513 2.578387799291724 2827
69 1.0124723826203068 -0.20006996408745645 4826
endpoint1 endpoint2
14 17
29 50
4 36
11 28
36 68
7 25
22 68
35 41
2 67
8 50
18 30
0 61
33 65
34 46
9 51
52 58
8 24
32 64
0 32
47 56
2 63
1 45
45 48
44 56
7 68
30 42
29 34
21 31
9 36
17 23
25 66
7 28
34 36
25 60
40 57
37 41
10 62
51 60
5 21
2 47
7 22
39 61
2 17
36 41
19 49
18 36
41 55
38 54
37 54
59 66
18 62
39 66
8 35
30 32
12 27
35 45
35 62
24 46
33 69
3 28
2 12
3 17
43 51
17 68
13 54
44 52
7 15
22 45
39 65
13 16
1 5
15 61
31 56
5 53
15 46
23 68
56 62
37 63
30 67
13 57
45 47
12 18
17 22
7 31
5 59
4 53
10 32
18 21
14 40
0 59
15 45
26 55
56 59
20 33
45 50
48 57
4 63
9 38
50 52
31 33
27 65
17 38
7 47
19 48
51 58
7 56
60 66
13 50
11 19
44 67
1 20
28 38
17 28
7 33
63 68
11 34
15 42
31 49
36 58
10 53
36 53
43 50
10 31
32 59
22 34
4 38
20 67
12 14
41 66
0 25
8 33
43 67
9 60
1 4
51 65
0 34
46 54
53 57
5 16
0 19
11 29
32 43
14 58
2 66
6 49
3 4
18 33
26 57
12 58
19 26
32 50
44 63
23 32
22 40
4 56
0 3
14 55
27 29
17 37
12 33
58 64
52 62
2 52
38 52
20 39
53 63
53 68
39 49
6 22
2 46
44 60
7 23
29 38
34 61
13 24
9 53
31 48
45 69
51 69
26 63
25 45
10 50
12 49
43 53
22 60
5 65
10 28
55 68
23 42
6 38
55 60
4 50
13 14
30 35
29 41
33 46
5 51
17 35
6 56
29 67
