nnodes nedges type
70 200 graph
nodename posx posy weight
0 0.8839409679729576 -9.055451299280127 4278
1 0.6983910613392115 -9.715760835229128 2294
2 -2.1174557792416477 -7.272280521522729 2529
3 0.5244583963837455 -6.931052005407873 4228
4 -1.027634233407566 -8.105467284597824 3678
5 2.3943021773864963 -8.494830849393056 2144
6 0.11548547066142324 -6.537515951510726 3440
7 1.9445856042587826 -7.723214895419473 2302
8 0.6903170581564607 -8.671993762001263 4625
9 1.857617804200728 -7.260520569381462 2874
10 -1.4856669164170317 -7.1525073822918035 4012
11 -0.04276393254215075 -9.700546813230684 2277
12 0.10722415478244712 -5.4422847592065375 4107
13 0.4670276273939644 -9.236925905952516 1191
14 -1.7183404075994186 -8.101900679474635 3233
15 0.0903914791549392 -7.3366125051428845 3587
16 -1.2445113890219563 -9.69513377328706 3134
17 1.3826805368352812 -9.293468775414928 2076
18 -0.900378106980693 -6.546385656843958 4883
19 0.9121727963246107 -6.44616958163988 2789
20 2.063255035710812 -7.421351889140157 3311
21 -1.4615677166676921 -5.463046361932139 3546
22 -0.7863617169912095 -7.859637844897172 1777
23 -1.9296114948542262 -6.12995771097154 1722
24 -0.2946192584027617 -9.060382684454147 2912
25 -1.5817967050470325 -7.974199654351762 2051
26 -0.08774430286344444 -8.094681571257004 4106
27 -0.5733393197765083 -7.237634709352256 4187
28 1.10811837657649 -7.973367186653494 2622
29 -0.7644311651614825 -6.2848894412674525 2974
30 0.6291521407594296 -6.268430858639899 1530
31 -1.8929576844924079 -8.660263652860905 4539
32 1.3704758768728833 -7.801739959822691 3004
33 -0.8103688270710426 -5.608540213557378 3326
34 -0.7057312277079063 -8.295981976716572 2691
35 -1.4642325334880377 -9.020526702012717 1249
36 0.017584635159240147 -8.953530657614195 2099
37 -1.1865402327597356 -8.537379876789592 1251
38 0.4024410696727337 -8.255490092600512 1788
39 0.7756841622069507 -7.809598618552577 1568
40 0.8009446459083036 -5.30511641173318 1871
41 -0.12110640098954628 -8.589457734485332 1584
42 0.8196644591044391 -6.0604441390727635 4001
43 0.20021881145466489 -6.13707695756138 4648
44 0.1711728970846491 -7.89662487172992 2970
45 0.13926715324770067 -7.58951685363887 3186
46 -1.2614017347381612 -7.36147742438911 4962
47 2.1086223119419913 -8.96544065584429 3454
48 -0.48375243688418057 -9.561332343344528 3256
49 1.0605149758939763 -6.013576005876675 1551
50 -0.7672234239483263 -9.084610037701635 3940
51 -0.39079201657159757 -6.109516158452279 4544
52 -1.14315108367268 -5.93028569792208 1184
53 -1.703403883416029 -7.600039697468991 4113
54 0.9242155306347112 -8.456997325797104 1807
55 -0.2209425946685981 -7.718942474052862 3284
56 0.983398854056376 -7.0707595426503405 3814
57 3.4206128916745713 -9.021649595835182 3375
58 1.3161073256429827 -6.8736147490925665 1024
59 -0.06960389368458854 -6.891775849578756 2860
60 -0.6692374487275341 -7.385262220197573 1266
61 1.5173740066399828 -6.564512144903402 3608
62 -1.217939778017264 -6.825853891797967 1071
63 0.7119180036196919 -7.039677437462636 2033
64 1.1176638371736172 -7.47496955032566 1757
65 -0.6051170162231483 -6.870480988580541 1583
66 2.0392889492509916 -6.613848507025582 4432
67 1.5126343931505413 -6.096568815590025 2884
68 -1.875973590080794 -7.305117381681629 2012
69 1.5773528634921243 -8.401738475713335 3596
endpoint1 endpoint2
18 55
17 69
30 65
32 54
25 31
6 28
39 59
4 36
45 58
1 17
5 57
19 66
35 41
8 50
24 55
5 54
16 50
19 40
26 53
14 31
46 48
12 59
26 32
15 30
30 66
4 46
27 45
8 41
58 63
45 61
3 51
7 28
63 67
49 58
22 65
25 60
0 55
6 51
10 62
1 54
26 59
15 34
19 39
65 68
0 1
15 59
22 25
19 60
15 52
6 60
11 41
26 60
3 39
62 68
32 61
48 50
36 64
29 59
11 16
2 18
3 28
43 46
0 36
41 50
10 65
43 51
18 52
62 65
28 63
8 45
22 45
32 45
13 69
0 11
7 54
27 54
56 62
3 44
2 60
14 68
21 33
38 60
27 44
11 26
66 67
6 45
9 56
15 69
41 59
13 34
3 67
28 54
10 25
43 61
34 65
23 52
4 44
3 60
6 27
63 65
3 15
17 38
14 37
1 48
58 67
41 54
12 51
13 50
20 38
37 53
18 63
39 54
54 63
3 59
9 44
0 28
30 33
4 60
34 60
31 36
22 27
18 27
52 65
37 46
32 69
25 35
38 48
59 64
33 53
15 22
39 64
20 67
29 42
13 28
10 59
15 41
24 44
2 14
51 52
22 53
4 29
60 68
43 49
30 64
39 47
29 51
3 32
30 40
20 64
9 42
49 56
7 30
23 27
17 47
25 55
5 9
38 43
31 68
3 42
28 55
18 59
46 51
10 21
0 69
66 69
49 59
26 58
24 38
37 39
9 28
1 36
14 27
22 38
12 21
8 56
15 56
6 40
13 24
2 31
49 64
8 64
10 50
35 53
24 35
36 54
27 62
8 17
42 55
7 9
6 19
29 60
44 65
25 68
34 62
16 34
14 45
34 45
12 43
51 55
12 67
