nnodes nedges type
70 200 graph
nodename posx posy weight
0 1.6232646488892575 -1.649316271601919 2498
1 2.1031949984637848 -0.8629871513583083 2212
2 0.7191365558711692 0.24688122722315645 1613
3 1.680022868501001 -0.6168057127590096 2708
4 1.8920329731943215 -2.2190217898860167 2377
5 0.7578327918740635 -0.7145744948214917 1494
6 1.823245900219455 -0.6897912298745728 4465
7 1.177745676590161 0.4240515178816788 1578
8 0.4085697623710027 0.6559581176576363 4433
9 2.5507270308547083 -1.2407427856709348 3684
10 3.0312784433420457 -0.5729651424541741 3699
11 3.4361245145903063 -1.6802073290976234 1109
12 1.985775607808497 0.19850356205640574 2397
13 1.3001665952380792 -1.1780211333047705 2356
14 2.9844837950060565 -2.2569172286737924 2069
15 2.4925441633371603 -2.286222942899604 1170
16 3.2198380610596327 -2.895919960513607 2458
17 1.7667624515733356 -1.2477478391959838 4987
18 3.2157361781997666 -1.1393390403898218 1560
19 1.721809534893232 0.7037026435364823 4162
20 0.4861574406461942 -1.3239634293765281 2588
21 0.7393997515950684 -2.7757420812030915 1843
22 3.5074640783332582 -2.4077408888454808 4945
23 -0.2352345727354824 -0.9014708902712116 2301
24 2.4644320849928 -0.5558363789444429 4505
25 2.3356410807650327 0.391048879096792 1402
26 2.259607623405724 -1.3972990046077274 3370
27 3.637407354446005 0.22949076573505922 3155
28 1.6682832066376356 -1.9890633677522922 4710
29 3.215265816590985 0.3307248209247104 1506
30 3.3384940582079534 -0.6029263346298892 4571
31 3.3520834081601514 -0.20654087554288636 1468
32 3.3003915674401805 -1.9496060221344076 3519
33 0.6925659035202525 -2.148117289302271 1296
34 4.097765607631534 -1.317725937028606 2637
35 3.734591210076896 -1.7911631344948253 3861
36 -0.19998261985180812 -0.15543108994392993 4363
37 3.1428323059404226 -0.8486235617009342 4648
38 2.4417837261186714 -1.0174112365542605 1118
39 0.7034268085008689 -1.9031543441334795 2408
40 1.1606658314736504 0.14272957255435742 4648
41 1.6422648448857349 -3.3986541808481654 2699
42 2.1802187046683126 -2.155089989644641 4844
43 0.43173403867785565 -3.3942182665770444 2649
44 0.4943446846651067 -0.6159789418847236 2381
45 2.5679895694181067 -1.8623680387558372 3662
46 2.6223767200642563 -3.1989499169939224 3738
47 -0.0928131613012399 -2.421697412435857 2530
48 2.6498070204827533 0.11003875441417943 2275
49 2.6338556976290426 -0.11862036168839292 4323
50 1.0581221398710066 -2.31637401540645 4490
51 1.098833084554413 -0.288077543576621 2165
52 1.4636975262767693 0.4912857068537425 1421
53 1.6119789138506473 -0.08518759326833335 1015
54 1.0686624943305645 -2.744696430062317 4692
55 2.1796142465579735 -3.4267859086359134 3102
56 1.3650219786572575 -0.5140302638336455 2826
57 2.6490974845128 -1.6256512200054365 1098
58 0.11437897004395646 -2.7639582223443724 3623
59 1.8242598986837102 -2.877700289359776 3496
60 -0.3250002337679056 -2.1185076211209926 2385
61 1.456873985293122 -2.8857266708736273 4034
62 0.2760207668216049 -1.6946300029414492 4803
63 0.0981591513708515 -1.193103962751941 3924
64 0.741190622514741 -1.0901167651587742 1094
65 2.184450333547928 -3.6832337482747572 1872
66 2.4512088949109274 -2.8222533607086913 1981
67 -0.4303028938075526 -0.8547377116770506 1460
68 0.9248833217255764 -1.8641503731438547 2083
69 2.536170714110589 0.7571897150461623 4312
endpoint1 endpoint2
62 64
8 44
0 20
1 17
17 20
34 35
33 41
0 10
14 46
47 68
4 66
2 5
0 61
19 40
26 53
18 45
6 7
22 55
37 48
9 66
26 32
52 53
6 10
39 45
14 18
3 62
44 56
10 18
12 17
23 44
6 44
30 57
36 39
29 30
38 53
4 16
39 61
50 55
5 63
3 12
1 12
8 12
41 55
21 62
4 26
3 18
27 49
47 50
21 43
39 42
11 15
4 51
35 45
6 42
0 49
41 61
21 68
46 65
20 47
11 57
59 65
58 59
44 52
25 30
7 64
5 56
12 24
2 23
1 5
19 69
41 43
18 31
25 53
0 62
17 45
18 42
14 28
40 67
4 28
20 44
43 62
29 52
16 66
22 46
61 65
2 24
6 48
4 64
11 45
9 13
7 53
38 42
31 69
28 54
15 28
38 57
13 60
5 20
44 62
5 33
22 30
1 3
26 64
26 61
58 67
37 56
1 37
18 48
48 51
38 68
1 25
0 15
15 66
63 68
18 27
1 51
58 68
13 40
12 48
9 69
17 59
38 48
28 56
23 62
20 67
41 66
6 33
30 34
55 61
7 36
24 57
30 49
13 28
7 49
14 35
20 50
15 41
51 52
32 66
46 54
28 50
1 35
2 40
6 31
30 40
45 59
26 31
2 25
15 68
50 63
21 57
5 9
54 66
37 49
9 22
24 26
55 66
7 69
32 37
25 27
6 24
11 24
63 64
11 38
10 34
29 31
10 12
47 60
20 39
19 25
53 63
42 65
15 18
54 60
23 39
50 54
41 46
17 19
25 56
17 32
1 50
16 59
13 52
38 49
28 57
44 54
3 57
13 14
50 59
16 34
14 45
6 53
56 68
19 56
18 29
42 46
24 45
20 51
15 37
21 50
