nnodes nedges type
70 200 graph
nodename posx posy weight
0 1.219037109188246 0.7381746185042428 3865
1 2.3178943526102866 0.98453447034352 4242
2 2.627474328010748 0.28551003050659257 1063
3 3.2421972468538782 1.1942456336973009 4273
4 1.6786407229474372 -2.3290994281958586 3164
5 0.7590632176661315 -0.1940551103888858 1354
6 3.2753803797535475 -2.5907526438853163 4539
7 3.4788343204810053 1.4121759976534094 4160
8 3.131169025769249 1.0585802286945247 2020
9 1.1550695077759199 -2.6351590083811063 1101
10 2.3501571561609786 -1.4018290434907548 3858
11 1.027432488183142 -1.41941773218891 2973
12 4.104510841130868 0.6592745896399992 4291
13 1.90631839511501 0.11473678185672063 3449
14 2.7858795576371578 -0.45971626855583925 4054
15 4.5625723005886 -2.332097167354347 1357
16 4.853860340519865 -1.1424963701239854 1012
17 3.2252766639092543 -0.18777873865324363 4809
18 2.588121300944657 0.7507020660488247 3838
19 1.2918659661243534 -2.0449759560219576 1606
20 4.163077572910728 0.033647073403767026 4054
21 4.855852091235429 0.2715520843917706 4851
22 4.394241749621385 -0.547835651790306 4826
23 2.4525598070478267 -1.706621563892416 3566
24 2.4901085253978508 0.08869236362347646 4933
25 2.328703965904337 -2.686587490527752 2827
26 1.4837121028783873 -0.48336620421546445 3853
27 2.906464096559904 -1.4765400186117792 1510
28 1.2916113540462777 1.3867137362412827 2838
29 3.385496269161006 -2.131206217606424 2363
30 3.962332962384319 -1.939367504995977 1509
31 2.8160452355786076 -2.186463960706174 1552
32 2.812762683477857 -0.10546858401998158 4984
33 0.6768912893304616 0.5545552408215819 2850
34 -0.19880346318865955 -0.7719386120785123 1436
35 1.894785063773666 -0.8626261969109117 1735
36 4.120103069511129 -0.41590702566202664 3554
37 3.250824133623577 -0.9147078922665441 1348
38 3.704935565376196 -1.3110221827454538 2525
39 1.73953736777374 -1.8039134563611505 1564
40 2.8180729637355264 -1.7499847752627073 2436
41 3.492136895951297 0.18476353006692395 3017
42 1.3610096599178874 0.32294421936782824 3180
43 2.6785146297799836 -2.885131167858186 2251
44 4.668113965917405 -1.8378277438587145 1627
45 2.014155458076475 -2.63498354625193 1008
46 3.826301579680731 -0.9477990253874408 4114
47 4.717696868329914 -1.3330147885484687 3823
48 3.6648849490675115 -0.03748106260231221 3522
49 3.1000728765506813 -1.1798279278025587 1448
50 4.489203053333575 1.1917576242292662 2919
51 3.603134459777305 -0.3088733344864074 4082
52 4.424585728960288 -0.9474762896561815 1923
53 3.4365657667664533 -1.8085052125164538 3430
54 1.9971787192906372 -0.365384722485024 1933
55 0.46683076541793705 -1.1221220980867375 1740
56 1.69059081800763 -0.1394572943223113 2320
57 2.5857606691680264 -0.3766227824523794 1472
58 2.200062425894026 -2.167546342166792 1382
59 1.943718867908301 -1.3464229311749172 2987
60 1.1366572374837578 -0.7668893706734854 1237
61 4.2060219798155805 -2.640992008000345 1647
62 3.5594230062223 0.4687848566362774 3873
63 4.7854566699159315 -0.30970856825755727 3638
64 3.3791438457577696 -1.3297839311578363 3338
65 1.6035643017387557 -1.3545939741790614 4091
66 1.7550387598821047 0.6419955756709642 1588
67 4.0664110802872155 -1.1852878682127586 2060
68 2.2978484057020734 -0.5890777613263399 3393
69 3.397525859633907 -3.2051926047994437 4403
endpoint1 endpoint2
5 68
33 55
48 62
5 54
19 55
17 46
24 42
20 48
35 66
53 59
23 54
17 64
13 58
29 53
24 27
3 62
32 38
16 22
12 17
14 52
31 35
18 20
7 41
40 57
4 10
1 54
46 62
52 63
14 24
22 48
53 67
65 68
15 29
32 48
4 35
36 67
44 61
23 38
32 35
29 37
12 22
9 39
0 1
14 49
31 38
36 41
42 57
21 62
28 66
11 58
10 14
30 69
37 54
20 37
2 37
67 68
7 8
40 45
43 69
2 18
24 59
13 26
11 35
37 47
36 57
35 51
23 65
13 41
4 31
3 17
9 25
17 68
57 60
59 65
39 58
30 46
8 32
7 24
29 43
2 23
8 51
25 53
15 46
16 51
12 41
6 58
51 53
0 33
56 62
40 67
9 65
18 57
30 67
10 19
22 46
12 18
50 51
40 58
35 56
51 63
19 27
14 65
6 27
55 59
59 60
66 68
27 65
23 31
36 37
2 8
0 56
6 64
27 48
57 64
47 61
26 39
29 58
44 67
0 28
31 43
34 60
30 52
1 14
7 50
21 67
10 53
17 54
37 59
4 43
25 29
39 64
20 67
44 64
13 68
40 43
31 46
13 28
30 49
35 60
36 44
54 65
35 68
32 66
1 62
42 60
18 54
16 67
23 61
39 56
27 30
17 26
14 41
10 60
18 33
17 47
27 52
10 68
24 26
38 62
4 45
49 54
30 37
32 40
63 64
23 45
27 29
0 54
24 51
35 54
46 57
20 52
36 49
25 39
56 57
12 63
48 52
10 22
30 38
12 21
6 40
13 24
24 48
20 62
11 54
58 69
26 42
39 43
38 49
30 44
4 39
3 57
29 41
10 45
1 8
25 59
16 53
19 45
51 64
10 64
20 46
