nnodes nedges type
70 200 graph
nodename posx posy weight
0 4.278531746575516 0.9963086089497247 4375
1 4.25731383880984 1.4302351823382327 1195
2 5.576271045706893 2.836892974633147 4207
3 4.0126636814149395 3.7434016791247497 2201
4 6.264463661553881 -0.0408195938632737 2401
5 5.025841836983911 -0.9427984196124355 1661
6 6.4905591819176145 -0.5698919920493501 3125
7 6.303652212553224 2.2011945935720263 2575
8 5.277299927935037 0.8222551775578197 1669
9 5.2554067406240685 1.3781952095131182 4621
10 4.534834731545628 4.284559181915609 4212
11 3.0686338932056993 1.2973624143231524 3945
12 6.807129110186539 0.3593375070029687 2738
13 3.8356338385382487 1.2022746571282918 3280
14 3.1422553234589574 0.13830309186244386 2627
15 5.317797882981276 3.271776141312717 4384
16 4.964478726927954 2.157668671425336 4264
17 4.022734487365566 2.8725025080242563 2444
18 4.528238767674462 0.29452384025223494 1608
19 4.421687573932612 -0.5174840429950495 3546
20 3.598557915216278 1.5783322241474504 4359
21 6.902998935481844 1.2023046542660318 3567
22 4.911891886222561 1.6428165092102778 4713
23 6.368957559554706 1.540143643966613 4634
24 5.817175572218868 0.2678591979650135 3501
25 4.9502161998299 -0.0162358793193898 2446
26 2.607613366429836 1.2919890240332657 4376
27 4.52208524793055 2.277706122827854 1767
28 5.584325793854312 1.116485164022389 2425
29 4.746457657294871 0.9566608939790532 2002
30 4.478392813772806 1.1053003369771335 3801
31 4.454074505828448 3.1914388245241456 2227
32 6.574375917552231 1.3304749296061225 3300
33 4.247997429592749 -0.003638114157012805 1793
34 3.4873108924752345 3.34934362431556 3157
35 6.583326050619513 2.0309672620612935 2993
36 5.01506842079617 3.267955831314092 1483
37 5.790903461480787 0.8535253411201313 2128
38 6.406703267371671 1.135003512176337 1782
39 3.0330027964891477 1.8012827724303222 2877
40 2.975090164160391 2.158165517744538 4011
41 4.054774024140993 1.7598284333704126 4215
42 6.577274637522425 3.210528323097964 1144
43 5.6275500155342515 -0.8448769020877614 2366
44 7.208464204287625 -0.4686737096965037 4755
45 7.088313358255533 -1.5116202786626205 4320
46 5.075732910592653 1.2660920780167233 2509
47 6.51083967308652 0.8468612307756223 2865
48 3.7091364068595967 0.8844449335230345 4056
49 3.824051631009977 2.145859965632064 4352
50 3.4279589415568505 2.1572332031373627 2213
51 4.7045138243251285 0.3039870954905622 3029
52 3.6870996308038246 0.2796086402190792 2581
53 3.7587401281279345 -0.5656442634513493 3699
54 5.953107121412758 1.7604394404928823 2758
55 3.943939230965109 0.41697866492261526 3311
56 5.649976707590107 1.9079403491682267 4440
57 5.554459410077778 0.02805323056725894 1567
58 4.243627452186247 2.849762681850019 1129
59 4.6677725093874605 -0.3841546358532899 4471
60 5.846070541937051 2.5041217011369197 3308
61 5.780936999158854 -0.35224457959916 3310
62 6.897415926543332 2.1465212832985237 2495
63 4.8744718041784925 2.8154400607028105 4356
64 3.4720484278563655 0.23240022285916892 4428
65 4.115622069558114 -1.2001756145400608 2612
66 6.381914012194485 0.3843725073162597 1393
67 5.176809129529811 1.9587530142741356 3633
68 5.587851679120791 2.2295178035354395 1028
69 2.987208319549536 0.873322034163947 3132
endpoint1 endpoint2
15 27
30 41
28 41
14 59
22 68
38 67
27 68
24 66
7 42
19 55
33 65
1 56
25 43
42 62
52 53
20 30
7 68
25 66
14 52
7 28
63 67
6 44
18 20
17 36
27 67
31 60
20 58
0 55
29 30
4 5
22 48
17 67
2 17
34 58
59 61
17 39
20 63
0 39
23 66
21 62
16 60
30 69
37 54
4 21
62 68
43 57
15 16
4 32
41 64
0 64
0 27
7 21
4 51
50 69
24 59
13 26
16 54
6 57
40 51
20 26
59 65
7 15
30 46
0 24
16 29
13 69
56 66
30 48
7 54
33 64
3 27
23 68
56 62
17 50
46 49
18 57
49 52
22 46
8 61
6 45
31 34
12 29
4 6
28 54
43 61
55 67
55 59
15 58
22 67
30 59
36 42
18 22
8 13
7 47
6 61
11 39
2 8
1 48
18 37
25 51
28 67
10 15
1 37
26 40
13 50
32 62
54 63
34 49
38 68
9 33
22 27
13 25
3 10
6 43
9 54
1 14
31 49
37 46
11 55
54 68
26 69
58 68
4 24
2 56
8 16
23 62
55 69
16 30
9 60
5 52
19 57
1 9
25 52
24 44
11 50
35 68
60 68
38 61
29 51
33 48
22 47
11 29
23 46
35 38
0 9
24 54
41 58
46 60
13 33
11 49
21 57
35 67
8 23
12 47
46 51
53 65
38 62
21 35
5 19
6 47
5 61
30 56
10 34
27 29
35 37
1 55
24 38
46 57
20 52
21 60
36 49
13 49
20 39
43 59
39 49
12 21
18 64
9 32
41 46
50 67
14 39
29 64
30 68
6 12
28 57
8 47
7 9
25 28
33 57
16 31
43 66
8 53
13 27
9 48
25 59
36 56
2 15
26 48
32 67
19 30
