nnodes nedges type
70 200 graph
nodename posx posy weight
0 0.9496623334130941 -2.195297174080256 2235
1 2.813025059110762 -3.263379967143877 3454
2 0.5188203847890863 -2.7236739592342083 3592
3 1.8086387190215059 -4.007655311842587 2864
4 1.0577458615043636 -4.322271928916718 4745
5 2.4364255866686633 -3.869849547717969 4766
6 1.2488542214418894 -1.0637881771834286 3600
7 1.4219830712191672 -1.8273613636947874 2833
8 2.263469663311214 -3.730660489098634 4607
9 1.245175095647843 -5.587017914051663 1228
10 -0.22784653683550382 -4.952298368704056 3646
11 1.9750774105007196 -2.9926289273972952 1114
12 1.3688667046533591 -2.351552761394255 4133
13 0.27688282253064844 -3.7795272318973225 3781
14 -0.20201623793937162 -5.350405193473006 1843
15 -0.4552596518622211 -2.4928238614883553 1974
16 1.601699784182901 -2.9451807719023075 1958
17 1.5675250733069086 -2.031761475472491 4200
18 -0.21088196376783047 -3.262030491754779 2412
19 1.1119599989886917 -2.57957422118249 1596
20 2.78318206214993 -4.40442231617995 3887
21 2.7059951459930236 -2.4298617139803715 1008
22 0.3488141064964389 -5.239999955826141 4978
23 0.6012683937310107 -5.159636597281679 3862
24 0.7393412317020764 -5.878102353965693 3522
25 1.203902526195256 -4.620501719995125 1946
26 0.5001101434216783 -3.514450866100866 1776
27 1.0291887340537358 -3.164169267721049 2847
28 3.3739662851910803 -3.2201558724668016 2030
29 1.0044838415168864 -3.479915729222793 3661
30 0.7822259352402481 -3.955966906241166 1973
31 1.3158110298486414 -3.7714474286930924 4530
32 2.4313359469561684 -4.768517626342542 2237
33 -0.3584488131187465 -4.052738770570207 2545
34 0.8226839135649611 -4.6100359232050065 2829
35 -0.6587131424119377 -2.2390686531960555 3734
36 2.8511708682365096 -2.60046791633323 4019
37 0.38389759979258353 -2.27509792068703 1271
38 0.9663400194296521 -1.4214100354964427 3893
39 0.5598107242249417 -1.4865351811451661 4781
40 -0.42721717581385776 -3.597094029159031 4678
41 0.03207892466029653 -1.6253273682020861 3202
42 0.028645510802704374 -4.910970457471919 2077
43 0.5808561438914313 -3.244060500743382 4898
44 -0.15480458969978408 -2.7529331654247304 1743
45 1.8686341709460217 -3.4986664841484223 3680
46 0.5318364060497296 -4.378006099826607 3327
47 2.1635949166711783 -1.7683141334755403 2357
48 1.5919357450715155 -4.901416822198346 2606
49 0.08479826338007655 -4.0615822251303575 1074
50 2.169954317243784 -3.161423303056947 1990
51 3.719139576614874 -2.481987571377333 2051
52 2.686314303655602 -3.745587177018223 4157
53 1.8025658269311489 -2.7056150307712294 1450
54 2.4157813539512727 -5.113641723217057 1928
55 -0.8530915349199553 -3.5230306815125862 3361
56 1.7907604539298598 -4.32975783255908 3615
57 -1.2653998221367977 -2.5229809198944273 3457
58 -0.5951103195256257 -3.0576178578631916 3730
59 0.14316172286275672 -2.6077250444442166 2809
60 -0.3230736710643976 -1.9293167169982577 1208
61 0.1368763404567909 -2.000337538065716 3613
62 2.0505355547336 -4.766678324779165 2986
63 -1.102279185258627 -2.9433213717623556 1428
64 -1.1123429007852443 -4.46878470019091 3489
65 -0.8303853002349794 -3.9516677697129983 3603
66 2.15331852624839 -2.232503448603975 4359
67 1.8804236799330007 -5.258776363309135 1465
68 -0.3488013120904007 -4.417167367905728 2401
69 0.5481533203137084 -2.1042723277594946 3546
endpoint1 endpoint2
26 47
21 47
27 46
21 28
11 28
10 46
24 42
6 69
25 43
6 7
15 30
47 53
13 58
11 67
3 62
45 48
7 19
39 69
2 27
17 36
16 44
25 49
46 62
27 50
2 53
8 21
18 46
38 53
4 16
20 32
27 39
18 61
55 64
10 23
16 19
39 61
61 69
2 17
15 59
22 25
17 39
61 63
57 65
44 55
23 56
30 45
29 59
1 21
2 18
9 34
22 26
30 55
3 11
18 26
15 43
31 54
14 33
2 12
10 65
37 60
36 52
14 22
3 34
10 30
8 45
16 69
25 30
48 68
11 31
8 32
23 40
13 69
5 56
4 48
1 5
12 41
25 42
23 49
38 60
11 66
58 60
3 50
4 53
17 27
33 43
1 66
1 53
13 34
20 54
27 53
52 56
3 43
9 23
0 31
22 67
2 29
1 3
0 53
11 61
19 37
0 43
25 32
18 63
32 62
42 64
7 11
4 33
31 43
5 36
2 19
50 66
30 52
19 58
31 49
3 31
29 65
1 51
8 29
15 39
41 49
4 24
36 53
13 40
14 23
54 56
31 46
35 60
16 52
40 49
1 62
35 68
40 68
21 51
13 43
4 29
23 48
13 56
2 40
26 31
33 37
38 66
31 45
35 38
35 59
18 33
3 25
40 65
9 67
43 60
32 50
20 29
27 42
16 21
55 58
59 63
7 29
63 64
22 64
10 34
17 37
45 66
26 65
18 34
5 12
29 31
12 44
3 20
5 25
44 49
18 60
45 52
12 21
9 32
5 48
21 66
4 14
3 30
1 50
46 58
2 57
5 28
37 55
37 66
34 68
6 19
64 65
11 17
9 46
8 34
12 26
34 62
50 59
7 39
8 53
19 56
35 63
19 45
0 35
7 61
40 69
