nnodes nedges type
70 200 graph
nodename posx posy weight
0 -6.052706477646537 -0.7066328821218861 3699
1 -6.506797829010524 -0.1869009470649518 3622
2 -6.2780795536037965 -2.281336924527562 2692
3 -8.215553867552353 -2.259109731417083 4916
4 -6.292096886173553 -2.9815708292586343 3587
5 -6.122494173425461 -1.947517126990701 3652
6 -6.732753513745719 -2.854477504326934 3243
7 -4.604721954718665 -0.9265537492120218 1369
8 -8.876996068523644 -0.38614749702371526 4619
9 -4.759445952292253 -1.3507447978678713 3024
10 -6.174341493793341 0.18924627746877018 3205
11 -6.5871311006791995 -0.016740304452876605 2000
12 -7.954522985287747 0.39245626326745087 1523
13 -5.512179721098785 -0.5568857199547401 1872
14 -4.615765449096902 0.6428808293762337 1707
15 -7.029195322951378 -2.826834340112083 2030
16 -5.368265950055731 0.08808718384124513 1618
17 -6.15082744545811 0.7849960645074513 1242
18 -5.799405977976168 -2.05370074200167 4903
19 -4.928992722131883 0.2669815990921007 2798
20 -6.503730307282572 1.0725221147723953 2400
21 -7.82596931279027 -0.9901033118780664 1947
22 -7.735142750161941 -0.561249256558397 1130
23 -5.573132908490459 -1.5288185775403837 3451
24 -7.544225908618474 -0.48257861373048044 4908
25 -8.272979293194886 -1.2274445957294662 3901
26 -8.73755304748318 0.03971156967729675 3594
27 -7.686809564395083 -1.55427981500352 4699
28 -6.580015084624699 -2.2727506582324475 3437
29 -6.866939103939296 -0.9247019609763916 1669
30 -6.541182660760143 -0.6765803212941561 1615
31 -7.608546774783331 0.8839499967100537 2725
32 -5.8876455797600995 1.1479683049311356 4230
33 -6.615558371451252 0.21687855365082323 2159
34 -7.421541481074861 -0.16436176395954008 3145
35 -5.3291670908156625 -0.8706660008093697 1483
36 -6.411577454782976 -1.3190504484487187 3312
37 -4.9891194442402735 -0.19250798321115092 4127
38 -4.894795837298394 -1.6614399176743453 4567
39 -5.605020078310356 -1.145983796421457 3360
40 -5.1235889921457805 -0.28685275558669654 4357
41 -7.3614736343141445 -1.6617834386663026 2891
42 -7.5626781347953616 -0.9116333650615345 1127
43 -5.159520410485169 -1.341779011709601 2159
44 -7.155856604827432 -0.938728320027204 4739
45 -7.4205694720535655 -2.414906610632758 2011
46 -4.209381935291448 -0.634542993264261 1778
47 -7.8973322891488555 -2.552590732521824 1788
48 -3.5065505631709146 -1.6780724326214917 2538
49 -6.564281390145209 -1.707531166960221 1576
50 -5.31805755608146 -1.862713771651176 2680
51 -8.884268279057789 -0.6976579893508916 4465
52 -7.540983509439916 -1.9635847386813865 2172
53 -6.79424106883868 1.3914215758281139 1858
54 -7.6748914528925125 0.5264213569222056 2442
55 -6.545276201815675 -0.9859184979756315 3972
56 -8.245810319136464 -0.8225839513001924 2043
57 -6.994901658050171 -2.342992319806723 4460
58 -5.3470074041977345 -2.996088769877927 3394
59 -5.6335575876523665 0.4476511767026884 2637
60 -4.4961725920819555 -2.070999590795785 2136
61 -8.239356101276629 1.9434213164032768 3134
62 -7.204361791113809 0.6452283766687414 3174
63 -5.732819347957769 -0.035472251086174335 1056
64 -7.031215180430147 -1.4309051062285536 3185
65 -5.807799797327429 0.5726404803745291 1701
66 -5.811275635906006 -2.616129107672379 1232
67 -6.933942219607259 0.14012533420762566 1357
68 -6.133593449283716 -1.3111610108492457 3402
69 -8.132024338251616 0.050658393232457403 2266
endpoint1 endpoint2
15 27
2 41
22 44
5 44
50 60
24 42
27 55
35 66
8 24
22 55
11 22
29 34
11 27
5 60
12 34
11 42
36 50
26 54
17 62
53 67
10 24
1 40
36 67
30 39
35 46
1 31
24 62
7 35
13 23
10 36
34 41
8 12
23 28
4 68
18 36
34 69
42 67
39 55
30 45
3 56
1 21
11 16
23 37
18 66
49 66
10 65
0 36
15 36
31 67
44 52
25 30
33 54
6 29
39 65
28 42
9 40
5 56
22 69
35 40
2 64
0 11
31 56
13 29
33 64
31 53
8 25
0 33
25 42
28 68
37 63
1 44
30 67
38 60
29 52
45 47
2 43
4 47
7 18
21 30
29 33
22 29
24 64
7 40
9 13
26 56
15 45
38 39
19 38
2 50
9 23
10 20
49 55
30 36
3 49
1 30
15 58
41 44
22 67
3 15
14 37
37 43
40 55
35 55
57 64
38 58
11 19
1 20
55 62
10 43
63 68
11 34
17 33
7 50
37 46
29 65
54 68
18 38
41 49
17 59
11 13
2 39
7 14
6 18
16 30
25 69
29 42
50 58
34 44
25 52
18 28
29 68
0 34
21 51
52 55
43 49
32 53
30 64
7 13
22 47
44 69
16 46
40 59
2 4
46 60
13 33
21 57
52 57
35 67
5 9
53 65
4 18
24 26
39 50
44 63
0 16
25 27
32 37
30 37
20 69
28 45
34 56
49 59
6 47
23 30
31 61
2 52
17 63
22 51
21 41
44 49
64 68
12 21
17 19
18 24
51 69
1 50
0 38
42 56
6 66
11 59
9 68
2 57
57 66
30 68
14 20
5 28
0 41
28 57
0 23
23 57
11 12
9 46
34 62
17 30
0 13
11 32
9 48
2 15
32 67
12 67
