nnodes nedges type
70 200 graph
nodename posx posy weight
0 4.581202845144831 -1.7150065929594047 2584
1 8.781736564929266 -3.2937072127003435 1394
2 6.178818839408326 -2.8320488578544154 2969
3 5.361392473629093 -0.9672153134478431 1986
4 6.98587396178931 -2.8873078170909654 1846
5 6.687404354867745 -0.7378321685385344 3506
6 6.066979526800724 -1.993728451829959 4722
7 6.3617870971402946 -0.26855826469533634 4114
8 7.151001769994356 -4.18065884345387 4154
9 7.670522621048851 -3.034316532247377 4738
10 8.182463565714366 -1.8214898795156012 1069
11 8.254095172985386 -1.0406964258880298 4221
12 6.848079438051497 -0.00997951231088525 4404
13 6.705942449073666 -2.9099596770771123 3410
14 5.697728196625597 -1.6866292094900857 2968
15 6.462596964525134 -4.050935159445587 1032
16 7.725387545981667 -2.8298970349724524 3355
17 4.998653489462761 -2.723457316945668 4968
18 7.071387402055451 -1.2084196656263368 2181
19 7.62173240742205 -1.3003493208661936 1839
20 5.933029105358594 -3.876948993787993 2652
21 5.555654661057365 -0.6853948070706211 4721
22 5.7139507477422224 -3.2835025808149405 4482
23 8.266353862675754 -0.36123695835191577 2053
24 7.2563476672148575 -1.8227946409177387 2670
25 8.462996008286218 -1.378552090684148 3181
26 6.642166856649327 -1.0834878736529554 1679
27 7.36782722623837 -3.6915914770501956 1895
28 6.084816421851362 -3.385552193365703 1980
29 5.225642734352826 -3.0780174991530447 1013
30 4.046826537487874 -1.7144483479847232 2370
31 6.024719117389935 -1.5454099544313442 2183
32 8.423259122404689 -2.1816118394390833 1901
33 7.396895383933263 -0.9311786338167815 4135
34 5.197901151991398 -2.4081906360545777 3775
35 6.262027263794485 -0.9597028800776864 3307
36 6.4185834991669966 -3.645326018817358 1562
37 5.793433164974577 -0.10958824393792962 1203
38 6.497284092521689 -2.0915585662751703 3242
39 7.073706233853347 -3.410252900779501 4923
40 4.727662508909021 -1.35169613123318 1512
41 6.619938638421449 -1.8406447818452754 4092
42 8.147929448820038 -3.3939547042710325 2863
43 5.721997626309273 -1.2892277649401822 3336
44 3.9179737036617 -0.6666637075602047 2992
45 6.041469351890968 -0.8431653046198612 2407
46 4.51546984133559 -2.262843462802505 2342
47 8.369137176084893 -2.5821260320770194 2822
48 4.919920109894423 -2.2876475336289843 3240
49 6.0481259661016 -2.5778040518829046 2705
50 8.94305571728514 -1.4064519129821484 2802
51 6.991091818284717 -2.2050171648705374 4476
52 7.422880964804146 -0.4017667408508661 3999
53 6.412499408775412 0.08376353718267159 2347
54 6.982656790980064 -1.6441327565431698 2337
55 4.832750663473374 -0.9242603044030281 1709
56 7.436061338642732 -2.1063762532208514 4738
57 7.781342132636882 -1.8645561627773741 3374
58 5.392688518309803 -3.7934732854696644 2315
59 5.464925692858748 0.04935500022719313 1963
60 4.733002290334491 -0.5494440210397776 4489
61 7.373638654716705 -2.713425043230703 1917
62 5.436663402763743 -1.9549439350507027 2410
63 5.198920333446777 -1.2872881632839481 3076
64 4.644517054501096 -3.696123200615935 3900
65 6.3586542700062045 -1.2334352860310382 1586
66 5.835672397166562 -2.1499060063064213 3601
67 7.753214704609063 -0.5210727306321481 2476
68 7.035556127645103 -0.4077404458300968 3284
69 4.670745423973728 -2.9392352564919855 3303
endpoint1 endpoint2
57 61
6 9
15 27
15 20
32 57
4 36
26 28
17 20
35 41
16 47
14 46
5 54
25 54
41 57
18 45
18 56
45 48
3 62
48 64
9 36
59 62
31 35
13 20
10 35
36 39
17 41
41 52
21 59
29 30
26 54
19 24
27 39
22 39
16 19
39 61
24 62
24 49
6 60
45 68
26 67
42 57
22 61
67 68
4 32
45 54
7 21
49 51
5 37
55 63
18 66
4 51
30 55
42 47
14 33
26 68
51 54
8 28
17 55
16 56
37 60
25 47
18 41
11 57
23 50
5 67
21 46
29 49
22 62
5 43
3 55
10 47
35 40
7 37
31 56
0 62
16 51
6 58
12 65
3 44
28 49
18 57
13 57
10 19
7 18
22 46
61 65
11 26
34 54
33 38
15 69
14 40
12 35
19 53
2 7
38 39
10 25
1 47
14 65
0 31
23 33
29 36
11 25
16 42
24 50
37 43
25 32
14 26
62 69
2 34
1 42
8 36
38 68
34 43
15 42
14 38
36 58
19 47
28 64
37 59
8 16
5 66
57 67
4 43
6 18
21 26
20 22
45 56
54 56
40 43
24 57
11 33
19 57
54 65
35 49
0 34
21 51
19 31
9 27
39 47
13 56
38 61
32 56
48 66
3 53
31 45
30 63
4 54
6 49
19 52
0 60
3 66
52 57
38 43
5 6
2 62
32 50
5 19
38 62
33 51
0 69
0 3
14 55
18 23
12 33
58 64
5 12
3 65
6 65
13 49
37 52
3 41
59 68
36 66
27 41
29 38
2 16
9 32
18 24
6 63
31 48
35 53
9 10
26 63
13 39
62 63
4 20
37 55
48 49
30 44
45 55
25 68
6 38
13 14
12 26
11 32
35 63
2 15
1 61
41 51
40 69
