nnodes nedges type
100 180 graph
nodename posx posy weight
0 0 0 39
1 1 0 52
2 2 0 14
3 3 0 78
4 4 0 12
5 5 0 27
6 6 0 85
7 7 0 23
8 8 0 40
9 9 0 86
10 0 1 38
11 1 1 88
12 2 1 77
13 3 1 42
14 4 1 21
15 5 1 60
16 6 1 71
17 7 1 62
18 8 1 83
19 9 1 7
20 0 2 63
21 1 2 31
22 2 2 57
23 3 2 59
24 4 2 90
25 5 2 88
26 6 2 31
27 7 2 53
28 8 2 32
29 9 2 34
30 0 3 84
31 1 3 23
32 2 3 21
33 3 3 35
34 4 3 95
35 5 3 50
36 6 3 34
37 7 3 77
38 8 3 40
39 9 3 33
40 0 4 74
41 1 4 8
42 2 4 37
43 3 4 9
44 4 4 81
45 5 4 19
46 6 4 22
47 7 4 47
48 8 4 12
49 9 4 28
50 0 5 52
51 1 5 13
52 2 5 66
53 3 5 33
54 4 5 51
55 5 5 55
56 6 5 71
57 7 5 42
58 8 5 4
59 9 5 65
60 0 6 70
61 1 6 80
62 2 6 30
63 3 6 61
64 4 6 80
65 5 6 15
66 6 6 16
67 7 6 55
68 8 6 32
69 9 6 8
70 0 7 90
71 1 7 53
72 2 7 7
73 3 7 2
74 4 7 86
75 5 7 27
76 6 7 10
77 7 7 22
78 8 7 25
79 9 7 48
80 0 8 37
81 1 8 24
82 2 8 64
83 3 8 4
84 4 8 89
85 5 8 87
86 6 8 76
87 7 8 59
88 8 8 78
89 9 8 43
90 0 9 3
91 1 9 18
92 2 9 6
93 3 9 18
94 4 9 80
95 5 9 20
96 6 9 54
97 7 9 41
98 8 9 3
99 9 9 71
endpoint1 endpoint2
54 55
86 87
92 93
40 41
72 73
18 19
0 10
34 35
50 60
66 76
94 95
1 11
80 81
96 97
6 7
19 29
44 45
52 53
76 77
84 85
20 30
25 26
21 31
88 98
27 28
35 36
4 5
37 38
14 24
14 15
82 92
11 21
81 91
55 56
12 22
0 1
17 18
33 34
13 23
8 18
42 52
74 84
9 19
15 16
22 32
7 8
6 16
67 68
22 23
35 45
36 46
8 9
37 47
2 12
60 70
65 66
58 59
12 13
20 21
56 66
89 99
54 64
15 25
67 77
73 74
69 79
50 51
16 26
32 42
66 67
17 27
23 24
33 43
75 76
83 84
38 39
90 91
77 78
85 86
62 72
24 25
57 58
10 20
23 33
7 17
42 43
74 75
28 29
36 37
61 62
46 56
30 31
46 47
82 83
27 37
59 69
98 99
65 75
95 96
28 38
16 17
32 33
29 39
61 71
83 93
86 96
85 95
24 34
58 68
25 35
47 48
38 48
57 67
68 78
41 42
2 3
18 28
34 44
75 85
43 44
51 52
77 87
45 46
53 54
30 40
73 83
3 4
71 72
10 11
47 57
5 6
48 58
64 74
49 59
31 32
63 64
1 2
70 71
51 61
52 62
84 94
56 57
53 63
26 36
39 49
55 65
91 92
3 13
60 61
68 69
79 89
93 94
4 14
78 88
5 15
62 63
78 79
80 90
43 53
11 12
44 54
76 86
87 88
48 49
64 65
81 82
45 55
26 27
97 98
31 41
13 14
21 22
63 73
88 89
87 97
40 50
72 82
71 81
41 51
70 80
