nnodes nedges type
100 180 graph
nodename posx posy weight
0 0 0 66
1 1 0 40
2 2 0 69
3 3 0 33
4 4 0 45
5 5 0 43
6 6 0 67
7 7 0 35
8 8 0 44
9 9 0 93
10 0 1 49
11 1 1 75
12 2 1 94
13 3 1 32
14 4 1 72
15 5 1 20
16 6 1 99
17 7 1 92
18 8 1 53
19 9 1 25
20 0 2 33
21 1 2 94
22 2 2 56
23 3 2 79
24 4 2 7
25 5 2 22
26 6 2 41
27 7 2 42
28 8 2 86
29 9 2 95
30 0 3 53
31 1 3 63
32 2 3 81
33 3 3 89
34 4 3 74
35 5 3 31
36 6 3 2
37 7 3 77
38 8 3 29
39 9 3 55
40 0 4 73
41 1 4 99
42 2 4 28
43 3 4 65
44 4 4 72
45 5 4 48
46 6 4 63
47 7 4 75
48 8 4 100
49 9 4 93
50 0 5 96
51 1 5 81
52 2 5 19
53 3 5 86
54 4 5 78
55 5 5 60
56 6 5 2
57 7 5 99
58 8 5 97
59 9 5 4
60 0 6 58
61 1 6 11
62 2 6 94
63 3 6 30
64 4 6 63
65 5 6 81
66 6 6 44
67 7 6 74
68 8 6 29
69 9 6 4
70 0 7 25
71 1 7 43
72 2 7 30
73 3 7 86
74 4 7 57
75 5 7 26
76 6 7 33
77 7 7 78
78 8 7 44
79 9 7 13
80 0 8 27
81 1 8 48
82 2 8 89
83 3 8 57
84 4 8 60
85 5 8 28
86 6 8 64
87 7 8 1
88 8 8 33
89 9 8 59
90 0 9 73
91 1 9 79
92 2 9 66
93 3 9 21
94 4 9 6
95 5 9 28
96 6 9 4
97 7 9 87
98 8 9 100
99 9 9 96
endpoint1 endpoint2
54 55
86 87
92 93
40 41
72 73
18 19
0 10
34 35
50 60
66 76
94 95
1 11
80 81
96 97
6 7
19 29
44 45
52 53
76 77
84 85
20 30
25 26
21 31
88 98
27 28
35 36
4 5
37 38
14 24
14 15
82 92
11 21
81 91
55 56
12 22
0 1
17 18
33 34
13 23
8 18
42 52
74 84
9 19
15 16
22 32
7 8
6 16
67 68
22 23
35 45
36 46
8 9
37 47
2 12
60 70
65 66
58 59
12 13
20 21
56 66
89 99
54 64
15 25
67 77
73 74
69 79
50 51
16 26
32 42
66 67
17 27
23 24
33 43
75 76
83 84
38 39
90 91
77 78
85 86
62 72
24 25
57 58
10 20
23 33
7 17
42 43
74 75
28 29
36 37
61 62
46 56
30 31
46 47
82 83
27 37
59 69
98 99
65 75
95 96
28 38
16 17
32 33
29 39
61 71
83 93
86 96
85 95
24 34
58 68
25 35
47 48
38 48
57 67
68 78
41 42
2 3
18 28
34 44
75 85
43 44
51 52
77 87
45 46
53 54
30 40
73 83
3 4
71 72
10 11
47 57
5 6
48 58
64 74
49 59
31 32
63 64
1 2
70 71
51 61
52 62
84 94
56 57
53 63
26 36
39 49
55 65
91 92
3 13
60 61
68 69
79 89
93 94
4 14
78 88
5 15
62 63
78 79
80 90
43 53
11 12
44 54
76 86
87 88
48 49
64 65
81 82
45 55
26 27
97 98
31 41
13 14
21 22
63 73
88 89
87 97
40 50
72 82
71 81
41 51
70 80
