nnodes nedges type
100 180 graph
nodename posx posy weight
0 0 0 67
1 1 0 27
2 2 0 88
3 3 0 92
4 4 0 81
5 5 0 17
6 6 0 35
7 7 0 35
8 8 0 32
9 9 0 28
10 0 1 5
11 1 1 67
12 2 1 43
13 3 1 79
14 4 1 22
15 5 1 84
16 6 1 79
17 7 1 86
18 8 1 16
19 9 1 77
20 0 2 17
21 1 2 85
22 2 2 90
23 3 2 49
24 4 2 52
25 5 2 48
26 6 2 66
27 7 2 36
28 8 2 41
29 9 2 36
30 0 3 60
31 1 3 3
32 2 3 16
33 3 3 71
34 4 3 21
35 5 3 33
36 6 3 61
37 7 3 47
38 8 3 13
39 9 3 84
40 0 4 81
41 1 4 71
42 2 4 42
43 3 4 60
44 4 4 15
45 5 4 22
46 6 4 21
47 7 4 3
48 8 4 62
49 9 4 79
50 0 5 38
51 1 5 100
52 2 5 67
53 3 5 22
54 4 5 40
55 5 5 46
56 6 5 25
57 7 5 97
58 8 5 10
59 9 5 45
60 0 6 29
61 1 6 19
62 2 6 82
63 3 6 20
64 4 6 55
65 5 6 71
66 6 6 96
67 7 6 60
68 8 6 33
69 9 6 80
70 0 7 55
71 1 7 54
72 2 7 20
73 3 7 61
74 4 7 93
75 5 7 32
76 6 7 98
77 7 7 100
78 8 7 35
79 9 7 47
80 0 8 87
81 1 8 67
82 2 8 75
83 3 8 44
84 4 8 22
85 5 8 47
86 6 8 34
87 7 8 90
88 8 8 62
89 9 8 31
90 0 9 18
91 1 9 67
92 2 9 37
93 3 9 28
94 4 9 60
95 5 9 47
96 6 9 52
97 7 9 45
98 8 9 20
99 9 9 6
endpoint1 endpoint2
54 55
86 87
92 93
40 41
72 73
18 19
0 10
34 35
50 60
66 76
94 95
1 11
80 81
96 97
6 7
19 29
44 45
52 53
76 77
84 85
20 30
25 26
21 31
88 98
27 28
35 36
4 5
37 38
14 24
14 15
82 92
11 21
81 91
55 56
12 22
0 1
17 18
33 34
13 23
8 18
42 52
74 84
9 19
15 16
22 32
7 8
6 16
67 68
22 23
35 45
36 46
8 9
37 47
2 12
60 70
65 66
58 59
12 13
20 21
56 66
89 99
54 64
15 25
67 77
73 74
69 79
50 51
16 26
32 42
66 67
17 27
23 24
33 43
75 76
83 84
38 39
90 91
77 78
85 86
62 72
24 25
57 58
10 20
23 33
7 17
42 43
74 75
28 29
36 37
61 62
46 56
30 31
46 47
82 83
27 37
59 69
98 99
65 75
95 96
28 38
16 17
32 33
29 39
61 71
83 93
86 96
85 95
24 34
58 68
25 35
47 48
38 48
57 67
68 78
41 42
2 3
18 28
34 44
75 85
43 44
51 52
77 87
45 46
53 54
30 40
73 83
3 4
71 72
10 11
47 57
5 6
48 58
64 74
49 59
31 32
63 64
1 2
70 71
51 61
52 62
84 94
56 57
53 63
26 36
39 49
55 65
91 92
3 13
60 61
68 69
79 89
93 94
4 14
78 88
5 15
62 63
78 79
80 90
43 53
11 12
44 54
76 86
87 88
48 49
64 65
81 82
45 55
26 27
97 98
31 41
13 14
21 22
63 73
88 89
87 97
40 50
72 82
71 81
41 51
70 80
