nnodes nedges type
100 180 graph
nodename posx posy weight
0 0 0 44
1 1 0 43
2 2 0 45
3 3 0 79
4 4 0 8
5 5 0 32
6 6 0 84
7 7 0 82
8 8 0 12
9 9 0 80
10 0 1 13
11 1 1 13
12 2 1 51
13 3 1 65
14 4 1 55
15 5 1 97
16 6 1 52
17 7 1 76
18 8 1 51
19 9 1 86
20 0 2 49
21 1 2 42
22 2 2 49
23 3 2 31
24 4 2 87
25 5 2 97
26 6 2 74
27 7 2 60
28 8 2 31
29 9 2 36
30 0 3 17
31 1 3 3
32 2 3 49
33 3 3 31
34 4 3 23
35 5 3 78
36 6 3 92
37 7 3 73
38 8 3 54
39 9 3 67
40 0 4 53
41 1 4 87
42 2 4 22
43 3 4 72
44 4 4 36
45 5 4 64
46 6 4 96
47 7 4 16
48 8 4 84
49 9 4 29
50 0 5 24
51 1 5 58
52 2 5 83
53 3 5 38
54 4 5 68
55 5 5 28
56 6 5 100
57 7 5 12
58 8 5 1
59 9 5 77
60 0 6 74
61 1 6 63
62 2 6 92
63 3 6 74
64 4 6 77
65 5 6 86
66 6 6 38
67 7 6 58
68 8 6 49
69 9 6 91
70 0 7 14
71 1 7 72
72 2 7 83
73 3 7 28
74 4 7 92
75 5 7 45
76 6 7 21
77 7 7 77
78 8 7 54
79 9 7 90
80 0 8 48
81 1 8 4
82 2 8 28
83 3 8 97
84 4 8 87
85 5 8 20
86 6 8 86
87 7 8 22
88 8 8 90
89 9 8 40
90 0 9 97
91 1 9 47
92 2 9 100
93 3 9 14
94 4 9 38
95 5 9 7
96 6 9 61
97 7 9 57
98 8 9 3
99 9 9 69
endpoint1 endpoint2
54 55
86 87
92 93
40 41
72 73
18 19
0 10
34 35
50 60
66 76
94 95
1 11
80 81
96 97
6 7
19 29
44 45
52 53
76 77
84 85
20 30
25 26
21 31
88 98
27 28
35 36
4 5
37 38
14 24
14 15
82 92
11 21
81 91
55 56
12 22
0 1
17 18
33 34
13 23
8 18
42 52
74 84
9 19
15 16
22 32
7 8
6 16
67 68
22 23
35 45
36 46
8 9
37 47
2 12
60 70
65 66
58 59
12 13
20 21
56 66
89 99
54 64
15 25
67 77
73 74
69 79
50 51
16 26
32 42
66 67
17 27
23 24
33 43
75 76
83 84
38 39
90 91
77 78
85 86
62 72
24 25
57 58
10 20
23 33
7 17
42 43
74 75
28 29
36 37
61 62
46 56
30 31
46 47
82 83
27 37
59 69
98 99
65 75
95 96
28 38
16 17
32 33
29 39
61 71
83 93
86 96
85 95
24 34
58 68
25 35
47 48
38 48
57 67
68 78
41 42
2 3
18 28
34 44
75 85
43 44
51 52
77 87
45 46
53 54
30 40
73 83
3 4
71 72
10 11
47 57
5 6
48 58
64 74
49 59
31 32
63 64
1 2
70 71
51 61
52 62
84 94
56 57
53 63
26 36
39 49
55 65
91 92
3 13
60 61
68 69
79 89
93 94
4 14
78 88
5 15
62 63
78 79
80 90
43 53
11 12
44 54
76 86
87 88
48 49
64 65
81 82
45 55
26 27
97 98
31 41
13 14
21 22
63 73
88 89
87 97
40 50
72 82
71 81
41 51
70 80
