nnodes nedges type
100 180 graph
nodename posx posy weight
0 0 0 88
1 1 0 27
2 2 0 14
3 3 0 2
4 4 0 32
5 5 0 91
6 6 0 6
7 7 0 98
8 8 0 17
9 9 0 94
10 0 1 50
11 1 1 60
12 2 1 77
13 3 1 32
14 4 1 63
15 5 1 17
16 6 1 91
17 7 1 3
18 8 1 93
19 9 1 68
20 0 2 21
21 1 2 71
22 2 2 26
23 3 2 9
24 4 2 95
25 5 2 74
26 6 2 12
27 7 2 7
28 8 2 63
29 9 2 28
30 0 3 95
31 1 3 16
32 2 3 71
33 3 3 58
34 4 3 67
35 5 3 43
36 6 3 81
37 7 3 11
38 8 3 11
39 9 3 52
40 0 4 26
41 1 4 51
42 2 4 58
43 3 4 70
44 4 4 40
45 5 4 12
46 6 4 52
47 7 4 19
48 8 4 72
49 9 4 50
50 0 5 69
51 1 5 9
52 2 5 78
53 3 5 57
54 4 5 83
55 5 5 29
56 6 5 66
57 7 5 84
58 8 5 32
59 9 5 60
60 0 6 81
61 1 6 77
62 2 6 68
63 3 6 98
64 4 6 23
65 5 6 36
66 6 6 72
67 7 6 86
68 8 6 23
69 9 6 88
70 0 7 43
71 1 7 80
72 2 7 77
73 3 7 42
74 4 7 33
75 5 7 48
76 6 7 45
77 7 7 22
78 8 7 47
79 9 7 16
80 0 8 9
81 1 8 42
82 2 8 67
83 3 8 96
84 4 8 92
85 5 8 79
86 6 8 15
87 7 8 94
88 8 8 38
89 9 8 96
90 0 9 79
91 1 9 17
92 2 9 50
93 3 9 16
94 4 9 4
95 5 9 97
96 6 9 48
97 7 9 66
98 8 9 95
99 9 9 67
endpoint1 endpoint2
54 55
86 87
92 93
40 41
72 73
18 19
0 10
34 35
50 60
66 76
94 95
1 11
80 81
96 97
6 7
19 29
44 45
52 53
76 77
84 85
20 30
25 26
21 31
88 98
27 28
35 36
4 5
37 38
14 24
14 15
82 92
11 21
81 91
55 56
12 22
0 1
17 18
33 34
13 23
8 18
42 52
74 84
9 19
15 16
22 32
7 8
6 16
67 68
22 23
35 45
36 46
8 9
37 47
2 12
60 70
65 66
58 59
12 13
20 21
56 66
89 99
54 64
15 25
67 77
73 74
69 79
50 51
16 26
32 42
66 67
17 27
23 24
33 43
75 76
83 84
38 39
90 91
77 78
85 86
62 72
24 25
57 58
10 20
23 33
7 17
42 43
74 75
28 29
36 37
61 62
46 56
30 31
46 47
82 83
27 37
59 69
98 99
65 75
95 96
28 38
16 17
32 33
29 39
61 71
83 93
86 96
85 95
24 34
58 68
25 35
47 48
38 48
57 67
68 78
41 42
2 3
18 28
34 44
75 85
43 44
51 52
77 87
45 46
53 54
30 40
73 83
3 4
71 72
10 11
47 57
5 6
48 58
64 74
49 59
31 32
63 64
1 2
70 71
51 61
52 62
84 94
56 57
53 63
26 36
39 49
55 65
91 92
3 13
60 61
68 69
79 89
93 94
4 14
78 88
5 15
62 63
78 79
80 90
43 53
11 12
44 54
76 86
87 88
48 49
64 65
81 82
45 55
26 27
97 98
31 41
13 14
21 22
63 73
88 89
87 97
40 50
72 82
71 81
41 51
70 80
