nnodes nedges type
70 123 graph
nodename posx posy weight
0 0 0 4750
1 1 0 4789
2 2 0 3410
3 3 0 1637
4 4 0 3748
5 5 0 3492
6 6 0 2959
7 7 0 4955
8 8 0 2499
9 9 0 2977
10 0 1 2150
11 1 1 4854
12 2 1 3722
13 3 1 4012
14 4 1 2517
15 5 1 2160
16 6 1 4091
17 7 1 2304
18 8 1 4382
19 9 1 1653
20 0 2 4468
21 1 2 4786
22 2 2 4206
23 3 2 1135
24 4 2 4701
25 5 2 1423
26 6 2 1023
27 7 2 4200
28 8 2 4728
29 9 2 3929
30 0 3 1960
31 1 3 4272
32 2 3 2198
33 3 3 4528
34 4 3 1084
35 5 3 2858
36 6 3 3558
37 7 3 4105
38 8 3 2412
39 9 3 2336
40 0 4 2763
41 1 4 3835
42 2 4 4055
43 3 4 1199
44 4 4 1845
45 5 4 3150
46 6 4 1518
47 7 4 4564
48 8 4 1186
49 9 4 4169
50 0 5 4644
51 1 5 4229
52 2 5 1272
53 3 5 1047
54 4 5 1489
55 5 5 1112
56 6 5 3263
57 7 5 3177
58 8 5 4271
59 9 5 3914
60 0 6 3133
61 1 6 4323
62 2 6 1073
63 3 6 1356
64 4 6 4187
65 5 6 3928
66 6 6 2864
67 7 6 3552
68 8 6 3400
69 9 6 2955
endpoint1 endpoint2
54 55
40 41
18 19
0 10
34 35
50 60
1 11
6 7
19 29
44 45
52 53
20 30
25 26
21 31
27 28
35 36
4 5
37 38
14 24
14 15
11 21
55 56
12 22
0 1
17 18
33 34
13 23
8 18
42 52
9 19
15 16
22 32
7 8
6 16
67 68
22 23
35 45
36 46
8 9
37 47
2 12
65 66
58 59
12 13
20 21
56 66
54 64
15 25
50 51
16 26
32 42
66 67
17 27
23 24
33 43
38 39
24 25
57 58
10 20
23 33
7 17
42 43
28 29
36 37
61 62
46 56
30 31
46 47
27 37
59 69
28 38
16 17
32 33
29 39
24 34
58 68
25 35
47 48
38 48
57 67
41 42
2 3
18 28
34 44
43 44
51 52
45 46
53 54
30 40
3 4
10 11
47 57
5 6
48 58
49 59
31 32
63 64
1 2
51 61
52 62
56 57
53 63
26 36
39 49
55 65
3 13
60 61
68 69
4 14
5 15
62 63
43 53
11 12
44 54
48 49
64 65
45 55
26 27
31 41
13 14
21 22
40 50
41 51
