nnodes nedges type
70 123 graph
nodename posx posy weight
0 0 0 4169
1 1 0 1051
2 2 0 2651
3 3 0 3210
4 4 0 2019
5 5 0 2653
6 6 0 4060
7 7 0 4068
8 8 0 1747
9 9 0 4312
10 0 1 3766
11 1 1 1072
12 2 1 2025
13 3 1 3784
14 4 1 3685
15 5 1 1443
16 6 1 4072
17 7 1 3337
18 8 1 3209
19 9 1 1292
20 0 2 1977
21 1 2 4430
22 2 2 3701
23 3 2 2128
24 4 2 3363
25 5 2 1845
26 6 2 1984
27 7 2 3485
28 8 2 1115
29 9 2 4596
30 0 3 3778
31 1 3 2144
32 2 3 3945
33 3 3 3048
34 4 3 4230
35 5 3 4712
36 6 3 4065
37 7 3 1000
38 8 3 1843
39 9 3 3210
40 0 4 1117
41 1 4 2629
42 2 4 2028
43 3 4 3227
44 4 4 4113
45 5 4 3858
46 6 4 4009
47 7 4 2327
48 8 4 3880
49 9 4 3510
50 0 5 2147
51 1 5 3343
52 2 5 2116
53 3 5 2356
54 4 5 3020
55 5 5 3713
56 6 5 1610
57 7 5 2148
58 8 5 4255
59 9 5 1828
60 0 6 3370
61 1 6 4653
62 2 6 4459
63 3 6 2043
64 4 6 4992
65 5 6 3347
66 6 6 4870
67 7 6 2930
68 8 6 4661
69 9 6 4891
endpoint1 endpoint2
54 55
40 41
18 19
0 10
34 35
50 60
1 11
6 7
19 29
44 45
52 53
20 30
25 26
21 31
27 28
35 36
4 5
37 38
14 24
14 15
11 21
55 56
12 22
0 1
17 18
33 34
13 23
8 18
42 52
9 19
15 16
22 32
7 8
6 16
67 68
22 23
35 45
36 46
8 9
37 47
2 12
65 66
58 59
12 13
20 21
56 66
54 64
15 25
50 51
16 26
32 42
66 67
17 27
23 24
33 43
38 39
24 25
57 58
10 20
23 33
7 17
42 43
28 29
36 37
61 62
46 56
30 31
46 47
27 37
59 69
28 38
16 17
32 33
29 39
24 34
58 68
25 35
47 48
38 48
57 67
41 42
2 3
18 28
34 44
43 44
51 52
45 46
53 54
30 40
3 4
10 11
47 57
5 6
48 58
49 59
31 32
63 64
1 2
51 61
52 62
56 57
53 63
26 36
39 49
55 65
3 13
60 61
68 69
4 14
5 15
62 63
43 53
11 12
44 54
48 49
64 65
45 55
26 27
31 41
13 14
21 22
40 50
41 51
