nnodes nedges type
70 123 graph
nodename posx posy weight
0 0 0 4635
1 1 0 4246
2 2 0 3350
3 3 0 2716
4 4 0 2179
5 5 0 1427
6 6 0 1930
7 7 0 1296
8 8 0 3895
9 9 0 1958
10 0 1 4616
11 1 1 4565
12 2 1 3598
13 3 1 3379
14 4 1 4211
15 5 1 3209
16 6 1 2547
17 7 1 1615
18 8 1 3913
19 9 1 2444
20 0 2 4630
21 1 2 3508
22 2 2 3731
23 3 2 2387
24 4 2 3711
25 5 2 1446
26 6 2 3369
27 7 2 2588
28 8 2 2471
29 9 2 1025
30 0 3 4548
31 1 3 1619
32 2 3 1659
33 3 3 3974
34 4 3 3248
35 5 3 3126
36 6 3 2189
37 7 3 4587
38 8 3 1213
39 9 3 2872
40 0 4 3974
41 1 4 4957
42 2 4 1539
43 3 4 1432
44 4 4 1479
45 5 4 3672
46 6 4 4547
47 7 4 3589
48 8 4 4749
49 9 4 4381
50 0 5 2427
51 1 5 1085
52 2 5 3893
53 3 5 2759
54 4 5 3631
55 5 5 2204
56 6 5 1569
57 7 5 4543
58 8 5 2494
59 9 5 4029
60 0 6 4348
61 1 6 4651
62 2 6 1256
63 3 6 1848
64 4 6 4374
65 5 6 4559
66 6 6 3819
67 7 6 2940
68 8 6 3795
69 9 6 3886
endpoint1 endpoint2
54 55
40 41
18 19
0 10
34 35
50 60
1 11
6 7
19 29
44 45
52 53
20 30
25 26
21 31
27 28
35 36
4 5
37 38
14 24
14 15
11 21
55 56
12 22
0 1
17 18
33 34
13 23
8 18
42 52
9 19
15 16
22 32
7 8
6 16
67 68
22 23
35 45
36 46
8 9
37 47
2 12
65 66
58 59
12 13
20 21
56 66
54 64
15 25
50 51
16 26
32 42
66 67
17 27
23 24
33 43
38 39
24 25
57 58
10 20
23 33
7 17
42 43
28 29
36 37
61 62
46 56
30 31
46 47
27 37
59 69
28 38
16 17
32 33
29 39
24 34
58 68
25 35
47 48
38 48
57 67
41 42
2 3
18 28
34 44
43 44
51 52
45 46
53 54
30 40
3 4
10 11
47 57
5 6
48 58
49 59
31 32
63 64
1 2
51 61
52 62
56 57
53 63
26 36
39 49
55 65
3 13
60 61
68 69
4 14
5 15
62 63
43 53
11 12
44 54
48 49
64 65
45 55
26 27
31 41
13 14
21 22
40 50
41 51
