nnodes nedges type
70 123 graph
nodename posx posy weight
0 0 0 3387
1 1 0 4756
2 2 0 4728
3 3 0 4454
4 4 0 4565
5 5 0 1622
6 6 0 1935
7 7 0 1462
8 8 0 4609
9 9 0 3859
10 0 1 4889
11 1 1 2493
12 2 1 1192
13 3 1 3673
14 4 1 4217
15 5 1 3854
16 6 1 3759
17 7 1 4302
18 8 1 3306
19 9 1 3010
20 0 2 2929
21 1 2 2167
22 2 2 4030
23 3 2 1203
24 4 2 3191
25 5 2 1092
26 6 2 4036
27 7 2 2340
28 8 2 3871
29 9 2 4147
30 0 3 2523
31 1 3 2744
32 2 3 3274
33 3 3 2115
34 4 3 1164
35 5 3 4731
36 6 3 3206
37 7 3 4918
38 8 3 4685
39 9 3 1500
40 0 4 1646
41 1 4 3596
42 2 4 2732
43 3 4 1435
44 4 4 1374
45 5 4 1828
46 6 4 1736
47 7 4 2635
48 8 4 4209
49 9 4 3219
50 0 5 3406
51 1 5 3625
52 2 5 3271
53 3 5 2227
54 4 5 3469
55 5 5 3999
56 6 5 1723
57 7 5 4693
58 8 5 4461
59 9 5 1126
60 0 6 2926
61 1 6 4285
62 2 6 1663
63 3 6 4020
64 4 6 3310
65 5 6 4972
66 6 6 3187
67 7 6 4194
68 8 6 2315
69 9 6 2184
endpoint1 endpoint2
54 55
40 41
18 19
0 10
34 35
50 60
1 11
6 7
19 29
44 45
52 53
20 30
25 26
21 31
27 28
35 36
4 5
37 38
14 24
14 15
11 21
55 56
12 22
0 1
17 18
33 34
13 23
8 18
42 52
9 19
15 16
22 32
7 8
6 16
67 68
22 23
35 45
36 46
8 9
37 47
2 12
65 66
58 59
12 13
20 21
56 66
54 64
15 25
50 51
16 26
32 42
66 67
17 27
23 24
33 43
38 39
24 25
57 58
10 20
23 33
7 17
42 43
28 29
36 37
61 62
46 56
30 31
46 47
27 37
59 69
28 38
16 17
32 33
29 39
24 34
58 68
25 35
47 48
38 48
57 67
41 42
2 3
18 28
34 44
43 44
51 52
45 46
53 54
30 40
3 4
10 11
47 57
5 6
48 58
49 59
31 32
63 64
1 2
51 61
52 62
56 57
53 63
26 36
39 49
55 65
3 13
60 61
68 69
4 14
5 15
62 63
43 53
11 12
44 54
48 49
64 65
45 55
26 27
31 41
13 14
21 22
40 50
41 51
