nnodes nedges type
70 123 graph
nodename posx posy weight
0 0 0 2172
1 1 0 2703
2 2 0 1485
3 3 0 2763
4 4 0 2615
5 5 0 3958
6 6 0 4105
7 7 0 3649
8 8 0 3268
9 9 0 3661
10 0 1 3118
11 1 1 1267
12 2 1 4377
13 3 1 3645
14 4 1 1988
15 5 1 3190
16 6 1 4776
17 7 1 2492
18 8 1 1380
19 9 1 2264
20 0 2 4621
21 1 2 3522
22 2 2 1847
23 3 2 4759
24 4 2 2673
25 5 2 1571
26 6 2 2232
27 7 2 4373
28 8 2 2609
29 9 2 2637
30 0 3 4775
31 1 3 2572
32 2 3 3074
33 3 3 2507
34 4 3 4318
35 5 3 1070
36 6 3 3346
37 7 3 2538
38 8 3 2615
39 9 3 2149
40 0 4 2132
41 1 4 3235
42 2 4 4275
43 3 4 1323
44 4 4 1854
45 5 4 4976
46 6 4 2395
47 7 4 4089
48 8 4 2797
49 9 4 1226
50 0 5 4875
51 1 5 1189
52 2 5 2189
53 3 5 4528
54 4 5 3466
55 5 5 4341
56 6 5 4828
57 7 5 4695
58 8 5 1984
59 9 5 3657
60 0 6 3602
61 1 6 3712
62 2 6 2716
63 3 6 4377
64 4 6 4900
65 5 6 3743
66 6 6 2185
67 7 6 3461
68 8 6 1302
69 9 6 3444
endpoint1 endpoint2
54 55
40 41
18 19
0 10
34 35
50 60
1 11
6 7
19 29
44 45
52 53
20 30
25 26
21 31
27 28
35 36
4 5
37 38
14 24
14 15
11 21
55 56
12 22
0 1
17 18
33 34
13 23
8 18
42 52
9 19
15 16
22 32
7 8
6 16
67 68
22 23
35 45
36 46
8 9
37 47
2 12
65 66
58 59
12 13
20 21
56 66
54 64
15 25
50 51
16 26
32 42
66 67
17 27
23 24
33 43
38 39
24 25
57 58
10 20
23 33
7 17
42 43
28 29
36 37
61 62
46 56
30 31
46 47
27 37
59 69
28 38
16 17
32 33
29 39
24 34
58 68
25 35
47 48
38 48
57 67
41 42
2 3
18 28
34 44
43 44
51 52
45 46
53 54
30 40
3 4
10 11
47 57
5 6
48 58
49 59
31 32
63 64
1 2
51 61
52 62
56 57
53 63
26 36
39 49
55 65
3 13
60 61
68 69
4 14
5 15
62 63
43 53
11 12
44 54
48 49
64 65
45 55
26 27
31 41
13 14
21 22
40 50
41 51
