nnodes nedges type
70 123 graph
nodename posx posy weight
0 0 0 1004
1 1 0 4853
2 2 0 2835
3 3 0 4456
4 4 0 1367
5 5 0 2073
6 6 0 2706
7 7 0 1596
8 8 0 4606
9 9 0 2046
10 0 1 4677
11 1 1 2411
12 2 1 1047
13 3 1 4101
14 4 1 2524
15 5 1 3924
16 6 1 3301
17 7 1 4654
18 8 1 2133
19 9 1 4615
20 0 2 1090
21 1 2 2939
22 2 2 4438
23 3 2 3675
24 4 2 4333
25 5 2 2078
26 6 2 1008
27 7 2 4732
28 8 2 4291
29 9 2 3315
30 0 3 3512
31 1 3 3288
32 2 3 4124
33 3 3 3062
34 4 3 2344
35 5 3 3016
36 6 3 2030
37 7 3 3852
38 8 3 1951
39 9 3 4281
40 0 4 3096
41 1 4 2660
42 2 4 3753
43 3 4 2654
44 4 4 3190
45 5 4 1644
46 6 4 2149
47 7 4 4380
48 8 4 4644
49 9 4 2742
50 0 5 2425
51 1 5 2583
52 2 5 4359
53 3 5 2309
54 4 5 2317
55 5 5 1557
56 6 5 4492
57 7 5 1649
58 8 5 1633
59 9 5 2052
60 0 6 3948
61 1 6 4910
62 2 6 4574
63 3 6 4501
64 4 6 2503
65 5 6 1772
66 6 6 1686
67 7 6 2884
68 8 6 3149
69 9 6 3870
endpoint1 endpoint2
54 55
40 41
18 19
0 10
34 35
50 60
1 11
6 7
19 29
44 45
52 53
20 30
25 26
21 31
27 28
35 36
4 5
37 38
14 24
14 15
11 21
55 56
12 22
0 1
17 18
33 34
13 23
8 18
42 52
9 19
15 16
22 32
7 8
6 16
67 68
22 23
35 45
36 46
8 9
37 47
2 12
65 66
58 59
12 13
20 21
56 66
54 64
15 25
50 51
16 26
32 42
66 67
17 27
23 24
33 43
38 39
24 25
57 58
10 20
23 33
7 17
42 43
28 29
36 37
61 62
46 56
30 31
46 47
27 37
59 69
28 38
16 17
32 33
29 39
24 34
58 68
25 35
47 48
38 48
57 67
41 42
2 3
18 28
34 44
43 44
51 52
45 46
53 54
30 40
3 4
10 11
47 57
5 6
48 58
49 59
31 32
63 64
1 2
51 61
52 62
56 57
53 63
26 36
39 49
55 65
3 13
60 61
68 69
4 14
5 15
62 63
43 53
11 12
44 54
48 49
64 65
45 55
26 27
31 41
13 14
21 22
40 50
41 51
