nnodes nedges type
200 300 graph
nodename posx posy weight
0 -5.197900663376416 9.622248327863643 4924
1 -3.4613249465884333 14.76271385233252 1267
2 -2.527494336291835 14.664420722766616 3473
3 -5.766015431829909 10.764774768973394 3591
4 -3.0676043965677553 10.078118974413389 1308
5 -3.701995039216532 10.148055301000596 1611
6 -3.132434273326017 10.844279383252234 4946
7 -3.3954689173727313 6.308127683540436 2670
8 -1.5821154515390945 8.375160229522297 3493
9 -0.9049129379779156 10.037176751088435 2237
10 -1.6562959065103116 7.840984118912605 2394
11 -1.7661607036391263 14.131018138259442 4268
12 -7.995479494919071 11.727857629752314 4441
13 0.6590215053407754 8.197995780228283 2975
14 -2.204652098802338 9.391490547218995 2679
15 -1.3532874760407627 12.22658908355311 4690
16 -1.7760477293868253 9.362165690019955 4739
17 -4.312507266361233 13.01204136293066 3867
18 -3.665553193445421 11.511956724394418 3206
19 -2.2044891174244956 8.534989706933331 3100
20 -2.618680299347825 11.02559347819115 3612
21 0.9402820016456429 10.905953483927998 4531
22 -7.647537462948393 10.933298371034196 1732
23 -2.966852708335141 8.484071971426022 3607
24 0.138581752393943 8.09314503425239 1667
25 -5.159951653432713 12.641057069386752 1770
26 -1.2951879237319088 10.852557423835622 4676
27 -3.652164467510264 9.730230567537035 2635
28 -5.642230678672156 12.258384475949152 4534
29 -4.781904202468363 12.231600868684886 1121
30 -5.75194693351061 9.844972544007252 3935
31 -0.506950259320528 8.06851699995335 3454
32 -5.145596261501586 13.505379860048977 2951
33 -0.8491877417707336 9.515918820879012 2627
34 0.33878058575435993 9.73520612354513 1306
35 0.7043612517072193 12.918450680541593 2164
36 2.1905907646606573 10.383527643956064 3074
37 -1.9041958129047019 8.883873886921332 3427
38 1.1918020700641725 11.11888411940907 4284
39 -2.357596306486979 10.00203079087736 4348
40 0.22769975899967443 15.171144690567953 3346
41 -3.801771019388401 12.798007192864233 3835
42 -0.6084199711050866 7.969727604297345 1953
43 -0.28973257933615043 7.458436681795119 1468
44 -6.182657557426971 13.380013072237698 4761
45 0.8265902162450143 12.038063067206107 3088
46 -7.363178997627607 9.390402163766764 4662
47 -0.23971705591678835 8.792846974802913 1197
48 -4.038865019608744 6.6147596528324835 3315
49 -1.4364233806765845 5.021848399858481 1723
50 -1.6381281934965557 11.718739384736736 2644
51 -1.1271506708325525 12.115420235243183 3688
52 -6.85927857283528 12.281085038284564 3425
53 -6.371612370324926 10.640231603030013 1896
54 -3.6595080597103964 5.009012843346265 4056
55 -2.8025429031371982 7.114493144098895 3195
56 -6.40095700696256 7.833968320899963 3662
57 1.390461839658327 11.93813660274537 1314
58 -4.386236730720065 7.4800990285500175 3031
59 -2.0432363735544863 12.260061624160027 4610
60 0.02197149091185121 11.54251808792128 4414
61 -5.873365495004944 6.899806412562066 1176
62 -0.3926019819609497 11.357817946280163 2167
63 -3.088918369031286 12.580462545731477 3377
64 -2.9763698948622577 9.012383362534374 4806
65 -1.960632041367684 11.169835092264274 2775
66 -1.0240606035580473 8.60591999570212 1355
67 -0.7583751652747289 12.185124735024827 3963
68 -4.1803719548422205 12.400903343927334 3358
69 -2.8838792917159783 6.6785966595855735 2474
70 -2.6409050297994914 9.61337369314733 4963
71 0.3235342624474091 6.918298635320376 4667
72 -2.6772620357288264 9.002845230289637 4007
73 -2.390291872715144 11.392409592709807 2231
74 -2.568089217753651 7.491580365216803 1683
75 -4.051155210583829 7.178910270324971 1781
76 -6.772210962183998 11.053563529172978 3978
77 -1.9698154525123694 7.362572556972786 4575
78 -1.02983262333867 9.337399459679013 1122
79 -0.23021899705405038 6.126222342736157 2461
80 -1.1247325929840837 6.51272835680481 4018
81 -3.3487725570879068 4.481132444036366 3308
82 -0.04354920130658202 9.503550245353985 2494
83 -4.4890910093405205 11.143002180244672 3329
84 -0.0830199825899916 10.069468976379893 2967
85 -5.950586844289738 12.18182060007848 3593
86 -5.556310897011685 9.324147699638074 1632
87 -1.0240411978003903 11.151238931340094 2342
88 -3.5441834216562147 12.09557516751656 4237
89 -2.694819132631304 14.097625426406754 2617
90 0.7680242978185595 14.551881355420129 1091
91 -1.8544003102811855 9.78562256449038 2238
92 -2.8479886539927852 5.926074800173831 4583
93 -4.617739852201338 8.607292545226565 1608
94 -2.406746169351566 13.019188715523159 4954
95 -0.6731243049922718 13.762657808159974 4987
96 -3.7500762495919906 10.505090417150406 4859
97 -1.0808308843011636 14.898717038727096 2808
98 -3.3907856742097198 8.882058772529371 1984
99 -4.17782160536788 9.634753137104243 2740
100 -0.9276705043890597 7.488230494835548 3720
101 -7.798662181123369 10.791854015193952 4398
102 -4.0780377723005685 8.86487465583175 1004
103 -0.6026066878308556 9.026651100064132 2233
104 -3.919285226446171 14.014380571424558 1901
105 -3.8546893464547844 8.978056457206723 2205
106 -1.5990865897285835 12.58265316275441 2473
107 -0.7282162524912689 11.476296400687042 3675
108 -5.093902145428229 8.87673336961654 3831
109 2.3473290842722614 9.596529415792451 3070
110 0.005393669258246781 8.953881488692552 2578
111 -2.6399877022720077 12.34487485614375 2031
112 -4.770807459378338 8.42313313111142 2646
113 -5.114352396485942 6.177706315832198 3909
114 -1.9416047262402816 14.384759833717542 3667
115 -0.875967728963965 10.403462387994862 1028
116 -6.539464197431446 9.067275404503505 3546
117 -7.732168399344908 7.389985805089325 3174
118 -1.9167152213763594 13.56836833826325 1595
119 -0.5147584385530498 12.830007726329539 1646
120 -3.9226300814844044 11.224421300306217 1793
121 -6.42944341191979 8.209393956498829 4310
122 -1.8401758152932 5.798413334549189 1499
123 -2.7926591650567003 4.9647017967526015 2722
124 -0.5369905929535788 11.790743319789255 3435
125 -3.638716133704631 8.402315867268802 1112
126 -6.532263236904205 8.684895932472884 4774
127 -5.103023754935093 7.916679400499544 2651
128 -5.126602976562267 5.2909545765113775 2040
129 -0.5931331526497757 8.369401263147457 3832
130 -0.34663176544509877 6.447228828151026 1482
131 -6.079888365483563 10.096414968553276 3141
132 -4.897175841635332 10.216728792974612 4204
133 1.8147835330687987 10.717078764916835 3194
134 0.39058734811644263 8.814529776651902 3022
135 -5.359752057825146 7.993169128821756 3398
136 -6.514389240223957 6.012502131519834 3802
137 -5.1818305257851005 11.92583348545358 3850
138 -2.6274833065742684 12.001066569368243 3105
139 -1.4055512763366924 6.633993795119964 2838
140 -1.4151780425899547 9.555823872756708 2800
141 2.154893460376869 12.29476966770778 1164
142 -0.40541394872059866 10.66149131016459 2015
143 -3.7652146797906227 8.036985493503316 4758
144 -4.563429493531434 5.429132725510842 1772
145 -3.117840772477625 7.418390849533943 1003
146 -7.674337921072621 13.240169416612053 4717
147 1.0293978465384164 9.931381375625724 2121
148 -3.4573382751555775 7.0269472544381175 4288
149 -0.5104714769158267 14.168361222250375 1501
150 -6.54606461645745 6.990331987347586 1192
151 -0.15529672941159522 12.730361762961097 1367
152 -1.9983890689204948 12.900504923981591 3103
153 -2.9999884140988247 13.981684234909618 3429
154 -2.3354919469235362 10.852394384873657 1724
155 0.5441762913598751 11.987406034810332 3690
156 -5.310390493233909 11.428318315761713 1382
157 -5.519082212266767 7.001884279354715 2352
158 -2.167324601816018 6.074446984797102 2602
159 -7.5514375955901425 9.997434440259257 1609
160 -2.856326853677532 7.6816743398840615 4993
161 -5.052394516046594 14.24763133591662 3312
162 0.6576832335808701 10.621127637060233 2929
163 -4.420844550605755 12.27341462464276 1727
164 -5.818714782192093 11.394347459458151 4747
165 -4.782838091632461 10.91742495284439 3967
166 -3.567411643456424 11.222396284850396 2925
167 0.1374015554093776 10.693156969028419 4614
168 -4.796897046448345 9.47396172506159 4147
169 -4.529835564288687 6.714912163812848 2733
170 -5.0987742382941486 10.43223383523279 3754
171 -4.152563467555315 7.026101545165728 4645
172 -3.2404702835186776 13.556310207354075 2734
173 -1.3519033378594234 13.453809364900941 3581
174 -0.7805348187010516 9.143034747030152 1979
175 -4.866387323700087 7.55333354478777 4397
176 -2.6004639031527073 13.398848992426405 1253
177 -2.9656710856924655 9.523473290256302 2563
178 -3.1542377374215684 13.02129467820986 4901
179 0.18306765220108615 11.160188964255086 3402
180 0.02338551638105404 13.553274237844636 2470
181 -2.7141239409889506 8.28775406593693 4399
182 -2.089180053029641 11.032856388159821 2484
183 -5.884393679593957 9.001836101434646 1514
184 -4.4563206070680685 10.58526562662678 2046
185 0.22788544087184018 13.149742252825328 2308
186 -5.709805225802444 7.446876105217677 2824
187 -2.7228485706845706 10.277879312234406 3642
188 -4.408632786513956 9.532430253460095 3692
189 0.7657577881641685 10.302926471379733 1673
190 -8.980036767571283 10.821897262209417 4413
191 -5.562326931891888 12.58993806992213 4781
192 -3.5773586347698076 13.252681438503878 1785
193 -0.06523850558759701 12.162199754811093 3169
194 -1.6289192040780633 6.381712825787284 4495
195 -1.5564541079194694 7.225873133233435 4221
196 -0.6839390551295135 10.202638589257576 1122
197 -3.303160047967568 11.670721421435774 1531
198 -4.9031673543625045 10.50037118915274 1981
199 -4.255584185085763 11.770769786576514 2007
endpoint1 endpoint2
16 177
29 199
92 171
29 63
82 174
27 83
32 44
86 132
107 119
16 47
0 127
89 111
4 184
86 126
135 148
125 145
10 69
43 103
38 179
45 141
75 98
113 171
166 191
25 88
131 159
136 157
33 39
37 129
87 155
45 180
59 124
56 117
99 187
131 165
6 132
140 142
148 195
1 172
53 86
139 158
68 111
4 16
55 64
47 103
98 108
52 146
2 152
72 112
39 72
33 34
38 167
160 181
34 124
69 171
51 176
30 116
42 103
113 157
8 181
94 104
115 154
26 162
93 171
103 115
107 151
26 67
10 91
94 172
78 142
17 176
111 154
95 97
169 186
14 125
126 186
72 77
19 70
16 196
58 186
11 94
112 157
152 154
11 97
36 162
120 182
86 188
137 198
15 26
67 185
46 101
39 65
153 178
102 170
24 80
74 102
61 128
14 166
50 167
107 189
33 110
109 147
173 180
7 54
5 73
9 65
83 198
93 125
14 19
12 76
143 181
66 84
15 95
62 182
43 195
16 66
27 198
55 122
43 79
137 184
32 104
0 96
13 34
53 85
177 188
39 96
163 192
7 123
115 147
28 156
56 112
14 82
40 149
138 199
139 160
83 120
78 129
99 102
13 42
118 192
87 115
51 179
134 189
124 151
55 194
80 92
98 99
27 37
26 39
32 137
52 101
28 199
76 170
96 163
88 192
108 131
101 190
72 78
48 144
26 91
7 143
142 179
81 128
127 143
20 106
30 156
94 106
62 124
177 181
111 178
39 177
160 169
8 134
20 177
120 170
17 178
16 70
90 180
68 197
105 168
149 151
133 167
15 60
64 102
53 164
107 193
66 195
138 187
25 52
5 143
61 121
135 150
9 115
41 166
49 81
22 53
70 197
60 196
15 111
84 87
74 158
57 62
9 174
11 173
70 160
107 182
13 71
98 140
18 168
72 91
4 70
25 137
41 172
91 182
50 87
99 184
48 171
86 121
180 185
35 67
46 126
45 142
178 197
18 59
100 110
48 55
120 164
73 138
30 93
93 108
7 69
48 58
6 182
14 174
59 63
41 88
94 153
165 188
21 82
0 3
42 130
44 85
8 14
1 2
9 103
37 42
93 188
17 156
23 145
64 154
50 88
80 195
5 199
67 119
17 161
156 170
61 127
23 58
84 179
37 187
114 149
125 143
8 37
102 175
23 39
50 67
99 183
88 165
86 112
3 30
24 196
49 130
114 178
99 198
51 118
71 139
46 116
6 154
135 168
74 100
16 31
63 73
103 140
21 193
138 173
51 196
50 59
110 167
73 87
63 172
55 148
116 135
105 177
107 142
3 29
68 85
100 194
106 193
48 175
65 94
79 122
