nnodes nedges type
200 300 graph
nodename posx posy weight
0 4.340450989134668 -2.513509776068801 2940
1 7.388755159121236 -6.192652648234627 3135
2 7.265565065438908 -2.8751321794852314 2761
3 2.710883023698633 -0.3845036491232359 2912
4 2.5091384676936213 -2.996278822155165 3132
5 0.10940284562775097 -3.2686656483055074 3423
6 -0.5105907418797456 -2.0877860013206533 1277
7 4.431746861058213 -1.0848813826062798 2750
8 7.959992743516262 1.7312109419368726 2500
9 9.43261535788747 -3.385993482558804 4296
10 1.3312936818794776 -3.9167975500387153 1952
11 6.458316638147844 0.8597922453520778 2641
12 0.19558259125962088 -1.0149839456833922 1818
13 5.960400459743361 0.3762843725028752 3951
14 8.482877242100379 -3.1041312689317486 2482
15 3.131821872005908 -0.22364440139690375 4342
16 2.308461350200836 0.9236667020235607 2730
17 4.947680117506112 -2.7660885880401223 2172
18 2.8238008876993246 0.3730275954522604 4337
19 9.049947087839469 0.5631183492864208 3408
20 8.574730006088489 -2.485918971254516 4470
21 3.4821535308505824 0.2121273371486276 3265
22 6.749599290212859 -4.803001505124047 3436
23 4.0827590286989315 -3.5214605398291567 3369
24 3.387959959999842 -1.4827780473469905 2341
25 7.097984351040848 -0.18449171352882957 1153
26 3.120354215219286 -1.9759097844628037 4500
27 5.150491323118106 -0.46217571065084007 2240
28 4.498119937252326 -0.051919656948779924 1304
29 7.815323352157956 0.8698998127516752 4732
30 3.785006456697004 -1.307639245589151 3331
31 4.776875281499606 -3.718508027389429 2813
32 2.1288503537833616 -0.35514550043256454 3644
33 5.239106633721345 -3.929429136779355 1329
34 5.368460789768001 -1.1199862369411662 4694
35 1.4288047964661819 -2.1731769097419833 2750
36 7.5822344707387925 0.14074330469563912 4480
37 1.4153002983816458 -0.6766450084366219 3543
38 5.855776232397187 -0.258094690003141 2525
39 5.453154301740289 -7.897084571899505 1250
40 4.029370153957253 -2.7496152534277507 3455
41 8.565939777033973 -3.8443056982855386 2738
42 6.269914523844885 -2.9410140602070047 3534
43 9.208598882914472 -0.30637505092618694 1714
44 4.921446395709425 0.20275173383426365 2400
45 3.7826476145822467 -7.309497637426831 2648
46 7.7493085523092775 -2.704709518329525 2809
47 6.281159495363057 -4.773152037265107 4432
48 7.907798657341517 -1.9809604962039593 1534
49 9.064072133312271 1.4238564243598413 3444
50 6.3621744316404225 -5.191699741705716 1244
51 3.6746853336012473 0.6507536209043749 3458
52 5.586893423643382 -6.258901479984738 1582
53 1.4753358727161732 -0.7850570023896606 4432
54 1.9118820613444563 -2.8673288651132296 1874
55 3.006553582266906 -3.5127833967450646 1584
56 9.425589689949819 -1.204868244364255 4296
57 5.5470081543040815 -4.320489120213446 4488
58 5.925116550799163 -2.319431005557984 4730
59 6.840844890974834 0.6030875377915497 3990
60 7.758617689898393 -5.488961007514263 2841
61 4.283031385467309 -3.856732143834511 1411
62 4.412354948864399 0.5864519897084162 2596
63 1.8133710985095415 -0.8670210738348483 1419
64 3.9260646082401873 0.8932520581606339 1302
65 4.526959116520034 -2.2817361433742547 2710
66 1.2191063784210157 -2.262416627098517 1602
67 6.818494386603413 -4.40286410133752 4077
68 2.5849094478509445 1.1096991632193056 1518
69 6.914535833817444 0.10880806834340429 2045
70 3.248380876343299 -1.48041553481361 2363
71 4.662983694043228 2.079590381358996 2519
72 5.475555082691368 -2.3247225994300473 2030
73 4.005511397593451 -0.8360337697365661 2054
74 1.890498765108605 -1.5709627704382985 2273
75 2.4437304671548685 -2.341097574863357 1419
76 3.2818310743939785 -2.572893063052049 1043
77 3.5460504740403356 -6.632828633370258 2772
78 7.04398661257782 -3.231876100739364 4537
79 8.136700144624793 -4.595042270893307 3997
80 8.80913086371374 2.565005243435224 2029
81 7.8012777255826276 -0.8667147753429002 2892
82 5.538597180645835 -5.106310937418953 3684
83 1.9159919701681323 -4.568596133321116 2017
84 6.6145920605954105 -3.479821436167527 3766
85 4.712881181469366 0.7706827941168748 4885
86 5.7739201334620525 -6.4475814992692975 1464
87 3.0102582886992626 -5.684460851925262 4301
88 10.03396197251757 -2.7799124350666333 1839
89 2.52165184296852 -0.527480356253506 2257
90 8.641345490819234 -0.2334168561632893 2645
91 0.9957932589961438 -1.4970729029837646 4877
92 4.8058410492808346 0.3384824622962927 4547
93 2.291668833526263 -0.930731892144459 1147
94 11.185094376262521 -3.1887528800314846 4385
95 5.048112789743482 -4.209298809694014 1770
96 1.3002155748795832 -4.663304213350264 1892
97 6.684457488146461 -1.1312095447490198 4422
98 7.674682680791698 -1.3037934032492218 2288
99 4.675252665532177 -3.4239204123605087 2367
100 8.158398914696525 -3.7761041506735396 2930
101 2.077738960230407 -5.906153224840261 1275
102 2.414562190546194 -2.7769019152482066 2980
103 0.7532959791709383 -0.39840462990430814 3077
104 5.769269589166602 -0.32879506484517024 2485
105 2.631927024006395 -1.2215036712509661 2592
106 5.758178228775525 -8.981270045047381 4178
107 2.255066463817077 -3.2366782376902847 2570
108 -1.0708666343864452 -3.711477590414359 3733
109 4.340463220465249 -4.3276240011222855 1943
110 5.334218553669668 -3.6678532686320295 3549
111 3.651592066012926 1.484001826591558 2754
112 8.608051022555168 -1.34296111197637 4344
113 3.490784154816794 2.8300940795714444 3684
114 5.851672004528511 -4.181310536911955 3009
115 3.7439974712400024 -2.331697947512113 3163
116 1.60438402406999 -5.450912259470048 3990
117 6.91423886865044 -3.9229297151460556 2155
118 5.522481560282518 -1.5861543280922967 1856
119 4.162645263046314 -7.809776065456223 1847
120 8.909193431284423 -5.7175267122827655 2933
121 2.6407474737994674 -4.2655320177448806 3176
122 3.6412060864747993 -5.479931614949819 3939
123 1.7709948627715766 -3.440244410652881 1528
124 6.2176455500590535 -6.878698065991286 4096
125 5.758106638996665 1.0531610752260074 2072
126 3.545355041729955 -4.7132272538931534 1497
127 4.288556286634445 -5.7766792480311615 4313
128 2.9358747018809126 -4.107237556904779 2737
129 8.092514824121029 0.10527679085556914 4205
130 9.542951142400794 -3.0250007056271215 3696
131 4.935272188744209 -5.322603175505696 3655
132 4.775914437858279 -1.854363666521144 2372
133 5.151960558402104 -1.6881470799021336 1843
134 6.675050426696177 -0.9881763773926467 1376
135 7.664535269801038 -2.1423050040209946 3741
136 3.123549409192379 2.078381735731278 2230
137 5.340494442025226 0.28399744315827435 1548
138 3.440603393948108 -0.569478034534633 4370
139 8.184098498532006 -4.318627406709736 4128
140 6.904154885351495 -3.001233595043913 2574
141 3.3975209886706006 -3.0432822723536996 4215
142 4.056507295029618 -4.190122461182304 2380
143 7.905814656262504 -1.1547595571524076 1526
144 2.2418052234521206 1.1981352759288337 1410
145 9.212681429492461 -5.356711161159806 1324
146 1.5187964427054674 0.06804678078647809 4194
147 5.045278788763264 -1.4128478234946142 2401
148 3.0744194583964752 -4.873407469983949 4883
149 8.532390142357759 1.2834941374384505 3929
150 4.113892426320336 -4.568397784136409 3637
151 0.38351875363432647 -3.762187968001175 1200
152 7.3581550577709764 -3.4354506177819286 2221
153 1.7675529297185908 -1.0773691319209002 3544
154 4.34034182799935 -6.131984312224377 3470
155 1.4120806371234471 -2.628655416138878 1067
156 2.577791405812469 -4.670015833082391 1524
157 6.39672720741128 -2.0363926501131315 3088
158 3.8589545766722404 -2.620463496485274 2847
159 6.081284905927254 -1.0964842744874048 3209
160 8.772615494426152 -3.3360994761827203 1857
161 3.6605441644525136 -4.943527133408275 3918
162 4.31374518820722 -3.1060944951478127 3089
163 1.4999671205354983 -1.4035105740014135 2049
164 4.959797930711986 -0.5720768684898128 3057
165 6.1529635372511375 -5.533064514205975 4080
166 6.468423885112604 1.1775092029153982 4160
167 6.540516303921264 -2.7728392063347314 1802
168 7.777712397665959 0.23708056822801415 3519
169 4.5624962838862535 -4.251972888016629 4199
170 1.73434905009654 -3.486080461654737 2398
171 8.000580064252068 -5.035768953659573 4709
172 7.076469101418288 -1.6137561255983255 3434
173 7.289310962669295 -2.293342322153006 2718
174 9.100633338466594 -2.1389324828504863 2808
175 5.65327473218865 -2.0513183337228407 1633
176 3.5541452543092453 -6.302779303273606 3714
177 5.138000373027509 1.6140971454368531 3693
178 6.189260783798392 -3.974685002524937 1921
179 2.5624569908130272 -3.631595791909993 2830
180 4.138853201146988 1.636058195751585 1932
181 2.6882840809665214 -2.587623577878253 2949
182 1.5162495917830272 0.42731131722025806 3091
183 7.16266975244192 -1.3548180728099353 3986
184 3.1992809496945394 -0.9957104384831054 3933
185 5.31632370282991 -4.91826147874239 3336
186 5.858863423447699 2.359992665717495 4517
187 6.499253922720322 0.2303074577357435 1040
188 0.4945368474999959 -2.5068967305102925 2825
189 5.959240033423406 -2.9709584727970526 1056
190 7.034145125799168 2.6579733376693797 2842
191 9.801564992901081 -4.219302126963192 4044
192 4.129587713842248 -0.3738345859600917 3073
193 3.0112859489182617 -5.040532700248756 1648
194 2.5660429435978074 -1.6220969190562913 3337
195 1.6002364153005815 1.734386474025434 4311
196 4.025463045699733 -1.2296458262814343 4456
197 5.315706870034702 1.00465673021691 1992
198 1.7582271592654257 0.6988881690658609 2344
199 0.766910115141092 -4.831635136105811 4139
endpoint1 endpoint2
67 79
72 99
82 86
3 153
42 72
2 41
24 92
55 75
21 28
83 101
76 184
73 93
78 172
8 168
146 198
35 179
28 111
31 57
36 149
83 170
28 147
111 113
15 182
66 102
64 85
166 168
46 48
20 88
83 199
45 154
73 137
22 82
4 162
54 188
48 152
50 171
0 194
16 146
40 142
87 126
43 81
128 150
0 58
112 183
136 180
130 160
83 121
9 171
73 132
97 135
69 129
32 35
111 144
151 199
11 36
121 126
2 178
34 159
17 158
127 154
31 76
18 51
57 142
133 192
157 173
47 50
151 155
141 179
83 193
42 67
34 187
24 158
66 93
140 175
109 193
36 134
31 178
146 194
110 115
7 38
89 115
150 154
99 181
13 92
65 147
186 190
47 189
3 73
131 176
112 174
25 98
33 158
44 118
117 178
54 158
29 49
177 197
51 105
67 185
7 15
69 197
114 152
159 175
78 173
145 191
33 178
15 70
61 141
160 191
195 198
162 175
65 158
132 189
13 97
70 196
105 141
135 160
5 170
79 120
47 52
19 90
82 165
36 90
186 197
26 30
27 132
26 132
82 114
56 129
53 102
9 56
23 109
7 40
139 140
18 32
2 189
173 183
11 164
161 185
59 129
126 193
32 153
24 102
96 179
89 198
135 167
122 156
34 65
44 197
104 147
72 157
68 195
50 114
55 76
95 126
115 170
24 74
29 187
48 81
4 74
88 94
77 119
116 121
126 128
29 168
60 145
26 163
48 98
109 122
97 175
75 128
0 109
68 180
23 121
42 95
63 75
82 109
142 179
14 100
42 134
98 183
13 177
32 144
85 138
74 91
39 106
64 196
30 147
3 16
71 92
91 105
57 78
133 157
39 119
72 132
125 134
52 154
17 72
77 161
150 162
74 103
147 167
5 108
55 61
115 164
51 197
84 157
37 153
141 156
143 157
0 133
70 76
3 26
84 100
91 188
2 14
90 143
75 138
26 155
135 172
34 72
23 118
102 161
54 123
110 185
7 132
65 169
0 196
38 81
19 129
184 192
58 172
25 137
107 121
84 110
98 112
70 73
50 131
99 131
5 6
65 141
98 168
10 83
7 184
37 184
13 59
73 138
28 34
124 165
61 114
76 123
18 184
95 142
60 67
140 152
53 68
12 63
26 107
31 150
87 161
39 124
153 181
104 164
118 183
69 172
127 142
132 175
79 160
177 180
7 62
21 63
42 117
22 167
27 62
2 98
6 12
21 44
14 130
20 81
92 166
0 162
142 148
103 182
1 22
68 198
101 176
20 152
125 180
16 136
32 184
165 178
38 85
110 114
55 148
8 190
10 102
42 46
46 174
59 104
8 80
