nnodes nedges type
200 300 graph
nodename posx posy weight
0 -1.2621182828919537 5.551318712049068 1229
1 -0.908788551808965 4.311652920751773 3502
2 -6.641618051737537 -0.25380407330192745 4844
3 -3.6635376187727173 -0.023052619281502568 4149
4 -6.42996135750918 1.0287329469355304 2233
5 1.9707650922418334 3.320198765134302 2017
6 -4.772010017342198 -0.615277527721996 3403
7 0.507272307531838 3.683062244049314 3022
8 -1.107060995036384 2.1711477402039296 1920
9 -3.5262998512236994 4.217684559588757 1783
10 -1.1539407689094032 -0.9132332984714895 1069
11 -4.907700956215235 0.8891887544552809 2592
12 -0.40916185987521764 3.7507010247993797 1769
13 -4.995422670448816 2.782747827430312 3900
14 1.7563885271735562 4.584819102430077 1897
15 -4.451052038311901 3.3499869402601448 3952
16 -3.1819845038832986 4.92286954414079 2781
17 2.147869503941031 3.0552865641742675 2906
18 -0.9938198730926051 1.129085182784741 2278
19 -3.6567845248399626 3.740492967934609 3363
20 -2.8253352104496696 0.4795875737194946 2657
21 -0.7871432280378985 1.3267357264422353 4499
22 -5.193278349037838 4.69299700347636 4065
23 -2.428996531968925 7.4086165412803355 4793
24 -2.314065619018863 3.353717147255954 2606
25 0.16751760839244909 4.417845524846777 1159
26 -1.5896595999914607 1.979089403749445 2914
27 -5.818379182467772 2.344329238686275 2374
28 -1.5464814398562932 -0.5965558208055098 3154
29 -4.042087633662229 5.1392863211587 3417
30 -5.678713491799317 -2.3702325291359667 4049
31 -2.746612055543903 -1.1124437389140007 2329
32 -2.4475454557494936 1.9377927693651773 4918
33 1.8032268988481985 5.1390581708252 4254
34 -1.0420537254793836 2.4589727417521097 2826
35 -3.3818132410731834 -0.46156389268710685 3273
36 -2.277782948096756 0.6555477168228284 3396
37 -1.7339856966118623 6.4107736124490415 4506
38 -7.589978619620452 0.5729072662033692 2056
39 -1.9760713324154382 1.75325201127132 1377
40 2.1479656336374333 2.368558748084695 1252
41 -4.180894836911401 1.1241608617480787 4589
42 1.5878014398282663 0.341801969432169 4673
43 0.14828688350419336 1.6185507323831752 2213
44 0.16223049350422222 5.478802573802112 4365
45 -3.980360003002799 -0.18747976880856082 4144
46 -1.9973755898137806 3.6170482771172274 1256
47 1.4954786478326019 3.305051433169252 2072
48 1.0522882076637632 6.684055335504421 1822
49 -0.5406435222839037 3.191305170051095 2347
50 -4.636073503883445 1.7310240036837845 2740
51 -6.709300146966953 4.711764278411546 1947
52 0.7275188359603563 6.846215201668907 1146
53 -7.332066206883003 4.168275862584144 2428
54 -2.5893367227185875 2.5824324092384705 4359
55 3.3764636496249265 3.0733641525820903 4325
56 -0.8613573219600502 6.250501818396259 4734
57 -3.003878270564159 1.4103038670971577 2819
58 -2.804930814848089 5.2362498324747015 2930
59 -2.8697604118296742 7.417307081027 2879
60 -1.3371213404360993 0.5251521498912674 2922
61 -2.761984165159557 4.711982195070292 1218
62 -4.176668021422516 1.7533358078156176 2259
63 -8.102842921112419 2.6144967333566838 3068
64 -4.434178516815741 -0.034738322998717173 4350
65 -4.4875055180915115 4.287771860112875 1859
66 -5.252556049500209 5.677403370257636 1052
67 -1.7216686214487291 0.7817581817525524 3478
68 -1.944678196375091 6.586836684885704 1483
69 -4.10151251970971 5.031078936665776 2695
70 -0.9744621402598602 -2.2486537931813966 2332
71 -4.74600420124162 0.11862521568126141 3818
72 -7.799885058618922 0.9480885889639884 2269
73 -2.0183548405762055 -0.6413526373751492 2293
74 -3.091148537785775 1.151932069944165 2052
75 1.008851050225909 4.59222458828135 1337
76 -2.3072570419586698 4.677416534763829 1282
77 -5.027914556421442 3.1331329922644837 3019
78 0.10690829276746372 0.5250630507408541 3398
79 -1.6379352467743824 3.3559269372798206 4941
80 -2.7817566392260074 6.440224479188637 2754
81 1.6179436274665346 4.107446372519158 2880
82 0.3744574529252894 0.37742482808856814 2990
83 -7.786543466530073 5.202513518089157 3344
84 -2.6898466464203334 3.2690594822762087 1488
85 -4.715605576694476 5.966502192213177 2004
86 2.162398960309741 0.3752095443458711 4527
87 1.1314155246227366 3.066833086345651 1293
88 -4.647919209120162 2.266980541077335 4921
89 -2.997760904587366 2.248959613850048 4890
90 -0.8907343156035086 0.3387514068910287 1311
91 -1.5172746006243771 4.690769364640072 2181
92 -3.4759884918676747 6.42894917894818 1497
93 -4.487732936983285 0.5971862885940581 3326
94 -5.032962262758743 1.442147010022198 2996
95 -1.3962560425427906 -2.6128286874978452 3225
96 -5.831111803727672 5.128259961971016 3991
97 -6.208214566510601 3.3530068845094867 2864
98 -0.7029023549451868 1.9966816773347362 2849
99 0.8117726849997183 2.315156839154017 4387
100 1.6413172305144696 7.73478703801288 1540
101 -1.621596912600799 -0.9521799828221625 4900
102 -4.135089959629199 3.173145646376571 3148
103 -5.27326156970921 3.7088918883035036 1084
104 -2.5382380235029505 0.23402283309852936 2515
105 -2.007461181910756 6.023761930624753 3984
106 -1.3733208841604625 -1.4075190960250994 2898
107 0.655524173060371 -1.6832701925526368 2549
108 -3.6859108579729316 2.88354749953423 4957
109 -0.0548423716352535 -0.7181572859267674 1406
110 -3.077030714526718 6.494971017180945 3625
111 -1.4320182178267302 6.6029269297888895 2824
112 -2.8430319943297055 5.819249235406927 2961
113 0.4777640516248873 1.8331521609966632 4230
114 -4.311763975458497 -1.3527042118798536 2921
115 -2.360023135139797 1.1591177537522055 1885
116 -4.79405849636968 2.5662122672169825 1105
117 -3.8260946980667554 4.182543990675058 1856
118 -4.79985931938015 3.535415101393266 1207
119 0.27824797301505444 3.1064893426292084 3679
120 -5.439645863774873 7.006933687437875 2294
121 -3.756460803564184 1.7051251455608871 4866
122 -5.086187231560686 -1.3744616257554008 2611
123 1.353834855202667 4.459880796706823 1528
124 2.060463537032288 1.9652907377314106 4942
125 -2.348462772206008 5.74093543389811 1936
126 1.2617523982672358 0.8780501155967401 4287
127 -1.864464973975192 -0.0245267191381995 2717
128 1.4703431118238557 -1.5209555550698066 3198
129 0.0572501214363909 6.770834473793664 4838
130 -1.3063543282932932 5.254792197831 3997
131 -3.062711963823818 -0.27567483835203327 2365
132 -0.32931200144676326 3.9482603624263564 1016
133 -3.522710817003792 -0.33211866017567754 4614
134 0.44927818016119764 -0.6865245227707617 4158
135 -0.27941384764772015 -0.8040456271963319 3519
136 1.265642994305522 5.715603479200432 4779
137 0.08795418174793185 5.623800176001711 2388
138 -0.00793445903032376 4.722243697108132 3129
139 -0.7279983981919604 3.2657070385856395 3407
140 0.708003935323529 3.0002016405367553 2859
141 -1.0793379458280972 0.09750377729645586 2774
142 0.9913245449091932 2.536985447758443 1276
143 -0.6807692511487621 0.3943962153163924 4117
144 0.5546042284163334 0.015408647186923028 2320
145 -0.3782444925678118 1.2202359937713516 4958
146 -4.445407552120322 4.629200791929928 3963
147 1.1999283987724674 -0.845148034811533 1552
148 -0.15744034376042673 2.9555359188020107 1393
149 -1.167698804529044 1.4265644612973867 4291
150 -3.2183442974442675 3.634867209669386 4218
151 -2.351867959348322 2.2042900130234697 3527
152 -3.535756443611168 4.5705511996746795 2884
153 -0.9534230435542648 0.6374947149968299 2998
154 1.9584130797030834 5.594242057662532 3201
155 -1.1824152354890483 4.077174836078307 4202
156 -0.2823408040745262 7.00386108004113 3003
157 -1.6025734550613324 3.8928106633284565 3124
158 0.1500146710527364 3.5329402485591483 1920
159 -0.2448384398373551 5.7017160035661 3126
160 1.9752387249378196 6.248710518324323 4380
161 0.6649104544895409 4.815766000314214 3333
162 -1.0628403102828288 1.838107368838347 4798
163 -6.649040533547293 3.8786797616816653 4590
164 -1.1252871534232862 6.364887507193038 3966
165 -4.630338957009601 0.5859547048763074 1699
166 -3.0748437961440165 3.1307971532251897 4674
167 -3.0965847959205064 8.539553759016517 2354
168 -5.622361260790447 2.8544691437850265 3475
169 1.7764151074826091 1.7104641491970267 4122
170 0.8541544363063678 1.8930777719273588 3092
171 -3.587495618214393 1.2288490462075174 1635
172 0.44667065042242704 1.5235376474320756 1955
173 -5.484460975628296 -0.2849961955021562 1597
174 -3.6303413292415287 0.3746330955143648 1801
175 -0.8824565172689041 -0.7691991017418424 3377
176 -5.472765906971414 4.223852632995341 2806
177 0.471412805666098 4.077023366562096 3573
178 -3.958093126585931 2.4093777168348693 3445
179 -4.872607133041333 6.3668467956185735 4416
180 -0.6812244834886686 5.233832192049113 3634
181 -1.921290457884117 3.1960966165342763 4154
182 -5.155010297874043 -0.7258203143499902 1560
183 0.8103752535157085 1.0572359148819714 1193
184 -3.363509391716412 5.641326375839033 1212
185 -2.057145516593062 4.24535544969597 1028
186 -1.602257025394117 2.9267617092927214 4243
187 -0.5691576529221636 2.7038367846963003 2156
188 0.3219924018246566 5.320036722440491 1243
189 -2.329564125367479 3.7986610376684364 4006
190 -3.1723412639750803 5.753647953810134 4612
191 1.0541430553429953 0.49716180970190177 3469
192 1.4041783573947462 1.778191339184568 1876
193 0.875207360599879 5.27138272986813 3994
194 -2.1420867693911214 -0.24065304016269531 4748
195 0.04766180332177452 2.157275179088372 4862
196 -1.0568459860054793 5.3286112050885945 1927
197 -0.12330367006514978 0.8335438244007577 3610
198 -3.5328665906662615 -1.567736931496934 1417
199 -2.3833460084102263 -0.5083703158600474 3326
endpoint1 endpoint2
158 193
150 185
36 73
43 126
32 57
64 173
76 184
90 104
3 114
98 141
110 111
1 188
17 47
43 82
42 124
9 77
8 195
44 180
8 24
11 171
82 153
98 148
26 32
79 149
40 170
3 62
57 199
29 96
59 167
9 189
115 121
123 132
136 138
144 183
37 180
56 75
158 185
50 171
108 150
16 146
25 119
101 131
12 34
54 89
31 198
148 155
140 142
48 100
153 197
10 70
69 103
48 188
121 174
117 166
78 183
90 172
91 157
132 157
1 181
20 151
36 41
51 83
7 44
51 176
186 189
106 134
9 118
10 199
74 89
93 171
73 106
76 152
128 134
180 188
155 177
102 152
21 43
146 190
3 174
31 106
61 91
50 118
63 72
53 96
27 88
148 162
42 109
191 197
71 173
68 91
74 178
10 143
18 26
14 33
13 178
17 55
76 157
36 162
36 127
26 115
62 166
61 166
14 188
28 133
44 129
47 148
88 102
69 76
23 125
126 183
5 177
39 153
32 166
14 47
134 183
19 54
4 94
8 143
116 176
108 168
32 67
39 181
14 81
25 177
154 161
105 130
151 157
18 145
86 147
3 127
64 171
36 141
52 137
6 45
105 164
56 129
108 151
86 192
161 180
156 164
42 126
56 112
18 113
20 73
12 81
8 39
94 133
85 176
78 195
13 146
162 187
84 155
159 161
0 155
73 175
87 124
85 92
164 196
46 166
150 178
28 78
19 22
0 164
26 39
124 192
77 94
21 39
85 120
41 71
79 187
137 161
35 182
92 112
155 189
135 147
92 110
125 196
49 91
46 119
61 80
95 106
6 165
74 104
138 140
98 145
31 104
4 38
88 103
66 146
15 84
172 192
156 159
12 25
43 67
8 170
102 117
90 101
57 84
159 180
13 94
90 144
39 171
74 131
150 181
159 193
5 169
89 189
76 79
142 197
80 105
66 85
17 140
8 49
88 171
33 161
25 137
130 132
8 186
103 163
90 149
114 182
155 180
138 196
41 116
35 67
159 196
111 180
130 190
172 191
33 136
26 139
132 140
49 99
6 182
29 110
7 139
140 183
16 24
1 139
119 192
153 175
34 39
30 122
65 150
59 110
15 116
16 105
10 135
31 133
43 99
116 178
69 179
29 150
45 198
15 97
53 63
18 115
59 68
26 145
152 184
18 60
87 161
37 92
40 47
107 109
160 193
45 171
7 195
64 122
2 72
60 151
127 197
43 169
22 176
19 46
130 138
57 165
112 117
75 142
137 196
10 28
132 139
12 181
104 174
158 172
54 98
74 171
109 194
58 189
113 148
13 27
9 125
102 121
2 182
76 196
43 87
35 71
60 135
107 147
74 194
