nnodes nedges type
200 300 graph
nodename posx posy weight
0 4.5627780761658405 15.708201732898711 2911
1 7.747673880904527 15.151553193426503 2698
2 4.164666111050257 17.39129820514176 1917
3 3.7918901823442073 11.78747168584043 4965
4 6.0137227458171125 16.494032270205057 3389
5 4.521261834307023 15.390590196503096 1029
6 5.678554630534618 12.221846214318285 1226
7 8.867961167314833 14.66889617523129 3109
8 7.656229666992766 12.74618783235161 3084
9 4.331852894610824 18.684296566498183 4051
10 5.724759195547849 17.8431185954763 2045
11 1.1088698333661258 12.919770994644763 1683
12 6.813721592197636 16.20696450955231 3848
13 3.247900969093638 9.392256356640258 2996
14 2.783215800282742 15.06145147826036 3239
15 6.986614312683052 17.694230106492085 2088
16 6.08472264479215 16.04771864676506 1815
17 -1.421531048656522 12.151402401153858 3880
18 7.362922476827056 13.13867514882424 2164
19 3.7302820005870005 18.673650730902118 2227
20 7.2725070670311425 10.277517706545417 1567
21 3.508862763736489 13.475727164763354 1756
22 5.558276691150159 8.905509280947818 1842
23 0.08708262392988952 13.277396868720903 3845
24 6.049389378791894 12.155393899002068 3697
25 2.1117052505440483 10.178903389618563 2590
26 6.827569455458123 14.65849288153026 1247
27 7.5364596297567585 13.610656031969743 2808
28 4.091908551698026 16.35944816677848 4016
29 3.472815148778631 17.02279460072832 1427
30 1.305296586391025 15.168419446374607 2753
31 0.7483322776108048 17.727583964012343 4087
32 6.19557702444064 9.451647583999058 4621
33 3.1367216301529806 10.784615123831935 4739
34 6.593166725792136 17.26523462519133 1874
35 9.529996781874129 14.114510107876917 3122
36 5.301948684370813 15.304720234652123 2542
37 1.9718919493328482 13.236382599332641 2817
38 8.731016641688617 14.894567204773368 4295
39 7.340255249182965 14.242154750720356 3128
40 5.8577865755744805 11.972556681652298 3470
41 1.6099187559627113 10.906580495775154 3636
42 3.077721687623769 15.525500953014644 1855
43 4.9319505789307625 14.486910026373204 1563
44 4.454328042525852 16.564144843865947 4246
45 1.1543475363838505 16.051813483328516 1081
46 2.5304139377646746 7.860277602552173 3030
47 5.74009723670128 14.33488570706514 2014
48 3.482999481560661 16.043855853588294 2159
49 5.16901924015628 13.942646087419044 4862
50 6.313503680166853 14.140240458363444 4638
51 3.020629887301066 12.509205785059176 1036
52 7.154846317892827 13.330476557459184 1144
53 8.946782836989243 12.925795233412911 4042
54 1.0292720707253942 14.730142860956107 1472
55 -0.37717811318575684 13.956402659151594 1087
56 4.130268509392281 12.867668695177995 4488
57 2.243729541853804 12.498109449731693 1273
58 2.8531597723200415 17.110411655698705 2950
59 7.753595670153519 11.898780891600206 3426
60 5.1449537534051375 17.11855785498885 2885
61 3.359280170996339 15.187831393825515 4893
62 6.057846810577619 10.724666178914191 1161
63 5.450456222829426 10.534288853870676 3744
64 7.976525906410039 12.149931369854189 1534
65 3.476210080170446 12.55186272333162 4990
66 3.6663364934195792 15.386080439100775 1334
67 5.141669217004462 10.15803293122884 4874
68 2.3404776214555083 9.475304654421741 4704
69 4.830858564033623 9.736469293552432 3706
70 4.682729170540198 16.842934784029524 4095
71 5.9191027980593125 11.409785252374745 3789
72 4.487035960152481 16.150161766819338 1328
73 2.378727988620121 13.315609591612402 4450
74 0.5586950134814318 15.161765748734235 1006
75 7.1991843750128846 11.501079170169433 1320
76 5.387010967297094 11.332735343462708 4248
77 6.580562290118738 8.730582193045478 1587
78 3.2182741171897593 14.78717085822693 3060
79 5.656098408289214 15.299039372061753 4630
80 4.101855709134613 11.868251751225301 1518
81 5.851059426011052 13.24683007252495 3988
82 1.62156237695826 17.250701516418356 2261
83 4.217282786392239 13.878966457601583 4626
84 6.750326248790645 13.508172515674383 1937
85 2.8484167239728673 14.116163639112738 1158
86 3.935354036342179 16.576341311456076 3123
87 2.6780711965979176 14.600255236633611 3086
88 2.9283314446798308 10.137778462947532 3672
89 1.8141266796373445 14.747540286477719 3823
90 3.700520935714241 10.537886584625975 2348
91 1.9024560008408469 10.532781427911717 1811
92 3.906769926600568 9.225687650358168 4942
93 6.529596155836792 10.985218550284472 2200
94 2.102537226812694 15.440797430143716 4646
95 7.242674561524256 7.114768735787314 2213
96 3.875071303080596 17.224400943533198 1189
97 6.346280197019941 13.147715006781096 3851
98 4.038134479081072 10.648079703476027 3071
99 6.501049582051003 7.983692434547599 1489
100 3.187785334638634 11.751909395867132 1918
101 3.564160652000801 12.72643985938183 4594
102 7.635031193503234 15.681355015772331 1488
103 3.1320155967035617 7.603647935481041 3653
104 2.18257767111788 16.64115302968302 4152
105 0.45091634029435756 13.201362644826741 4127
106 1.6510070945946558 13.202372659404743 1216
107 6.267763196519163 14.94186880731593 4931
108 1.655687943863374 15.781740921977931 1073
109 5.173749596955506 13.516537979256682 2413
110 8.243768212150961 14.022664637148207 2672
111 3.8458688132225816 14.25788079386308 3984
112 4.487182344171138 11.500619054502467 3424
113 0.7989466389553259 15.290312491253289 2417
114 4.8464885804828155 17.59099758040471 4055
115 3.814139329928903 13.58802785687691 4434
116 1.8014285275831445 11.268773204432962 3395
117 6.207282937357648 10.753328089364558 1437
118 6.3348926663699885 12.624125702742477 1464
119 0.7178694338873536 14.087629428422606 4058
120 5.8174267492214895 15.355024420601142 4765
121 2.5572723434330977 18.011541697353433 2797
122 3.2504582907397888 11.160932895906754 1210
123 8.308260509354612 13.539798229202722 2807
124 1.6460406471090294 14.229515567534033 1017
125 6.534323593997761 13.595588717837542 4875
126 2.6598307382534423 12.990616893203658 4622
127 4.343771560864212 12.202940968133644 4648
128 0.5098833309693066 16.105391643388725 1015
129 7.110507891813041 9.82638378712109 1626
130 -0.10396260994379553 10.851543312371422 1612
131 6.236026874829857 17.56511072033037 4334
132 2.0761027885915726 8.687363130727123 4504
133 5.523498391120195 16.50683416039216 2039
134 2.990723113882205 11.870521785872999 2978
135 3.2785775519392644 16.85545202298548 2880
136 1.1406570881312594 11.440024087231116 2936
137 6.626993404105445 11.758559098298411 4969
138 3.7568512912856025 14.857003371277315 2865
139 4.822203128025313 13.035200078605316 4248
140 4.5591425747921 10.089458367692426 2994
141 3.2609291132960183 13.796536887358107 2676
142 1.8649994572255195 16.888580945269407 1284
143 2.314839150686933 14.58553065304082 3468
144 1.7185369670602002 12.51322864326694 3356
145 5.736329487381842 14.873411985706715 4933
146 4.568684663091046 15.070701898084002 1435
147 2.270110133428952 15.305099495692922 3208
148 3.770623184878598 10.143684824177587 2904
149 1.7906743495730635 12.468521915551483 1290
150 3.1461307965398455 10.370115306982987 1661
151 2.234297182411511 14.337467062104837 4062
152 2.560694747928797 11.920200921994006 4598
153 1.6904944771368389 9.054606577459962 1929
154 6.181249502216129 10.069477448554476 3995
155 2.4583282698207944 10.36734615959049 3344
156 1.48784977467666 13.766347358585035 1946
157 4.619539277582671 7.751532241521003 1684
158 5.336729947257036 12.613414265616592 1340
159 5.824674140533249 10.826387878087333 4179
160 1.2135323921954966 18.37869011005581 3509
161 0.9044382156419798 12.42803220815566 2931
162 6.339812832915857 11.598559135101812 4199
163 0.02608649768397215 14.336780530037938 1638
164 1.4810763329802812 11.952472741670324 4141
165 5.102397056947381 9.410644574773574 4042
166 8.13139829671384 12.965792021809156 1409
167 2.5211541198141547 15.930720453488028 1061
168 5.770232446509013 17.14400112874765 1181
169 2.1992885454509263 13.973227557282184 4291
170 3.040206576222427 16.603425703433604 3325
171 4.543827174213584 10.736526746545394 1913
172 0.6894029127001402 12.185570630040276 2933
173 6.553053812934336 12.758038585179197 1018
174 5.227034778253809 10.573400023358422 2375
175 4.24899348937579 15.353120385374504 1896
176 4.478751294816632 11.28463793503752 2017
177 -0.23993126130847806 12.367347553157598 2258
178 7.487931972198157 11.422370506380798 3703
179 5.563328314387754 11.796435631390052 4973
180 0.7954143588287763 16.965314206271472 2313
181 0.9909152972782092 11.949731187715432 3882
182 3.1676336356286083 16.403132969043 2855
183 1.2781036033612698 14.575653895354606 4954
184 -0.3950997776496827 12.776381156987116 2748
185 7.248091805236606 15.5189898013613 3482
186 5.371999657461747 16.26250055564021 1608
187 7.12369128868574 11.657462878826518 4188
188 8.838207292595351 12.702377084668223 4838
189 2.131150489786539 16.356195555065913 3022
190 4.835175965618637 12.742601204329693 2886
191 3.1309728897605393 13.089442709517279 1735
192 -0.6425362316998309 16.501781686415647 4996
193 6.91084285365074 13.038743344373854 2851
194 4.995429415711854 14.307563870616358 1200
195 3.098024937799188 9.046922999642502 4828
196 3.6941447328580996 10.960358273905207 4652
197 7.894046256498348 14.526995305807539 1347
198 4.397457198468627 13.137477540645655 2754
199 6.546439475546431 15.416181080883776 2116
endpoint1 endpoint2
42 72
8 110
70 146
94 142
76 173
4 36
75 125
83 101
112 150
133 185
3 191
32 165
12 133
62 158
107 120
133 182
11 152
25 136
3 176
114 168
8 187
140 148
54 151
61 104
55 177
144 164
63 137
24 27
97 123
3 148
44 199
39 193
124 138
56 141
37 85
143 167
69 155
10 186
142 180
45 180
69 93
24 127
58 82
89 106
82 128
118 190
43 81
12 34
14 147
26 125
100 196
77 154
87 183
73 124
37 51
152 196
20 93
49 152
22 174
22 157
60 186
78 194
83 190
129 159
141 151
84 118
57 164
33 90
101 134
4 15
31 142
42 147
179 187
27 166
75 93
65 144
177 184
1 38
125 194
154 171
45 147
19 96
54 124
83 138
54 128
6 174
162 176
147 169
116 149
159 165
117 179
13 165
84 107
18 26
40 117
92 98
13 92
111 198
65 198
67 112
109 158
3 90
80 88
0 87
71 137
22 99
82 160
28 114
32 117
24 93
96 175
55 74
63 196
57 126
3 190
140 196
135 138
44 170
131 186
37 151
36 97
14 151
41 122
119 164
39 110
109 173
2 60
51 115
1 110
103 132
78 108
45 113
68 150
21 80
6 118
46 195
145 186
168 186
89 151
26 79
139 145
87 106
115 198
11 169
106 172
162 193
25 90
98 195
38 123
47 83
48 147
82 104
3 122
29 142
0 2
113 143
102 197
106 136
37 105
37 144
78 94
130 136
119 189
27 185
111 191
85 151
36 48
125 193
140 159
21 42
86 167
112 122
76 80
83 141
7 188
178 188
73 134
91 150
0 28
35 110
64 118
112 139
14 170
8 173
56 83
115 169
34 60
23 106
57 100
70 114
98 134
90 174
58 182
13 91
177 181
18 53
121 182
5 29
97 159
127 171
126 161
6 18
73 78
50 120
159 174
147 167
166 193
93 137
124 163
8 52
126 127
109 115
33 171
175 186
39 47
5 16
61 83
28 61
62 67
169 183
52 199
5 111
14 111
36 86
43 175
80 179
61 143
103 157
40 59
41 172
57 156
115 146
128 192
30 78
74 147
79 138
56 100
55 163
75 154
64 166
85 191
37 181
8 59
100 116
72 175
112 127
16 102
106 126
40 56
25 132
91 181
2 9
88 153
5 78
33 134
16 186
155 164
11 184
95 99
1 107
44 60
50 158
43 109
85 175
126 143
6 198
51 80
4 72
85 156
7 102
20 62
81 193
100 176
0 107
149 191
178 179
44 189
54 156
112 179
65 139
89 182
17 177
84 197
81 179
66 147
51 134
4 168
25 68
73 149
43 66
12 26
94 151
5 120
52 71
84 137
58 167
127 158
28 70
71 98
2 58
