nnodes nedges type
200 300 graph
nodename posx posy weight
0 0.6400091557795404 -5.6399406489864985 1265
1 0.42768988648381795 -2.8878021889572807 2836
2 0.9789637220825448 -1.4658923719129964 1428
3 4.2287832694638166 -3.0101029234337173 3309
4 0.9227529938923104 -6.3727596690853066 3447
5 -0.06423862891176638 -5.917131710979074 3777
6 -1.7309377142296398 -0.43072468095034333 2092
7 -0.3055486487558398 -7.9428413732156935 3475
8 0.6773520460061221 -3.2023343385901413 1672
9 -3.3198248026969033 -4.185331027772172 2628
10 -4.677896925879906 -6.12457898624147 3937
11 -3.713395654841066 -3.570144558651172 2029
12 1.480759180238451 1.2606342604653886 3229
13 -4.282668509833456 -3.0370771053085655 1766
14 0.6862812594298036 -4.406309745766262 3891
15 0.04786320696669378 -4.008627321559919 3552
16 2.7169384522556244 -3.5827942540412585 2013
17 0.9413203173249277 -5.874497204100505 3195
18 -1.5167090414919853 1.0631862854685576 2867
19 2.9134341702561577 -4.5124260882245695 2481
20 -1.9907697920257066 -4.784613958455242 3490
21 -3.5405289749490603 -4.646240997435153 3632
22 0.006848712232861729 -1.6336713898047872 3079
23 3.159950770192996 -3.5276725598332157 4225
24 0.7534113415044528 -6.17599076029366 3411
25 0.42054576728508597 -1.3648101356880735 1547
26 -3.407534160450237 -5.7040320090324785 4383
27 -2.9546904629366098 -3.878214504311453 3421
28 1.506700822956388 -0.8452420343081694 1261
29 -2.09257731279081 -0.5080605177337356 3912
30 -2.553915155112695 -1.59549391020586 1149
31 -0.26260639109940526 -7.44567665717191 1629
32 3.4425721886758236 -2.6855485007507753 3004
33 -1.671270356179418 -6.014015970934221 1958
34 -0.4728429844220344 -3.628845482404698 1640
35 2.379899498594001 -1.1712159213852047 2236
36 1.969530114263571 -4.071677162963118 2534
37 1.3915063025034704 -5.073767645091998 1957
38 0.1339191577939656 -2.4816390963486015 4857
39 -5.617934662644589 -6.85556397215365 3213
40 1.8221642526943311 -3.0797152259522567 4819
41 1.3545176167704465 -0.7443835505551496 1972
42 1.1443337731836982 -0.017228474227668898 3400
43 3.147313252267807 -2.1703295907341187 2587
44 0.3591115411632559 -5.288486591169054 4455
45 -0.5988522113327732 -5.784041244392654 4701
46 -0.44573247521881076 -0.43187544777985337 4712
47 -2.993974747448333 -7.091192361639034 4336
48 -0.11781702442766896 -3.148760070867017 3109
49 -2.8876940590002276 -4.367458697524888 3698
50 -3.1014913236193773 0.13791598926353965 3797
51 -0.5482859881679324 -2.106030128830999 1973
52 -1.5088030025525268 -5.636096313050869 2744
53 -3.7155536815822954 -8.067841082384849 3032
54 1.4939444017222407 -4.332808108036947 2999
55 -1.4123130839351712 -6.234901005379561 1940
56 -1.2924184169783135 -7.172281210476588 2589
57 0.11647317216771898 -0.9679797261536064 2956
58 2.8738672091773205 -3.902490936154473 2480
59 -3.0705628601844577 -5.581762183503538 1828
60 -2.4516157678150763 0.9091050881883941 2977
61 -1.640080872127672 -2.3288870064933502 4194
62 0.700348172610247 0.7350875011153089 2814
63 0.4226014233183337 -3.6782268177515927 4341
64 2.4697645156520665 -5.132891095492369 1598
65 -2.1161070271613323 -2.366328877708071 4523
66 1.7244876530049518 -4.323276770294508 1392
67 -1.2543102810268825 -0.5130870546598385 3499
68 -2.32828720451581 -5.60270698442607 4196
69 2.8387796285055216 0.1745658890083464 3160
70 -2.7865139473079097 -0.24819506881762535 4368
71 -0.6769061499307267 -6.073659681095043 2002
72 1.0639437501612603 -4.403711603314499 2854
73 2.991354697924663 -5.7214866727356055 1362
74 0.7378452210618193 -0.024890191313618384 3538
75 -2.923385164433989 -6.8992806168739005 2822
76 2.340147452743833 -3.001415215732781 2733
77 1.7021420335703679 -3.2258427623449886 1501
78 -1.233244535527399 -6.604192871205578 3978
79 3.869015360626653 -5.691867054015057 4485
80 -1.1823919374731005 -1.9937672761560223 1191
81 0.9167574115511248 1.0849485331302406 2067
82 -1.3829728516601583 -1.4747763210466756 3303
83 3.3084689415272432 -5.19958940070018 4779
84 -3.8715943956068535 -2.227302508052521 1647
85 -4.140984647390455 -2.8348249972945427 1017
86 -1.6851200737283003 -4.350151307167383 4568
87 -1.7546033104208114 -6.999203767253053 4996
88 -3.0603812489370243 -2.6574932222892804 3353
89 2.3834435689304008 -5.943628263719379 2589
90 -3.569431795708707 -0.6644070105134725 4749
91 -0.4080812242138639 -1.6570962122325834 1108
92 1.006841597052005 -7.485256416265024 3552
93 -4.480761439019843 -3.2275530347100525 1651
94 -2.4590474670919926 -1.1881975531222673 3425
95 -2.550432307661823 -8.123250493981201 4373
96 -2.3246493690953085 -0.7768603857459667 4191
97 0.27720135265904927 -0.8780938541880795 1062
98 -0.5278852185292041 -5.267816076810901 2305
99 -3.2801450075199043 -6.107311991174369 3542
100 3.4700359725611682 -1.7758623207305098 1728
101 -5.543908323025586 -2.8674098989551453 1657
102 -2.415747994071946 -6.768272858914468 4342
103 3.846257645773864 -4.8238509301441725 2951
104 0.8107569608419566 -5.3882945062865595 2458
105 3.019092542723062 -6.364716556948613 1965
106 -0.583867075696717 -1.08734015739051 1092
107 -3.713779962485122 -1.297946797862734 4648
108 -5.003594606064758 -1.4825290377726072 2417
109 1.1995153587468066 -8.72015603931126 4877
110 -5.66781376271431 -2.650295179312164 4319
111 -1.345143490728673 -2.5544098047802404 1243
112 0.31207655098577675 -2.6020172017818237 1418
113 2.1263580832415245 1.087244729408554 1648
114 -5.726150798204915 -3.4578912311902466 2277
115 -3.4025162217329012 -5.341917524735552 1710
116 0.7483715038060208 -5.0239009097517044 2930
117 -2.0746929459298906 -5.94147095201158 4314
118 -0.8034282078807439 -7.528229281144307 2041
119 -0.6618656497073965 -0.5327871964132821 4213
120 -2.97215564981147 -2.2898764059225476 2637
121 -0.03566998024785887 0.2739352885858451 1200
122 3.564994146772377 -1.2033034154810165 3272
123 1.0739443252473984 -1.9592827847643495 2035
124 1.3805743325916842 -6.687389497937298 4967
125 1.9604160393477554 -2.1711513962465827 2010
126 -2.824561974629794 -3.6234206906626123 1826
127 -3.4694582162096492 -2.3344609095449353 4299
128 -1.1776175822924924 -4.186807036842455 2697
129 -2.130466319062028 -4.391427044051911 2279
130 1.4705799908030253 -1.9310629320303696 3431
131 3.560970829134329 -2.578624748759454 1370
132 -3.032075956564694 -0.2823205533764962 3487
133 1.4771443663444064 -7.711516390370707 4189
134 -0.5786343958033776 -2.4757462842521 2952
135 -0.8931854771457494 -8.342671401549499 4011
136 2.9090054025522223 -1.4464841808025568 3722
137 -0.49998391587735025 -0.17453913749688946 2174
138 -1.628216939057177 -7.012582401795419 3505
139 1.9322105657655373 -7.668805221082638 1485
140 -2.069781709885929 -8.29022590259088 3328
141 -3.3361145039498683 -1.9865492530567597 2300
142 -0.6810485929380714 -1.3152899176939945 4888
143 1.9020836450605458 -5.527220777936526 1410
144 1.0592114515382658 -2.632703134056409 4430
145 -0.600051188007053 -4.562025153171034 3798
146 3.7819030425761806 -6.436687719736977 2520
147 -0.2495953951214785 -4.310855992339287 4229
148 -1.5945765450314542 -1.82603231262054 4722
149 0.544980918061012 -2.5105262699438193 4871
150 -0.9754795734584034 1.5930189691414105 1234
151 2.056709838111549 -4.839296714926967 4071
152 0.7920767138561542 -1.1692329763490552 4052
153 -4.202856271437099 -6.690880702803316 1006
154 -0.3044947823598732 -6.601402522133494 2645
155 -3.1478747076057445 -5.352555310191303 3213
156 -1.8375558193640797 -5.467222668976015 3002
157 -1.0456964961319477 -4.505449566077464 4290
158 -0.34258065792939474 -4.510626766853425 3339
159 -2.5966778586910277 -1.8122098440810426 2317
160 -1.8576264635874804 -3.0275044590981395 2048
161 -0.33456343048631626 0.9993368917519151 3650
162 2.178685308890198 -2.361243987862227 2490
163 -4.38200662095259 -4.366221024028189 4640
164 1.4143371007212189 -3.5643925104891965 4036
165 -2.39142607597187 -3.2083300873341534 1378
166 -1.0275800114395919 -3.692687499073747 3362
167 4.992943402758716 -6.124101928286984 2985
168 2.10238905042566 -2.85700626451947 3721
169 1.7959509826825142 -1.4181366272790532 2183
170 -1.7248470481249507 -3.0372525297996416 4627
171 -1.3455813699192116 0.8602120546105149 1598
172 0.04136765018286579 0.6253705062516156 2404
173 -1.7177129763849097 -1.2757784802920724 4349
174 4.6648605644348615 -0.827591645030763 2685
175 -1.4282081302992362 -5.267257928249101 2991
176 -3.9048037747138227 0.6819727341858847 4711
177 -4.561213572863313 -4.197919854127541 3601
178 4.503801211532607 -3.817837997108449 1997
179 0.3367918835725538 -6.312050402467977 1812
180 1.8530729259150585 -4.69614394672137 2209
181 -2.3389435587892886 -4.861143508049789 4385
182 -2.0510591700346565 -3.8526565257471366 4838
183 -3.655281393737377 -2.885365965429872 4507
184 -3.4789154747408952 -1.814185536568683 3504
185 0.9681650659146415 -3.399421429364588 1321
186 1.315118363815548 -2.192788527431459 3220
187 -2.879084512650271 -3.076843249058331 1650
188 -1.951607533579155 0.9870039696096804 4121
189 -2.1270856043609028 -3.495718894971566 4085
190 -0.26363439031207614 -4.037118954245203 3527
191 -2.868616689859384 -1.0867621785792556 1282
192 2.046310431145799 -3.2605987328072064 2441
193 -4.161814127961503 -1.7370370702699662 2534
194 -1.087826792438643 -3.2494840404546466 2561
195 -0.8291566169929124 -3.094449419194201 1725
196 0.7244519344343657 -7.500516495640039 4591
197 0.5973934644218677 -8.70809518097765 1756
198 2.7761614337434697 0.06773557160618786 2597
199 1.4557831489915198 -9.822646117908207 1597
endpoint1 endpoint2
1 34
68 138
33 117
141 183
78 138
87 95
18 121
20 86
126 163
150 172
99 115
35 198
42 97
45 190
30 132
165 181
91 137
49 187
44 158
65 84
75 78
77 151
12 161
3 131
184 189
22 173
66 168
47 53
61 170
38 63
164 186
65 166
162 185
67 80
158 185
111 142
141 148
35 123
27 182
94 111
91 123
30 148
3 23
14 24
12 69
9 93
33 115
14 64
106 186
93 110
72 112
22 25
7 154
139 197
43 168
6 60
144 195
96 120
14 36
128 134
62 113
80 91
34 86
57 142
79 146
46 161
96 107
96 191
99 156
129 166
17 78
116 164
82 97
4 98
82 170
71 116
35 162
33 56
44 66
34 166
44 154
34 149
2 74
16 54
136 168
4 89
68 86
135 197
58 164
154 196
21 49
123 162
120 182
51 160
26 153
24 31
19 168
20 26
48 134
124 196
77 162
2 38
64 79
38 51
8 152
80 159
109 196
104 116
73 151
14 166
88 173
40 48
92 179
19 105
147 189
4 133
144 168
9 86
61 65
98 128
109 199
128 166
9 177
38 77
45 179
73 146
0 158
35 122
100 162
168 186
87 135
31 138
59 129
52 117
91 111
47 117
61 191
108 184
129 175
38 57
19 89
59 75
71 156
28 186
170 189
86 156
139 196
149 192
21 182
50 184
63 164
80 194
5 147
13 187
49 88
105 139
72 104
90 132
10 26
29 132
86 170
111 165
20 175
23 178
57 119
33 98
22 130
117 154
52 86
1 25
70 188
157 181
1 164
20 128
13 177
160 166
34 195
63 180
83 151
1 125
54 192
20 27
2 144
30 90
158 175
113 198
11 30
83 103
70 127
57 172
102 117
104 179
25 142
85 101
33 71
154 179
85 141
88 159
25 41
97 149
104 151
123 149
130 168
54 143
48 61
112 130
5 179
46 134
49 117
32 43
30 106
90 107
52 138
129 189
127 187
85 126
13 84
74 137
78 156
6 137
122 174
93 114
111 187
15 98
30 193
93 127
43 131
38 148
43 122
25 121
33 102
87 175
86 157
104 124
22 134
32 40
20 145
73 89
160 183
29 80
23 164
8 14
131 162
126 129
96 119
143 151
0 143
126 195
67 119
111 190
85 193
123 185
138 140
6 65
132 176
54 147
62 171
149 169
55 181
17 76
104 145
36 66
88 107
45 52
119 152
16 77
20 155
48 145
45 118
34 147
80 170
56 71
36 40
10 39
34 158
15 38
18 50
150 188
28 57
69 136
41 76
37 190
80 112
63 157
42 81
70 171
15 63
64 103
158 182
145 194
42 152
8 190
55 98
1 8
79 167
81 121
161 188
41 62
27 127
11 115
