nnodes nedges type
200 300 graph
nodename posx posy weight
0 1.4497591839364243 12.340824563500275 3741
1 -0.41023329688211096 5.719291287524345 4290
2 2.8371484745491977 5.814703031349992 3493
3 1.91748575288312 4.065536791680293 3451
4 2.1229507226143114 6.160944901789725 1296
5 5.624396647208589 8.838176709789128 3144
6 2.1669145206119453 9.503545627489391 4245
7 -0.4867561858823531 9.69859734431636 2095
8 2.1496559934208124 9.710391115161613 3966
9 4.08829614790785 5.152759492183581 1723
10 1.466713915911855 5.739500031608271 1877
11 4.7525770776656175 11.41105678173625 2205
12 -2.1565586399453753 10.8986718950524 3725
13 1.4515581715705226 11.894951533954753 1577
14 2.34792513533664 6.609075245428929 4662
15 1.5432982206356014 7.73519931697767 1965
16 2.996805566673193 7.421424865254776 4742
17 0.5997737402953925 2.484930959133113 1808
18 2.8573321046215803 7.596522998086968 3193
19 2.3645567391524884 5.676611807665514 4664
20 -1.3162904995414884 11.100479127459172 4088
21 0.8158819890170566 10.612985340096122 1409
22 2.0339086160202635 12.08852639911395 4485
23 4.053749821322315 7.602292517363384 2058
24 -3.208557869659612 6.091989024105799 4441
25 5.904787230847315 11.059941038364594 2355
26 -1.6912493247859397 7.6835963405677665 1722
27 0.6250521923100977 11.55029691022332 3509
28 -1.7947844144962015 11.09795597969532 1076
29 -0.9326608673547944 6.827057575622455 3914
30 -3.5122930466217683 5.686256627722408 4808
31 2.9302021365085587 7.308680471434649 3836
32 0.21221751908448752 10.430933268334298 1314
33 4.018773564036041 10.271330499937804 3975
34 0.9117647947173619 3.9458603687498788 2892
35 -3.3142443543550253 7.113529118909116 4276
36 -1.8347295448288354 10.448896108165973 3030
37 0.4102858920588333 9.057118066386472 2469
38 1.0353750433046582 7.268499120826742 1788
39 -1.3529131761964694 5.303568097702286 4854
40 -0.5874614271049166 7.823057231722853 3339
41 2.5608404916756053 8.08771768427671 1738
42 -1.312789949793237 5.948418188860605 4726
43 -0.9480265481366068 5.140563187433105 1735
44 -2.256830652103067 4.448634230382975 3463
45 2.8413050875917376 10.791784929510994 1298
46 1.9042151086151342 9.231829533731576 4310
47 5.148627317633628 7.500551535465397 1712
48 0.01461430137614306 9.403901866149875 3725
49 -2.2422888554771765 7.726187041078954 4431
50 -0.13202279030017997 8.561718911814529 1338
51 -3.2698759843968332 7.6006441662642175 4746
52 3.1678977905198273 5.278622280407082 4694
53 -0.5268846658327409 5.2006566822575016 4017
54 -0.2673196719242766 9.058820417851981 1044
55 0.8247078230108575 4.675625163059282 1294
56 2.6006190949739074 6.28109007000759 1220
57 -1.51882771353869 4.394987432941667 3447
58 3.299711096572581 10.677476368242289 2753
59 -3.8067088000066027 2.7140682025907905 1280
60 -0.33282212704684266 5.588404942377019 2292
61 -2.6774375546322755 4.597622715196979 4442
62 1.3303610170974633 6.931822099762725 1930
63 -1.0071806442628157 12.007143094507738 3126
64 4.151502336538191 2.2468933899916355 2705
65 0.93085153073817 9.478403143911272 2574
66 3.5485394671494954 9.994933806355547 4943
67 3.647653206726253 6.5465205142416565 3120
68 3.263596730488169 2.997266477871716 2389
69 2.885688925668025 4.685483228847008 2882
70 -2.600238374364511 10.31570714811733 2358
71 2.350412656602651 4.4794782655496705 3021
72 0.016178752883678975 9.691571970334756 1478
73 1.8236264193027418 4.876820240886589 4798
74 0.4308974915650496 7.0298193292625255 2734
75 0.39133489753338646 5.950012785597804 3964
76 0.8827925238953889 6.007426599435837 2708
77 3.5906200866105484 4.385166503995093 3033
78 4.767372829090193 5.778004383167322 4884
79 4.530758836095066 9.011591782504198 2176
80 1.0979244322754573 8.102051927164682 3095
81 4.682095537358388 9.938509524367571 4304
82 -3.0398889694719595 3.5098098546821808 1293
83 -1.185368856211078 4.0841857182571015 1692
84 4.475330011827672 6.807012773108217 1205
85 0.24440075117185212 4.9358159163828565 4308
86 1.0087966611881207 6.355017696714569 2810
87 3.141551457783346 6.856398358817615 3852
88 6.31882229614806 9.86151244674803 2680
89 1.3916646837378615 10.713698807497641 3348
90 -1.639062540685668 8.598561779619123 4664
91 4.143807628193862 5.7119994087043295 3174
92 2.812535158845164 9.06282555786809 2752
93 3.218411406529276 1.7775652807726205 3598
94 1.8608073693758882 3.306554741851765 2570
95 1.5753403912014092 10.575710461871124 1722
96 -1.831811941275963 9.439490036235014 1304
97 3.472318066097212 5.608273460373812 3365
98 3.1932112596045594 8.62019646955006 3030
99 2.8513226912970366 5.108682433441012 4795
100 0.8840239212818005 8.237238709871605 4956
101 1.39622781177476 2.998009936735919 1056
102 0.47211013304801996 10.896500231141442 3122
103 0.5901005038042689 10.570202365918977 2389
104 -1.6844534224134484 9.850233942470656 4436
105 1.1128325451864398 8.606960959768458 3113
106 -0.0221337412422329 5.270991059821419 1179
107 -1.6232781357123207 8.954669511279187 3143
108 0.8886443488735646 5.493441955047013 1042
109 -2.4972270989070036 6.307575855507164 2275
110 3.0454027501401164 3.7927948800948643 2969
111 2.805891985744578 8.215795914272654 3275
112 0.46390135702951985 13.683649764318373 3214
113 3.4945195148432884 7.033631906982178 1279
114 1.3260583705884426 4.105025713962777 4118
115 0.4102727504097584 3.9964214497783206 4590
116 5.24695195145703 6.089131750661898 1640
117 2.209138958434815 7.618186809878851 1550
118 -0.4312129638671989 7.05859693484959 4280
119 -0.4681649040358152 3.6941194945061393 3663
120 -0.41126045099455827 11.46042107391467 3666
121 -0.8021040570920411 9.015156001890523 3542
122 3.245666198338234 9.005057797243417 2139
123 4.603301382461972 11.29875679343092 2412
124 2.278657745129411 8.979309032968033 1360
125 7.035138292924194 7.508964108713188 4915
126 3.7131840300540815 6.0968395218712805 4456
127 0.7862400161751195 10.198812065871897 4147
128 -0.749415320526449 4.457934495069075 1466
129 0.04519833487378752 11.853721597260126 1110
130 5.867523595466029 7.770012379660686 3335
131 4.495384506836321 8.042075557871385 4899
132 -1.0769533706892336 9.866091956074632 1786
133 4.868225833291305 7.004525183293982 1898
134 4.140700344118544 8.565484358185204 4228
135 -2.0856089372799436 8.769618854667051 3615
136 0.9776744174452496 12.873212690774128 2593
137 0.09528868599512547 3.7423209787782477 3135
138 0.7006670484570026 5.16058141519749 4651
139 0.6745360291218384 8.924804051216567 4050
140 -1.0262936453175682 8.537963955260606 4623
141 3.817616806193464 10.063222967872898 4257
142 -0.48481657970175285 10.205288907904915 2265
143 1.1614812246103217 5.413319553662007 3045
144 6.63808047985396 5.99655381484631 4921
145 0.16070331817378786 7.378987931434886 3250
146 -3.384207596123396 9.961669810628983 2349
147 -1.793417630131007 7.227391185460073 2193
148 -1.6467886263051594 12.981880777131508 2164
149 -1.107446285173753 8.983969786530917 1500
150 -3.0986076604119552 9.875479011499639 1663
151 -0.5213697553483778 8.463943181911565 4057
152 -1.6623503939599988 7.029281604653997 4734
153 2.4968244645841504 9.998769876290176 3153
154 -3.8317682114065663 8.812535207041588 4406
155 0.13539557129814503 4.606762981833285 4250
156 -2.150858016109032 6.050831828220791 4600
157 3.804173236769045 7.965093963066781 1001
158 -2.341276647935197 7.305295510892009 2105
159 -2.8688860347609064 8.265666197496962 2228
160 -0.8987129362675162 10.83236613532614 1976
161 7.4434506100773135 10.040393100234681 3620
162 2.2340320288266886 7.115348887702933 3438
163 2.980549552171592 8.770701735083481 4542
164 -1.7775284454561011 10.186922453375484 3812
165 -0.09221626535997637 13.079091494882594 3230
166 -0.17010996941673895 6.701288738425145 2268
167 1.8834036938521868 8.915723870293878 3228
168 -1.1287877956118528 9.6953880224773 3695
169 0.8065792507936175 9.188675185404705 3031
170 -1.2629051608286213 8.072211298406678 1682
171 -1.0117242556850161 7.01530938299648 3560
172 3.7478447460136737 9.0801669547572 3802
173 0.5785684984466924 12.457076165144114 2800
174 -2.5015161016740994 5.085269114858519 1910
175 0.5580334479190298 6.572595086410906 1006
176 1.5724454241594967 4.612024229145112 2518
177 4.735041611149444 8.762734848989785 1160
178 4.031584188568604 7.059376070879736 1970
179 -2.8581913603092493 8.017164533557288 1201
180 2.668731622927776 4.245796667207067 2738
181 -0.05955435701868472 6.470394112565074 1373
182 1.5836909712918086 9.675831935433973 1485
183 -4.972437456345888 8.926480122643785 2968
184 1.773782859440712 3.983729038213463 1203
185 0.587879644565705 3.1859114381651477 4395
186 0.8893794263310469 11.112390717716222 4409
187 2.910800322037015 10.060079826811542 3384
188 -1.539999602249141 6.034050263608443 4734
189 2.123055580891624 7.2781522411221236 1199
190 -0.47901284912990094 7.381405600972427 2985
191 1.933546437141369 5.812832373741919 2977
192 5.534278191620995 6.581827690605363 1527
193 3.321557818593825 5.581674569192994 2518
194 1.3167895137760273 9.413277743174094 4317
195 -0.08767193638104337 7.483654927069757 4707
196 1.7703683266401746 7.836060205797159 3199
197 0.29206098424174426 9.578295518665145 1789
198 -0.9913204807758399 7.841018756513523 2948
199 4.462230003977155 7.3867136192887655 4858
endpoint1 endpoint2
69 126
32 54
44 128
139 168
53 188
112 173
7 135
72 149
1 143
90 104
95 187
35 179
33 92
96 132
81 141
62 100
124 172
15 182
163 194
46 48
98 124
72 140
18 111
71 97
25 88
175 181
45 141
18 122
10 175
8 41
78 193
19 76
4 52
83 85
72 89
87 126
44 174
141 163
59 82
54 197
28 142
111 167
49 109
74 162
101 137
75 171
108 155
139 197
84 97
146 164
58 66
14 91
115 143
96 107
42 174
71 94
40 158
71 138
29 195
107 152
128 137
92 167
18 62
10 86
6 16
18 117
39 188
86 166
69 73
24 158
100 124
62 143
65 121
70 168
3 180
146 154
17 34
144 192
34 108
94 101
66 98
34 143
18 41
4 31
53 76
117 178
15 175
188 198
167 169
14 75
12 168
57 60
38 196
21 27
111 153
21 129
105 117
106 108
95 186
101 110
44 82
99 114
25 123
65 105
40 48
169 198
16 113
32 65
29 145
0 186
15 162
42 74
74 145
104 107
132 142
182 197
55 73
186 197
9 56
36 107
5 131
68 93
86 117
2 189
103 160
151 170
52 56
85 86
154 183
175 190
39 109
40 149
54 145
162 193
143 191
16 126
87 163
6 89
166 170
103 120
140 171
76 176
115 119
41 134
85 114
45 182
62 108
139 196
60 145
48 164
79 84
173 186
40 74
3 94
75 128
129 165
102 153
157 172
158 159
90 132
98 172
81 172
135 170
84 178
118 156
140 168
7 20
96 150
21 89
103 142
22 89
102 104
79 187
19 73
76 181
133 177
18 67
138 166
151 197
2 180
90 159
50 198
157 162
21 48
36 120
37 118
39 106
63 129
27 32
1 152
96 160
39 53
95 103
72 194
170 179
21 194
40 181
145 190
92 117
4 76
130 131
11 33
60 155
26 170
88 161
55 108
106 119
2 14
66 187
50 190
163 177
26 51
154 179
178 192
35 49
18 131
58 123
111 162
61 83
189 191
78 199
56 196
10 184
41 196
27 136
43 175
14 41
31 117
63 160
76 118
7 105
3 143
69 176
50 142
26 118
155 185
5 88
73 138
100 151
96 170
31 98
19 77
63 148
13 21
46 189
18 23
87 133
41 98
127 132
6 65
90 195
116 178
113 162
189 196
40 147
125 130
138 155
8 103
176 180
64 68
50 105
38 145
19 87
26 140
8 122
147 171
80 167
1 85
140 151
27 129
24 61
16 99
67 97
85 137
110 193
46 58
92 187
49 151
107 151
19 97
20 36
65 139
86 106
121 170
30 44
80 145
37 95
28 36
127 167
30 35
55 60
47 131
62 195
10 56
111 199
47 178
100 194
94 185
68 180
14 87
