nnodes nedges type
300 2000 graph
nodename posx posy weight
0 8.177240586324201 4.934398937887041 18
1 7.078296227058336 3.4687713147999353 18
2 9.559873154074745 5.17571345130397 21
3 8.786719564874712 4.226882960807987 65
4 7.36388707983715 3.5826146096198777 68
5 7.078727355144422 6.494164056760826 77
6 7.12831185792321 3.9185999354161827 67
7 7.6492312245086795 3.9370436758634453 7
8 9.592378191958874 5.831739140721617 35
9 8.931048816960672 3.536622235542615 10
10 7.68845467932191 6.273959125176513 57
11 7.475438459087992 6.625863489701228 79
12 7.362284422658081 4.4503671143605885 33
13 9.019805957692178 3.3140249731331166 58
14 8.466052199022224 3.539225778923046 94
15 9.11291938140096 3.5136757866247224 63
16 8.976255616961899 4.053128689860444 94
17 8.290780713361276 6.059190068121489 77
18 7.817499986070887 6.978704339952093 95
19 8.300494764433045 3.9009934064938525 21
20 7.229709736631746 6.241430876957217 3
21 6.25765236676409 5.163564658404547 58
22 6.226418115349639 4.947528260818253 91
23 8.516213661655762 5.123065962613169 30
24 8.410876676344143 4.818921706122654 22
25 8.120261277646534 5.7453360869107435 49
26 6.726840551034535 6.640490525584231 61
27 7.038124163642456 5.499000247482111 38
28 9.6177784790353 3.884864767217597 52
29 8.783253646255044 4.550424733850589 50
30 8.293900967203369 5.420705932849522 66
31 8.380910535426962 4.221794702399478 78
32 8.60485699663535 4.1292064463313745 96
33 8.710449758153867 6.885050236173534 57
34 8.499191575487266 6.154955507787813 10
35 8.284034007011552 6.146232624218339 75
36 7.076904527471596 6.702139425545211 19
37 8.734400222203735 3.5881016941461805 75
38 8.833975209579634 3.7702055099442813 88
39 9.336527480310108 4.272322540720432 96
40 8.040992686602253 3.73593631519023 53
41 9.256255305403535 5.494643066459287 45
42 8.990501802347117 5.303465842755684 29
43 9.624182968115642 3.374212945469311 77
44 9.116532547700249 6.337434573784574 72
45 6.865662152063758 5.097259692767672 45
46 8.72104410523587 5.0021006472556255 17
47 9.057623562476273 4.620053636882707 98
48 6.127838490623536 4.199080888662776 78
49 6.16864284965793 5.524598878097121 51
50 8.889874908982025 4.939213263451586 80
51 9.199815038430016 4.252342418713705 93
52 8.769109211215845 3.1593025185730146 6
53 8.944367583524393 5.891164031005294 95
54 10.071525997806576 5.362428214917218 11
55 7.518467386446336 4.801811966086598 36
56 6.605198315363496 4.0397202486018475 26
57 7.905122171606727 6.500389048159326 49
58 8.007845182961539 3.4025685477956347 4
59 8.593806265755797 4.524781207280485 49
60 9.495283062086452 4.4845012447477535 22
61 7.404969128247908 3.8146325355518114 2
62 10.120313996567507 4.992635701002604 76
63 7.4911118933163205 2.9748084700299273 95
64 9.417331198331109 4.668879115781413 83
65 9.640257084065736 5.116611204632976 19
66 9.327945420520985 6.994595203640745 26
67 7.244722591857585 3.65608116158714 3
68 7.849062036008043 6.018711101361338 14
69 8.547867105064253 5.8159654285062725 44
70 8.772073781364096 3.471020751548373 62
71 8.127329490529343 3.4295227464306204 14
72 6.984094158446092 6.4306450652441836 1
73 6.641364015427157 4.6222492309901435 67
74 6.648268620004059 3.9810563235837333 73
75 7.501788435380852 4.916624362778442 31
76 9.070566607301144 4.840499844701415 26
77 10.345248898284677 5.804361585198335 5
78 6.876153837889964 4.041334112021924 43
79 9.80801728375422 3.6197949965214677 8
80 9.352439782152187 6.135622336078889 31
81 8.1101760358575 6.359394490439791 16
82 6.803117974366513 5.929782129389671 17
83 9.599735306521982 6.334959131259728 30
84 8.672581958620526 5.326372704322223 92
85 9.449998446258602 5.814373689890612 72
86 8.718169099052764 3.3391985784338774 10
87 8.278950745825586 4.0379359681761775 57
88 7.932694449005389 4.4015991272610595 45
89 8.428382365655434 7.172605321188337 3
90 7.6140792623843865 5.1729190338753614 8
91 8.489425241691295 4.751773370583019 66
92 7.26085186538942 5.350641095315654 22
93 9.80034642930232 4.100547203440157 24
94 7.818420977797463 6.604987303437823 18
95 8.807685296698375 6.098020919274722 4
96 6.52919259817133 4.701920963897692 27
97 7.632941670760667 6.684849034046709 99
98 9.208945794694266 6.67297322766755 76
99 9.531632572365506 4.317086288055564 85
100 9.953008722079334 5.101229126747684 90
101 9.80132114250972 6.019633893998296 44
102 7.443176321975282 5.637956961276236 94
103 7.536547307727556 4.5891408501344255 26
104 7.5182975121876945 4.218039437362071 52
105 6.233068512043849 5.363276686684237 57
106 8.308261250559733 6.448528873283881 19
107 7.798838493763254 5.0082668624331275 33
108 10.04222103322394 4.570835508199599 8
109 7.931020640618925 5.703445659135807 63
110 7.384118578768504 4.696600897654191 53
111 7.068556668235419 6.205194369803225 41
112 7.310498747201133 6.489531682753565 92
113 8.972214680833115 5.9588149924504785 25
114 8.602662300054577 3.2253065379869876 31
115 7.9168102764671175 4.277541754420325 94
116 9.787467075160306 3.998023551695459 30
117 9.195126538500734 6.410577747657142 53
118 8.890106160255463 3.667164913786877 58
119 7.336346285109346 6.86503864408176 50
120 6.704089534071795 6.136210979298803 53
121 7.208180590477352 5.67090774502084 15
122 10.440571934577685 5.174666404240451 1
123 7.3266391093908405 5.194789487636939 37
124 9.682701455470957 5.564915426677081 69
125 7.00140945713202 5.0248622790620034 3
126 8.763120856512142 6.530290913612786 64
127 9.610057612476913 6.530732150259047 30
128 8.68612226547094 3.9362345037151933 52
129 9.197613447972879 3.8505821727406424 82
130 9.36540641454138 3.9906136840944066 60
131 8.037358171913075 5.462622345427366 91
132 8.743445947564199 6.682215949110125 26
133 9.978310858354101 3.932688912997229 23
134 7.850984241732601 4.527732630466403 10
135 8.057098847738967 4.874376374112682 66
136 8.847364772562846 4.379453825987183 82
137 8.327187601766632 5.642745875055421 17
138 7.125831290462705 5.901587118117848 66
139 9.531366941017488 5.332281721844262 97
140 9.8699348625079 5.589023565294223 100
141 9.169003609000622 4.0989811382216175 89
142 9.816769302556564 5.931834415330783 50
143 7.2729743796093675 5.041407394773112 27
144 8.251858208940469 3.8128690102105054 83
145 9.217104814790579 4.80869169751215 68
146 6.535309553405954 4.403090077654204 2
147 8.224485988409912 3.561241864556091 100
148 9.372760848034433 3.4483069729736715 94
149 7.107824409742364 4.242125396392761 14
150 9.264766730406937 5.677853481275719 45
151 9.791182503843801 4.888212464141936 80
152 9.197649800763989 5.910061371017717 79
153 9.411041726606632 3.7720133578849646 9
154 7.507155687558609 6.5105576710680975 47
155 7.748704994437982 3.3876285952414023 76
156 7.365529344399012 5.4240691524299 3
157 8.140414165253429 6.867044778983568 22
158 9.482529519693443 4.174562864786024 49
159 9.432656730323762 6.035875833467936 34
160 9.037096204319006 4.49990588610648 49
161 9.323939986643504 4.481502232337293 66
162 8.553492158881143 5.465717101661912 17
163 6.695942441430809 5.551843432847951 58
164 8.006177027636008 6.860079657458617 95
165 9.12968623892085 4.923521613631949 32
166 7.184780155392179 4.198564939504864 10
167 6.76700357551097 5.714325970039434 39
168 9.27036884933195 6.318308761353675 96
169 7.207924648247411 4.65542457305606 73
170 7.554670250055505 3.992636522150808 4
171 8.80064861693686 5.380867744743826 45
172 6.64306267806399 5.82396770849035 9
173 9.343937494989044 6.218273465661826 80
174 8.623841367365063 5.710690182669104 52
175 7.022948124019815 4.730166135440335 74
176 7.672811764917529 6.448968171940534 19
177 9.088732459287122 5.3964351950748775 72
178 8.989684755283944 6.922043726527201 26
179 7.343871128358173 6.248203678842796 74
180 8.110989031027723 5.324674502553219 50
181 8.978855390150613 5.576783388990959 22
182 8.412734327675777 3.259981735710602 37
183 7.362801758969866 4.030396074830045 71
184 6.463763623146396 5.88476769570278 46
185 7.6661240232005445 5.718671297657531 56
186 7.702284221208892 6.983240731011883 90
187 8.324701452872542 6.6203521722805005 78
188 8.154853719141425 2.787285810141783 40
189 8.686409761517492 6.22222290758324 25
190 7.916025560701327 5.43652365342488 79
191 7.252610616340126 3.0927115965788117 17
192 9.596116976626954 4.661036229861196 86
193 9.14423561770759 5.786731163552924 82
194 7.833980380922611 4.100113751299433 76
195 6.787794094401392 4.447393005455856 45
196 8.730652094448105 5.889728896502895 3
197 7.445356033514842 3.2552159335044926 53
198 9.550848624565916 4.782368557854043 49
199 7.46898348969546 6.114138487778255 65
200 7.743475864016998 3.6257126676119595 95
201 8.35595400155197 5.116988631929359 38
202 7.973138869798564 3.603952206399651 99
203 6.973095527860615 3.724437926830646 2
204 6.86430143863161 3.933031911445868 72
205 6.810843144596265 5.3901482435228525 39
206 8.078295978439666 4.276860494145983 56
207 9.48592924212549 5.003806317176309 5
208 6.728306463274359 3.871344433743801 88
209 6.420118087700106 6.120668145884146 77
210 9.64830375231042 5.358332394113916 41
211 9.224841945830118 3.65869264503635 70
212 6.950546980679024 4.799794033688194 55
213 6.378194376413873 5.630970636990207 54
214 7.066749889033487 5.6736947677080085 63
215 8.024120517344137 5.137881116845524 55
216 7.992452592005073 4.534291409401932 66
217 6.590926665680177 4.863303829594209 96
218 8.844835792224485 6.239445995465621 88
219 8.159261744422155 5.957722928526916 58
220 8.216606471202867 5.324458641762447 94
221 6.3193169625151535 5.060039659281129 29
222 6.823739598413092 4.627695976800111 9
223 9.00734175911823 6.479142983543963 57
224 7.982706910201608 3.097473889590176 82
225 8.047545518338996 6.488741604056495 52
226 9.054232532329692 3.7726979854531466 33
227 7.683532412984734 3.81383931726884 29
228 6.453424212981747 4.866066673874738 96
229 8.58761006669142 3.0196494518713397 98
230 6.557539466158087 5.5815570529791545 5
231 8.862410821998637 5.284603581071184 76
232 7.376592673679412 5.877904715689118 41
233 7.601604578332329 3.575285851308749 18
234 8.193961205908119 4.60232068173565 15
235 8.738112500850786 6.746135126057162 23
236 7.228063168774735 3.856873360551577 26
237 6.695751659955646 5.100841937838268 37
238 8.43890897431036 6.552766783499196 39
239 8.448616120057165 6.029855832295066 25
240 8.21775016616798 4.510593014055834 78
241 6.846830786210878 4.770559603025303 57
242 9.207585043913335 3.0761588765222228 52
243 6.675730037975702 6.268460982164268 14
244 8.616813334574749 4.657310071872998 37
245 6.826929132543281 6.039879605346654 34
246 7.688726563922794 5.079935505740778 89
247 7.850151659895394 6.3081569861357965 97
248 7.823865071908351 3.846460792825634 52
249 7.068318130541504 4.533383255976711 88
250 9.607488038148407 6.182380746577092 87
251 9.824191187530785 4.4517601057985585 59
252 9.989701313457 5.865460029391529 12
253 6.5715793392753765 4.232145548514932 35
254 10.30284954171904 4.465438891476483 38
255 8.585908515604366 4.364812430530022 39
256 9.522585730298223 6.698388716441085 42
257 8.50442297372495 4.210516965508482 28
258 9.364542550237516 5.312019460012319 68
259 9.717796104281735 5.96409374479824 54
260 9.967188923685631 4.919979918873731 13
261 7.799540366200544 5.70862487430147 18
262 10.211369999998071 4.902886985479763 23
263 8.558230565096336 6.834301535958761 74
264 6.426023226786735 4.4387728288008566 55
265 7.717009474302312 3.1812077651724366 65
266 6.92153898053145 6.190215274610531 56
267 10.111642747711388 6.232625620193563 36
268 10.001769516410297 4.232462260430592 81
269 9.745669365422613 4.734615478631978 53
270 6.7347056486959564 5.234199493453783 32
271 7.258033978548024 4.460676550142504 67
272 8.866016135958924 6.528685531958784 68
273 7.354237315799052 6.0682989775433995 60
274 7.030287980006119 5.26939000824647 56
275 6.964183472294034 3.558135486401802 80
276 10.154914792703789 5.626834789407459 50
277 8.372362383227353 3.5982863794968925 6
278 7.952347438095225 6.103852414362998 82
279 7.50204566780359 5.383064932033554 86
280 7.974586105020172 4.6860024483203615 14
281 10.084766599527136 4.125351119327537 2
282 7.703877620173218 5.501312989994728 71
283 8.572740505374634 6.373279454482431 66
284 9.964667577999316 4.404884005262296 29
285 8.306172733019476 6.857267723455609 30
286 9.299069399946994 5.256223592794243 99
287 6.561468048115136 5.358679359329737 86
288 8.515073467225392 3.666291746325553 94
289 7.889528400226625 6.7929052368206815 46
290 6.971523258978127 4.312106378116982 80
291 7.409869603816527 3.4318777849369244 77
292 9.971393874289513 5.237638195331583 16
293 7.721706291647793 4.747651719901483 36
294 8.177947953990213 3.1573003068358303 56
295 7.450595872112287 5.783152750094337 41
296 8.058080910160214 3.998550723674885 69
297 9.809105822288636 5.342908739313166 22
298 9.526584065702727 3.8426659284269835 33
299 8.326060088323377 3.27980418707411 15
endpoint1 endpoint2
72 205
18 121
23 183
214 232
34 153
218 231
92 135
131 187
25 279
227 258
31 292
16 190
19 91
55 247
202 204
95 283
155 222
193 263
71 290
37 158
84 95
66 245
68 241
216 282
34 289
92 239
148 297
96 234
169 228
190 249
192 200
146 204
95 243
8 181
160 171
137 173
84 247
35 96
0 14
42 210
112 295
63 114
11 72
67 288
34 171
2 64
131 169
27 72
172 221
196 286
106 156
24 28
189 297
233 279
258 280
85 89
32 91
2 168
183 214
23 194
194 246
129 299
37 87
202 291
6 265
7 149
174 197
106 135
15 117
46 259
13 63
180 219
218 274
55 115
183 190
111 150
44 224
138 166
33 68
93 226
115 141
80 89
123 221
12 72
239 244
95 238
173 219
197 213
13 56
39 146
283 286
158 292
159 190
90 102
109 149
1 52
93 251
4 7
25 190
154 295
7 139
210 277
12 214
105 138
44 214
87 159
151 276
62 284
7 115
7 128
264 290
31 179
34 62
35 180
36 219
40 201
135 145
164 170
189 190
209 221
14 59
53 100
145 259
1 6
25 136
7 104
122 242
150 239
82 241
52 83
34 57
225 287
101 127
176 266
140 219
0 248
24 238
209 214
163 283
18 65
94 127
206 270
117 262
81 218
7 299
30 45
160 220
107 240
142 273
126 225
4 274
208 227
233 253
106 117
15 264
162 236
43 51
207 218
138 264
105 270
54 108
92 215
2 158
37 295
96 146
217 296
75 134
57 220
6 146
136 258
9 65
102 230
126 232
130 288
204 287
134 246
236 290
165 223
23 156
64 83
22 92
102 270
9 74
29 151
11 225
160 234
16 244
180 229
72 273
38 207
140 192
90 278
24 195
27 235
9 145
126 139
57 238
129 198
11 230
53 282
147 294
114 143
186 256
23 61
43 137
140 255
54 267
110 163
164 245
168 240
24 202
188 277
81 181
29 248
126 178
220 280
132 231
80 176
9 116
160 248
180 235
229 284
147 156
183 255
168 247
47 234
143 200
57 143
98 174
25 259
83 117
30 225
220 279
34 111
161 298
271 293
114 129
41 231
205 214
118 258
68 133
73 214
145 254
42 142
70 133
99 269
10 237
71 158
278 284
7 200
86 116
69 282
75 114
115 171
42 137
152 276
27 247
35 279
128 216
237 282
75 195
74 243
56 240
95 140
81 152
64 293
119 175
176 244
177 250
38 147
257 277
105 163
107 195
107 278
16 215
111 125
258 268
25 47
4 37
25 216
44 140
279 296
6 293
154 178
27 125
29 220
126 174
39 233
150 281
85 86
13 100
92 232
2 215
146 186
59 298
166 185
8 39
52 251
73 90
274 278
57 171
99 288
79 84
84 129
252 258
17 56
53 223
19 99
130 162
41 178
79 197
67 88
31 102
86 153
179 220
181 192
1 183
112 201
111 131
165 262
147 193
113 174
169 236
170 226
95 106
25 170
100 103
45 215
121 222
30 181
99 252
8 189
29 174
53 216
130 189
60 241
139 169
71 275
48 237
146 172
47 156
69 143
288 293
55 172
252 272
18 184
103 241
164 190
205 236
44 225
51 177
87 136
180 286
71 82
146 167
76 159
8 220
119 283
121 232
129 291
202 299
57 190
57 267
131 150
61 73
52 71
15 125
0 101
221 259
40 220
64 194
137 199
157 209
144 170
20 223
21 215
169 182
60 118
230 247
231 255
52 296
145 272
2 187
116 269
28 158
11 126
13 281
150 210
100 227
28 269
203 234
76 116
107 157
144 161
134 154
248 277
140 181
92 203
2 178
77 281
23 232
224 253
242 244
153 183
82 247
199 230
54 186
246 263
138 193
50 95
251 255
194 219
50 129
5 17
40 177
65 258
49 72
252 254
55 86
113 235
248 291
46 218
11 20
122 139
140 171
163 282
73 152
74 163
76 131
244 268
46 69
102 285
12 109
93 118
130 224
132 268
61 222
89 218
109 231
248 298
49 271
215 293
17 119
19 42
6 147
10 94
19 155
204 280
62 223
137 228
29 270
122 157
215 290
70 158
145 162
74 280
95 162
4 227
244 274
134 273
46 87
92 273
100 142
157 278
66 157
112 264
3 75
115 261
25 250
47 231
67 166
256 279
98 157
99 281
81 179
244 281
46 94
104 161
195 266
164 272
66 101
179 245
180 237
127 235
37 255
25 82
28 88
32 155
69 191
92 189
148 255
96 184
35 240
5 126
245 271
135 288
87 107
16 227
17 235
54 144
61 226
82 92
283 296
107 108
90 172
109 203
165 201
3 185
115 275
10 272
212 225
141 283
142 219
0 262
36 55
52 224
22 102
192 285
177 207
213 275
53 250
75 165
31 141
108 171
19 183
211 265
109 196
163 234
79 262
190 202
21 121
46 115
29 201
196 292
124 201
71 153
201 202
55 227
202 216
96 293
5 96
78 245
154 208
10 125
103 215
179 277
161 255
59 85
65 142
14 65
144 224
147 173
10 258
49 293
32 160
52 246
35 278
16 42
227 287
95 284
51 295
31 115
19 197
21 169
63 249
155 261
63 78
230 287
47 128
213 232
214 238
29 42
53 164
56 248
119 167
123 160
13 129
150 175
133 173
137 279
84 234
30 106
89 225
135 206
68 243
18 110
145 299
109 175
8 40
190 255
230 278
30 179
94 172
20 282
10 135
102 220
174 185
238 289
26 263
135 182
239 258
0 191
93 238
5 162
98 260
99 110
84 282
16 31
215 234
35 269
34 169
20 289
99 255
12 43
106 154
95 267
6 82
135 175
139 168
90 227
35 107
3 114
68 225
80 100
23 273
121 230
11 67
68 112
214 243
77 254
117 295
27 67
100 254
264 271
36 168
21 279
139 161
39 151
187 189
209 232
62 129
87 139
90 157
72 235
184 271
195 231
141 298
55 275
57 189
11 201
105 246
21 272
79 211
137 198
24 294
134 160
120 143
46 198
205 298
80 82
281 298
32 218
113 289
131 158
6 180
174 213
160 201
51 87
15 69
36 222
110 264
222 236
29 297
161 174
162 276
162 193
42 180
231 247
73 288
1 3
111 279
224 271
116 194
67 286
160 262
70 194
185 258
27 86
61 203
137 240
138 206
232 253
233 241
15 260
91 162
55 88
3 110
133 260
33 109
158 276
145 190
119 225
217 220
92 261
55 179
59 180
167 175
95 199
38 216
4 277
253 274
180 185
152 293
64 71
147 234
167 215
116 283
71 198
255 293
75 131
57 217
94 125
6 153
7 240
12 253
13 201
14 233
89 168
55 57
137 226
76 292
42 161
37 293
170 269
34 214
55 129
23 41
79 188
118 292
88 172
21 243
22 227
97 162
24 265
226 262
173 269
120 178
53 125
128 231
54 101
76 178
50 286
12 28
53 238
128 150
59 219
80 196
13 251
161 261
134 239
45 117
108 257
15 215
97 187
44 66
257 271
131 232
132 250
62 127
17 241
37 254
38 196
39 206
81 92
61 232
157 159
140 249
107 118
90 287
1 200
273 280
20 137
118 161
69 190
99 257
171 252
153 294
171 297
46 102
104 169
30 252
106 270
127 258
168 272
132 225
7 265
135 291
83 223
10 72
106 196
31 135
179 253
185 230
205 219
39 84
24 286
115 274
187 250
10 273
247 273
120 199
212 226
26 106
249 296
104 144
16 76
126 187
105 183
127 152
19 182
21 166
205 212
25 35
3 161
169 246
23 162
226 298
209 290
29 87
141 275
57 150
6 228
83 124
46 112
232 279
123 149
124 285
58 255
135 273
30 121
144 295
46 153
32 50
68 142
70 99
143 171
93 130
3 166
44 151
72 88
149 188
121 186
13 135
89 289
221 239
76 92
61 155
7 195
16 260
91 114
181 252
92 124
130 276
42 239
61 268
88 150
159 222
143 176
113 178
59 279
51 196
72 95
2 77
99 240
171 216
101 220
102 218
16 177
41 261
24 128
166 191
23 258
170 249
189 246
79 284
11 84
47 136
50 233
32 191
288 297
73 88
76 195
25 285
153 267
29 211
200 234
137 287
155 168
156 218
34 113
80 292
43 229
85 93
216 228
180 266
147 195
113 172
131 285
166 182
168 220
117 231
193 244
51 210
75 232
20 290
166 257
60 284
171 259
123 177
30 202
196 214
203 249
135 174
66 83
15 158
17 192
19 219
3 117
39 292
26 190
134 183
229 251
105 293
147 200
183 211
23 223
244 291
9 175
32 205
16 23
92 290
55 277
156 185
12 35
33 162
109 119
113 124
46 262
108 254
19 224
175 280
91 207
194 204
195 230
141 297
2 81
8 173
27 91
84 152
252 297
0 103
20 106
78 288
225 265
181 217
111 152
45 175
80 83
10 297
194 199
30 172
215 240
4 145
154 159
231 272
19 129
222 237
208 241
30 78
103 225
17 171
0 237
206 218
85 113
51 129
74 191
170 196
99 141
72 105
36 119
106 255
272 293
83 165
20 239
138 261
215 273
163 170
4 240
98 247
98 288
95 198
149 244
101 235
289 292
41 158
49 78
103 279
50 84
20 246
115 253
8 107
47 202
32 113
53 106
74 161
166 204
98 142
131 244
64 177
110 290
185 201
203 294
38 208
134 242
228 233
65 281
18 36
113 226
46 227
102 266
68 91
124 168
220 270
64 136
10 92
104 196
107 234
89 176
200 290
17 151
40 48
25 247
120 179
32 143
163 266
81 184
102 269
176 212
106 285
34 238
38 260
77 140
61 125
121 261
34 65
114 147
50 65
162 253
24 273
47 284
0 266
143 199
183 283
94 196
96 163
81 260
134 270
45 278
68 73
70 294
164 274
19 58
64 134
123 126
132 138
207 269
44 276
138 234
140 250
88 187
93 182
97 179
0 257
152 252
7 70
134 257
192 280
126 177
201 222
61 143
156 248
31 134
39 269
78 280
25 89
52 226
70 129
163 289
141 281
223 283
98 173
199 290
2 16
149 282
132 233
61 136
182 233
46 151
90 181
147 166
165 240
39 76
115 167
97 205
4 50
26 195
79 256
32 171
54 70
1 74
146 274
260 286
11 177
177 198
50 259
75 265
12 144
97 280
65 140
46 158
88 144
70 96
93 129
25 212
8 60
192 254
51 254
234 290
56 296
2 115
76 206
8 139
101 210
232 287
221 291
102 179
110 211
36 261
59 108
44 248
45 81
194 291
14 78
180 261
72 241
98 199
194 233
214 236
141 260
217 243
70 234
260 268
153 206
25 283
130 166
5 80
182 242
55 96
280 299
211 286
32 65
91 251
28 181
69 154
251 292
146 200
59 156
101 196
124 208
53 220
54 218
238 295
112 125
156 219
76 277
96 118
60 100
8 66
62 149
67 234
216 229
90 137
73 266
1 37
151 268
30 269
215 228
151 182
156 163
84 139
124 239
16 160
108 113
80 141
21 194
190 284
118 151
121 228
29 51
28 139
8 167
198 238
19 114
114 268
80 132
144 182
162 256
44 220
120 138
230 243
18 89
184 273
94 244
116 257
117 232
9 215
27 173
121 237
28 130
32 197
33 186
246 264
14 130
76 258
39 142
3 98
44 219
247 299
229 236
158 296
145 194
219 266
128 181
93 104
64 274
105 253
142 256
130 133
63 188
29 295
125 296
20 225
3 107
43 192
262 281
45 167
151 272
123 239
55 180
130 237
105 230
198 211
126 251
240 272
225 282
83 164
13 38
144 155
39 188
115 298
8 101
14 63
126 256
109 131
165 177
43 86
123 228
17 122
217 290
71 203
53 145
95 193
101 234
231 257
13 206
179 295
10 58
86 202
201 282
184 190
210 216
142 251
93 194
244 271
120 277
121 137
195 197
36 102
130 255
136 287
84 189
249 250
36 245
225 276
47 210
141 244
94 219
87 279
220 271
78 149
38 200
15 200
115 202
116 177
27 278
49 261
46 90
160 292
54 234
89 184
127 239
18 132
19 165
0 82
68 148
269 277
236 277
148 268
39 160
24 199
7 59
9 149
14 27
1 102
22 107
260 290
99 282
6 241
30 251
71 175
127 263
55 145
136 255
11 282
175 253
107 219
180 232
0 41
58 294
133 222
61 230
83 274
135 238
40 63
42 152
48 175
47 233
51 234
0 258
57 138
223 285
121 165
58 235
42 97
5 123
154 205
121 278
144 299
42 240
118 271
69 276
91 158
38 76
49 243
198 262
54 76
171 247
33 138
24 62
150 153
189 263
160 243
181 232
41 272
43 251
135 220
122 262
103 296
91 288
109 193
188 253
226 296
84 257
47 298
56 237
4 194
101 168
56 92
201 207
100 173
83 239
125 163
35 112
20 49
38 239
59 86
97 287
185 246
48 197
211 275
66 252
159 211
115 175
99 124
118 136
50 245
69 151
270 296
75 199
166 274
152 210
51 110
16 188
35 232
77 168
150 171
45 63
67 110
1 185
112 223
110 208
24 187
211 229
194 288
70 88
60 264
84 134
156 174
31 212
35 145
60 255
150 162
261 298
71 281
112 214
111 134
19 207
41 267
45 73
84 286
129 135
75 245
4 191
28 293
178 259
19 103
156 212
12 190
180 210
17 205
21 184
44 239
65 150
229 293
33 77
23 192
60 286
29 170
126 220
18 189
201 235
60 141
223 244
79 206
55 113
60 124
24 144
230 249
163 176
74 128
111 261
171 176
215 252
36 68
57 185
20 299
224 236
103 156
196 258
35 132
200 282
64 207
31 80
115 227
85 109
158 294
216 244
147 211
4 5
11 125
12 69
94 132
131 154
167 189
171 198
85 276
103 149
31 200
52 67
200 257
127 196
75 290
132 187
78 294
172 274
14 131
90 240
143 293
20 219
24 297
66 210
231 251
254 296
163 190
18 81
92 200
4 12
23 239
160 258
224 250
60 299
235 282
40 284
4 290
132 162
155 182
103 227
187 204
80 258
67 201
85 127
86 296
91 223
73 293
98 250
118 249
101 159
33 218
70 193
154 228
245 293
119 154
13 212
200 271
185 189
139 201
15 257
38 55
198 297
58 90
76 128
244 257
123 231
32 294
124 148
68 87
15 39
71 202
177 181
56 172
77 159
151 210
81 228
136 281
103 128
130 148
60 168
65 211
228 236
162 293
134 136
248 295
122 151
32 115
28 231
123 291
51 62
106 297
131 246
96 271
59 206
7 294
7 237
199 208
37 192
240 271
63 170
216 296
75 95
40 75
74 214
256 285
166 197
95 161
78 107
25 157
176 223
69 81
42 117
80 192
7 287
10 90
18 138
26 166
65 173
108 210
75 84
4 88
42 151
22 230
173 266
122 153
141 236
165 171
6 255
244 286
81 257
176 214
37 97
23 35
6 25
134 226
86 220
17 142
90 275
18 20
115 210
116 185
190 213
48 169
192 259
29 250
285 293
123 131
52 141
35 207
102 149
45 107
70 125
17 135
0 217
39 88
24 282
53 76
191 242
52 148
136 231
9 127
87 103
112 171
186 219
204 257
205 216
46 146
144 246
73 208
3 189
69 164
74 202
77 292
223 261
171 291
29 204
203 217
131 219
278 286
64 150
121 286
86 118
181 247
91 121
18 238
41 279
59 80
97 261
39 260
165 254
40 46
24 221
27 245
48 94
92 143
113 278
25 271
171 280
172 247
119 173
121 182
7 182
130 210
77 174
149 289
193 271
41 280
41 211
186 294
114 181
61 240
73 194
165 231
202 265
260 263
123 175
213 289
221 236
41 75
42 91
137 165
1 184
42 234
280 294
135 205
175 257
93 152
148 296
3 144
59 296
47 140
217 241
10 152
84 135
31 215
203 275
242 298
45 55
84 246
156 222
31 100
35 97
110 216
19 206
204 293
42 213
209 249
14 87
17 273
18 106
25 164
99 109
230 266
123 204
177 289
16 28
181 297
131 166
95 249
103 105
12 40
203 264
261 274
82 164
165 257
40 123
60 102
205 245
207 241
91 271
169 215
22 174
120 237
123 264
2 90
78 170
29 169
85 257
31 197
196 209
179 187
261 283
155 162
104 261
108 130
243 263
68 237
148 197
21 49
218 250
129 144
174 207
16 153
17 45
34 47
202 227
20 110
78 220
61 188
65 246
246 248
175 180
88 198
103 236
17 190
111 156
114 208
169 176
51 180
215 263
71 222
100 225
19 125
37 43
138 216
14 128
187 259
206 214
62 140
14 51
166 222
25 128
151 277
47 169
123 287
142 151
128 183
55 185
75 144
76 226
54 164
185 187
6 59
65 267
161 162
163 217
206 217
209 222
105 285
33 104
143 231
109 136
111 275
22 74
195 217
32 288
106 292
131 139
61 86
30 37
103 138
53 263
133 255
135 143
246 280
157 190
50 88
11 18
68 193
87 146
126 262
94 239
194 212
33 210
69 110
57 289
59 200
117 263
64 189
84 176
235 267
65 261
144 148
165 215
62 161
47 215
158 259
90 125
110 120
2 129
256 263
241 255
244 265
118 200
123 255
35 219
71 194
83 199
157 287
35 168
24 76
157 176
88 169
90 270
75 94
113 231
120 175
45 144
177 280
109 296
256 286
2 152
98 132
23 242
78 104
104 184
129 206
58 220
103 177
38 206
158 226
90 220
201 266
113 152
24 269
23 154
109 289
2 147
21 96
5 230
8 235
139 278
50 282
177 223
12 24
34 237
129 284
7 279
104 206
19 167
41 246
59 76
25 76
207 257
108 202
42 159
7 53
101 298
47 226
212 216
152 248
171 251
75 170
62 99
66 126
14 198
107 288
97 266
85 179
70 114
165 203
39 91
32 144
51 236
167 247
119 222
177 201
88 103
50 268
200 203
71 166
75 163
136 232
16 216
0 34
127 159
112 172
59 90
50 110
20 156
192 227
177 260
141 278
1 118
25 261
152 198
50 263
217 270
238 270
104 291
85 212
206 230
14 67
87 236
91 290
22 131
120 210
49 295
72 85
131 178
124 198
16 71
58 251
41 65
9 104
10 102
174 280
214 270
158 182
91 113
59 104
44 252
134 207
