nnodes nedges type
300 2000 graph
nodename posx posy weight
0 -9.797082438800354 2.0368319408852997 89
1 -9.091463844227409 -0.7132136881430682 38
2 -8.006633130516088 2.5007583445787387 35
3 -8.374877741254197 1.5290217704631635 52
4 -7.529028959567433 -0.7808038791794024 64
5 -10.603021743773564 0.12293895167536725 40
6 -8.87465643342361 2.025833780237095 71
7 -7.804564510843367 0.06523135023352464 85
8 -7.522631073514471 -0.2379867475848425 91
9 -7.796631007185337 1.0958916166618844 56
10 -8.309951008373046 -0.34129118439519995 88
11 -6.931883788810137 2.0044984539637 21
12 -9.10272092097868 0.21372053087070755 26
13 -8.566519635675796 0.48937093085266076 8
14 -8.990906154293805 1.4103612085265165 30
15 -9.339341939367158 1.7523174219923918 25
16 -9.569478713586037 -1.1881831866691805 20
17 -7.0830427428719185 1.3877335791468635 28
18 -7.88779305209394 -1.2940567985868152 72
19 -8.433752669308186 1.6569807588393626 85
20 -7.74672021982577 0.8396633264368496 60
21 -9.115809355605437 0.6379240421142571 31
22 -9.696545474348174 -0.42925601558577947 50
23 -9.45807040421308 1.5836675105590237 10
24 -9.13200212485901 0.415086477608105 51
25 -6.798669326318403 0.12210788789537745 59
26 -10.143372181104919 -0.129561633631111 57
27 -10.093833958069695 1.4295332513440229 61
28 -8.624227385905746 2.43189787039445 93
29 -9.433773460067993 0.7174163109450601 9
30 -10.376110645105381 1.1268953277155298 74
31 -8.238617587432158 0.6018010565542871 31
32 -8.537872114139402 -0.47275628739412906 78
33 -8.395419474097672 -0.5443801928089373 90
34 -10.060380871753958 -0.0728203116684589 68
35 -10.736009660093464 1.0016455013181775 7
36 -8.824920594020986 -1.5602144380954384 76
37 -9.854939303220213 1.7460911589906511 55
38 -8.68630845166385 -0.7132237564986283 26
39 -9.230267784202319 -0.7325532347377754 84
40 -10.03492597347293 1.0859586056330666 92
41 -8.39994470765705 0.5579616622859919 23
42 -8.267058610265074 -0.10662392630832628 90
43 -8.59745722267681 -1.309692746656057 4
44 -7.992520381897317 1.0287847228181843 74
45 -9.210707740695913 -0.9822539954548275 6
46 -7.504570089315528 1.132919560663479 21
47 -7.411378633204839 2.2429937800352193 82
48 -9.966603079032911 0.4739866454169921 61
49 -8.97340755917695 -0.8214624420403579 87
50 -8.940252523399476 -1.1280028116997085 14
51 -8.349813123286346 2.5807566049213126 43
52 -8.97831872284232 -0.1405025995056282 82
53 -6.7692040534380205 0.7223361394915484 54
54 -7.847155484232314 -0.6898365027784427 93
55 -7.63649083380548 1.7527485217985392 51
56 -9.201188343007086 2.538007834351732 56
57 -7.511823213170741 1.5882712520448192 23
58 -9.708083698818973 1.120803719503543 75
59 -9.609274145841619 1.5781696863161907 57
60 -9.95723772948324 0.13851737498825226 66
61 -10.34709530175973 1.6449778492933247 61
62 -9.203860714986385 -0.45074922169012477 73
63 -9.378536735094007 -1.188902242540529 31
64 -10.352464996579926 1.8950944241213694 13
65 -8.714456212975065 2.1707529562035868 44
66 -7.291554815650095 0.6357136444555633 67
67 -8.015635222059593 2.129646876617721 85
68 -8.972072482296007 0.8869123800120691 65
69 -8.493164140252073 0.32163378505921136 73
70 -7.049704236721372 0.5090834131742106 14
71 -9.451083817143823 -0.09469916237560794 87
72 -6.948769995848702 0.3866380646447564 21
73 -7.9106448970139835 0.2713355931854779 89
74 -10.752036624843731 0.8016173898858182 70
75 -8.72754742855382 1.5061428787373954 50
76 -10.520815262775356 0.2781253464211962 93
77 -8.833487070479796 -0.5866368787682289 1
78 -9.792000188170663 2.459137000599569 9
79 -8.420808481280151 -0.9669618885044686 34
80 -6.572179707853988 1.7461208974343516 56
81 -8.180873035586334 1.2597836214270646 78
82 -8.816917972850222 1.5843973458994127 21
83 -8.25262303439082 1.1960207159806844 71
84 -7.148210833763934 -1.032147161008824 45
85 -9.010557053936493 -1.2600034782107588 15
86 -8.746279621143602 1.1014619234836942 30
87 -6.791979124146785 1.0660876246775801 62
88 -7.2635135969893465 1.1166578873487147 25
89 -9.346127708553313 1.0583345114854832 5
90 -8.72264272486002 1.8298497931970608 88
91 -9.942738327692014 -0.8537968827452413 99
92 -10.371192318641775 1.5122476886477458 57
93 -7.493745524819502 -0.6255119669284842 48
94 -6.981427896052278 -0.4858411460352311 15
95 -8.473912903707062 2.655112832813935 31
96 -7.207777665807762 0.46818038247406163 35
97 -7.653061878564087 -0.07297214748423476 58
98 -9.436177720521576 0.5112604401237391 61
99 -8.962557244312658 0.18799231908691483 40
100 -8.803100655822096 0.6899254544210948 57
101 -9.264915124044274 1.559294204951681 57
102 -9.723766336849826 0.4903567080609739 26
103 -9.314421921754743 0.2595014309807304 19
104 -8.57240102949167 0.9292895056307512 93
105 -9.52737189335415 0.0753165235637285 16
106 -8.266617057739184 0.21295628471022188 36
107 -7.93368802861669 -1.32007677981498 72
108 -7.540111936620825 1.9737419702854218 74
109 -7.400900835861769 1.2235081563708017 75
110 -10.123917782093862 1.0015830212105692 63
111 -10.307293151278584 -0.4050262025427178 46
112 -7.0475439162930265 0.9108528406656421 57
113 -10.133737040164092 0.8659975760221916 6
114 -9.061897923967804 -0.42378665769849444 85
115 -8.062277982124225 0.5702469713863453 27
116 -8.281445738091803 1.4719554237371226 8
117 -7.50340019552542 0.916728054479428 54
118 -8.358541399959698 2.35007456967299 23
119 -7.0742955267360035 -0.2542116899465932 89
120 -10.1992907550901 0.07514761621611032 53
121 -6.816991245773437 0.8679624351502395 15
122 -6.91701765203717 1.7301615733808515 17
123 -9.501257989340806 -0.6626301260060333 47
124 -8.448722459293403 1.8541887897074867 90
125 -8.397029047700844 0.925875446803421 98
126 -8.200640221026037 1.0047068706969533 77
127 -8.327716953559113 0.8408340787960088 85
128 -8.120943815831987 -0.1274894777370942 55
129 -9.878447111711386 1.342771577926042 48
130 -8.543999584730395 -0.17341739830422617 39
131 -7.265677352123581 -0.08321378979243622 30
132 -6.52262190313409 0.8470724164255309 45
133 -9.421227906183633 -0.17087411427177665 8
134 -9.499669273592055 0.2403528274163723 52
135 -9.306944586537925 2.370216433938923 51
136 -8.675907384966598 2.2372166822717614 54
137 -7.081630149898468 0.6515928121152488 73
138 -7.925507910248848 2.0883628180737563 21
139 -7.226392395425087 0.33601312974996883 11
140 -8.956999432136646 -0.5900818512101809 92
141 -8.260241683142704 0.3918578811403086 65
142 -8.42464358065247 -1.2145818577213914 84
143 -8.660354153185516 1.1919919667200207 25
144 -9.072413988957582 1.5379294655955351 42
145 -7.3917633005587025 -0.05408228447997228 100
146 -10.38550172326588 0.08332754048038717 29
147 -8.745021926518353 -0.4276662249821861 21
148 -8.965115388053684 1.0879677675474513 53
149 -9.576186840849601 -0.32996228269499106 19
150 -7.491205777292709 -0.3478631355493006 57
151 -7.737323771884405 1.430862661499734 26
152 -7.8542402919348175 0.5296814729377487 86
153 -7.816924179606306 -0.8200470406087351 77
154 -9.859718518203 0.43503376641130903 50
155 -7.414808767494435 0.30972373100185313 13
156 -9.36951007537123 1.232174304810185 65
157 -9.428245819169755 -0.8550062521272701 30
158 -8.145336801044301 0.1449488707763014 23
159 -7.859555012837233 1.140403406622849 90
160 -8.651359027079083 -0.81707446773084 61
161 -9.850187561353037 -0.10330833629468625 95
162 -8.898941270077078 2.5977369931441645 57
163 -10.236401333238252 0.748793119850795 72
164 -9.359268124616483 0.8549515552572512 16
165 -9.215668924586728 -0.01709576219378399 88
166 -10.636427148392432 0.6191304783539815 38
167 -8.042174082544966 -0.39109830038283766 1
168 -8.904883130207345 2.154247806465105 89
169 -7.388912893112049 1.873500853014084 33
170 -7.529826163732926 -0.10912891133736716 74
171 -8.17606240729021 1.9799165753093575 63
172 -9.067537587443425 1.7534371198271466 32
173 -9.938469515602309 1.7641064863803633 9
174 -7.956457074976782 0.7821382167913877 7
175 -10.825952336701516 0.3033356343834284 42
176 -9.582383142858264 -0.6346090393961736 37
177 -10.593339195263951 1.1082245823996546 57
178 -8.06864358925983 -1.5301116314959067 26
179 -8.96061370231823 0.4515409080083636 98
180 -10.37915872288922 0.6126861229411094 14
181 -7.740291394740977 -0.4700094015882321 85
182 -10.512773455447743 1.3305246628421274 68
183 -7.374415854858342 2.012188822027899 47
184 -6.979455528549325 -0.11930114535741476 13
185 -8.842541957323686 2.725037197183789 48
186 -6.872158133491577 0.22511165518105278 55
187 -9.869009418986305 2.3851544553700372 43
188 -10.17350684362512 2.063291143998312 82
189 -7.0454737380715144 1.4742256806067187 15
190 -9.051775369020673 2.5311488844935957 97
191 -9.758021729048208 -0.4813202391087983 23
192 -8.15775747942167 1.6384249774748156 41
193 -7.3051188141539 1.644320972135543 51
194 -8.523347778258282 2.2883441354855503 89
195 -8.022517340201514 0.17298824662225024 89
196 -9.062421816201827 2.33595108342121 93
197 -10.530269073912164 0.8185500779983828 26
198 -7.867507673592969 2.0114567647742096 78
199 -8.648172560866083 1.968361024272457 2
200 -9.0020743409218 0.0631653881288062 13
201 -9.456637851798577 0.9737169145185506 8
202 -7.822444521755583 1.8142744979528302 80
203 -9.624508781351468 0.7060033928687265 41
204 -9.380214848787409 1.3353924209367747 81
205 -8.659186293650146 -1.0860706895997922 66
206 -7.057128453864377 1.2678306985846945 62
207 -7.835522548725053 -0.6085230774395375 79
208 -9.461709579133128 1.8754079304866473 32
209 -8.381696022013337 -0.022094357956334052 45
210 -9.840862314631435 1.176266580048331 14
211 -6.832200652134694 -0.1649162784326307 93
212 -9.829157178118406 2.1638254661288565 31
213 -8.577429830828734 1.741361734125599 76
214 -10.414359641054261 -0.0836476514060645 13
215 -8.181489538571348 2.340213793795008 90
216 -8.823350609432941 -0.2921315038080184 97
217 -8.803836999718703 -0.006806884114565533 40
218 -9.774392975192294 1.432760243990913 5
219 -7.8696875702571525 2.312654736572735 99
220 -9.826789287413025 1.0685687873756307 10
221 -8.632894512328214 -0.23696873562257373 96
222 -9.937383554439888 -0.34441889885338134 75
223 -7.560908330276521 0.7000151005165556 94
224 -10.552932619987732 0.44783210445156507 56
225 -8.081948768230042 1.6063972939684847 96
226 -8.818957602756486 0.28625285669212663 22
227 -9.560780381234581 -0.7996474441354522 45
228 -7.447633479974513 0.5231340858582542 75
229 -8.55848641073819 1.2210952631206033 58
230 -9.40067282276873 2.5453674948076106 26
231 -8.830591966493387 -1.2530401265921245 30
232 -9.731070877118832 1.3355353258262896 58
233 -7.3993162028757276 1.5274277931607294 42
234 -9.964631441754841 -0.5734632206079862 13
235 -10.209489231103564 0.18116605528842475 47
236 -8.240647458321174 -1.082463886643085 57
237 -7.733164536449907 -0.9768081163191243 81
238 -9.72765945335657 1.8318482696376748 62
239 -8.324409322648917 2.099610162240275 51
240 -8.112344738922427 -0.7246324400541019 13
241 -7.084999036746755 -0.21362907043978008 71
242 -10.199919262987223 -0.6288819962639667 70
243 -10.427566411739939 1.593788169315514 42
244 -8.89591054117008 1.2575461225559377 96
245 -7.615278794118706 2.596445424936063 50
246 -7.718130022321825 0.3410924696247608 41
247 -9.376965778036215 -0.40551646037486294 19
248 -9.835199916728499 -1.1513363665464518 90
249 -7.10804534256735 0.9992995369348179 43
250 -10.158843729185346 -0.47425137185578564 76
251 -7.4381325672341125 1.3474412430477705 16
252 -9.17591677679448 0.8519369946340738 16
253 -10.220760351267272 0.4101055346951164 68
254 -8.044141841157753 -0.052390454652035186 39
255 -8.973464292533281 2.2421565028658135 74
256 -9.244546784116451 1.7922598994006838 81
257 -7.779013425095965 0.6535581470630246 97
258 -6.802009220289012 1.2095364486293065 86
259 -7.9244316359824385 -0.15761324953888267 68
260 -9.85539358250614 0.8172759528096061 11
261 -9.096152225515652 -0.9953939869105953 48
262 -9.389363710515052 1.9985498333527567 63
263 -10.226469844637274 0.5080902883575836 96
264 -8.081015268538188 -1.3464436021718669 98
265 -9.771532383503795 0.10338637875535377 19
266 -9.923536136773837 1.5309521054837507 75
267 -8.651338846754413 0.04700362517055774 50
268 -7.980564921337493 1.362146228732033 77
269 -7.470900889206532 0.08277598197180905 59
270 -9.193780329454064 1.2019336609124334 10
271 -10.519261627060517 1.060039691602153 16
272 -8.252047213200834 -0.7073767782841436 81
273 -8.308378453589526 -0.8100686661790417 90
274 -7.85880859211171 1.519694340719797 89
275 -7.986360881757238 1.7488931074990848 3
276 -8.201685775999575 2.0919910943841167 55
277 -10.504706552640467 -0.3036650377906622 78
278 -7.734709771027851 2.136644196149406 41
279 -9.146984069583672 2.031214965231007 45
280 -7.264178281363932 0.9723437252308124 66
281 -9.631533656543429 1.9588886785711366 26
282 -8.506740667380688 -0.6866320376956871 79
283 -7.134229647224216 0.11328610002434217 68
284 -9.785597380012767 0.4263788943563118 100
285 -6.6411632003993954 0.32938431712555577 94
286 -9.680973023399137 -0.03882307011922939 72
287 -7.347505113313001 -0.7247936026780535 72
288 -8.8175929967456 0.5782288594159196 96
289 -7.879441609650917 -1.0430992534836772 87
290 -9.381325373274809 2.29010409737608 53
291 -7.132140871127183 1.8292020040951473 90
292 -6.679797991636364 0.4502831323566177 59
293 -10.120710372464488 1.8840679101796283 74
294 -7.646507947756715 -0.7730613298887289 32
295 -7.417769720235945 0.8117393376975922 35
296 -9.615716382526845 2.496562633413853 76
297 -9.829699197321304 -0.7109462164371645 4
298 -7.33611628530708 -0.24813698146887972 46
299 -10.0399195352812 0.7170767574038862 24
endpoint1 endpoint2
49 146
72 205
143 183
152 165
63 76
146 264
95 283
35 123
92 120
44 251
46 164
69 269
74 149
205 264
80 116
26 208
8 38
28 185
30 262
217 240
6 202
264 287
156 168
246 291
174 298
17 202
55 125
59 102
60 104
65 147
165 232
84 280
122 215
214 250
71 242
146 199
76 255
59 145
7 156
29 175
31 298
201 224
135 173
10 19
84 254
144 256
114 223
51 169
14 95
73 244
23 194
156 271
29 55
105 126
26 85
102 200
191 263
178 239
58 159
78 218
157 217
103 246
85 241
162 260
204 225
76 158
39 106
151 262
119 280
33 53
220 235
11 215
196 268
124 225
199 241
109 115
80 278
62 138
283 286
33 93
89 104
234 253
254 295
23 293
12 71
57 269
58 62
224 229
242 252
10 189
127 198
223 228
261 268
86 164
162 278
15 232
143 295
138 168
86 279
1 13
57 88
117 254
87 268
94 141
78 188
13 217
51 90
127 207
208 245
81 121
68 180
108 291
90 249
21 218
0 144
1 6
167 220
32 214
71 207
19 29
98 107
6 160
62 93
7 249
89 276
38 218
76 105
4 299
100 298
136 174
233 244
252 253
90 192
62 191
29 99
74 162
240 241
94 236
57 106
33 209
35 213
132 259
103 130
13 203
52 90
197 201
41 130
9 278
116 174
44 195
64 92
280 287
57 220
81 211
102 230
60 161
90 271
38 39
266 281
69 206
141 241
33 114
148 232
223 291
9 249
195 207
87 272
43 259
136 265
86 104
33 297
161 263
38 207
225 290
14 100
201 265
165 216
148 256
190 208
118 168
159 273
19 57
157 272
44 281
68 151
87 192
0 196
129 174
188 277
118 210
83 108
50 274
217 259
68 271
16 226
41 299
42 244
205 221
23 58
85 178
68 158
108 194
115 272
116 130
34 141
70 130
4 223
98 174
7 66
13 151
52 150
35 71
15 179
40 154
3 46
39 265
97 258
118 258
49 103
42 142
29 89
95 135
6 230
123 147
238 271
75 276
67 101
13 225
87 126
37 235
186 285
45 91
229 270
32 48
140 228
159 215
91 232
110 180
97 193
116 144
151 174
101 213
28 219
11 181
106 160
126 167
200 250
150 151
78 255
10 103
233 291
107 195
42 295
120 218
49 226
30 284
70 247
35 284
73 81
117 184
171 230
104 131
177 243
52 99
16 191
125 200
55 246
137 272
135 190
107 184
72 245
205 263
8 39
100 120
192 201
32 264
56 254
149 192
99 288
176 226
177 244
60 250
246 288
157 198
31 102
162 188
116 126
109 169
1 32
37 279
23 281
8 46
51 208
1 81
95 251
79 93
173 232
51 65
108 118
199 258
164 288
19 104
137 213
102 161
26 176
134 177
190 281
147 198
3 128
115 135
193 207
267 279
32 203
34 163
128 164
150 192
78 168
191 262
13 173
222 253
227 242
88 193
125 281
253 271
182 192
117 122
209 233
45 184
62 128
229 230
12 263
216 240
17 257
109 155
5 149
7 124
9 210
60 272
33 165
235 289
225 267
66 167
110 243
239 286
8 116
229 239
194 259
14 46
131 270
98 231
192 213
85 273
198 229
75 295
208 255
10 13
247 253
85 130
144 161
110 250
120 149
48 146
105 282
12 127
19 23
81 239
101 228
173 204
126 244
40 202
81 120
137 241
139 213
64 79
27 270
231 237
215 279
126 285
73 151
18 71
2 141
43 85
23 225
170 282
118 252
19 28
150 236
153 184
82 238
157 267
93 291
58 263
60 172
61 197
68 188
187 198
134 148
11 20
49 217
163 282
224 284
23 254
34 222
218 220
73 105
36 123
75 128
41 112
77 156
104 219
89 284
225 279
246 273
108 274
236 292
0 240
75 91
38 45
43 50
190 295
67 184
47 268
53 117
5 242
244 267
83 88
121 141
104 179
124 174
149 248
81 210
82 224
105 212
161 218
4 282
134 247
65 169
21 244
177 286
241 246
39 63
95 162
170 186
4 227
50 170
57 228
13 252
199 202
19 160
40 166
21 140
3 58
6 37
134 238
137 237
228 298
102 105
109 287
73 179
81 262
44 65
7 79
52 129
149 266
8 295
147 297
4 264
24 92
62 201
32 44
236 273
2 249
7 55
22 111
153 236
101 185
285 290
220 281
174 261
34 85
21 158
81 86
90 172
0 220
147 159
94 289
39 85
259 268
241 264
116 131
70 131
145 149
92 180
2 99
55 288
10 227
47 90
123 157
69 73
13 289
168 278
24 59
82 196
135 281
139 151
179 195
161 297
19 183
97 257
72 193
40 42
39 82
42 143
26 197
49 247
69 161
274 298
57 151
149 180
171 292
101 171
31 229
130 214
103 215
86 117
140 278
66 225
68 141
145 246
109 189
54 285
93 131
131 295
22 129
10 258
156 293
41 54
31 226
88 119
197 246
52 101
201 243
64 224
7 192
66 73
15 128
127 143
114 176
96 102
216 277
21 26
205 269
152 284
116 152
28 188
20 275
100 193
7 168
123 160
252 260
6 96
14 277
144 276
19 202
41 262
155 282
122 276
14 83
2 212
111 234
168 212
120 226
47 137
53 173
152 221
102 220
63 158
228 276
139 179
86 158
108 143
218 270
55 127
41 194
24 134
150 273
135 199
48 247
68 250
25 169
69 133
52 195
71 236
146 197
6 276
172 223
103 106
202 252
37 61
21 270
26 270
157 222
158 169
15 159
112 193
111 139
40 126
59 113
205 242
114 221
26 177
21 196
133 288
66 280
32 93
90 146
42 273
23 220
25 178
26 32
10 294
48 125
11 67
68 112
51 216
59 168
12 34
20 98
21 279
228 282
197 288
17 186
21 205
138 164
17 256
45 200
123 223
68 127
71 226
57 266
3 281
117 155
29 191
196 270
160 178
51 78
126 203
89 263
246 266
157 208
89 253
115 231
209 225
134 160
101 280
45 193
148 190
58 60
172 196
119 128
28 270
125 228
114 256
24 115
21 281
226 243
64 218
135 154
20 231
276 284
18 77
166 221
96 143
97 247
151 278
48 98
55 186
220 288
94 115
58 199
149 236
81 238
103 142
240 286
21 290
60 150
265 267
51 278
253 281
164 212
19 244
3 110
97 159
21 216
26 149
87 150
109 133
184 292
111 284
148 221
5 143
23 224
195 218
195 273
19 31
94 122
59 180
136 193
102 234
185 193
40 263
68 189
252 255
165 299
43 60
262 277
248 292
29 97
158 287
73 159
54 107
56 193
25 151
7 99
15 35
18 261
58 201
149 254
206 268
151 238
136 200
7 240
11 245
104 220
13 201
105 210
16 248
36 203
41 128
83 176
101 102
10 39
253 299
187 299
42 161
24 247
134 140
49 209
140 163
32 119
58 97
98 136
195 200
129 263
31 168
21 130
45 124
31 57
88 172
22 227
28 75
29 115
212 213
163 267
128 231
109 293
99 166
101 182
139 274
32 253
106 284
185 286
77 141
82 293
106 210
86 110
184 226
37 245
186 202
114 146
10 41
65 276
86 217
38 92
113 157
148 258
42 147
116 190
226 257
67 169
69 181
70 150
3 219
22 85
260 288
62 289
192 256
191 200
104 162
29 253
213 256
53 247
164 273
7 272
174 259
161 235
15 175
106 108
236 274
147 153
87 179
149 161
152 251
79 117
188 279
81 196
105 206
160 250
15 180
44 274
90 173
113 143
24 286
24 211
226 275
47 291
30 297
75 215
79 114
27 104
83 119
191 254
106 265
127 267
164 263
5 102
189 265
7 205
102 128
72 264
65 180
109 195
54 283
131 289
44 152
141 275
57 150
100 220
104 151
196 293
56 90
19 78
96 294
95 278
208 288
189 258
35 78
92 101
130 285
186 283
28 55
144 225
91 234
201 299
23 268
116 293
122 185
266 290
16 43
54 88
113 266
4 207
6 223
77 170
41 70
100 170
63 294
66 70
118 274
46 160
48 250
71 104
147 181
8 34
49 224
70 245
74 248
27 127
227 263
101 220
154 176
31 234
31 289
125 198
78 196
100 260
96 126
93 148
3 148
23 201
121 219
194 227
148 155
131 165
81 136
6 201
27 116
232 268
51 122
108 121
130 160
135 177
165 260
20 204
3 12
64 110
48 232
229 295
86 270
73 240
113 172
22 171
84 283
34 166
255 274
151 183
10 143
28 290
17 55
24 31
63 134
233 276
31 105
0 24
64 101
91 259
38 100
20 186
27 213
153 277
172 215
100 255
174 200
124 229
252 274
179 191
15 118
58 154
222 227
104 265
88 195
89 251
144 181
253 269
248 265
66 221
49 179
158 288
145 285
117 233
70 209
3 280
150 217
156 176
252 297
127 218
199 242
54 174
60 129
227 253
140 297
108 245
127 171
92 95
112 240
239 280
222 288
20 217
24 156
194 257
69 238
91 273
170 278
27 163
124 132
34 179
64 172
9 42
105 254
54 161
221 282
114 257
223 225
261 265
176 287
182 208
21 222
3 104
222 299
42 181
173 296
48 148
67 199
73 295
98 252
122 246
56 163
36 119
11 198
33 181
127 200
110 272
112 159
41 149
63 186
4 97
187 284
23 114
45 161
101 265
11 17
194 275
159 169
163 279
4 240
244 263
50 191
19 30
244 249
52 94
17 20
272 284
58 261
207 297
9 274
1 227
112 229
152 294
116 162
133 268
170 259
116 209
35 214
41 118
27 39
106 225
14 238
185 201
40 271
59 61
4 285
61 220
118 290
228 294
10 36
109 229
21 233
116 169
62 165
58 110
170 266
124 168
117 268
27 60
83 203
118 127
112 132
133 237
62 221
250 286
143 260
165 220
50 217
22 83
95 172
10 244
120 290
129 194
38 260
61 125
66 104
103 173
125 128
72 276
204 222
82 104
159 252
1 246
29 75
88 291
70 151
146 242
99 283
42 121
82 208
31 153
50 120
159 229
72 213
38 84
188 238
198 270
0 257
143 204
109 278
5 235
134 257
139 259
87 291
95 291
121 279
161 227
16 272
207 266
118 185
77 294
152 195
176 249
96 288
82 194
7 257
13 229
31 143
125 171
20 41
283 291
144 235
115 282
25 211
8 53
129 189
274 296
100 221
119 211
9 26
176 240
29 199
221 298
136 296
34 101
42 229
48 265
67 247
168 232
115 172
98 204
190 243
234 290
109 257
74 293
78 83
70 258
61 154
82 257
88 232
14 223
34 124
181 251
18 226
39 237
155 263
180 261
38 112
25 221
237 272
77 209
6 215
196 276
126 173
20 87
42 68
80 159
193 283
156 220
15 139
182 242
63 224
112 292
99 107
279 290
8 42
213 255
88 269
76 252
102 210
38 128
156 219
14 169
162 187
110 221
111 140
204 290
46 179
145 223
71 89
37 276
21 42
169 209
23 282
99 144
26 39
12 86
219 225
172 217
10 140
28 291
174 198
31 278
200 274
221 270
58 144
208 269
214 279
127 164
111 149
183 189
24 143
216 236
71 86
163 177
94 269
131 261
118 151
230 262
123 216
12 77
171 206
191 259
252 275
1 277
41 161
167 282
80 132
82 152
137 195
66 171
11 291
83 145
89 250
15 299
71 261
110 239
150 289
230 243
163 182
12 68
148 177
6 179
8 174
100 231
105 244
252 298
181 216
169 270
32 109
235 253
73 234
109 145
46 55
30 173
160 257
270 273
220 299
22 44
150 209
100 238
12 210
52 73
125 226
137 205
140 289
14 133
165 295
19 241
187 262
209 216
47 199
141 201
235 242
0 296
163 164
219 259
73 294
120 263
129 229
11 249
33 257
33 180
272 294
76 110
172 263
136 171
140 216
144 155
180 188
188 204
106 289
2 59
166 293
210 259
68 296
12 192
89 165
77 113
137 255
66 143
14 151
222 282
114 246
120 166
12 294
32 114
215 297
198 291
87 169
147 236
241 249
58 100
118 202
28 230
125 141
126 229
127 249
16 250
114 299
225 276
66 134
157 178
75 92
25 237
163 260
54 96
3 239
244 278
139 287
30 137
50 174
61 99
154 263
137 152
68 286
89 183
78 260
50 71
158 252
159 246
24 267
115 257
226 260
14 16
145 167
256 275
183 285
166 255
27 135
191 205
37 98
38 261
130 241
82 291
102 157
13 249
86 108
93 267
41 240
59 74
39 286
24 88
62 197
22 248
116 184
198 276
4 213
134 271
130 200
62 125
9 119
10 79
68 268
37 252
204 265
43 141
229 287
96 204
32 158
139 258
127 268
200 201
95 290
133 182
14 203
125 145
204 256
46 141
32 38
183 251
113 141
190 198
163 288
129 187
76 217
99 223
17 80
200 240
129 212
82 195
7 207
89 147
240 289
39 254
41 235
49 155
0 214
1 216
40 45
24 220
44 154
209 288
69 174
52 234
98 165
104 153
13 140
124 196
196 252
200 247
71 154
56 92
137 189
87 122
127 131
130 283
40 133
59 86
134 201
1 209
3 168
188 244
104 113
217 233
53 88
2 112
148 151
5 197
28 215
40 253
246 298
30 102
112 223
44 249
67 255
70 88
145 236
48 75
266 299
54 81
237 271
2 75
171 279
27 113
154 190
177 247
89 296
52 111
71 136
83 253
110 219
20 199
59 100
48 243
70 83
91 250
23 284
47 138
215 238
149 204
191 284
33 150
49 54
12 190
107 181
39 226
44 239
28 30
211 294
12 269
98 214
152 184
9 164
29 57
148 172
60 286
64 270
33 175
52 125
24 97
167 284
66 81
117 125
48 225
105 299
216 237
91 261
163 176
37 284
148 196
8 217
61 76
117 159
156 187
12 221
226 252
181 222
112 251
21 202
3 124
21 59
116 255
44 108
160 267
181 261
2 47
210 279
231 277
160 181
51 83
89 260
221 287
65 200
162 280
15 238
144 174
24 297
115 232
23 126
229 235
90 99
98 227
47 174
30 146
123 284
234 265
71 212
220 255
93 103
224 250
33 178
221 280
77 126
25 104
79 165
138 194
30 76
0 239
20 226
39 134
97 155
28 98
33 105
86 296
145 186
18 72
166 208
130 234
9 81
29 142
111 168
22 221
44 202
90 117
21 86
192 295
191 209
12 114
123 298
71 202
36 120
129 253
244 251
110 281
36 207
130 299
76 102
81 117
106 119
108 279
90 262
280 285
142 248
74 175
102 273
195 283
13 256
17 114
128 155
75 132
2 51
77 152
41 116
150 251
7 237
12 248
161 197
199 208
79 176
140 207
88 168
250 277
162 233
43 54
177 281
143 243
116 218
16 99
126 130
154 260
175 238
53 275
135 251
102 106
183 239
44 183
65 94
69 201
73 142
53 122
165 171
115 122
168 293
77 138
7 227
100 138
156 228
258 298
4 269
63 216
165 195
147 149
247 284
128 294
224 293
134 268
83 106
101 188
87 292
52 141
2 28
130 201
131 237
6 129
67 117
52 60
125 151
161 275
54 157
97 267
25 86
15 217
45 252
8 152
27 148
46 101
30 227
13 153
213 278
126 183
19 69
24 56
133 181
21 154
97 268
44 269
134 220
14 123
9 134
48 167
49 242
16 48
54 77
5 210
79 127
124 206
52 147
55 230
24 63
150 158
7 206
83 233
9 96
106 202
72 267
206 225
155 267
254 280
74 98
113 133
187 244
44 155
120 209
213 226
34 129
70 254
128 267
129 179
154 173
124 197
38 157
60 234
121 295
161 243
179 281
41 211
164 239
5 270
56 245
146 212
223 267
99 204
10 145
47 116
103 123
38 148
133 160
61 152
103 200
51 299
14 278
181 249
186 289
204 251
46 167
84 94
147 182
115 183
43 121
8 37
193 255
266 296
213 244
67 143
113 256
6 213
176 224
123 164
31 215
51 118
108 125
1 256
203 275
105 175
88 241
89 229
72 288
110 216
40 116
32 67
73 204
143 186
109 171
1 34
71 98
18 106
230 266
267 284
32 269
251 294
72 73
55 256
60 256
210 299
222 244
132 207
225 251
233 272
90 228
21 199
91 271
37 274
99 146
123 264
1 84
132 295
191 260
221 247
189 291
66 174
46 258
0 27
114 217
59 117
84 107
90 158
0 138
111 260
115 138
170 214
47 155
195 226
214 247
129 144
77 250
263 293
127 222
78 220
175 180
86 172
55 73
65 103
158 295
14 40
69 226
3 140
68 123
69 115
82 254
154 294
119 135
156 179
103 148
31 203
196 199
86 167
26 143
262 292
85 117
142 228
91 217
74 179
195 208
69 124
52 164
167 181
13 218
126 246
18 167
58 171
29 293
103 226
259 288
45 165
148 210
33 217
142 158
38 287
22 37
95 218
136 275
12 203
203 230
64 213
227 236
38 52
97 147
169 171
173 286
142 246
219 282
21 85
98 242
194 212
12 115
35 210
80 211
28 280
102 238
33 280
235 267
130 149
132 145
25 121
137 298
138 245
13 93
54 289
111 176
40 69
115 254
188 197
133 265
47 215
67 182
95 187
117 202
139 280
82 226
89 172
235 256
112 128
21 133
79 179
9 280
158 251
14 156
201 257
22 236
190 296
167 200
56 187
185 281
103 177
147 286
3 56
225 291
61 210
134 232
49 125
50 69
141 154
201 266
3 73
118 171
49 206
166 253
98 159
121 153
33 229
15 61
57 239
24 43
156 229
52 54
114 142
167 295
141 147
269 275
273 283
115 264
190 218
138 292
141 228
99 211
44 62
10 250
33 254
75 170
179 261
107 221
36 236
24 161
135 232
139 237
143 279
164 243
74 113
39 91
226 276
9 156
49 248
69 186
70 141
20 260
96 189
118 212
46 106
13 152
69 75
52 149
200 203
75 163
82 275
31 131
181 237
21 153
44 270
134 221
229 262
48 286
72 223
74 120
20 259
5 209
7 184
217 270
77 180
10 127
89 145
15 185
130 286
3 20
62 252
70 108
2 196
24 222
5 260
100 216
9 31
124 281
15 17
53 206
203 209
60 235
133 166
154 221
103 210
17 216
127 141
271 296
43 242
26 166
62 231
