nnodes nedges type
300 2000 graph
nodename posx posy weight
0 -4.674791750404001 2.1596796716937465 18
1 -6.31546071512997 3.263494904678046 85
2 -4.116724713059553 2.932984154970345 95
3 -5.950236252147402 1.5240642926305428 93
4 -5.580864817504414 1.724983983639412 15
5 -4.567978907215246 3.820924210964163 80
6 -7.250628109925779 2.2722475690660917 30
7 -3.621186818407809 2.2076313133632595 3
8 -5.847496129390267 1.707551818022984 78
9 -5.24521983476096 1.2204084071811288 37
10 -5.697942389365641 3.087922872047076 91
11 -3.934299512268228 0.7486808841479594 57
12 -3.659168876622882 2.0601651968916728 7
13 -5.727628026172621 3.810559108425913 43
14 -5.358875046508231 3.8805044929368337 46
15 -4.47718876380518 2.090235890286581 70
16 -3.7923101640696553 1.1707252520197604 4
17 -5.800189148787054 0.2788417979420724 89
18 -5.844795852063449 0.44299137287019447 4
19 -4.17348950453818 1.1186412377985622 71
20 -4.205466406783387 0.9497410163255693 85
21 -5.526014786663665 1.362056965123275 23
22 -4.6120357590592125 2.2843321659712372 3
23 -6.824572601835347 3.1419387546322004 77
24 -6.019717889953504 0.7326859514964545 16
25 -4.286512015084162 2.1822070688386317 86
26 -4.776808935699018 3.9541395064445166 90
27 -6.304896604230329 0.8807949221050263 96
28 -3.5363749794936767 2.589603638634852 99
29 -6.484611129876657 3.804169225323618 71
30 -5.665132162765955 1.048726119169216 94
31 -4.042388301694006 2.8497497343834857 21
32 -4.8776035996715645 0.39897356887627095 16
33 -5.090625801773307 2.8333595558182396 99
34 -7.374911154611927 1.5347961371704806 92
35 -6.856535706868086 2.5787190860365037 64
36 -6.998261791539191 1.4409952984807795 100
37 -6.653932114462389 3.388266815344267 42
38 -5.580227236912408 3.3252799567059457 14
39 -4.765885646824071 3.576857181705398 4
40 -5.377462638790803 2.9231091363854795 3
41 -5.251314827936135 0.6743774821125367 50
42 -4.638783420636147 3.1253975772820133 30
43 -5.784863903424393 1.2207450083007831 38
44 -4.678602177798624 1.7415136041079007 3
45 -6.017808843413264 0.15261776594406837 36
46 -4.5118512661864205 2.805551529608778 13
47 -3.7976633379826623 2.898245400909567 81
48 -7.00865676994672 2.6869438926143006 95
49 -6.8190935001580035 1.890322626045746 31
50 -6.483534659271345 0.7006616372991433 58
51 -4.7007466669054905 1.1331192154343699 5
52 -6.859179588368797 3.269673101962805 79
53 -4.516391569961227 2.285103004555642 30
54 -5.17076489946118 0.02081823765641615 7
55 -4.405885891320321 1.501206037034084 34
56 -5.989038808492348 3.9233632233846123 91
57 -5.592128707826804 3.4856515690539838 15
58 -5.65185007395053 2.7897995487202802 49
59 -7.073343340308057 2.0692354801761126 92
60 -5.062725762642608 3.4367937050144377 75
61 -6.93628174339478 2.1812433208507187 57
62 -7.25350825400426 1.6773840223132852 85
63 -5.937255047853823 3.5245903980907443 44
64 -6.273107145546121 3.672649883792073 63
65 -6.737127744943947 0.8722295427459354 50
66 -5.730432825130474 3.5033053149302256 54
67 -5.599711731566796 0.4332210730892501 11
68 -5.122976560255923 2.2165748633789897 43
69 -5.947563387616982 2.705461105917324 84
70 -7.009658762531819 0.8965400082898946 49
71 -7.517262243247644 2.2432945961622592 83
72 -5.51516066180041 0.031173910878231487 12
73 -4.672228277419655 0.4770566866067093 74
74 -4.59714495962424 1.5309541094158239 4
75 -3.3570644361251554 1.2026230251951127 47
76 -5.6102994503057095 1.4109444729992424 46
77 -5.3575541920875605 0.14705860517093353 60
78 -4.890373865049124 2.970039707988033 40
79 -4.203913238867425 0.18577371903453213 76
80 -4.648752396641631 1.915969013934044 42
81 -6.686815523678836 1.1265072286585638 75
82 -5.422172804137558 2.4419827798290696 18
83 -7.153512339651987 2.656455804906227 89
84 -4.825791371728221 3.3561533666858607 93
85 -4.977244850569536 1.450038328443095 90
86 -4.9599051574782616 3.7862462063945688 2
87 -4.287140421570046 2.002815663777199 23
88 -3.693291087956785 2.5612801573745334 3
89 -5.587381345173592 2.2472382647264917 26
90 -7.024205094523003 0.5032223864598456 59
91 -6.079604236427482 2.0138067845865484 7
92 -6.912409479269219 2.4228445302720747 47
93 -5.440960075814274 3.446170080817526 16
94 -4.325173137989394 3.1177737763211955 37
95 -6.830380010752691 1.2206391319498673 81
96 -4.719301197394882 2.570424107518624 64
97 -5.909817022191736 1.1097678167642888 44
98 -5.451917753160016 2.04502028151617 39
99 -7.205198960507439 2.944355780708462 10
100 -6.863752840006304 3.0275137845407314 68
101 -3.9503661199671867 3.446494824432067 45
102 -6.209323918809978 0.287235522696932 96
103 -5.708969812027097 3.2941991072187755 1
104 -3.752999961474706 0.8818996534526771 2
105 -3.4398978787396217 2.293464340289714 80
106 -6.956250457165188 2.047886390985155 27
107 -6.574523320449875 0.8424915057698591 3
108 -4.093179675744046 2.3355496083571783 35
109 -6.2476469200677 2.6149195827686063 48
110 -6.745731455184762 2.729783361927925 98
111 -5.753402065016811 2.4187439980438556 96
112 -6.6767751784511535 3.0650708087298058 5
113 -6.736847164035119 1.7685128347299157 60
114 -4.799747188590755 0.26478462909890754 63
115 -4.423364103708589 2.596381372122569 97
116 -5.075715797006081 0.7918755391816426 29
117 -6.646150522720995 1.2360246777341013 9
118 -6.307339939670812 1.5143409668884378 68
119 -5.777945455275524 3.6029387270404905 59
120 -7.435798920924943 1.934748226581179 85
121 -5.241963782024748 2.0084350060748677 6
122 -6.109819308444414 3.9070309901697384 78
123 -3.7866952197660733 1.553991897602517 76
124 -6.605109734877951 3.4949892995189256 37
125 -6.951412749927561 2.319507114977444 22
126 -6.09603158298826 3.2268458562172855 16
127 -6.565446354168492 0.2096828157650998 2
128 -4.6464566114427654 1.0093925938809525 73
129 -6.028472182035213 2.143894768651823 64
130 -4.066406870007789 3.1121218315521837 96
131 -5.124024783458592 3.763122187741492 82
132 -5.622645152401783 2.676571489699652 3
133 -6.136480704633702 1.0943140454354447 50
134 -4.263374622158482 2.724334795065423 21
135 -7.038534670748721 1.8180119536901493 30
136 -4.774151787708371 3.746440597109808 21
137 -4.004150826148617 2.2420527259907392 62
138 -6.443832615598474 1.5947822494423667 30
139 -6.353538655408854 2.7833315132033807 74
140 -4.142921847212016 2.0559205875121793 49
141 -5.398704393630082 -0.4240686546754128 56
142 -3.929516734010614 2.0178311451454345 73
143 -4.840477105105031 0.5554375735544045 1
144 -3.45056723959888 2.4109245784002704 32
145 -4.012415118151767 1.5999106280643425 57
146 -5.207938890553643 3.452340543668721 18
147 -4.157733248923287 0.7547837446315165 30
148 -4.95131185083649 3.637357518545979 93
149 -5.399502347567326 1.6487906122031963 47
150 -4.501063299407632 3.583247461228521 12
151 -7.5018457295736845 2.41870322259474 60
152 -4.311435361674641 1.666590920613469 47
153 -7.37736834927932 2.6091759388410507 53
154 -6.507601951853696 3.0931863594295885 53
155 -6.568016694999203 3.3898604526329863 68
156 -5.171853618532217 3.0370648673990157 76
157 -5.76644948507896 2.8585656521908254 67
158 -3.617360181014569 2.863573502038504 67
159 -6.280211809589192 1.7783770922277673 1
160 -5.020166924249551 2.4137640629025934 94
161 -2.808004931360263 1.7750881644684955 51
162 -6.118373554796752 3.67740327939666 97
163 -6.685140259238232 2.079213888320143 80
164 -5.61650935429377 0.6592113726664711 85
165 -5.40697143897132 3.7871720729764733 95
166 -3.613563710856732 1.2791984343643774 92
167 -4.548793161441779 0.4510766790084992 68
168 -5.8024816912257275 1.0257956631305745 22
169 -6.853406052066463 1.6225103448725173 60
170 -5.406484627518456 1.1399788319688098 83
171 -4.590090128309853 0.3022999796860698 49
172 -4.854032909596137 1.4695787536320506 42
173 -5.949252864472481 2.8502263700090356 54
174 -4.404471331774949 1.7648174823470744 66
175 -5.394439616287105 0.7688214555400303 12
176 -5.78217879284186 2.1055636799939226 41
177 -6.599311472630887 0.7055581779710828 89
178 -5.106790918706484 1.3462139524336325 4
179 -4.198528131206011 1.4259322883464456 48
180 -6.14268322584757 1.3184360263116537 89
181 -6.670858252997889 0.9801945536823538 54
182 -5.250302900082083 0.2829120644955683 24
183 -3.3781554384193417 1.8682891240739496 26
184 -4.581341826326897 3.2534625540681072 15
185 -3.8915051631472632 3.1381047477506665 97
186 -5.721007026152767 0.8855600843192332 25
187 -4.853004980558562 2.224163868084762 43
188 -6.287315441197817 2.9755200281155894 22
189 -4.263479659165786 3.364754768427416 69
190 -6.469607126725808 2.629601469472574 91
191 -4.020164837799423 1.039954804030111 97
192 -4.408666702655737 3.42796679784636 69
193 -4.426317123340283 3.1839489642469276 73
194 -6.440153920637953 0.4932479944005659 34
195 -5.16502038301454 1.0719980490912073 90
196 -4.9968778394170545 0.9069585934000584 21
197 -6.51161973002791 2.1351245021377467 11
198 -3.7968339843835226 2.151109360060641 77
199 -6.11083663622165 1.6804620990784613 48
200 -6.268832056057349 0.5701316687891537 33
201 -5.7646982929521435 1.5519027160852377 83
202 -4.933952292205656 2.7169870783798014 45
203 -6.85765281638216 2.858020125338088 71
204 -4.310004970902231 0.7017869249313727 97
205 -5.088837815445635 1.9375584527273997 69
206 -5.1155481273047485 2.539299471393565 21
207 -5.280686895764725 2.969741881839472 22
208 -5.623684994137629 -4.7445332875772645e-05 26
209 -6.869437745194546 1.5457131544948466 89
210 -6.5151339698458095 1.9136513934864428 100
211 -4.881279912066304 0.18908340282201813 74
212 -6.1509080908713045 2.2395529527803397 79
213 -3.603507942114122 1.7218114603327914 2
214 -4.501354607899108 0.13227047371066789 75
215 -6.591741767057942 2.880409096782314 60
216 -6.09167176820412 3.4476969743346833 14
217 -4.060876284568992 0.3643126054858082 96
218 -3.622975778742042 3.283680425250591 77
219 -3.8587895620539716 2.668542055622888 6
220 -5.419887139595745 1.7405314733308004 5
221 -5.089943630550542 0.30095900671339476 83
222 -5.89101906085775 4.271708650248029 29
223 -6.149138367930404 1.8160196245372529 54
224 -4.410331108904422 1.3010087089125335 48
225 -5.055280864067401 3.970350156185131 50
226 -5.4345287775832505 1.0089472088346336 47
227 -7.160097455394009 1.0768093069345128 89
228 -5.963152604661248 2.3037959611256587 80
229 -4.385183879347994 3.659053917404121 58
230 -6.418683669447192 0.8103591273249177 76
231 -4.656000309398027 2.910306030427722 41
232 -4.778125167182381 -0.03134601078604151 76
233 -6.849987122860754 1.3538488683788372 94
234 -5.842663562080893 0.6104522065331772 42
235 -5.204200414503162 2.684433865455157 86
236 -5.412107315475006 1.8501591632856744 42
237 -4.470925607421517 2.954734858328624 20
238 -6.728618036383168 1.5779937525328818 58
239 -6.292685430583819 0.7221237839763283 48
240 -4.299984134538841 0.5078103314825003 76
241 -6.090971381930489 2.5364252134095815 42
242 -5.30096402171068 3.1623003808672547 51
243 -5.224802787134615 1.4440178435537991 89
244 -3.9306731232478715 0.9711139330218223 87
245 -5.393349825884672 3.614923798085116 20
246 -5.027248858941426 1.601985312512926 52
247 -5.886539239963304 3.125251511494548 76
248 -3.7567569022371865 2.409320739717571 64
249 -6.305842820310261 3.382310132586074 5
250 -6.968857710703707 2.8818545438356726 66
251 -6.333855380106107 1.9504435582017234 96
252 -4.303135813686771 2.537697752071203 93
253 -3.5785000021278885 2.7085766925008343 57
254 -4.597166118572452 1.3704301700544905 24
255 -3.924133192027653 1.6576018951092863 64
256 -3.681549745960428 1.1695253772910388 57
257 -6.03804462640952 0.28011104679361115 65
258 -4.092328904912751 2.494169207893098 80
259 -7.298548499894991 1.8791976080415131 87
260 -4.193582087441605 3.197234866291431 42
261 -5.424409139185899 0.23082891555110174 17
262 -6.5130043025585875 1.1356982189053189 44
263 -5.307716715681694 2.3390456269098685 66
264 -5.607237623021163 2.029979435266742 27
265 -4.891169227032789 1.0887330102586215 39
266 -7.072231624220757 1.618234062662395 42
267 -6.175510009339025 0.5629573889893307 55
268 -4.35145998852472 1.036936582049512 90
269 -4.787580179973216 2.735357231352704 59
270 -6.755120473504327 2.364374766316177 39
271 -4.66176214895266 0.8626933530981842 61
272 -4.802502707293069 1.7457726526074764 19
273 -4.4530728640607995 0.5379171249384435 100
274 -6.39711269512837 1.1910082332633531 51
275 -5.011105285595478 1.8220687924811374 43
276 -6.130104993247654 1.5099342102980047 49
277 -3.910621450427748 2.9912218223947575 76
278 -5.465487019490609 0.43905558643255643 26
279 -3.812020533051009 1.8095849416024568 64
280 -4.419936400758044 0.8700811742022961 8
281 -4.629004033687029 3.586704656115751 11
282 -6.406910612262235 2.53128441462226 100
283 -5.545773209904425 3.8421124447278916 21
284 -3.67260084589603 1.9399582152691104 43
285 -6.0589255442067715 0.5011764226775646 76
286 -3.5084913574902568 1.5973157670169789 88
287 -3.9922385016945325 1.3360911228395598 49
288 -5.073281327093545 2.1050013776865697 14
289 -5.649743020168403 2.432686614375244 42
290 -3.7586843292669885 1.4860639357340353 98
291 -3.290105376837127 1.640217269996293 52
292 -5.049053393631217 0.5438934084983181 72
293 -6.109338757638621 2.848834344021596 97
294 -4.523525916130394 1.1887152037073936 66
295 -7.467379636829943 1.3080929062825246 99
296 -5.2745964824339495 3.307261831719348 100
297 -5.649406257923827 0.5325302162794672 13
298 -4.960521959769277 3.219094127453445 45
299 -6.257169283323362 3.5521489624533826 44
endpoint1 endpoint2
158 193
97 219
104 115
30 287
50 243
74 288
172 239
10 158
178 194
201 246
58 130
61 151
82 179
136 157
189 279
49 58
233 293
89 227
96 123
61 264
69 269
73 285
7 22
118 129
191 273
123 167
178 262
77 95
63 299
193 280
32 68
69 246
57 60
21 46
177 288
71 242
117 139
8 188
101 193
13 181
196 235
33 148
35 152
37 63
225 250
136 139
89 237
17 195
76 272
67 239
86 258
111 254
3 129
5 173
25 172
8 212
47 157
60 280
171 263
264 269
252 279
37 56
42 53
104 262
88 192
17 196
91 93
41 206
190 259
66 277
66 222
111 263
21 48
123 256
4 175
172 211
33 166
137 269
67 76
233 257
197 299
113 193
21 200
114 209
23 293
170 299
9 212
46 51
57 192
58 62
242 252
28 268
13 160
198 228
221 285
82 142
49 95
115 289
92 202
184 283
77 282
270 276
224 252
242 247
243 255
124 247
147 261
10 55
88 213
108 291
182 212
20 236
3 108
25 31
189 190
8 97
142 236
145 184
166 214
116 274
99 177
8 240
10 220
120 266
48 103
69 100
151 215
264 297
53 262
51 285
144 158
201 278
33 96
94 236
62 270
195 276
38 279
136 283
154 237
28 281
68 299
130 146
24 70
91 190
122 149
68 201
215 298
73 130
93 223
170 178
44 82
124 173
15 46
27 59
31 174
161 219
14 242
16 296
3 50
24 77
43 155
62 222
15 204
266 281
87 163
237 242
76 176
114 127
115 119
46 86
176 209
127 274
57 229
130 245
117 264
107 238
182 257
25 74
6 36
85 160
72 171
186 191
67 167
251 265
146 247
8 236
50 164
126 139
1 296
80 185
62 121
84 206
135 242
138 239
165 193
19 279
20 143
27 224
69 176
92 188
30 254
35 241
174 260
68 271
87 104
91 109
54 147
205 221
168 247
115 221
115 272
24 209
190 194
212 299
32 145
2 98
94 179
21 113
4 223
6 239
192 284
178 214
159 263
70 285
85 202
91 98
112 173
65 182
145 254
165 243
94 299
168 254
187 241
51 244
52 238
129 184
25 260
121 179
176 253
17 85
19 76
78 244
80 174
140 277
180 249
271 290
130 287
207 287
83 293
159 215
254 286
165 252
26 207
152 206
188 290
33 128
200 250
19 85
59 250
61 157
135 268
30 98
0 49
204 254
43 245
8 81
205 270
188 247
9 182
1 71
57 162
101 222
13 130
221 234
42 89
82 176
83 249
174 288
60 82
43 234
134 199
86 241
116 297
70 238
74 296
128 214
4 179
6 203
81 138
12 51
12 130
111 131
41 264
60 105
206 248
43 227
180 264
73 261
205 256
230 264
32 271
177 295
124 125
142 185
35 266
206 289
36 160
201 231
275 287
38 132
114 278
132 201
60 241
228 274
15 156
55 117
76 273
59 126
97 295
70 73
209 257
120 239
47 156
104 105
128 164
2 88
132 289
6 197
7 148
85 271
197 235
36 175
144 179
51 177
90 156
39 101
99 157
32 285
131 150
5 38
8 278
8 171
11 214
157 288
174 205
235 289
167 278
26 275
82 148
137 268
155 189
108 251
243 270
28 111
48 288
163 186
25 189
116 250
45 194
28 158
123 280
255 271
220 296
55 211
130 134
226 242
246 268
86 165
89 199
108 242
3 102
4 120
133 284
27 265
173 298
184 284
169 200
9 220
123 273
69 122
32 208
95 223
7 131
28 260
231 271
89 274
65 265
83 163
85 139
37 163
39 131
22 258
209 220
145 191
240 251
21 74
46 66
73 96
185 260
95 196
244 255
174 230
11 253
14 225
34 54
65 223
74 80
116 160
69 219
70 172
142 244
256 258
44 84
16 104
53 157
89 169
235 269
198 206
133 230
228 292
102 127
138 243
15 198
49 210
87 165
237 248
168 171
78 103
159 290
57 296
94 103
175 226
160 212
106 234
89 178
235 258
54 143
60 162
163 206
110 150
0 247
2 231
24 264
23 159
173 270
48 190
56 259
101 183
30 141
149 257
204 279
79 186
9 263
45 118
50 67
143 259
186 188
118 169
50 210
146 299
121 159
17 97
164 272
201 215
75 183
57 237
96 272
82 210
102 145
231 296
33 289
114 140
132 136
134 225
45 111
139 246
72 211
183 225
148 264
7 55
166 234
177 214
1 288
42 98
100 188
174 261
107 290
185 231
204 261
39 275
44 273
82 92
48 212
46 142
229 283
4 73
187 251
30 296
145 149
54 73
100 212
50 266
31 252
42 109
5 103
278 282
9 124
137 183
268 292
180 243
35 70
19 183
6 14
86 237
14 126
91 146
111 223
96 199
25 205
28 174
51 247
214 220
27 110
200 244
53 195
133 187
102 186
85 210
107 272
92 100
49 159
32 49
145 246
0 170
201 292
183 204
188 249
8 58
22 112
124 283
51 109
15 19
131 197
133 164
100 284
15 128
60 84
8 82
65 135
113 179
20 275
60 269
264 282
46 125
51 114
33 152
15 24
30 106
14 277
35 125
127 180
110 212
40 112
207 236
84 89
70 92
3 149
115 184
193 252
194 226
230 278
51 202
217 246
1 95
28 298
47 126
246 289
34 112
20 195
204 288
80 291
159 205
0 191
97 235
22 170
27 221
12 84
215 234
16 31
92 298
128 275
128 174
80 252
171 256
27 74
173 231
30 197
41 186
95 267
26 270
226 230
84 248
286 297
97 294
23 111
93 231
168 194
98 210
215 227
95 227
6 271
27 67
113 125
38 188
221 265
135 164
228 282
187 189
8 78
158 291
163 180
147 206
58 66
4 26
80 234
153 164
8 172
174 210
108 244
0 21
248 271
138 175
175 294
140 191
183 294
205 298
25 188
23 210
7 116
30 175
123 212
70 203
181 257
128 179
219 242
149 227
78 187
82 140
135 154
105 136
108 294
253 256
91 173
110 251
40 83
22 264
80 271
133 283
65 125
46 201
224 271
43 95
173 186
142 154
181 266
55 186
37 64
61 90
9 44
102 243
68 295
160 192
196 201
137 240
83 162
86 189
89 207
201 275
115 245
44 207
134 146
67 205
105 258
91 211
256 268
94 235
121 130
12 119
104 213
231 263
142 268
184 205
246 287
165 299
284 290
128 233
3 228
170 258
23 249
9 205
101 132
195 278
56 176
131 245
78 140
132 156
82 121
246 278
165 212
114 243
226 271
142 252
116 223
29 235
267 288
80 205
142 286
9 285
118 292
65 168
107 120
91 137
201 262
22 276
25 240
116 183
53 125
163 267
56 260
149 159
152 237
8 231
12 28
53 238
220 260
8 289
117 278
174 248
160 236
35 82
184 226
204 221
81 91
63 223
138 226
68 170
269 279
15 280
164 200
149 152
213 256
106 263
119 122
156 224
40 174
186 270
39 277
23 63
207 258
135 236
88 297
87 179
129 172
96 185
217 257
164 280
75 280
55 236
64 156
67 121
11 273
86 235
91 297
168 249
4 74
9 129
212 226
50 197
143 202
146 282
56 281
152 194
99 262
79 114
124 262
34 250
159 257
71 163
80 169
182 232
91 149
10 280
121 192
171 234
44 47
27 97
30 238
16 67
149 292
60 94
20 166
5 182
27 201
51 255
36 38
77 217
223 270
78 82
154 169
119 169
178 275
17 76
199 273
61 155
135 270
137 160
89 159
96 103
180 260
143 176
111 236
42 293
69 146
146 263
113 259
131 188
81 151
8 177
196 224
131 205
225 237
156 195
102 181
107 186
35 124
211 287
68 252
175 269
159 199
158 207
93 148
116 224
79 284
27 199
119 270
193 243
25 167
50 233
251 293
92 153
59 157
6 274
172 225
198 255
17 62
80 149
246 294
10 23
156 218
182 244
36 266
20 204
64 110
145 291
59 293
168 220
152 182
80 110
98 216
25 168
11 77
267 272
12 85
149 215
106 155
197 224
112 115
203 249
238 297
77 85
242 289
80 140
132 203
82 160
30 85
190 287
229 288
33 64
90 147
18 97
170 292
121 229
95 226
157 293
19 115
67 72
12 178
13 60
108 254
112 249
76 266
21 204
187 265
42 195
150 288
64 124
101 286
209 239
84 119
85 111
37 263
45 199
46 47
122 228
32 196
33 202
141 297
37 93
31 206
66 165
157 175
17 178
164 167
66 212
94 254
171 172
47 172
124 132
56 156
82 250
119 131
174 218
36 223
43 176
100 295
228 252
247 255
103 225
163 212
276 285
80 256
7 108
257 297
77 232
264 293
85 280
231 265
19 134
41 149
43 169
23 29
81 126
228 251
72 178
108 286
38 49
248 286
33 108
126 259
145 256
219 281
256 269
148 222
3 254
173 178
160 286
80 208
174 228
157 265
13 207
106 230
41 158
133 251
65 221
25 229
110 117
57 111
77 265
170 182
118 245
121 138
194 208
34 220
37 113
129 269
185 275
81 223
104 221
14 238
79 182
13 89
253 255
1 228
76 293
33 126
142 253
109 299
45 292
195 203
17 117
41 127
150 252
11 237
107 234
179 233
15 88
112 132
21 129
60 188
78 263
50 70
68 172
19 266
114 235
22 224
24 255
64 86
142 196
128 248
79 102
176 212
34 238
255 298
38 260
54 132
81 90
83 266
46 130
50 65
31 33
233 236
87 196
112 266
226 286
69 180
198 279
56 215
128 292
76 170
260 289
117 216
7 73
45 278
176 203
12 20
129 219
19 171
58 281
44 276
81 83
68 146
88 187
15 223
17 129
39 94
22 242
24 205
25 193
5 277
9 159
116 134
52 283
57 139
94 207
277 288
152 252
98 146
81 170
121 279
174 267
34 83
144 298
35 67
49 99
216 258
70 118
147 161
39 87
22 245
47 290
212 227
128 205
83 118
28 192
104 145
19 72
238 267
64 148
103 216
268 294
31 143
34 106
0 38
18 240
3 19
186 273
44 266
82 85
97 205
32 171
16 53
57 149
98 164
99 270
25 265
119 211
131 222
154 222
100 172
121 289
105 191
107 207
93 272
3 24
211 221
87 232
188 251
27 200
94 160
148 150
33 133
53 202
38 150
132 223
208 280
12 143
13 23
14 272
15 130
91 117
182 251
37 145
2 296
0 52
111 126
180 195
25 44
86 253
145 237
92 236
20 174
8 35
100 124
193 249
230 285
5 207
264 284
5 80
108 146
19 204
97 208
63 113
237 265
101 196
29 210
160 175
56 112
55 200
137 286
84 243
139 181
12 189
88 246
144 184
180 209
0 2
162 187
18 212
155 277
138 176
84 98
7 11
28 140
32 183
33 63
288 289
74 235
20 291
64 269
55 193
40 294
60 140
189 293
197 293
125 285
113 203
243 261
80 284
159 180
0 136
23 275
57 263
59 170
105 243
16 167
126 198
252 275
38 178
58 155
169 261
194 263
230 243
145 201
98 276
117 232
23 215
25 185
84 153
231 282
196 197
41 170
6 66
65 201
66 162
176 281
271 273
141 208
73 234
94 255
156 281
55 191
167 187
22 44
78 185
97 109
64 274
174 219
196 204
54 166
208 242
49 83
139 209
89 196
108 288
91 175
4 123
42 178
97 132
209 216
62 177
29 109
287 291
73 294
109 138
205 289
98 294
122 247
132 281
268 278
178 289
0 118
272 294
18 160
68 176
31 76
15 253
33 99
98 244
170 204
244 256
118 243
106 289
129 267
3 270
82 237
7 245
85 288
58 191
21 297
24 67
81 118
135 138
10 58
88 160
197 258
133 267
0 294
53 105
21 80
25 290
78 99
134 282
121 137
18 259
36 102
55 138
136 202
82 228
154 233
249 250
29 129
175 230
161 198
15 82
126 229
250 276
13 88
79 294
46 224
50 223
94 219
223 294
152 232
116 217
8 226
10 202
106 275
19 47
132 246
7 284
136 241
29 154
157 282
126 236
142 284
199 206
20 22
4 261
43 159
61 212
81 96
85 163
103 260
87 206
159 246
90 267
2 226
43 44
49 261
69 202
57 120
27 135
220 262
185 284
98 112
156 235
125 159
54 133
147 293
3 63
21 137
132 140
49 112
1 245
183 229
20 140
56 269
74 219
167 252
98 152
121 156
28 243
177 210
102 261
164 275
132 228
83 216
86 103
14 192
161 284
40 144
258 292
139 235
144 254
2 244
241 276
39 89
115 216
187 231
22 243
226 278
46 245
11 53
52 228
98 147
191 243
104 171
47 94
52 139
16 87
57 251
220 276
96 298
149 272
58 235
156 249
68 267
18 246
181 239
39 268
97 269
48 215
211 261
71 127
205 287
213 272
178 287
35 250
200 240
19 75
24 62
78 241
189 263
61 135
136 237
205 210
118 262
0 214
1 216
2 198
148 281
217 224
166 283
41 50
53 192
132 209
78 248
11 257
16 271
1 160
60 88
25 42
48 197
158 195
201 297
2 193
38 126
168 233
100 118
35 283
131 185
137 166
233 295
40 140
84 93
68 247
111 238
169 230
8 36
29 39
49 230
51 198
181 289
95 241
78 91
13 190
76 85
221 230
95 262
80 144
32 66
14 86
74 158
39 122
63 112
32 268
52 199
219 235
237 264
2 66
79 80
10 130
103 110
238 292
221 255
136 137
64 241
105 145
30 80
40 122
239 271
96 119
169 282
120 125
141 164
244 294
118 157
267 274
52 206
16 18
77 194
150 205
11 220
178 241
106 153
199 254
55 192
203 270
61 164
111 148
43 220
190 285
80 103
190 236
68 115
59 173
4 173
61 76
8 168
51 74
109 117
208 261
233 259
13 58
14 184
72 159
17 191
162 202
55 78
239 285
138 278
146 163
147 211
21 59
80 94
27 172
123 263
215 245
220 224
239 243
84 154
30 58
42 57
91 169
206 209
61 295
229 235
105 277
33 80
89 115
235 252
92 200
148 202
166 217
118 230
156 282
33 193
268 280
16 150
198 217
181 191
235 282
272 288
40 199
24 118
61 207
135 151
247 249
176 273
50 51
158 272
170 287
106 295
52 162
93 96
4 154
154 299
245 293
100 150
62 95
185 189
4 297
176 264
250 259
139 201
15 252
18 48
187 286
133 257
14 60
256 271
148 216
22 76
25 147
170 262
18 265
75 143
58 205
4 129
43 275
40 181
76 102
4 272
43 160
102 120
157 184
108 220
109 234
20 240
207 216
74 274
74 175
240 246
128 236
77 263
4 249
170 180
151 289
87 281
36 103
63 170
137 231
162 233
58 108
77 256
22 94
101 138
176 223
37 120
75 189
59 199
104 198
199 201
60 190
44 288
265 291
49 126
68 174
34 266
269 283
253 289
24 268
122 153
12 31
160 293
185 291
78 157
83 210
16 292
72 278
19 164
3 62
186 258
225 293
139 245
50 127
269 276
20 141
27 238
142 205
2 109
95 151
213 269
67 117
14 193
9 268
0 217
96 205
116 128
63 86
29 66
74 195
57 137
78 124
213 278
69 76
202 210
168 275
82 274
10 119
85 204
185 235
85 189
140 243
70 116
143 285
19 291
4 53
26 198
190 199
9 134
177 261
117 168
172 248
10 239
196 246
200 241
41 89
85 213
30 117
20 43
39 249
21 163
206 225
45 93
86 225
163 238
109 192
93 134
39 78
9 143
149 176
27 98
119 173
177 196
178 202
95 275
107 276
179 204
180 198
60 89
83 296
211 274
143 180
54 273
111 224
4 59
152 281
44 146
56 245
167 227
7 175
213 289
203 282
221 236
104 272
174 290
125 187
15 140
110 209
1 184
21 181
65 155
63 229
148 296
118 128
67 143
69 159
274 280
57 165
71 139
202 246
95 257
133 169
82 173
65 227
261 297
72 288
68 255
17 273
152 178
8 44
11 166
50 298
104 143
52 119
21 257
107 180
113 208
76 279
39 296
42 220
44 232
134 179
23 195
48 122
234 285
255 287
5 63
172 219
191 260
51 68
53 291
127 209
113 120
221 268
203 250
223 247
155 162
46 258
71 270
113 201
45 186
194 266
69 249
76 157
170 214
116 241
123 218
69 138
34 188
220 234
153 167
153 282
54 170
221 240
21 275
65 246
89 248
144 168
127 175
164 187
113 194
21 201
80 277
105 275
93 252
22 184
129 233
95 212
61 68
10 188
102 197
173 213
175 204
178 224
31 203
176 283
37 188
89 114
48 111
128 183
220 293
94 140
60 155
157 165
86 190
162 272
37 165
3 109
187 207
68 218
142 239
147 224
76 138
77 276
4 244
118 254
131 139
166 288
206 262
100 151
264 296
173 199
272 280
41 154
223 235
228 230
176 265
72 181
111 171
21 228
259 297
8 103
11 18
91 215
81 285
9 200
12 115
36 121
149 241
150 225
62 71
210 257
176 177
240 265
25 121
9 279
122 148
67 182
2 129
3 232
167 211
81 278
47 68
69 87
57 298
82 226
137 149
14 237
15 92
184 216
204 286
79 179
45 127
24 251
62 168
37 289
223 288
98 132
81 271
220 265
96 263
24 36
43 256
82 294
9 75
12 240
87 91
199 200
112 135
185 215
186 207
86 218
14 103
290 298
110 155
143 257
22 231
109 289
148 246
39 58
94 192
166 253
192 269
104 191
177 223
127 280
131 231
149 268
168 294
136 250
174 252
15 162
35 86
3 33
24 90
68 150
158 229
40 58
88 294
53 66
148 253
277 292
192 260
139 156
3 38
44 279
85 179
29 283
34 285
0 218
74 113
165 203
1 204
22 241
25 198
212 298
30 224
33 247
75 284
130 193
41 87
132 237
154 203
155 203
102 141
121 276
103 220
106 192
31 131
17 238
20 45
23 48
133 197
46 147
140 236
69 274
72 223
254 278
273 277
20 156
9 133
120 203
63 94
49 241
21 123
152 198
119 215
123 144
178 285
71 159
121 285
140 276
31 136
130 286
96 109
134 212
67 243
73 275
1 222
75 115
23 190
49 234
67 128
59 138
10 151
103 125
201 205
40 248
58 251
78 254
6 107
64 238
107 279
110 207
40 135
25 40
65 129
66 250
