nnodes nedges type
300 2000 graph
nodename posx posy weight
0 4.968055892485766 2.581057505272875 75
1 2.4080554081457985 2.2967042355099716 48
2 1.5603355572461441 1.5776425657304662 80
3 3.604555551929777 2.5690546320705794 16
4 4.696494344524506 2.7659249868995848 1
5 3.488365884360476 2.89465609552712 16
6 5.365302416040306 2.885603955505776 35
7 3.430726820286452 2.670552143571481 93
8 5.085818823876817 2.1498741139010757 31
9 2.3621214427673616 3.507275048227421 30
10 3.0649875417883035 1.943917343139467 25
11 3.5295149799146164 1.1746486235847848 37
12 5.249610287986263 1.9294781912479213 17
13 4.444702959711421 0.7240591979444878 49
14 4.180038066431932 2.7562079421465855 31
15 4.430118781031151 3.982440561059186 71
16 4.618859209575088 0.9452071299403372 82
17 2.92066796308583 3.2193854939148387 29
18 5.389509868784498 3.0912214323489398 45
19 3.16740481012095 3.0816093597998937 99
20 3.047702367535561 1.5444826666872995 48
21 3.299314110181986 4.268267963854744 11
22 4.321164094267047 4.134935162514321 4
23 2.3674640881005002 2.588307288382294 21
24 4.135831725453301 3.804711999063275 10
25 2.9073519763480795 3.9737980555971277 63
26 4.470080664499165 3.667356056330269 94
27 4.865440012338455 2.725009259822221 6
28 1.9518577657351277 1.853350587334269 47
29 2.6447468458812926 0.7276481223579405 52
30 2.5772109036741786 3.54412155377933 71
31 1.77528169731185 2.6387315177080164 16
32 4.315188370064157 0.8229622625102772 14
33 5.720038869047658 2.1061472076964347 18
34 4.4170462245312345 0.8673509946615541 36
35 2.2003848125899834 2.965573195572934 19
36 3.4131427949427318 3.535247690212929 56
37 3.0096168361729045 0.5534321237832707 99
38 5.152720761769679 2.1786430293949968 43
39 2.2616132484814186 1.4691433419019106 64
40 1.8526961329005882 3.0960015436022945 25
41 4.255392237982415 2.260450163492692 31
42 4.619752305537995 3.4424536232643193 37
43 3.708502846334275 2.7542469094772364 82
44 3.9086405587017636 2.2048892270394362 28
45 2.39530631315252 2.8950289772174673 45
46 3.967299174547281 3.4755849164309107 96
47 4.4108359927422685 1.312432714145589 98
48 3.5134346088553206 0.8661255270383902 21
49 4.638196625705129 2.8878834742352892 57
50 4.753362129642729 1.7829319701429944 61
51 2.4414525589987885 2.1827509808354733 53
52 2.9900272752829418 2.9667346606848986 53
53 3.5086112842905424 3.2019358018459196 85
54 2.595174943437449 2.94400232246387 42
55 4.009366695778247 4.300484902684659 61
56 3.356646162241848 0.0804171031053424 69
57 2.1800989448796084 0.9216470886377498 84
58 1.9100809507278316 3.572300659901114 38
59 2.0549265031760475 1.5743604109982503 67
60 2.9175834388900963 0.36784750235595776 87
61 3.286652810371318 3.2410970696715338 11
62 4.948240750323042 3.2463738886933475 21
63 5.026513528796683 2.351036410953682 12
64 2.5356851701324397 1.5004440409713606 38
65 4.19719012044972 1.9901764104258517 17
66 4.384647285665879 3.899983007284846 39
67 4.017123810785759 1.997859589974236 33
68 5.085612728215744 1.205246940804866 21
69 3.7230056498969386 3.6529185179752 8
70 2.0148491639524715 2.384438955083111 6
71 5.289203343793041 3.2646146514166814 34
72 3.757119970455193 0.7458840568216617 16
73 2.547665350740402 4.08420163873587 22
74 1.6041124690492174 2.4433254467375742 12
75 3.530617682465029 4.150277478433275 5
76 5.164937440248571 1.8879703366518077 90
77 5.407048847874697 2.151339661897642 48
78 4.762672908406652 2.4655643984807973 63
79 2.223850720396661 3.3032706482218472 78
80 1.9814477097104939 3.346810523042419 3
81 4.743307678406294 1.6412407050949271 67
82 1.6875749366318908 2.590755617317527 32
83 5.0265008065521855 1.9331328480710834 74
84 4.0084978932054 0.8452502853118288 5
85 1.7665984009033768 3.0315626343494473 83
86 2.371759331409779 0.6345896912348632 26
87 4.484484133863674 2.9927442082941735 75
88 3.4441048719001466 3.9417314645938917 47
89 3.7314626186385667 2.3252840837621385 77
90 3.1831781278958 0.9360188580111495 13
91 3.66945261642467 4.264795560887367 20
92 1.7913286929734584 2.353257401931322 75
93 2.596932119171833 0.8472602539512833 79
94 3.235526328438332 2.14496275328453 92
95 3.1664742474254464 0.7787466091227558 100
96 3.224139098566002 1.3827915413910854 45
97 3.9659548592116134 1.460792232137616 84
98 2.799681208067064 0.9709942781606615 18
99 4.081486456491754 2.7183437243012545 30
100 4.103077229837798 4.06382164809106 11
101 2.430814526954916 1.5975955850122552 57
102 2.046546372409424 2.7764969740969736 72
103 4.4913238007245635 1.5197272544740281 86
104 1.2189642941109389 1.877017769619297 22
105 1.7461217412268302 3.4704560453005167 64
106 4.162418371136041 3.7137562123953174 62
107 2.0838423513279434 2.9070638966986175 59
108 3.795545550852379 2.5359611875245434 61
109 4.2712421299488765 2.9427940008420177 81
110 1.887521036712673 2.093704003874575 74
111 4.693302834030324 1.4131876277992272 10
112 3.701859040797423 3.2276514993473353 46
113 4.711361708612588 2.587742711165733 89
114 1.8969075643460551 2.5237976767471206 20
115 3.010107298046579 1.1082748669941322 85
116 4.161278641364837 1.0803522268030084 94
117 3.24979206237269 1.1874422255030752 48
118 2.4576444943993163 1.07784218978394 39
119 3.7215831097934737 2.121461824055817 39
120 3.1581696163280446 0.5610512264544613 13
121 2.8334624122076852 1.371718762229814 59
122 1.3125945157038148 2.131292598299274 7
123 4.614220176364423 3.78357212885593 48
124 3.90828899482456 0.7476925123818895 77
125 5.423653795216132 2.641637246631664 66
126 1.8689386569875681 1.1283753333560331 82
127 1.6677157189233065 1.458616458104959 13
128 4.188424544881366 1.2509167448454228 27
129 3.2913559873038447 2.834151503968776 4
130 4.201311868643278 3.4640351053464413 93
131 2.728917220830634 2.160356590583212 49
132 1.6580734983000354 2.9108979935448005 74
133 3.323758791478826 2.5722956881216277 25
134 3.8057787304286004 1.1922084220451803 26
135 4.585033773138798 3.2827240437137757 6
136 3.7760725550014396 0.9588858967668071 16
137 1.2499138918882406 2.7838745039025024 83
138 3.7972775945132486 1.3618627405236712 88
139 3.1532662588920735 3.4444225969278057 48
140 4.449173754346466 2.377533306584934 29
141 5.001051073044635 2.8910375081482194 63
142 2.631227633911167 4.066457920674031 19
143 4.438609351861152 3.220128184403907 63
144 3.4047140856828073 1.9484235953396911 31
145 5.205240614625371 2.612670616943955 49
146 4.047853579252019 2.8847793659965073 61
147 1.9300170715505784 2.669687076280555 27
148 4.423514080291497 2.085939775600147 34
149 2.4532008368489904 4.2825307405303095 22
150 4.564988750228816 1.6291261755215094 30
151 2.9582694093385453 3.702598878834728 67
152 1.8161361066283412 1.8663180353680973 38
153 3.9583488031512717 3.8689350437531047 81
154 2.557879289963556 3.125455378021059 17
155 4.154887565778114 3.2044996173975866 91
156 2.283955433050404 1.8782426985004912 37
157 1.9870899226793035 0.7763210842247964 56
158 2.7098379187244985 1.5965229506455192 84
159 2.3862255149406244 1.8462064008774905 5
160 2.9566077225775382 2.6505432657720203 49
161 3.062010540190269 1.3373586078965871 1
162 3.367146972096298 0.8244942930956018 25
163 3.8723397370480153 2.368476037809801 87
164 3.9861856055610407 3.1438089735100307 39
165 3.7727468891733738 1.6083429552098911 11
166 1.967632464542421 2.218124866236118 94
167 3.6310748653245533 1.389636295737154 39
168 4.099290033906338 0.22700451877326885 64
169 2.0300516584757515 3.6069554570689664 17
170 4.1377272918651045 1.5150529241308048 11
171 2.2913302769506325 3.990122702736891 97
172 1.5919109025936247 3.1324214656764706 58
173 2.4725671067916277 0.6743570232063522 63
174 4.27354599484391 2.575085838148843 4
175 4.775645857941783 3.755411039779009 26
176 4.637122596554565 2.130513379823047 98
177 2.903865853126242 2.783079793319682 68
178 4.573613403910828 1.79675510661183 83
179 3.623526958012196 0.326628981604497 68
180 4.654636016484882 2.0065877759317443 89
181 4.354113297871247 1.82200322849483 51
182 5.2779890871121005 2.317228012624204 32
183 4.558372930819566 3.788715017320716 2
184 2.5204749860452287 1.9583272936840794 73
185 3.9973897403609313 3.2769409248594146 67
186 2.796813260061537 4.406197929513941 34
187 2.1051348281419964 3.7905218462895185 82
188 1.942841530252894 1.30274435460744 82
189 3.208989913360598 2.4793903743734163 49
190 3.0353467641512415 3.443974233726094 40
191 3.3183811278373914 0.4442709580313304 6
192 1.979671108971647 1.6641613203312258 52
193 3.7559491918784658 4.258678396603204 72
194 3.7527775466892774 3.8138860563656305 7
195 2.774724968832488 1.8731629776893242 34
196 4.88036001372184 3.0523553262782057 14
197 3.430917620915012 1.7397100028474042 20
198 3.1975741908122455 1.7724470302234179 45
199 5.1245482484513705 3.2252036626876537 100
200 3.6563323609814606 1.788105262645862 56
201 2.545232736657216 3.916680282220052 78
202 4.358111288529707 1.558752700098022 70
203 3.0412779159851895 3.8037627803806533 24
204 3.4308068355087324 1.536895026559345 41
205 2.1985881212420635 1.1929206722076942 23
206 4.8144944110829 0.748607717919129 16
207 5.252794076868725 2.991684876211632 95
208 2.339289020206454 3.862820235021331 67
209 3.331691990102683 3.3965955350686468 4
210 1.8076858160129796 2.0231458220694654 76
211 1.5670244993519724 3.6876233038156556 50
212 3.7573449575523923 1.980606581715743 36
213 2.427884464164178 1.2414711463577102 87
214 5.03395280302384 1.4983640200858144 89
215 3.412894274165112 2.277035715978504 25
216 3.772787310105039 0.644862356761668 35
217 2.35040182689867 2.1292092442786434 20
218 2.8730545745203 1.673934579609012 1
219 2.910532986925665 2.2050717548297167 84
220 4.942154067664048 3.2958347134481456 86
221 3.7612360259621442 2.6413755439954967 93
222 2.9211568194069626 4.117601276086539 10
223 3.0673809663819296 2.0469102336576173 95
224 2.1680784914605042 3.9500549616733944 49
225 4.405862076665443 2.7410378614666073 20
226 2.9178363332402357 2.3440074923045113 98
227 2.899231860053658 0.8351148771016466 98
228 4.676002247709105 4.091899838314679 26
229 3.4940959976213923 0.9975357824381696 35
230 3.6289543118116927 3.550182633669219 82
231 4.2107211976695655 0.7166279748019173 19
232 2.3861430940956825 2.775647487239234 29
233 2.115073167097941 2.3930719850426483 46
234 2.224968587570197 3.155798841195968 30
235 3.830280979763636 4.247468547425935 75
236 3.5106978839351046 1.3585007142666279 86
237 2.1722310556480378 1.314781259595834 40
238 2.637415217791362 2.40577627568932 66
239 4.263863308990577 1.379017346385351 49
240 1.9475398205827161 0.9121597193012333 23
241 5.186422366837065 1.634043548163618 39
242 3.094087691637999 4.076503087705504 5
243 4.899355305231104 1.3273771556844285 32
244 3.155129490529466 2.670198225837195 46
245 4.858589294890452 3.4831061953901417 45
246 2.675089836053457 2.6163324194758832 71
247 3.9626043248915326 1.0556882191466512 54
248 4.00679131795671 1.6364745777088407 18
249 3.9637163335704133 0.3823070350350449 22
250 4.453104711788332 3.507667014383864 4
251 3.3761399175931617 1.3799325231468058 18
252 2.4448409747718607 3.611030575308472 49
253 3.489802606826878 2.196528635423753 1
254 2.836198772685278 1.2057114171700984 30
255 4.560344081647743 2.2741963396490252 18
256 5.03213705830483 0.8599414226965431 65
257 2.677265493930786 3.2899801367816233 66
258 3.441439116112612 4.341122252653813 12
259 3.439614309298069 3.658190498566381 33
260 3.177188143197768 3.966869901184038 87
261 2.9081858642867364 4.396313198944742 86
262 1.7675217977066082 1.6703243945940565 79
263 3.9080957652480697 1.662733681177319 20
264 2.8621586103490118 3.4480315652127604 8
265 5.182216750286466 2.5871813088263753 44
266 4.325602017221679 3.3420624542385964 97
267 2.186040720160029 2.668921175178474 49
268 1.6670210990625323 2.2245091641236963 38
269 2.7474439232853674 0.6677916199535586 68
270 1.5494918157342676 2.004914759519105 30
271 3.634968577674544 2.940546381964897 50
272 1.892208883706945 3.2195909169853323 47
273 1.7729083165905906 1.3697859778315884 4
274 4.1307454807477795 2.1308729449443815 57
275 1.0723478023269448 2.346512850609065 96
276 3.809089393907319 3.5595921622200994 64
277 2.766688779394275 3.233323893343458 67
278 4.991359243129267 2.2992376210799432 5
279 2.5420995504825816 0.9742025474947172 72
280 2.6469936211388188 1.3968691576076924 47
281 3.191588512285601 4.090541762735276 67
282 3.925831531671299 4.196243236224111 50
283 3.151579571487582 2.2008357076616787 80
284 4.63126590360653 1.0795045627986941 53
285 2.570635885802539 2.6378950571890893 50
286 1.9111188389766791 1.4211609383399755 74
287 3.3661795367206624 0.7130637288601305 11
288 4.952025641750082 1.688528253285105 64
289 3.5749351459232863 3.3800891839388996 43
290 2.889053750362615 0.630124260271315 67
291 2.720473551717346 3.718864034135219 83
292 4.785229504986272 3.2295151659542016 53
293 3.824179530006779 3.054291774621814 29
294 2.4713038377526235 2.0220136226896672 89
295 4.835558392020559 1.4682932897205443 10
296 1.7512659439818368 2.1590774535290147 44
297 4.253994427189428 0.6016056980612363 98
298 3.5766828385045355 0.8003775515499154 92
299 2.277328924796689 3.4290604844776302 32
endpoint1 endpoint2
73 193
51 195
117 185
174 176
201 246
238 280
76 88
64 229
88 235
89 227
51 298
204 244
62 238
135 204
32 77
254 267
39 127
152 172
79 275
279 294
234 296
74 299
8 181
173 240
176 225
196 236
198 248
246 291
155 215
209 248
64 107
211 291
122 273
51 160
94 262
113 175
115 191
80 107
25 171
99 108
12 90
213 252
36 80
1 82
146 199
4 185
153 212
153 271
173 233
10 128
11 217
202 254
162 269
165 256
41 197
64 98
155 278
12 271
109 163
20 191
294 298
123 196
234 282
178 239
199 248
41 189
83 141
46 259
265 274
233 280
214 298
51 257
3 121
43 222
262 299
33 68
169 223
119 280
224 238
95 238
81 254
52 70
18 178
203 242
150 181
227 248
14 190
181 220
112 253
115 229
175 292
254 295
93 251
94 251
156 285
52 222
36 77
128 177
75 154
7 139
31 257
252 293
16 145
221 285
78 292
100 292
250 255
14 129
62 141
230 233
147 218
4 14
10 213
67 284
32 298
129 225
131 133
8 259
29 179
160 206
19 133
40 286
64 223
31 64
51 276
209 221
212 257
165 181
71 207
56 167
129 250
97 123
106 251
240 275
252 253
108 282
112 226
133 271
93 198
8 247
173 174
37 116
2 54
137 147
175 218
58 186
40 268
83 174
89 219
18 41
47 214
140 161
215 298
74 173
111 288
28 272
29 158
12 250
14 242
0 71
162 231
182 185
4 83
116 181
87 163
52 266
109 295
21 102
22 92
6 250
134 272
120 287
102 270
15 55
200 215
129 205
77 143
17 250
127 227
114 148
208 209
83 265
63 221
158 227
148 256
145 164
256 278
223 296
10 240
50 283
55 149
185 289
154 269
29 144
180 236
61 234
135 242
66 151
50 125
31 45
88 184
96 200
24 277
109 281
129 174
188 277
281 283
106 183
61 114
67 119
31 133
56 57
42 244
66 293
211 257
109 204
54 258
24 209
188 234
209 299
192 237
11 54
47 289
32 145
51 239
26 108
99 219
154 287
156 244
174 271
87 97
127 158
59 93
83 284
158 212
4 55
7 42
120 204
129 184
4 198
51 101
164 268
130 217
41 95
64 232
245 274
72 269
39 262
24 176
135 217
159 215
91 293
189 230
266 292
56 240
41 55
149 190
227 284
178 200
106 160
5 106
133 165
140 268
31 112
107 195
17 223
15 129
92 98
204 254
62 228
65 128
194 292
54 279
93 157
80 126
152 166
212 253
213 233
251 298
72 93
57 162
76 202
171 230
172 232
232 259
31 232
16 191
70 262
20 84
40 224
10 110
14 276
182 255
92 121
37 157
140 154
145 225
92 232
170 251
88 266
28 297
19 99
8 95
46 172
138 181
146 181
98 218
43 112
8 46
79 283
50 226
30 270
72 75
53 183
146 196
129 132
171 257
26 75
197 226
56 116
40 291
155 175
157 223
85 247
86 144
88 250
210 254
144 203
111 249
166 171
170 294
117 226
190 232
118 144
194 247
69 143
219 229
6 197
9 58
7 148
201 232
221 266
221 245
114 273
130 180
80 129
79 203
82 157
137 267
10 27
90 237
3 120
134 168
84 117
48 297
159 176
163 181
96 240
170 212
10 288
11 121
72 121
53 185
27 89
29 160
85 264
51 79
202 225
167 278
11 295
89 254
162 284
21 215
44 216
210 240
46 193
122 299
109 148
92 204
96 247
39 98
118 226
120 253
124 138
57 268
6 183
198 229
203 234
25 100
26 282
100 293
214 293
89 199
20 230
26 141
46 200
67 197
287 294
142 234
70 178
109 141
91 219
76 141
99 139
11 119
195 210
52 166
70 205
19 23
3 260
78 189
153 183
106 241
38 160
81 120
251 255
25 143
7 107
32 290
32 215
50 129
57 286
132 261
98 104
4 133
19 141
101 126
157 188
14 144
108 283
20 244
3 84
11 20
236 247
54 106
165 189
92 259
150 231
29 132
86 95
0 65
58 270
49 65
144 150
15 198
21 235
115 192
222 286
134 143
92 208
165 166
44 83
27 141
28 226
249 269
200 209
4 139
155 225
89 178
147 283
114 154
204 280
44 292
83 182
50 72
13 84
65 90
67 161
54 100
115 118
5 251
134 273
124 165
53 239
24 38
62 119
127 226
93 270
114 149
167 296
24 85
31 39
90 279
91 143
24 196
247 256
198 273
128 290
99 172
8 295
82 210
174 258
67 113
157 239
58 283
41 289
82 101
9 264
66 148
17 131
110 160
26 243
9 153
198 264
128 244
121 160
191 246
75 281
63 264
155 244
103 161
16 286
112 183
23 53
46 142
107 108
34 283
0 220
11 41
212 225
251 262
53 73
9 19
47 90
189 266
7 263
83 229
161 297
179 195
130 261
65 181
46 145
34 274
145 253
74 102
19 292
116 138
27 241
50 255
3 207
171 235
117 181
119 209
123 146
124 284
177 192
52 158
19 79
95 279
64 233
106 201
14 214
89 151
17 229
182 226
42 231
43 255
254 287
73 273
109 189
115 170
97 192
49 293
11 39
70 253
53 91
57 152
102 290
232 285
79 246
83 243
110 205
19 197
211 224
194 293
67 250
91 224
110 188
93 156
111 237
8 33
274 284
4 181
27 124
121 188
45 59
179 214
108 144
165 284
204 297
258 260
26 175
140 155
69 267
13 99
143 190
168 212
119 271
52 196
218 236
54 85
1 95
29 212
78 206
45 52
137 280
228 276
85 237
204 237
117 119
147 192
96 227
42 278
29 60
215 234
35 269
20 289
80 252
31 217
33 170
54 223
36 161
221 251
130 186
65 249
197 295
108 134
0 7
181 200
19 216
114 221
60 97
27 293
122 294
21 53
4 19
115 134
11 67
195 254
68 112
255 280
224 233
9 57
150 176
61 160
26 265
105 158
17 186
0 30
230 253
67 214
52 290
144 195
254 290
71 77
180 287
3 136
131 264
43 97
63 98
67 272
72 122
53 184
55 164
94 129
76 239
252 296
19 121
41 164
6 76
112 255
111 153
276 277
115 231
133 274
138 274
158 298
14 47
93 249
148 207
116 251
99 133
141 291
270 275
59 166
9 43
160 201
125 228
198 218
36 222
182 288
155 181
17 180
22 264
187 203
69 232
142 235
184 285
224 271
26 61
62 258
101 146
193 209
92 270
37 64
129 231
34 60
198 221
65 197
164 212
40 90
22 222
115 296
236 249
0 146
109 133
44 94
173 179
28 237
34 196
100 146
7 251
136 278
89 282
127 246
147 268
118 298
2 274
152 293
284 290
47 262
141 253
110 116
57 217
19 149
133 229
62 213
158 247
15 193
187 222
44 189
49 209
158 262
236 239
117 215
78 151
126 238
44 293
158 254
114 234
115 200
22 276
87 189
141 239
70 159
149 159
5 250
292 295
38 263
161 210
179 239
3 61
155 291
65 276
3 74
212 220
188 280
119 197
104 162
100 182
85 198
89 131
41 288
204 212
50 123
226 280
247 280
49 196
74 267
106 181
13 295
69 79
220 282
17 234
37 231
79 139
29 280
69 278
70 113
0 221
163 228
165 200
20 144
97 181
69 167
126 296
145 148
55 291
3 201
5 213
44 48
83 119
127 267
75 164
59 238
42 106
168 279
144 288
184 247
186 272
150 266
44 265
32 59
109 195
119 291
30 272
76 214
99 194
88 113
124 285
159 270
11 271
174 276
86 138
161 254
31 117
240 294
40 131
24 178
60 94
43 254
118 283
34 298
147 172
2 195
116 293
45 234
129 183
22 113
152 208
75 271
38 145
130 174
133 163
102 178
158 181
112 221
41 284
41 215
24 185
204 248
183 196
59 279
80 112
152 285
192 244
16 34
72 95
94 170
29 218
200 227
54 194
40 226
42 71
5 81
137 169
49 63
14 282
207 239
211 232
13 98
69 266
112 291
131 276
209 277
84 284
267 283
123 203
35 263
1 94
81 136
153 208
10 132
174 190
123 184
160 174
16 168
150 167
278 295
45 51
83 128
125 176
35 101
181 206
204 289
0 176
21 43
99 145
118 159
119 263
255 274
148 162
206 295
28 290
124 238
198 246
100 266
64 246
89 242
162 181
71 269
127 165
41 202
27 292
180 273
0 183
3 130
99 150
190 238
118 150
69 141
255 283
148 169
224 234
7 150
54 215
20 99
221 264
65 241
138 210
22 202
101 286
147 209
116 253
195 230
128 189
202 297
131 152
27 91
173 216
231 283
197 210
127 218
221 257
114 262
139 217
103 232
271 278
55 69
43 200
44 218
101 263
229 237
142 225
219 267
93 248
111 265
171 172
4 145
9 42
142 259
6 68
139 222
31 68
162 277
37 184
21 222
115 239
22 265
23 117
62 176
215 280
145 196
170 273
43 94
44 96
121 248
34 202
53 137
61 89
84 174
13 214
110 272
21 289
276 292
133 259
207 209
53 97
74 166
116 202
194 217
195 272
73 102
78 138
136 279
83 170
140 214
51 286
74 94
21 224
120 165
45 299
230 292
30 129
50 182
160 277
17 124
255 292
19 39
37 113
131 244
151 233
136 286
84 188
102 226
16 249
58 268
40 271
24 73
10 36
158 244
107 130
241 243
167 207
170 177
116 216
131 253
33 277
60 188
25 70
134 245
139 250
14 96
17 151
116 176
51 157
147 251
111 298
183 258
10 244
50 168
195 263
94 108
7 225
63 260
82 104
90 216
46 237
76 170
81 260
117 216
176 203
139 266
70 294
5 115
64 134
82 285
12 235
180 239
184 234
63 199
28 43
66 146
250 288
140 250
17 129
109 208
110 166
74 264
74 197
81 170
99 215
44 58
192 280
48 61
35 242
132 226
82 203
156 248
125 146
0 47
114 133
133 216
65 178
48 283
250 299
86 232
188 229
7 46
32 148
177 263
52 226
96 177
5 212
45 264
88 107
124 204
16 77
126 184
53 248
70 272
202 223
154 215
135 283
174 274
35 72
19 185
58 299
243 288
83 289
85 184
109 194
20 152
96 217
169 245
189 234
49 245
73 164
167 232
27 96
71 155
203 220
38 288
149 291
79 235
189 257
139 142
30 126
87 123
37 232
112 167
3 24
38 238
61 242
65 140
205 274
7 28
51 254
72 89
74 254
237 279
77 216
98 191
153 197
176 247
252 271
217 283
75 270
38 150
100 171
121 298
156 197
89 158
108 155
71 289
110 211
185 248
23 66
44 248
118 275
49 150
141 179
146 190
183 199
5 265
27 193
178 254
261 299
174 295
30 104
181 196
43 239
190 274
72 248
241 298
131 279
63 113
47 139
30 177
267 282
274 277
5 200
81 143
10 133
102 210
53 220
54 218
261 276
180 209
36 267
37 131
61 285
120 124
48 233
65 151
49 128
229 241
122 285
146 176
43 117
244 293
45 212
156 268
195 251
72 78
50 295
197 239
35 156
109 125
20 101
40 209
5 66
61 165
181 214
39 152
24 143
61 278
5 169
171 177
118 151
10 292
45 205
131 146
85 268
160 189
31 192
80 132
133 134
139 163
125 278
144 182
194 263
87 133
37 262
94 244
3 138
23 296
234 257
57 195
76 233
132 299
51 80
200 256
203 246
6 66
79 221
86 161
114 205
22 194
52 299
91 272
219 266
147 217
1 8
3 243
23 236
234 264
215 243
18 278
15 71
132 161
64 220
82 138
228 266
246 259
1 144
165 295
239 288
87 155
235 242
73 147
166 211
98 253
98 294
44 97
46 62
13 271
125 289
72 179
20 232
0 148
148 223
21 87
170 204
23 226
44 88
119 227
10 216
35 208
80 209
127 240
76 101
132 151
140 215
15 250
109 235
110 139
39 181
222 282
187 219
262 267
68 206
5 246
78 99
117 204
7 93
25 149
194 209
195 197
32 225
52 183
19 38
94 99
185 274
10 82
12 255
161 198
86 205
0 243
19 260
43 55
33 125
74 169
43 68
170 267
45 291
50 174
92 277
7 235
155 226
103 183
161 223
36 252
38 200
61 212
81 96
10 44
137 233
50 71
108 260
108 209
163 243
222 260
97 160
187 233
43 44
47 219
67 162
50 214
163 269
57 120
170 185
249 283
35 199
130 241
64 128
37 243
185 218
93 267
59 74
50 126
87 199
15 209
164 202
165 196
114 227
115 262
177 276
87 180
54 114
128 293
9 230
191 202
62 125
10 79
139 154
34 89
39 200
133 222
45 108
46 138
102 103
269 270
236 268
69 77
124 182
127 268
96 298
60 219
41 81
103 162
160 252
107 208
87 100
58 289
205 217
45 101
28 35
49 98
143 274
110 174
273 279
39 86
115 161
5 285
142 222
1 112
94 183
3 203
52 146
70 273
58 242
5 100
62 111
121 287
155 264
4 51
192 248
48 93
213 227
52 234
163 297
129 188
59 136
25 264
13 140
221 297
257 272
5 109
66 77
158 176
89 148
16 212
179 205
144 281
1 160
133 201
66 252
67 246
90 189
20 160
111 225
97 197
69 151
215 216
70 240
54 94
274 288
208 281
189 281
65 235
155 220
83 244
88 233
87 115
162 166
45 80
0 164
67 140
49 230
128 280
55 264
191 279
106 151
200 229
36 190
203 272
208 272
78 202
63 146
63 297
0 12
111 134
186 299
258 259
25 52
61 259
211 289
175 271
72 249
90 143
91 250
146 182
152 177
251 295
291 294
95 254
4 191
164 293
54 219
20 95
83 130
76 278
80 294
134 178
159 206
18 100
121 226
68 116
156 188
50 292
16 161
53 292
223 244
105 154
14 177
144 176
125 284
41 200
24 144
1 61
166 175
169 217
115 139
23 217
96 253
71 230
18 293
173 221
101 245
132 188
78 223
85 252
31 80
108 248
169 260
64 126
45 180
194 260
49 177
91 282
73 224
1 54
146 163
148 195
193 196
57 271
239 243
6 176
9 39
252 299
90 240
108 298
110 247
113 196
4 125
26 142
28 107
230 235
126 279
145 276
0 135
148 202
224 267
5 154
25 129
119 236
122 237
30 146
32 296
59 187
227 298
16 150
289 296
136 165
100 289
157 166
12 162
85 142
253 285
0 239
187 281
43 195
126 286
236 253
81 293
119 229
69 102
160 281
95 219
172 190
119 154
30 36
112 145
147 264
227 237
138 205
161 164
144 156
18 48
112 224
276 294
248 288
70 169
93 200
2 137
116 212
244 257
134 288
230 291
96 264
131 241
8 271
263 270
36 207
60 168
102 120
20 240
49 221
241 248
77 263
95 184
9 242
43 264
6 156
118 122
105 215
16 251
125 140
199 208
25 67
225 299
111 190
20 255
26 226
29 119
53 113
1 107
98 135
27 129
34 213
94 107
96 262
151 224
136 242
68 287
12 247
110 299
78 261
103 263
236 287
187 293
116 178
212 283
163 268
160 293
56 65
129 285
60 198
62 123
84 204
105 193
34 95
35 87
15 163
155 292
107 114
143 271
88 293
21 106
28 204
159 284
41 111
5 113
107 218
258 293
204 215
42 246
43 140
133 221
205 223
108 192
5 275
11 52
122 171
30 293
202 284
166 238
159 261
35 244
53 253
103 221
135 230
48 200
147 163
75 123
187 255
23 166
279 280
52 236
143 215
146 281
237 291
166 225
79 127
199 284
55 230
245 276
121 286
118 263
28 59
144 237
143 282
131 290
96 219
188 254
274 294
167 234
25 271
82 260
193 271
11 256
165 278
65 130
73 194
3 171
116 288
44 146
104 114
149 185
28 208
11 168
47 116
196 228
200 255
238 283
6 109
155 223
66 69
214 256
14 278
162 167
15 140
16 204
41 257
138 140
10 265
88 264
128 212
152 218
10 152
177 246
103 112
59 246
150 163
89 229
108 140
41 221
25 59
61 258
190 272
23 85
70 80
18 106
39 117
116 227
26 218
70 227
146 198
59 158
149 203
99 250
52 119
17 51
164 294
238 293
202 241
136 138
49 53
14 175
165 257
39 296
84 108
86 269
73 264
45 210
193 201
267 277
51 215
56 138
146 193
94 155
76 245
206 298
104 246
85 257
109 123
203 257
65 253
103 247
62 130
45 186
1 60
93 227
92 251
94 243
42 285
80 88
123 257
69 138
150 197
61 75
172 210
65 246
63 136
162 286
21 201
133 277
87 135
2 189
3 140
97 249
23 298
119 278
193 219
194 203
124 136
59 165
80 238
89 267
58 160
86 167
253 259
67 195
33 87
91 274
18 78
219 246
36 75
57 279
94 140
97 99
10 167
13 218
58 171
76 113
133 246
271 280
39 129
115 240
210 228
65 113
67 200
126 287
7 105
12 116
142 158
270 286
172 191
27 42
31 185
14 227
184 202
17 161
1 239
21 228
97 147
152 290
67 177
105 262
109 129
5 139
27 178
9 200
230 288
32 295
87 259
4 130
132 258
28 280
179 297
40 267
13 93
54 289
44 194
45 151
46 223
49 220
134 280
7 95
16 109
11 233
40 189
114 156
186 196
78 259
176 263
103 265
14 156
90 270
113 231
3 64
97 173
190 296
198 280
170 265
116 219
29 231
30 143
70 299
92 279
220 265
130 244
154 261
136 243
78 266
65 279
86 218
290 298
1 242
87 185
70 147
165 170
57 126
3 214
5 230
117 220
192 269
121 153
177 223
53 234
36 150
100 139
53 283
204 217
258 299
186 259
41 246
115 213
120 189
47 226
142 210
21 105
153 289
134 269
192 260
249 290
232 294
164 285
156 252
86 101
108 178
36 236
44 279
82 94
189 213
146 287
57 136
202 285
2 101
223 287
118 212
10 229
64 144
23 48
6 8
45 99
138 144
121 195
213 216
163 290
2 124
5 209
99 266
101 173
10 236
232 276
164 259
60 236
84 218
107 286
179 198
15 185
37 236
23 73
135 222
90 176
144 238
201 294
111 218
84 259
266 295
215 221
163 299
1 79
274 295
41 48
8 135
7 177
191 227
121 181
159 266
15 17
164 266
19 82
203 209
136 150
89 154
34 96
118 287
