nnodes nedges type
300 2000 graph
nodename posx posy weight
0 2.049959350741425 -2.799982433405705 12
1 1.0590882332748017 -4.836684871229783 58
2 1.3070575040055297 -4.173130012653592 81
3 0.45228952986288173 -3.1319100299064018 17
4 2.1371653754619153 -4.324005361403893 2
5 1.9259372181832022 -4.339216605374037 15
6 0.17786877153870823 -3.165963895836398 87
7 0.6828777515573322 -2.979378636360231 79
8 0.9093105336450087 -2.272470210290437 9
9 3.872495922231428 -4.405593004962462 56
10 4.0215667130427395 -3.717187180833163 53
11 2.513605489340171 -4.412929837377624 21
12 3.1977255441962535 -3.6973216260027697 75
13 1.4068212638100892 -3.7634528116899033 93
14 1.6528039447683867 -3.125412446168532 89
15 3.1444027127503174 -5.687498900351035 51
16 0.5539232459774707 -3.2291614305645058 75
17 2.4177130925006898 -5.89336222119977 91
18 0.5453372927462946 -2.8868993603655313 15
19 2.194474658909168 -5.262902924648326 44
20 2.3539112625150005 -4.133641843162888 76
21 0.3426334096032891 -5.257132257297505 89
22 2.160670707037257 -4.98079782832772 62
23 3.7579315145793535 -3.3108461768790245 56
24 2.847980958105305 -3.0883620575496358 46
25 3.578829188498739 -3.4562150068968296 5
26 2.089289385686904 -2.5566613843266772 30
27 2.294399121086943 -2.7156205283777957 54
28 1.6123552106808534 -3.3724017076508663 1
29 3.6443102074065066 -3.5695334548462303 62
30 3.240921490619799 -2.8465135989266193 51
31 0.42473810522189887 -4.967033955817084 39
32 2.9317960873353734 -3.3442535784457514 94
33 3.616991909487249 -4.845455537784156 80
34 1.7814859317729006 -5.470641248012756 81
35 2.242096052725623 -2.1432490685712633 90
36 1.51035898691315 -4.464120155572627 40
37 1.1898196616324042 -3.6268189385332206 59
38 0.9022676565980179 -5.637312146434964 59
39 1.3265242761782392 -4.893429814866007 100
40 3.283134887069144 -5.609646945995695 54
41 3.8466209011357644 -4.167195462982249 26
42 2.3651422254674586 -4.436210441010043 68
43 1.3281355710686604 -3.1157028623587832 12
44 2.198052684114386 -5.607666454397885 53
45 2.1395626296489776 -2.096531476234903 87
46 3.33002171905603 -4.893035531179035 84
47 1.2523151987331882 -6.072975847716851 82
48 2.493138424956642 -2.7202763904630167 9
49 2.9149219540819087 -4.578971038654532 46
50 1.5981772409950805 -5.111020550142974 22
51 2.31886677262694 -4.735781516079859 35
52 0.22929854889543733 -4.241562211177049 61
53 0.4636396754689118 -3.7073971444717158 67
54 0.7578718754149133 -4.470934732158114 40
55 1.586718626402732 -6.0730528255634395 8
56 3.3383682269686994 -3.089488580760275 21
57 3.4762159352849316 -3.395288570276698 80
58 3.45446352241051 -5.604390069927198 23
59 3.832587530736666 -3.0737112831312756 28
60 1.0765934762578795 -5.263232018459692 20
61 2.4432251124732454 -4.856792941947263 60
62 2.4283643351597655 -2.4217126344198583 10
63 2.214214880372369 -5.134432678358266 16
64 0.9282683277448774 -4.4299800981404225 36
65 1.9855611684726178 -2.151566672776347 22
66 3.432467147034965 -2.585632438941045 62
67 3.4462262643046624 -5.174569906571637 16
68 2.7150740389849948 -3.6926527667066265 47
69 1.7762367096266367 -5.875074270878335 67
70 2.778943213508612 -4.009718383674117 85
71 1.9071333606789431 -5.267668514155224 44
72 2.4689265196103594 -3.003681073881898 75
73 2.548088176571371 -4.227100480172895 6
74 2.265877649918394 -3.6759537420695363 14
75 3.716149667359826 -5.300043086519622 19
76 1.4328997116264024 -5.790288248484046 80
77 0.6762394139217381 -5.062915057987242 85
78 0.965296883692116 -2.9790631815870863 17
79 1.355863016325204 -3.612330947172548 43
80 3.840763415553807 -4.808221592236962 5
81 2.6034257322295256 -4.716003946466651 38
82 0.30252704331662433 -4.614230016892228 38
83 1.5141781843712943 -2.6213719508140936 56
84 2.7789941466961023 -4.583076681028898 93
85 0.4229437601693399 -3.86026992070351 97
86 2.3753918690989235 -3.192513725098076 44
87 4.2404861371175 -4.078240442040568 82
88 3.3076966000462242 -3.846214285084082 23
89 0.7040851958874985 -4.256875782216229 78
90 1.7387774629913302 -3.4282348452303393 42
91 3.238612244166273 -3.9089463773353077 66
92 2.6853835647567403 -5.076277573314777 48
93 2.078892580094517 -5.467748844108044 20
94 1.3123840117409786 -2.724877884744668 87
95 1.1746009914529258 -4.347357557498227 62
96 3.9659171070801267 -4.9577489035630355 21
97 3.0582707531631206 -5.172526651369339 23
98 2.728632914445547 -4.209754625558244 86
99 1.574286744138926 -4.9759449672740335 91
100 2.58174476037532 -3.0186865563573133 68
101 0.782505078168377 -3.2231690423447796 48
102 3.1895052872003884 -4.603542911941336 62
103 0.2987969551441409 -4.0871291389509325 82
104 2.148891709687994 -3.299160481915595 58
105 3.9952050501681726 -3.8604178507734623 8
106 -0.03161653398234891 -3.7238007815010143 79
107 1.351029158979786 -5.310474268234127 25
108 2.9942165646205803 -4.38133895517992 7
109 2.9338962173018532 -5.332446817806876 95
110 3.0570600618785186 -3.648143837209395 97
111 1.965528963822343 -3.3110177700037355 63
112 3.987018493678792 -4.345511486929546 90
113 3.406266690063758 -3.1835568739424076 72
114 1.4276031978652255 -5.145909030951191 68
115 3.5873296016534795 -2.8613038599521134 77
116 0.4103507068019185 -4.396944042031475 76
117 3.4102702917059755 -4.0949627594257025 25
118 2.6768164887775234 -3.4947119329475638 81
119 2.7718338936094913 -2.8014418159680554 11
120 3.0738099943784554 -5.055182027324309 3
121 3.214714543339733 -3.2882352874443055 12
122 2.3254199442912626 -2.468816332066888 19
123 1.48974264056094 -4.241002746307391 49
124 3.1365183641388183 -4.478387874172442 42
125 1.026118066864749 -4.955400690388228 38
126 3.8474071200822633 -3.451476107138417 94
127 2.5228171001500685 -5.086446032260164 50
128 1.0744734936205422 -2.5057419908538234 92
129 2.395354271387582 -2.8146429195815568 1
130 0.942965366450811 -5.468733822709975 29
131 2.5104516615383825 -6.2466815071152535 51
132 0.6177255611305673 -3.656660443319946 98
133 0.6851706703772891 -3.37123943309424 96
134 2.879384266177751 -5.911569475417708 39
135 1.5222733968803095 -4.758711564567892 90
136 1.3451141648892868 -4.013571910313019 99
137 3.0527881281130065 -3.5275757456561476 56
138 2.9424000339037897 -2.4302478801025225 34
139 0.18765230532484514 -4.908203901067305 63
140 1.7561866300758022 -5.349556055390559 98
141 1.9246139060992655 -3.004208500010607 74
142 1.1407193208046882 -2.7738723338422386 31
143 1.0152800047970412 -3.403056924745172 81
144 0.8490837548782876 -3.9533151279494025 32
145 1.7498787844983181 -2.7308926448176494 62
146 0.15791400543182604 -3.875949284232124 98
147 3.136427609887114 -2.6531473596227944 46
148 2.7503445627483285 -4.329831273010201 14
149 1.6877718217749826 -2.561951149403727 38
150 3.733059088299507 -4.156511736800057 76
151 0.48720075516650385 -3.566807281508352 41
152 0.8540269581010732 -2.5660741621325336 93
153 1.3630276356550752 -2.9577865709101747 57
154 3.891675369943991 -3.335392930888733 88
155 3.562398285261484 -2.9359835264804266 33
156 3.068409625956813 -5.400903814986637 34
157 1.8568455254214757 -5.002922051037788 41
158 1.9311211872087308 -5.101194014438365 18
159 3.05363015709767 -2.0479309355467876 54
160 1.68513310917996 -4.8455905396394865 20
161 0.8660608209680484 -5.120101071017204 16
162 2.915653546706588 -5.056638893958902 49
163 2.241371348291814 -5.904256078325391 68
164 1.6453891936620215 -5.460171950342655 63
165 4.234914811167524 -3.714014359839353 18
166 2.824294722721567 -5.589127222867704 91
167 1.8856952703866707 -6.025249620525934 84
168 2.4516707416645316 -3.4418808826638454 62
169 1.907050220473105 -2.7963521953329904 53
170 2.6053869685944413 -3.92518501729604 31
171 3.5280379948490115 -4.422775777803797 97
172 3.849089196975198 -3.94211800989757 58
173 0.9793827810173145 -5.230623473829939 56
174 1.0010218999314244 -3.820644018409259 56
175 3.2201234100663116 -2.436724466117766 98
176 2.613983031066432 -2.2987426968687834 86
177 2.989712432325421 -3.1563744598965293 8
178 0.0020930930119770065 -4.26272428086585 69
179 0.869090083539578 -3.3335643439814193 79
180 1.3955922392202285 -6.033624041661545 15
181 1.9128848583344817 -5.712930000433766 51
182 0.9467760030028465 -3.7212004747137724 48
183 1.4321261582037585 -5.556525173677691 68
184 0.4070206658740534 -3.4101183668073696 40
185 1.3214572033169023 -2.105845078802287 72
186 2.4682851155697563 -5.228968693179476 7
187 1.6506446724481851 -2.392862391880182 89
188 0.3421345394859503 -3.0211180914474864 45
189 1.6122412984177121 -3.673434925032125 11
190 2.7600817994415086 -3.3470836612620896 66
191 1.6586628167471198 -4.307403180007661 22
192 1.1649950514648533 -5.1156135058594225 31
193 2.8447438477765363 -4.787064637554834 82
194 2.0644779196773273 -5.7007386639010535 70
195 0.1378472126139823 -3.641143990303484 85
196 2.423643626188894 -3.9271658028499052 36
197 3.645110564032091 -5.116446454197814 64
198 2.8464870080880043 -3.603809186482025 42
199 0.025557034458266396 -4.656323617371295 62
200 0.677868405970786 -3.856931295756725 72
201 1.4324574874604081 -2.6371873163055337 27
202 0.6678661427389185 -4.596572700112995 33
203 2.0588699179150094 -3.7832351097428316 41
204 2.662409222939301 -5.441726485311731 56
205 1.7626350686811183 -4.325087173433512 65
206 1.089215374208422 -2.906129387910813 39
207 0.15990187929134514 -4.483571715505796 23
208 2.9846079085397195 -3.795752507549055 57
209 3.190781410505004 -5.214521665028779 46
210 0.29522931594074114 -4.707302500903077 77
211 3.7561220297834987 -5.527040575607423 71
212 2.149483980119958 -4.101588479990184 59
213 0.5689582954136497 -4.095945199342609 73
214 3.345384248413892 -3.540942512768289 85
215 0.5168525455433417 -5.329075198176951 89
216 2.8792304160769033 -2.9552596300523817 7
217 3.667339180739701 -3.7749118100004213 85
218 0.8270162431166704 -5.397166461750616 52
219 1.0847424073561482 -3.2579792515726957 47
220 2.252426361555606 -2.4117507196762986 22
221 2.6687527881647615 -5.327655654211149 4
222 2.6962212922726603 -2.5966179491241985 23
223 0.7142470063000652 -5.204473080469899 18
224 0.7100662068575754 -4.851294845671928 51
225 1.561211090284516 -2.1940359635778246 70
226 2.058742999053162 -4.539281476771199 73
227 2.228414397296517 -3.920081870012088 94
228 3.6012036676738366 -4.177742891791611 32
229 0.7989071224481199 -3.5267250600530495 27
230 2.2070142394545407 -3.0760959174269473 24
231 1.1093016140488523 -4.665041823406992 22
232 2.701631995598746 -2.4615805550929037 26
233 4.004571977455629 -4.65907321539049 72
234 0.7525059765526639 -2.64251513375849 85
235 3.5508645858837253 -3.820397313148885 52
236 -0.08323230429945755 -3.990868493784306 94
237 3.496843572067067 -5.293043689868159 18
238 0.9140547956752962 -4.11700796263706 71
239 3.7647906307125845 -4.642819746843037 48
240 2.7063323323775994 -6.11195252879533 45
241 1.7428938268535235 -6.34302698609754 74
242 3.348590759072325 -4.30345723004 87
243 3.306984894185889 -4.729121686856259 40
244 1.106779256755082 -2.4526076285750116 55
245 0.5939277337435943 -4.516308764501339 37
246 0.8304301354092005 -4.718052300311399 27
247 1.8934728235549814 -3.553367070979193 94
248 1.8834038321098714 -3.1970711369910254 82
249 3.114993478782565 -5.791017914210191 9
250 2.8575763519503483 -4.903043026533578 85
251 1.8944111050128996 -4.648487146683465 100
252 3.554153411192025 -4.861675275805133 78
253 2.6470265460838593 -5.774542940893826 95
254 2.4682838001342904 -3.5693695551831817 51
255 1.1153768625523968 -2.155346571185861 79
256 2.0684994499728777 -3.2399364400485235 20
257 3.6977178705796363 -4.721685709330452 76
258 2.236346353053071 -4.587984361546135 69
259 1.0070166272254981 -4.14227874113076 37
260 2.5099762827412357 -4.691768564852401 65
261 1.7115258125498947 -5.652182455804558 78
262 1.4641678745243871 -4.049559741189092 54
263 3.0185752165847974 -6.015237749154685 17
264 2.0571758868653234 -5.893406688347803 31
265 2.726508885726579 -5.687175642112377 4
266 3.3115095195855857 -5.071560484880535 39
267 1.1412283934010126 -3.064505466906513 99
268 3.639063354321535 -4.498708911366508 32
269 0.5870210987688795 -4.199571129024666 1
270 3.089238279757457 -4.232817091152094 18
271 1.736331314109863 -2.8757628297437274 29
272 2.3512242010237157 -5.5084362214554625 32
273 0.8633348657512625 -3.467217983529092 78
274 0.6599275316028397 -4.908256562805484 64
275 2.0142277389180534 -3.8738496662158246 66
276 1.1494632091477104 -5.4123977198320325 5
277 1.8985749667651641 -2.5113058355942015 78
278 2.971286201461303 -2.550162205907892 43
279 2.76122667652936 -2.267053835207045 7
280 3.439944096905053 -2.7616543395200046 39
281 3.0248903593005094 -2.9503210857683273 63
282 1.076785512509481 -5.7548718689832725 47
283 1.018719322374567 -5.607519743706501 73
284 1.3508336796614682 -4.48166552485387 53
285 1.8111276739925728 -3.818829003585408 2
286 3.0348819932933426 -4.040652363546975 39
287 1.6346977518761343 -4.60949035972255 28
288 2.427283338720563 -5.593380048793802 71
289 1.22092509117567 -5.736204843328473 93
290 1.39644835536789 -3.360604032796464 69
291 0.7372126230746596 -5.163688494380911 50
292 1.4447889354187828 -2.924262328291689 25
293 1.7986775574087888 -4.033751235173582 79
294 0.9108961832052022 -4.3041807370850815 10
295 1.8350948535187472 -2.0585405616267916 5
296 2.190806335600923 -3.6249713426203782 71
297 0.1338583643443708 -3.259329685813764 4
298 2.0898542061628382 -5.325031522091062 52
299 1.762261605598738 -3.7364450745006828 82
endpoint1 endpoint2
73 193
20 162
168 235
38 124
25 217
44 147
128 222
92 135
4 203
171 272
6 292
172 239
227 258
139 299
31 292
36 177
76 88
136 157
17 209
165 286
19 200
88 154
141 176
145 226
53 62
112 288
26 208
104 122
33 34
237 269
76 192
153 262
264 287
176 225
125 194
198 248
200 231
202 247
60 249
135 259
14 286
111 128
59 102
84 102
86 267
192 207
63 114
123 207
267 287
69 135
142 184
92 296
55 259
206 288
8 188
11 217
17 50
199 259
202 254
203 267
136 139
83 132
102 160
239 265
44 233
133 290
32 91
269 290
145 220
168 192
44 120
48 123
51 214
55 173
129 299
77 192
11 222
123 181
51 71
5 79
63 130
66 175
108 131
71 265
39 149
42 196
133 299
26 186
248 262
66 277
51 174
1 51
184 269
97 231
43 111
119 280
194 241
123 256
148 181
95 238
63 139
133 276
248 269
283 286
140 189
68 213
90 102
98 275
120 252
45 195
36 77
94 138
148 188
4 150
150 221
6 182
103 151
88 95
52 77
110 266
21 283
24 113
243 276
61 293
70 189
145 199
42 268
13 275
70 204
19 20
94 141
172 193
68 293
33 176
40 201
137 242
247 251
233 243
125 293
110 252
19 242
4 102
27 271
134 156
70 180
0 299
240 250
98 293
118 255
150 239
5 18
136 276
174 225
13 210
161 201
89 161
250 257
37 173
38 53
22 260
122 138
1 31
219 285
25 145
12 108
124 150
126 150
37 116
77 157
22 61
150 230
81 218
28 281
30 45
89 285
142 273
199 213
203 293
74 90
24 256
42 163
22 287
68 201
87 170
7 94
219 220
61 103
118 120
28 272
58 264
25 65
155 296
228 290
90 271
212 286
49 212
54 103
111 297
79 101
11 144
104 185
15 55
193 296
175 232
178 188
105 222
68 281
15 164
54 129
43 144
79 187
86 219
15 213
222 267
141 234
73 140
39 53
98 156
44 64
56 67
242 274
78 227
66 100
17 243
49 117
85 169
107 116
9 154
48 171
53 65
78 123
232 295
199 296
96 278
95 294
81 198
245 256
161 238
108 179
46 137
138 150
85 178
49 110
90 280
2 243
187 248
177 258
52 231
260 276
99 260
121 170
17 92
19 71
129 208
100 186
174 271
161 298
17 237
108 170
110 194
20 46
83 284
158 212
1 196
2 202
84 261
74 200
2 125
10 237
102 298
164 268
135 279
13 225
91 123
39 251
44 262
158 223
189 230
121 203
84 268
67 131
213 224
69 171
49 294
128 269
129 177
94 189
149 190
6 290
101 213
176 244
124 282
35 228
100 275
66 72
30 98
13 26
89 153
158 183
92 98
186 235
66 270
152 166
26 214
100 113
63 79
20 274
6 293
10 159
125 200
56 102
202 205
104 274
107 184
16 206
0 8
61 263
122 279
13 100
79 274
251 291
60 267
99 288
99 247
119 189
52 106
197 249
208 275
64 253
135 258
193 287
174 299
85 238
107 260
144 266
45 70
66 256
49 131
51 163
70 86
98 263
44 130
23 196
50 226
70 225
218 246
71 237
60 258
196 287
127 298
201 231
19 104
238 299
24 29
79 194
64 244
88 250
162 183
71 275
80 281
46 183
14 92
91 257
28 136
230 259
5 61
172 213
177 230
160 186
275 292
108 252
76 264
258 272
141 218
37 281
43 110
8 220
27 168
32 285
81 253
117 156
182 296
203 245
132 191
60 135
72 130
248 270
50 60
147 212
5 158
234 269
34 181
243 249
101 251
127 193
222 239
25 100
250 252
175 191
26 141
133 284
173 298
48 295
143 152
146 153
205 292
11 119
34 204
70 205
95 223
61 91
136 217
100 234
102 242
89 274
77 123
24 121
81 120
85 139
90 198
36 299
2 282
114 192
115 242
284 298
49 160
145 191
184 291
148 220
224 261
4 246
170 193
73 96
231 260
89 160
198 215
289 294
93 291
58 263
100 299
137 250
51 284
22 208
207 220
86 294
256 258
77 267
22 67
224 284
95 188
102 285
53 157
130 224
77 156
78 143
11 242
34 49
208 228
63 174
232 234
158 246
43 50
45 149
11 13
122 146
3 234
22 90
5 242
151 290
118 206
7 89
129 203
57 227
65 169
68 162
158 249
111 187
39 174
189 200
101 294
69 205
237 241
33 226
81 203
35 83
127 226
199 202
138 229
103 256
15 281
0 206
20 129
116 189
65 83
46 239
247 256
177 279
145 155
106 262
35 203
56 68
57 237
78 224
16 295
34 90
179 245
36 231
54 153
82 101
18 19
101 296
28 88
141 226
2 104
26 98
28 207
47 93
249 288
13 296
59 214
117 281
81 197
10 75
86 123
106 199
181 226
39 196
204 261
41 298
81 86
49 109
13 127
107 108
147 159
23 170
44 160
30 296
56 280
39 42
95 153
6 236
99 218
178 215
189 266
14 256
179 195
37 225
21 167
39 264
97 257
205 213
79 145
46 145
229 260
17 298
69 161
51 247
217 227
152 200
104 150
20 71
60 238
133 187
14 267
182 226
93 274
48 279
94 275
170 246
152 277
99 123
192 252
35 278
75 194
4 206
5 216
10 149
28 212
104 157
13 136
106 161
79 246
84 227
67 109
89 152
91 115
271 298
36 283
69 258
93 156
38 114
51 197
41 63
172 233
173 245
41 72
61 149
282 287
49 56
105 171
14 277
18 223
41 217
74 147
166 190
230 278
99 291
26 65
176 227
139 290
196 238
100 258
65 299
1 182
55 127
43 226
71 95
91 254
93 238
194 253
129 155
95 250
26 72
252 282
26 270
144 189
182 206
41 203
42 219
62 158
120 129
46 180
91 256
38 103
151 267
105 124
95 227
153 278
177 229
179 188
198 232
0 111
202 231
223 240
0 30
204 227
59 118
84 118
68 232
91 281
151 256
63 98
121 239
123 258
113 296
60 273
103 152
31 282
252 296
75 289
13 54
182 216
64 114
122 296
140 191
33 83
184 278
97 254
115 148
117 243
27 160
119 275
47 173
105 110
123 283
195 291
3 286
7 133
102 248
142 258
223 230
103 230
143 289
110 251
21 223
105 281
74 190
115 157
13 273
71 208
29 177
89 273
198 221
0 116
25 108
208 247
157 162
250 260
15 260
0 227
201 275
164 212
23 115
209 211
262 274
87 150
21 73
98 291
106 291
210 261
126 252
14 145
25 230
284 290
54 107
111 293
21 82
152 159
44 85
9 205
119 254
151 292
62 268
181 284
218 221
92 284
6 153
82 230
10 84
83 195
103 188
142 279
162 289
19 258
259 275
24 247
74 171
219 276
2 156
110 127
58 97
71 191
57 226
64 183
102 228
249 253
127 228
54 140
60 163
4 283
135 254
4 93
22 276
42 168
173 269
47 276
33 112
92 168
93 214
22 82
191 195
32 253
41 97
6 139
7 283
100 143
89 186
125 129
127 237
53 287
41 242
83 267
85 174
103 259
87 197
76 169
152 244
5 227
8 238
12 27
52 130
58 226
59 208
60 194
93 262
186 270
32 45
141 144
17 130
189 217
49 196
128 245
55 298
170 173
103 160
144 297
112 168
204 262
42 242
83 281
250 298
158 211
1 193
110 168
96 193
5 287
48 164
50 197
167 240
25 257
260 278
35 248
71 163
164 263
242 258
7 205
136 288
86 115
179 271
16 219
31 140
218 299
37 224
97 256
118 256
131 289
226 298
63 91
48 91
29 87
25 266
9 27
35 225
121 290
13 31
125 165
63 243
90 191
113 185
23 268
116 146
1 76
153 198
154 169
28 213
40 251
20 79
208 295
9 109
92 124
19 196
111 127
61 268
96 214
7 26
47 131
29 41
129 136
5 192
171 216
123 163
30 216
89 298
75 260
61 148
137 169
125 183
112 212
204 298
41 216
42 214
216 285
71 97
75 98
189 246
105 113
32 191
36 84
128 168
149 206
171 209
174 190
123 184
71 135
56 111
112 124
130 160
225 230
125 261
72 292
68 251
12 275
90 136
59 293
121 220
105 122
50 224
215 229
146 194
55 284
148 162
166 257
80 253
101 206
29 172
196 281
203 268
189 294
135 174
137 219
65 248
10 30
144 259
72 299
1 142
42 216
24 142
122 295
170 292
4 163
11 211
177 228
160 188
178 234
108 111
203 254
136 181
10 25
46 262
11 288
90 292
55 76
40 102
169 262
44 227
48 230
138 165
71 76
163 183
73 226
97 228
44 114
132 298
29 190
11 200
13 164
109 112
54 174
40 275
82 146
176 280
49 91
127 171
138 275
32 108
159 187
94 254
168 177
72 98
93 105
166 298
60 297
64 273
160 202
252 288
142 259
0 126
54 161
203 236
40 197
246 247
140 288
51 272
86 187
162 277
37 184
169 189
22 265
206 218
235 243
22 183
205 290
170 273
119 235
220 244
2 35
60 288
150 235
81 237
8 262
11 198
175 209
160 193
124 242
181 186
203 229
107 148
109 243
21 231
85 122
51 134
215 273
240 253
3 254
224 263
118 242
28 238
56 170
64 186
175 222
272 284
93 289
24 66
51 286
110 138
184 189
248 293
11 22
5 247
120 276
102 275
230 292
52 182
181 283
94 98
82 231
9 93
13 200
14 238
161 266
77 107
114 298
208 230
158 244
111 188
224 277
8 225
120 283
43 271
81 208
100 129
63 287
160 214
0 90
138 248
103 261
148 260
158 270
52 277
128 248
146 251
58 105
167 196
99 274
244 284
124 167
2 7
185 285
82 290
19 162
4 259
208 212
43 149
167 298
48 216
265 294
49 113
0 192
112 266
113 156
141 231
73 177
128 292
114 117
118 222
27 157
285 295
68 73
12 20
8 297
123 126
16 281
61 231
9 270
183 227
11 50
14 29
0 257
3 195
277 288
45 271
12 19
127 269
245 269
9 121
160 251
72 258
218 289
20 34
185 229
49 99
73 210
93 143
19 289
3 187
143 213
75 214
99 265
70 272
36 128
42 107
5 101
64 148
136 236
10 112
35 72
37 239
39 266
134 209
88 137
110 176
22 140
79 256
119 290
16 53
270 288
74 247
154 175
46 113
47 109
33 140
196 243
36 143
168 287
78 251
184 255
38 238
37 232
59 87
6 7
48 196
168 232
99 125
73 173
36 39
260 261
12 56
53 202
36 182
221 238
2 296
150 261
84 92
73 280
1 43
42 290
192 245
48 74
104 119
120 221
73 86
154 177
264 284
89 297
208 287
67 84
12 134
107 189
125 182
66 260
147 189
39 123
118 133
119 265
48 65
47 139
84 285
128 169
4 190
151 185
8 185
28 292
177 233
106 145
124 299
17 61
137 209
64 111
28 29
109 166
97 233
98 217
23 193
84 292
156 268
193 203
194 251
60 285
26 86
173 229
164 291
221 270
20 101
79 207
165 268
114 219
169 284
248 259
12 267
180 274
0 136
147 203
234 262
52 212
215 253
4 172
102 204
13 170
38 178
79 212
261 262
228 260
12 179
71 261
110 239
37 181
64 125
86 281
0 143
148 194
98 235
116 257
27 173
95 234
227 290
231 282
178 226
51 80
17 32
109 111
208 251
176 281
197 279
15 239
28 106
126 278
91 272
37 271
123 285
52 218
64 173
154 156
210 273
16 149
182 294
25 105
261 264
78 296
30 79
42 178
243 280
65 115
212 262
49 172
32 100
86 299
163 164
115 159
68 111
13 271
16 125
4 153
97 102
60 289
136 273
101 225
210 264
119 155
30 39
142 267
110 273
4 296
10 51
85 136
108 228
201 273
54 296
112 239
42 189
85 121
86 290
76 135
116 203
118 243
67 265
12 113
123 299
52 168
126 147
53 145
64 187
210 259
130 151
108 278
163 197
109 235
40 67
45 153
28 119
140 166
143 235
110 122
148 230
224 287
5 246
9 243
255 295
36 102
100 155
137 151
28 277
68 279
31 173
127 249
114 158
24 74
118 291
50 223
51 151
92 211
96 150
104 182
32 248
50 174
130 246
154 240
31 170
89 183
235 263
142 284
65 273
250 287
108 209
1 109
92 170
5 248
83 98
29 226
127 286
57 233
121 260
18 132
135 241
48 217
102 108
141 149
273 293
19 274
114 227
266 268
74 219
224 292
99 282
99 209
191 202
87 293
117 285
102 148
179 259
161 284
36 226
130 270
114 139
81 82
133 222
63 198
138 235
70 124
2 244
22 243
50 200
88 299
53 77
74 194
202 287
1 127
171 299
1 293
96 298
132 227
42 97
7 267
82 200
105 204
14 203
181 239
97 269
251 283
56 230
146 229
4 219
171 247
117 169
101 175
7 190
124 205
16 78
62 111
136 290
102 134
161 251
14 210
58 296
97 262
133 192
65 138
46 148
32 61
147 169
79 259
63 69
32 172
54 71
202 257
98 165
151 173
154 172
10 233
123 151
70 264
19 80
238 275
14 213
16 271
23 68
118 281
83 297
50 98
216 273
72 203
39 68
5 180
189 226
84 264
76 207
41 59
4 201
59 129
171 286
153 196
46 121
178 273
200 254
36 183
63 288
174 285
179 287
14 273
159 216
90 132
111 238
170 252
11 81
213 245
35 256
94 168
172 228
10 155
29 216
16 179
40 228
150 162
218 258
36 269
44 240
88 159
73 256
74 158
146 182
113 169
5 166
71 240
291 294
76 253
20 293
102 211
47 123
178 259
53 219
222 247
132 206
5 88
107 181
90 231
72 294
25 61
207 246
62 154
133 292
91 243
219 294
20 189
98 214
28 141
230 268
53 179
22 24
124 232
51 69
126 220
203 251
84 251
164 179
204 231
243 260
120 132
33 70
184 267
23 217
52 213
78 172
61 76
51 74
89 259
34 46
164 186
187 267
48 152
28 108
84 113
183 298
94 245
9 214
11 125
50 144
34 182
142 143
53 133
57 271
3 282
5 34
80 237
64 284
40 192
130 139
21 285
58 163
136 190
12 171
18 62
112 242
114 202
60 114
43 202
134 167
46 197
287 293
163 190
183 291
42 270
123 284
160 258
255 267
128 182
3 259
231 274
19 131
20 115
232 249
89 203
44 211
209 223
138 280
158 272
69 213
215 282
70 182
90 106
92 265
57 281
27 43
11 248
104 209
132 169
25 113
135 140
246 283
157 191
164 215
33 98
141 193
90 117
57 100
148 216
184 295
78 136
29 135
138 244
15 270
39 180
21 95
224 272
23 250
126 155
73 109
2 51
5 6
81 221
7 294
137 150
175 225
34 77
235 257
60 167
25 67
23 45
68 167
259 276
24 250
247 270
48 187
170 191
123 245
69 81
16 99
71 184
220 264
7 234
9 68
11 239
87 88
77 98
29 266
24 193
73 142
92 171
74 209
94 195
118 197
121 154
17 108
36 149
206 285
82 215
161 215
161 282
43 151
155 292
15 208
3 79
39 163
212 223
51 228
1 101
95 151
8 145
48 56
56 72
60 221
242 271
117 284
87 110
184 236
20 37
114 136
62 205
9 268
49 249
141 286
94 205
98 144
79 118
99 258
117 175
5 233
9 127
140 284
160 253
56 62
85 189
49 97
8 48
44 156
63 95
47 241
141 279
3 202
124 257
16 79
40 240
245 276
84 217
161 250
43 250
62 255
13 116
254 280
91 150
236 259
49 235
251 275
69 173
57 155
274 294
99 199
191 224
30 237
124 280
238 272
58 250
130 210
42 80
83 238
86 137
13 28
181 240
41 211
48 198
38 127
22 133
26 200
84 265
142 169
174 179
47 116
83 247
84 239
67 81
89 156
180 205
181 249
71 291
2 294
25 50
134 193
34 288
73 203
190 248
56 252
59 153
4 177
197 251
203 204
63 157
67 86
30 110
18 219
2 289
70 80
168 216
205 258
193 240
237 263
94 144
176 231
13 182
31 299
51 127
36 166
202 241
38 134
76 77
95 270
82 164
84 253
104 286
157 193
107 180
182 203
135 195
120 126
66 198
70 75
166 181
43 119
92 294
50 293
201 234
41 190
114 275
24 98
228 287
214 277
127 166
229 248
49 191
12 261
85 99
91 260
109 157
76 157
117 237
29 49
88 285
53 187
73 79
13 168
20 110
203 262
203 243
132 189
42 63
233 258
1 132
45 179
122 227
73 112
57 270
3 285
95 212
11 205
34 38
0 122
37 43
43 188
265 285
250 254
214 295
40 80
32 111
33 87
143 158
18 78
74 179
32 297
160 259
100 232
84 162
31 271
196 206
0 113
184 195
112 155
20 124
81 122
100 290
89 202
72 142
271 280
111 162
28 99
47 193
49 287
166 209
96 131
118 254
192 289
38 287
149 232
80 220
81 226
136 222
9 80
104 210
107 248
37 221
162 299
14 61
21 85
167 218
81 285
120 272
10 198
34 192
27 35
191 289
107 241
161 195
54 182
110 286
134 254
246 275
108 221
0 254
115 254
22 286
120 168
212 278
51 144
58 98
4 250
123 290
160 296
18 144
54 137
134 241
108 212
236 289
163 204
24 262
62 168
173 272
64 82
122 159
74 215
56 187
55 157
149 259
64 139
100 140
174 245
33 298
179 234
199 200
53 274
83 189
103 262
72 170
91 141
18 26
187 235
27 232
67 164
260 293
81 256
27 153
52 135
56 66
185 290
60 199
64 130
155 253
13 247
72 279
14 110
19 276
22 254
24 201
212 216
50 207
57 135
12 23
88 96
54 227
129 277
41 110
64 153
68 270
16 284
161 274
17 245
93 258
114 137
109 205
23 168
190 221
11 55
67 146
70 141
260 299
99 261
9 237
34 255
17 93
61 140
154 286
31 131
18 244
185 234
39 195
2 205
183 245
11 44
214 222
109 268
57 145
5 209
124 258
196 247
217 270
41 88
174 273
16 223
37 236
186 227
23 73
207 284
48 277
109 191
188 255
118 183
121 196
84 259
212 245
57 154
4 204
223 269
22 114
99 198
7 177
167 229
78 79
124 198
126 166
71 148
107 192
161 293
91 113
271 296
39 241
