nnodes nedges type
300 2000 graph
nodename posx posy weight
0 0.041544683497505515 0.3409841247554967 14
1 1.4106231740693846 0.0833846072722574 39
2 -0.2699077072137277 0.7069879687172829 22
3 1.8105560955393885 2.950320207327158 56
4 2.981287948064252 0.8295138626120775 80
5 2.533308671862936 0.5860016547453266 96
6 0.3953642297794098 0.7253914279654028 31
7 0.5079839517664898 -0.026669541368674627 73
8 -0.11318509003942767 1.4993411369797045 38
9 2.5870828884024166 -0.3143777957894589 17
10 1.351116322130939 1.7481622042176548 25
11 2.8653358134614124 0.10124195776912398 83
12 0.5878400230796795 1.1450047146170792 64
13 0.7802295010433489 1.2935794951019084 46
14 2.8658051293328466 0.42506733874878544 93
15 3.5990460229111525 1.2138162089207503 90
16 1.3681371597007785 1.2919374279973914 53
17 2.106969203679699 2.0538119277563167 40
18 -0.010482708359214934 2.0482580825163152 2
19 1.5207018305529258 -0.21243415212755576 32
20 1.7613141030386739 1.9845252764717283 95
21 2.0185041115194404 0.004565241105886637 36
22 2.88678904750982 2.303826296400895 54
23 1.1136369974103055 -0.6733375361869464 100
24 1.0035410656418444 2.808481314100711 19
25 2.436398045679099 2.2140282987032434 42
26 2.5228134822725257 2.7609319294099577 93
27 2.9764834177829007 1.6678106903067933 12
28 0.6312757591096838 -0.7062265047734663 20
29 1.9975600062930903 0.5900177236745837 59
30 0.21713617929628895 0.3620021876156293 12
31 1.2319178884734103 1.3939413040518394 63
32 2.659952513611096 -0.6159124569034585 9
33 0.940148385352168 -0.7481113763297016 88
34 3.231504698092655 0.309649396868556 29
35 3.179023540365596 2.7930703237675836 90
36 1.8046175397521036 0.9942119938527725 16
37 2.224372569307503 1.4475242491820133 32
38 2.4675926459273554 1.8628927579631416 19
39 3.103322847998862 2.4234346473978237 94
40 1.215903883146856 2.778449421720352 69
41 1.7159294108178624 0.397695801819455 75
42 2.6726673230710127 0.3648674778807587 62
43 1.6301235946305774 0.10023140428331888 23
44 1.6764423258282313 3.128994122101596 49
45 2.9714104212918 -0.026572137710719392 85
46 1.7778794114529317 -0.277842694579341 43
47 0.7561263126221501 1.614677206987041 83
48 0.21527289379383308 -0.11508437569256946 96
49 0.7220339414984414 0.36289728237389596 1
50 2.322142897158051 0.6866724589258031 60
51 0.2548112885811787 1.074671960686796 87
52 1.7112594858143593 2.4973424178483654 87
53 3.4590661124345754 0.43394490650709433 78
54 1.9311063750671509 -0.263210190163422 71
55 0.09786850394147191 1.7083118258140393 1
56 -0.478057262108375 0.6934596425698915 82
57 2.013771193777404 -1.1332995525181433 30
58 2.3932295100464773 0.35753037606877774 94
59 0.43630714921575803 -0.9307146870776382 67
60 -0.03031649776753621 1.5973291247766042 97
61 2.8220246155524307 1.1824625635018713 89
62 3.1332879160625295 1.577961986215274 24
63 3.3532827721469514 1.995596005493617 21
64 0.645420319489823 -0.25441191265383556 57
65 0.7723105495201656 2.261821116697205 32
66 0.011977586557229967 1.8667323431499516 55
67 3.176576280731032 1.1561538902378852 29
68 1.1271466224790394 1.1596074160973477 54
69 1.540331455573283 0.9888305389056751 79
70 1.462408327100621 2.8276654128053207 27
71 3.425577741639271 1.7074847367743269 30
72 3.0494901086719186 -0.2038747278324514 5
73 3.3733587452665588 1.1058044152503943 69
74 -0.43201814422313567 2.007761861108617 26
75 0.7332711949873938 -0.15096836352772514 37
76 3.019854643822693 0.4082691734246679 95
77 0.7793198118510721 0.020289532719593474 92
78 1.271723543231877 2.455893050307786 49
79 2.248324557034648 2.3198095542098516 29
80 1.4736646053244153 1.7632492122292953 4
81 0.500954801290837 0.31261286489178897 8
82 3.73654205249632 0.9149793829378072 17
83 2.1296056790321587 -0.6233444825447082 79
84 2.575405784842058 1.5201257886828434 24
85 2.3611518069115514 0.5001201101480561 56
86 0.10555902118982774 2.256778486584578 53
87 2.584666660949738 1.6562906390432195 99
88 -0.4536818642128681 1.3721065092436069 19
89 2.9830516761403056 1.0068652186294549 16
90 1.2957362787400946 2.9465167246067034 27
91 2.230722563547133 0.41242942188525733 58
92 1.7570805129721043 2.6974644418200073 98
93 2.6595746060661165 0.8795827607601772 28
94 1.45624388991038 0.36638187783770493 7
95 2.908931734199324 -0.6492740311329482 90
96 -0.20629731505186566 1.2277669878908162 1
97 3.289123238889385 0.8304831858749149 41
98 2.170481478130436 0.83458975415657 68
99 0.9931377564405631 -0.2180920730998227 62
100 2.1673634557274006 0.025271545849650905 86
101 2.20266326557212 1.8950373580726227 52
102 0.2744458485668174 2.5452022655955058 44
103 1.9337445913333913 1.4724471140554634 24
104 2.306747839130846 1.8979415452680564 64
105 0.4535480331933847 2.2869922776833875 91
106 1.3603397172588192 -0.7190391553293913 92
107 0.7383645984318652 2.430638872404495 17
108 0.7511101107016241 -0.36896120600261567 15
109 1.8100157652787996 0.7584088787296631 67
110 0.8590213733576917 0.34881879547542405 35
111 0.42317143301914684 -0.3265783009006031 64
112 0.5566505765672038 0.417085093201452 79
113 2.9557242510536987 0.2512709878845627 38
114 3.3987281016532336 1.2921867810974403 7
115 0.7520217524858988 1.1623023003548671 65
116 0.9012132392482604 2.4126220343344826 65
117 2.0407752349638466 3.5535997072303513 14
118 1.5136815274632438 0.27926113675654035 98
119 0.2728816276325991 1.644331165852184 97
120 2.8141080276904464 -0.14657627735360226 12
121 0.753097312890776 1.8155130954733967 97
122 3.4924947526734176 1.853691201512618 63
123 0.5797167694220199 1.0634910906127102 58
124 0.9541287558327473 1.1738472322339035 29
125 1.871181103915755 2.0416008449167187 23
126 3.2863812528324043 1.5229576819795978 41
127 1.5761066645205197 1.280983278139985 2
128 3.1912606897297877 -0.06637828025666172 40
129 3.0523600589494304 1.2360114503305228 77
130 2.0530454117033745 2.2677376688725426 59
131 0.6791925280739721 2.340721485660804 9
132 2.7569137896760907 -0.6990745823964358 1
133 2.492700858791358 -0.6103331670817232 40
134 1.1301798015127407 0.7179983431169205 46
135 -0.28907323361512627 1.6669092261972276 92
136 1.8241865892629097 -0.8421877329871692 14
137 -0.0006735954016997086 0.8127213823664539 24
138 1.1879126783966545 0.9095096103128933 33
139 2.3237233051721704 1.6054194819178669 26
140 2.785045165730926 0.7377771684261278 43
141 1.574632764954187 1.838646054076714 90
142 0.6982328662049186 2.549938369698069 14
143 2.6253585021412946 1.9825975297058298 32
144 2.252908203058074 3.087375229864008 5
145 0.8931498999301349 1.0309508980176436 61
146 0.6486287251882747 0.6469792634770793 36
147 1.476440787800311 1.4348588391082613 5
148 0.5098160501831154 1.9273756264713693 67
149 2.58510109550089 0.9472790208829082 11
150 2.3190267099075315 2.634126814583169 69
151 2.2047143404780525 -0.6518171569184862 60
152 0.8369263893929235 0.161034581210835 5
153 0.4787893059736591 2.6377568274584386 54
154 2.05549905332165 0.12807800348059029 7
155 2.8689285659483774 2.5130325336687123 69
156 2.0681832985710904 -0.3382161152823298 63
157 0.44892209134964994 0.9053764215326615 35
158 1.9320373763376035 -0.6860902644622722 35
159 3.003506736055613 2.274250855325872 13
160 0.7775132655425178 0.7057779172090005 46
161 0.9332776454941959 3.1354910347316243 19
162 3.298343351600183 0.6019083832747484 38
163 -0.26758808074546353 1.039826889969703 82
164 2.6338886127071457 2.7168631925559916 91
165 2.5052366399093673 2.3099026203284256 17
166 -0.12068314170754828 1.3998500834438434 60
167 0.7809802057654385 -0.7853766450254476 79
168 1.4526192244619298 0.6279138611467447 56
169 0.8358503536275246 1.9756840683530508 11
170 2.8273187376570648 -0.3692729843371001 3
171 2.018093952995717 -0.6262162211971507 88
172 0.2691317945018776 -0.3250136626559499 19
173 0.8482078867520937 2.2835722144321293 53
174 5.919972711793337e-05 0.01913069446734688 16
175 1.9614330846250507 0.7835955685468503 88
176 0.3071473787433484 0.21057612316199967 80
177 2.073068400745361 3.051302891556532 20
178 2.0316541163849693 0.2618187646346765 59
179 3.193820555514575 0.1831246574462327 59
180 0.13146115159105218 0.6239723175350581 32
181 2.233392645912299 1.0690994563631429 24
182 -0.10582352192816562 1.214695922805446 47
183 1.7604069246261698 1.6531306878228944 33
184 3.6051495944644762 0.5917532232150047 59
185 0.4451069820041538 1.3436369058712907 11
186 3.4412335128327722 1.4051516550284713 43
187 1.4678917139380898 -0.32822174113016594 39
188 2.6703830457650763 0.21064749243723457 35
189 -0.1475660483904857 1.8936562267496142 87
190 1.7688685776498305 1.4727991494842643 11
191 1.3323742777919312 0.7506167220448935 21
192 0.5777315166705339 3.13617528755603 75
193 0.2518460120490919 1.2865951035342542 49
194 0.6755415005756166 1.6976333447388743 59
195 2.7086835735404966 1.6951970941205123 72
196 2.1133398313536707 2.4506430564526656 29
197 3.4318254539388673 0.718254543830705 69
198 1.9852212368411113 2.410923726991247 35
199 1.1229571678038273 0.5914098272920336 6
200 0.8525448551292893 1.4131009720216157 1
201 1.4907906825332429 -0.7214840857064698 83
202 2.97673641625009 0.7133914804510926 65
203 0.21328304877192292 1.9225470635868351 78
204 2.7196542873796328 1.2075613834319523 33
205 1.2090866426096087 -0.4055060320509717 32
206 3.2700151403244924 1.0225876988619016 50
207 0.501271853355113 0.7483858442076499 50
208 2.253403035554443 0.2420284455123918 18
209 2.500428058205106 -0.29319088156478607 33
210 2.547117460509586 0.19888735513627373 93
211 1.2686402244481643 -0.11967076739391115 2
212 1.0936413721540839 2.6290663329696593 3
213 1.821426600598373 0.3989520737646714 30
214 1.7551247955639488 -1.0909339035790109 85
215 3.133903232415742 2.239199430908352 10
216 0.43579927973345955 2.0587393151304614 64
217 0.0498789659365944 -0.13407676676556501 74
218 1.2503588235412144 0.1064010804728226 55
219 1.551317102903544 2.2165849385232828 31
220 1.6929671543923388 -0.8074876123762331 6
221 1.1054680329290711 2.1459780101923136 36
222 1.3664828070913155 2.573319024421128 24
223 0.30183599812649153 0.8606136045556262 13
224 1.7046621163234235 1.2980296957217976 4
225 3.3222119997360346 0.07214259589875918 63
226 2.470497262443168 2.553551819845187 99
227 0.5538340777552089 1.402535786656701 43
228 0.1302165737884062 2.5601079291517697 35
229 0.35441619883794123 0.04762227200757775 98
230 1.2041380929780985 2.0059553182547205 99
231 1.3785903855779897 1.1559115197394225 30
232 1.1177679977180641 2.6830217103333576 6
233 3.4064216653170734 1.6657757672492202 70
234 0.5795884554454127 2.6768027304260116 5
235 0.890011729881823 1.5911435317012326 55
236 1.2693071719712532 2.3378317071406927 78
237 0.9361242810119267 -0.066128014608427 76
238 1.6022058641167451 2.048169401109182 21
239 1.9627868038023986 2.5397719841472592 28
240 0.07904774262117474 0.10751643825324368 68
241 2.4505996064522804 2.016767557372564 63
242 1.4315188320676224 2.414050085403278 57
243 1.325328122977901 -0.5428335827726604 55
244 1.9537297932745081 1.303164257226089 49
245 3.661395862163489 1.4071230844908613 58
246 1.8149490370058097 2.4719310157122845 23
247 2.45434226478655 1.447444558464136 52
248 1.2054209913192846 1.7236842633766918 9
249 3.3223530151552274 0.20621594425647294 10
250 1.4659815036503678 3.0870075533219454 48
251 1.7560026089077838 0.11144471022482264 29
252 1.0950438303853502 1.7212314323122175 26
253 0.022911491330197164 0.49253588758883937 11
254 2.7798110561321985 0.981347279851419 60
255 -0.12955540332108348 0.4462036377630945 17
256 2.190703050004706 2.699441794395034 78
257 1.2406154993680243 0.294540176747189 34
258 3.1295273010729616 2.034912096730905 95
259 0.31893064020600015 1.7638771843787553 84
260 0.02861340238788986 2.2043576130263016 41
261 2.746961420978092 2.174003540406744 100
262 0.005184439042102655 1.0169922494653363 41
263 0.5681826619784609 -0.4881924395776437 92
264 0.6475814517164454 2.0968642377989672 7
265 1.4634061377040986 1.1075300295195833 55
266 1.257274029141728 -0.7193289035610311 97
267 3.2467223474301394 2.0992386888315413 63
268 -0.013580771838385094 1.3447796952273174 74
269 2.68373217922811 2.4258224722972055 97
270 0.9988372994713125 2.505200154393075 46
271 0.9635644529881687 -1.1211108687597062 21
272 2.010094113650889 2.1330026951865726 4
273 2.6692220976859025 -0.17428256251864996 86
274 1.9618511118683308 1.89580605206073 15
275 2.301706387968887 -0.31054537289975653 30
276 2.1035985790748586 2.649545029282509 68
277 1.5767138030481855 -0.3317621764174066 29
278 1.7282175502478219 0.8470157958969364 74
279 2.3137485455045117 0.85563359409534 73
280 2.1254682000749243 0.9253271319228036 10
281 1.526408066257081 0.6284225619430833 78
282 2.5618688252952673 1.1670086571054252 79
283 1.6518905111723934 -0.5822254007993236 68
284 2.9440912081775936 1.3724077845248208 44
285 1.9657591990080492 0.11204062076029173 32
286 1.060151332933534 -0.14650356066929215 28
287 3.5502595473098824 1.011155331415798 86
288 1.0969595641001657 0.4368994372215082 93
289 1.9953362345932064 1.558844183765494 15
290 -0.2455461780310027 0.5448149155180858 4
291 2.3507500075370897 -0.7349599619824531 34
292 2.4753814700219947 -0.375411764750823 76
293 0.9815511266201965 0.5489339682338527 18
294 1.5289526124059005 2.853995875293861 85
295 2.8624612709327257 1.7236581295669005 72
296 2.2500089897838547 1.174395918628544 33
297 2.9989394730262515 1.863842791790915 67
298 2.7751407707390157 2.550988880103844 79
299 3.538883984595126 1.887990956980651 64
endpoint1 endpoint2
49 146
70 103
5 269
194 237
141 264
237 276
149 184
8 142
213 288
88 124
125 201
16 190
221 235
102 182
84 232
0 55
280 295
211 231
72 244
219 298
75 97
32 188
20 280
154 188
191 273
11 160
213 297
106 149
51 121
196 236
178 262
36 184
31 103
1 176
43 224
134 185
51 160
159 195
72 251
144 211
59 288
23 286
189 242
63 114
28 176
84 280
30 199
51 126
208 265
261 273
135 173
137 214
207 240
39 109
4 17
190 235
192 198
48 123
100 109
195 252
122 222
52 200
95 225
5 62
104 247
13 174
54 208
130 183
167 286
5 79
65 295
138 166
145 213
146 166
42 282
128 186
56 146
238 254
11 215
103 158
52 70
155 186
112 253
51 183
141 212
90 102
87 134
3 143
42 261
43 100
28 157
194 200
113 291
22 40
80 239
27 95
173 212
9 37
11 204
160 183
51 85
130 137
10 12
138 217
214 292
109 253
115 289
80 269
147 218
168 181
80 87
26 63
119 238
47 168
36 116
94 141
22 35
64 277
264 290
76 114
223 237
6 56
135 145
247 251
85 140
68 180
50 94
163 216
19 242
37 164
112 235
210 229
284 297
234 239
53 100
163 169
147 227
21 75
101 157
92 267
80 221
154 297
84 170
34 57
127 244
58 179
24 127
4 299
61 198
65 216
162 296
108 231
187 272
64 69
266 279
145 260
18 65
2 135
4 252
5 138
12 108
195 276
218 223
38 279
77 157
295 298
81 218
231 258
179 296
18 150
37 197
63 175
31 54
20 242
190 294
48 134
122 149
110 121
241 254
78 102
176 218
93 112
62 79
118 120
137 148
154 244
112 129
186 197
78 256
89 220
91 183
182 185
115 198
62 169
46 231
47 223
109 295
115 119
98 133
153 227
83 94
220 266
5 13
53 273
199 203
40 165
204 278
233 239
88 177
141 153
101 288
165 169
6 253
153 228
191 206
285 298
68 78
42 122
7 221
175 241
108 180
112 191
204 218
23 61
43 137
229 275
15 210
163 253
96 200
138 293
29 71
212 217
51 230
183 279
58 124
99 210
13 239
112 182
186 222
65 189
66 238
2 243
19 284
168 247
24 284
38 72
279 285
49 255
177 258
129 208
80 183
61 139
5 120
103 223
30 112
108 170
112 173
24 169
29 275
241 258
142 221
36 61
96 181
5 208
99 269
79 121
123 147
178 282
16 65
124 200
56 88
5 97
78 244
154 211
17 230
159 215
116 144
27 247
67 131
35 279
2 116
124 199
38 147
257 277
154 218
9 111
105 163
214 271
37 148
185 251
155 258
46 162
13 107
189 255
69 148
76 202
41 56
171 275
99 206
121 189
12 52
124 222
56 102
6 99
65 232
31 121
0 8
185 252
122 279
169 235
100 120
84 274
50 235
51 203
128 214
54 84
119 189
160 172
125 193
238 288
80 147
61 175
246 288
60 105
206 248
32 69
216 226
71 92
73 261
74 157
184 256
118 153
48 69
32 271
142 185
74 236
94 150
3 296
10 129
36 160
11 297
207 243
229 253
68 224
33 66
69 254
145 211
146 172
100 110
45 208
209 257
194 247
219 229
149 210
11 209
37 39
203 252
38 191
104 263
182 192
169 256
42 197
121 127
211 253
256 294
255 262
54 57
224 239
102 192
89 256
182 296
20 104
21 273
226 251
137 199
88 200
162 201
1 154
55 75
2 264
28 111
111 271
181 258
57 199
22 41
242 253
52 78
21 282
43 190
64 217
233 265
115 288
23 123
45 170
235 241
168 182
116 276
30 145
68 108
257 299
240 285
41 151
77 123
10 52
85 139
157 163
165 291
4 103
62 181
101 267
58 94
27 191
71 206
167 172
151 214
31 187
17 22
272 282
4 276
90 193
17 167
1 237
142 244
1 30
256 258
267 296
82 233
63 276
84 178
76 97
62 212
138 243
232 234
103 274
139 195
68 187
90 200
39 177
115 192
24 246
27 284
46 221
163 259
54 109
277 279
98 139
167 205
46 76
128 158
22 53
97 116
249 254
47 55
29 157
107 232
89 178
184 218
130 289
45 125
109 224
165 222
25 241
47 222
166 248
118 193
27 130
139 275
69 94
129 281
6 138
9 73
136 266
160 235
36 248
19 160
112 185
114 149
25 73
10 40
159 242
187 237
188 213
143 197
147 254
183 281
152 243
79 109
44 65
26 27
134 264
102 262
10 241
159 272
6 141
105 198
231 296
125 155
132 136
61 233
138 236
85 168
112 271
42 157
251 257
94 201
119 195
29 247
12 17
33 252
124 187
156 254
68 264
34 85
25 91
61 226
134 216
93 177
22 247
226 274
120 198
247 278
49 254
166 237
223 281
191 255
29 240
16 75
70 274
2 18
58 247
67 127
87 96
16 218
79 145
118 259
134 211
147 164
148 286
183 247
116 138
121 193
213 230
75 205
95 134
25 267
171 292
100 211
10 125
84 228
140 278
34 103
127 134
93 274
114 185
135 216
194 298
1 220
93 131
147 173
4 63
188 249
212 247
54 91
237 281
75 194
152 207
171 285
30 208
196 248
80 166
79 246
245 282
84 227
103 204
14 217
92 99
55 105
37 147
59 106
66 248
34 292
143 177
73 282
26 215
209 285
9 181
50 241
217 237
252 260
200 226
130 168
10 111
86 135
17 215
127 180
46 170
84 89
4 45
104 124
288 296
146 257
36 43
98 179
151 191
6 285
100 200
156 170
103 109
178 251
12 44
36 186
37 52
201 253
56 110
135 182
144 267
92 113
20 195
49 130
90 139
42 278
45 214
255 275
206 294
8 190
10 142
31 276
52 114
164 289
238 296
130 186
226 230
100 265
108 134
112 193
80 282
26 177
66 280
48 238
67 209
91 256
241 294
169 212
9 168
10 294
121 230
16 165
1 279
30 95
24 148
44 226
69 230
86 283
17 256
143 149
76 152
111 257
43 97
238 252
83 148
253 263
50 61
141 210
89 110
145 279
76 151
3 241
44 104
215 241
93 106
101 250
160 201
15 69
202 233
137 207
103 230
1 146
46 201
91 279
53 138
220 288
94 115
131 135
43 281
6 175
82 244
12 207
199 225
40 256
167 263
81 127
91 162
27 257
194 274
140 173
87 150
141 196
0 146
244 262
181 275
36 125
92 261
4 134
5 16
153 191
29 138
198 212
127 246
132 149
86 180
89 208
222 276
235 238
56 193
1 29
147 234
73 104
58 201
41 119
64 176
154 235
235 268
185 202
83 176
176 259
50 78
112 283
25 239
12 291
141 246
70 164
128 224
241 252
25 293
45 293
123 240
64 183
100 128
103 181
31 168
107 235
16 255
15 89
199 204
4 283
134 244
66 131
18 30
0 200
93 165
76 291
187 288
42 168
237 240
188 257
99 275
81 268
170 187
7 81
176 211
160 290
37 100
83 209
157 277
53 287
204 272
65 161
140 194
9 151
202 278
50 162
69 70
106 263
15 62
71 173
164 273
129 196
77 134
63 258
12 234
123 127
43 139
25 81
134 230
85 183
32 45
140 249
14 109
183 224
4 67
46 247
87 179
109 279
98 149
153 294
118 208
33 243
78 232
137 141
175 248
144 297
181 225
44 274
83 281
20 144
298 299
8 13
29 94
22 103
167 240
176 248
232 272
124 262
69 72
36 135
55 229
189 265
82 197
105 183
185 239
3 16
144 234
183 246
21 23
3 161
5 280
128 195
146 277
20 270
238 269
131 223
13 31
18 234
25 36
118 283
109 188
164 236
96 223
152 278
9 179
69 169
152 208
154 169
119 169
106 174
100 170
108 154
48 271
18 116
205 268
120 220
45 227
16 34
52 254
71 249
55 270
99 240
30 216
196 299
40 226
58 129
60 253
83 251
139 189
71 287
110 213
55 97
37 155
68 252
113 171
3 148
98 193
128 168
291 292
92 153
274 276
99 290
79 86
102 221
29 211
178 248
52 116
76 82
26 260
65 231
89 233
36 266
19 210
1 181
41 270
21 186
204 238
206 254
80 292
204 289
155 274
211 292
0 176
37 277
168 220
4 21
8 208
67 293
70 231
1 87
146 194
149 215
10 143
18 191
150 190
172 290
31 105
89 242
60 98
43 218
150 297
190 287
65 105
26 190
84 104
71 87
111 251
168 195
57 187
132 291
157 293
124 229
197 233
167 283
132 178
80 131
65 241
137 265
11 288
67 72
125 279
19 224
190 262
121 125
91 207
147 209
42 281
170 210
25 186
2 81
19 120
25 97
49 91
140 297
162 282
37 191
111 152
169 180
64 115
140 184
235 250
143 157
2 185
25 131
193 223
48 108
50 141
270 272
219 245
13 221
235 280
3 104
187 263
187 202
209 217
85 113
140 183
37 265
116 278
98 252
151 273
7 108
50 132
35 296
167 262
61 202
197 282
72 178
91 165
163 221
110 131
21 231
27 256
101 265
219 281
47 178
195 221
257 290
77 225
174 228
85 289
58 190
222 223
246 284
51 286
108 277
162 208
187 277
248 293
158 284
148 229
21 81
25 150
267 298
126 149
36 101
136 201
245 297
31 162
208 230
134 242
246 279
232 236
216 294
163 203
113 226
187 209
126 269
145 175
57 112
152 231
123 294
78 148
82 299
87 94
161 259
54 141
36 243
3 55
24 80
65 274
163 240
182 188
45 140
247 261
120 179
142 196
92 169
81 259
244 284
121 148
11 149
94 108
81 201
7 282
100 136
119 124
83 208
175 245
178 187
16 247
179 238
182 260
21 138
207 260
82 104
13 75
113 156
114 226
212 221
251 266
14 26
87 181
141 231
123 129
159 274
130 203
257 270
77 133
136 254
10 78
160 228
127 149
58 281
111 203
22 295
47 238
70 142
94 207
152 252
188 272
28 201
232 298
50 273
213 264
100 190
89 139
108 174
38 252
158 208
34 281
91 296
26 248
9 128
67 150
47 290
51 240
237 293
75 214
166 227
99 265
46 110
104 145
71 162
200 207
30 119
20 41
114 188
6 12
143 280
111 217
4 50
22 140
209 289
28 168
149 178
121 176
29 199
199 283
55 253
100 172
107 207
110 200
41 282
169 288
133 202
143 170
145 244
1 210
205 274
26 202
63 67
2 115
20 278
47 106
40 252
245 280
31 125
71 289
38 225
60 86
61 267
73 280
146 190
93 154
1 43
59 278
5 190
9 187
69 145
146 260
260 268
84 133
89 297
17 68
282 285
10 109
105 169
15 139
0 11
204 299
60 109
44 247
140 149
88 158
38 107
113 170
47 139
142 181
29 210
33 151
238 295
21 259
103 252
233 274
89 232
18 212
1 180
40 121
258 285
211 240
84 98
1 37
97 233
171 184
118 156
267 275
206 292
100 241
196 282
13 177
125 215
0 106
200 274
6 80
172 291
197 293
80 284
85 101
190 239
193 204
194 242
50 152
7 145
12 220
55 222
221 242
181 223
19 227
112 250
85 110
141 215
76 154
234 257
27 90
196 264
31 260
127 197
221 256
203 246
246 264
157 174
86 161
76 258
43 203
243 275
209 231
210 239
194 286
2 182
23 289
7 118
219 244
57 273
149 225
78 185
33 179
221 281
41 147
60 153
261 264
113 254
67 198
92 198
94 230
168 185
117 250
150 232
29 143
175 208
85 295
196 203
52 80
93 295
58 180
64 211
136 171
201 273
85 121
170 204
98 244
117 195
122 254
11 97
50 188
36 127
224 247
4 128
166 293
9 91
10 171
11 254
157 264
297 299
118 296
135 138
102 123
103 278
253 272
19 255
165 297
44 192
280 284
47 256
105 265
98 143
68 93
124 146
16 107
126 154
27 38
272 276
204 284
77 106
6 46
24 260
47 265
53 114
3 239
23 240
44 78
249 274
30 137
106 275
52 190
127 273
94 106
80 207
82 296
83 202
14 246
0 91
63 208
13 81
159 246
1 252
148 261
1 109
95 175
277 285
153 231
45 284
77 139
68 261
89 184
62 197
138 224
50 126
158 231
15 282
90 274
17 143
22 248
24 199
115 262
173 260
67 171
14 27
74 219
3 221
4 213
188 282
26 102
139 269
126 143
54 237
16 282
36 226
41 249
85 181
139 235
269 270
34 287
162 245
51 234
129 162
6 232
101 166
127 268
5 123
64 158
100 191
85 205
12 227
68 267
20 35
114 130
79 149
62 247
138 146
159 237
0 223
284 287
163 288
16 78
179 196
17 225
42 251
155 264
86 224
87 210
113 134
63 69
69 174
51 248
128 197
121 183
29 198
124 196
221 297
64 236
154 223
10 120
13 29
165 279
20 49
41 281
9 288
229 266
159 211
93 128
98 205
215 216
34 155
142 168
75 199
102 289
232 256
139 297
168 263
41 68
14 273
181 250
42 237
80 296
207 224
175 262
254 261
96 232
190 251
32 186
35 256
113 257
77 208
149 195
98 183
156 174
12 48
124 218
15 101
36 190
19 94
40 228
105 168
181 195
27 296
140 150
17 274
39 122
115 189
7 13
119 264
29 32
92 155
128 287
20 293
27 118
232 270
30 193
196 233
142 293
40 288
130 190
66 86
31 98
86 157
20 206
258 282
80 294
190 282
87 246
23 277
36 93
76 244
9 53
30 200
124 232
36 172
58 145
85 243
181 213
76 269
24 144
43 220
117 125
120 132
67 210
68 236
76 156
25 183
11 213
200 282
54 213
275 296
21 276
135 161
265 277
15 298
17 191
21 202
39 144
210 245
84 113
14 43
145 200
170 208
43 98
116 255
281 294
12 69
129 295
37 91
22 42
227 293
34 41
127 196
60 131
136 190
155 177
14 131
247 298
230 235
140 186
235 252
147 216
168 179
8 199
62 286
195 292
148 185
59 187
80 228
6 171
61 94
7 134
64 174
17 24
126 241
41 146
144 165
40 86
173 294
219 258
165 183
81 293
156 273
13 270
18 270
92 265
59 176
8 264
142 264
110 278
37 222
161 164
90 194
162 215
19 249
29 101
140 168
51 136
287 299
73 155
184 295
111 281
166 203
151 296
160 272
128 132
149 242
231 256
101 122
65 262
158 243
114 247
97 149
207 216
280 285
140 167
219 272
183 270
81 279
123 252
16 108
130 252
12 248
58 266
204 285
134 240
66 135
109 227
79 289
145 173
176 223
60 207
10 90
114 291
43 158
24 268
70 146
163 268
56 263
120 292
52 134
15 50
127 281
80 199
151 249
155 250
174 255
53 284
61 236
207 262
135 240
28 46
269 276
163 251
0 194
75 77
114 224
115 210
73 183
94 202
27 159
119 198
176 205
13 299
53 244
36 156
82 283
9 118
245 258
18 252
97 267
90 161
94 290
115 219
73 184
146 286
21 115
178 216
34 254
199 295
75 285
78 239
160 253
16 274
181 238
40 152
186 219
23 49
65 176
229 263
45 100
50 113
34 279
145 248
73 208
110 175
183 250
115 160
138 297
146 281
31 248
124 257
130 219
96 290
5 99
83 233
85 213
160 244
107 287
240 290
133 207
45 93
48 207
83 291
39 78
42 139
24 221
54 68
4 195
10 150
213 280
199 277
149 289
154 220
156 200
92 96
41 280
49 147
17 295
254 259
183 200
39 71
194 236
30 286
22 116
7 175
139 296
125 202
17 65
54 206
278 296
65 234
161 244
60 80
8 86
62 233
72 243
18 115
146 188
98 197
43 121
190 248
84 272
49 229
32 187
191 278
12 49
196 278
124 219
52 104
71 139
53 209
37 55
38 143
5 94
78 203
10 107
66 92
207 232
209 249
66 207
12 279
175 270
216 224
116 227
11 73
267 284
213 253
75 244
198 242
85 233
103 254
88 248
157 193
55 123
37 274
111 255
2 171
116 234
99 146
190 234
9 171
117 228
32 201
218 243
146 193
77 193
123 178
80 143
12 182
88 255
15 155
164 188
62 130
64 120
84 107
73 254
145 281
147 205
58 71
115 138
5 151
104 110
47 155
33 54
18 290
8 169
263 293
175 199
13 168
221 261
222 230
246 248
218 284
2 266
239 284
40 105
23 96
65 103
66 216
283 287
51 180
180 283
169 193
46 50
141 294
93 109
7 136
11 205
265 285
103 229
51 268
140 292
40 80
48 293
67 195
76 147
23 291
151 277
123 232
119 156
101 230
102 252
231 269
13 218
16 151
110 268
36 218
271 280
20 227
39 129
187 280
42 176
187 207
101 269
48 151
69 212
90 107
70 183
109 136
43 83
81 292
10 223
68 105
33 217
217 223
70 198
129 251
58 195
77 229
150 238
28 257
54 191
76 104
223 235
79 173
14 146
180 190
0 231
39 190
115 249
65 74
122 141
49 219
143 236
134 289
47 191
68 80
124 149
295 299
78 137
191 289
89 286
162 239
169 172
188 197
215 299
90 125
81 278
118 200
10 193
244 265
160 296
219 221
129 258
37 126
38 265
80 202
28 279
21 133
114 297
41 132
133 225
68 160
17 147
164 198
266 280
49 213
69 207
109 296
58 109
224 296
148 239
170 188
244 272
7 286
84 198
104 199
58 274
43 145
44 289
29 265
15 202
236 280
226 258
101 289
1 99
98 159
81 189
134 266
101 178
123 141
32 241
33 229
126 138
56 66
62 120
82 289
119 121
33 291
125 157
20 31
290 293
3 78
65 86
247 287
74 268
74 217
159 287
60 222
149 277
61 115
31 154
87 105
33 292
91 106
20 38
39 202
38 248
60 77
133 220
49 111
109 205
19 285
20 149
177 259
118 212
213 277
13 152
50 268
30 224
19 68
132 237
149 286
121 276
140 285
17 238
6 8
87 215
143 161
109 198
183 245
214 222
163 290
146 227
20 259
192 274
50 263
19 77
77 180
61 133
174 273
268 289
112 163
37 236
79 156
63 246
86 230
0 168
73 275
38 69
3 165
39 73
169 250
26 206
27 244
63 71
251 274
72 85
53 93
25 270
227 285
213 295
103 125
38 295
77 173
6 107
16 257
37 149
243 298
118 287
46 157
