nnodes nedges type
300 2000 graph
nodename posx posy weight
0 -7.593329851751489 -11.376824506005459 98
1 -8.989526800582214 -10.268125634129628 89
2 -8.061492097159064 -10.658100130822456 26
3 -6.314976649632596 -10.218324242593035 47
4 -8.062061443962008 -13.897880614166906 39
5 -8.300314936124147 -12.169165545578238 80
6 -6.393732653942684 -12.315871496102455 58
7 -7.972014989821624 -11.297811625663734 53
8 -6.775377116102089 -11.639170570741319 90
9 -7.6083882507295275 -10.544392137106747 77
10 -8.883117850913901 -11.562919083924834 23
11 -8.205330576594116 -13.053258084405522 87
12 -7.0461978943846475 -12.727732404857582 28
13 -7.781149778840815 -10.682768395764056 74
14 -7.629488157132169 -12.032921540933732 91
15 -8.69865369029535 -13.258151164958017 53
16 -8.014871388544005 -9.751486664798259 69
17 -5.692937589788011 -12.118785908732278 56
18 -6.880715758232588 -12.408416921997823 94
19 -7.464279651019144 -13.970601316624638 56
20 -8.02124812040362 -12.143116051061154 48
21 -5.805411256157528 -11.285927300172668 81
22 -8.833042983558077 -10.60599618879415 51
23 -7.10148414881421 -10.52499037398476 89
24 -7.770037851877231 -13.62685192612088 51
25 -7.1195109696985535 -11.099996195563252 4
26 -6.2700835005672975 -12.314900219575046 77
27 -8.90381886106676 -11.8339800466587 97
28 -8.19814645596068 -10.983538947978253 33
29 -8.1862898816516 -12.663854834826926 62
30 -7.925342317261433 -11.697927434543574 49
31 -6.648630555802949 -11.413986067762147 78
32 -7.629102668837316 -12.34068915603232 41
33 -6.21697598555498 -11.640938215742315 14
34 -9.52013971308896 -10.312764778489377 100
35 -8.311222126379734 -11.64618113994551 1
36 -7.072584250052573 -9.770093677167514 86
37 -7.382383095027178 -9.686474554263572 68
38 -7.572572801559106 -9.839722879742386 62
39 -8.368104681936494 -10.71817727046482 2
40 -9.580074581987807 -11.270669701897226 34
41 -8.621175066826657 -10.792422228690755 18
42 -8.937970155009426 -10.836657586035654 46
43 -7.641882260276493 -11.679008653939903 46
44 -7.115511097557524 -10.720924822754066 44
45 -6.55788235997626 -12.959197427676862 60
46 -5.661836214136438 -12.666841795286985 48
47 -9.359423343698959 -12.634041455632925 74
48 -6.059971662143272 -12.494372017093948 10
49 -7.8518548971348885 -12.684621628763642 58
50 -6.988793346026821 -11.969578109012831 26
51 -8.074300387032514 -10.113690055411455 100
52 -9.472834194764983 -11.722558655209664 79
53 -8.066496235805094 -12.498852527094433 36
54 -7.849292104958978 -10.968163189618563 22
55 -6.295229160635654 -11.203085866461947 42
56 -7.115990301980475 -12.340924400142963 83
57 -6.447908382694474 -12.784438717994991 99
58 -6.482988790989302 -11.66760640555729 88
59 -9.871923517156938 -11.743247084553454 87
60 -6.250466742529892 -12.031673823351321 12
61 -7.474453097323292 -10.058880172951259 35
62 -6.401296522657048 -13.001502370970222 79
63 -7.051176020711724 -11.28985697968642 100
64 -8.808714037392221 -12.172971777653437 27
65 -6.82173698507758 -10.421129776069328 61
66 -8.037371461433496 -10.373879259575816 4
67 -5.896582155596944 -12.443406566161142 92
68 -9.467318688603445 -12.19031976485733 41
69 -9.686041892977281 -11.141630552638969 70
70 -8.545421016666369 -12.26740265965864 71
71 -6.598062652886722 -11.993391775363614 52
72 -9.468979226326336 -11.941641474768039 69
73 -7.960903668732287 -9.702178755478874 34
74 -7.379946414717306 -12.553855647672918 85
75 -5.921972400564687 -11.688057943147765 93
76 -6.394351040933083 -12.105075265743586 61
77 -7.253637563101864 -10.826193492272404 18
78 -6.810627501615794 -11.266883482516995 7
79 -6.573490387536429 -10.906415920489305 94
80 -8.99425245089212 -11.325301758194648 74
81 -8.980086552513644 -12.81895491048658 92
82 -6.491449892846397 -9.652678122358713 59
83 -7.457115659868673 -13.804201451417667 50
84 -7.851191860179972 -12.062446523224507 39
85 -8.514432426789146 -10.814790182557763 99
86 -8.047361366369598 -12.9668172838532 71
87 -8.159370089968924 -10.382633696974874 11
88 -8.91745877490576 -12.513896376578131 33
89 -8.503465308789075 -13.449998708667348 48
90 -7.566935872467414 -13.158607363546494 49
91 -9.062230336495151 -10.554528092592394 26
92 -7.325529155752878 -13.257156522412588 61
93 -6.420064888067042 -11.8792768569101 66
94 -9.902391657414816 -12.582693756599022 86
95 -7.330468644377698 -13.434902801790193 41
96 -6.564479660794729 -13.152401961312222 22
97 -8.222095586961448 -12.388950445344596 46
98 -7.810901974162449 -11.324785520426204 25
99 -7.543792972828145 -12.761465063349494 67
100 -9.265570563900836 -11.779069393660386 73
101 -7.400687947489577 -13.16908030547843 19
102 -7.171501831238996 -11.4995212607552 82
103 -6.456417786609587 -11.285660544584575 22
104 -8.816641503781529 -11.364360203331039 37
105 -6.998543902555422 -11.545212575453826 54
106 -7.045867514942286 -12.145248050214244 71
107 -7.933848301096236 -12.438851387637023 70
108 -6.488078828605772 -10.124785758055083 78
109 -8.619435350053585 -11.09753725428893 36
110 -6.585569960364263 -12.248652935973873 2
111 -5.85731568198095 -10.509404161794441 14
112 -6.580724791469679 -10.22732030656999 64
113 -8.121747045039736 -12.056067976468963 41
114 -9.336969627203922 -10.971375238332879 32
115 -7.4319696310823735 -11.272890913755994 26
116 -6.664126194380531 -13.41621363521186 73
117 -7.401305074455684 -10.960809629114404 84
118 -7.311288551899504 -12.981801895771607 34
119 -7.967470463702129 -10.162715382325205 100
120 -8.694013020976822 -10.6619552331911 21
121 -8.360520695353811 -13.110630914015925 14
122 -8.834086417950404 -10.268231888105086 34
123 -6.851923033592304 -10.810756902618127 69
124 -6.48581762571637 -10.720930317056181 85
125 -6.4710734257539455 -12.591924748782569 96
126 -5.995715934165444 -13.12820485513246 42
127 -8.588605852631538 -13.013597463976364 51
128 -7.031986540371436 -13.180883555771064 38
129 -6.260076363031909 -12.739914468115629 17
130 -8.06183665178066 -12.720754748881227 82
131 -7.078000409631679 -13.50156795942316 97
132 -9.350491129023348 -11.294263792429797 45
133 -5.943806157287807 -10.311882511267926 53
134 -8.440104699461289 -11.84856593815474 15
135 -7.8126834339978295 -11.90500137748749 99
136 -7.615968794439065 -12.917429596227011 91
137 -6.863861754961988 -13.210481313618923 44
138 -9.005549800744935 -11.001082529360765 43
139 -9.557631698010411 -10.514051980848162 19
140 -9.291626894523743 -11.872797698451931 75
141 -6.399372957920258 -10.571820572321922 8
142 -8.263027478440575 -10.103733924398776 38
143 -7.364877588400206 -11.562927820325468 9
144 -9.084651961042828 -12.23231817533092 78
145 -5.84249576077909 -11.4235499711474 20
146 -6.2734808521973875 -12.692090015060495 94
147 -5.883535786189298 -11.1058368215303 19
148 -9.59177546150152 -11.53303256633547 81
149 -6.541467509674515 -11.063120191411882 94
150 -8.395930702765453 -11.09991190133377 36
151 -7.34257522585134 -10.452194049951862 57
152 -9.16769212150961 -13.10289865638594 39
153 -6.822625996895482 -12.203456765972383 7
154 -8.468973016524984 -11.688976024353572 94
155 -7.415164449048751 -10.548385950524205 6
156 -9.265503222900097 -12.105567215688321 68
157 -7.556901257977039 -10.279143929509205 95
158 -5.781433978184501 -11.543048849281929 67
159 -9.271511372285238 -10.733629546663048 41
160 -6.87297458704756 -11.361616959846518 29
161 -6.484305473195562 -12.386709794387869 87
162 -8.673256281124436 -11.349432032355072 75
163 -8.745034593896369 -11.6730001555641 27
164 -8.528523391615492 -11.219075220678592 100
165 -7.223495804650015 -9.722440136017745 42
166 -6.0227605147105265 -11.731493917288045 69
167 -5.968549849550615 -10.806792252391796 93
168 -8.97424516509407 -12.39727034165601 27
169 -7.720110719750699 -12.743151169741356 71
170 -6.790607159905779 -13.1088070156194 42
171 -6.950090299961606 -13.72197474893298 79
172 -6.397542710748599 -10.33185660325676 41
173 -7.706873768173436 -10.134336943454045 81
174 -6.592406664439789 -10.531410059224676 35
175 -6.778887715330771 -12.843673314766006 83
176 -7.827176075480845 -12.942086372597066 66
177 -9.403519966471483 -11.876386971040025 26
178 -8.85286389956337 -11.961745192473147 40
179 -6.2402000566902665 -10.854298453049934 82
180 -5.567840215709072 -11.812524852982406 28
181 -7.773485245420882 -13.14354622129562 38
182 -7.175531795608666 -10.268488532091725 3
183 -6.863111101982008 -10.314102725934529 30
184 -8.295714638518291 -10.59689815779416 8
185 -7.876018796642715 -9.756108881604979 72
186 -7.955761086150407 -10.757715487579908 58
187 -7.913555375672662 -13.197521587894373 81
188 -6.440121786917942 -11.149458102703905 45
189 -8.52269509519714 -11.972120150738608 18
190 -6.785555012895448 -12.500471729796057 54
191 -9.251519211948429 -11.045144313033678 97
192 -7.382063784887337 -10.223325667743179 1
193 -8.70079069717093 -12.912407845192874 46
194 -8.475367315187652 -12.9330088261067 57
195 -6.110764041627646 -10.617160492496234 25
196 -8.254704050425515 -13.209475869457421 19
197 -7.592552212164563 -12.110756382581275 70
198 -8.272158462957256 -11.427989335544643 47
199 -7.343045400610807 -11.48616397968688 79
200 -7.803222651013233 -13.366493899336858 68
201 -7.56048495558458 -13.068689595522345 48
202 -7.251596936491499 -10.466104449245877 6
203 -9.02537937578648 -11.596063994788187 86
204 -6.95659551476045 -10.667121274346687 70
205 -7.88068139609922 -10.327247938805 63
206 -7.074934056827175 -11.84293916848449 85
207 -9.287856388369491 -10.343021540663253 46
208 -7.658712134624197 -9.831391064258105 97
209 -6.741266253895689 -10.675970481089184 80
210 -6.2895336129892625 -12.340225082368603 20
211 -7.5802592014715815 -11.114951134189493 13
212 -8.573610025124538 -13.230336839797975 5
213 -7.264315218316899 -11.230050555397344 45
214 -8.079687877587062 -13.702115482789782 7
215 -5.884331962446549 -11.0003975641406 78
216 -9.545397494708325 -10.687116791638244 49
217 -5.791756330620592 -11.951583907140558 88
218 -9.230302143475962 -11.264223647315795 98
219 -9.186980936760504 -11.46386423234843 10
220 -9.018949284211542 -12.999849569311351 92
221 -8.442542839379188 -9.965433807833309 77
222 -8.92864346756899 -12.844214470970096 53
223 -7.107886343784814 -12.51701104502385 26
224 -7.320091044457496 -11.77837446383581 97
225 -7.765827966861231 -9.547596482025986 14
226 -7.815251583913467 -13.76812427356418 31
227 -8.054326552499507 -11.033452972178454 11
228 -5.865993978110003 -11.97018886733523 25
229 -6.1181919646974245 -11.07789774422692 77
230 -8.326111314488948 -12.510394181671128 65
231 -7.094715007355729 -13.332727718176194 6
232 -6.876000278099729 -12.615798207165382 30
233 -9.158132689169276 -11.633965561841862 26
234 -8.470078405936817 -12.530519469007984 5
235 -7.172822431482064 -12.749682117857729 49
236 -9.049006105953872 -12.121892955207453 65
237 -7.31056367703854 -12.0269438814372 16
238 -9.22370466334924 -11.385688898129866 20
239 -9.260991762224888 -12.364686914185373 36
240 -7.141444559914494 -9.86166605046697 37
241 -9.043605173812152 -11.975065769182805 100
242 -6.424329978975467 -10.644967830210891 7
243 -7.1526568346436985 -11.709768224638701 9
244 -8.575511274183839 -10.55216454816584 58
245 -6.4147368353379886 -11.482018879925642 39
246 -8.766031728557396 -12.587945408859074 84
247 -8.122699524033772 -11.181697194225517 1
248 -6.0481449298647565 -12.195902696353466 65
249 -9.436631430330692 -12.351839420172306 8
250 -8.0267187712561 -11.658791595055474 86
251 -9.191773461415051 -10.366976508225271 88
252 -7.683543840965966 -10.87340401064971 15
253 -7.044974987853952 -12.941198674783829 86
254 -8.168324269349165 -9.837550336948091 2
255 -8.450678132157135 -12.185870470919136 90
256 -8.643752141240656 -12.569938180933883 86
257 -6.044279848073339 -11.537551602685449 98
258 -8.178892947802463 -11.942933652040846 82
259 -8.969224879034838 -11.22600587981312 28
260 -8.826879843607898 -12.982297664381015 55
261 -8.28722063331299 -10.2222562235064 15
262 -8.189020014895616 -13.477572686357808 69
263 -6.671199271976998 -10.00148664750622 44
264 -7.977009886846129 -11.430119399765855 39
265 -7.443042124657729 -12.209206948895014 39
266 -8.65284932663753 -10.195824373687769 56
267 -6.911324652924011 -10.387809306873955 79
268 -8.836031582024034 -10.918044947134037 55
269 -8.132573979156263 -11.664663403689104 52
270 -8.541124589292966 -12.787568195389683 78
271 -8.512182803956087 -13.081144327166164 25
272 -7.23950048571462 -10.051768518683739 74
273 -8.433165190211785 -13.457195469167445 31
274 -6.782269302099568 -11.027975605738927 32
275 -6.854752873915213 -11.915348303201954 73
276 -7.5964112407751925 -11.847341062471306 58
277 -6.382179031061772 -13.512606939809553 97
278 -6.223625986051611 -11.182978036531033 80
279 -6.871785675221946 -9.938301740865194 65
280 -9.219325015348938 -12.706975587241455 70
281 -6.103621625075887 -10.293336900802789 61
282 -7.698080949089687 -10.734809464275493 63
283 -9.155773994954846 -12.444244966535207 41
284 -7.823652735532929 -10.165939574821776 19
285 -8.75589069392797 -11.284518311572613 32
286 -8.980290157508481 -10.052144268076548 62
287 -7.883454691129179 -11.132882232524235 21
288 -7.254195178845364 -12.671339387136415 29
289 -9.086923288140609 -12.74722277845892 22
290 -8.153278507237008 -13.189026965621578 46
291 -8.31607402130816 -9.79492961763507 77
292 -6.283229292264753 -13.007650171669326 33
293 -8.72627208097728 -9.859355749657174 27
294 -8.813626762225292 -9.952269109308464 8
295 -6.26962674996407 -11.740633226016978 87
296 -7.209591232936332 -12.195973100629379 89
297 -8.568515346369384 -10.008847629002114 35
298 -8.384253965880978 -10.419802972265519 93
299 -6.133375880214668 -11.903312391535254 51
endpoint1 endpoint2
141 183
112 297
190 246
47 134
67 137
49 227
33 41
6 211
176 234
196 296
178 271
238 280
20 75
38 149
30 100
140 266
165 286
40 142
175 256
0 166
148 297
170 250
43 120
79 275
100 127
121 214
84 273
28 185
56 253
274 281
178 253
51 121
197 250
252 257
200 231
112 121
202 247
58 141
72 289
127 179
114 164
23 84
140 144
131 280
21 46
84 280
30 265
70 224
60 257
27 72
123 188
31 223
106 156
197 227
178 244
84 254
144 256
44 233
61 282
135 194
211 245
69 255
86 258
44 252
74 135
21 55
33 60
104 247
12 32
17 43
150 178
85 241
218 274
39 288
62 131
84 116
14 38
5 150
194 241
5 39
105 240
31 205
5 72
3 143
23 208
44 110
7 122
12 71
32 275
33 206
160 269
58 62
61 67
172 202
76 123
109 253
55 65
115 234
22 266
68 220
87 159
219 271
74 176
1 13
168 181
115 155
98 298
170 274
30 144
50 137
87 268
57 278
167 180
268 282
223 237
81 121
65 199
65 266
13 42
36 298
209 221
120 155
49 161
143 230
93 205
25 136
53 149
132 260
5 18
263 275
103 133
14 224
240 275
185 195
97 146
120 162
29 99
141 255
90 115
142 247
0 151
165 190
94 236
22 66
151 298
102 284
13 261
2 54
4 131
117 262
13 203
14 235
89 285
15 86
35 162
54 183
31 161
106 117
31 54
90 203
216 291
201 287
24 256
207 218
68 201
51 147
236 237
93 223
241 254
61 103
136 258
28 272
103 187
107 233
54 142
58 264
186 197
88 170
216 298
17 146
21 245
3 208
117 210
9 249
53 224
77 143
186 204
14 100
1 241
74 76
115 258
26 235
163 270
56 265
224 288
79 98
139 265
285 298
71 179
129 275
37 111
63 256
14 252
20 24
9 154
198 267
143 195
92 188
76 166
224 295
6 244
153 288
54 224
130 199
78 234
72 287
112 182
19 175
41 254
135 235
45 105
140 246
236 271
165 202
20 150
119 296
69 185
53 74
117 173
106 190
77 186
149 285
78 237
6 126
41 86
78 284
23 51
118 258
79 150
140 237
8 50
9 132
193 234
143 209
237 289
117 182
9 21
8 129
33 143
34 247
61 132
136 144
27 28
83 235
108 161
18 236
69 282
113 187
131 292
24 223
72 86
131 181
149 190
6 217
9 30
104 156
124 282
196 255
16 184
131 194
158 183
14 269
34 97
71 292
118 284
194 292
158 198
14 75
74 107
8 32
118 143
63 79
10 268
120 218
28 163
26 214
213 233
251 298
141 263
81 145
99 206
121 189
232 259
176 235
177 243
31 295
51 115
35 237
38 138
61 150
282 286
102 183
83 249
86 134
89 226
108 151
38 229
24 190
59 298
80 117
119 268
230 273
105 115
213 242
74 296
1 88
130 162
261 279
79 197
85 238
30 108
140 258
105 173
41 195
211 290
109 169
37 279
113 174
96 226
8 46
27 218
28 177
35 266
77 198
1 287
242 291
80 138
228 274
66 85
103 248
72 148
35 104
127 187
8 70
87 243
20 184
43 105
98 286
105 125
57 181
81 132
252 272
16 164
197 235
40 213
19 222
40 100
163 181
168 200
116 243
62 275
118 235
122 230
234 258
18 288
172 204
85 264
15 125
167 278
26 275
172 278
64 194
66 167
71 257
218 282
36 293
67 220
49 182
42 258
192 213
156 286
122 225
12 64
149 228
117 298
227 294
173 211
10 186
104 230
29 185
11 207
18 170
130 134
261 267
172 269
246 268
107 157
14 134
109 252
27 265
51 191
57 95
12 127
50 134
27 87
210 269
101 228
198 220
35 183
110 274
77 123
167 260
13 41
144 152
20 237
8 98
284 298
215 279
93 204
224 261
118 252
32 290
132 261
43 287
248 250
104 212
51 284
90 193
162 297
74 80
201 277
11 20
29 98
0 291
57 105
77 267
43 74
11 101
267 296
37 115
100 152
137 146
28 282
245 299
179 299
52 91
107 243
222 286
276 296
187 223
25 232
134 143
28 115
237 248
110 126
241 253
9 247
136 206
37 205
208 219
102 118
103 267
86 193
128 230
146 253
223 290
118 193
35 194
53 239
92 273
58 218
10 89
103 179
167 296
78 264
9 263
233 238
162 255
109 217
201 264
113 158
79 299
26 232
120 184
173 263
27 234
47 231
98 157
104 161
71 178
151 250
179 245
180 237
6 28
250 290
86 211
269 273
91 132
97 189
187 226
249 288
11 129
88 98
238 258
130 196
185 297
80 177
7 213
72 256
181 226
15 181
74 127
2 240
3 185
115 275
44 160
32 146
34 138
198 259
2 99
94 176
277 299
121 169
127 264
238 261
59 239
132 239
278 282
157 225
105 176
31 141
35 70
79 145
134 211
50 108
159 233
165 242
22 142
152 270
10 283
193 233
54 64
152 200
81 166
26 116
192 276
71 153
42 84
30 120
36 284
41 239
194 298
23 184
27 246
28 165
10 149
52 101
70 268
56 96
40 250
102 189
158 180
89 152
31 115
1 164
43 244
39 64
120 219
70 244
181 292
166 278
98 184
99 241
30 219
124 223
71 143
132 196
13 18
42 233
46 170
0 184
27 196
192 202
11 85
195 240
32 190
148 154
79 87
29 212
285 287
125 192
63 158
228 276
102 175
65 299
186 250
204 237
138 178
211 293
96 227
43 115
28 178
16 31
146 197
174 192
31 276
198 241
199 253
164 289
54 223
78 209
144 189
59 113
60 97
211 298
12 265
159 202
70 78
111 248
294 296
42 273
152 188
44 122
119 285
53 191
20 296
106 133
135 164
11 289
197 288
113 206
204 227
62 129
69 230
43 97
44 113
121 239
195 231
234 259
55 164
238 252
2 80
171 197
227 288
109 113
110 257
199 243
203 244
225 266
66 164
114 207
39 140
169 181
206 210
133 274
64 114
80 264
23 125
105 272
141 210
169 198
11 113
93 106
117 297
125 228
18 171
55 210
222 236
43 177
226 243
66 191
247 252
30 73
197 274
243 278
62 179
68 222
143 155
25 133
11 118
122 233
84 173
196 201
65 197
138 206
140 222
163 218
22 259
120 157
234 237
256 268
57 103
224 262
170 206
43 84
25 142
8 242
173 179
46 67
30 153
224 245
95 199
136 193
119 150
264 299
14 230
21 299
101 125
250 271
197 260
222 276
42 166
8 106
65 79
47 262
105 267
74 160
110 116
58 102
76 188
165 188
117 206
7 99
33 215
37 114
2 52
282 292
179 225
198 207
199 215
240 268
130 295
134 253
101 102
31 48
35 53
164 218
75 90
32 119
215 292
237 247
219 276
152 230
134 287
119 247
29 235
149 263
78 151
60 204
18 143
19 154
53 125
6 248
244 275
10 247
28 250
192 265
7 283
10 70
12 243
107 224
17 248
186 263
204 221
43 146
141 151
108 257
15 280
143 258
212 295
51 227
70 150
57 131
153 234
124 189
42 120
83 214
185 221
186 213
133 208
107 118
14 109
38 87
226 280
190 217
141 225
74 196
166 235
10 249
30 252
285 289
202 215
57 245
132 225
82 202
63 267
156 255
125 147
93 287
39 274
205 219
43 128
42 242
48 213
139 238
91 297
188 228
138 298
284 285
122 183
212 226
142 216
75 215
113 280
77 295
45 265
47 101
213 274
69 72
124 179
56 83
220 273
130 220
157 224
86 115
161 229
34 109
36 278
134 208
72 194
4 49
193 232
70 251
232 279
200 245
58 255
189 258
11 271
112 166
66 254
103 295
97 199
29 80
141 268
128 271
25 275
117 189
100 219
176 246
178 275
79 241
140 270
107 264
186 290
88 150
143 176
73 281
169 224
121 210
148 156
25 276
29 218
106 169
95 260
135 263
49 63
30 107
31 123
16 192
71 287
36 259
62 237
211 287
141 173
205 261
100 122
123 203
234 279
217 245
92 153
98 176
151 190
139 293
12 45
160 174
199 263
54 197
61 173
16 199
107 262
182 244
19 210
41 193
122 284
141 166
17 277
1 38
146 179
96 228
115 128
43 114
25 168
7 8
88 275
92 144
75 232
76 250
151 183
264 265
15 105
38 186
80 140
226 231
83 137
90 224
18 206
243 258
48 239
73 268
97 227
5 170
80 101
52 203
255 283
123 182
221 264
132 178
150 177
233 285
162 204
18 201
239 275
190 262
194 262
91 207
147 209
7 126
32 287
68 120
227 291
30 52
31 261
40 222
25 97
172 272
51 267
72 132
181 217
36 295
216 249
73 235
58 74
3 240
148 200
119 274
181 256
148 191
78 184
184 192
64 219
228 252
51 272
8 125
11 24
230 236
32 99
158 274
92 197
219 256
173 185
69 120
142 155
150 235
78 131
104 239
235 273
60 151
29 289
144 154
55 91
8 100
45 161
143 227
184 293
47 178
244 249
174 228
235 278
18 154
198 213
184 206
185 192
6 54
9 274
207 297
51 286
164 220
114 249
25 229
32 113
163 284
128 234
237 253
45 299
129 269
100 154
28 276
126 228
76 99
77 107
111 188
22 233
49 269
96 149
4 230
83 90
36 108
242 287
6 145
27 60
89 176
142 287
198 199
81 97
9 284
63 209
101 110
140 196
24 255
111 298
115 120
78 108
192 266
129 194
64 143
27 53
54 132
23 33
62 196
66 155
103 258
233 236
189 223
56 215
223 277
81 177
11 138
104 163
123 129
139 266
106 260
56 70
60 195
6 131
154 197
87 108
181 231
135 239
229 272
15 223
91 134
110 166
89 92
75 209
3 195
21 117
50 273
36 153
56 77
2 25
186 221
59 89
50 115
180 296
143 164
168 250
23 164
189 209
119 293
29 93
90 93
167 243
172 254
46 110
50 264
53 248
164 256
55 228
56 84
161 228
59 94
79 147
120 207
63 90
29 86
128 265
41 51
5 221
9 26
101 169
192 278
102 297
53 193
26 296
136 147
156 206
85 208
11 270
134 200
155 270
46 158
72 202
254 285
148 295
5 181
25 212
80 122
29 47
141 267
274 291
113 265
167 225
153 197
26 125
154 182
191 239
104 159
102 288
56 98
60 231
102 179
67 111
31 125
60 86
95 97
170 255
26 213
49 231
54 80
2 74
77 209
117 133
264 284
160 168
58 142
80 159
155 210
193 283
88 239
20 198
3 6
23 91
64 104
63 224
135 200
140 149
17 275
39 123
22 145
169 232
99 107
28 181
230 276
69 154
176 229
20 94
102 173
156 219
88 246
89 232
39 227
41 192
145 223
91 240
73 266
0 177
193 203
230 271
213 248
88 276
33 63
255 285
150 204
64 269
7 152
191 282
119 183
160 166
135 169
155 160
193 277
14 176
127 164
0 25
113 203
39 295
207 252
101 276
109 159
256 290
9 174
30 163
52 212
76 242
191 259
30 50
196 257
196 222
55 222
223 242
68 234
32 86
180 281
183 299
23 215
48 118
70 214
219 255
5 35
8 281
117 153
78 182
103 154
55 215
64 197
246 264
137 196
157 174
161 171
169 187
190 270
231 248
216 250
175 288
121 246
77 238
242 248
80 227
103 147
235 283
4 289
261 264
138 197
85 143
13 45
38 63
39 135
187 205
138 283
70 177
236 252
109 138
92 198
57 92
121 255
19 24
129 229
206 256
153 180
154 231
10 160
84 175
104 208
106 252
178 289
20 121
167 257
64 211
103 281
188 204
43 57
87 144
53 96
0 148
134 291
124 155
160 287
132 256
98 103
151 211
149 243
100 156
64 187
206 267
174 229
81 118
89 214
42 164
49 222
198 291
70 163
57 110
77 264
98 143
99 186
102 272
13 257
51 63
41 117
13 199
161 265
65 213
91 178
26 229
45 146
53 114
224 278
195 202
57 224
62 115
157 282
103 183
12 246
105 217
14 299
127 230
199 206
3 54
79 190
68 173
106 120
86 196
72 168
90 222
15 200
1 252
32 128
152 239
12 30
32 255
6 137
103 172
0 82
0 193
183 229
38 82
114 227
32 135
183 282
119 199
121 156
12 21
50 160
130 200
82 209
106 219
40 144
3 36
114 139
132 139
2 244
23 174
48 175
212 296
148 250
4 220
170 171
167 245
117 160
153 292
104 171
11 130
124 265
124 182
202 213
85 205
17 232
45 101
176 289
250 296
14 122
73 209
169 243
115 276
205 287
29 92
67 153
81 162
171 288
44 50
50 265
159 259
149 281
60 210
61 135
14 210
16 221
271 289
93 278
216 266
71 116
109 193
209 288
212 235
30 278
56 290
75 206
83 126
164 264
130 213
82 263
84 231
85 223
179 278
107 277
66 252
49 156
22 132
23 181
84 264
53 88
128 257
100 197
199 275
71 147
135 189
84 238
102 176
30 102
13 22
87 115
107 199
140 264
55 106
96 121
8 85
62 232
26 163
66 266
66 247
211 229
211 280
159 216
97 222
205 266
99 101
212 249
149 195
30 222
12 48
89 296
199 264
54 192
95 262
5 95
135 186
45 56
139 191
31 101
155 287
67 228
70 83
205 259
23 284
209 267
63 112
193 241
59 159
150 202
8 186
28 293
123 186
199 257
133 147
83 130
144 270
1 139
112 205
97 290
27 289
32 259
12 87
238 241
119 182
123 179
125 214
18 189
84 251
0 26
27 294
85 100
49 184
166 175
98 282
8 217
119 286
156 260
50 153
71 230
219 249
220 233
55 279
20 299
80 246
151 206
100 249
191 258
18 180
114 269
65 247
139 162
86 175
14 184
90 290
111 157
4 118
33 95
14 43
72 238
93 253
76 155
39 97
123 208
33 200
52 220
3 282
22 42
6 176
124 254
37 44
78 294
25 103
66 163
89 194
14 131
15 238
112 242
0 135
111 267
116 265
117 240
7 113
67 282
123 233
194 197
35 293
142 150
219 247
73 122
81 234
62 84
119 157
84 161
268 280
199 229
110 271
19 131
58 170
173 294
89 116
91 223
21 77
2 33
210 265
104 209
68 290
11 248
35 187
18 161
38 164
65 269
143 299
54 297
39 191
188 205
138 259
12 296
0 288
74 164
256 271
219 283
28 232
78 136
61 80
7 297
268 270
0 78
40 266
108 279
110 123
165 185
256 262
22 71
78 96
9 242
119 251
123 252
150 251
136 256
137 150
63 272
160 209
235 257
18 147
3 48
162 233
39 173
44 184
189 203
51 150
76 182
25 157
244 279
9 251
191 199
29 232
12 96
47 66
55 130
118 125
63 281
157 281
12 247
13 255
107 236
14 247
0 92
147 287
204 276
65 272
34 266
72 169
35 63
159 241
1 243
2 227
22 230
47 218
50 215
93 211
213 260
84 204
29 146
103 175
125 158
17 253
25 77
44 287
46 128
66 153
34 261
18 20
5 298
14 24
114 115
22 104
8 145
104 165
32 247
71 174
1 291
63 271
68 269
160 230
16 224
44 278
61 229
2 245
3 180
7 51
50 201
177 268
126 292
202 284
21 115
188 274
139 261
36 155
58 232
64 159
245 267
7 209
174 265
31 128
144 246
73 208
0 208
93 141
113 140
205 286
115 279
52 236
113 285
191 251
124 206
159 258
242 257
0 56
110 199
37 237
236 259
56 238
81 154
8 134
7 182
77 174
155 198
161 243
17 217
162 172
112 217
258 270
99 127
7 30
29 45
72 91
56 245
202 265
20 272
151 165
17 65
76 95
131 201
86 128
110 209
42 234
44 250
66 267
88 153
146 188
170 253
7 23
45 224
47 140
230 275
76 199
77 207
151 162
100 205
17 58
142 291
198 251
150 163
261 297
282 283
84 246
102 168
214 283
286 291
35 97
162 190
60 111
134 184
138 183
67 231
68 255
241 296
98 265
45 217
28 294
196 285
238 293
226 235
136 138
144 186
181 203
182 203
110 227
206 253
57 70
97 239
30 190
123 264
32 201
68 117
5 63
191 260
156 189
30 201
31 197
157 297
36 173
58 158
64 201
227 240
10 29
66 174
144 262
0 27
258 274
2 162
98 238
214 247
88 285
53 187
54 59
113 299
99 232
124 224
52 69
199 246
135 160
137 270
157 211
175 180
2 266
40 105
20 221
28 109
231 253
158 295
143 145
163 184
74 136
4 6
30 168
32 274
167 188
243 247
22 43
172 201
10 188
105 250
178 224
127 199
41 168
137 202
103 229
17 183
162 194
40 80
44 213
65 120
175 290
33 87
5 153
156 283
18 276
255 266
27 85
103 141
200 265
112 155
203 225
157 165
271 280
110 255
239 290
182 215
120 154
105 285
159 173
2 143
77 276
7 105
50 131
106 292
160 282
132 283
7 254
174 224
85 293
175 210
157 269
147 267
172 257
137 289
15 256
15 255
144 157
187 196
64 68
215 274
163 280
2 134
76 129
134 289
11 99
71 197
75 142
176 177
60 169
31 55
108 221
110 137
74 93
39 183
262 265
173 279
28 113
49 220
198 289
241 255
95 187
134 280
249 271
35 219
219 221
77 151
95 200
43 267
7 236
161 271
126 235
25 66
155 156
46 296
90 270
18 35
22 236
25 243
177 280
145 172
75 188
154 261
27 49
175 233
178 191
36 254
112 135
58 274
135 250
65 279
13 79
163 245
226 258
52 272
81 189
50 282
64 130
136 250
15 162
114 142
167 295
82 103
135 243
35 39
18 21
143 270
164 244
273 283
44 175
7 53
48 170
52 287
109 282
56 218
129 175
94 203
155 242
89 135
16 225
35 95
179 261
37 250
59 69
60 77
43 143
85 179
86 212
72 216
90 283
187 249
192 236
32 144
177 259
76 220
113 283
117 174
9 237
50 268
41 87
24 57
136 232
245 266
16 216
56 63
42 254
45 99
28 61
143 284
38 66
20 156
53 84
20 259
188 298
159 269
130 216
5 98
107 203
185 243
45 92
49 153
71 118
40 47
9 142
84 259
166 281
99 198
10 151
12 60
13 138
33 129
199 276
64 238
51 293
0 48
36 281
41 287
26 166
