nnodes nedges type
300 2000 graph
nodename posx posy weight
0 3.942821283216922 -2.0389587376797467 86
1 4.214723677614501 -1.6608496030762074 19
2 5.5509888688401166 -2.073895395600545 34
3 4.697937665697147 -1.4607889548126605 14
4 4.94701519622173 -0.5441193389622258 31
5 5.19713250092746 -0.18780288948511367 62
6 3.0260755332502045 -1.4299731669528704 7
7 5.82088174717338 -0.5786636134354364 61
8 6.210321916922884 -2.0850810417359273 3
9 5.612085267077505 -0.9947497003416388 56
10 3.773226117692927 -1.0495713402856817 22
11 3.274692300799275 -1.7248488993150641 33
12 4.056012100247884 -1.3658625815592351 74
13 4.734474761002186 -2.0162966408118774 12
14 3.5319952932442686 -3.03904691473347 10
15 5.761264173675607 -2.1417631965280615 99
16 4.729364510715445 -0.43668881646340985 74
17 4.589278475914375 -1.5781981853204632 38
18 2.543008774560351 -0.367210805221221 16
19 6.217351053481031 -1.4330689469780773 23
20 4.468527066343076 -0.35274718174595115 63
21 4.115698849157426 -2.3791327021320994 34
22 2.3184104323227297 -1.8300365992680583 94
23 6.406177060556589 -1.9010179591246386 18
24 5.004721830706622 -1.8450422928787198 71
25 5.265726844910536 -0.8206797218437962 66
26 3.6406902161740176 -1.715722701418696 45
27 3.046581736293921 -0.09407191951835722 99
28 4.464690511817181 -0.7007936095887911 5
29 2.982934791066244 -1.7579942302590523 62
30 4.7563349013585245 -3.297459473389033 54
31 4.4505548270379 -2.4939485917464554 47
32 5.967601583409088 -1.5275426949164344 74
33 4.605364923389993 -2.3339896923438563 83
34 2.769557304505181 -1.9037886022436925 25
35 4.224628232108912 -1.9251666308115056 69
36 3.4492429077269064 -0.9800077185193355 15
37 3.861998716715056 -0.033164012131242725 12
38 3.971347303051197 -1.7694920434944341 33
39 4.948809197833996 0.10620262287183886 38
40 4.211027986840392 -3.295462445352097 51
41 2.5905496012512135 -2.355201650915541 51
42 4.628492540080813 -2.9621066744478344 12
43 5.123280505810499 -1.0434576778788947 68
44 4.775279455757607 -3.0636117512709578 27
45 3.5082623139017644 -3.556136191986869 64
46 5.674618700983508 -3.1854519111642063 27
47 2.255047425170704 -2.933341884760515 39
48 4.645095510710392 -3.416889126637124 67
49 3.134291188281073 -1.262026121839641 47
50 4.385919770150007 -0.18914304485569133 32
51 5.869252235097732 -0.8517211673435392 17
52 6.1356413420785305 -2.371937394500607 30
53 2.5512208519522845 -0.5295298516383946 89
54 3.211356354849178 -2.0942128593854816 91
55 2.9432182322159703 -1.1341476442062488 5
56 2.495042547493528 -1.2702875108415705 27
57 5.838922846468436 -1.3094532255632285 52
58 1.9266424466770478 -1.4406808075393531 73
59 4.447416715803532 -0.8278725874149339 27
60 5.824042588046031 -2.021313470306407 45
61 3.4479271129184266 -1.1873207719463392 73
62 5.215359382544292 -0.7840301858365195 33
63 3.9616148872227197 -3.2378002194111897 80
64 5.027435032313713 -2.2650149892994924 28
65 2.413686548075554 -1.9602322681821887 85
66 3.820993968130894 -1.8684188696686772 45
67 2.1570832696680227 -1.0070786999704116 11
68 4.258111225087266 -2.7968840564020074 61
69 5.123620022142352 -2.964463927868936 8
70 3.916036174395482 -0.09392855649261474 56
71 5.571809662326654 -3.122045333399876 65
72 3.7091075811931553 -1.4088831163318865 56
73 4.442251443884688 -3.624226099620107 79
74 2.684769517211808 -3.1364790109268568 20
75 3.5154514373466004 -3.4334209941063456 33
76 3.230040588634986 -0.20465616252306248 54
77 3.6396261952684728 -2.6474188765843376 29
78 5.5175856637418255 -0.3178727784724754 32
79 2.913357115610859 -0.7286139698778507 9
80 3.3358836117941704 0.12315254165737584 29
81 5.159327530224787 -1.4648129732194686 70
82 2.4741946458903117 -1.1203727925407003 95
83 5.283564374464309 -0.03889764964183627 84
84 5.400197601963377 -3.3361837161836285 17
85 5.367487865404824 -1.7772267610712589 91
86 3.45338653030299 -0.11876503136335873 96
87 3.883907837881597 -1.2336601109580303 58
88 5.035962705316558 -1.0936148980534337 54
89 3.7621087209065402 -3.716184703946512 29
90 4.456410153227947 -0.1832114808271313 56
91 3.81536575301092 -2.3243947411433843 67
92 5.89187719782645 -2.598863531542277 14
93 4.319864459736396 -2.2578605345035268 90
94 4.570895229691941 -2.4698542958893537 79
95 5.267614603930185 -2.689018547500507 81
96 5.9193232511234495 -2.4853638826562015 7
97 3.2921119558215826 -1.3807257583053818 83
98 2.5683701053575114 -1.4832845734916091 6
99 5.461834539091149 -0.64842417468468 51
100 5.518634526244324 -1.8525467502133572 69
101 2.7995129214548164 -0.6673153577361581 46
102 6.190290970382195 -0.5668449260191281 21
103 3.5507923779139077 -0.6573759104817648 95
104 3.080910162810639 -1.9294857738850182 68
105 5.096202726686928 -0.5576691367598609 31
106 3.1480075060320574 -2.7652870784586043 87
107 4.60711490621217 -0.6301766732685338 35
108 3.2954540894362783 -3.017657427072617 1
109 5.431813770787177 -1.4603951730311069 26
110 4.313880494918718 -1.4520709306362722 27
111 5.6347885813976575 -0.7675220858746639 24
112 4.205348090722051 -0.8599172211973618 80
113 4.720184510263736 -2.7977245543946885 8
114 5.341224621943971 -0.8727580630384663 41
115 4.527536459017288 -3.058482885334179 60
116 3.115315319207516 -2.9758913386326453 42
117 3.7967987030994688 -1.6173380016086654 41
118 4.747985543226052 -0.367055058593066 27
119 4.615149295205536 -3.7489221790277902 37
120 5.32702287509751 -1.9609840416162012 21
121 2.3314979817523613 -2.6906346236832404 27
122 6.2976747724667685 -0.9089148919665461 44
123 3.0575396862808923 -0.8988883716914324 26
124 4.440432762369968 -2.8563877528707944 89
125 4.2954787040916065 -3.5666681952789148 64
126 4.559042163565043 -0.16386029494317292 88
127 4.387289794017505 0.17637002079586014 36
128 3.233356679315596 -3.115918649947875 32
129 5.049407007888712 -1.2374182520214667 81
130 5.038036019925673 -0.23915400791310382 60
131 3.9534186525589674 -2.9856483060025143 14
132 3.934889000273301 -0.8882569163102236 65
133 4.510339225121894 -1.9221671462713235 94
134 3.6556149562481894 -0.9340629280062759 23
135 4.179480992543337 -0.3376494699480037 72
136 3.096561671713378 -0.6393550587932145 85
137 3.0838448083503214 -0.2710491461746806 25
138 3.35804868700831 -2.6992962012653634 29
139 4.251733558236971 -2.6606390920761545 37
140 4.665628893300841 -2.2671046237612638 33
141 6.064133924624234 -1.1528074570135542 31
142 5.996805383080362 -1.8529798556425088 48
143 3.7779533999905697 -3.477143838724462 36
144 3.75723742459 -0.8015204744256209 57
145 2.3958056505457486 -0.5027877996502937 34
146 3.2838617850526246 -0.022079682607880846 18
147 2.3588766780202293 -1.4174092188998098 35
148 2.9717731868900805 -1.3359716065518485 84
149 5.594397412983926 -2.8711624186609925 41
150 6.313116376694666 -1.3079985745174871 35
151 3.984164046207728 -2.797425591974645 8
152 5.520704367138477 -2.6023671936019435 68
153 3.7822804813862034 -3.8831928479027713 93
154 5.367027202541292 -2.5021712242347096 60
155 3.4085005380156597 -0.16642848629279844 83
156 4.208946040100994 -1.8700435698713866 24
157 3.2886656323196286 -0.6765190299370698 16
158 5.337558864622153 -2.5516750491318474 100
159 4.2698995724606155 -3.450468366569293 12
160 3.747066559077875 -2.9207731043485743 85
161 2.7128482441302437 -2.5977471331962865 56
162 4.036690876414801 -0.721123280381321 51
163 4.129281976961578 -3.050637604156006 19
164 4.2847770777118575 -1.2639129895547474 91
165 5.576205480821087 -1.3561995384211534 3
166 3.3274703837265602 -2.5346585884512702 20
167 3.418469384712521 -2.2705301387590042 85
168 3.7982643620249292 -2.5236367155619153 28
169 2.510427798064797 -1.3429992214145239 11
170 4.984776974853332 -1.5009449583177037 96
171 4.404418566137803 -3.167497750899941 12
172 5.5171301558453605 -2.244579462982743 67
173 2.750383839119894 -0.9877165200407796 50
174 4.8459761056402035 -0.6867183086467759 25
175 3.6452592730586804 -1.5995755479336928 61
176 3.761187402910045 -3.1815751546488347 35
177 4.831007045009074 -2.459293625847153 43
178 5.777032036528531 -1.0894778067562332 56
179 4.15482628774916 -0.18916998018343834 53
180 4.98317696391596 -2.6744573690819866 83
181 4.130596127805216 -1.3092691551652984 48
182 2.0916731018236945 -2.2253142759089113 52
183 4.124356462269333 -2.581315257008658 31
184 5.752081504233531 -1.7576665212908666 79
185 3.196672360311387 -2.5970560471536808 3
186 3.4481180385500094 -0.5749688460589848 51
187 2.6433223628992013 -2.032939562466693 99
188 3.372061885240975 -1.5941309730319224 4
189 5.062826902022555 -1.6943728144300736 63
190 2.651875054553822 -2.869873447860887 25
191 2.9713541978116855 -3.3860633415356975 89
192 3.415571643626233 -2.9463165259745203 12
193 2.626722080628874 -2.7800598244563646 85
194 3.840683380392436 -3.167482876338738 53
195 5.058372885350685 -0.8855070887209511 57
196 3.6412749749482627 -2.3092384177877943 80
197 2.833079684967465 -2.237794117983082 93
198 2.3911954529030526 -1.679199515398214 29
199 5.2236388757854115 -3.157584430380508 20
200 3.515416126001197 -2.426704631868885 94
201 5.283576236858534 -1.173128740225392 66
202 4.058579640974894 -0.5513394952880227 14
203 2.1997435084709203 -1.2509379581834854 82
204 4.583693613588204 -0.8330607771091779 97
205 2.8424585548286183 -1.4596535571110336 2
206 2.4700781741908178 -2.5576487135022408 69
207 4.188487864832618 -3.5883851771734308 77
208 5.815828235984131 -2.7361499955295505 83
209 4.489500126089196 0.13811423524023886 63
210 4.775410077776645 -2.6358794850706975 35
211 5.671604505979373 -2.4283762323508014 51
212 5.9395653414645215 -2.8564405395481827 3
213 2.558003246658653 -2.1999283223433186 37
214 2.8807391573279375 -1.9742486654593694 9
215 4.864708664830845 -0.2979369186020252 57
216 5.357700117637934 -0.34518702161116954 31
217 2.9188315744583218 -2.9672756580887314 10
218 5.295227997634728 -3.7007146969986295 53
219 3.2705298374982745 -3.531954922961027 66
220 4.849393482754577 -0.08416412041446251 17
221 3.537919252619263 -2.082854968356369 55
222 3.2913770271746268 -1.0232085763130851 79
223 3.587165029029736 -1.4200744875469598 26
224 4.118363278816448 -1.0154659692143673 19
225 2.2319406335167074 -2.314516426715618 98
226 3.7832241542079954 -2.8139622919773952 100
227 5.670279676477079 -1.9356068607295893 98
228 5.842286799831184 -1.5549418450409336 53
229 4.353408933982233 -2.1009187316973295 81
230 2.840385267642698 -3.26474588961374 89
231 4.979026565870593 -2.0613471048982572 4
232 3.1306494211613165 -2.3461081888571 6
233 2.9954236988261322 -2.606531081178542 2
234 3.0324658502848374 -3.020921610957804 62
235 4.709220322222929 -1.0968522379924426 48
236 4.461868216684464 -1.2221074732275221 69
237 5.28668092284605 -1.58293200373504 26
238 3.5642729812179543 -0.3747405049178287 24
239 5.158540167430312 -2.496208532658576 88
240 3.133556351604324 -0.09499991427277983 54
241 4.71694566600222 -1.2020865785226575 77
242 5.642636908742313 -1.0912780051952793 2
243 2.26175639307969 -1.755682555508683 5
244 4.058567302107405 -0.013808757326044533 4
245 5.380708263799082 -3.2494924377521057 71
246 3.7602320434616456 0.16275768853030587 67
247 3.6288939601682744 -1.2740068404342955 90
248 2.9634124626693694 -2.465156628967886 33
249 3.1592020648251027 -0.5923546655593855 54
250 3.420870666840539 -1.7409783841534323 56
251 5.013489294029395 -3.2739219302424356 65
252 5.627680827218655 -0.11172386446794542 67
253 4.060647104918056 -1.6980956742260869 88
254 4.722722298237861 -3.3555759952826096 63
255 4.386714826487955 -2.9717161633793627 90
256 3.7488184882090625 -0.09177889848705234 36
257 3.987129578245606 -3.831762747084114 84
258 4.5800414317337586 -2.72781902281588 19
259 3.9183886827132643 -0.6530147098237956 100
260 3.788740204280515 -3.742876300403619 38
261 2.452028599163309 -0.7860996742094049 21
262 3.3659784768252674 -3.77377198718344 83
263 3.8642273538660286 -0.3533074401861859 83
264 2.9096010290590333 -2.377179085394382 90
265 4.8493623130710315 -2.140770324641251 23
266 5.297722130097614 -0.5070130397596246 69
267 5.565477655339993 -1.5637145319402568 46
268 4.844500557564173 -0.7849324469649622 10
269 4.890885034008297 -3.438797447921877 86
270 5.141289632338681 -2.2314542618398483 62
271 2.736787596070875 -1.7823272884181653 73
272 2.768972796050232 -1.2450730695189702 72
273 4.551655602165528 0.0575523567096636 63
274 3.2607347517077256 -1.9043783665546714 40
275 5.7473779289661175 -2.561191033353804 50
276 2.8051367310911726 -0.8819316915082389 19
277 3.1088756024945057 -3.546438060898692 41
278 5.441746559710553 -2.853566539121087 87
279 2.850588686223339 -0.51785895322316 92
280 3.542619820339303 -1.854221197502577 2
281 3.957545436053954 -0.15315466756971405 63
282 4.572838179878005 -1.2118934125483902 63
283 4.745380946945491 -1.7004034784234894 17
284 3.9820365151170938 -3.5005747028811047 2
285 5.137842269655434 -3.346684616546059 91
286 2.5156390005783185 -2.6524340961880832 84
287 2.8580191257948058 -1.2472795334477165 60
288 2.5687077624090184 -2.2720680953152375 38
289 3.6532847951407845 -0.2651131088612885 5
290 6.10425863611193 -2.193611729769218 19
291 3.8805158881767254 -2.2790544583919203 90
292 4.2627477943005845 -0.07767864972927388 7
293 5.968176769832327 -1.7279390321218464 8
294 2.8774474921089594 -1.6652309393205942 75
295 5.268254351164921 -2.1918679426031593 36
296 4.845554529359775 -1.6200154316146824 23
297 4.632240876316817 -1.8380894906760588 21
298 3.498486509950311 -3.234825987484298 71
299 4.930317301030795 -3.170446138596442 44
endpoint1 endpoint2
86 249
147 176
113 189
42 294
279 297
29 44
181 294
131 187
100 199
101 223
172 239
59 240
225 232
137 273
181 248
185 253
39 238
67 225
170 250
116 229
8 38
30 262
142 177
71 245
36 41
5 204
153 262
124 212
40 230
5 93
137 173
1 176
40 117
116 125
134 185
73 262
51 209
77 199
81 140
210 296
191 286
125 219
221 253
61 169
136 139
65 251
90 229
72 296
39 156
24 139
243 257
66 282
211 296
68 231
146 175
183 214
152 186
16 20
219 226
129 158
119 176
50 290
123 181
31 275
35 129
41 189
139 175
35 110
110 235
239 278
14 38
144 193
87 137
148 198
192 221
156 262
30 166
8 170
9 60
38 177
138 222
14 190
90 247
253 265
138 276
138 161
141 212
37 259
32 275
32 216
124 137
181 259
73 119
36 77
224 229
78 181
12 214
13 160
125 230
208 254
30 75
14 48
224 269
23 290
98 298
26 63
170 217
123 235
35 295
57 278
37 66
60 293
11 197
104 236
12 205
196 207
0 114
112 156
93 299
176 275
49 80
125 293
108 232
37 164
134 156
45 164
49 161
2 140
166 214
120 266
11 109
13 268
154 297
172 184
125 248
35 189
54 188
93 292
223 234
63 166
163 193
109 239
111 170
25 224
143 239
1 31
134 294
151 236
208 227
106 117
162 291
108 222
112 281
20 242
114 245
111 179
24 245
43 51
280 287
57 115
188 264
25 295
151 291
38 270
7 239
103 187
15 95
24 77
63 212
1 248
93 167
165 223
158 267
109 295
74 283
78 105
117 210
101 136
200 215
56 188
78 152
84 199
104 200
107 238
17 250
200 294
133 233
65 163
88 177
107 127
18 27
1 241
183 233
3 72
115 207
24 195
23 149
247 257
145 164
146 247
191 206
50 164
131 230
10 67
108 180
185 223
49 117
91 133
236 272
109 211
40 59
38 81
22 255
48 171
47 280
50 204
53 65
128 243
277 291
5 238
26 101
19 62
130 199
63 265
79 137
168 247
187 248
5 273
192 237
28 86
16 59
21 113
77 297
260 276
149 172
11 135
200 204
155 202
10 117
181 236
93 282
25 93
62 250
32 57
95 118
10 282
60 237
10 124
16 267
21 161
45 91
32 48
88 141
14 64
164 226
168 229
118 180
234 295
154 171
177 250
252 268
16 184
164 267
20 77
38 292
233 291
88 229
91 112
90 184
91 225
110 191
54 279
3 173
80 126
25 216
48 87
218 228
41 56
149 199
106 171
15 25
202 205
150 174
157 205
89 226
179 215
110 215
1 190
280 296
13 100
148 298
79 274
118 134
99 102
29 36
50 235
251 291
200 232
37 53
144 266
42 211
155 272
33 73
1 32
147 193
42 297
43 112
48 69
131 168
200 239
1 287
54 222
65 250
83 135
71 275
1 136
20 201
24 140
44 234
61 281
71 85
169 213
148 175
171 205
210 288
31 274
52 120
235 296
135 165
144 179
41 205
169 256
26 187
138 167
244 296
119 283
28 135
121 232
32 285
73 77
129 150
132 296
6 188
61 73
7 141
117 156
106 143
88 89
34 45
15 125
110 256
197 298
17 188
19 231
69 224
234 250
145 272
74 182
93 250
94 139
149 228
243 249
12 215
31 181
52 78
197 221
235 294
15 122
223 231
208 255
25 100
135 155
66 190
12 166
162 279
90 296
4 120
187 200
50 55
105 282
159 166
87 158
145 198
2 178
168 182
96 142
68 108
124 129
6 174
84 172
125 254
272 291
36 196
93 298
60 149
225 261
25 109
86 188
111 172
187 282
45 163
138 263
231 237
117 198
13 267
95 196
119 151
235 276
40 177
77 116
24 64
23 24
137 250
139 202
163 192
187 198
116 160
111 282
12 109
55 137
77 156
149 255
59 202
7 241
160 221
40 269
246 273
232 234
15 267
35 50
114 242
42 160
116 175
226 270
262 271
45 149
158 257
52 268
90 123
236 238
166 193
296 299
176 219
219 223
255 291
36 98
38 271
81 210
137 155
104 194
235 258
36 241
40 191
23 46
43 154
108 214
187 289
65 90
247 267
147 249
241 246
28 249
11 147
128 149
18 137
93 270
81 100
82 106
138 229
49 115
88 178
87 202
164 207
187 294
21 110
224 289
177 221
159 272
62 126
64 132
193 288
123 124
31 159
17 242
127 235
54 153
72 281
265 297
0 197
74 116
173 256
70 136
26 98
11 129
220 281
24 52
82 205
218 291
21 158
41 253
65 188
229 283
46 142
29 281
24 210
226 274
34 138
36 55
42 109
26 291
11 279
160 240
161 230
268 292
21 167
133 195
135 227
88 135
216 263
145 253
193 233
2 122
213 284
54 243
144 294
127 134
92 100
93 274
59 85
150 268
211 270
13 113
143 168
54 285
3 167
28 165
193 226
69 170
54 91
128 270
237 281
94 162
47 104
168 260
79 246
100 284
108 153
92 99
13 106
88 149
54 276
183 197
230 287
128 261
76 203
33 152
89 299
217 286
156 194
14 277
42 233
86 246
143 190
168 212
84 275
142 183
274 279
76 194
171 267
117 128
30 194
60 251
100 258
64 254
85 237
140 259
44 236
66 202
32 70
216 227
2 175
183 219
98 219
119 260
35 269
92 298
99 296
6 276
10 142
200 272
79 205
86 145
55 116
21 196
39 293
64 100
269 288
91 247
38 103
22 173
23 220
117 225
214 243
55 282
206 297
153 278
64 258
13 172
196 263
275 295
221 244
66 173
105 158
23 100
44 226
194 265
87 139
254 290
163 180
37 280
115 143
97 229
57 266
60 273
27 88
124 227
52 64
35 136
85 248
17 179
164 166
61 298
105 272
69 239
80 82
192 214
72 97
132 272
150 211
27 81
11 206
160 201
76 117
132 167
86 186
55 67
3 105
97 134
27 264
210 232
67 196
148 214
166 221
205 291
97 247
170 199
160 262
72 104
270 282
220 251
185 258
3 263
132 287
12 207
110 275
93 297
20 127
184 198
232 253
197 283
138 260
53 98
99 179
118 253
81 281
195 273
124 153
220 242
57 208
38 274
166 295
93 124
9 85
272 283
63 160
139 205
50 87
164 211
38 43
65 79
46 219
29 97
236 240
240 243
12 110
267 299
131 245
4 141
235 268
25 126
228 293
85 156
0 241
201 285
226 271
62 164
8 17
48 184
49 270
67 187
26 231
51 149
27 140
121 140
139 285
128 159
219 222
185 277
131 250
132 244
6 144
35 173
37 204
40 160
115 200
23 158
64 85
46 229
109 293
57 122
81 268
7 81
134 278
12 28
96 282
14 251
59 72
43 146
6 26
81 91
83 267
85 174
87 197
107 113
14 106
47 230
2 110
188 280
9 224
232 290
50 281
149 265
160 227
14 194
15 175
0 87
58 280
132 137
35 40
112 256
59 267
202 273
94 206
21 118
148 248
117 162
27 147
88 99
217 257
95 288
186 220
158 211
143 272
190 192
45 248
49 253
53 72
20 263
81 172
154 167
192 286
11 185
123 156
200 206
5 102
6 124
82 197
136 288
10 115
208 297
139 150
110 192
130 258
39 252
61 250
88 136
19 295
94 297
97 206
188 227
25 204
8 52
193 232
28 175
0 286
73 165
21 120
98 167
117 180
192 277
102 296
121 177
11 190
106 167
33 141
221 299
20 64
100 278
156 205
91 125
37 233
155 271
71 115
0 171
91 234
168 231
189 228
75 197
77 217
95 142
153 198
64 295
264 276
28 213
31 237
1 266
130 174
7 195
9 109
179 208
182 250
37 146
61 268
211 278
180 260
143 176
0 162
4 39
10 266
49 224
237 273
60 270
81 151
10 157
174 183
177 241
60 253
6 97
133 172
135 263
13 17
89 224
218 260
36 259
40 113
63 225
90 129
38 106
183 221
116 299
217 245
128 168
151 190
196 274
178 261
35 148
38 131
58 136
95 269
61 173
64 255
155 168
84 242
179 222
181 206
20 204
66 286
66 203
49 129
171 185
48 71
195 248
30 268
255 274
4 164
22 26
84 138
127 212
109 126
204 229
169 285
51 170
14 34
91 259
152 189
88 282
34 161
70 222
36 90
149 208
263 296
16 166
200 280
42 48
132 178
135 167
15 231
211 255
32 85
87 138
58 67
25 186
121 238
50 146
55 274
94 134
131 152
95 235
43 298
110 262
60 129
42 59
63 180
111 152
22 205
28 105
93 248
30 172
34 179
2 40
75 159
97 110
78 184
154 290
62 86
227 296
167 265
138 196
13 46
91 172
4 122
194 280
184 286
93 241
168 184
42 267
99 141
44 96
220 289
97 103
43 280
105 231
160 193
126 250
10 50
232 254
157 161
222 274
259 292
48 139
215 273
57 102
3 254
5 142
46 64
32 233
124 154
33 221
224 246
62 64
136 279
104 214
175 222
17 20
203 289
21 298
133 251
197 259
107 141
163 194
4 104
24 241
22 214
26 157
126 266
111 292
25 291
170 259
188 268
62 269
123 250
16 106
92 285
36 101
58 214
151 233
107 245
126 228
55 56
9 283
31 51
86 204
253 255
40 73
24 259
22 233
97 168
62 165
120 172
143 241
92 210
68 91
82 222
100 129
157 283
87 94
16 240
90 209
165 220
241 283
187 291
259 283
116 176
29 114
87 188
56 261
256 274
95 172
6 249
120 290
139 277
35 196
255 298
96 283
206 287
82 217
21 138
0 192
91 129
2 252
48 183
47 284
14 26
0 266
1 103
114 117
33 249
16 95
15 57
53 246
100 183
193 294
174 256
103 170
33 295
13 243
125 153
16 238
161 234
0 40
41 250
60 178
63 199
72 213
162 244
192 233
29 68
14 29
1 120
79 116
151 156
101 167
71 165
242 264
60 218
154 275
12 226
36 232
21 156
186 221
71 124
163 231
73 210
75 121
74 125
119 293
247 272
126 297
20 256
77 294
25 256
119 218
13 148
132 233
154 282
136 236
121 280
34 106
180 253
79 147
207 275
211 267
144 235
95 115
26 195
209 289
35 275
56 289
30 239
31 231
103 209
13 30
185 247
186 280
9 289
134 200
66 255
205 274
5 256
209 282
30 280
270 299
74 254
2 115
22 118
78 83
99 202
12 56
13 134
132 223
40 139
114 174
96 120
186 291
8 84
66 246
72 241
91 226
92 236
44 143
189 252
120 221
217 243
148 157
119 161
174 180
178 267
36 189
55 243
82 175
13 16
18 221
0 11
113 170
111 244
104 126
123 202
100 202
31 210
31 297
33 151
15 99
160 175
202 243
40 234
38 128
105 146
0 2
20 205
59 122
68 228
159 207
144 215
38 98
33 63
215 228
56 136
1 86
2 92
94 149
95 228
156 163
104 244
77 84
80 141
26 268
137 263
76 268
44 229
14 35
70 76
91 258
94 269
131 261
171 177
63 103
194 242
30 163
214 241
219 230
119 140
11 210
31 287
201 237
222 224
225 247
172 282
162 256
4 117
187 191
60 122
134 175
229 296
68 234
51 178
87 133
33 88
94 244
156 258
34 185
60 275
7 142
196 264
78 289
26 286
265 287
181 216
55 68
239 283
3 98
69 237
52 299
94 255
26 48
195 293
13 278
234 264
97 109
43 290
81 235
62 87
101 248
15 71
147 256
20 114
4 289
157 167
140 289
31 71
91 175
3 107
140 176
87 155
2 177
58 82
26 59
67 256
70 192
18 273
142 152
257 296
224 240
3 265
43 283
264 294
103 136
125 251
199 227
181 185
41 148
133 241
61 201
107 151
44 201
133 258
120 159
64 66
198 296
145 188
0 148
195 275
57 291
156 158
68 296
161 205
37 216
101 123
88 160
17 164
25 228
215 297
1 19
136 202
7 242
235 270
55 59
18 37
164 196
39 178
190 298
241 242
96 150
167 206
98 134
104 182
12 103
195 202
15 42
17 116
43 270
157 282
104 197
174 247
200 291
3 54
60 189
72 168
108 260
164 195
38 91
113 154
166 255
167 199
101 180
249 283
104 189
69 91
19 52
77 139
80 198
154 270
12 237
17 254
72 277
204 223
186 261
93 188
113 147
183 229
22 248
118 172
28 92
29 74
146 294
94 197
22 107
9 230
16 80
70 295
57 242
154 265
66 96
33 294
85 181
236 268
54 271
29 67
52 228
198 271
54 117
4 220
78 127
99 259
6 232
9 239
10 231
139 258
13 154
127 268
201 221
220 276
131 211
64 158
155 201
67 123
103 162
13 235
161 226
106 194
41 226
229 280
46 141
180 297
38 76
115 161
279 281
70 134
56 230
99 223
117 169
10 238
34 248
202 220
42 104
95 299
7 256
62 111
1 175
37 238
34 273
54 281
39 79
44 154
28 169
30 278
143 221
92 142
227 283
159 264
35 227
131 193
132 209
179 205
111 112
44 258
118 281
103 289
216 273
90 189
17 288
91 236
169 253
63 66
192 255
69 151
214 234
73 172
143 218
129 181
113 264
166 274
57 157
152 210
59 129
154 183
101 209
176 232
6 108
64 227
261 289
157 240
1 185
258 264
97 272
59 111
204 250
66 247
48 257
141 178
87 224
2 216
170 252
189 251
120 222
49 230
53 161
74 230
2 75
94 168
99 242
117 132
29 216
213 299
108 124
19 94
278 290
45 56
83 253
13 15
107 259
14 280
35 126
181 195
204 241
138 182
229 247
170 231
121 217
194 225
11 86
234 277
52 199
215 238
70 226
173 235
191 284
47 123
108 123
38 129
246 292
139 180
18 213
37 130
186 249
43 231
133 292
27 289
155 276
28 30
80 294
68 229
14 89
111 252
42 277
4 23
98 259
8 210
41 46
127 214
114 274
24 97
144 176
15 152
181 213
182 205
134 181
66 192
105 299
71 81
73 255
28 132
11 68
131 149
6 185
8 275
117 292
191 258
12 221
196 223
15 112
109 117
167 277
26 276
144 183
71 260
175 282
69 227
72 238
91 193
163 185
1 54
116 255
11 125
123 263
75 152
132 276
196 265
124 254
34 41
66 163
31 89
253 260
110 247
1 158
169 186
68 210
50 56
143 159
254 296
21 68
151 282
193 221
69 125
54 167
203 238
0 239
1 151
182 214
259 289
159 162
156 273
195 214
50 130
177 188
72 107
57 204
93 96
210 265
199 226
64 212
51 283
1 232
239 296
222 272
49 164
105 263
87 147
177 181
32 235
64 188
191 294
110 281
133 249
89 213
15 270
162 293
163 196
165 296
8 109
49 221
158 258
148 231
152 226
106 297
5 6
7 237
34 77
228 235
65 287
10 34
140 207
35 54
112 286
165 209
24 250
64 81
176 223
68 69
17 107
220 264
174 244
54 131
183 239
113 153
189 196
26 237
120 181
44 183
109 290
92 171
256 276
114 120
188 284
104 190
47 75
82 288
27 55
72 278
208 214
65 166
85 171
91 131
187 225
45 131
1 101
68 75
33 255
87 292
53 244
55 144
130 201
9 118
107 289
176 299
13 66
87 223
0 217
241 267
115 270
56 224
54 74
166 238
48 63
127 271
189 269
64 159
15 177
93 284
112 171
3 44
118 268
165 245
79 261
63 95
10 284
75 200
94 180
223 261
34 249
199 284
36 130
86 118
1 174
3 21
25 32
135 223
72 197
38 68
3 162
95 125
113 133
48 94
28 170
76 209
4 195
188 288
153 194
171 280
196 288
16 70
35 226
85 222
144 282
271 297
130 280
61 240
83 296
158 192
141 184
21 29
4 59
35 282
181 295
202 265
59 128
22 116
6 210
47 116
174 179
11 168
40 254
58 133
83 247
84 239
233 294
17 210
181 249
185 254
186 244
97 279
61 265
280 294
211 228
109 178
21 38
170 253
99 100
146 207
81 148
6 213
7 164
103 112
12 49
252 256
35 144
59 246
42 66
135 256
174 293
85 224
165 280
204 293
96 113
3 8
206 250
269 298
29 63
69 152
33 36
80 249
173 234
196 285
200 237
20 88
105 144
108 139
19 215
258 283
211 297
140 142
91 271
73 264
115 133
170 239
42 274
28 142
29 56
156 270
132 295
12 39
37 57
203 250
77 82
5 64
6 86
61 163
66 174
31 106
18 205
43 223
207 254
44 231
48 226
0 138
131 263
116 260
69 138
55 278
117 291
84 156
29 162
54 170
164 187
21 201
169 176
72 239
98 274
151 284
120 251
37 90
94 133
167 188
151 198
203 232
61 181
64 199
265 285
139 218
107 155
3 100
26 143
210 237
138 171
49 169
69 235
287 292
74 179
111 266
4 13
26 62
173 189
156 283
18 276
255 266
59 186
242 246
6 168
102 252
203 225
100 290
139 211
105 140
36 297
165 293
80 259
209 222
122 130
69 212
147 224
111 275
168 187
116 206
173 182
16 127
52 163
126 249
20 123
79 173
113 245
116 166
284 295
90 114
53 110
134 289
12 115
217 288
93 120
2 57
61 111
154 236
84 176
268 271
34 51
0 79
112 137
10 56
157 183
112 280
75 89
207 219
134 137
140 160
170 270
71 194
94 97
28 279
240 256
38 215
61 217
135 253
103 265
31 60
15 278
163 204
76 288
4 82
53 112
93 217
98 132
102 265
156 238
0 93
77 97
69 295
141 154
18 26
0 204
186 190
101 289
148 246
79 99
119 200
191 207
201 209
62 120
82 289
12 239
86 98
33 291
107 228
3 33
41 291
4 270
25 76
133 211
31 34
180 293
115 213
24 201
1 100
167 254
83 109
29 249
106 182
24 50
82 280
100 178
161 274
108 178
204 267
21 144
24 161
44 279
135 232
65 190
2 242
38 75
45 251
109 275
73 191
79 113
11 132
177 201
33 247
159 260
35 247
55 232
129 209
75 284
14 258
112 172
130 263
60 68
78 287
65 183
110 172
113 131
9 133
75 203
22 123
192 274
191 250
213 286
178 208
164 259
38 155
130 216
60 236
293 295
59 83
25 39
67 243
54 287
168 228
189 231
163 299
31 224
11 259
17 216
258 271
