nnodes nedges type
200 300 graph
nodename posx posy weight
0 -1.0493514930238688 -0.04077664855751829 424
1 -11.061577570267124 -4.131774614110044 387
2 -1.8389128499121348 -1.315549512532163 6
3 -5.469959157455201 -1.5679708743077967 494
4 -1.2357774298112971 -3.2262850046137053 325
5 -4.237474722184527 -3.9727243238853127 96
6 -8.531653948234963 -1.5039979079204466 363
7 -1.4935778451854416 2.4192073138613863 392
8 -9.426747357243372 -2.7455983837840603 221
9 -1.305552171929367 -5.363338461103471 111
10 -9.71599342378212 -5.239648507316699 438
11 -9.272073536857805 -1.4543695240870722 118
12 -7.828160100673116 -2.710906042158005 461
13 -11.407207588749749 -3.1682928300450612 318
14 -3.1934632734608535 -6.574275605536405 360
15 -2.4949448439115507 4.111636009087152 117
16 -5.824563099056875 -5.439284388530032 211
17 -4.007870806636996 -0.6442861861235746 498
18 -5.817295692630223 -3.425034102999787 210
19 -4.214675208600071 -6.529279677247301 164
20 -5.199924047266155 1.7477800661793768 435
21 -3.8374091439288445 -3.2831197936653096 359
22 -6.133873721700071 -1.9928864422848165 495
23 -8.208954859682304 0.4793457811362502 351
24 -2.277792492511199 -0.34928866298004846 319
25 -5.432494584483422 -2.4097983744998297 133
26 -8.196414774714718 1.2714758110771525 288
27 -1.1226454855496142 -1.4138273531061605 128
28 -6.186710062357434 -5.78347114987852 46
29 -5.75200279632323 -1.0740501590977496 125
30 -6.64685707876273 -1.6400846360377166 30
31 -3.869987644070299 -1.6409467011282244 496
32 -10.15895551676375 -3.2675437116560015 4
33 -2.454250950309281 -1.997467673343642 168
34 -7.508260617089961 -4.522445438204792 350
35 -6.4935850097512136 2.3846196386594207 307
36 -2.932728742683351 0.4645768841923969 17
37 -8.586640889309418 -4.1567902559032985 458
38 -5.1801589395265495 0.6135777513360514 276
39 -6.849157793530893 1.1612201509886442 315
40 -8.848597163577308 -0.042013346551254833 468
41 -6.20695407799656 0.6248502335516168 430
42 -4.885196460895516 -1.8213590555519126 65
43 -7.98233090323222 -0.9324423203546583 284
44 -2.509424088863112 -5.466279341717533 7
45 -8.99420151567566 -3.7049700697114867 335
46 -4.789349409725391 5.1573644787555075 50
47 -5.184136992364635 -4.101750726410167 2
48 -4.335732766228635 -1.8394458836914906 319
49 -8.116398944988473 -5.352086698469855 488
50 -3.5608696579232837 0.5001535767226012 183
51 -5.534219268696533 -0.7681314204551307 442
52 -6.478652009884119 2.7695235971765064 207
53 -4.228960188163894 3.2153716390051046 467
54 -3.0886033390727503 3.0986950583873125 212
55 -4.098706825119867 -2.288879353734422 404
56 -5.7998582544922135 -6.228427303087245 123
57 -6.615409376807192 -0.91881578800779 377
58 -2.4087039126228693 -0.6579641702978525 194
59 -9.226589819106884 0.6124987872777392 298
60 -4.676972321262835 -5.332189486139789 495
61 -7.626761543175188 -3.276412502803568 451
62 -3.624185786337103 -2.4978451751541417 437
63 -2.418458119310693 1.5583729202635315 126
64 -7.976257663683008 -3.154088183723105 189
65 -0.41764840633563083 0.5373002155572653 161
66 -7.2815666667663725 -3.8027427014769053 116
67 -8.7458142781766 -2.6322963885993764 206
68 -7.487167246173621 -2.9394098231902275 174
69 -2.0958398856157925 -3.265230368722968 294
70 -5.065384187659888 -1.4587766673062772 185
71 -5.383766343215056 -5.002803201260118 71
72 -5.567843418724255 -4.031740139768122 288
73 -5.543996642323541 -0.9962359132617667 73
74 -4.797296888935287 3.998617759847812 222
75 -0.5027256578205058 -1.3415571084923568 463
76 -4.375911571281099 -0.13492134224077795 316
77 -4.371737904131719 -1.4715642731734977 221
78 -4.927512642317468 -1.0977469102977349 307
79 -6.799978637239997 3.5971644569163654 365
80 -7.073321846130571 -4.32623358404566 207
81 -2.9526720694212067 -0.06118165187982219 189
82 -6.1442533471677905 2.3272110748133787 462
83 -2.009957258554134 -2.0616433621470422 343
84 -7.54746009073724 -1.616949013898321 221
85 -1.3639731709868328 1.5706011543933536 294
86 -4.773269704347476 -0.3045140416337324 285
87 -5.660886470048652 1.125664866481659 468
88 -7.464848887589123 -3.39732261642842 132
89 -6.1379369843439076 -2.8321176954052256 172
90 -3.9945330976800704 0.26506295252454004 410
91 -4.742422043990476 0.6193335182850049 251
92 -3.778043969477617 -4.597535472945874 261
93 -8.197097336932844 -0.03339967438278431 222
94 -9.661349599907957 0.22409491943585483 67
95 -8.741007913009408 -4.383217581633481 444
96 -1.125295538335669 -3.797177033811143 430
97 -2.5341619619048608 0.8479148915763981 4
98 -6.117962697550606 -2.563183354864944 356
99 -2.301521934287155 0.30088969195687376 241
100 -3.257780835663144 -0.9026661905081906 382
101 -5.500181480651246 -0.29343548113738627 485
102 -7.629756666063739 -1.0145827054132575 183
103 -1.464571482105418 -2.932970194058708 327
104 -4.276638803078169 1.6074723129012833 51
105 -4.472779094643159 -4.80646721358472 99
106 -3.7948394560104948 -5.365097055112878 477
107 -6.9951137172856015 -0.2901427912636304 276
108 -3.53327305150159 -0.6719232706655198 17
109 -3.74550815055826 1.8936522200407964 359
110 -4.897913246169634 -3.7478504826045187 305
111 -4.75936109355502 1.343085545340406 46
112 -4.241466021259903 -2.1357614888145395 109
113 -7.70581434110861 -1.4355287140487776 465
114 -2.969258913977048 -1.2838957371834856 241
115 -3.033991130288656 -3.844446110565043 147
116 -3.699118965481773 -4.232850357954166 423
117 -1.653044497011591 -1.1261131296185676 107
118 -5.054875140844666 -3.109374643786646 302
119 -6.179207288771842 -1.5752177875582123 371
120 -3.158821009845679 1.2182321375251075 120
121 -4.9029435991320005 2.6742353294843184 208
122 -2.7677786632040093 -6.095672818514358 300
123 -0.2412050425879456 -2.4925459796490133 198
124 -6.130604026180528 0.19142829169807196 317
125 -4.421740137458378 1.923518250291335 297
126 -7.925495340364208 1.0918294461093436 10
127 -8.457694801386781 -3.1672128136654467 38
128 -4.104590433489587 -0.9882151031950495 26
129 -6.41555132737448 -4.619770213973354 372
130 -7.228522784617352 1.7790080257830385 255
131 -6.465611199708998 0.8688855707713251 271
132 -7.640006183856007 2.4191969456094475 451
133 -4.084940206484549 -3.212520906088658 404
134 -3.250729045392858 -4.116534422751842 30
135 -8.902059367486396 -1.6504794033248715 264
136 -6.383770282793559 -4.807596140333469 275
137 -2.645764631703834 -0.992288017648827 163
138 -5.276339994978844 -2.6377355854593287 348
139 -7.003348914154258 -6.421055759854136 135
140 -4.310146015642547 0.4241928880730431 395
141 -6.860193954487656 1.8464523733696445 16
142 -9.882721984577696 -1.1172252868157255 289
143 -4.436335996423308 1.2040352615099936 325
144 -8.575824675787924 -3.8526548973241903 296
145 -3.915777538868908 -1.8855823914682315 355
146 -3.7486062081579847 1.239118090219903 246
147 -5.134151323848949 -5.286240040254394 157
148 -5.85294902221337 -0.6186767124183246 397
149 -5.897236548172421 -1.604511249544872 440
150 -6.892367120855437 -1.4924356428851762 418
151 -8.775722297832965 -0.6962723655699103 456
152 -5.131905678821426 -0.24013598474298822 166
153 -8.730576231340077 0.5743350085902528 304
154 -6.58367782289651 -4.014670025864216 249
155 -4.544036415604216 -2.60337097857767 248
156 -2.9535215011629767 2.0589836348557733 185
157 -2.3703470000783207 -3.408633741148562 57
158 -3.232756764775119 -4.331107936075897 119
159 -7.364786245819023 -4.892301184167375 225
160 -7.017488745626369 0.7430665993404567 425
161 -1.3184283233115968 -2.412871792590313 434
162 -10.407145827465817 -1.3913664594071375 308
163 -7.075573801953313 -6.019344956551854 127
164 -2.959277117371187 -1.9673533880697616 418
165 -1.7457798653270613 0.220017347236531 478
166 -2.6304524570522587 -1.7345561100232405 277
167 -5.664186623138574 -3.8376965774344862 391
168 -3.633253924636633 -1.203076528386852 463
169 -7.376727827121487 2.148805193223552 44
170 -5.248556714902687 -5.564501867780871 51
171 -4.653542055313359 -3.7517339638235976 462
172 -1.585520742558801 -2.0503617148671505 260
173 -10.036253616425286 -1.8737941200698625 495
174 -7.463782086291535 -1.9311982461853803 336
175 -3.383052727953477 -0.44289943877251675 321
176 -7.736326749734268 -5.062251017788929 32
177 -2.344583077815566 -4.749560215448433 298
178 -8.036556281213983 -2.478831085099219 390
179 -9.408714403392798 -2.3456296956547127 298
180 -11.05913536048892 -0.7479012960088497 294
181 -2.180045058289701 -4.31349353875144 181
182 -7.558182659769949 0.23814643556782697 134
183 -5.561932987127666 -6.469161635307482 160
184 -5.6747570743943365 2.63972196446384 75
185 -3.985116035750447 -3.5587727465608694 443
186 -5.27617721997283 -2.865867100989843 222
187 -6.385205830107802 -2.352134260279828 228
188 -9.503097084818691 -1.8951734517456527 478
189 -7.849360754528679 0.5197178120383641 297
190 -6.984457269589188 -3.166834457356147 294
191 -5.656242996747442 1.8309758653648107 368
192 -6.246246459306595 1.5468801659056053 199
193 -7.101572614945771 0.5135168897841692 226
194 -7.842961414843091 -0.03356292629660405 418
195 -3.371715557476253 -3.4805593676486626 226
196 -4.236944284626147 -6.845897093823453 78
197 -2.812891829932036 -2.78403269522196 349
198 -5.53239817216634 -0.0020733193555627282 345
199 -1.9742043404497798 -0.5640327469222417 491
endpoint1 endpoint2
77 86
10 95
66 167
86 90
39 141
74 121
52 192
18 154
40 126
48 155
26 94
136 147
43 174
121 143
30 51
38 86
91 124
13 32
134 197
8 142
96 181
135 162
40 151
35 87
137 199
53 125
135 178
139 183
5 47
40 189
70 119
48 149
97 137
116 147
142 180
155 195
94 173
0 58
48 100
62 116
60 92
73 124
89 186
155 167
38 131
76 164
78 128
51 55
110 118
14 106
19 60
104 184
18 25
52 184
118 187
20 130
100 166
23 151
27 166
2 161
31 155
136 190
21 112
33 128
129 171
67 68
57 131
149 152
6 174
64 66
41 141
133 168
30 187
45 173
112 138
100 168
124 189
23 107
88 176
72 170
17 148
132 184
102 150
62 114
2 100
50 97
38 51
39 131
126 160
84 182
6 102
38 125
55 171
129 144
16 72
26 131
71 167
98 138
76 101
131 169
175 199
79 82
122 177
126 153
72 80
72 186
47 118
78 145
28 49
21 118
31 83
158 195
44 134
43 150
42 89
31 108
65 165
61 150
158 171
113 194
9 177
75 123
150 198
18 171
115 158
45 64
92 133
3 78
35 130
149 186
22 119
143 192
21 157
178 187
21 105
73 112
39 126
98 150
75 117
33 103
66 68
92 115
30 102
17 100
12 98
109 140
18 22
62 108
112 145
47 185
11 40
151 188
17 175
148 193
92 105
78 152
55 137
42 175
157 172
39 191
97 156
71 106
62 69
50 104
91 168
98 110
139 176
56 136
119 138
36 146
81 128
50 198
102 151
7 63
109 125
70 86
1 32
71 136
142 151
47 154
4 96
93 102
11 179
58 117
62 186
111 152
59 194
63 146
80 127
54 109
42 118
24 81
61 159
28 105
115 164
50 58
41 87
113 149
88 174
158 177
93 182
27 75
29 174
57 73
20 90
125 156
24 168
119 150
60 183
136 159
56 196
144 188
93 193
47 72
145 185
122 196
126 132
40 59
103 157
5 55
58 172
17 145
112 166
136 163
64 84
3 128
11 127
103 123
4 197
25 89
12 179
45 49
117 164
165 175
25 78
52 82
43 153
87 152
88 95
157 177
42 101
46 74
15 54
64 154
82 131
34 136
36 100
29 31
128 152
23 130
110 134
77 155
78 140
47 60
101 160
70 155
39 124
99 100
182 192
58 108
90 114
90 175
108 143
82 121
158 181
41 194
85 97
76 140
8 64
106 115
3 30
76 120
73 107
161 166
91 104
63 99
30 68
72 133
34 68
148 187
41 76
96 161
37 190
22 84
38 146
57 190
73 77
3 98
113 135
24 58
134 181
77 197
29 86
22 78
88 89
91 191
32 67
67 113
88 127
100 128
