nnodes nedges type
200 300 graph
nodename posx posy weight
0 -4.942677049897866 5.149699127020692 168
1 -5.270507535418413 5.499108703249018 171
2 -6.514000841716021 5.216564147576376 394
3 -3.0557820143314047 3.10872459537623 366
4 -6.43380493401136 7.425949051329983 188
5 -11.104498699858784 7.601472342858209 385
6 -7.391936660386681 7.595645073375637 224
7 -3.2658217628801935 1.1270462889630086 62
8 -4.317621582102125 7.448078707753312 446
9 -7.8011162775265825 6.844297287446353 3
10 -4.531880093802913 3.910522179316885 57
11 -4.646516926938232 0.33597220592140126 77
12 -10.68160430271344 3.2027509556493716 119
13 -5.286307473436188 7.1315149538743015 183
14 -3.5491995935179874 7.470744317566777 41
15 -5.147313805148812 9.734238303379193 28
16 -7.676964872473956 10.495437229741814 422
17 -6.131996713138658 6.589852635045941 211
18 -8.32798866188785 6.799060463857145 76
19 -5.27225091735136 4.076299182595234 316
20 -7.106404890482676 2.1254565366750326 176
21 -6.6299063158047975 6.619162185384454 485
22 -8.033622114315182 7.7030937279511935 205
23 -3.988754112410647 2.4639101595488753 292
24 -4.387156319735211 2.9261189458112677 238
25 -2.3912450245666648 8.174048123014773 213
26 -9.375188105518506 5.0882813666310645 96
27 -3.9623599751537415 4.989199037415731 417
28 -3.1655941495073385 6.626843118388608 241
29 -4.409897547943482 8.46409936554615 208
30 -3.3783390901417585 8.128282840216613 35
31 -4.454426923067967 6.77799199812753 390
32 -5.963314083662641 7.329467795384796 281
33 -7.370159934454965 6.345443089971107 465
34 -3.6152350495815275 2.128610108768612 444
35 -6.54865491419914 0.9261635668226612 447
36 -9.491443100873154 2.4031660514765485 333
37 -7.8414200205753675 3.7737671222698106 284
38 -5.141726015319384 7.736779316692419 122
39 -5.578459755349947 8.879113296774424 285
40 -8.155243032967052 9.874332839758823 40
41 -9.150863108159323 4.611625009387577 340
42 -6.721519336928851 5.619200331521979 277
43 -5.736289528476842 1.7060329458655545 377
44 -2.905011999782725 8.66411012657953 425
45 -2.373956468788722 4.594678912481211 135
46 -4.846668549354556 8.367621670153923 485
47 -5.642662152812695 2.7234231067080183 286
48 -9.492162477260207 6.412188274941888 40
49 -5.871082367712759 7.933317348834394 324
50 -9.653287634451026 3.137195814806019 12
51 -8.273638122437397 3.6053648475191737 94
52 -5.605088168892324 3.8412607330644137 40
53 -3.7849965011019653 4.637943662137204 363
54 -8.737178581540572 7.171778860128436 244
55 -6.149188283499793 3.17905274005602 260
56 -5.12247480857342 6.861661447336417 380
57 -7.217958082517641 4.322637914316017 36
58 -6.233907295358113 4.842479643657066 248
59 -2.7784938001439214 6.325787863421844 311
60 -9.449086449373159 5.609246179759134 428
61 -10.435137300282465 1.8440175286804465 254
62 -3.234161423926829 6.404052366580068 230
63 -4.288478799589722 9.060841853533137 44
64 -6.896981211151729 3.4670826868322546 249
65 -2.17857193946999 7.500760055058244 426
66 -8.141939127876864 2.202191699085582 373
67 -6.105309510975826 4.382584026750827 325
68 -10.197110305968875 4.705645312599356 231
69 -9.511513656057863 8.436117716758254 427
70 -9.23385196328498 2.0475367438186054 410
71 -4.823380975838534 2.877659160019746 100
72 -4.860428048945669 6.100288119827897 347
73 -8.264826864482025 9.191053412511687 413
74 -4.94919180782487 3.5744748800468527 283
75 -7.919980274743424 0.10571958776316716 121
76 -9.66634364710388 7.197807705285503 268
77 -6.312132059554576 5.857336005206668 172
78 -9.805068288470654 3.5454009388887595 123
79 -7.241940477954031 2.7865578711222176 163
80 -3.2182203538182543 3.929011614290993 271
81 -6.140049079819731 1.4747946797589933 440
82 -3.8831124855304564 9.929242341748502 226
83 -8.073072648553818 11.619357883520701 64
84 -6.7187957662170685 2.977795692181361 333
85 -11.590406465918196 4.1236897814376725 151
86 -8.890981218819116 5.791124271653554 321
87 -10.292122956304295 4.431906761852946 447
88 -7.923924562137991 1.5545621708767987 417
89 -4.213846048246208 2.091715268184113 49
90 -6.332687656805046 2.7905170773848873 6
91 -4.556913367287466 10.169416209436832 42
92 -7.670679317499314 2.512136272453274 115
93 -10.482730096350224 6.234882312803087 59
94 -5.551282016251772 4.519061583150979 305
95 -3.80258030089298 7.70543511214272 366
96 -8.192848488134615 7.26569352144234 381
97 -7.879256968132065 5.578914492316634 200
98 -9.96272585124168 7.822737059606398 138
99 -5.646079850401784 0.43296419906288897 377
100 -7.710351054015406 6.4515361118192684 271
101 -3.148162623580604 4.666452785027541 430
102 -5.775985783103687 5.1221574224358175 74
103 -5.002451507383504 5.656441616088027 22
104 -6.561289880779013 4.2874734317528445 265
105 -6.645523897908078 10.065657429281861 375
106 -6.521508612872209 10.513263949298265 330
107 -9.282019514234761 6.255167106171005 446
108 -4.118087254466668 5.1805483259562335 361
109 -9.593748861519881 7.861467391167332 104
110 -6.572691187758822 8.108681735878536 345
111 -9.311244399344304 3.4277618099107614 248
112 -7.148530145862973 3.6786799258327623 219
113 -7.6287029427621205 8.099772734792424 193
114 -6.917611917199307 1.8043773482197967 312
115 -8.791489155874245 8.533616280730545 486
116 -10.180091524240602 6.827520777471272 254
117 -6.188244125403951 2.8559424318771116 329
118 -7.525303289990226 8.768371739591428 74
119 -3.4250465438728313 3.4970385865844955 342
120 -9.485546083696882 2.6947421166843326 442
121 -8.208174717333454 5.839301136596295 6
122 -3.317949205221577 6.87774328850728 429
123 -3.863569027114122 6.274522000460754 315
124 -5.931346098551662 6.0315422220122406 129
125 -4.542850868497717 4.425116193440507 164
126 -6.887819231937424 5.525408799016101 126
127 -6.502666631548314 3.2174626695802684 93
128 -4.569668858412317 7.801732909817033 92
129 -8.135692910518111 5.558339450361141 443
130 -1.7831743092532228 2.631563062651067 54
131 -9.099716426532126 6.077722518802036 368
132 -10.99485709174794 4.896007043075481 229
133 -7.465887050041794 1.31008679345951 474
134 -5.839084415192347 10.13376948736985 239
135 -10.764988508242652 8.747573550312874 375
136 -5.791059946153665 5.396791797397828 185
137 -3.610498902263918 9.35687514115792 127
138 -9.55429491374135 4.141200639284443 429
139 -9.01985598324671 8.023996104585857 217
140 -7.559661473648942 4.993901091045599 185
141 -5.174745093029485 3.602251419629698 385
142 -7.808660243557799 6.345652958582918 7
143 -6.4712392723656285 9.057011478063641 295
144 -10.60870941567241 7.3964311701806595 284
145 -9.249782136329177 6.582017148003962 349
146 -8.54476532264614 8.463572411781062 137
147 -6.386355325927591 8.831864778722364 82
148 -5.995099570407635 6.2012449660815125 154
149 -7.542403820619132 0.719849165748754 474
150 -5.785804289772146 9.19846848779871 374
151 -5.653362410937405 7.750987818384892 364
152 -9.81657140523707 5.6882926192941605 439
153 -4.923446186558198 6.638869466030363 67
154 -6.133108665028795 5.33321288455905 7
155 -7.765079635888416 9.179347970565097 151
156 -5.658596426428978 9.606025467472378 466
157 -10.0622206803522 8.938501382311717 482
158 -3.2332704776573045 5.4991640603785354 251
159 -4.1586209392127085 9.254535475510675 28
160 -5.0977419547560014 9.256830497520932 145
161 -5.945305619193356 3.37475954028353 309
162 -4.695327676879646 7.222317934193505 198
163 -8.512748438717944 3.596232783361774 281
164 -7.052972070428273 8.159418432990268 172
165 -4.07167209629827 6.0409962731941516 267
166 -9.421730706597877 7.10492350991493 499
167 -7.681911912154951 5.237379668427987 370
168 -9.160600850798776 4.14309861787067 299
169 -3.4789986988680686 3.1952276259036276 433
170 -6.613425387394559 7.425923578930755 270
171 -4.91126905462241 4.5434277889884145 109
172 -2.7165198170650147 5.537858965509818 104
173 -7.07663094095945 6.0532313312371775 240
174 -8.121191360254908 2.613191583883874 325
175 -4.559013458656165 5.58820588158612 320
176 -7.295442460754697 3.142229710584868 79
177 -4.8308913603573735 1.5598805655039882 484
178 -5.385628968875389 8.051692069765197 362
179 -8.119385185628298 8.273510872289508 207
180 -5.661966612099052 8.56918488110572 276
181 -4.045294855985914 4.055478698836298 406
182 -8.128946885548725 3.0998388233874143 126
183 -8.082956497585359 4.797486906361556 71
184 -2.573970785026381 3.9481572192471175 231
185 -7.733730592106796 5.9477568231477935 422
186 -10.782195482542356 6.115382203225179 278
187 -10.637313070781854 4.383777082580175 369
188 -8.746580375019791 3.0908014105646284 47
189 -7.094884551796303 4.494483489827473 8
190 -4.375484137681909 5.1970267580654035 199
191 -3.6688256801950367 5.78860928508297 76
192 -6.770881169378022 9.25843316644257 331
193 -9.99661347365107 5.327139593489868 264
194 -4.092238606664803 0.5899310700264009 342
195 -12.216110164459831 4.6933586438394155 357
196 -1.7367778931126605 4.629762331358009 439
197 -4.756094691227403 8.714129936779752 36
198 -2.6454610006961947 2.732632915860465 198
199 -7.541209257906859 7.816143534887745 54
endpoint1 endpoint2
101 169
6 9
39 46
39 128
11 177
0 175
55 94
86 145
53 119
4 113
57 185
32 103
148 171
121 154
19 154
29 44
58 190
16 192
109 135
42 97
71 177
78 163
6 185
110 151
34 198
113 166
20 35
125 158
33 170
37 167
36 78
53 125
31 175
144 186
63 151
27 94
147 160
71 171
53 172
74 161
8 165
27 28
1 191
96 129
50 182
1 67
18 86
17 124
96 110
97 173
85 87
41 163
3 23
141 176
58 136
79 188
101 175
59 72
57 117
67 90
4 148
79 133
95 160
103 136
57 183
126 140
105 160
31 38
79 88
41 193
168 182
4 178
106 134
74 89
52 102
112 161
21 164
94 127
55 90
95 153
28 128
3 198
4 21
23 141
5 93
53 184
56 148
13 150
1 21
42 94
33 183
109 131
148 162
47 64
48 93
12 36
15 178
42 58
26 167
163 176
29 49
32 192
33 54
33 121
84 182
64 79
107 168
153 178
24 80
64 114
22 69
96 146
146 199
52 74
148 167
9 139
31 56
29 162
10 181
102 140
66 120
113 155
121 131
5 157
4 180
122 172
39 110
3 130
49 156
25 95
47 52
67 77
79 117
13 143
2 148
33 100
13 123
78 187
70 163
55 174
6 118
87 193
18 21
116 186
101 196
43 177
98 115
1 53
75 133
100 136
77 153
147 199
136 181
152 186
176 182
62 95
92 174
79 104
118 192
71 169
6 115
60 100
94 175
76 142
159 178
115 157
14 158
60 87
124 151
17 126
36 174
141 165
90 92
48 98
43 55
91 106
56 122
21 42
4 22
37 64
30 165
24 161
58 112
64 67
57 64
72 154
45 53
151 197
26 193
69 144
20 149
86 140
20 127
82 197
32 173
146 155
184 198
129 142
10 53
9 145
173 189
38 197
80 108
26 111
34 71
132 138
105 155
4 38
74 103
50 120
166 193
121 152
183 189
68 78
13 102
7 89
35 43
134 180
81 117
40 115
118 179
24 119
76 144
109 115
161 189
38 46
10 94
117 161
40 106
9 42
49 56
104 189
128 170
8 49
147 151
6 49
13 31
0 126
19 52
50 87
62 122
123 175
152 187
177 194
32 46
104 124
153 175
16 83
51 129
120 138
126 129
100 179
66 127
33 77
112 163
155 179
94 125
43 99
55 84
41 188
145 152
12 68
92 182
124 142
132 195
62 190
22 107
14 180
46 137
138 183
49 110
68 131
37 92
72 124
125 190
108 154
16 40
108 165
132 186
41 48
48 96
28 65
52 125
1 124
2 57
33 199
111 174
73 179
18 116
84 176
30 91
97 131
71 117
44 65
26 93
52 84
3 181
73 164
20 51
61 120
