nnodes nedges type
200 300 graph
nodename posx posy weight
0 6.6282259492197175 0.9494696917826971 87
1 1.5047839480866607 1.5261002590927117 447
2 6.370140102447227 -3.1160735099090235 493
3 3.62813521168076 2.361482414497652 282
4 2.9046733747216025 -4.503912969834267 423
5 6.422906991267886 2.1731817601033296 43
6 0.45805668574969577 2.155222128240359 423
7 1.6688290516132693 3.09366174796638 267
8 5.75608251264431 -5.570003079436639 462
9 1.2051501734036858 -0.6808200290113225 273
10 -1.0765322671227249 -0.6055522901731772 144
11 1.0099558823567245 -1.7716874030071286 254
12 4.276500265156704 -4.035209154545742 160
13 2.8307080875907324 -3.186465177444681 156
14 2.3715134867543823 -5.231427582998816 148
15 -0.9549606891283977 1.1429561867210238 290
16 8.048047889304051 -3.2999008660952427 260
17 1.4177807190349343 0.7874035656965456 27
18 -1.1050423850432065 0.27588785496574847 69
19 8.079338466320035 0.18191265375615062 351
20 1.9260727069239816 -4.919815891958492 405
21 2.5549308129398596 -5.644568214855133 472
22 3.6104574332320425 0.7822040455996404 239
23 3.276904181963736 1.4260361973159656 84
24 2.9572872112941315 -2.7978242096512647 166
25 2.0463566154709065 -6.535198887868394 494
26 3.839396336283149 -3.838667639838581 44
27 3.01770001397986 -0.9800205369635844 348
28 -0.3864288345010452 -2.379138294734907 38
29 2.429052327179652 -3.7281579610053637 398
30 0.21520109006540172 0.2467950519220958 341
31 4.814015152056341 -3.545096696732642 39
32 -0.8951683674895471 4.708831275906036 41
33 1.6640245163756164 -0.6164730464217932 8
34 -0.4119076724601668 1.4336582038418748 436
35 5.154308068270481 -6.119029724464691 271
36 0.9274640735729426 -2.871888792824191 171
37 1.7208606737172298 0.6397279120395444 239
38 1.5497435123740364 -4.786681365845863 382
39 5.222661769732167 -5.260123593725357 122
40 6.104982889200279 -0.6274690493544028 232
41 5.908734894333322 -0.009383065032079587 108
42 -0.9000879174665649 -1.5271482056922419 21
43 3.5298072857328497 -1.4279062544647652 208
44 4.9818211395152066 2.8391087693337114 302
45 1.507131581921482 -1.0395007949978199 21
46 -0.26124670700693997 3.7924488867099164 489
47 5.645745216571124 1.4333730383143488 58
48 6.826040711441765 -0.6644830195505519 406
49 -1.5350361449715335 -0.1811966371002441 69
50 4.4330577839258165 -0.032157334562007985 326
51 2.2268026475812075 -3.1405193603978225 67
52 3.311773577532332 0.8584223872103393 285
53 5.328053922427713 -2.175166583043562 377
54 7.7245215011867945 -1.3292198255636312 28
55 3.8708404751955348 -3.0981513825984655 183
56 2.2095840067389134 5.649392983648615 40
57 6.676397619359197 -3.689004965475448 104
58 0.26861906570763766 -0.16446520915908533 284
59 1.3692828964679542 -1.7376963804772438 278
60 7.516735696341739 -2.779427143672618 81
61 2.0407736670666807 1.4341374658700434 30
62 0.11638883627893397 -3.8758805707959545 185
63 4.10115314063472 -4.420061299624276 233
64 3.2446491547174463 -5.8506989098942945 191
65 3.7684226056483237 -5.583030032268969 89
66 7.120270419373709 0.13073893404083467 116
67 1.485307289434985 -2.47110071047399 162
68 9.131377385626068 -3.6213480632292927 146
69 2.197923095897575 4.5693946109426395 269
70 0.466875112824673 -4.085571018605861 39
71 5.430291327590489 -4.704098390780506 201
72 3.299216753173275 3.8720610228881904 68
73 3.9194942411538674 -0.11319076507132331 46
74 3.494525393714981 -0.7441749511943132 181
75 9.090194683057131 0.9786431710114665 247
76 3.9318545907075966 -1.347768583620385 289
77 2.1179586055742408 -3.562616772997101 173
78 5.430971896256388 -0.6635549602114463 473
79 4.654599227915098 -2.6255247105268813 77
80 4.322683282747095 -1.5621116095816403 472
81 1.711881315301385 -3.0432255083697717 291
82 3.13778385600947 -1.1733551010813617 330
83 6.041632478611885 0.23061756588308613 492
84 5.2905991266209815 -0.9581784778603848 482
85 5.464301032148659 0.8123256139223123 273
86 1.0907679749312371 0.7647753194290523 469
87 0.8012631920497525 -3.776459435303387 237
88 2.922579221038749 -2.0383357133721196 454
89 4.967554299057691 -4.221783087039672 127
90 3.389991774200177 -3.0891502171998133 85
91 -1.6543205156143939 0.8242006993715717 432
92 6.735133746124284 -0.11058119276212502 397
93 1.1222896196573648 -4.644262889711055 361
94 6.185655869013445 -2.478726416553751 432
95 5.758275836471224 -3.119167737462235 368
96 1.8822053497670668 -0.04298211473582038 112
97 3.2389985940812838 -4.345989778376414 235
98 2.9049817491668457 0.3970766846285964 316
99 4.070111131662845 -4.65247748959679 164
100 0.38675047464033496 1.6749792693365708 118
101 4.72618178399872 -3.213586616002224 35
102 6.791746713499011 -1.7424826830075963 430
103 6.172815798489084 -3.3686668515940883 239
104 2.8499905800431646 1.9041360179708666 351
105 5.598569339231214 -4.642510352864749 5
106 6.806135910473923 -1.9256334222895546 336
107 3.347311945091145 -0.6592211302475607 92
108 2.441780951600922 -2.4046237934431582 303
109 6.793583582754245 0.14587710023043293 409
110 6.729220342999656 -2.9546698449670847 128
111 7.608864643053544 -0.1919470642982341 261
112 2.727437565308827 -1.603403364553597 73
113 7.59798414782724 0.8524037241563951 24
114 6.149388663999808 -1.3661477849652877 125
115 7.6783498780497785 -3.172167748119293 483
116 1.6241721322065048 2.008251823191987 401
117 1.2685386131521 -3.278784316225271 374
118 5.382608702591932 -1.6538901868114535 112
119 0.9997860137453847 3.699229689387433 135
120 1.628234725224736 -1.6264011286290687 89
121 5.888815554508394 -3.526765551319181 79
122 8.573396765976755 0.06189971990409096 386
123 3.592469939610822 0.05556235164678941 313
124 4.492460077616624 -5.732557463393481 66
125 0.050495480627689535 -2.8926567510941283 53
126 -0.28044579951951465 -0.8959787872223444 260
127 4.109916534380567 -5.27194558879896 272
128 5.842343480650257 -3.9929451384650076 198
129 5.637839818621302 -2.5683938815902754 395
130 3.3402538376797586 2.5613658896250673 430
131 -1.5276442542711146 -2.7019350102529773 242
132 2.23072896983966 -0.15746282498634734 258
133 4.7658714737837125 -4.571280813125899 350
134 5.6496651658788855 0.9558719765821758 66
135 1.537314906786371 -1.2628727769538328 247
136 4.985829409609595 -2.9701941011478747 89
137 -2.563242339323741 -3.1185200605625063 389
138 4.558447803339132 -2.504194699565888 312
139 4.9517052238248604 -1.9999939026246598 146
140 5.6903530150774 -1.29174147068937 87
141 0.7783825816238136 -4.295466204938485 225
142 -0.5247822983930728 -0.5153960841178251 79
143 4.529461835863536 -1.689914659910768 336
144 2.6288348660730403 0.18337791396091602 407
145 0.42693177435298696 2.7600225795819657 217
146 7.355097186460725 -2.943855502803157 102
147 8.21060652626125 0.9703118973584459 196
148 1.2557955417034155 -4.463468153389162 133
149 2.2698673803878857 3.4415150145937052 182
150 5.441586558466116 1.357526548795828 494
151 10.134632606366177 -3.988620399181615 385
152 4.109825114205444 1.566761537205255 275
153 0.5837323371874064 -1.9460689655224979 339
154 4.720098872275126 1.5065683263261163 198
155 2.367172250533334 -0.210580606123226 320
156 2.211548987699181 0.2070574420247085 249
157 2.826672564488028 -4.18562239315679 22
158 2.4651976150449224 -1.3557064423899183 45
159 5.7985137561753035 -1.9052553191795634 69
160 1.5750105615365408 -2.8970626567195406 361
161 3.9458940896915524 2.24349433913607 36
162 5.8344411958975595 -2.2286102144374103 303
163 3.8704772273280543 -3.403461567884803 64
164 5.899056016885483 -4.454109509849823 331
165 4.953005096604868 -1.0297763650475569 156
166 4.0279397288851415 0.6855721874387761 137
167 3.82073048756156 -0.5344410677995843 345
168 2.2843895186852086 2.722325148777335 154
169 0.9281036114852047 0.12644374735872949 441
170 4.2488589700233526 2.9842720185509424 101
171 5.419799053031843 -0.5501908239621122 100
172 7.560097540343046 -2.427129255622331 60
173 3.273044996584556 -2.5517506737287796 183
174 4.338184257301 -4.546130636355597 421
175 -0.9515794675003229 -1.77701107796855 397
176 4.326023941014968 -1.8706164590417866 230
177 2.560265676919371 -0.6843719319250187 186
178 4.7423573647507204 0.7808353449747334 212
179 2.521058881483897 -4.393581646336767 495
180 3.083707513811807 -2.2785076499749612 430
181 1.0658048847576558 -1.0043645431863015 33
182 4.3279259535581405 1.4596528983383514 104
183 4.0159352766930905 -1.998055386636347 52
184 7.122539999048844 -4.582022454089358 4
185 -0.6000177269293718 -3.2236691125948314 445
186 0.048939824498347474 -0.8499559238325383 299
187 -0.4725583291104698 2.6731761068430515 167
188 0.17615625866426193 -2.342907564441378 377
189 4.702368446244894 -0.4029559965358057 415
190 2.618714857769535 -0.5239336160146029 278
191 -0.8225824918220863 -4.767608465666327 45
192 7.120917935043868 -1.168056663415501 304
193 5.386735110118492 -0.12104498306144391 22
194 1.4275298879435858 2.538152709810152 254
195 -1.4865592645365775 2.023399967598339 22
196 0.05468778780553571 -1.547956385655203 45
197 1.3954797612846996 1.759145209260141 107
198 2.7929777928665533 1.6384148583921365 225
199 4.189815191652097 0.3250827585729942 482
endpoint1 endpoint2
104 152
143 183
83 134
16 68
77 163
120 155
3 52
72 149
86 132
50 166
1 6
69 149
80 180
73 82
54 92
81 141
55 97
73 167
189 199
55 80
52 98
139 162
80 136
81 180
10 175
26 136
40 189
102 109
76 189
13 20
170 182
15 49
64 97
50 182
67 153
52 182
120 188
63 179
149 168
112 183
131 137
48 53
62 191
59 177
29 99
99 103
74 96
118 129
167 189
19 75
26 89
102 110
82 180
131 175
92 114
112 144
57 164
81 125
16 60
123 167
37 116
89 128
9 30
74 84
14 21
73 178
24 160
167 183
158 173
40 111
105 174
107 190
51 93
59 117
45 120
56 69
72 170
152 154
106 140
100 187
50 80
143 159
95 176
33 169
23 154
94 101
67 112
34 91
33 158
43 108
80 140
46 145
10 30
43 139
20 21
28 42
123 152
12 24
171 192
52 74
109 134
101 143
88 173
61 194
142 175
103 159
57 162
108 157
129 133
16 110
98 166
59 181
119 194
30 86
135 190
84 114
162 165
66 78
165 183
190 199
53 88
130 197
109 150
131 185
78 80
23 156
26 55
38 97
14 25
107 156
29 117
21 157
18 58
101 174
155 166
78 129
62 188
43 123
96 169
29 36
60 121
24 74
34 145
17 100
9 59
76 193
43 171
79 162
7 149
19 48
5 134
163 183
85 92
135 153
106 146
144 156
22 50
12 164
73 177
120 160
52 144
33 98
71 163
11 81
22 27
40 118
4 13
135 196
177 181
161 178
34 195
90 138
135 156
49 91
54 192
114 138
106 162
33 120
28 196
135 186
172 192
33 58
51 135
32 46
30 34
78 178
148 160
44 152
70 185
11 33
9 126
14 97
87 117
14 148
73 165
169 197
26 51
110 136
2 164
13 43
98 167
4 29
107 143
9 27
125 175
12 174
95 146
95 105
53 128
76 90
43 132
47 193
27 80
68 151
31 183
76 107
1 7
102 118
41 159
142 169
37 156
29 90
35 133
66 122
8 89
42 49
103 172
38 62
115 184
123 199
97 133
0 171
61 86
80 118
95 162
67 81
185 188
37 104
102 115
41 154
130 154
79 173
26 65
19 113
84 94
63 124
12 63
161 168
88 120
27 107
1 156
81 87
39 124
54 60
4 127
63 121
85 178
150 166
89 136
77 108
92 113
31 39
90 97
79 183
140 193
71 184
149 194
36 59
83 165
26 63
37 45
41 48
61 98
116 168
15 100
96 190
157 174
17 177
42 188
101 163
176 177
6 100
45 108
81 179
66 147
145 168
98 198
89 127
134 166
121 159
28 36
43 158
2 139
118 176
47 178
70 77
138 183
100 194
85 199
98 123
