nnodes nedges type
200 300 graph
nodename posx posy weight
0 9.399622018036318 2.9924071869530153 297
1 11.565578694701323 -0.1319070355337106 430
2 9.840174255769245 6.241053910911269 491
3 9.34609012531295 -1.061581533804059 464
4 11.73364519873188 1.4576305658738486 109
5 16.140414199517988 3.374084080982233 61
6 11.899305591747734 -1.766654324237505 93
7 8.505665623803505 2.796630872487862 257
8 11.397026987739515 5.504099729376307 373
9 9.153109460006554 2.6027806986023054 49
10 8.235173406766975 2.93393212823178 467
11 12.425250116235125 4.347943116667446 262
12 15.407872199992632 -3.316053762313279 92
13 12.874879167042318 2.4634339137506926 209
14 12.453983994072566 2.4029352501258345 95
15 9.98135331110791 3.512904931963686 464
16 9.929702744447086 3.4810907487722704 489
17 14.32248717937164 1.7219656424043863 439
18 10.343939768122542 4.077746701469487 2
19 13.988588659351766 5.173948583510641 383
20 15.485550352857889 4.379432393196658 299
21 9.19741577284523 3.794362186854773 449
22 13.755423310636916 2.412644162575718 319
23 10.820040779523614 0.9037682354652394 28
24 7.28790671042156 1.7282638419851752 292
25 12.281809628117625 1.2763678043359998 9
26 12.034000993424414 0.26070473461238863 72
27 9.906197057749113 -1.2724720416259174 406
28 10.063674701657066 -2.3752679596689488 369
29 11.231068591673932 1.165220029466095 355
30 15.259871465490336 1.9534576222968385 250
31 9.140827717194693 4.0574974647517825 327
32 13.820280484766233 -0.8245257672163878 178
33 8.948412921600305 4.89728853445967 374
34 8.397700997305224 -1.7684921731530319 132
35 10.908450389157046 6.390782485051247 72
36 12.03910954143517 3.2224255050959485 220
37 8.177459767096003 1.5684031823338078 199
38 11.39039039542887 -0.16481874825621484 119
39 9.048438124720757 0.043602830733416156 167
40 10.517973422853713 -1.4508096642888804 154
41 7.639106365082608 2.462727864663113 314
42 12.267093848776872 5.398007241137624 289
43 12.367525346608069 2.8470889684807847 358
44 12.50246431561179 -0.3078985383588238 123
45 9.61237266005832 0.7955501979186012 484
46 10.70764709244503 -1.1813842431067212 212
47 11.040890270455105 2.5429441559846024 368
48 13.743558800281106 3.2213134434695716 17
49 11.710738319741848 1.9640432336407836 14
50 8.904627033661733 1.9238927089329116 179
51 6.18814277066537 -0.9192121581454383 219
52 10.646873392607937 4.996271490762938 27
53 10.739367208278944 -0.2790459450974447 20
54 12.977867051182178 5.37231307806031 68
55 10.15649406556981 2.527500987966674 185
56 11.115022778182487 3.5597938133573033 388
57 11.600387764851634 3.0284399097318366 48
58 10.631389371251878 5.596072480011018 341
59 7.624901268878596 3.6593668857687165 325
60 7.5589690824887885 1.5117569833349356 202
61 9.141944172812954 1.8985938870488397 452
62 12.628199337410937 -0.9714851041989332 175
63 10.527713860572955 6.487681937069447 472
64 5.390310791980671 -0.20470857770992051 336
65 5.204662158423777 1.9863783666627135 225
66 8.344157453625732 2.198146206092206 132
67 13.091942359282783 5.6336858781819625 348
68 14.464076896288416 5.389933269524259 30
69 10.515445417647141 1.262849280954345 82
70 12.791469176856102 1.6367941521251355 61
71 11.836590579849062 -4.296809442267939 230
72 15.263902296637024 -0.12362684679898014 312
73 13.275924472305329 -1.5613742283038718 34
74 12.122933244277217 7.169011251473156 333
75 13.834366741407448 2.033164238680006 173
76 15.172020495670854 3.6055197734567197 395
77 13.1416309300519 -0.48380754235004436 374
78 9.335425995874589 -0.6642912577452903 281
79 9.825918253882968 0.19815021216761353 386
80 9.059876185041201 2.214589417864905 409
81 14.090104184513407 0.3518846039825896 21
82 6.524033106244477 0.34261707291726806 423
83 12.639493359608446 3.7726518466378134 369
84 6.392767083244846 4.042515909719272 269
85 13.69071104732974 1.4532609463543267 345
86 13.134897463888349 3.372038085064442 394
87 10.752633056247953 4.170339479751206 149
88 10.974850518648344 1.544132891328272 240
89 9.23468300293204 5.235849866822466 344
90 10.243870192423195 -2.0740643415784694 25
91 9.292949261683518 0.489357850229155 205
92 8.948994161519577 -2.0773403001522603 19
93 7.79077514284184 5.621930544290263 456
94 9.62061057147029 5.194851847942236 407
95 13.330664348953547 0.2005739508958995 178
96 9.639852944484582 3.523193480243342 278
97 6.8073060679705995 5.660245660455005 217
98 12.863693272929384 4.469562608957506 390
99 12.427032355190681 6.381447907594625 347
100 4.031326465618065 1.8295277968683012 279
101 12.51602039545446 2.215060762691985 90
102 7.73830750994952 3.50802681570634 87
103 12.118361012062868 0.9378057366757786 324
104 12.06142968384603 -0.825909208548414 349
105 7.801297090699641 1.7872241392507446 265
106 14.98526239338322 3.8498486816726483 325
107 6.535930503788215 2.0987882960420556 64
108 13.206013133693038 3.1271718667331307 332
109 12.172968428019491 4.0222107858286105 242
110 12.495260041167672 -0.11296887226299412 387
111 5.600190717651755 5.174879779746256 462
112 11.255265751784385 5.5058526567193455 309
113 16.324384031124257 4.294182328517967 122
114 13.882815553789996 2.690300029964403 204
115 14.432797637922445 1.416731348141 363
116 12.88732175998009 0.23353801397782423 157
117 13.758290655571876 4.389897986130715 173
118 8.77315153877502 1.3086240328921994 5
119 13.249863377082015 0.7564765145868072 64
120 12.05441780512094 2.223017127815809 91
121 11.643879497671783 -1.5266976765289002 420
122 7.981055918238916 -1.3817025478869431 460
123 14.482267564481166 3.664088973815221 7
124 13.647745163270724 3.8898203613367053 66
125 12.91122775367047 3.921226276604683 256
126 11.305576470471488 -0.5412994947939467 395
127 7.113409293159113 3.9206126859337425 259
128 8.819596831726384 0.7249120118042468 438
129 13.829009540274367 0.011429198058699788 52
130 14.173827942977187 4.207957302967213 219
131 8.05667473806542 0.8960405947388455 352
132 11.842195706860611 -3.1408389667348087 413
133 11.827605458372666 4.324937352150267 450
134 13.3459308917969 3.8821938493976003 293
135 11.671790932191517 -2.033839290643228 429
136 12.727061810435668 -2.529950767370229 272
137 14.439809305118583 -2.6465516581064805 312
138 15.68317038419361 1.3382699067658814 135
139 11.612137939723734 4.870421184409456 448
140 7.982762608964385 1.0451299915623802 488
141 11.243206702180675 2.7541963708533137 413
142 12.135705770141815 3.6123973189172007 156
143 10.717945645496291 2.8759097818342423 486
144 10.939990747824112 -1.2911117811817645 262
145 14.03684380911319 1.1691041740888832 347
146 12.929581639275218 2.108161641956027 357
147 11.80972327831508 4.507986679940758 320
148 10.155139675881001 4.843156100267011 152
149 10.867081575538355 3.89808677961422 192
150 10.089778389590009 1.4200442767084547 459
151 11.10156556357441 0.24471437649308908 120
152 13.636094635505163 1.5527023000496176 265
153 12.890107217463816 3.02895629103212 261
154 8.7976333369836 -0.8604503329157992 500
155 10.695920627005183 2.3376902649387996 356
156 11.926382913514564 6.294844806579179 34
157 9.590420509575704 0.19039899260315152 382
158 8.892680385456359 4.741501200180286 191
159 10.315601313428331 7.6863416965170765 393
160 9.753566406372837 -1.24731949872024 471
161 11.730705470772849 4.918213004365898 299
162 8.003663199601178 4.764779362943162 368
163 10.185855321085022 5.605697727699103 115
164 7.270252056387248 0.4887568180437786 409
165 10.81753980502038 5.06943613990855 498
166 12.065313176568685 1.1426049835936911 204
167 12.212517835496392 -0.4892555852893205 260
168 9.079388422851805 3.1748956615584016 175
169 11.197646433311576 6.958279280440807 309
170 10.465496583126471 0.2647991711092259 278
171 10.472335835883563 -0.19846371114980263 133
172 15.669155963963657 5.354382589134051 159
173 7.068254366157451 2.9598748500859506 134
174 13.561738722128213 -1.6605080936391439 245
175 7.211988652785435 -0.2392020933898189 461
176 8.38813612198442 0.1851083430992776 273
177 17.341951317644504 3.139198175347377 99
178 7.667559877802067 2.952927911709313 488
179 14.446653537692644 2.2805761263812316 267
180 18.44096333767208 3.054681796351997 59
181 14.498513048999158 -0.7459295009684014 5
182 8.267665848153015 4.07464097547778 489
183 9.639938399704645 3.7470605247977335 39
184 11.4632257445022 0.7242445548125039 363
185 11.950365838996923 3.8993735868279797 29
186 8.35231770950365 6.146432510395843 460
187 9.715225467198408 1.207413765350868 105
188 13.474355647268387 6.904077161378954 67
189 15.439606437056666 2.982965345352942 447
190 10.910846795267718 0.18996682583920516 296
191 14.2917932669802 2.6897266839898113 155
192 8.991191530892158 1.060727846832032 155
193 14.772842349686416 2.3423969253809953 463
194 10.226870745159857 2.0943445554151063 27
195 6.6972559222983 4.660110277031608 424
196 10.874490053464042 -0.900946584923403 463
197 10.090550955271206 0.5373359404836239 382
198 14.19548457953977 6.49637699712755 63
199 7.694399520754877 0.177691299145448 450
endpoint1 endpoint2
37 164
39 46
119 145
93 158
31 165
40 160
172 198
8 63
164 176
52 94
17 193
120 142
9 41
16 149
13 70
17 108
81 119
16 47
170 192
63 163
57 86
41 102
7 55
123 189
68 106
47 56
168 194
40 151
122 154
22 120
1 144
153 185
48 130
167 190
4 151
34 175
48 83
39 157
48 152
91 131
157 176
42 98
29 166
6 132
44 174
28 144
11 165
151 171
46 62
16 168
66 107
22 48
64 82
23 157
93 97
147 185
23 53
14 119
61 69
99 165
0 118
158 186
104 184
111 195
87 139
38 170
25 44
23 79
7 127
56 108
56 161
31 148
90 135
9 88
67 68
43 114
3 39
39 66
141 194
78 176
150 151
171 197
1 26
8 54
24 59
21 87
70 191
32 81
51 175
134 185
86 114
67 147
60 128
194 197
87 109
74 156
29 155
5 30
38 110
79 118
104 196
44 129
37 176
78 190
149 155
5 177
152 166
35 161
65 100
26 95
7 37
43 85
10 128
3 27
30 152
44 104
24 105
69 190
45 140
33 148
108 117
142 147
73 136
8 149
2 148
70 116
112 148
122 199
147 148
29 91
50 183
112 165
82 140
151 170
52 56
18 47
85 129
133 185
135 167
13 133
126 171
80 150
38 116
62 95
58 89
121 151
42 133
1 88
7 96
106 113
1 77
110 146
0 56
21 61
139 156
16 182
27 170
13 103
48 117
95 152
49 88
77 81
83 141
32 62
11 14
70 88
29 101
11 19
63 159
21 89
105 173
97 195
79 187
15 57
150 155
29 190
36 47
41 60
154 197
75 193
26 69
53 144
31 66
103 170
3 196
62 167
38 197
44 53
60 178
75 106
49 101
112 133
115 179
134 146
47 194
131 192
14 57
25 153
8 52
31 59
61 140
109 146
72 81
90 144
124 153
59 195
119 167
53 128
29 126
15 94
189 191
14 120
36 86
10 33
92 122
65 107
135 136
25 55
17 114
173 182
30 193
149 185
59 84
84 195
112 169
73 181
5 172
83 123
139 163
4 45
13 145
58 133
69 143
81 181
9 37
12 137
4 75
109 139
20 123
105 187
120 125
47 184
50 194
42 112
73 104
28 92
21 162
0 178
24 175
157 171
71 132
4 141
2 35
125 130
67 188
166 187
74 99
15 80
17 81
6 110
48 76
23 120
124 191
43 147
17 138
96 141
79 160
177 180
101 115
50 199
21 168
109 124
80 192
3 92
46 160
99 198
57 143
32 73
98 101
83 139
20 76
137 174
102 168
123 193
54 98
13 14
158 163
61 192
184 196
125 161
24 131
9 158
87 143
56 183
13 179
43 47
1 171
6 144
54 117
34 90
