nnodes nedges type
200 300 graph
nodename posx posy weight
0 -1.224272806273279 -6.082543961206392 160
1 -5.363007680015689 -10.528010786793148 297
2 0.806857565348939 -11.876909197097063 167
3 -1.0035827637359487 -6.068571164957906 289
4 -6.488795528097524 -8.019014067987868 170
5 0.47744413094202365 -7.7228144310278095 91
6 -5.409935828326732 -9.646010098368555 263
7 -2.1422232482004464 -10.77592446465621 249
8 -5.889227925586793 -6.40529952026928 184
9 -6.162785590115512 -7.685336100148085 297
10 -0.32370910386850565 -4.769874375782483 87
11 0.9224820277526538 -5.58344221891488 358
12 -2.963911179808355 -8.274914080349667 468
13 -5.800901098789565 -11.403064935774694 47
14 -5.737173759715897 -10.509606057140916 444
15 -5.249663746326613 -11.305363128903771 369
16 -1.1920494326833342 -14.229838816116196 328
17 -4.267597716583597 -12.216089721632951 25
18 -4.6980281268407245 -11.438652946718582 232
19 -2.216054341786491 -7.605653197282285 374
20 -2.4476053802342728 -11.209857866460203 470
21 -3.4092647236924623 -5.72512086581686 447
22 0.1895521184220259 -3.645776209366979 216
23 -3.278448213667892 -9.806425353773125 399
24 0.9645507576805229 -9.680250459464386 257
25 -2.7822457242489897 -9.893057047418285 390
26 -1.464586834265341 -9.694217756192996 256
27 -4.651559667726123 -6.93295914582895 388
28 -0.14289909380882487 -10.488811273320012 53
29 -4.5952637335324 -5.871624408513278 38
30 -4.405646946235475 -5.353876259887648 284
31 -0.06287458174665136 -9.321710380943115 442
32 -6.7660272852179375 -10.863070878515748 311
33 -2.447459536877996 -8.407172196647332 116
34 -7.369096146292811 -8.282651480973684 232
35 -3.1698715543513307 -7.496848163231772 416
36 -0.25389777638874017 -8.88721690293066 425
37 -5.127271968119928 -6.503835983003755 76
38 -2.1427998874785663 -13.589184063522856 40
39 -1.3108159682950746 -7.083562790000964 1
40 -0.8079150028393303 -8.104469206539731 496
41 0.4173343251598451 -14.446110040376503 113
42 -2.4151819293845196 -8.982151844447925 50
43 -5.405055132421012 -10.031132351374497 253
44 -0.9188626515024397 -7.353301224731126 1
45 -4.196071614572257 -3.8647073143948267 420
46 -5.588102283004193 -12.664934229794772 321
47 -4.917376579713855 -7.535136202577963 371
48 -7.398979006405237 -9.259410046316894 182
49 -2.400388682805274 -6.376690536932291 451
50 -1.7064013769231023 -7.425607029301398 362
51 -7.3891865788735265 -9.562322888918699 392
52 -5.961141475957254 -13.046371678041398 455
53 -3.540623866710455 -5.280606360896449 251
54 -2.3103997847216826 -5.601038565209878 419
55 -3.950324020151628 -11.337846587749636 286
56 -1.9448636169336369 -11.665848823371668 35
57 -6.372877940653941 -7.1529806856660745 126
58 1.1693189910910473 -11.386280093200755 121
59 -4.48917351587388 -7.272191842101156 81
60 -1.6795868244656458 -9.690324951851611 241
61 -6.694644579382051 -10.199305866464035 314
62 0.6277382525365046 -9.911728342450559 58
63 -7.110304931298635 -10.579815061298254 82
64 -2.036880159047086 -12.342983682954198 292
65 1.958893559155534 -8.119767988447329 335
66 -6.544394910060606 -9.161720607790953 22
67 -1.0275911667982882 -6.927210047533311 46
68 -2.3777823336673376 -9.57067772708464 487
69 -2.087922667123124 -8.555377792092797 349
70 -0.1331727423815306 -5.800323949983569 290
71 -4.054702518635471 -6.62840124496188 45
72 -3.6133787369396853 -10.888822270715563 277
73 -3.965262686262623 -10.10290155724867 456
74 0.04890605771086397 -11.81874316214034 321
75 -2.953045843661977 -7.082628782895825 155
76 -4.526892525390233 -6.237668511377429 240
77 0.4370206894934014 -6.160849660389628 474
78 0.23632150160272863 -11.119584633686996 314
79 -4.651101050301185 -9.074127086488327 191
80 -8.452220690502319 -8.535695793095819 230
81 -4.988040680554009 -4.771645828556486 496
82 0.2677129836765418 -10.14587399921561 186
83 -5.339098606007764 -6.149055129383475 103
84 -2.0230818874863523 -6.463349671426976 253
85 -4.135455544030612 -11.896735271973283 444
86 -6.45134081957814 -7.800856577696868 157
87 -1.1719042485854945 -9.934604188074715 441
88 0.13648653156583118 -10.622393663840395 144
89 -4.175320223081756 -4.961627992904294 489
90 -0.06952292042171052 -9.070931947923102 37
91 -3.701241350830736 -12.4021826847241 296
92 -4.587126779656368 -8.544981836367862 363
93 -3.1473391785187155 -4.4140385552545425 104
94 -3.7317067445052725 -7.254268311877236 325
95 -7.125764566964358 -5.768686960409451 307
96 -4.314507823104576 -2.7081500850508036 17
97 -1.1045184151417335 -5.047498504995522 201
98 -6.50146365665407 -8.36087897124465 292
99 -4.692182438160568 -12.019366509181724 327
100 -0.2973333000490166 -7.761313533188313 350
101 -1.9068290824759602 -9.949637222050125 292
102 -2.4972054943335134 -6.035498622810795 352
103 -5.810922226891116 -9.916546551556412 40
104 -2.931921879264131 -10.12730735993751 36
105 0.8607338320645035 -8.910742655938986 130
106 1.6263999165094993 -10.436417202068508 486
107 -2.606652022755629 -12.030112857544635 150
108 -6.823032649208334 -9.940518857807911 458
109 -3.913165066739743 -10.669866925065385 195
110 -6.733006992186577 -6.812413258834683 331
111 0.34474665883005073 -5.531488528736475 427
112 -4.909831495060254 -9.480694585635757 73
113 -1.653945682494206 -5.104564516605846 3
114 -5.678352736651836 -8.835853766432928 231
115 -1.3001751347376214 -10.936214167522618 131
116 3.8859730255918237 -10.265370292472557 19
117 -3.2271808983782324 -7.014710579502279 308
118 -6.060468253721588 -8.759085690931133 204
119 -2.630642679618855 -10.941389554360775 227
120 -2.5524019656242176 -12.630119873380622 367
121 -0.7948570831368416 -10.910536301082109 488
122 -3.7415486165391334 -11.300296646144933 370
123 -6.12391535898007 -5.466983960697497 447
124 -4.56874389223561 -7.50121879321137 164
125 -7.173813047936574 -8.643362163527748 437
126 -2.2856633925909913 -7.949162437941676 287
127 -1.465074354486384 -13.040324873132997 117
128 -2.927107466947131 -7.356668372607045 493
129 -3.00165073231865 -4.670622282650285 353
130 -1.2914091939210703 -10.37192948999636 230
131 -3.4258173848567477 -2.313410414497382 192
132 -4.780439707088554 -8.595006361323575 200
133 -4.112735200717197 -10.318122368049917 210
134 -5.859794605482518 -7.183435296894344 45
135 -1.412402964491242 -6.92924517487364 142
136 -4.090980532190709 -9.217977050097437 227
137 0.592628028713289 -8.294138106948255 334
138 -5.1163948726435216 -11.938063010175531 329
139 -1.4482729810555075 -11.921443826889345 454
140 -1.6437093672368697 -6.007825076061979 16
141 -4.78898255904211 -8.051903901602124 31
142 -2.6062926288147588 -11.468560558421892 469
143 -0.472843981072172 -12.320955830244715 108
144 -4.654026543210921 -10.66418587573528 156
145 -6.09496331447199 -6.98911533210487 293
146 -4.952958855993128 -12.985154119334927 415
147 -1.7998100965038881 -8.997589693299716 377
148 2.907234249660526 -8.79001534148919 270
149 -2.9725372840731614 -3.2035842331964024 320
150 -3.2253756695625366 -6.391235125036029 308
151 -4.079158513857315 -7.023047585825922 389
152 -3.1570717667603727 -9.246711767750401 105
153 -2.9899016092038435 -6.698162201175406 129
154 -5.309591265858709 -7.554698131421782 460
155 0.5168027356147852 -7.229239543204075 235
156 -0.22614517814547766 -8.252052747980285 134
157 -5.29812650715531 -9.292247189225355 247
158 -2.5691434191922715 -5.225959594008058 192
159 -0.1720111300551943 -7.60371467943775 367
160 -2.1833176154135447 -10.104089137555656 100
161 -1.693328417745438 -8.024820194739226 27
162 -3.292585686462538 -8.497069944458447 67
163 -5.477273263371855 -8.23575774455493 386
164 -0.9435763141591885 -4.472302114801609 213
165 -3.5831752108506043 -9.996281701607145 221
166 -2.226439824727254 -10.463235787128209 273
167 -1.3921742394910464 -8.310412146140479 130
168 -5.140267098948557 -6.7034755165483855 96
169 -3.3514109759114223 -13.39204685913958 203
170 -0.7415864476239047 -10.390069070604595 107
171 -3.6196858400970595 -9.207482197464895 18
172 -2.0026478127119103 -5.103789484546397 473
173 -3.673956190654124 -11.973710388590607 453
174 2.804081588200232 -9.936319567958623 94
175 -5.696887657110041 -3.7736278928992153 481
176 -1.1881468995685898 -11.78175388464285 31
177 -3.038357618739209 -12.378888646566898 40
178 -1.1198810417524154 -11.404113365870499 452
179 -0.6798668769246561 -6.533383054860663 244
180 -4.301738782464126 -6.2199919414401075 391
181 -0.17186534524166425 -9.816656877304649 343
182 -2.645579732294062 -5.707827912229556 358
183 -0.2749699125565331 -13.541739927366828 40
184 -5.940485087344436 -9.300449470719371 27
185 -0.8269414247773202 -9.263378470902222 62
186 -3.9814369357315273 -7.6927967113219635 221
187 -0.49614891326379834 -8.66023435255153 324
188 -5.434007923354947 -8.46491496764651 283
189 -0.7802444280048434 -5.511180240982851 31
190 2.008593058953613 -6.661471092991709 379
191 -4.382212389867112 -6.657251159100394 320
192 -0.5991965595246164 -10.80647427381826 100
193 -3.846372383637012 -8.896689035494 496
194 -6.070707539739819 -4.494823557363877 29
195 -5.256117341514391 -9.867816730972931 474
196 -4.139380144819159 -12.945324044897994 371
197 -3.2690761432968767 -9.447739985430077 411
198 -1.6844923328428223 -8.992519838270804 401
199 -0.6675579772751653 -8.351403275769309 374
endpoint1 endpoint2
23 132
5 31
104 152
143 183
1 108
50 153
3 97
64 173
80 125
49 161
131 149
79 188
40 126
8 168
7 197
1 6
168 188
25 195
182 191
56 127
48 103
180 186
159 199
1 144
0 172
60 181
33 101
114 125
101 185
18 144
27 94
34 57
109 138
60 147
54 89
21 180
15 184
74 139
87 107
12 69
79 124
99 146
26 104
37 186
147 185
98 132
104 122
102 179
16 38
59 151
141 151
68 170
58 88
91 142
10 113
6 114
181 185
20 130
130 139
49 129
44 179
115 143
45 81
47 171
66 108
6 13
123 168
114 136
23 198
91 169
34 48
26 142
31 40
61 157
139 177
26 90
68 72
115 166
0 135
35 117
9 157
128 197
34 108
126 147
111 179
59 92
116 174
24 31
120 169
73 122
101 165
133 171
30 180
77 100
101 178
73 92
59 145
83 89
65 105
19 54
156 167
85 142
23 68
112 171
98 125
50 140
43 133
38 107
28 60
37 71
23 119
99 107
56 142
3 50
124 180
27 132
14 163
43 79
75 76
105 185
65 148
17 146
51 63
154 184
70 135
15 99
152 186
43 118
41 183
162 193
4 154
92 163
20 73
73 152
152 160
39 150
148 174
140 182
12 136
49 113
137 187
84 150
29 168
21 182
29 94
10 77
71 76
124 151
109 166
62 170
79 157
82 156
12 75
1 103
27 37
69 193
88 192
78 130
88 106
65 190
60 115
130 147
44 155
60 171
31 115
162 171
67 126
8 95
90 159
160 166
1 72
81 194
102 151
4 195
14 85
135 156
42 160
72 177
19 94
45 96
177 196
81 175
15 91
98 145
36 137
53 117
21 128
3 172
64 115
35 126
69 147
160 176
185 187
101 192
182 189
12 42
101 119
117 135
24 181
35 49
119 120
157 165
124 153
18 109
137 155
23 133
63 103
11 190
25 165
173 196
69 199
121 166
133 173
126 162
5 179
44 69
52 138
32 43
84 167
27 30
17 109
96 131
117 141
35 59
45 129
29 71
100 198
25 36
184 188
13 99
56 166
19 26
39 187
13 46
23 55
30 93
11 189
112 188
93 149
51 98
66 86
140 164
150 168
71 124
2 88
68 167
153 158
144 197
179 189
51 61
76 154
36 100
59 83
16 183
0 44
74 82
35 94
102 158
106 174
50 147
114 134
76 81
87 161
54 97
10 22
9 83
123 194
26 88
66 157
42 197
33 35
94 154
86 141
82 121
117 150
68 69
134 191
47 191
113 158
93 172
104 136
135 159
42 161
87 187
47 110
172 182
8 47
57 124
79 109
62 90
75 126
118 141
103 193
46 196
147 166
42 198
163 191
7 101
6 141
35 71
