nnodes nedges type
200 300 graph
nodename posx posy weight
0 -0.928761741260025 -16.4972695754838 288
1 0.2635996465020634 -16.62042223085181 295
2 0.6658295577007793 -21.74285137602595 349
3 0.9148285487766491 -17.186426138292724 126
4 -0.7411208858358534 -18.3057059803035 271
5 -0.4672661731798567 -16.086812202781335 113
6 3.4650246041764237 -14.593759019402286 468
7 1.0319363319765968 -16.26600122483107 374
8 2.6303644593326307 -16.0292494860869 239
9 -2.976768845254242 -19.080957212595663 15
10 2.0804087096056367 -12.808108685732343 231
11 -2.8910223457294966 -17.564230750677783 76
12 -4.1211387665712325 -14.05639468006598 458
13 -0.35548478865196714 -18.0413995325232 304
14 2.728574942109372 -15.82312749054896 393
15 -1.0980755219582885 -16.112709756590398 73
16 3.5268251322895785 -17.155809564633376 309
17 2.4510614612775035 -18.060204329991915 498
18 0.6828862508656898 -19.065191383652213 403
19 -0.43767434389771237 -17.630662122063157 424
20 0.8830845200235711 -15.318206273559834 367
21 -2.799468051628907 -17.03086013816037 453
22 -3.03223819489989 -20.236654510283252 54
23 -1.9150400832641326 -21.07490338186958 146
24 -0.8185089774574339 -16.973470796889423 281
25 4.909603311684557 -18.99070749453636 13
26 2.1248082889595263 -11.171245299058034 40
27 0.2309438794036885 -11.784178303219344 241
28 -0.715785337781485 -12.669273416720067 207
29 2.1608515544406464 -19.06250951138738 266
30 -2.927184911632386 -15.614501182068201 81
31 1.478787498128987 -18.013428149132334 64
32 2.860537091923835 -18.79785544284008 16
33 -1.5797000267795478 -12.423545863791743 465
34 -2.672150758851649 -15.316940669149588 442
35 -2.4456251380158185 -15.813092202585441 378
36 1.609708550165538 -12.194243568947044 460
37 -6.1621198324605135 -17.225107479834172 90
38 -4.8040872093350835 -19.887199767021514 303
39 1.5618129789467545 -18.655101474874716 478
40 -0.7045448320454143 -11.689928862925733 44
41 0.42781648474980083 -16.73328254110336 385
42 0.6387717793667209 -18.21707898319978 139
43 -5.214759369623823 -16.658463300418678 154
44 -5.496481905995008 -14.927925036331459 250
45 -5.7405122650577 -18.581996735310668 64
46 -1.7668783133131292 -15.696429890591988 183
47 1.1510946495280066 -12.131951009826793 368
48 -4.56270409636041 -16.427898799219573 354
49 1.1904124286029882 -13.346363869193159 466
50 1.2259892665580392 -19.37494118907586 454
51 -4.697124517465127 -17.473590655596425 435
52 -1.8017367259571029 -14.84214774869532 484
53 2.3741209181414904 -18.70239563854474 158
54 -0.40901480580683763 -19.841101692205854 113
55 -3.1295902712456316 -17.948293513961403 249
56 3.9587784143795925 -15.479278217484637 394
57 0.8668112738045184 -16.124455809033666 315
58 -0.7363519598204648 -20.886818320166846 308
59 0.14868397080625997 -14.646278758384323 117
60 -3.0006904212180987 -18.70392345605893 105
61 -0.51127487836863 -16.709490743687315 31
62 5.177351229823481 -15.251823987966851 241
63 -1.6487044838256397 -17.984643409068337 375
64 0.26988835263126737 -20.64943877065426 233
65 1.8504001127687932 -15.093942850800424 357
66 -0.49938994043318646 -21.198356210203457 478
67 -2.598478843330733 -20.038137537598335 280
68 1.6161971750790807 -17.2765508721068 104
69 0.9452300504632013 -20.00810772462873 69
70 -0.851090143534749 -12.692958072977666 486
71 -0.6174568432736848 -20.495641679845836 442
72 2.0124178013967504 -14.895446477128335 247
73 2.51017356078653 -19.616132751069042 432
74 -0.1360661149311964 -16.11395596343411 422
75 -4.074107494422742 -15.309208763027138 86
76 0.8285134670708926 -17.06663730979989 429
77 -3.795576777958707 -19.85843801355221 107
78 -0.3508566166141165 -14.136830993908154 167
79 -2.252630784197494 -19.120741383649086 35
80 -1.6754095347140177 -16.658631267158086 230
81 1.9261309621826286 -15.56556271453253 475
82 -3.706099049639158 -16.92405667995956 176
83 -0.03191678902013022 -13.02268117923625 32
84 -3.9310581874787682 -18.5801702949549 188
85 0.5552863513350464 -13.296576370906807 259
86 -3.287263295669729 -16.985985196150278 339
87 3.4479738072012855 -17.991060889498783 10
88 1.2343723022922755 -20.715516496362074 9
89 -1.5718316656645457 -13.820916679316364 441
90 0.04008598041350457 -18.376991332699134 483
91 -0.6331284066152858 -19.4597378004961 224
92 0.8674456912519154 -14.683004327128637 5
93 -4.108369532376208 -19.677835455290502 152
94 -1.7244463258621066 -17.604931505335582 289
95 1.6972074189683097 -14.38097309303288 344
96 1.982068190924016 -14.036907492227284 243
97 -4.334968344047671 -15.558441729199018 260
98 -2.6575691215163646 -16.88204578238121 189
99 2.0298180575122147 -18.453219257449867 249
100 -1.0516056419630757 -12.892818525208387 255
101 -2.912864194487187 -11.86098387451524 213
102 -2.8709780657837016 -16.580299435406705 251
103 2.880489034279515 -17.442943503064335 162
104 0.12501565383123522 -20.33476591462615 346
105 1.664862894405589 -16.541511764866165 119
106 2.869454669461604 -16.681653442190882 341
107 -1.8133411952496294 -14.473555615380018 494
108 3.8202841838397976 -18.523496520687992 207
109 -2.7337185608026595 -13.810390060677166 370
110 2.717755049635244 -16.323035274803757 49
111 -1.3739901109326118 -18.491609485443 153
112 -0.7555971848865937 -13.582267917763785 498
113 1.1685754616685462 -18.431365771430393 425
114 -1.5841442484733097 -15.415679046753798 287
115 3.508476787943941 -20.375084004282826 459
116 -3.726048524386652 -19.119823567785215 377
117 -1.9102941483452454 -17.150717845678468 286
118 1.0319721515123719 -19.256629631845698 457
119 -3.7458696928076742 -16.257721079857205 322
120 -2.8311288905818306 -14.848892470042502 440
121 -0.9059593590710044 -14.158891655040714 421
122 -0.46734439972337016 -19.121385377066954 176
123 4.004328495480495 -17.03172888005463 289
124 -2.715313454953354 -14.480099991947718 271
125 3.3192610807179745 -14.063846461118887 94
126 -2.04015002177957 -19.305342576022223 185
127 -1.1310820841209348 -19.511378573598403 321
128 -0.5960517076683329 -15.357872166629647 85
129 -2.290933087612747 -16.81563735618972 176
130 -1.7323409691520226 -21.59018464358864 258
131 1.020419853369914 -13.781332827245134 226
132 1.384477796083341 -14.243792633398314 116
133 -2.173030787338375 -19.61662551938966 192
134 -3.5490455572424215 -19.489924799820635 235
135 -3.0490442421719224 -14.03297010469327 433
136 1.4891927763130062 -19.52465222879449 110
137 1.7909134816334307 -15.84158498609688 354
138 2.997540886013025 -16.597648072731893 298
139 -3.074622089656863 -20.791492007023578 454
140 2.5090575802761075 -18.342596736642736 83
141 -4.337433399198154 -18.898273832392483 360
142 0.139666655946723 -14.940421002669124 217
143 -4.030116652268042 -18.064565214977193 297
144 -5.760455231229844 -17.8787440718607 42
145 1.543223386135887 -22.558622596512766 105
146 -1.2298129732982221 -17.425129598648184 44
147 -2.623927311264492 -12.15169604658015 232
148 -0.6295054330766268 -14.081667589507463 448
149 1.7729435743394364 -17.05490835542456 440
150 -0.4425701908566574 -19.292468019703776 207
151 0.04863435819421021 -18.005569219076442 329
152 -2.5055573064292966 -13.110349388598173 172
153 1.1759783429657487 -17.28114396122103 464
154 1.9960662206973383 -16.83120812212736 313
155 -1.8259237931053716 -20.290766271811307 68
156 -3.2008643029745336 -14.543332935962939 278
157 -0.624360064890556 -15.800623785810584 143
158 -4.870988950427534 -18.727949111155638 169
159 -1.7606234963997345 -13.289906418702948 358
160 -1.282511116283229 -19.042368440188408 23
161 -2.3888190172091526 -17.724378674313122 453
162 -1.7642097005227815 -14.340897209624158 128
163 -1.1128899087196615 -20.15105170616088 51
164 3.2096719781120453 -14.264661217072163 479
165 -4.734149569541776 -17.860709743347194 237
166 2.871874869835572 -17.695705116647346 220
167 -0.27251658890639463 -22.182530440353077 173
168 -1.2730093155820337 -15.071351263529012 427
169 -2.865428020181309 -16.03110060145012 265
170 -2.6856223605177916 -18.311370597223824 13
171 2.375651776607256 -15.060373544595807 8
172 0.477809022386472 -15.665031175476788 349
173 -2.5390893837192103 -20.513746162793225 206
174 -2.1521042627997953 -12.506564682319846 308
175 -2.9490735081531816 -13.052635871216015 459
176 2.5070002402339204 -13.64947825662073 486
177 -4.081800235013778 -17.69502896219759 342
178 0.5644321493573774 -12.176893847795567 342
179 0.7816614295505592 -22.850000413690793 213
180 1.8586981638156055 -19.984640341124702 95
181 1.555778706616931 -16.004384619675132 62
182 0.5984294995188628 -18.50972369613934 140
183 0.401737788825643 -17.359545092364467 86
184 -2.3877363201477793 -18.79726623214671 136
185 -0.6713012386982024 -14.645272152427022 171
186 -3.8122402043760353 -15.676902971448524 116
187 0.7747068708461532 -13.888795316679598 329
188 -1.899093411858733 -15.945726092994466 409
189 0.9850003210362231 -21.105855782612295 204
190 -1.1812622663197152 -17.838807330803334 387
191 -0.6546969942679622 -10.530236214118444 16
192 1.4910592801383862 -12.912944827980413 292
193 -0.12869650927510967 -14.110360964876454 36
194 -0.3024107842263916 -13.167426531593055 246
195 -3.0082191370001112 -17.362414172634107 315
196 0.0021696808910222805 -18.86187543664212 137
197 -1.8657105961515326 -11.475990923984567 159
198 1.2039851220228797 -15.700881350666226 206
199 0.2652123071884972 -19.86423684791915 477
endpoint1 endpoint2
52 109
91 160
66 167
120 168
15 172
171 176
83 112
65 187
78 114
35 107
27 83
116 158
55 116
80 161
31 182
61 76
92 193
32 103
0 7
121 194
10 131
128 193
129 184
189 199
6 72
22 173
178 194
109 174
45 141
152 175
169 188
84 170
82 102
114 156
162 185
7 81
152 162
148 168
51 84
34 102
44 97
101 197
109 120
173 184
78 83
144 158
65 154
85 192
29 149
111 170
56 164
43 119
57 59
113 182
89 175
20 72
66 88
1 128
42 183
56 138
76 99
125 176
8 57
147 159
96 192
103 149
10 36
190 195
98 119
19 111
66 163
4 98
187 194
32 136
80 146
86 94
128 188
69 73
91 151
22 23
111 151
3 118
42 199
50 69
30 98
86 143
137 183
0 102
20 105
65 198
68 181
14 137
91 163
47 49
120 169
17 73
18 140
11 133
9 161
31 105
59 112
23 163
2 64
121 142
29 88
57 151
2 167
56 62
180 182
67 163
67 77
78 132
19 90
104 150
30 162
18 196
33 100
30 86
90 127
63 150
114 157
127 184
21 80
36 85
49 176
20 142
90 153
3 5
28 83
85 89
2 189
146 160
87 106
60 93
52 162
46 121
11 169
74 80
70 193
21 55
58 127
40 83
28 33
83 131
110 181
42 90
53 108
124 185
60 63
57 171
7 149
51 82
20 131
174 197
37 43
2 179
31 196
132 164
148 193
48 98
67 116
12 120
14 198
112 162
60 143
71 133
42 53
38 141
35 80
94 196
1 157
73 115
28 121
80 114
13 63
1 42
43 144
16 17
183 190
71 163
93 134
118 182
80 169
143 158
75 169
72 171
36 47
34 129
25 108
80 188
101 152
138 181
85 95
84 134
19 182
11 117
64 196
159 194
82 161
54 126
50 151
126 161
20 172
61 146
7 76
13 68
185 198
17 31
126 139
110 166
5 52
107 193
100 185
7 106
42 122
96 137
113 154
149 198
154 198
160 163
72 81
178 192
15 24
14 16
61 168
49 96
153 172
40 191
110 123
77 177
66 130
7 92
55 102
95 181
40 197
170 195
41 103
34 135
1 57
108 123
4 18
54 113
9 67
5 19
20 74
130 173
55 79
124 186
102 177
81 110
186 195
38 93
58 64
53 87
138 140
49 193
80 129
26 36
15 80
70 174
59 148
35 119
148 159
17 32
63 80
61 117
37 45
125 171
99 136
61 183
135 159
34 89
97 169
22 60
20 81
2 145
148 187
111 155
31 166
55 165
46 94
55 60
136 150
104 118
69 71
18 69
72 95
5 142
74 181
94 170
132 172
4 182
134 184
47 178
17 154
163 199
141 170
39 183
79 122
33 159
