nnodes nedges type
100 800 graph
nodename posx posy weight
0 4.208233235707474 -0.17012881696725402 3240
1 3.920460490251882 -1.159962940055492 2013
2 6.764970834111514 -1.2874454354667613 1874
3 5.839673308827273 -0.03454598522993345 4210
4 5.063832293018406 -2.1366137133847003 2412
5 5.104947710756167 -1.9172590282603286 3273
6 5.92367336638713 0.20844715850686052 3308
7 5.335372035288334 -0.7796252447073447 3075
8 3.919856725469352 -0.3996987992658264 2443
9 5.968634915636301 -0.20655199101454066 2765
10 5.975994574326203 -1.8985369309838498 3021
11 5.312246572478776 0.9714624790648428 4771
12 6.631608030458827 -1.112802928141609 1360
13 4.23805780788174 -1.3097053830914045 1273
14 5.83057037493645 0.6826979506335663 4258
15 4.8249696098084565 -1.1274964731187056 4964
16 4.717369524917331 -1.4825699092918443 1412
17 6.818640129618391 -0.36959602146342496 4642
18 5.721309788251377 -1.7668684851076975 4580
19 5.9317339247215495 -0.8478251010871374 3176
20 4.4196097541390875 0.7093102211487334 1865
21 4.911433965566834 -0.46021361443147013 1836
22 4.604656946423726 -1.0256040750380297 1438
23 3.8014630967540857 -0.09687624777011287 2815
24 4.615389066232674 -1.2466423862830307 4551
25 5.450536849382553 -1.3005455809434578 4022
26 4.422049107288879 -1.617899965838315 2326
27 5.413940943637966 -1.4667038190375432 4499
28 6.108129865226203 -0.7571401066022792 1822
29 4.9680546738824445 0.4195302128370953 4109
30 5.1575865815755835 -0.5372091479320064 2276
31 4.829586016663083 -0.3143695150006714 2426
32 5.238821961123902 0.464300614230126 4612
33 6.303591488727351 -0.8177810823847538 2014
34 6.5338638189209055 -0.9214932746318434 3899
35 5.8043962709664205 -1.591496250270757 4820
36 6.285800578181228 0.19967216923789377 1150
37 6.400017859175371 0.8406549365884438 3132
38 5.243254804140665 -1.5450566174997395 2167
39 5.191556915192811 -0.19850105130968962 2652
40 4.037589424924474 0.14721079122632982 2479
41 4.100678487839975 0.4015894538559388 3074
42 5.759212413508109 -1.3104323896050367 3645
43 4.984193739889395 -0.004793797393322741 2553
44 5.5721051105456745 -0.7697991314362761 4737
45 4.482632111182562 0.026581456221106085 2224
46 5.115333579179322 -1.4140957726130057 3360
47 5.208611059279159 0.6992297791441237 3023
48 4.324087121909475 -0.2976065262336252 4836
49 5.494554448247162 -1.9539864512920788 1483
50 6.151755319609247 -1.3290072884747839 2725
51 4.671886236379094 0.4827465650852899 3265
52 6.555904561191268 -0.4638383054586963 4918
53 4.9247027314813305 -1.5045929761292762 1362
54 5.9103333247553715 -0.5330473843084709 2664
55 4.15760251536008 -1.7848768930995331 4995
56 6.339292631109355 -1.4898050461813162 2449
57 4.281238261905989 0.22198403375813616 3070
58 5.8870453670159435 -1.1901507327074257 3048
59 5.521612440815398 0.23078555874428688 3497
60 6.793902889904828 0.09995328473815367 4084
61 6.492778811867186 -1.3968957340338022 3151
62 4.555862845454514 -0.8439386885743414 2038
63 6.054719067729111 -1.0412691346944276 4998
64 4.477015742281898 0.25065141182367773 3987
65 5.665723432356918 0.5689472602008194 1235
66 4.984380577284835 0.7524043534855522 1619
67 5.303497159574933 -0.057569359842479385 3878
68 4.7850743358988765 -0.1262519071887444 1194
69 4.1598077803060685 -0.9359571509347162 1082
70 6.170576235556298 -1.8214736400363494 1094
71 5.217335216491951 -1.0483134229976439 1795
72 4.911021764594136 -1.8180208449844435 4679
73 5.4346176328069555 -0.46517248062111316 2911
74 3.873355667936216 -0.779022152743433 1579
75 6.506134141720091 0.47080942296945666 2417
76 4.080013797396965 -0.7658595254044871 2366
77 4.84742234831856 0.17782558364976248 4932
78 6.099045419820018 0.5810860704746043 2252
79 4.994591248178759 -0.7544086788575409 4497
80 4.433312550500121 -1.4231713799317454 3785
81 5.650540140974126 -0.15679628147859137 1236
82 6.370454280713132 -0.34735281112356997 2916
83 6.059021565181937 -0.5602140336240056 4581
84 4.07829929061355 -0.5795131854898155 3389
85 4.501579995708946 -0.5080793146160973 1289
86 4.588930189167343 -1.8683401064999947 2281
87 5.38573095065058 -2.1492289189808336 4229
88 4.363369804041121 -0.6351628059214497 3121
89 6.209905989848237 -0.02803801172656465 4192
90 6.67055021088373 -0.6083719466933506 4566
91 5.656094230208706 0.8748390721270564 2117
92 3.9933357278930974 -1.3436393915567866 2320
93 5.348207633417988 0.6405781902845216 2669
94 6.4564136348104215 -0.08627780874704889 3772
95 5.3473967816325 -0.9909269139252751 3550
96 4.318886069840593 -0.11356519787542574 4471
97 5.697333301496062 -0.46608453870623534 1236
98 5.780880891736203 0.3520515082086775 1908
99 4.746566966577884 0.6873921653181628 4661
endpoint1 endpoint2
32 54
12 78
7 25
32 44
29 44
9 62
30 51
7 55
89 94
38 40
30 66
13 58
65 78
5 84
16 84
65 96
78 98
62 97
68 92
60 81
10 75
57 81
39 97
15 34
52 63
20 32
59 71
57 59
36 67
34 79
15 83
5 34
48 77
35 46
27 93
9 39
30 58
50 79
63 83
39 42
55 71
69 73
66 93
17 83
1 21
44 77
3 11
15 43
26 49
70 81
8 45
61 94
62 84
27 82
39 82
8 51
50 70
63 88
29 88
79 82
9 50
40 48
72 80
43 45
28 68
44 46
5 70
55 92
49 52
22 83
42 84
5 96
47 73
46 85
64 98
19 53
32 91
33 67
5 10
3 22
10 71
47 62
80 98
34 65
19 27
2 33
0 81
20 28
62 95
33 60
30 36
36 95
28 44
31 33
9 59
18 22
16 42
54 91
51 71
36 37
20 96
77 81
42 53
89 91
10 26
15 19
65 75
42 95
14 60
68 73
66 73
8 76
30 99
56 70
21 86
44 89
32 82
46 70
21 48
45 83
19 32
22 63
9 90
27 32
54 56
36 70
4 38
35 43
16 33
38 84
73 80
6 52
51 76
39 94
7 49
31 52
39 47
30 64
26 96
16 86
67 82
49 56
2 25
83 87
21 57
94 96
0 47
3 42
21 35
30 56
36 43
1 95
2 71
37 42
78 95
28 81
18 34
9 15
53 87
10 12
17 63
31 91
28 79
19 98
37 52
66 91
50 54
33 86
90 97
47 66
68 69
69 81
23 86
21 66
2 10
33 72
3 19
27 62
68 99
23 76
47 51
45 95
37 66
61 92
4 50
15 64
48 92
26 72
43 47
49 80
50 94
13 42
7 61
20 91
14 17
40 88
25 31
8 97
22 81
79 96
7 82
68 76
13 30
43 82
96 97
25 43
23 69
19 29
12 83
59 77
16 22
39 69
32 41
7 28
22 28
48 83
16 44
6 51
53 89
54 89
38 83
31 73
78 83
18 46
55 87
3 85
67 73
30 95
31 87
56 98
44 61
0 30
2 28
24 49
46 68
14 36
11 98
1 49
25 44
2 54
14 78
36 64
54 62
52 90
8 35
37 94
22 23
31 40
61 72
17 34
37 47
26 68
53 76
54 74
30 70
41 78
5 80
47 89
1 16
43 64
7 94
0 11
50 61
47 71
71 74
15 46
19 43
84 91
32 65
46 49
60 75
6 11
28 60
49 97
15 95
22 46
29 33
33 38
30 62
1 93
8 48
29 91
35 56
53 85
17 61
28 73
18 58
67 93
30 83
83 94
15 55
48 98
5 13
23 78
45 93
4 22
14 66
11 76
34 60
8 55
41 47
22 27
31 36
17 28
74 76
10 53
17 54
7 63
13 40
31 66
29 78
42 54
66 80
8 99
44 64
7 76
14 57
68 78
96 99
68 84
47 58
0 85
5 16
53 54
62 67
39 71
36 91
0 75
63 77
9 63
24 65
40 59
50 87
65 85
28 95
42 49
12 58
15 31
17 65
65 79
44 63
7 69
5 85
65 97
22 64
13 21
70 71
62 96
20 57
10 74
18 89
15 35
21 60
0 44
22 51
3 41
12 68
1 41
9 94
25 84
60 78
86 92
28 39
13 64
5 35
9 32
6 40
73 84
88 92
31 48
42 56
54 72
76 86
0 23
41 76
16 74
13 14
7 88
33 81
90 98
18 80
69 84
68 90
8 93
21 69
43 88
33 75
9 71
32 57
4 55
34 35
52 73
7 42
63 89
48 89
15 71
35 58
9 51
14 99
31 57
64 85
13 45
76 77
77 89
6 95
10 18
19 76
7 81
27 28
58 82
64 97
4 10
43 81
26 59
44 97
24 39
46 62
59 82
27 50
21 40
93 97
0 80
3 61
9 82
74 96
24 86
81 91
33 61
51 94
22 25
48 80
11 36
5 63
6 60
72 86
54 90
8 31
7 57
50 90
14 21
40 92
39 55
56 95
30 88
0 27
14 63
40 98
12 27
30 98
56 69
19 59
85 99
71 80
3 28
69 96
4 31
80 88
86 97
26 44
50 97
11 71
12 79
62 65
30 46
54 59
13 69
26 95
24 67
38 87
54 93
10 58
28 89
29 69
40 67
65 77
20 84
6 99
88 99
23 96
7 93
10 72
15 45
19 38
52 56
2 50
12 70
62 72
25 90
4 44
0 68
7 17
9 38
27 92
6 46
39 84
1 88
49 70
50 76
63 82
40 74
4 80
17 56
30 74
76 80
77 94
66 90
56 83
2 19
35 99
44 78
7 90
46 83
83 93
9 99
58 73
4 13
24 34
33 73
70 86
71 92
27 63
25 35
23 77
21 45
28 56
34 71
8 46
7 14
23 43
10 44
11 33
3 71
51 65
8 26
76 79
9 27
16 67
15 21
21 98
30 87
26 31
7 83
18 73
58 80
21 76
22 74
19 52
64 99
1 57
57 68
47 57
4 18
5 19
29 54
3 63
23 32
39 74
0 72
13 74
16 43
6 50
23 30
37 39
78 82
42 50
12 63
44 60
85 97
24 48
3 30
19 35
32 73
5 28
70 90
62 71
59 67
3 36
21 25
28 36
52 89
2 83
7 26
31 41
48 73
32 47
63 73
0 79
61 73
6 53
30 54
17 35
41 62
75 89
3 91
41 79
3 97
45 58
16 87
21 94
68 95
52 58
32 64
71 97
59 88
25 88
28 35
8 41
7 19
22 41
73 88
30 57
39 86
51 84
8 15
34 36
9 14
75 94
40 76
16 63
4 82
15 96
44 50
77 92
18 61
38 56
6 88
67 90
30 82
22 95
0 1
46 81
47 77
25 63
67 96
4 15
14 91
61 97
3 18
59 81
1 38
9 75
21 43
26 38
48 71
27 87
33 56
9 45
72 77
39 79
36 83
34 63
52 85
79 95
35 62
74 79
16 54
40 51
12 36
38 89
10 52
50 95
37 60
29 79
9 25
77 85
6 83
39 58
20 66
12 24
1 5
58 94
34 98
43 85
24 43
20 49
71 87
57 74
28 49
52 54
0 84
20 31
53 55
16 23
81 95
30 43
36 90
28 47
7 31
48 84
29 46
16 45
38 80
53 88
49 72
7 53
20 99
42 48
53 66
10 25
15 28
39 51
19 89
42 90
55 76
45 63
66 68
7 96
32 85
18 88
25 51
58 67
43 96
52 61
32 75
0 43
3 38
6 17
21 39
36 65
52 91
15 81
2 81
55 62
30 52
39 91
78 91
42 59
75 91
6 77
16 58
54 75
17 59
19 94
92 95
55 69
50 58
24 57
56 63
46 54
3 47
27 58
21 32
45 99
8 43
7 13
62 86
25 64
81 99
6 34
10 33
7 43
53 84
17 60
13 46
20 95
18 59
64 74
56 87
30 80
41 88
25 61
67 98
8 67
2 9
84 99
0 57
24 38
44 96
71 88
9 73
19 25
2 35
35 83
24 85
38 69
40 47
36 93
30 38
50 67
27 79
74 77
23 29
72 85
3 75
65 83
11 59
18 50
77 83
67 69
19 82
1 27
17 97
8 74
89 97
3 29
18 95
57 72
21 50
45 85
19 30
