nnodes nedges type
100 800 graph
nodename posx posy weight
0 -2.303250884525433 -3.77303200703855 4626
1 -3.9670460449443588 -3.4345322119939348 4249
2 -4.051383510639994 -4.70757079030198 1873
3 -3.439186261889434 -5.474069550541744 4495
4 -1.8061493632672685 -3.9827596091085695 1321
5 -2.938501846565834 -4.420135552257451 2428
6 -2.3829442886438956 -2.7140558863598345 2785
7 -2.5150088119570673 -4.017824700473369 3725
8 -2.5664129329487952 -4.3869959375826895 3921
9 -3.775667929694653 -4.904445351839401 2070
10 -3.5167580832924057 -3.2626818335729144 1401
11 -3.310716439964708 -3.9092576287397196 3097
12 -2.8905301316099172 -3.393757318611574 1444
13 -3.498614041745737 -2.919922826201045 4605
14 -3.309321921389192 -4.760446605119824 2885
15 -2.0758044619265976 -3.193599303698361 4049
16 -3.605940788596541 -4.36641782857001 1868
17 -3.5602076597802066 -5.291791354586226 1884
18 -3.0918726914793813 -4.5528032846641615 1930
19 -3.087223125628641 -2.871967471546851 4029
20 -1.9577009847134417 -4.080344180336539 3570
21 -3.6321570015032663 -5.1328879503116704 1795
22 -2.174079396596729 -4.227919937285825 1169
23 -4.093994534679464 -4.414968787040349 4011
24 -3.8915912539499935 -3.317386638907081 1401
25 -3.8123475408017016 -5.446456620872831 2514
26 -3.222878115380741 -3.663816314215572 2671
27 -4.972450745720769 -4.005660536128565 4569
28 -2.2361590595715097 -4.630168762247727 1897
29 -4.7500680686181465 -3.747337122556078 3867
30 -1.6849654373424994 -4.651379147640075 4091
31 -4.401748624360376 -4.451628072444684 4559
32 -4.496015008234626 -3.2787471668800725 3678
33 -4.4730289613387155 -3.0497069578328198 4378
34 -3.3922667877917405 -4.54250590281427 2607
35 -2.522038823385558 -2.8906011299256513 2560
36 -2.1682832762405075 -5.3371912321102934 1638
37 -2.9116319997404125 -5.660797082257804 2618
38 -3.585072224699899 -2.8876381496334314 2561
39 -4.262489840890918 -3.0242873568322124 2610
40 -2.7893825917008694 -4.9629048931791875 1100
41 -1.7509854118270651 -3.725397868899885 4848
42 -2.333725750406539 -3.925440848723728 1128
43 -3.4061418157248706 -2.340407811472833 3592
44 -3.328732814561496 -5.08130884742612 3347
45 -3.296920513692685 -5.296632588395731 1290
46 -3.090483050922579 -5.410146878942147 3263
47 -2.64588562206523 -3.2435440467654444 3715
48 -2.2821740843313663 -3.4742831237484797 2420
49 -3.9611220656258364 -5.127277151037358 1048
50 -2.0151045232695073 -4.271651265363205 1610
51 -3.8368381353920746 -2.795042309420388 1302
52 -3.0947999484564392 -4.801391335811347 4285
53 -3.047524334608942 -3.3414137053935806 1925
54 -2.529375136871462 -5.138244819855201 4512
55 -3.105931926766761 -4.307280261061293 3319
56 -4.748698069984859 -4.116190043938758 2256
57 -2.031262531190837 -3.740149095863579 3255
58 -4.1239902134345385 -5.390859942302125 1673
59 -3.5150383801719047 -3.8365728724613692 3672
60 -2.876496524044811 -3.672085067067109 1810
61 -3.9156018913482433 -4.492580574645273 4050
62 -2.8486368056187277 -5.244779293264586 1107
63 -3.077539149642699 -3.1861903613947407 1310
64 -3.7930521089264153 -3.0767864662478965 3748
65 -3.8806083682865484 -3.7826721549861753 2162
66 -2.187708143091745 -5.048707353883651 1699
67 -2.6706734018625147 -4.223473406128379 3904
68 -3.2072922285610694 -2.9894974345117507 4618
69 -4.5795215279570645 -3.5702853453944727 2441
70 -4.7678411240918 -4.897383420031707 2279
71 -2.71345328526316 -4.573974149612095 3314
72 -2.472940565956265 -4.5756970350183614 1300
73 -4.31563124936306 -5.159528712623953 1301
74 -4.31350667670196 -4.18841158733544 1572
75 -2.2285927202302136 -3.2310232429227588 2008
76 -4.183288360704267 -3.896611096131983 3694
77 -2.4413902102850034 -5.12100409995604 1849
78 -3.462608591838044 -4.290746407445902 2036
79 -2.4578130404602687 -3.4093684451062445 3687
80 -3.1132501681087223 -2.546645933150661 2999
81 -3.927532937126403 -4.771189225323153 2942
82 -2.9030772640702396 -2.6711365319704123 4302
83 -2.945747413908122 -3.9226904511451677 2242
84 -4.200373094025044 -2.847410521995809 3850
85 -2.0107638683039593 -4.428645114427997 1498
86 -2.926706731065058 -4.947368991378839 2314
87 -2.3207624162381526 -4.857756915207121 4449
88 -4.081463226348498 -3.7520685262557594 3561
89 -3.680755623011249 -3.5118388492032198 2235
90 -2.700907304932444 -3.0515457033227023 1955
91 -2.6503873414446377 -3.6763392244912128 2674
92 -3.7293983892192117 -4.113944396967273 3993
93 -4.274594496990804 -4.848803370522767 4745
94 -4.648775826992502 -4.348348717786406 4213
95 -3.3474328098433066 -3.4044620984568117 1804
96 -4.543349832652605 -3.8656476435354676 3489
97 -4.464546459752261 -4.712143668978114 4438
98 -4.103227483341597 -4.1164007363397745 1766
99 -4.075683123283942 -3.5911290698485043 2588
endpoint1 endpoint2
26 47
5 31
11 68
14 74
59 78
30 41
17 20
23 26
54 92
49 78
65 84
78 86
29 70
6 72
3 86
53 64
40 66
30 66
65 78
20 75
42 88
1 28
24 52
68 92
25 49
8 87
4 5
43 98
85 87
60 79
4 35
34 79
8 38
0 67
5 34
27 93
16 38
60 62
1 89
52 67
7 44
31 51
78 89
29 95
79 85
63 83
37 44
8 12
90 95
12 50
36 55
74 89
18 36
8 18
64 95
31 89
42 67
45 54
1 21
16 75
0 14
24 59
90 99
57 90
23 84
19 44
0 36
70 81
71 93
11 72
24 80
81 97
39 82
10 47
51 88
2 64
14 96
29 88
79 82
11 46
75 82
38 60
10 19
16 66
17 84
30 86
56 89
19 79
20 71
22 83
44 68
12 29
16 88
58 83
21 77
15 48
19 53
26 56
32 91
71 90
9 79
59 85
18 98
45 90
28 54
37 77
26 34
22 36
20 28
23 33
4 63
52 81
41 44
22 30
48 81
79 91
13 75
9 59
18 22
31 33
40 55
7 34
50 91
28 67
11 61
38 55
53 69
64 67
13 63
33 98
14 60
8 76
10 78
57 78
19 32
33 53
39 64
0 78
38 84
4 76
10 59
13 94
28 90
29 68
69 97
3 88
44 58
0 19
76 90
5 82
12 19
67 82
21 95
78 96
0 9
7 92
14 41
10 73
94 96
13 99
70 92
3 42
62 73
12 71
23 55
2 45
22 40
55 58
62 83
27 95
24 75
25 67
38 79
54 85
1 95
52 77
8 14
4 75
37 42
26 65
75 95
40 75
65 69
28 79
31 91
45 52
50 54
41 91
7 85
12 96
61 98
20 41
60 64
23 76
6 12
15 90
7 9
97 98
20 23
39 76
10 45
51 90
63 90
5 51
53 80
43 47
7 61
13 42
25 31
15 20
11 28
79 96
47 75
1 6
57 97
2 5
44 92
0 61
24 42
20 48
6 7
34 95
2 63
0 83
22 58
32 51
11 67
3 62
27 45
30 42
38 83
12 34
72 89
31 73
78 83
29 73
5 77
55 87
11 21
76 93
0 30
7 75
55 77
5 87
12 22
68 75
2 28
32 84
33 90
14 36
71 77
18 91
1 49
25 44
51 59
23 66
45 81
80 91
34 86
32 74
14 78
60 76
73 76
52 90
8 35
31 40
55 63
39 88
17 34
13 92
25 98
15 26
31 92
22 99
48 63
49 62
21 93
2 23
41 80
24 56
0 11
83 89
25 53
26 50
3 44
4 47
15 95
49 97
29 33
10 32
2 69
78 93
40 77
53 85
45 50
51 99
32 98
50 52
12 98
18 77
25 62
33 78
14 88
20 43
9 74
10 88
38 98
47 61
93 99
12 86
25 74
40 46
4 60
34 60
8 55
41 47
5 49
11 34
16 55
10 53
49 86
7 63
65 92
18 53
74 86
14 23
5 66
17 72
68 78
60 99
43 84
34 99
14 35
70 76
71 86
89 98
10 67
1 62
37 73
5 16
53 54
59 79
21 29
28 40
8 62
7 30
48 85
11 91
16 46
23 27
39 93
30 50
1 65
10 60
13 33
78 81
74 81
55 81
40 65
3 87
53 65
67 75
65 79
13 59
41 75
88 97
10 96
16 83
21 82
32 86
33 88
57 72
24 51
68 83
18 89
23 92
52 62
84 94
2 52
9 94
10 84
23 58
82 95
54 60
63 74
55 57
61 70
16 37
88 92
10 39
2 72
78 88
4 86
45 55
69 74
67 86
58 97
56 81
22 91
2 21
46 77
3 8
1 8
16 96
43 88
71 98
68 96
28 62
34 73
0 89
11 73
25 71
81 98
16 28
34 35
17 25
52 73
26 77
27 73
64 85
37 48
42 77
40 85
17 85
42 87
21 78
19 50
44 97
85 90
24 39
3 23
71 91
60 92
47 63
5 21
61 88
4 62
13 76
26 84
18 25
9 52
72 86
12 39
51 68
42 52
1 96
15 16
7 78
46 95
18 66
66 72
58 93
21 87
56 69
22 79
16 94
32 81
33 69
3 28
23 65
2 59
35 91
62 65
9 91
3 34
30 46
54 59
28 42
7 24
13 69
72 93
30 48
73 81
39 95
4 67
78 87
11 51
18 42
42 63
14 28
13 57
65 77
76 89
42 89
47 92
19 64
2 24
44 87
14 40
60 82
51 63
53 61
9 92
27 38
6 20
21 36
11 82
51 82
7 47
18 37
12 51
10 15
2 96
17 56
64 80
49 88
19 99
11 14
76 80
18 63
48 51
40 80
49 50
7 90
50 57
0 15
15 42
43 90
60 71
57 67
6 15
8 46
7 14
97 99
5 42
48 69
29 61
38 65
21 23
17 31
50 71
31 59
14 97
11 33
6 59
51 65
17 49
64 87
31 65
55 95
10 16
30 87
42 85
47 72
12 30
66 79
64 99
56 64
44 99
32 92
70 73
20 55
23 74
47 57
2 62
35 84
14 70
5 19
61 86
59 74
16 21
81 89
39 74
2 88
5 61
26 82
3 76
49 74
41 53
28 92
29 74
67 70
76 92
47 81
8 77
24 48
68 80
25 45
15 38
34 89
3 36
59 67
6 19
73 77
23 70
28 36
15 87
7 26
35 42
26 93
72 95
30 54
4 77
52 71
49 67
41 62
34 45
35 48
26 71
18 40
38 47
17 69
13 55
19 92
20 86
22 98
5 81
58 98
22 68
83 86
55 97
47 68
71 75
18 85
57 86
94 97
32 64
56 61
71 97
62 78
10 80
60 74
6 10
49 98
32 38
27 94
23 44
4 52
10 35
52 78
8 15
29 92
17 62
9 16
19 75
2 17
50 55
14 49
18 76
9 97
4 15
26 60
85 93
14 91
46 59
59 81
10 91
60 65
47 50
45 94
7 8
5 40
3 56
9 45
24 83
42 47
75 87
36 57
11 57
24 31
40 89
66 83
41 67
7 77
47 74
53 99
69 89
58 94
34 98
44 93
46 66
21 52
5 17
70 97
9 86
8 61
18 21
9 56
23 24
3 78
12 35
17 40
14 25
15 28
39 51
56 99
31 86
29 98
46 99
55 76
10 99
66 68
0 53
34 87
26 40
35 95
98 99
54 63
34 49
52 91
32 33
5 36
11 81
76 97
6 43
54 81
52 65
31 49
78 91
29 65
18 38
53 75
12 48
4 85
30 71
13 53
11 13
47 88
58 96
49 61
55 99
25 52
80 83
19 42
35 68
43 89
2 14
46 54
20 45
53 57
9 64
1 35
10 94
72 98
82 89
36 72
2 40
49 96
32 56
22 47
0 88
62 86
16 27
39 80
1 92
15 68
63 94
16 49
53 84
8 23
37 49
24 26
16 64
67 92
39 63
17 86
5 98
27 29
23 83
25 61
2 9
24 38
71 88
27 51
34 67
7 10
74 99
23 39
72 79
34 61
52 87
13 77
5 48
48 95
38 95
10 50
1 79
7 62
65 83
37 58
74 87
55 91
24 97
16 71
39 52
56 94
0 26
46 94
14 62
18 69
1 27
58 92
15 63
19 56
18 95
1 61
25 40
58 70
4 30
37 72
