nnodes nedges type
100 800 graph
nodename posx posy weight
0 5.53518963114323 5.862936342558858 3670
1 3.199057093019218 7.296606166522046 3442
2 3.7287815166459772 7.2697655773538425 1272
3 3.7158136376039805 6.792395884406833 4213
4 3.6982013906824145 6.532309044830207 1805
5 5.005058362951626 7.305900877232022 2059
6 5.7615931327507965 6.901790547124354 2405
7 5.189089752187435 6.614081255173728 2821
8 5.730845055853937 5.896473620434183 1920
9 4.5181885191553395 5.993471017749692 3254
10 5.468012817644603 6.417097537166569 3897
11 4.575697065402345 6.442009863355631 4729
12 2.9788002100888202 6.744966402554164 4225
13 4.886321442026589 5.887153254479121 4880
14 4.2224617130321676 7.02900414930441 3350
15 5.718095731289741 7.828716238154971 3430
16 6.219196360544275 7.19453477117633 3992
17 4.949909844258281 5.462323612688074 1789
18 4.500614735456777 5.3168695663962735 2769
19 4.134066162345196 7.660257561022103 3010
20 6.325019682895336 6.085160829455954 3942
21 5.113072811997583 7.686070015478493 1121
22 5.820758773690776 7.14803245772756 1095
23 3.317188335922143 6.51738956907418 2112
24 6.233757160246318 7.368760165537629 1281
25 3.557614153908561 7.151976932723448 1129
26 5.301635805790244 6.911990385377223 4733
27 3.6904732035733496 5.983416293026661 1474
28 4.665872514762363 5.54534351048882 3639
29 5.225005410572568 8.22996251521127 4446
30 3.3846401119623213 7.511099415495718 4888
31 4.1519234524829125 6.561541033250875 4600
32 5.405517108625075 6.736667108320827 3035
33 3.8297188453150626 5.898674337918519 3961
34 3.9214721525008627 6.067251921502126 4411
35 4.5646887283381625 7.487065521413625 4354
36 5.193043807937843 7.43882987613881 1919
37 4.3667981723691485 6.305517648434483 1356
38 5.170044143223557 5.22094666653284 4127
39 6.047977617594322 6.8594173860573715 4857
40 3.795495007906431 7.828729931895981 2206
41 3.9389479616349865 6.869994160354827 3770
42 5.6333135639599705 5.513017511634432 4381
43 3.7838778945161624 6.294934630016369 4693
44 4.836849869934274 8.297335803425709 4764
45 5.904031337572614 6.530326029441794 1084
46 3.7686597512474114 8.072875975305 3230
47 4.740241107206153 6.62034159172815 3163
48 4.393398590803251 7.413669894775449 4050
49 5.19917534549293 5.662664170179365 4272
50 5.200787404645227 6.059851539949791 3268
51 5.954124341728037 7.322671930451813 4472
52 4.289514572190916 7.94675779586617 4700
53 4.054395991222261 5.698823355201135 2853
54 4.219552082921348 7.312397474440451 2295
55 4.820870810019846 6.148437414012392 1398
56 4.23415686533412 5.746253921984827 4389
57 3.3017763109962908 7.657594753077666 1318
58 4.0646997175380255 5.941347203156001 2034
59 5.740874320252392 7.648172531948926 2976
60 5.32900152009925 7.99726484680779 4907
61 3.4762483742356975 6.836966378158715 3769
62 3.964411101526358 8.041502243027303 1780
63 5.848195639892387 6.094887833793637 2204
64 4.445072651831596 6.7908939271684 2435
65 4.459827324760738 8.396493676118402 1021
66 4.955562457560725 6.405198880176787 1091
67 5.636338901113588 6.626174082432958 2839
68 3.4461407654237104 5.7922726451250846 1800
69 4.437371770842342 7.822742054131038 1435
70 4.547378969491778 5.831830109127342 2215
71 5.571251113304564 8.060542348369278 1287
72 4.86140527510671 6.841617229792882 4915
73 4.739349778829733 7.051876510775886 4122
74 3.656325396000178 6.274660457847812 1052
75 5.036104495810888 8.017406324107096 1828
76 5.433129087953195 7.742767851898908 1997
77 4.413146500361855 8.26595315275022 4760
78 3.954799236996223 6.518734199169698 1468
79 4.961516551971339 5.617859855761751 4961
80 3.1877130435845022 6.324801843482165 2212
81 3.7837857639536487 6.9714835332604395 2421
82 3.8605097700987456 7.622803477776954 4340
83 5.483796853487687 6.230468853054386 2084
84 4.5432583225181435 7.644967367062134 1497
85 4.45517096483119 5.454372505673847 3647
86 4.854979425148618 8.143360433119167 3673
87 4.786216836421817 7.573212687162792 4481
88 4.3275750206569565 7.11138729629269 1363
89 6.070172622271324 6.374935928867626 1808
90 5.106284240823822 7.022702385609051 1158
91 4.615181020605034 6.969713419795025 1403
92 5.423145283242628 7.092444616074651 4743
93 5.753324590736274 6.301102634335124 2964
94 5.163707020105176 6.22351928412642 1206
95 3.7466351806091107 7.549975414078794 3669
96 5.782148377094621 7.444872490439066 1483
97 6.443807729429296 6.853509433005844 3723
98 4.074358525532024 5.390902078683175 4864
99 5.41258985521458 7.4017438174055465 1798
endpoint1 endpoint2
26 47
5 31
29 50
62 64
30 41
37 82
8 63
61 76
35 41
33 41
73 82
54 92
49 78
13 32
78 86
65 84
89 94
6 72
17 64
39 45
31 80
30 66
76 88
17 90
21 81
19 65
42 98
1 54
57 81
21 59
94 98
70 94
3 40
36 67
34 79
2 47
0 67
11 83
88 93
51 83
52 67
53 73
54 73
4 87
43 52
49 89
30 69
31 89
5 93
45 54
69 73
16 75
21 90
22 88
33 80
14 50
47 64
46 82
58 72
19 44
87 96
2 12
33 74
46 52
14 84
23 50
36 74
37 68
34 70
87 94
7 15
22 45
0 90
61 94
3 55
30 61
1 82
10 47
31 56
27 72
31 70
20 89
55 92
47 99
40 86
67 94
11 26
0 5
47 73
69 92
58 83
64 98
15 48
2 7
35 79
0 59
85 89
32 91
70 72
41 96
9 79
2 33
22 36
70 98
62 95
9 81
24 87
23 33
4 63
5 62
9 59
54 91
51 71
13 37
37 56
29 75
77 81
6 87
53 69
65 75
11 19
0 28
91 93
18 67
66 73
22 76
85 98
60 84
25 46
15 39
45 83
35 90
5 29
61 80
39 64
21 26
86 88
73 78
34 50
13 68
11 92
27 70
33 47
72 94
39 94
52 70
7 49
11 50
18 43
3 88
17 70
67 76
39 47
7 70
48 61
47 95
16 86
21 95
41 82
46 73
57 87
25 55
58 79
35 67
13 99
60 73
75 99
1 46
21 35
3 48
59 63
25 67
79 87
90 93
36 49
4 81
15 97
8 20
31 91
28 79
48 52
40 81
6 91
10 22
66 91
67 91
56 84
47 66
18 79
69 81
67 97
21 66
4 14
8 64
43 93
5 15
14 90
10 90
37 66
34 68
15 90
7 9
11 74
9 46
27 84
6 38
39 76
30 35
51 90
8 53
7 39
5 51
29 86
11 32
9 48
48 92
3 70
54 70
10 55
12 43
49 80
13 42
77 86
42 72
17 74
39 59
30 84
19 81
26 28
7 82
12 31
66 76
58 81
43 82
5 8
96 97
32 51
33 50
22 28
5 60
26 83
23 25
72 89
36 39
51 73
41 52
31 73
37 38
6 85
12 56
3 85
43 58
17 67
15 29
29 99
42 93
5 87
21 84
65 99
43 75
33 90
14 36
20 63
60 86
4 26
19 34
5 27
14 78
1 43
10 86
54 62
28 37
55 63
9 34
6 42
73 86
1 68
52 64
7 51
78 90
28 84
26 68
42 58
3 90
36 52
64 92
55 74
12 13
44 82
14 47
47 71
69 86
23 91
25 53
21 71
34 81
0 33
91 96
12 65
59 91
71 96
82 88
4 47
37 40
15 99
49 93
8 22
37 50
44 51
76 83
42 79
66 89
39 60
46 86
3 15
0 56
71 89
9 74
25 32
21 42
93 99
35 80
5 23
25 74
72 78
51 92
52 86
8 55
50 66
48 94
72 84
3 72
54 68
36 58
28 64
18 53
27 98
5 66
10 31
22 87
79 98
20 67
44 64
40 96
68 78
1 4
69 88
15 60
8 73
13 28
58 95
17 98
24 44
70 76
71 86
1 62
60 89
21 51
86 99
50 99
14 69
4 59
48 85
40 59
78 81
11 49
12 58
39 50
19 88
0 16
55 79
10 96
16 83
67 81
21 82
17 91
19 62
56 74
0 54
33 88
15 35
14 76
20 39
9 94
60 78
81 87
36 66
86 92
4 34
48 76
9 32
16 37
39 90
54 86
37 45
26 66
9 10
75 90
16 59
43 53
64 94
22 97
39 43
37 55
76 86
55 68
21 91
56 81
13 14
44 76
23 85
24 32
27 61
1 34
60 69
47 54
2 41
34 73
61 95
62 87
27 83
81 98
31 57
16 50
6 69
3 69
49 83
38 63
66 87
64 75
5 97
46 84
28 31
47 63
28 53
2 32
26 37
34 64
61 88
33 61
81 91
4 62
51 94
7 35
50 64
63 70
27 78
53 92
54 90
10 51
28 66
11 58
77 82
55 90
4 98
11 16
66 72
19 59
44 88
32 81
89 96
14 33
18 92
60 91
66 98
25 47
80 88
32 55
50 97
24 93
25 81
34 53
8 32
32 45
63 79
31 47
26 95
33 40
6 55
40 61
2 79
7 54
42 63
1 19
19 64
7 93
83 84
3 5
51 63
45 77
80 95
84 88
22 49
10 82
25 90
28 33
2 44
7 17
29 36
9 38
16 39
38 78
54 84
1 88
34 38
37 43
26 64
75 92
54 78
28 78
11 14
48 51
67 88
22 89
2 19
35 99
90 96
1 14
25 57
58 73
19 47
61 99
60 71
47 48
45 96
3 54
27 85
72 75
7 36
29 87
35 60
72 81
1 75
51 65
64 87
30 77
31 65
65 95
6 93
47 98
15 21
41 93
42 85
14 58
27 30
66 79
8 70
64 99
56 64
43 83
85 88
14 92
25 36
23 74
4 18
29 54
12 82
6 24
30 37
36 88
31 32
35 37
9 58
72 88
50 88
18 49
42 50
6 84
3 82
20 79
76 92
91 92
11 18
44 90
0 51
46 71
2 57
27 35
6 19
36 71
32 47
31 41
29 41
38 85
30 54
54 83
10 56
52 71
28 91
11 53
3 91
13 55
19 92
26 97
0 20
48 62
47 94
23 98
58 98
17 95
24 55
25 54
45 75
80 81
36 96
84 90
0 32
27 56
10 80
25 88
6 10
21 34
37 88
49 98
5 47
52 78
7 41
63 92
37 41
15 96
8 21
49 94
20 93
14 15
30 82
31 96
22 95
43 70
7 84
1 12
26 60
33 79
5 14
20 42
71 94
45 94
7 8
22 32
5 40
61 91
3 56
62 91
11 77
24 83
72 77
0 93
10 42
1 87
22 26
41 50
13 41
11 57
66 83
21 96
26 29
58 94
22 72
43 85
33 64
3 27
59 86
69 99
45 87
29 52
62 66
61 84
24 90
53 55
81 95
73 74
4 58
63 66
22 29
31 34
9 56
4 64
49 72
31 72
78 80
20 99
18 47
74 80
40 64
38 42
53 66
12 57
39 51
65 72
20 73
44 62
41 68
1 30
10 99
2 29
0 53
71 76
19 37
35 95
14 79
62 69
82 94
86 95
37 93
52 91
55 62
24 71
30 52
54 81
13 91
26 69
18 38
74 91
6 77
38 45
54 75
31 95
11 13
7 67
45 56
1 23
49 61
21 92
13 15
22 90
47 70
8 92
2 14
13 96
56 63
46 54
53 57
3 47
10 94
23 48
58 61
7 13
48 66
29 32
27 80
23 46
4 54
52 72
17 26
50 72
5 55
11 44
40 78
24 26
5 88
47 97
45 49
67 92
39 63
30 80
3 14
1 2
25 61
8 67
2 9
35 77
46 57
23 73
57 71
47 60
35 83
5 22
11 79
27 41
9 83
74 99
39 73
36 93
50 67
63 71
48 95
79 89
27 79
42 45
6 63
36 59
10 50
41 48
74 87
5 65
38 49
30 91
22 84
14 62
18 69
56 68
13 27
19 56
92 97
24 45
20 51
46 64
89 97
25 40
37 72
34 90
