nnodes nedges type
100 800 graph
nodename posx posy weight
0 -2.6044772264048186 12.206940834803145 3963
1 -3.542927777312496 10.522614222942874 4286
2 -3.3187221291953066 12.412407588013224 2129
3 -2.254412723845245 11.256958848533564 4963
4 -4.820289632803179 11.352684332568098 1413
5 -3.66316789413694 10.215424687566024 1731
6 -4.363054941171553 10.378572319029239 4813
7 -4.684667876468091 10.68796147269781 2353
8 -3.8449054750200102 11.001743899795779 4337
9 -4.076297077974496 12.417823126112634 3047
10 -4.870657725823224 11.581565795503142 3091
11 -3.359630010854375 12.898111128967992 4507
12 -4.052141730616359 10.041535892377711 3827
13 -3.5154060861801857 11.255569431885393 1497
14 -3.754270093024837 12.530735570562074 2686
15 -4.523698526698846 10.242103386088424 2842
16 -4.556194779758273 12.141789101454727 4374
17 -3.770706179611396 12.78298349642763 1230
18 -2.1790826911096612 11.699284590822156 4750
19 -4.087749032184064 10.661334556598481 4291
20 -2.960850772193444 10.960902696820954 2018
21 -5.000123900027756 10.845448713033838 4126
22 -3.202005474256901 11.690161790593663 4955
23 -3.80810717964446 12.222297010303611 4631
24 -2.0657121879081437 10.533620432628478 3177
25 -4.968975489228559 11.744611646602701 4598
26 -4.817964567853924 10.36906025337645 4342
27 -3.060872897024909 11.819483351246825 3997
28 -3.9433256044798637 11.434547664971237 3965
29 -3.0183776233300854 12.654185497168402 2970
30 -3.5590335267396767 10.319471992506116 4636
31 -4.978486734267677 11.220274382785918 3429
32 -3.7669627365280856 9.78613649650242 3397
33 -3.889660890114854 12.022455231335051 2707
34 -4.656549458557978 12.47910978549003 1763
35 -3.471807597791627 10.695181128317008 4284
36 -2.42931274045147 10.314895573226629 1754
37 -2.474536730731311 11.898444993796234 3864
38 -2.972315278608678 10.238959885465965 4335
39 -4.377470779838186 11.040204925057418 4004
40 -2.169112645063265 12.003227024200298 1028
41 -2.7530299954203987 10.601403394915964 2081
42 -2.6839339688612998 11.254403386547128 4887
43 -2.748155172201071 12.064583381026448 2417
44 -3.3265940423034266 11.215118119144792 1663
45 -4.163284014960848 11.804593219697603 4761
46 -3.1543977301918606 12.728723312074603 1890
47 -5.313051924839024 10.845105089750366 1313
48 -5.002980817429726 12.138071147701517 2972
49 -5.0622395706744765 11.514769136806889 1886
50 -4.680015226307328 11.936242627051099 1813
51 -3.135830033203031 10.13566288680535 2154
52 -2.6997461076995117 10.34417455975147 2742
53 -3.1665924400396115 10.73278749190569 1926
54 -1.9347563185100654 11.319703520932226 4260
55 -3.7788470410322237 11.614760770941517 4088
56 -2.4467224458893124 11.488070242487153 4761
57 -2.832544312509537 10.141391005891142 1561
58 -2.787677119914024 12.646548775687728 4135
59 -3.5853483900889156 11.824162492674143 2088
60 -4.1860986538793545 11.329448707962381 4445
61 -4.494047528843882 10.583525745972597 2774
62 -4.107483435449218 10.935248771927615 2176
63 -2.7976413956404285 11.916501852233829 3922
64 -3.174595750971449 12.513213955950762 4843
65 -4.366483166490372 11.332498239979206 2454
66 -3.999585119248526 10.238420067657175 4291
67 -4.073721498176869 11.92277507685764 3487
68 -2.5142690699883246 10.911212813380848 4711
69 -4.2008330278239585 10.151457270242519 1595
70 -4.618693464736567 11.790088138195623 4780
71 -3.247171809630795 10.419287637378753 4626
72 -3.475844764618372 11.595647571768097 1872
73 -2.378606899557994 12.123025415177372 3091
74 -3.0043297333156826 12.365787668933464 3209
75 -4.358140895667862 11.582005144815058 3587
76 -3.5799258491037174 10.895180282410948 3514
77 -4.336970243515923 12.590556546984276 1758
78 -3.522255757889876 9.855700600150193 1778
79 -3.565850575097159 12.61919944277758 1057
80 -4.601825207584764 11.070752686481256 2523
81 -3.3084877581194294 10.208090554064723 1730
82 -4.039944735410983 12.760341678197936 2083
83 -2.8741434151089846 11.58392138815856 1773
84 -3.805443380140228 10.615658457019386 1733
85 -3.5241686678595014 12.106546371466761 1587
86 -3.7885111080766687 11.394721003622097 4398
87 -4.243533588729449 12.161929208564851 4529
88 -3.174828111418895 10.954432830581238 2492
89 -3.039663987087775 11.112841467415103 3537
90 -2.9986041776186445 11.615218484941058 1707
91 -2.2825707098746686 10.99890164424595 4533
92 -3.1870635549843582 12.129848144847823 4462
93 -2.000655724548206 10.923804491308212 4078
94 -4.251499785870648 12.385850594809877 3593
95 -3.0230650467300966 11.3003036155639 1570
96 -2.5607419847624566 12.450655350387093 4138
97 -4.298554604963078 10.68457962873007 4839
98 -2.169431202563694 11.554809504314521 4476
99 -2.447853154119725 10.718160318298077 4038
endpoint1 endpoint2
3 35
33 55
6 28
81 93
30 41
28 41
36 68
63 76
13 70
5 57
54 92
10 61
17 46
65 84
38 40
15 30
67 74
65 78
39 45
30 66
44 56
0 17
76 88
10 97
17 90
65 96
2 27
83 85
24 52
1 54
39 97
80 94
2 53
62 75
59 71
0 67
48 77
5 34
27 93
33 34
2 73
37 44
26 67
4 87
54 73
8 18
64 95
30 69
37 54
48 50
54 99
16 75
17 83
22 88
33 80
46 82
4 12
26 49
32 68
33 74
3 17
37 68
0 90
40 42
30 61
4 48
51 88
10 47
79 82
72 80
36 62
14 19
38 60
7 80
42 84
46 85
83 99
18 72
57 99
8 69
70 72
71 90
9 79
23 75
14 65
20 28
9 81
16 20
39 75
30 36
50 65
31 33
41 54
29 75
9 29
42 53
55 85
89 91
24 99
43 56
42 95
12 20
93 95
71 83
25 46
58 68
66 99
19 32
33 53
25 80
21 26
86 88
54 56
52 88
8 33
28 43
48 72
35 43
16 33
6 52
39 94
1 70
51 76
10 59
7 49
41 63
26 70
18 43
89 92
55 82
14 29
17 70
67 76
13 56
64 90
39 47
41 72
47 95
67 82
22 71
13 18
50 63
83 87
59 99
1 52
25 55
8 89
94 96
22 54
46 51
53 60
9 67
21 35
37 89
7 16
22 40
59 63
6 47
54 85
10 34
50 77
13 87
11 43
10 12
28 79
56 84
43 71
41 91
68 69
1 13
58 86
21 66
33 72
24 35
25 34
6 12
21 44
28 57
19 20
32 60
11 74
3 57
16 31
23 42
40 44
4 50
13 80
5 51
79 92
63 90
18 29
9 48
42 46
36 56
8 27
41 51
65 94
77 86
27 96
5 68
55 94
25 31
39 59
56 91
30 84
1 6
66 76
13 30
44 92
24 42
5 8
27 55
59 87
6 7
21 53
28 48
34 95
52 53
26 32
61 85
16 22
81 88
39 69
2 89
17 23
52 83
8 60
32 41
13 73
27 67
23 25
75 77
16 44
54 89
10 62
7 58
65 87
13 61
19 86
7 75
91 95
47 80
15 59
20 63
57 76
35 92
0 42
22 61
60 76
73 76
34 48
63 72
55 63
22 23
33 45
30 55
51 78
17 34
18 41
74 90
3 90
4 84
36 52
19 95
41 78
42 68
5 80
45 57
69 76
16 72
49 62
13 16
56 79
0 11
33 83
46 79
8 91
2 49
26 50
13 97
62 79
12 65
72 97
82 88
4 47
29 33
33 38
6 45
13 85
35 56
16 48
8 22
76 83
40 83
6 89
39 60
33 84
28 29
35 74
0 56
46 56
70 85
20 43
38 98
87 90
2 34
93 99
3 59
9 44
74 98
40 46
39 78
15 66
8 55
11 34
26 86
75 86
16 55
72 84
51 66
49 86
50 92
28 64
10 31
56 93
20 67
18 68
15 60
2 3
0 63
24 44
70 76
23 71
0 85
24 91
6 31
36 91
15 75
7 30
48 85
29 45
23 27
6 49
30 50
10 60
50 87
78 81
18 44
53 65
17 65
15 31
31 81
76 95
45 62
88 97
21 82
22 64
65 97
32 86
20 57
68 83
18 89
15 35
32 76
20 39
3 41
1 41
10 84
95 99
13 64
61 70
38 72
88 92
10 39
1 90
78 88
26 66
42 56
43 53
17 58
64 94
22 97
37 55
28 76
76 86
42 66
55 68
49 60
22 91
35 97
46 77
55 98
90 98
43 88
53 56
45 98
32 57
62 87
12 89
15 71
27 73
49 83
77 89
24 27
14 18
45 48
64 75
19 76
11 27
44 75
7 81
41 95
14 94
70 75
29 30
61 88
74 96
24 86
4 62
7 35
63 70
26 84
23 28
40 54
72 86
6 60
1 78
41 55
28 66
77 82
12 61
0 27
7 78
14 63
68 72
1 26
8 75
19 59
43 86
89 96
20 60
71 80
10 65
21 49
14 75
62 65
27 33
81 92
52 95
8 32
13 69
61 75
72 93
39 95
49 77
0 99
17 45
55 83
40 67
15 25
13 57
44 57
0 18
7 71
5 83
56 76
19 64
41 83
33 94
3 5
59 96
60 82
25 48
8 88
71 73
85 86
62 72
9 92
25 90
28 33
22 43
11 82
59 60
39 84
88 94
49 70
7 47
13 88
11 40
90 92
53 72
37 53
20 83
19 99
42 64
1 20
44 78
1 14
57 89
58 73
85 95
25 35
6 15
23 77
4 43
87 89
8 46
0 91
97 99
48 69
20 22
33 58
16 30
51 91
1 81
17 31
41 42
27 75
12 42
18 54
14 16
15 21
64 77
44 69
83 98
18 73
24 41
20 55
60 94
57 68
0 82
22 37
14 70
20 29
37 86
48 82
53 90
54 88
50 88
77 80
74 82
5 78
55 84
9 28
38 52
10 27
6 84
19 87
18 64
68 74
66 70
58 91
19 61
44 90
0 51
33 91
20 62
3 30
60 85
45 82
63 99
3 36
30 44
36 71
39 67
82 96
8 34
52 89
31 41
28 36
0 79
11 95
27 89
1 69
52 71
31 55
75 89
67 79
13 55
44 59
0 20
7 65
23 98
2 22
41 81
55 97
68 95
36 96
84 90
94 97
35 66
71 97
27 56
59 88
10 80
60 74
28 35
58 63
59 62
23 44
6 44
30 57
36 84
16 25
50 74
63 92
13 86
29 92
3 64
12 45
64 82
77 92
5 90
6 88
50 55
1 12
69 80
57 95
8 65
43 92
85 93
35 75
32 71
48 97
24 36
1 38
6 13
47 50
32 61
72 77
39 79
4 51
1 87
13 79
27 77
9 55
75 87
3 73
43 46
49 87
7 60
8 28
13 41
37 60
18 52
5 67
19 80
14 56
58 94
44 93
0 62
89 99
70 79
96 98
9 76
51 53
73 96
4 28
37 74
35 86
62 66
81 95
37 84
2 86
52 92
17 22
31 34
13 72
61 78
12 35
1 66
53 66
76 94
44 62
5 86
55 76
16 82
44 84
20 56
60 87
34 87
35 95
2 55
22 50
98 99
27 37
4 33
86 95
52 91
15 81
95 96
61 71
27 91
33 44
73 85
88 91
1 91
52 65
8 10
63 81
37 46
26 69
53 75
36 53
4 85
17 59
13 53
44 53
7 67
1 23
49 61
67 87
56 80
14 44
18 83
69 85
58 74
21 70
2 14
35 68
26 51
56 63
13 96
6 8
28 61
87 92
2 40
0 88
11 86
27 80
9 42
38 66
10 33
2 66
63 94
29 90
40 78
10 11
15 98
30 78
55 66
5 88
38 62
67 92
30 80
44 74
7 86
42 86
46 87
23 83
8 67
64 96
58 85
4 9
19 51
20 52
59 83
60 67
25 39
9 73
27 51
4 23
37 79
19 25
22 38
61 89
11 79
27 41
74 99
62 89
38 69
39 73
36 93
31 39
11 37
29 83
18 24
42 45
12 38
65 83
28 65
11 59
9 31
4 97
25 28
66 81
39 52
30 91
44 65
42 81
53 97
68 79
66 75
13 27
43 87
33 70
89 97
60 90
23 70
19 30
