nnodes nedges type
100 800 graph
nodename posx posy weight
0 0.22212330137024502 4.405193788721638 3167
1 0.2211816923937978 5.678691705076309 1471
2 -1.0819798843283375 4.240851088202873 3503
3 1.1689469475240297 3.952406923687346 3642
4 -0.6745760673387007 4.545562631599147 1325
5 -1.11190212466927 3.922343739291675 3230
6 0.7311645715947441 2.534026165159889 2050
7 -0.05031169070031248 4.679269466885859 2681
8 -0.6789039421263883 4.967954972256889 1968
9 -0.37855721911140494 4.141715258394309 4649
10 1.54616545050766 4.607354560757344 2325
11 0.5509949936860318 4.732316681856322 3492
12 -0.028543151284329042 2.8296530274460037 1702
13 1.4259790699584214 4.393142151814257 1513
14 -0.6856556608758306 3.2742012982296016 3196
15 1.2590586043684275 3.415694705302279 4317
16 0.43565241848576786 4.353049391567167 4292
17 0.07185804701635584 4.986174621550558 3808
18 1.2815974584811494 4.592508671263671 3193
19 -0.2972643064724852 5.037762409624927 2570
20 0.7395371025624206 4.6682022529721765 3865
21 -0.13147426867409454 4.2997791733723 4981
22 -0.3932724092519669 2.864198515156941 1453
23 0.3647974467528548 3.7431677364121194 3251
24 1.3466737825956399 4.838481252203225 2702
25 2.1020520350906584 3.990013021049417 2195
26 -1.018542068412675 4.4479718261369845 1767
27 1.7893570456059926 4.4797402882106265 1289
28 1.5165527386303406 4.197272907020124 1072
29 0.639987893606325 4.278123678609622 3247
30 0.7309450927264384 3.0612292009177873 1149
31 -0.5575984151426395 5.404178409733653 3335
32 -0.32221680180421836 4.834058000430186 3327
33 1.606462643453382 3.3075311709904347 3652
34 0.016458767460617207 3.262108280163563 3540
35 -0.1426119642960873 5.327783301537338 4822
36 0.11675090276119995 4.1392697823268705 4786
37 1.6466201531781006 5.097120817878564 4470
38 -0.5131586604162219 4.998773433288176 2169
39 -0.22290896493164028 2.720878330659164 4265
40 -0.8300826333251592 3.3187623413437564 2046
41 0.47507113681415225 5.046760141911345 2838
42 1.57939308976515 2.951523614749122 3992
43 -0.6310906773627601 3.712159219247709 4553
44 1.0285016210438473 5.67215626850671 2157
45 -1.1497540078224664 4.84152391941671 2295
46 1.9838924262700095 4.220983846223125 3569
47 0.17262886877918104 2.7530155438405495 1406
48 -0.10201091397511633 3.8509593048110418 1638
49 1.012107602598729 4.1401883918654185 1219
50 -0.6162806447005829 4.237676041963388 3872
51 0.4845721318872756 3.5865927576888756 3582
52 0.9773774255098542 4.247869612843843 3182
53 -0.5866604716090272 3.4904415494335805 1477
54 0.5681630832813165 3.3363944363896323 2993
55 -0.3828875266666042 3.539735358833447 3497
56 -0.1874026373671733 3.3086921983163116 3355
57 -0.9610558964430811 3.1490860672396153 1369
58 0.89585384830269 3.733281219447878 4129
59 0.01279814689776359 3.6193259076369544 3312
60 0.6133896985841832 5.387040430774702 2238
61 1.4235489074181658 3.575633619407649 1541
62 0.3077830499813868 4.732748424592886 4169
63 0.28582901379517556 2.8625972265071775 2135
64 0.5278735469623739 4.083993155246584 3085
65 0.17458640675855744 3.909915179063407 3192
66 0.8669846303882693 4.948786879551531 2890
67 0.09825495722482269 5.271611584153536 3103
68 -0.9336259164772333 3.5966424866897997 2365
69 0.823238981018985 3.2223420929868323 1769
70 0.8880200923724244 2.729776989072613 4711
71 1.0735877351628667 2.771915487911524 1478
72 0.62898668639795 2.9107282998146027 3081
73 -0.3894322726750985 4.515922167395103 1525
74 1.4646206746401527 3.929885819294301 3728
75 0.26738728076710044 3.1727262472075606 1224
76 -0.00990057524866287 3.08131854221243 3808
77 0.24101320019856093 4.949969249923982 2085
78 0.6255632949688207 3.899340236849538 4375
79 0.28946501368947314 2.4595180071629454 3245
80 1.234716517862434 4.256732915394277 3134
81 0.8660151693486784 4.5607902434771255 3141
82 1.067103017817756 5.379299992010522 3008
83 0.39470770011606204 2.9900156612179765 2128
84 1.02315335146376 3.6147123924075086 2939
85 1.9630424891303566 3.6143041914966063 4036
86 1.6786390420793325 3.883906185917856 2604
87 0.39713448888779584 5.305803694102977 4885
88 1.2555396421789147 5.181545254502178 4080
89 0.767054027436328 3.6392208389249334 2899
90 0.7690724499981366 5.228370194380623 1529
91 -0.4932456173173341 4.695424953522987 1917
92 -0.3757277529771217 3.967668929734442 1602
93 1.102078539908137 4.901621945316163 1245
94 1.2329869732918555 2.987972556787358 2233
95 -0.8675503771615991 3.915745562155588 1286
96 -1.141147447039889 3.7937402503645345 3045
97 -0.560164169868569 3.109539799571032 4291
98 1.348567478763974 3.174589773251506 4951
99 -0.8252831329275127 4.468017172923385 1248
endpoint1 endpoint2
62 64
59 78
17 20
63 76
72 92
10 61
0 98
7 55
11 48
53 64
43 63
15 30
13 58
41 74
6 98
22 65
65 96
19 65
32 87
0 55
18 86
60 81
51 60
8 87
4 5
2 53
52 63
22 48
14 77
57 59
81 86
23 53
36 67
59 61
30 58
4 73
51 83
52 67
17 39
50 79
13 89
28 87
74 89
19 96
18 62
55 71
16 75
67 89
43 69
18 81
15 43
2 12
46 52
3 17
36 74
32 58
11 72
12 90
62 84
61 94
23 40
38 64
73 92
72 74
16 51
38 90
75 82
36 62
64 86
20 89
9 20
24 28
5 70
38 60
16 66
39 57
21 99
28 98
26 30
50 51
46 85
57 99
58 83
64 98
45 64
21 77
2 7
14 95
20 54
3 22
60 93
37 77
32 49
70 98
3 60
20 28
24 87
29 55
39 75
36 95
15 79
38 93
53 91
36 37
17 43
11 61
9 29
24 99
15 19
13 63
65 75
44 67
40 99
68 73
16 95
13 25
43 73
85 98
24 47
71 83
18 93
10 78
80 89
2 56
26 45
12 72
36 70
63 78
55 61
11 92
27 70
39 94
51 76
41 63
11 50
3 88
30 64
42 70
55 72
48 61
69 78
43 78
44 80
83 87
21 57
4 7
59 89
9 67
82 90
28 34
2 45
58 62
62 83
16 24
73 89
51 85
52 77
49 69
7 46
13 87
78 95
40 75
43 54
76 81
54 97
56 84
2 16
41 91
83 92
32 96
47 66
16 99
35 72
85 94
24 35
27 62
45 95
62 90
12 84
24 82
23 42
6 38
11 32
18 29
74 78
75 84
42 46
40 50
36 56
54 70
43 47
17 48
14 17
38 50
10 17
8 97
15 20
56 91
19 81
11 28
66 76
58 81
5 8
46 61
96 97
9 77
3 24
57 75
23 69
47 56
73 97
28 48
70 78
26 32
0 83
22 58
34 95
11 67
59 77
21 31
61 79
54 89
28 93
29 73
55 87
67 73
56 98
11 21
29 99
7 75
12 22
68 75
10 98
16 81
44 91
32 84
14 36
18 91
51 59
84 92
52 60
62 68
9 88
73 76
86 94
28 37
0 64
55 63
9 34
30 55
51 78
52 64
78 90
11 52
26 68
42 58
74 90
6 76
53 76
22 99
19 95
47 89
45 57
55 96
47 71
71 74
69 86
23 91
15 46
36 97
80 82
52 59
0 33
2 43
29 33
62 81
9 43
25 65
8 48
15 69
13 85
17 27
63 95
90 91
49 93
24 25
48 54
6 89
45 50
51 99
64 73
31 99
22 92
11 25
7 87
83 94
0 2
9 96
18 77
23 80
21 64
71 89
59 80
1 37
61 90
33 63
16 17
30 33
39 78
51 92
52 86
8 55
50 66
13 78
29 84
75 86
4 90
51 66
31 66
28 64
29 78
27 98
66 80
8 99
39 53
20 67
41 66
53 98
16 92
20 50
69 98
1 62
21 51
50 99
32 53
20 24
3 32
52 93
2 87
34 55
35 38
26 81
24 65
75 79
33 42
4 65
51 75
50 87
18 44
14 30
38 43
52 97
13 59
76 95
1 29
66 69
65 97
19 62
0 54
46 74
71 79
60 80
43 99
34 84
26 41
14 76
53 63
9 94
1 41
3 41
27 36
62 74
95 99
36 66
25 84
15 80
13 64
27 90
73 84
1 90
52 66
8 11
34 40
31 48
78 88
11 54
50 78
74 88
40 72
39 43
22 97
13 52
48 49
3 98
16 74
17 92
56 81
0 13
47 65
69 84
57 91
21 69
80 84
3 46
71 98
47 54
11 73
25 71
38 67
23 41
36 87
4 55
15 71
8 50
29 89
9 51
4 93
9 21
64 75
7 81
5 97
26 59
9 72
60 92
10 70
57 70
38 96
37 78
2 32
35 82
59 72
24 86
10 41
50 64
7 35
38 92
40 54
4 68
8 31
77 82
14 21
30 88
64 66
56 95
20 77
14 63
18 66
58 93
19 59
34 97
33 69
20 60
68 86
69 96
1 60
15 36
21 49
63 97
20 26
62 65
25 81
15 85
61 75
51 77
10 58
0 99
7 54
28 89
29 69
5 73
89 93
12 52
43 62
64 89
65 77
41 73
0 18
12 18
45 60
1 19
23 96
16 85
44 87
7 93
83 84
46 72
14 40
3 5
18 87
1 53
8 88
21 58
52 56
26 55
22 49
5 7
20 33
12 70
59 70
75 96
82 93
32 36
12 92
59 60
62 82
54 84
1 88
17 38
13 88
29 94
11 40
18 37
3 94
54 78
30 74
76 80
77 94
42 64
1 20
67 88
22 89
7 90
41 84
24 60
58 73
21 67
4 13
80 86
35 73
21 45
4 43
34 71
3 54
27 85
24 81
40 43
39 77
6 33
10 44
15 65
17 31
13 81
14 97
16 52
36 63
8 26
18 54
16 67
15 21
79 97
42 85
46 90
12 30
1 7
58 80
56 64
2 4
24 41
5 9
27 52
59 84
23 74
47 57
21 54
19 26
0 82
61 86
11 64
29 54
24 88
16 21
6 24
15 78
7 29
31 32
29 80
9 58
23 30
49 74
78 82
53 68
10 27
19 87
11 18
19 61
93 94
23 67
34 89
8 34
48 73
9 35
6 53
40 63
36 45
7 48
74 93
16 56
42 61
43 48
30 65
65 67
92 93
23 98
58 98
22 68
44 81
0 10
39 98
80 81
34 80
26 53
22 55
14 80
10 80
47 53
8 41
48 64
29 34
9 36
23 44
13 86
9 14
75 94
3 64
36 50
8 21
64 82
31 90
28 72
20 93
66 88
17 80
22 95
50 55
83 95
57 95
19 49
85 93
48 97
14 91
9 75
27 49
47 50
34 69
35 81
48 71
5 40
33 56
36 83
34 63
7 38
5 50
29 85
35 62
9 55
74 79
16 54
38 89
71 81
53 95
1 73
42 47
8 28
50 95
37 60
6 83
39 58
20 66
7 77
42 83
46 88
41 67
16 91
58 94
22 72
14 34
18 97
60 88
47 59
37 74
28 49
35 86
32 52
61 84
3 33
16 23
39 68
4 58
37 84
15 72
0 74
48 84
5 59
75 76
3 78
7 53
12 57
3 84
10 25
15 28
39 51
76 94
0 31
21 83
2 29
62 99
71 76
2 55
43 96
52 61
35 95
14 79
5 26
59 69
10 87
23 59
27 37
31 43
13 65
5 36
16 36
41 60
78 91
37 46
43 50
49 91
31 95
11 13
20 80
55 69
12 14
67 87
17 93
19 68
41 87
7 89
68 89
69 85
8 92
35 68
22 53
46 54
62 76
27 58
3 47
4 40
32 56
5 45
27 80
16 27
6 34
81 99
10 33
63 94
5 55
13 84
18 33
40 78
49 92
48 55
6 94
47 97
10 21
51 98
66 86
30 80
39 63
20 69
14 55
69 94
0 57
20 52
10 89
38 99
21 41
34 67
0 95
72 79
36 93
7 32
63 71
3 75
49 85
31 77
78 79
40 91
3 81
66 81
25 28
16 71
20 76
42 81
68 79
69 71
56 68
33 70
3 29
51 55
4 30
28 51
