nnodes nedges type
100 800 graph
nodename posx posy weight
0 -0.8232029301545999 1.3026733146211043 1508
1 -0.3659482208423345 1.7317385244430903 1807
2 -0.5663404237751363 0.7375862428663191 2479
3 -2.145500357728229 0.7461810772770491 1265
4 -0.2711841701021256 2.831078723598347 2575
5 -1.3978742680072205 1.4299437630374052 3748
6 0.3455387330195867 1.215360326160631 3224
7 0.10189424669090259 2.860855439835588 3480
8 -1.2000393657875383 0.7280829790426121 1245
9 0.6835284487207717 2.2307911395038795 3216
10 0.947728824786947 1.4482518435075618 3966
11 0.2929994289605403 1.8840284309382718 1069
12 0.6914482181057432 1.7725397804126004 3792
13 -1.920119703656083 2.077190770165064 1205
14 -1.7759276908454904 1.8201559072264188 4541
15 -0.9507772499672982 0.38756769857935114 4298
16 -0.2833197215702674 2.025559941446076 3384
17 -0.7063262131733721 1.774390522456336 2095
18 -0.032693884260417756 2.079347741450836 4481
19 -0.9335052015794036 1.5956126577077305 4068
20 -0.8973726887616588 2.52141061188961 3820
21 -1.1909712328903106 1.867009558550239 1912
22 -1.1322756977675519 1.4363411488320514 4181
23 -0.05636201037333029 0.8922558550489798 4584
24 0.3212954578412805 2.791515302844851 1350
25 0.32266706536200435 1.7080038746336317 1938
26 -1.4371654617568466 2.8708008577522626 2715
27 -1.427230894965374 0.7050606655291003 1327
28 -0.5387376187451955 3.118318575032395 1793
29 -1.1085213534071598 1.1740122863478213 4074
30 0.015492892109466921 0.5310079149223087 3714
31 0.33630077033360845 2.190734690103769 3385
32 -0.7455069417223856 2.6591363821006135 2169
33 -0.9646093722480387 3.1400972567813805 2002
34 -1.7295282455491474 1.3610518167164938 4640
35 0.7167718312495772 1.3568249444229825 2967
36 -0.3109313170443428 0.35152720846593044 1516
37 -1.1693561312747924 0.21476837284601624 4044
38 -0.759526624348331 3.1407989601207986 1246
39 0.6056520903305284 2.4579969319269845 1922
40 0.6088633447765319 1.5696485025596265 2491
41 0.27380122923409206 0.728154261820322 3894
42 -1.2550846321801934 2.3515701377699276 1042
43 -1.8451047314092035 0.7641216553652558 1969
44 -0.4412030582572081 2.238570835308831 1436
45 0.972167845104455 1.7390123711970835 3731
46 0.638040973372951 2.080788604094487 4644
47 -0.620198286756563 1.1583110535650216 2057
48 0.9719690243327421 2.263222205008313 1423
49 -1.2994485401130833 1.656706685456203 4158
50 -0.032413162366267186 2.452728595050627 4237
51 -1.551027054761206 1.9784729862094401 2192
52 -0.69290490871226 0.6407977091154472 4808
53 0.1400801972335987 3.0112251253059816 3275
54 -1.6278535223629473 1.1534259283254022 1375
55 -1.8653582871178453 2.7305175261078176 3240
56 -0.07456840069126956 1.7660233977779396 2544
57 -2.131617375304686 1.7695078578363097 3962
58 0.10729145726385089 0.9922813625376555 4937
59 -1.086873037288963 2.342555473585335 4081
60 0.11893748788437113 1.5819058533567392 3312
61 -0.9237072645306542 0.7360894198795352 4245
62 -0.8011366645498612 0.31643753747180764 3239
63 0.7270996583012087 0.6485392689342779 4407
64 -0.24857099384186274 2.4512634491385596 2892
65 -1.4041964839175354 2.1830009755456476 1107
66 -1.5831242100955165 1.5686332864271255 4416
67 -0.6355859841702886 1.3786346105337268 3387
68 -0.566036708832267 3.3651243482027553 3664
69 -0.5276827544255237 1.9403104987633883 2519
70 -0.6818396089919688 2.2213390183668635 2484
71 -0.05666677966625735 0.19535375506188535 1089
72 0.5035817916232322 1.0600119044425884 2138
73 -0.9868497986359925 0.9213723812465102 3389
74 -1.3184458060728859 3.0365539124741088 4686
75 0.6750290942149793 1.119315743753635 3187
76 -1.3478671243866631 2.6674737640490243 1174
77 -1.5705610167755957 2.6666183716023544 3809
78 -0.40868634140329685 1.5127794520233058 3596
79 0.17297778718004345 2.072327318279182 1188
80 0.2199858279967674 2.5353387717816265 4279
81 -1.1333651533624485 2.8080485124228676 2580
82 -0.13853567493805066 1.0430327543318745 1233
83 -0.2530833297949782 1.3585722876080084 3341
84 0.42172010664945486 0.7466693299309343 1940
85 -0.7092660383639224 2.1329706510807664 3176
86 -1.9112777564449832 2.227646375652923 1219
87 0.5125996155466029 2.592804297772447 4286
88 -1.5946629800872836 1.769936464316395 1852
89 -1.5676727812252165 1.0046354052173947 4502
90 -0.43580803025811016 2.7690172945800375 3618
91 -0.3241473399703799 0.9617243448264204 2903
92 -1.5284784756767844 2.396605648396215 2424
93 -1.3626362770354148 0.5115458697728468 3967
94 -0.4808596769114815 0.26924293770700447 1888
95 -0.31587208381904164 0.6316464782698019 1471
96 -0.265880431977597 2.977157388214043 3778
97 -0.5341688117998031 2.656892012001442 4990
98 -2.0106999030705563 1.0725833833291911 2256
99 -0.01582384601973785 1.2218287800725862 2398
endpoint1 endpoint2
14 74
29 50
61 82
59 78
23 60
86 90
37 82
2 84
11 90
35 41
38 86
6 54
17 46
7 55
89 94
6 72
30 66
7 68
5 84
47 93
88 98
56 75
22 65
2 27
19 65
0 55
46 75
59 97
15 34
39 97
45 78
52 63
85 87
5 24
10 85
60 79
6 23
95 98
26 89
33 34
1 89
13 89
28 87
37 44
29 95
42 57
19 96
28 77
9 19
5 93
67 89
22 88
47 64
16 97
15 43
80 85
43 91
26 49
0 36
60 70
1 33
47 49
34 70
11 72
61 94
27 82
16 29
81 97
8 51
50 70
17 24
29 88
79 82
40 48
12 41
17 50
13 44
44 46
76 78
42 74
5 70
56 89
41 94
12 29
27 31
66 78
58 83
32 91
20 54
9 79
45 90
35 85
26 34
61 87
12 81
62 95
27 43
6 27
81 90
5 62
26 85
18 22
7 56
65 81
24 99
89 91
55 85
67 71
64 67
31 85
15 19
44 67
0 28
91 93
66 73
21 86
30 99
56 70
2 30
13 25
93 95
19 58
18 93
23 64
19 32
11 70
3 37
9 90
33 53
23 62
6 18
30 47
32 46
63 78
26 92
24 68
4 76
51 76
69 97
40 68
3 88
43 49
19 93
26 96
44 58
7 70
49 56
21 95
22 71
17 88
2 25
51 62
8 89
58 79
19 41
34 83
35 67
22 54
70 92
27 57
1 46
81 84
37 89
7 16
22 40
0 69
27 95
88 95
49 69
31 61
28 81
75 95
16 62
53 87
30 75
31 91
28 79
55 65
16 77
31 97
22 94
44 79
41 91
83 92
46 80
1 13
45 69
43 93
35 72
85 94
5 15
70 87
71 95
46 58
14 90
6 12
21 44
47 51
29 60
21 22
4 50
51 90
1 80
52 84
7 39
36 82
9 48
40 50
6 56
38 88
13 42
31 64
77 86
9 26
56 91
79 96
11 28
14 59
47 75
12 31
69 90
1 6
8 71
5 8
70 78
59 87
6 7
73 97
4 19
28 48
34 95
61 85
12 83
33 50
81 88
6 25
34 57
2 89
52 83
48 83
51 73
10 62
38 53
40 95
91 95
33 96
48 56
18 65
8 78
15 59
19 60
62 98
60 86
21 62
59 66
6 16
21 24
73 76
8 35
63 72
29 40
76 96
11 94
6 42
7 51
37 47
11 52
26 68
74 90
64 92
13 54
19 95
39 41
7 64
42 68
55 74
49 62
2 23
55 96
18 82
1 10
69 86
68 88
80 82
84 91
32 65
13 97
22 52
72 97
82 88
34 75
58 60
15 95
7 18
2 43
61 65
11 87
4 53
7 40
63 95
6 71
53 85
54 77
4 83
12 46
8 22
30 73
15 99
9 23
24 25
45 50
66 89
67 93
39 60
22 92
30 83
50 52
47 76
3 15
9 96
23 80
67 99
21 64
0 56
32 88
14 88
25 32
57 64
21 42
28 59
19 22
26 39
7 11
22 33
11 76
23 36
72 78
39 78
40 46
51 92
41 47
74 76
50 92
41 49
31 66
11 56
24 96
42 54
66 80
39 53
42 80
40 96
68 78
69 88
16 92
19 57
46 67
20 50
23 71
20 24
11 69
25 83
6 31
23 61
61 77
23 27
75 79
16 46
4 65
1 65
0 97
42 49
14 30
55 81
17 65
48 58
5 85
16 83
56 74
14 42
60 80
58 64
84 94
32 76
70 89
24 72
4 72
36 40
52 66
63 80
78 88
9 10
36 54
17 58
28 76
17 92
49 60
56 81
67 86
2 21
16 96
21 69
36 99
87 97
2 15
24 32
70 80
1 34
60 69
72 99
36 73
87 95
15 89
22 44
11 73
3 52
16 28
30 60
51 89
2 67
14 99
16 50
36 61
17 51
30 79
49 83
18 56
0 4
41 95
14 52
18 75
57 92
43 81
32 90
0 58
5 11
70 75
20 53
9 72
1 59
45 91
80 97
14 64
11 78
61 88
39 72
1 84
41 45
22 25
31 38
18 25
53 92
51 68
17 52
11 58
58 93
43 86
0 49
92 98
46 65
69 96
25 47
58 71
23 65
45 84
29 49
9 91
36 69
8 32
63 79
48 87
39 95
49 77
41 56
29 69
67 77
39 44
0 18
5 83
6 99
47 92
88 99
67 83
22 70
0 8
83 84
41 83
3 5
71 73
10 72
18 87
52 56
35 64
12 70
10 82
6 20
2 44
27 92
6 46
1 88
2 70
50 76
54 78
4 80
65 70
44 48
45 53
17 82
22 89
56 83
35 99
44 78
7 90
0 37
46 53
61 99
60 71
25 35
1 32
47 48
36 75
15 91
32 59
22 34
29 61
11 75
12 91
25 69
38 65
81 96
51 91
54 65
64 87
44 47
10 16
16 67
17 75
21 98
46 90
47 72
14 58
18 73
64 99
19 52
85 88
0 60
35 78
46 60
4 18
19 26
14 70
11 64
39 74
16 43
3 76
28 92
20 97
78 82
18 49
77 80
14 27
6 84
5 78
17 76
11 18
20 79
33 97
47 81
18 64
66 70
30 96
85 97
32 83
24 48
23 67
58 69
45 82
0 41
70 90
25 87
86 89
34 51
8 34
0 79
2 83
9 35
24 69
38 85
54 83
4 77
51 79
49 67
52 71
50 83
41 62
35 48
74 93
67 79
20 86
44 59
69 77
67 85
56 78
44 81
42 97
25 54
15 47
21 56
45 75
52 58
94 97
62 78
53 59
60 74
10 80
2 42
48 64
16 25
38 76
31 60
18 35
4 82
36 50
30 72
42 78
5 90
17 80
67 90
31 96
68 70
1 12
25 63
67 96
21 65
27 49
37 65
26 38
0 93
7 8
22 32
29 59
61 91
77 97
15 67
13 79
29 85
11 35
42 47
75 87
72 83
3 73
36 57
7 60
77 85
24 31
8 98
21 96
64 79
53 99
58 94
13 29
34 98
33 64
70 79
25 42
57 74
86 98
28 49
52 54
0 84
22 59
5 17
24 90
6 30
15 72
32 42
35 39
27 66
38 80
50 86
13 34
41 59
20 99
55 86
38 42
53 66
10 25
67 72
29 98
55 76
46 99
45 63
1 30
10 99
21 83
22 67
32 85
24 50
20 56
98 99
5 26
12 75
1 42
52 91
34 49
61 71
76 97
30 52
36 47
4 79
78 91
9 11
18 38
3 93
49 91
31 95
42 69
45 56
1 23
16 73
49 61
22 90
2 20
44 83
0 12
33 82
18 83
23 90
15 41
0 34
91 99
71 99
1 35
82 89
21 32
2 40
58 61
25 64
73 94
52 72
8 49
5 55
79 80
11 44
40 78
53 84
10 11
17 60
40 84
6 94
56 87
44 74
50 53
14 55
46 87
27 29
58 85
64 96
21 79
43 94
0 57
24 38
20 52
9 73
23 73
80 96
93 98
35 83
2 35
61 89
29 57
8 56
41 46
29 83
9 53
16 40
6 63
23 29
12 38
10 50
4 91
49 85
28 65
11 59
42 55
38 49
15 17
67 69
19 82
44 65
69 71
15 63
32 80
92 97
24 45
33 70
20 51
51 55
23 70
37 72
