nnodes nedges type
20 100 graph
nodename posx posy weight
0 -0.8377035982487285 -1.3444439736164677 17
1 -1.655199302369207 -2.0265179407246254 86
2 -1.0998307218666106 -0.5754705609095911 3
3 -1.4103406272639696 -1.492538212482661 10
4 -0.5163440278111224 -2.244250003564583 51
5 -0.8410052656033811 -2.3266771752598223 22
6 -0.5351412679660643 -1.8987087740926216 64
7 -2.038744756933349 -1.685555479956006 41
8 -0.07032008979182001 -1.9250654680626473 64
9 -0.05763640455592396 -0.8238586305503078 63
10 -1.6368002984516816 -1.256549597736675 76
11 -1.5395266441680824 -2.442441455677634 25
12 0.2914833502935467 -1.6199384431085342 69
13 -1.0516099611316858 -2.7284450369326785 28
14 -0.20526137903334404 -2.7871989607352043 26
15 -1.0850287067644189 -1.915508503336374 83
16 -0.150944153295367 -1.2222923703254294 79
17 -0.5833039492944129 -0.5738203622455051 22
18 -0.8981002088982776 -1.1220230380831095 31
19 -1.90221733831813 -0.7002955212983286 80
endpoint1 endpoint2
18 19
1 6
0 10
3 7
1 11
5 8
6 10
5 18
10 18
0 17
7 19
12 17
0 4
5 11
10 13
4 16
14 15
2 17
0 1
17 18
8 12
4 15
3 18
8 18
6 13
11 15
15 16
6 16
2 18
3 11
1 15
8 9
3 17
6 14
7 15
1 5
1 10
6 11
10 19
12 18
0 5
0 8
4 11
3 5
5 7
7 17
0 2
3 15
1 3
8 13
4 8
2 8
9 18
15 19
7 11
6 17
16 17
2 19
0 15
1 14
4 13
3 16
8 16
11 13
12 14
2 3
6 8
5 16
0 19
1 18
0 6
1 7
0 9
3 4
9 12
4 7
10 11
5 6
0 16
12 16
0 3
1 2
8 14
4 9
2 9
5 12
9 17
7 10
11 18
2 16
3 13
8 11
4 14
2 10
9 10
5 15
6 12
12 15
13 14
0 13
