nnodes nedges type
20 100 graph
nodename posx posy weight
0 -3.6089027982064663 -0.4070423508210098 47
1 -4.107516638056694 -0.19245127835869663 36
2 -2.9548767719061146 -0.028894080149718625 70
3 -4.606806428815055 0.32869057195048224 63
4 -3.2849700298734987 -1.3208453950474877 80
5 -3.8245403696051694 -0.9297179445136288 96
6 -3.061243360574271 -0.47533895636712936 12
7 -4.175020764680695 -0.8218449773861286 79
8 -4.661710289685738 -1.5437049954240714 79
9 -4.676190333152992 -0.14026761094330187 13
10 -3.2151694848689183 -1.8669484858865149 14
11 -3.6056927989086285 0.3124201431414136 66
12 -4.508856383758623 -0.5430562743333406 83
13 -3.835371580817683 -1.440739374215884 11
14 -4.040751370184554 -1.8159573725680238 61
15 -4.363611276418771 -1.1582217584466596 89
16 -3.3297745215181833 -0.6522408611505308 1
17 -3.8949180407484656 0.08129363799039926 37
18 -2.96277818748497 -1.0065614232144502 14
19 -4.966441868218504 -0.8416627647487219 28
endpoint1 endpoint2
7 12
1 6
0 10
3 7
1 11
5 8
6 7
14 18
5 18
10 18
0 17
12 17
0 4
4 10
2 6
5 11
4 5
4 16
9 16
14 15
17 18
3 12
8 12
4 15
2 11
11 15
9 19
15 16
2 18
3 11
1 15
8 9
3 17
6 14
12 13
1 16
1 5
0 11
6 11
14 19
7 18
0 5
13 19
3 5
5 10
4 6
5 7
4 17
7 17
0 2
1 3
4 8
5 13
8 19
15 19
6 17
16 17
8 10
4 13
2 13
9 11
7 14
6 18
12 14
0 12
3 9
5 16
10 16
0 19
7 13
13 18
1 7
2 4
4 7
5 6
4 18
5 19
7 16
12 16
0 3
1 2
8 14
2 9
9 15
5 12
9 17
15 18
11 18
2 16
17 19
1 13
4 14
5 15
3 19
6 12
11 12
7 9
11 17
0 13
1 8
