nnodes nedges type
20 100 graph
nodename posx posy weight
0 -3.6168327299347633 2.371672709723804 44
1 -3.380691296425722 1.9454130999584174 76
2 -2.5016772659324706 1.649700091815418 65
3 -3.1102431651432365 0.9412488578847646 34
4 -1.6982906520481307 1.3018956298550117 61
5 -2.0704561637918952 1.035207128948298 48
6 -2.582843763139944 2.6800006622669637 64
7 -1.882663281972846 2.0478512369447555 67
8 -2.7284703403111012 0.9749079203725621 97
9 -3.234248484485551 2.646363900073817 95
10 -3.041701962612141 1.3704515222672968 85
11 -2.906546665228841 0.46965431562214727 9
12 -2.7858688252089547 2.1642138170069805 31
13 -2.060536969624422 0.6580631849851453 48
14 -1.65671506937306 2.494521088627515 41
15 -2.772609880534814 1.8538278566118418 75
16 -3.5704134744144977 1.402148282326131 57
17 -1.4466494472044618 1.6720122180747272 81
18 -2.3669631266497055 2.355537230098644 78
19 -2.185522459519938 1.3973802148440646 38
endpoint1 endpoint2
14 17
6 9
7 12
1 17
13 17
1 6
0 10
2 5
5 8
6 7
14 18
5 18
10 18
8 15
4 10
2 6
5 11
9 16
14 15
16 19
17 18
1 12
2 11
3 18
15 16
6 16
11 16
3 11
8 9
2 12
6 14
7 15
13 16
1 10
14 19
5 17
10 19
0 18
7 18
12 18
3 5
2 7
5 10
4 6
5 7
4 17
0 2
3 15
1 3
4 8
10 15
9 18
15 19
11 19
2 19
0 15
8 10
4 13
2 13
3 16
8 16
6 15
11 13
7 14
6 18
12 14
13 15
0 12
2 3
1 9
2 14
10 16
7 13
12 19
1 18
0 6
3 4
2 4
9 12
4 7
10 11
0 16
1 2
9 15
5 12
10 12
15 18
7 10
17 19
8 11
4 14
2 10
5 15
3 19
8 17
6 12
11 12
7 9
6 19
1 8
