nnodes nedges type
20 100 graph
nodename posx posy weight
0 1.6583331133549082 2.533757125302439 19
1 0.7353856622955637 0.802060118431367 50
2 0.9077828982362384 2.899295935955865 24
3 2.1691495951447126 1.4932746399309569 78
4 1.2076553366568301 2.1256371429914775 4
5 0.3220411911424783 2.701658075570776 71
6 1.2530194340508702 1.613891120186708 28
7 0.28009763927758075 1.3361787204125724 61
8 0.12912232861057985 0.6591882174224406 68
9 1.6649947714237627 2.0243545563943988 43
10 1.2157451317595886 0.5087390232665802 35
11 1.555537436178656 1.2441006245272461 52
12 -0.36139461594523486 1.284889457630073 52
13 0.6524511538396909 2.412520267869022 40
14 1.3065300290437851 1.0491335161476805 82
15 0.5514481425709835 1.80295016310949 78
16 -0.20882172408901947 2.071234510810988 13
17 0.7940517487229897 1.504695644016159 5
18 0.12048867564232366 1.863419644578858 37
19 0.8016435529696607 1.9060608640552532 2
endpoint1 endpoint2
6 9
14 17
10 17
7 12
13 17
18 19
2 5
1 11
6 7
4 19
14 18
5 18
6 10
0 17
12 17
0 4
9 14
4 16
16 19
2 17
17 18
1 12
8 12
4 15
10 14
6 13
11 15
9 19
7 8
15 16
6 16
3 11
1 15
6 14
7 15
12 13
13 16
0 11
1 10
14 19
5 17
7 18
12 18
1 19
0 5
2 7
9 13
5 7
4 17
7 17
0 2
5 13
10 15
8 19
7 11
11 19
2 19
3 10
8 10
2 13
9 11
8 16
6 15
6 18
13 15
1 4
3 9
1 9
5 16
0 19
12 19
0 6
13 18
1 7
3 4
2 4
5 9
4 7
10 11
4 18
5 19
7 16
0 3
3 14
8 14
9 15
9 17
7 10
11 18
17 19
4 14
5 15
3 19
8 17
6 19
11 17
13 14
0 13
1 8
2 15
