nnodes nedges type
20 100 graph
nodename posx posy weight
0 -0.6548959223874788 1.1979877252183446 22
1 -2.3273332993692204 1.4277121916734352 83
2 -0.18440943492491743 1.740911737832901 17
3 -2.0992393795598057 1.660016170524592 58
4 -1.495407978784334 0.8968804447389864 79
5 -1.3745054492435929 2.3432370978031667 99
6 -1.2388342563998787 1.826686547724897 98
7 -0.8894407278142135 1.798460716799948 30
8 -1.7716300773242863 0.8089907588059077 33
9 -1.081295159594018 1.1240595133896276 34
10 -1.8955311235045134 2.7510604358630446 24
11 -1.331116627336314 1.3837227630373223 69
12 -0.7979107951480873 2.1211767725163337 10
13 -1.9268449215186638 2.325274088230643 22
14 -1.647340776247922 2.092504258416657 84
15 -0.8266500476484044 2.8632988519707574 68
16 -2.6444494254089737 0.6066709526799563 59
17 -1.8089754579459618 1.2810609971968432 87
18 -0.8485688951688803 0.6497396161765491 79
19 -2.4490687962566393 2.03198555807229 84
endpoint1 endpoint2
14 17
7 12
0 7
13 17
1 6
3 7
2 5
1 11
4 19
6 10
0 17
12 17
0 4
2 6
9 14
4 5
4 16
14 15
17 18
3 12
8 18
7 8
2 18
0 14
3 11
8 9
4 12
2 12
3 17
6 14
7 15
12 13
1 16
1 5
0 11
3 6
1 10
5 17
10 19
0 18
12 18
13 19
0 8
4 11
3 5
2 7
9 13
5 10
4 17
7 17
0 2
8 13
5 13
10 15
11 14
9 18
7 11
6 17
16 17
3 10
1 14
3 16
6 15
7 14
6 18
13 15
1 4
0 12
3 9
6 8
0 19
7 13
1 18
0 6
0 9
3 4
2 4
5 9
4 7
10 11
5 6
5 19
3 14
8 14
4 9
10 12
9 17
11 18
17 19
1 13
8 11
5 15
3 19
11 12
7 9
6 19
12 15
3 8
1 8
2 15
