nnodes nedges type
20 100 graph
nodename posx posy weight
0 1.9011871119772494 2.57576659895959 82
1 2.3539464658573146 3.183947639212108 39
2 1.3131506677153415 2.152597726691945 83
3 1.1185912049672289 2.6624430689312923 17
4 2.359208365074967 3.8772890162186218 65
5 2.1165069368665046 3.415888737869079 74
6 1.5758652094724097 3.52361577786644 6
7 1.6889303633241723 4.314769764583834 12
8 3.0986482058642575 3.5572989861928237 21
9 1.7275262848025814 2.892455945090188 18
10 2.397209983617058 2.321981688608141 55
11 1.7625644744659452 3.19222144543979 24
12 1.1775619831223725 4.0607404530542075 65
13 2.914358794394095 2.6276241520301915 92
14 2.9739754044182716 3.1709418262059663 9
15 1.9719856004310807 4.146707338381484 72
16 1.0818775657404824 3.547099520492196 2
17 0.9048877787993497 3.074463371419602 16
18 2.8927598160729278 3.954887551445769 4
19 0.6662044301008041 3.2164542065684065 16
endpoint1 endpoint2
6 9
7 12
3 7
5 8
6 7
14 18
6 10
5 18
0 17
12 17
0 4
4 10
2 6
9 14
5 11
10 13
4 16
14 15
16 19
2 17
0 1
1 12
4 15
2 11
5 14
10 14
11 15
9 19
15 16
6 16
11 16
3 11
1 15
4 12
3 17
1 16
1 10
5 17
0 18
7 18
0 5
3 5
9 13
5 10
4 6
5 7
0 2
1 3
8 13
4 8
5 13
11 14
7 11
6 17
11 19
16 17
1 14
3 16
6 15
11 13
1 4
3 9
2 3
1 9
6 8
0 19
12 19
1 18
13 18
9 12
5 9
4 7
5 6
4 18
5 19
0 16
12 16
0 3
2 9
9 15
5 12
9 17
15 18
2 16
1 13
8 11
4 14
2 10
9 10
5 15
3 19
6 12
11 12
15 17
6 19
7 9
11 17
13 14
0 13
1 8
