nnodes nedges type
20 100 graph
nodename posx posy weight
0 -0.2139410485108405 1.6911603265386137 22
1 -1.3709795091753183 1.432273801761477 77
2 -0.6670745572127532 -0.599430443389646 6
3 0.4643526250856305 0.746733041531095 48
4 0.12701680299079735 0.987885560724615 51
5 -0.3569042712635478 1.0088288867455177 84
6 -0.32165953194320634 0.467983131436208 16
7 0.8397694700929133 1.3981527433698335 2
8 0.4725741706198018 -0.3697432697854543 8
9 -0.7874781966979006 1.4080466387920116 1
10 -0.2092647007711766 0.681832034115377 27
11 -0.14539394444065976 -0.02950823230871792 72
12 0.35424376612774944 1.451863279045757 34
13 0.4461963472407647 0.23601662433647286 43
14 -0.9555072523095584 0.12374140513731856 44
15 1.1752309652759465 0.3594460028980033 79
16 -0.0072591624206096465 -0.1500614959045491 97
17 -1.1055822255052317 0.7452528077528148 10
18 0.6475259154336376 0.5414662703779899 60
19 -0.7102060194490102 0.5627464351500833 23
endpoint1 endpoint2
10 17
7 12
1 17
0 7
13 17
18 19
1 6
3 7
5 8
6 7
4 19
14 18
0 4
8 15
2 6
5 11
4 5
4 16
9 16
16 19
0 1
3 12
4 15
2 11
5 14
8 18
6 13
11 15
9 19
15 16
6 16
0 14
3 11
3 17
6 14
7 15
12 13
13 16
1 5
3 6
14 19
5 17
0 18
7 18
12 18
1 19
0 5
13 19
4 11
3 5
4 6
5 7
4 17
3 15
8 13
2 8
5 13
6 17
11 19
2 19
3 10
8 10
4 13
9 11
3 16
11 13
13 15
0 12
1 9
2 14
6 8
5 16
14 16
12 19
0 6
0 9
3 4
9 12
5 9
4 7
10 11
5 6
4 18
0 3
5 12
10 12
7 10
15 18
11 18
16 18
2 16
8 11
4 14
2 10
9 10
3 19
6 12
6 19
12 15
3 8
