nnodes nedges type
20 100 graph
nodename posx posy weight
0 0.586230080698314 0.009216329347388736 68
1 0.05130588616216886 -0.21275453768384042 48
2 0.6793300448199184 -1.0298805069788155 99
3 1.1184646113479118 0.3985546858668465 65
4 -1.2552019221411597 0.038899681770606424 37
5 0.1482110806251883 -1.2934111384980778 57
6 -0.30523858904376383 0.6156447367184631 42
7 0.10174726937182056 -0.9634871812186342 15
8 -0.3351092826291759 0.18597948356762845 11
9 0.1611231837788236 0.6206284279590129 95
10 0.2928067204667232 0.9126759637872304 93
11 0.8566723596727395 -0.5743962539638924 20
12 0.4190263305554448 -0.3696670106629291 45
13 -0.43599702520352074 -0.8293077081855846 22
14 0.42710164797733835 0.2283840219635624 59
15 -0.8663205156628097 -0.14351496547557227 23
16 -0.6739602655993647 0.5967205794496642 47
17 -0.8407463214440122 -1.0825301156705494 93
18 0.9777285984900851 -0.13405607100009215 6
19 -0.3171873682777133 -0.3025821799659608 63
endpoint1 endpoint2
6 9
1 17
0 7
13 17
1 6
2 5
1 11
4 19
6 10
5 18
14 18
10 18
7 19
8 15
5 11
4 16
9 16
16 19
2 17
3 12
1 12
8 12
3 18
10 14
8 18
6 13
9 19
2 18
3 11
8 9
2 12
6 14
12 13
1 16
1 5
0 11
1 10
14 19
6 11
5 17
10 19
7 18
12 18
0 5
0 8
4 6
4 17
7 17
1 3
4 8
5 13
10 15
8 19
11 14
9 18
15 19
7 11
11 19
2 19
0 15
3 10
4 13
2 13
9 11
8 16
6 15
11 13
7 14
6 18
13 15
0 12
3 9
2 3
1 9
2 14
6 8
14 16
10 16
0 19
12 19
1 18
0 6
0 9
9 12
7 16
12 16
0 3
3 14
1 2
8 14
4 9
9 15
5 12
10 12
5 15
8 17
11 12
15 17
13 14
3 8
