nnodes nedges type
30 49 graph
nodename posx posy weight
0 0 0 54
1 1 0 59
2 2 0 15
3 3 0 23
4 4 0 65
5 5 0 35
6 0 1 46
7 1 1 46
8 2 1 22
9 3 1 36
10 4 1 34
11 5 1 68
12 0 2 62
13 1 2 98
14 2 2 100
15 3 2 93
16 4 2 50
17 5 2 43
18 0 3 95
19 1 3 56
20 2 3 3
21 3 3 68
22 4 3 66
23 5 3 60
24 0 4 58
25 1 4 66
26 2 4 67
27 3 4 21
28 4 4 51
29 5 4 81
endpoint1 endpoint2
10 11
22 23
28 29
2 8
8 9
15 16
18 19
1 2
8 14
16 17
20 26
6 7
9 15
12 13
20 21
21 27
25 26
16 22
19 25
17 23
3 4
22 28
27 28
4 10
5 11
4 5
18 24
23 29
9 10
12 18
3 9
2 3
14 15
13 19
6 12
14 20
19 20
0 1
11 17
26 27
13 14
10 16
21 22
7 13
15 21
24 25
0 6
1 7
7 8
