nnodes nedges type
30 49 graph
nodename posx posy weight
0 0 0 60
1 1 0 50
2 2 0 29
3 3 0 42
4 4 0 57
5 5 0 84
6 0 1 60
7 1 1 40
8 2 1 93
9 3 1 71
10 4 1 11
11 5 1 98
12 0 2 77
13 1 2 34
14 2 2 75
15 3 2 90
16 4 2 35
17 5 2 87
18 0 3 79
19 1 3 48
20 2 3 39
21 3 3 17
22 4 3 15
23 5 3 4
24 0 4 77
25 1 4 46
26 2 4 21
27 3 4 83
28 4 4 90
29 5 4 37
endpoint1 endpoint2
10 11
22 23
28 29
2 8
8 9
15 16
18 19
1 2
8 14
16 17
20 26
6 7
9 15
12 13
20 21
21 27
25 26
16 22
19 25
17 23
3 4
22 28
27 28
4 10
5 11
4 5
18 24
23 29
9 10
12 18
3 9
2 3
14 15
13 19
6 12
14 20
19 20
0 1
11 17
26 27
13 14
10 16
21 22
7 13
15 21
24 25
0 6
1 7
7 8
