nnodes nedges type
30 49 graph
nodename posx posy weight
0 0 0 82
1 1 0 54
2 2 0 70
3 3 0 95
4 4 0 64
5 5 0 29
6 0 1 36
7 1 1 100
8 2 1 92
9 3 1 38
10 4 1 79
11 5 1 70
12 0 2 57
13 1 2 78
14 2 2 48
15 3 2 60
16 4 2 87
17 5 2 86
18 0 3 28
19 1 3 28
20 2 3 54
21 3 3 63
22 4 3 13
23 5 3 36
24 0 4 62
25 1 4 32
26 2 4 13
27 3 4 4
28 4 4 81
29 5 4 20
endpoint1 endpoint2
10 11
22 23
28 29
2 8
8 9
15 16
18 19
1 2
8 14
16 17
20 26
6 7
9 15
12 13
20 21
21 27
25 26
16 22
19 25
17 23
3 4
22 28
27 28
4 10
5 11
4 5
18 24
23 29
9 10
12 18
3 9
2 3
14 15
13 19
6 12
14 20
19 20
0 1
11 17
26 27
13 14
10 16
21 22
7 13
15 21
24 25
0 6
1 7
7 8
