nnodes nedges type
30 49 graph
nodename posx posy weight
0 0 0 4
1 1 0 62
2 2 0 76
3 3 0 81
4 4 0 14
5 5 0 31
6 0 1 28
7 1 1 60
8 2 1 34
9 3 1 45
10 4 1 96
11 5 1 65
12 0 2 89
13 1 2 66
14 2 2 55
15 3 2 82
16 4 2 43
17 5 2 56
18 0 3 98
19 1 3 69
20 2 3 92
21 3 3 4
22 4 3 35
23 5 3 43
24 0 4 34
25 1 4 86
26 2 4 30
27 3 4 53
28 4 4 55
29 5 4 94
endpoint1 endpoint2
10 11
22 23
28 29
2 8
8 9
15 16
18 19
1 2
8 14
16 17
20 26
6 7
9 15
12 13
20 21
21 27
25 26
16 22
19 25
17 23
3 4
22 28
27 28
4 10
5 11
4 5
18 24
23 29
9 10
12 18
3 9
2 3
14 15
13 19
6 12
14 20
19 20
0 1
11 17
26 27
13 14
10 16
21 22
7 13
15 21
24 25
0 6
1 7
7 8
