nnodes nedges type
30 49 graph
nodename posx posy weight
0 0 0 44
1 1 0 23
2 2 0 51
3 3 0 24
4 4 0 11
5 5 0 17
6 0 1 83
7 1 1 77
8 2 1 66
9 3 1 58
10 4 1 69
11 5 1 42
12 0 2 48
13 1 2 94
14 2 2 4
15 3 2 39
16 4 2 37
17 5 2 100
18 0 3 76
19 1 3 50
20 2 3 20
21 3 3 85
22 4 3 34
23 5 3 25
24 0 4 44
25 1 4 38
26 2 4 96
27 3 4 6
28 4 4 55
29 5 4 11
endpoint1 endpoint2
10 11
22 23
28 29
2 8
8 9
15 16
18 19
1 2
8 14
16 17
20 26
6 7
9 15
12 13
20 21
21 27
25 26
16 22
19 25
17 23
3 4
22 28
27 28
4 10
5 11
4 5
18 24
23 29
9 10
12 18
3 9
2 3
14 15
13 19
6 12
14 20
19 20
0 1
11 17
26 27
13 14
10 16
21 22
7 13
15 21
24 25
0 6
1 7
7 8
