nnodes nedges type
49 84 graph
nodename posx posy weight
0 0 0 35
1 1 0 92
2 2 0 48
3 3 0 11
4 4 0 76
5 5 0 41
6 6 0 13
7 0 1 33
8 1 1 97
9 2 1 25
10 3 1 19
11 4 1 8
12 5 1 71
13 6 1 76
14 0 2 72
15 1 2 66
16 2 2 24
17 3 2 5
18 4 2 31
19 5 2 88
20 6 2 81
21 0 3 30
22 1 3 33
23 2 3 29
24 3 3 72
25 4 3 17
26 5 3 51
27 6 3 38
28 0 4 74
29 1 4 74
30 2 4 60
31 3 4 42
32 4 4 5
33 5 4 99
34 6 4 43
35 0 5 39
36 1 5 7
37 2 5 9
38 3 5 54
39 4 5 19
40 5 5 99
41 6 5 57
42 0 6 97
43 1 6 57
44 2 6 77
45 3 6 75
46 4 6 12
47 5 6 37
48 6 6 77
endpoint1 endpoint2
39 46
10 11
22 23
10 17
42 43
5 6
28 29
19 26
21 28
29 36
36 37
0 7
8 9
15 16
25 32
40 41
18 19
30 31
30 37
46 47
31 32
24 31
36 43
1 2
16 17
23 30
32 33
2 9
12 13
44 45
3 10
5 12
28 35
25 26
17 24
33 40
38 45
3 4
11 18
13 20
35 36
39 40
8 15
20 27
40 47
47 48
7 14
15 22
26 33
4 5
29 30
37 38
43 44
16 23
32 39
9 10
9 16
41 48
2 3
14 15
22 29
11 12
19 20
4 11
23 24
0 1
17 18
31 38
33 34
26 27
38 39
18 25
34 41
21 22
45 46
35 42
37 44
12 19
24 25
1 8
6 13
14 21
27 34
7 8
