nnodes nedges type
49 84 graph
nodename posx posy weight
0 0 0 61
1 1 0 41
2 2 0 50
3 3 0 49
4 4 0 99
5 5 0 50
6 6 0 79
7 0 1 12
8 1 1 39
9 2 1 67
10 3 1 81
11 4 1 29
12 5 1 95
13 6 1 89
14 0 2 9
15 1 2 81
16 2 2 78
17 3 2 47
18 4 2 27
19 5 2 6
20 6 2 42
21 0 3 8
22 1 3 23
23 2 3 6
24 3 3 23
25 4 3 72
26 5 3 8
27 6 3 25
28 0 4 41
29 1 4 41
30 2 4 49
31 3 4 37
32 4 4 62
33 5 4 31
34 6 4 22
35 0 5 75
36 1 5 73
37 2 5 18
38 3 5 59
39 4 5 93
40 5 5 96
41 6 5 88
42 0 6 48
43 1 6 31
44 2 6 17
45 3 6 57
46 4 6 73
47 5 6 62
48 6 6 49
endpoint1 endpoint2
39 46
10 11
22 23
10 17
42 43
5 6
28 29
19 26
21 28
29 36
36 37
0 7
8 9
15 16
25 32
40 41
18 19
30 31
30 37
46 47
31 32
24 31
36 43
1 2
16 17
23 30
32 33
2 9
12 13
44 45
3 10
5 12
28 35
25 26
17 24
33 40
38 45
3 4
11 18
13 20
35 36
39 40
8 15
20 27
40 47
47 48
7 14
15 22
26 33
4 5
29 30
37 38
43 44
16 23
32 39
9 10
9 16
41 48
2 3
14 15
22 29
11 12
19 20
4 11
23 24
0 1
17 18
31 38
33 34
26 27
38 39
18 25
34 41
21 22
45 46
35 42
37 44
12 19
24 25
1 8
6 13
14 21
27 34
7 8
