nnodes nedges type
49 84 graph
nodename posx posy weight
0 0 0 93
1 1 0 94
2 2 0 66
3 3 0 52
4 4 0 83
5 5 0 56
6 6 0 65
7 0 1 31
8 1 1 36
9 2 1 70
10 3 1 24
11 4 1 29
12 5 1 100
13 6 1 8
14 0 2 80
15 1 2 79
16 2 2 93
17 3 2 46
18 4 2 46
19 5 2 37
20 6 2 78
21 0 3 76
22 1 3 47
23 2 3 99
24 3 3 66
25 4 3 65
26 5 3 1
27 6 3 42
28 0 4 22
29 1 4 91
30 2 4 22
31 3 4 43
32 4 4 95
33 5 4 31
34 6 4 60
35 0 5 13
36 1 5 74
37 2 5 29
38 3 5 67
39 4 5 4
40 5 5 30
41 6 5 66
42 0 6 92
43 1 6 67
44 2 6 73
45 3 6 4
46 4 6 50
47 5 6 34
48 6 6 50
endpoint1 endpoint2
39 46
10 11
22 23
10 17
42 43
5 6
28 29
19 26
21 28
29 36
36 37
0 7
8 9
15 16
25 32
40 41
18 19
30 31
30 37
46 47
31 32
24 31
36 43
1 2
16 17
23 30
32 33
2 9
12 13
44 45
3 10
5 12
28 35
25 26
17 24
33 40
38 45
3 4
11 18
13 20
35 36
39 40
8 15
20 27
40 47
47 48
7 14
15 22
26 33
4 5
29 30
37 38
43 44
16 23
32 39
9 10
9 16
41 48
2 3
14 15
22 29
11 12
19 20
4 11
23 24
0 1
17 18
31 38
33 34
26 27
38 39
18 25
34 41
21 22
45 46
35 42
37 44
12 19
24 25
1 8
6 13
14 21
27 34
7 8
