nnodes nedges type
49 84 graph
nodename posx posy weight
0 0 0 65
1 1 0 38
2 2 0 79
3 3 0 36
4 4 0 61
5 5 0 1
6 6 0 100
7 0 1 62
8 1 1 63
9 2 1 91
10 3 1 25
11 4 1 76
12 5 1 63
13 6 1 54
14 0 2 61
15 1 2 92
16 2 2 42
17 3 2 71
18 4 2 20
19 5 2 30
20 6 2 41
21 0 3 38
22 1 3 55
23 2 3 27
24 3 3 91
25 4 3 83
26 5 3 55
27 6 3 24
28 0 4 37
29 1 4 86
30 2 4 46
31 3 4 90
32 4 4 68
33 5 4 59
34 6 4 20
35 0 5 71
36 1 5 7
37 2 5 48
38 3 5 81
39 4 5 61
40 5 5 45
41 6 5 78
42 0 6 95
43 1 6 46
44 2 6 11
45 3 6 2
46 4 6 77
47 5 6 5
48 6 6 60
endpoint1 endpoint2
39 46
10 11
22 23
10 17
42 43
5 6
28 29
19 26
21 28
29 36
36 37
0 7
8 9
15 16
25 32
40 41
18 19
30 31
30 37
46 47
31 32
24 31
36 43
1 2
16 17
23 30
32 33
2 9
12 13
44 45
3 10
5 12
28 35
25 26
17 24
33 40
38 45
3 4
11 18
13 20
35 36
39 40
8 15
20 27
40 47
47 48
7 14
15 22
26 33
4 5
29 30
37 38
43 44
16 23
32 39
9 10
9 16
41 48
2 3
14 15
22 29
11 12
19 20
4 11
23 24
0 1
17 18
31 38
33 34
26 27
38 39
18 25
34 41
21 22
45 46
35 42
37 44
12 19
24 25
1 8
6 13
14 21
27 34
7 8
