nnodes nedges type
200 600 graph
nodename posx posy weight
0 -0.9055211670457244 -6.849564349754092 440
1 -2.8581084758934017 -4.448121908828008 2
2 -0.09344489221281935 -6.168045303177202 88
3 -1.7367447179536823 -5.943698725723434 241
4 -0.642825534665639 -5.481810857771125 18
5 -3.3024440095152414 -5.521236957833058 39
6 -0.9137435719957291 -4.237005047686461 321
7 -4.534987903477174 -5.213363228542087 218
8 -3.169684950653873 -4.603304356765102 212
9 -3.864481336711554 -4.236965922995925 267
10 -2.912995111660223 -7.654126959452409 321
11 -3.201161922572708 -3.8751803858958165 62
12 -4.793811252154227 -6.575252163409646 453
13 -0.8381077691510415 -7.05344014256455 270
14 -2.5674578772323886 -7.059211116199018 417
15 -1.7917352019043338 -4.526968855772964 397
16 -0.45005870299283435 -5.5878847287257045 483
17 0.22144504665934814 -4.423100409124891 159
18 -0.7274005989233053 -3.4865337045040925 355
19 -2.8589212170974156 -3.2825595650149078 426
20 -1.8130866518665978 -7.368830889714848 23
21 -3.8482513125035616 -6.785619255927857 307
22 -1.751428384649547 -3.5325833012394887 282
23 -2.4033474638553245 -6.620043764134489 490
24 0.25372498934897325 -5.779234978811663 16
25 -3.2496632318002665 -6.968277656791218 103
26 -4.1970075627592305 -4.376594950544992 246
27 -5.159159391586686 -4.912397778795076 269
28 -1.2871326821457814 -3.891891828687817 347
29 -3.6797492955653683 -5.773198003692346 222
30 -0.10699654618975848 -4.183765429474312 200
31 -2.6530134711290185 -4.2937514143333795 61
32 -3.0539880033425444 -5.35642955324517 1
33 -4.097945725452521 -3.7467473877886333 173
34 -0.553759360157334 -4.200113826484851 69
35 -3.583643314542983 -6.570055087448871 391
36 -1.8917092086001912 -6.359617459299346 363
37 -0.6008097039373712 -6.61729517604308 422
38 -3.795437306115784 -5.871108330162847 322
39 -1.333666847969289 -6.022705529091914 198
40 -2.4949294049710318 -5.589303732565414 282
41 -1.712356070807337 -4.244392244839742 98
42 -1.9701703636723285 -5.255851709214695 387
43 -2.548215050941518 -4.310754933561264 163
44 -3.7327845070808916 -2.4094852750780342 5
45 -4.262459671781719 -6.220158906136444 335
46 0.08126635234343557 -3.5403540821692294 259
47 -1.287795261573169 -2.6122793400350566 434
48 -3.4202275188849094 -3.334682761771252 78
49 -3.4231543860610536 -6.578368017825882 300
50 -1.6264893972529588 -7.005239405994122 73
51 -3.0581738899486455 -6.128960865960453 286
52 -3.5036860438660278 -6.247675566828198 159
53 -2.494473952364924 -3.5845504131634094 425
54 -3.671461453124863 -3.7529445419570244 378
55 -3.988157894144729 -4.852201557773494 67
56 -2.5373330747989153 -5.986291371243826 133
57 -0.03961885535860431 -5.019508247073646 35
58 -3.6045846059708464 -5.3384593805927185 460
59 -4.218505585750181 -5.917818453822993 236
60 -4.1506395507003235 -5.490130268397664 481
61 -3.8971112707605426 -3.1716003343559205 469
62 -0.7750245400675954 -4.729626037608183 230
63 -3.4004253059573215 -4.905457364836888 283
64 -0.9588049099377534 -3.7522359134905345 254
65 0.2386528514255239 -4.9343760732042705 214
66 -2.176253509075807 -6.366434375726512 60
67 -0.17132116194533473 -5.593928499488421 115
68 -2.6055676819852094 -3.2297967996180983 152
69 0.3120081505041011 -3.9239580299165184 496
70 -2.428640479267204 -5.060762846464224 136
71 -1.2298866023547999 -4.43659830729349 334
72 -3.226481926603607 -7.380493850691814 57
73 -4.73954086206595 -3.467656772320615 46
74 -3.190669581215609 -2.8138877465253747 498
75 -3.2814102573661823 -5.190096635083803 176
76 -4.082799961108625 -7.124994844266623 382
77 -4.449971650213823 -4.254731875649691 145
78 -4.563343685481096 -6.216633551569087 153
79 -4.6129030284762145 -4.961960367041494 351
80 -1.4075826683609851 -4.184864706298362 485
81 -4.048247504866191 -5.051955649745722 448
82 -4.080812326888284 -3.43738384397535 216
83 -2.2548520673373798 -3.823031098333797 472
84 -5.408254856193355 -3.9829897697585395 248
85 -1.2489732584423645 -7.478040287528359 109
86 -2.8890383099188788 -2.458501321890622 267
87 -3.004291952633515 -6.609333931764736 27
88 -1.1734546981988367 -6.415063538321309 101
89 -3.9085879772431005 -4.338623186367917 448
90 -2.750033600646082 -5.181131017656239 445
91 -4.610337406521493 -5.863857962315681 388
92 -3.202981715446425 -6.92232902579842 233
93 -2.0731724623137273 -4.416709191557417 218
94 -0.976480062916056 -3.5135290452478465 263
95 -0.629183302753235 -5.1742033776022245 224
96 -3.868775042513348 -4.776941101808766 307
97 -2.638046088003117 -4.943168251182575 403
98 -2.003043126868852 -5.746972936598551 193
99 -2.1688131617779933 -3.2560251436731362 480
100 -1.4543064873846563 -4.60643043941294 446
101 -3.4572295490774425 -3.067133159519099 404
102 -3.303594212777433 -7.526741502427577 453
103 -1.4837649857408253 -5.312017745176529 377
104 -0.8632447251806881 -4.902281312260944 158
105 -1.6303253832068723 -6.6715289379571905 450
106 -3.035572631741065 -6.418448578660383 248
107 -1.0749673871194054 -4.848459501643881 247
108 -1.3463857172825588 -3.302158211598336 406
109 -0.7631633873981921 -3.1333203690075218 55
110 -4.131647710342159 -3.9803990998523013 312
111 -2.2359275657343143 -3.396830547106508 39
112 -3.3389323790040777 -5.688636736208596 228
113 -0.8741915089614989 -5.880386244951474 337
114 -2.5450425752907093 -3.996993303247745 407
115 -2.656177230054669 -2.793256519730164 175
116 -1.7337030655744057 -3.6786621728679862 370
117 -0.33085080658659055 -3.554115935637906 122
118 -3.7870599757610397 -5.088145141898233 146
119 -0.6446580418553229 -2.644452393366389 6
120 -2.220224757991967 -2.8639771557484908 455
121 -2.016045695351285 -6.561142110735212 31
122 -1.8207305086144434 -6.595691908327378 450
123 0.5822525183401517 -5.91733360503075 386
124 -1.5564714228993686 -2.594279747024903 172
125 -3.42682948354423 -5.960415761437156 309
126 -1.2502312741344406 -7.8164956299347 236
127 -2.7211909408865647 -3.537171465435205 159
128 -1.4274250339756838 -2.038733222713728 86
129 -2.0599636596160553 -2.5366940051495854 54
130 0.05247414391256757 -6.8870093236875904 118
131 -1.622330376843118 -2.815362783342837 344
132 -0.3830462250517627 -6.306976649027232 258
133 -4.519370429754551 -3.3707517217304743 200
134 -4.566542109643639 -4.542812660687792 31
135 -2.3215904261343234 -2.8699193947229586 427
136 -3.961506779728819 -5.312210281465238 234
137 -4.508481387012148 -4.828923961286521 154
138 -2.388547868037151 -5.703192225911813 487
139 0.005184156315549963 -5.839265970554921 284
140 -0.8459831880194854 -6.270596348382259 465
141 0.0005634661702284834 -4.038943507363032 295
142 -2.09470442935501 -2.291402871483629 83
143 -0.7797974676088777 -5.218173997265984 490
144 -2.508125212429763 -6.813135719835679 135
145 -3.893062167387775 -6.512359965597732 335
146 -1.5607882423029158 -5.551511957468676 190
147 -2.6610016731201385 -3.0905639656793737 448
148 -1.3154175772843177 -7.063487384374914 441
149 -2.6568196918792126 -6.302808168968124 388
150 -2.9372929881387018 -6.225686110777453 112
151 -1.6980753091949647 -7.444063170933996 193
152 -0.4000858594405575 -4.612385380865959 463
153 -2.829593076849895 -4.8974192452883525 116
154 -0.492914987045599 -3.952625479196779 63
155 -1.7439001914579948 -2.554961372016137 171
156 -1.5365711693443582 -4.9393551194622765 194
157 -3.8645100889705435 -6.314495833399295 341
158 -0.374354315519625 -6.487854678683778 150
159 -3.55322961359958 -2.7320884675969093 442
160 -1.2045964198182761 -5.621078228731012 175
161 -1.0545569155991021 -6.593350421469717 77
162 -1.4428597667020937 -7.238752188697572 132
163 -2.215520016035884 -7.081383282104079 132
164 -2.2032328716032694 -6.155991952487315 149
165 -0.914505931331748 -3.8729648854316925 300
166 -5.031955532403003 -4.077912919045723 298
167 -3.919561156603964 -2.931960545549169 376
168 -0.9791855919715655 -3.0774694302217527 272
169 -2.409066806664006 -2.0313204089376975 87
170 -3.463339063748566 -4.461251134936417 41
171 -1.6233404677090009 -3.8572686006518055 43
172 -0.5847699088319354 -4.362650390036633 261
173 -1.0483986429312941 -7.416955457243621 479
174 -3.6089683162829598 -4.155747072043802 109
175 0.5375369952956123 -4.558791223931839 378
176 -1.8771805536383883 -3.21982112275434 161
177 -3.0220807425917307 -3.6853668904766406 131
178 -2.7969537862456813 -4.033321314151219 54
179 0.10024530862621442 -5.297399599996286 284
180 -2.0650722712561116 -5.5271067863592425 118
181 -1.220167771030091 -6.07509970411494 471
182 -3.3772928202632397 -4.122220263009667 7
183 -3.013310793972776 -7.359170211279144 361
184 -3.3429035152396733 -3.73841208779259 333
185 -0.31132988626331043 -5.122340581809384 330
186 -2.112226871577452 -3.9195990279001154 70
187 -4.552574059715564 -5.4786040411281975 350
188 -3.4256619609740078 -4.599381540288104 372
189 -2.0502873150920906 -4.75387612693525 167
190 -0.8862738427708541 -5.619015634263217 135
191 -1.373671163293482 -3.199594412468551 488
192 -1.3103711378940368 -5.068564594350668 152
193 -1.5561048559641086 -5.792175532463252 113
194 -4.565949975539974 -5.0746514436350845 491
195 -1.9343564924733814 -7.05887684943968 370
196 -1.7633755057172509 -4.986820515096118 405
197 0.8486069367659488 -5.0717634562791485 1
198 -2.3800792683656877 -5.238994595314824 141
199 -1.986791907963106 -4.011132091902448 80
endpoint1 endpoint2
61 82
173 195
152 165
8 63
90 165
34 153
113 151
73 82
14 150
17 165
119 165
42 62
61 189
40 66
11 171
38 40
103 122
15 30
8 107
32 113
33 101
42 88
176 192
113 195
2 130
25 150
27 182
101 131
127 138
41 108
52 63
85 87
60 79
56 151
32 35
40 186
142 177
97 182
11 41
130 139
40 192
54 73
125 194
94 176
54 198
107 152
176 199
31 103
32 110
64 146
15 43
140 144
51 160
71 93
3 17
113 175
95 107
93 103
32 58
83 184
17 24
54 167
19 131
41 146
132 162
3 68
62 172
31 70
13 143
39 57
67 100
120 127
170 194
50 130
23 75
70 193
147 199
60 187
119 154
36 95
97 192
52 81
112 145
81 133
110 159
97 186
57 152
11 61
49 194
154 168
38 55
155 165
83 104
82 182
15 57
71 172
36 146
14 195
43 111
15 174
171 178
14 72
98 100
6 165
173 193
7 27
5 39
6 191
70 127
110 166
156 181
83 172
68 184
122 173
117 135
91 188
54 116
56 103
7 70
48 61
54 110
31 120
55 178
51 183
124 147
58 79
114 133
22 147
138 149
1 192
16 24
97 180
43 191
51 188
46 80
90 97
3 13
126 130
114 188
100 131
33 199
124 128
4 20
11 74
71 117
53 182
1 80
181 189
91 138
34 131
16 53
53 80
65 199
108 119
189 196
98 164
122 153
106 164
105 149
19 81
104 190
100 172
21 174
59 87
80 100
94 116
90 188
66 153
5 60
69 168
57 158
94 160
28 93
144 158
26 125
37 173
103 121
129 168
104 165
0 151
59 118
110 118
26 184
105 160
5 138
87 112
99 182
180 195
101 134
89 101
26 43
140 158
167 170
141 179
6 155
23 56
39 66
89 170
66 144
148 183
52 90
67 141
103 152
97 177
139 192
88 163
161 179
48 134
26 110
127 168
56 198
96 146
16 193
44 82
77 188
20 198
143 146
0 132
15 177
56 62
19 178
60 75
93 147
142 147
104 193
83 198
75 156
70 116
91 145
38 77
79 81
156 164
111 184
152 197
37 50
37 185
62 108
22 182
170 199
68 109
82 83
4 22
87 90
89 180
94 115
39 112
14 66
153 182
41 140
79 187
92 145
54 187
16 160
94 191
50 92
55 193
77 84
7 182
63 129
25 29
11 137
0 146
137 188
180 198
11 111
23 71
86 99
152 190
0 85
95 199
21 150
18 120
64 185
50 125
4 172
185 193
29 45
10 183
2 113
95 139
47 116
8 106
105 156
121 161
23 102
139 185
96 157
156 199
109 152
126 148
45 79
69 117
21 38
22 156
54 60
75 153
35 164
0 66
94 135
54 86
88 92
16 158
44 167
52 66
31 48
13 163
106 148
125 195
49 90
35 144
120 171
15 100
44 54
162 196
56 81
19 71
41 86
104 180
90 98
143 186
68 96
71 98
93 145
56 157
70 106
154 156
1 196
75 125
36 87
77 127
25 105
34 132
120 178
115 121
35 102
6 113
136 144
24 138
115 159
28 31
46 62
64 142
29 149
45 91
152 185
30 158
56 138
16 140
17 18
63 70
81 134
26 84
27 78
185 190
93 190
92 137
68 176
95 140
150 189
111 169
97 157
122 143
152 154
55 110
167 169
12 79
176 191
66 149
29 43
42 63
136 184
33 153
42 164
8 149
5 83
40 105
1 19
66 67
130 197
92 121
159 191
51 63
146 160
58 78
22 184
80 95
43 101
15 180
161 198
93 109
94 175
4 179
154 189
108 127
42 64
28 100
125 178
78 106
42 106
40 118
23 87
43 90
124 135
32 59
6 168
114 153
153 177
0 113
26 75
69 160
136 166
160 163
82 136
15 111
8 26
42 75
40 87
9 100
10 122
74 186
64 99
95 181
37 98
2 4
80 198
45 89
14 70
172 191
113 185
31 32
48 82
4 161
93 188
31 199
179 189
122 163
119 169
89 90
53 68
129 169
56 97
40 100
53 110
89 159
101 135
1 187
37 146
41 114
13 105
78 137
115 178
54 182
61 73
32 184
10 56
139 193
41 62
110 137
10 157
65 67
4 113
58 98
134 163
48 155
1 188
34 80
140 148
112 170
147 186
85 190
32 38
40 189
102 112
78 92
58 174
39 172
144 161
48 53
6 88
57 117
6 114
74 177
30 116
4 15
33 79
28 149
90 136
171 185
59 188
112 135
90 178
11 196
103 143
7 38
151 183
40 51
113 123
164 171
150 190
61 166
71 154
49 160
99 170
141 197
47 74
14 56
70 181
129 199
9 76
18 97
73 96
5 170
43 107
100 104
12 76
93 128
176 188
147 174
95 123
23 181
9 177
107 117
5 59
83 168
15 118
14 144
90 193
183 187
64 124
80 191
66 126
65 132
6 152
3 38
50 146
98 196
80 114
48 75
148 158
54 174
154 190
25 97
38 45
36 190
52 149
65 123
76 144
116 196
72 98
29 157
44 135
35 170
19 155
52 72
117 141
11 167
36 60
138 196
120 177
144 163
58 150
177 194
96 170
114 124
47 196
72 145
111 143
11 147
45 66
99 141
33 77
21 162
50 132
39 104
109 165
18 100
178 189
46 154
70 108
11 79
12 87
2 196
27 79
15 107
109 124
107 148
81 153
20 102
9 31
29 77
58 114
15 152
133 166
136 150
8 74
99 178
6 141
3 29
3 132
80 103
