nnodes nedges type
200 600 graph
nodename posx posy weight
0 -7.900320429692887 4.560262160750718 384
1 -7.501298584445976 4.629257019229064 145
2 -9.58946812206315 4.0724030481800995 60
3 -6.868977532542361 2.689436124861916 191
4 -8.184343223756137 0.5821631753226962 316
5 -6.758980063261303 4.484351875396514 74
6 -8.727465593473491 1.2453345519129135 218
7 -7.098885743917846 3.216809932541146 362
8 -8.554299142467537 1.4583564281778578 384
9 -8.35437537753503 1.6540952795420814 144
10 -8.285584946529081 3.09625531010449 468
11 -6.620733455757038 3.1689949910819926 359
12 -9.779798244217243 1.7377083891742353 172
13 -10.891699399516035 2.4676592798914205 290
14 -7.506833305702593 4.217929449036673 138
15 -9.637619561988544 0.17724777299247407 495
16 -7.573031098819362 5.095752813823693 468
17 -10.7928293775634 2.963559954474586 24
18 -6.487031908612904 2.2127126773577994 235
19 -8.752060705281092 2.6551140338573824 471
20 -9.977583136409445 5.03567236251705 278
21 -7.9128799092622355 5.159734581985167 220
22 -6.000237620795361 1.095850054992959 322
23 -8.73265894145677 4.912453470280341 45
24 -8.163600493973432 1.4936198243019203 118
25 -6.776539839442153 1.2514860266806724 383
26 -7.093565569539639 2.5572259273410562 249
27 -9.167436320240235 4.1925246398577745 469
28 -6.991345357098609 4.653583974608329 479
29 -7.1191910881765015 3.882937834536394 241
30 -6.953365174327081 4.847270822709307 238
31 -9.9749049957154 3.394091853656727 243
32 -8.695200705637207 3.9027635915398817 363
33 -8.13695435217962 -0.046762771472533854 394
34 -9.424925969880993 1.9164636292778479 217
35 -8.069289414622046 0.5507568985631329 42
36 -10.454069114318871 4.450481824287749 211
37 -10.403173367065552 4.010708086638517 309
38 -7.636445346635265 4.378236106672271 57
39 -10.049485090846966 1.890684832226444 204
40 -10.033627881849906 3.929198684040443 434
41 -8.591447842952896 3.581142684973119 79
42 -8.89298489670421 4.45792209742542 185
43 -6.869924329691859 3.148937368468579 324
44 -8.275316387761139 3.821956300711015 391
45 -8.150145613813619 2.812206452116213 391
46 -6.415027080977349 1.7580797138185014 475
47 -9.391620130226142 0.6236375729539655 200
48 -5.554979629298324 1.8415383242523944 364
49 -8.147896481124429 2.607335246575063 295
50 -5.681653355411099 1.5743872978538924 362
51 -9.376427323926862 4.972915676582459 9
52 -6.767848210729375 3.9951333214998512 315
53 -9.677008800217198 4.289530141818147 364
54 -7.805437688876562 3.060598919601129 383
55 -8.420833524486449 2.2300037939458255 395
56 -9.162192646605831 2.736430315575723 113
57 -8.961061084814407 2.4978221025417975 114
58 -7.488422471310612 3.636601466037465 43
59 -10.19987025696129 3.7769118094555956 167
60 -7.142666930820497 4.53190628100311 324
61 -9.77043778995198 2.1272195681284196 245
62 -6.221439078195576 0.4750973622392819 194
63 -7.866144016993442 1.658449116987586 58
64 -9.724132473243282 3.515705626443679 154
65 -8.007029194856782 1.4424594539560804 22
66 -6.58399621310723 4.028271265513809 118
67 -6.364345193472995 4.719495825256769 80
68 -5.712574991027876 4.137471321874848 463
69 -6.691094044312681 1.6377364191146702 65
70 -9.962564811648651 1.1847704934790688 117
71 -9.243968710565845 3.643286866355935 86
72 -9.989721604134733 2.30508983551336 133
73 -10.346728171145479 3.385068264554581 157
74 -7.06497996636912 2.020136212057534 214
75 -9.52482271115269 3.417501264528928 170
76 -7.069127091239069 1.8055680724394234 158
77 -7.114435357615426 1.675828219141134 425
78 -10.2664303042968 0.9235428731325036 225
79 -6.10531568322898 4.190435595774823 18
80 -7.564471168104811 0.8527286335036073 79
81 -7.913352218989092 3.7586724693746048 180
82 -6.857212785094005 -0.11008498683106796 477
83 -9.60348841455593 1.2852122834720088 4
84 -8.335718645933342 3.558435264757905 307
85 -6.06356646069087 3.613319761443932 128
86 -8.017502951330862 1.149907161966049 201
87 -5.8293897873104035 3.4668435453873494 179
88 -6.298136031697642 3.874292710184158 402
89 -7.970171728696982 5.452869292239014 163
90 -8.70409481624933 5.590046942413877 132
91 -8.820332783394166 4.546270480001938 260
92 -8.85419222206167 1.508483799638139 287
93 -8.989123632430724 0.9598638380722062 222
94 -8.01307779216569 4.9037642715285905 218
95 -6.508347693249458 2.8797509310124747 385
96 -8.283399728226012 4.342085748559369 497
97 -9.918564942961291 4.4205929084937265 73
98 -9.798535161982453 2.523770648764343 169
99 -8.200975128913981 1.0088426340419046 136
100 -9.72336981546951 0.49376650301723013 468
101 -9.652475448520132 3.2194281466419707 337
102 -7.505303687103772 2.6572459023228086 80
103 -8.80772322220072 1.64052349599757 372
104 -6.578825980940563 2.4746242767751796 147
105 -8.994703959037462 3.3428231991642474 46
106 -8.455460620175039 4.804843585624081 250
107 -8.199259049070069 2.2965746473650417 146
108 -6.929484194580876 2.0754080723681985 47
109 -7.744777766476694 2.335546836891834 154
110 -6.025461209441394 3.3634876052877334 252
111 -6.167308153837074 2.3834707354129585 148
112 -7.735961238389187 1.2140010287216945 226
113 -9.455604458960483 2.766564971831712 136
114 -11.145501405148874 2.7154390557917667 337
115 -8.81655926000277 3.008583312528749 243
116 -7.738822922280803 3.665530248971376 107
117 -7.735010117160044 -0.17890556182735545 486
118 -8.820140340218225 0.8834883148538819 229
119 -6.635533250137909 0.9570397615944513 417
120 -6.260326395804908 1.0511892995794034 457
121 -8.46375443920144 0.5054739192490624 304
122 -9.240760465491032 1.2160574134862958 360
123 -7.705149571039696 0.232907056070371 333
124 -7.388710415578505 1.0760870951965806 241
125 -4.793151808096541 2.2556060814056664 478
126 -8.654717055416988 2.927222013781177 394
127 -5.661544769291646 2.080817988727295 487
128 -6.912403989611974 2.9401365261275147 316
129 -10.405815602648557 2.00405352057083 51
130 -6.027451724706242 0.6786888523377823 84
131 -8.944956276298528 3.4485118594505297 52
132 -8.854296415731802 2.0033710195598515 489
133 -10.259040897015408 2.4866518060977283 201
134 -9.143783875233213 4.621781745099099 36
135 -9.755110814202002 1.4105968276322485 485
136 -6.872131242411204 4.211021775854857 423
137 -7.383112132720806 3.9710909547195623 147
138 -7.47258563010806 1.278640375463702 19
139 -6.799049603693908 2.417948869750189 377
140 -9.783221564049175 2.8433694467044344 14
141 -9.519098882398094 3.882780085838608 420
142 -5.5017982492207445 2.9301458776280085 321
143 -8.584658381889366 2.553730473225664 62
144 -5.972297127030762 3.1870257457503084 291
145 -6.029807834831569 4.069262588967974 315
146 -9.476947017636478 5.391214801049915 288
147 -7.385662245761854 2.367761179625645 422
148 -7.4812579007588615 0.5980408724309881 35
149 -6.903834989590731 0.8960127990714498 192
150 -7.709804588564814 3.2358033456487063 447
151 -8.120275125184284 4.522099300943199 146
152 -10.69886410590461 2.337819954937967 367
153 -7.874083994785632 1.0524823627309936 403
154 -10.624676657078183 2.4923327859763456 354
155 -9.422357266558613 2.056009613654653 422
156 -10.619575590820945 1.3396279372171949 147
157 -6.629866547035479 1.9240364329819173 88
158 -8.875695225790041 0.65141801953266 19
159 -6.792888397271377 3.6367849185694916 155
160 -8.882979898468014 2.2214643864057475 185
161 -9.859849562026602 2.9428010309139516 63
162 -8.957408482367223 3.8210618948093655 264
163 -8.177577807440759 4.041131011142132 73
164 -8.356613509055897 4.9314116798658825 77
165 -7.351820948860563 1.5881704556262966 247
166 -9.6568061336602 4.883546543029388 104
167 -5.7218720981129385 2.950935987820735 390
168 -5.81371281042278 2.38680432084765 120
169 -5.588299380926444 2.4776537551159024 441
170 -6.057332728957216 2.915398283308012 239
171 -6.623979186852281 3.647181052312865 184
172 -7.560020710428388 1.9648442028266424 239
173 -8.103635725232255 3.469496956481742 30
174 -10.549780468062458 1.7106770925986414 73
175 -9.240660852565199 1.0172222046393946 180
176 -9.417658938848918 2.877624154443952 453
177 -7.051789827082794 4.318648248231615 441
178 -7.9474871617242675 2.2846911940209282 23
179 -9.33481232966508 4.317835464829958 139
180 -6.23000369488637 1.8078760283913082 174
181 -9.447281156388582 2.423164890411779 34
182 -10.317757659333108 1.5515960628671046 104
183 -7.397260866791565 2.913389322126364 15
184 -7.088199603134467 0.6418133202903896 73
185 -9.824379172450131 0.9511070878859677 72
186 -7.140186888393815 1.3393257715991178 355
187 -7.226716912619263 -0.037714761749418 468
188 -8.322116171681843 5.391268515491444 152
189 -8.519216412059418 4.413078497050717 244
190 -7.207083976538156 5.037691187677899 420
191 -9.161200127153265 0.32259196070771984 238
192 -7.943052416062472 2.5379178916998595 342
193 -11.285149192348358 2.1452081333208595 311
194 -6.170899393678308 4.630475795588193 110
195 -10.785160098318668 3.5674554849098095 226
196 -7.490173208540574 3.2543559447314303 211
197 -7.057127855790585 1.3463742075994096 111
198 -10.32188880323475 3.6976199031224066 63
199 -9.04973062607515 1.5937060373596532 390
endpoint1 endpoint2
172 187
109 184
72 118
3 170
68 144
32 44
67 137
84 147
29 163
59 131
144 145
49 197
100 199
150 183
104 130
174 176
17 64
47 93
102 182
8 113
23 97
6 132
37 113
8 192
85 87
75 97
183 192
31 162
68 159
4 148
55 56
6 176
16 38
142 177
33 185
81 139
3 95
135 158
94 176
62 165
45 147
152 193
14 131
105 132
137 173
80 168
3 11
18 81
74 178
35 70
93 103
25 171
34 70
23 163
31 56
13 181
116 176
149 180
105 151
86 147
99 169
42 84
55 122
150 157
145 186
1 137
120 127
34 103
112 165
119 124
113 160
55 183
63 123
70 98
128 163
89 163
45 116
35 187
102 111
29 168
54 91
0 109
20 96
74 85
52 101
144 178
182 195
6 105
60 126
8 76
65 109
44 89
108 153
92 99
81 194
12 114
4 24
108 183
12 72
50 120
9 181
58 188
77 112
38 84
4 76
10 59
29 68
151 166
41 166
110 136
14 29
52 108
17 70
39 47
13 56
14 190
19 93
33 123
40 106
136 159
4 112
49 56
124 147
94 96
114 133
24 165
22 147
55 163
95 108
78 181
5 32
43 153
53 173
102 115
59 154
106 126
28 81
135 152
28 79
19 98
83 118
79 196
120 148
2 16
51 188
8 64
12 153
115 155
21 66
108 165
51 162
133 193
65 139
87 88
88 137
22 35
11 74
29 60
9 46
124 126
103 140
42 141
11 32
75 84
135 175
54 120
76 173
12 186
17 193
12 31
139 142
7 104
57 75
115 134
97 198
46 128
9 178
43 173
36 39
179 188
48 169
122 160
7 173
60 137
43 58
58 126
57 128
149 165
21 106
38 150
182 193
104 165
145 177
27 181
146 164
41 113
19 173
20 37
143 179
109 180
137 147
172 183
98 199
8 35
108 192
10 176
160 178
41 164
38 44
82 149
3 197
45 150
56 198
10 109
138 175
24 56
61 141
58 77
12 156
36 97
46 168
125 144
99 133
71 96
1 44
57 63
10 81
5 167
94 136
0 71
172 196
95 116
118 191
78 93
48 167
36 164
79 127
164 173
114 198
92 174
24 63
170 199
78 152
21 163
7 11
9 165
14 66
6 175
143 175
69 131
25 74
113 133
97 195
140 192
42 44
65 197
22 125
44 64
108 128
105 189
142 157
21 51
63 103
5 16
132 143
85 169
126 198
109 118
11 49
80 132
121 191
0 16
1 134
63 148
24 150
45 181
121 124
43 77
34 122
14 42
10 74
3 138
27 173
141 177
143 189
27 195
32 34
37 195
29 38
19 149
83 176
2 72
127 197
130 138
93 172
104 136
156 175
94 179
27 150
6 100
12 15
97 131
10 107
21 91
65 122
101 141
145 194
16 96
56 183
26 48
1 171
50 138
82 86
18 143
63 115
74 121
39 83
146 198
182 191
136 164
92 178
16 171
26 119
41 181
3 107
23 116
48 149
9 102
35 197
86 116
1 172
28 144
177 189
96 110
19 163
115 171
95 127
41 45
28 164
117 149
76 110
66 180
85 136
14 21
12 61
155 162
96 162
0 27
5 106
109 131
2 162
76 157
75 140
26 44
167 169
49 107
47 129
10 58
57 162
49 196
46 124
87 169
133 174
181 199
77 191
55 103
3 5
126 154
103 160
65 153
12 70
84 189
45 103
55 160
25 124
113 143
139 196
118 184
157 178
98 178
29 94
35 55
66 160
71 133
37 53
112 122
32 137
61 175
73 134
52 144
8 121
58 111
45 172
11 159
143 158
135 196
85 95
7 112
138 159
148 186
7 14
23 196
78 191
42 140
129 132
10 44
31 59
25 111
38 91
30 196
57 150
80 138
17 75
14 173
20 64
162 183
98 129
159 173
121 155
46 183
34 100
49 132
0 60
24 178
102 157
30 188
119 149
6 24
56 140
76 104
10 136
84 151
54 88
179 189
18 184
48 168
38 52
73 176
31 84
38 145
72 155
91 92
58 134
112 199
57 107
2 31
41 104
47 191
86 103
4 25
115 140
32 73
12 73
93 155
183 196
31 166
161 195
0 79
29 41
149 197
26 71
25 99
151 159
127 169
87 171
2 129
76 184
41 81
143 147
71 75
26 172
53 152
19 40
84 90
32 64
56 61
54 151
91 97
38 106
85 190
84 165
39 86
42 131
10 132
61 179
115 199
8 158
126 185
65 126
28 102
34 113
55 126
58 87
30 116
4 15
120 123
6 148
3 18
9 75
72 103
167 183
64 161
119 158
101 107
63 69
43 183
113 152
7 60
45 137
39 131
135 174
7 77
50 167
105 190
66 194
43 85
41 101
101 156
24 180
89 190
34 92
95 196
90 189
30 43
34 54
49 118
88 183
19 141
81 113
17 40
0 96
107 139
38 189
122 161
74 80
111 147
37 105
101 133
47 185
9 117
69 108
57 83
85 194
143 178
63 192
2 81
112 139
26 69
10 155
106 151
44 53
65 123
25 153
75 163
40 115
61 140
105 178
87 102
99 132
62 76
49 96
50 110
54 143
63 112
47 138
143 161
29 183
95 119
154 185
128 192
161 173
70 158
51 98
86 157
104 186
3 14
92 197
71 181
15 185
6 138
68 110
84 192
72 105
128 139
44 126
14 67
9 83
4 61
99 121
148 172
67 128
29 170
42 146
63 128
33 108
44 95
177 183
8 80
80 103
93 123
