nnodes nedges type
200 600 graph
nodename posx posy weight
0 -4.109864683485612 -0.8238196652966709 497
1 -5.574467377145717 3.0618919627336583 114
2 -4.358832141480642 3.907435798436511 326
3 -1.639951171816412 3.051041345823085 89
4 -1.4086871848700746 1.9582190096350394 464
5 -1.5426246857865766 2.7585769892537586 67
6 -3.1470324280111015 1.3797723590179833 269
7 -5.190189884346542 4.918682958809595 482
8 -3.09299911834287 2.3796110869888514 373
9 -1.2313211356763254 2.180983456582524 365
10 -1.654564543801686 1.6351192772813876 316
11 -4.336018706341308 0.4518513219881604 490
12 -4.514950870604722 3.4593290329981308 236
13 -4.584004634454874 2.18280797533271 433
14 -1.8330190297992426 2.8388832524311125 187
15 -2.180555265800579 1.1051195170260977 51
16 -3.2944335940903544 1.1574772021592143 159
17 -0.3940307767276049 2.6909831631361056 213
18 -2.912400942693421 4.555570656565715 456
19 -3.6116642315378096 0.3368583701135034 93
20 -4.015496001855832 4.28946140874927 439
21 -2.7577889401724414 3.30724236309226 336
22 -4.243410476586672 2.2177103414611414 438
23 -2.465398713531128 4.096436466468347 431
24 -1.1689394346012723 1.0602721004076139 404
25 -2.4339150514313452 3.738850813085507 81
26 -3.7350776173048836 0.6780134879713628 125
27 -2.6125968230212124 4.604737896112486 108
28 -2.0513787593175494 0.830246627685903 274
29 -1.4653147524766421 3.576712565063079 30
30 -2.3629444724153013 0.6739903589516332 106
31 -4.664408140156361 3.328161759643623 217
32 -3.462680883162518 0.9479179382953831 27
33 -3.2345201427652714 2.528096528625951 426
34 -3.1075916344433314 2.1488205789041475 388
35 -4.335896881895941 0.19797204138631042 268
36 -3.9047381995704944 1.8618699440335496 155
37 -2.582048182536495 1.9294333857845865 186
38 -2.9635241784206094 2.879507106398441 237
39 -2.3611212895893363 1.8626667129002215 331
40 -3.1232494409973346 4.349425392517265 165
41 -5.075532501484326 3.4857046182287 237
42 -1.1553488091699071 4.271985267676075 333
43 -3.2247284032890935 -0.07106341648470309 1
44 -2.1581539682051796 2.667393276391952 452
45 -4.3430835717381235 2.925894439358062 133
46 -2.2205271194439864 1.4413259147346176 182
47 -2.8578491176469902 3.7368543386596733 493
48 -2.5479677178275346 -0.4298225812661336 320
49 -5.058226625289088 2.1208660807688307 69
50 -2.9395968970062487 0.8617880362416751 225
51 -2.182782945335791 1.290144786442073 314
52 -4.93045556827058 0.2611910936347064 139
53 -3.7613084851126923 3.0309790241374177 327
54 -5.439324561476921 1.1204999758358152 49
55 -3.5948554940251265 1.498677666138389 438
56 -4.705809328186957 2.559352711598916 492
57 -4.952461589509101 1.334387599086079 192
58 -4.348805310248479 3.676598517222244 97
59 -4.088652994636809 4.844768339195039 450
60 -3.3260567030245043 2.3365200413823484 139
61 -1.10953138463747 1.3507499619719268 185
62 -0.7297644931688659 4.132750693676867 230
63 -3.4529715711739333 4.845742911699209 487
64 -3.565112880016488 3.1128104802813708 210
65 -2.1338197121856015 2.111816914470279 318
66 -1.630070474932919 1.8716801922005324 298
67 -4.584646445055021 1.0845974879173317 247
68 -1.016035271373025 1.3879031852017665 136
69 -0.24759689959064907 3.1428210488256245 13
70 -3.5089078113779424 1.5629811758759553 328
71 -2.742058206978769 2.083085404012607 356
72 -3.0663939704626886 -0.23801370668602595 54
73 -5.312872907865535 1.8972976099388252 378
74 -2.3523418978364523 1.2561746998653345 99
75 -2.5924562679692147 3.398776855447128 67
76 -0.6743142657955223 1.5380998039290772 184
77 -1.9821941383411357 3.9479119776372436 68
78 -1.1274038186651576 0.8325207340287354 32
79 -5.792878187957173 0.96014805810019 44
80 -3.3089459432146504 5.272136617452255 157
81 -4.389270475958676 0.7830511913831237 341
82 -1.455333952758801 3.8858099405787643 425
83 -3.1104571339903555 -0.80988948787967 162
84 -0.8518522795881084 3.210487469152217 468
85 -5.754859465529596 2.474653273943931 163
86 -4.234191521877937 4.541739173809249 223
87 -5.634774502704008 3.661595723272938 63
88 -4.7043354571917835 1.8197227565328562 70
89 -3.0204966591495648 4.778523080910526 323
90 -5.126111324102286 1.4944651807079772 91
91 -4.144745282864423 1.1038676212103746 320
92 -2.649360230881663 2.8597983193960363 285
93 -3.9868024259708803 0.04656704531218744 328
94 -5.43113658969059 0.8085535700076137 22
95 -4.03267528157585 0.8506684044399546 360
96 -4.369156895828019 2.5206976017956055 59
97 -4.0513001379584725 3.602799862757945 149
98 -4.775155908751941 4.410652759634571 272
99 -0.030853686964884802 1.7512016489781492 315
100 -1.9915843456397515 2.448015138634291 235
101 -5.175523969510879 2.8734600693627494 374
102 -4.155163540225645 0.5314659129538356 67
103 -3.7107135029139102 4.821088374913473 412
104 -3.1767667806411635 2.0746749124153077 279
105 -3.666711968748428 1.799164816198563 174
106 -3.0142974878995563 1.688853040930485 235
107 -5.006186833743154 4.07583329917791 156
108 -1.0969506424459574 3.3159934879146076 265
109 -5.515882447192745 2.6195147663080496 314
110 -4.837184758424219 2.6365565405556786 113
111 -2.384032439852696 2.37508995013283 337
112 -2.699078789948885 3.795806564256463 90
113 -3.105202217713083 0.5407029907433623 265
114 -3.9701475636421457 2.3625182233725113 18
115 -1.0799071743142887 2.340841778526074 95
116 -0.743907873872488 2.4890084610254335 137
117 -3.7912117932600973 0.4907172674054705 144
118 -6.150232666923209 1.999262783633496 177
119 -4.742830254976487 3.0496768688301987 283
120 -2.6414523872859097 4.272561753727644 36
121 -3.538306570013862 3.665444956950641 116
122 -3.8423706834123883 3.355272943674186 95
123 -1.477792449918188 0.7820822771629198 93
124 -1.7570773425511517 2.259676261730061 254
125 -2.847549297035292 1.0631937227475634 106
126 -3.88433471727617 2.9177532388769927 343
127 -1.3720611151713586 3.3340623455558025 351
128 -1.074981226783918 2.8223928080628586 173
129 -5.004384987603057 1.0599571464382844 388
130 -1.8576640370300928 1.677205143119311 229
131 -4.475265087313111 1.5173759780805547 333
132 -4.43818712753532 1.372878288494248 208
133 -1.7120213611317683 4.614740621875848 42
134 -5.359669679698245 4.378779322294458 22
135 -3.845875578461583 -0.35296474972889874 146
136 -2.3356462477619795 5.106360600390233 4
137 -1.7587709210318376 3.7216097624235407 153
138 -4.453400346512897 1.9386116774369997 341
139 -2.0900730622528254 2.9697172374079237 23
140 -3.1707123361845473 1.6817533568596286 289
141 -5.392737899437792 3.9244333340099633 349
142 -1.8682976682040981 3.29229207978296 466
143 -4.021719645021301 2.5970145558341815 175
144 -3.6297769866669625 1.1584441808316273 487
145 -5.630760796068598 3.349476584574103 314
146 -3.0080618534837527 4.118018730919566 138
147 -4.864788780055067 3.3067238665569394 187
148 -1.3603067074059978 2.0248697036489913 79
149 -1.7682701368078309 0.570614069173504 381
150 -3.6429903212254966 3.4678028252227313 299
151 -3.488688549404048 4.270456847511088 230
152 -1.490283612010055 0.28683868766282394 146
153 -4.553125074212213 4.521420149765677 291
154 -4.8827743676853315 0.8452401926655313 146
155 -1.3990681427911118 4.311104403665007 466
156 -2.1672771437806064 1.9875069429393235 465
157 -1.8548346101340494 1.119809048937785 385
158 -2.3753661818277956 -0.5860655418971303 140
159 -4.085832191129956 2.2320171353906075 361
160 -1.5620375561688502 1.1761112532992875 383
161 -4.875034417392053 1.6768284665900877 266
162 -2.1506411374785688 4.239002794627355 251
163 -0.8347625581807155 3.606955787335547 350
164 -4.978873425284616 1.8367519732275206 180
165 -3.6671655210542116 4.236982399934909 226
166 -4.169734294017797 3.074047137141954 152
167 -3.9895856271143577 3.90281565369622 470
168 -3.8235581423993277 4.680090891381533 214
169 -0.4217366214617435 1.2923801170690723 190
170 -1.1113229992602953 1.5906680518102791 188
171 -1.670311234985567 0.3327677160864436 81
172 -2.494875170776998 0.5994359627828311 46
173 -2.528819485868384 3.628445869449512 453
174 -5.1913152410250625 0.3570788803852812 279
175 -3.971399823682831 1.3984842526102579 494
176 -5.165887517404677 2.2821881833554447 284
177 -2.5617078959467254 0.3562747398059466 356
178 -2.9655102868949315 1.3192527372370757 70
179 -2.4091450333317312 2.8039769895978517 325
180 -3.443564324658331 3.186821365457578 28
181 -3.0900894735017888 3.483162414725613 150
182 -2.7146013618695886 2.959185405555949 243
183 -3.66309270429297 0.07804284940583694 116
184 -2.006353490959962 4.416399070157077 165
185 -2.90177481701774 2.603438681055426 49
186 -3.523627431147777 2.39560097027965 93
187 -6.1850587850662295 1.5963186171606734 300
188 -5.717358900251972 2.3831858688062417 38
189 -1.3819173205355475 2.5106078244757843 365
190 -1.1547002448505703 2.9475156632202455 363
191 -2.9062169323032294 0.18762050739966368 398
192 -3.770650213881587 3.956458035772318 391
193 -2.232258254109279 0.3164855562970328 371
194 -1.9869609408078386 -0.029276411349601468 53
195 -3.1476697577173725 3.7383490204216243 172
196 -2.0994643037161302 4.906140717656758 377
197 -2.8313765270142897 0.11021336148153434 468
198 -2.161245421666428 3.8412510842509286 348
199 -4.12635808949479 1.6433543473876027 383
endpoint1 endpoint2
35 88
131 143
22 57
14 74
74 106
31 165
141 145
11 90
65 84
22 117
95 138
116 162
82 179
120 139
20 58
59 97
137 142
17 124
106 199
14 77
18 112
29 130
21 37
56 151
36 67
2 47
49 109
118 129
97 107
32 35
59 162
76 99
9 39
94 174
181 182
24 111
58 141
37 189
176 199
39 137
13 150
23 126
22 88
2 18
51 186
47 64
71 190
45 71
101 150
20 47
21 167
50 139
113 175
148 185
22 45
34 171
6 32
103 146
33 178
94 145
50 70
14 96
26 74
189 198
120 179
158 171
65 114
11 26
99 169
50 51
44 68
26 30
140 177
33 105
31 138
51 169
61 125
124 157
4 17
80 98
54 132
141 188
192 198
69 128
30 36
46 130
44 150
68 171
34 156
47 104
39 149
2 137
64 121
46 185
93 95
74 142
34 195
15 39
137 139
66 99
25 181
132 138
65 185
112 136
6 191
29 42
24 68
8 176
46 125
4 106
175 183
120 167
3 195
53 104
77 190
96 125
23 89
86 121
28 157
3 42
21 156
125 140
107 110
10 189
79 176
34 39
9 128
11 43
15 194
57 140
58 108
8 122
31 97
6 125
4 14
86 112
1 168
20 41
66 111
53 182
116 148
91 138
74 78
60 148
29 173
36 56
107 147
32 129
3 108
4 102
21 97
56 91
149 156
49 161
110 111
15 50
49 187
111 113
45 88
104 106
38 121
176 187
70 122
36 39
35 131
144 158
20 98
61 160
103 121
23 142
120 162
14 181
81 183
12 143
120 136
46 191
138 164
27 181
19 199
40 139
144 195
67 117
40 145
3 39
50 149
68 127
93 154
90 161
29 40
53 162
63 86
15 199
119 161
34 143
47 115
126 173
76 163
162 198
121 164
78 197
133 181
91 197
18 82
21 71
124 139
27 198
88 132
32 39
59 166
30 177
9 43
3 189
35 177
47 120
1 119
130 161
26 105
88 109
67 93
53 198
120 150
6 115
146 150
66 115
25 62
71 186
89 146
78 152
50 135
74 152
72 104
37 64
49 154
131 135
5 23
32 183
119 153
75 112
97 195
140 192
54 187
28 170
6 193
8 160
151 182
92 143
41 49
73 140
25 29
38 157
68 197
159 174
50 164
67 104
75 180
114 181
52 55
171 177
15 173
70 102
116 157
26 81
45 129
86 180
61 190
150 168
126 178
45 181
85 110
92 127
30 128
100 179
23 92
56 176
22 186
28 130
55 166
8 37
104 121
25 126
20 150
72 191
9 10
93 172
90 94
12 49
160 170
33 156
74 193
49 90
175 179
66 92
26 129
134 166
21 190
126 159
87 97
33 75
143 186
53 56
38 105
152 178
22 44
28 183
111 186
12 40
89 196
77 89
33 112
33 143
111 142
53 103
109 138
18 75
25 60
67 101
64 97
22 180
37 100
75 151
34 165
92 147
140 194
34 159
122 165
104 156
57 131
126 167
39 55
41 64
61 157
124 189
13 26
37 148
10 65
119 122
25 182
63 97
193 194
12 192
89 165
2 85
7 147
69 148
60 175
154 178
41 167
145 147
16 191
12 173
95 147
32 114
2 131
64 127
21 80
163 184
55 138
98 126
81 85
166 185
97 106
151 198
3 184
49 70
76 193
50 197
33 146
104 144
6 90
54 96
133 151
102 174
28 100
14 170
83 93
55 124
69 82
71 92
84 196
57 67
82 84
95 106
5 163
36 81
15 65
54 164
119 186
123 191
179 180
71 130
48 177
27 97
123 149
95 175
81 191
124 160
126 132
53 150
45 89
39 108
19 26
36 114
63 122
84 169
31 185
34 56
100 116
22 31
5 61
68 148
136 173
36 38
28 92
46 123
97 147
66 172
94 197
12 176
56 97
29 100
44 60
5 104
18 64
2 134
66 70
62 128
86 141
46 71
128 133
55 143
91 104
71 104
21 25
49 105
5 38
117 156
77 111
33 46
67 138
148 156
119 166
95 157
140 160
37 177
150 172
53 119
88 101
105 170
128 156
55 132
11 126
142 146
22 144
56 154
104 125
22 138
76 116
111 185
106 144
4 82
8 21
122 159
144 161
77 92
41 176
40 82
73 132
6 88
33 138
57 117
53 199
34 113
140 181
5 100
100 166
1 175
9 75
100 140
44 124
70 110
32 182
17 29
19 132
81 129
42 47
72 83
123 177
56 118
149 177
3 111
13 140
16 91
64 101
65 105
5 128
3 27
60 88
74 130
168 195
79 129
61 78
90 167
119 141
10 182
3 78
9 155
131 185
154 183
60 138
121 184
33 132
129 175
77 168
37 182
102 176
23 103
56 73
44 84
159 178
114 175
12 109
146 165
51 58
19 37
75 128
48 117
20 38
71 106
24 71
16 36
54 81
83 177
66 139
57 166
8 10
14 155
113 117
92 186
13 53
38 142
151 153
46 106
63 146
48 157
41 87
46 76
16 111
45 73
22 188
125 175
28 152
146 182
43 132
115 189
37 70
75 159
25 165
167 184
52 199
11 193
122 179
50 193
51 124
61 171
63 155
16 64
139 180
31 98
36 131
56 87
7 86
6 112
64 96
112 163
70 74
96 109
12 121
21 162
36 119
178 189
0 95
11 79
153 181
60 185
121 196
123 179
10 50
75 192
49 85
50 93
55 91
123 169
124 198
44 65
110 114
105 188
107 192
180 199
0 48
71 81
