nnodes nedges type
200 600 graph
nodename posx posy weight
0 -5.9602713718522935 -14.0041659705365 176
1 -4.705405461000985 -14.135514647174634 465
2 -1.1810095813274124 -13.819277551786042 428
3 -5.820938077054942 -11.891925769418592 436
4 -6.227751886298369 -10.704373692107959 239
5 -4.7092132834228035 -12.31188444474603 91
6 -5.102069468142503 -11.733859090122552 458
7 -5.374672917273108 -11.91506312638962 424
8 -5.08551827697643 -12.56795174723783 475
9 -4.342337548396996 -15.063925202730946 244
10 -3.946821683998402 -12.272409341659634 18
11 -3.5356754771030676 -12.432785733547277 445
12 -5.451780712545576 -13.15958230560284 265
13 -3.013146502215 -14.150977747694816 19
14 -4.548654018061868 -13.55060718075369 24
15 -5.432215939557438 -13.770296868607623 411
16 -2.2165501232604865 -13.461903303082 406
17 -3.4763332878380235 -12.98967789673003 413
18 -5.901989953201272 -11.647397765469181 314
19 -2.569272640901709 -12.685981531005677 343
20 -3.4746011783180037 -10.402383186787258 55
21 -5.304725490375295 -14.712971221498316 14
22 -5.30065177196159 -12.252229052489604 219
23 -5.2349470109611875 -12.9352351880238 138
24 -1.7812545598604355 -12.375644846299407 15
25 -5.558406559634128 -10.41803423246442 453
26 -5.800707525927973 -10.223436528744196 229
27 -2.0865464870916477 -11.009562661859253 171
28 -2.468985435357081 -11.156167674479015 269
29 -5.615030723362059 -11.048300071402668 180
30 -3.8611909236752178 -15.4078200258558 170
31 -4.1810769814724695 -12.925021945336162 58
32 -3.51311956494367 -11.557417829713861 296
33 -5.399413501802509 -13.316382508376957 108
34 -4.1996334277093545 -13.529116969090104 138
35 -4.612450269779408 -11.095035036921015 490
36 -2.9053160057046377 -12.676237361386496 332
37 -3.2386942732560975 -12.393101433609214 262
38 -1.230920898196341 -13.487994104017089 122
39 -4.868203746515008 -12.013773938216424 50
40 -1.3291609979704302 -12.76442139856577 440
41 -2.756610876560212 -14.343138586587525 479
42 -1.8188561327836514 -11.476712564708809 144
43 -3.6611901371136306 -13.051999434828558 325
44 -2.9121540975967353 -10.231567948303523 388
45 -4.782230705447909 -14.768959653366023 453
46 -3.24358473897883 -15.217030286939353 244
47 -3.903426917541897 -12.152530218309398 204
48 -3.2323504482933907 -11.359114925126383 100
49 -3.3713970979118835 -12.692903773502817 309
50 -3.389623293925861 -11.774115700341223 62
51 -3.946261571269794 -14.363829216712704 483
52 -6.156414351611719 -11.148485690112047 335
53 -2.1243023785300577 -12.8715949485577 398
54 -4.4313199440632385 -13.267106866984841 195
55 -3.9641372810642883 -12.938265762155236 397
56 -4.455736526821177 -11.042443867344879 471
57 -2.56149301370801 -13.25621785434828 62
58 -1.859771450184114 -12.489972420193732 80
59 -5.2148724394259744 -10.736421336185947 92
60 -3.7152093460916387 -12.16153469159181 286
61 -2.67772354586548 -11.891327369129838 62
62 -2.9167602808340023 -14.028069824059976 414
63 -2.4111241704917785 -13.905655735060712 421
64 -2.6018627933034044 -13.601607091892834 46
65 -5.72797063198116 -12.281798702191546 81
66 -4.71008866758593 -13.284510404526666 182
67 -3.866222485499518 -10.392525478972766 303
68 -5.793630280231955 -11.291578971215424 234
69 -0.8454175431408709 -10.949668929949205 452
70 -1.792464654937948 -13.055498814877904 430
71 -6.319970282622795 -13.063400436461126 363
72 -4.8215870448533735 -10.198136486169679 312
73 -1.5204699677598834 -12.135411325214063 164
74 -1.5179644243722348 -11.871373014505323 469
75 -3.579824010667876 -11.206147381054516 139
76 -1.510668744409534 -11.38928715342399 485
77 -6.145460554762535 -14.512717637575435 397
78 -3.6925974010608926 -13.87088859332895 121
79 -6.4213148341068775 -12.088746293981119 215
80 -4.292318949664734 -11.565890217141074 488
81 -2.1144326153474595 -12.07873607856182 370
82 -4.826456065769593 -12.494231919927616 234
83 -2.5725466656331304 -15.424773744385051 380
84 -3.201229878356358 -10.21530110651402 282
85 -5.119967985186436 -13.893404356426128 450
86 -2.9808039025486126 -13.416994943672295 304
87 -3.077696628079937 -12.913328158345317 237
88 -3.7420148772324766 -11.367895222147874 35
89 -5.375041933968077 -12.78885643434682 194
90 -2.430737463545997 -13.000838808828625 231
91 -4.411540105665162 -10.371362269785768 317
92 -1.7585730168422475 -15.136271209739967 49
93 -4.323723572940035 -12.539705757398812 4
94 -6.079034787997777 -13.823039956745266 123
95 -3.1089303640570005 -10.985847155502281 487
96 -2.704176537670425 -12.32831493583962 470
97 -3.6886549763384697 -9.998726074278036 109
98 -3.5877000799517296 -15.073747751243692 383
99 -2.795906897981546 -11.270769293410044 83
100 -2.2773763789179196 -10.968052805734004 286
101 -1.7181397067882709 -11.596095102536351 226
102 -3.957561175125481 -9.811500035527935 500
103 -3.464751722208584 -9.733120626788667 139
104 -4.828840672904192 -14.476847379151868 275
105 -3.916664818379569 -14.985334137936132 371
106 -2.7808224819057688 -14.710239895281711 253
107 -3.4903158830848713 -14.602728699516407 466
108 -4.001651127441452 -11.705154489384684 54
109 -2.3147847008655056 -12.346346872098716 356
110 -1.621532282770912 -12.69770164478177 324
111 -2.4453557925037583 -10.744288642789286 280
112 -6.180047439121095 -9.852568172893758 133
113 -5.08640722630957 -10.329973038924562 224
114 -3.2724051403396026 -14.078186584458376 239
115 -5.559609177184519 -11.60501307298441 103
116 -1.2937760323745608 -10.712390489321656 110
117 -6.419309176726983 -12.201847172342536 1
118 -5.0777152198429905 -13.11340372252469 404
119 -2.8529129061887057 -11.507916148624972 327
120 -4.436192363754859 -14.713122145534449 116
121 -5.12108813995282 -14.414429658125155 27
122 -1.6584601473332037 -14.130900390803813 182
123 -2.2714932175188083 -12.583493496862747 41
124 -3.6168240890282064 -14.837947688100986 472
125 -5.510999573501914 -14.412847626903808 233
126 -3.177574074285939 -11.674279807956854 308
127 -1.8152824595900494 -11.107966018578061 57
128 -6.017040120889669 -12.58000604576096 240
129 -3.2210001728161552 -11.916737197346558 153
130 -4.324645531968921 -11.436475724940504 333
131 -5.838783335857579 -12.67120053043375 405
132 -2.3687184524330425 -13.709105549432023 396
133 -4.464543212994799 -13.005970636289568 165
134 -3.9896698514780935 -13.407720447228867 214
135 -5.215134045282766 -12.058427850265407 20
136 -4.035876815211153 -11.28854230164029 233
137 -3.0797695345152447 -12.402582485268915 382
138 -4.860380390824007 -11.788437381870612 132
139 -1.827780729357773 -13.768217308918206 80
140 -4.766460788201206 -13.621152824427813 371
141 -4.852014867938437 -10.629982213644274 74
142 -4.573877745050608 -11.90758358878783 207
143 -1.867008324606071 -12.74197717491493 345
144 -4.386483758513678 -13.797791092758574 241
145 -4.701045194845486 -13.07226762470857 17
146 -4.043455809369036 -10.231329434222381 318
147 -2.910313586843709 -14.90652868522046 249
148 -5.7383833280105785 -12.83091922350448 161
149 -5.797354484317565 -13.224263466053866 322
150 -1.9996653166683838 -13.851160312686204 246
151 -6.46268624790029 -12.976368336285542 214
152 -1.8191366803109736 -13.272179710316202 228
153 -3.8926152005193457 -10.839488929657701 395
154 -3.505668213049886 -13.796976218049533 347
155 -4.197924041799917 -10.335890672967075 92
156 -0.7118687465824232 -12.586991741346516 427
157 -3.992999957629422 -13.716169774462713 61
158 -6.694489176899739 -12.88824579908799 453
159 -2.4415083563438134 -10.451532308973103 84
160 -3.2630429308010234 -13.11229873414055 329
161 -2.1659907649440044 -14.465352148247582 281
162 -3.35918827885197 -13.483546798413295 347
163 -4.173479163636407 -11.23242455708665 209
164 -5.375320710187322 -12.602554387001897 29
165 -5.206406606657703 -14.154090076290487 83
166 -2.013079240843904 -11.24796687406186 41
167 -2.8185291638768004 -11.894365160941707 25
168 -6.167984483544504 -11.689238984447227 468
169 -5.3545504434647135 -14.984167776896486 32
170 -4.444207570170004 -12.296291744592423 180
171 -4.500452955932535 -14.15489256980586 357
172 -4.264121463741876 -14.11887779428189 315
173 -2.623376862262776 -14.557443793455853 86
174 -5.198803125681314 -11.406113913419082 410
175 -3.7131153549240663 -12.583385603012317 410
176 -4.144196862365419 -10.987134971760847 418
177 -4.672918215447894 -12.710187355314325 55
178 -3.2079675946630757 -10.622825914273875 245
179 -3.0634252589864612 -13.196064040805455 39
180 -3.59567637123006 -13.54014217412648 266
181 -3.515748408124348 -14.096778181463437 181
182 -4.226499034133736 -14.799760857053338 328
183 -5.394675026595059 -13.518244801250463 453
184 -4.894865061420896 -10.974780331137023 209
185 -4.346200383721285 -15.465805671626327 76
186 -5.1894569530780466 -11.06963093250069 263
187 -3.036672873064635 -14.584254405960676 121
188 -4.240253450735392 -14.366489902811738 430
189 -3.4156570836261975 -11.076282354166331 490
190 -3.0296539734288475 -15.067827109622693 418
191 -2.3423893403521108 -11.68559710843586 481
192 -1.881725692212852 -12.030270450831232 353
193 -4.968679437649815 -11.189783111995943 255
194 -1.9686197301829833 -13.268629562092887 196
195 -3.771211494799361 -14.296656561150378 458
196 -3.20151812510688 -13.440965844143076 416
197 -3.032051369273312 -10.557529125286756 145
198 -2.073302029234059 -14.383750468240514 274
199 -2.6866363158655715 -10.464428570113228 56
endpoint1 endpoint2
9 173
12 78
30 41
128 184
95 101
23 183
148 171
13 70
6 54
126 199
41 57
58 152
8 142
69 191
37 170
174 176
38 40
14 31
30 66
32 113
140 165
124 187
17 90
12 138
22 65
34 90
80 177
146 163
102 136
74 139
8 87
89 133
25 184
88 154
105 106
146 189
34 182
4 35
55 56
33 34
1 89
35 141
132 187
43 189
66 163
129 166
14 131
39 137
60 114
7 91
32 110
90 99
66 119
57 90
70 81
33 193
104 196
146 199
21 121
149 180
144 165
43 195
86 147
149 158
15 157
21 171
6 118
24 139
76 137
46 182
140 143
24 40
46 63
64 143
60 93
138 153
61 87
113 186
62 196
160 195
37 87
25 113
129 176
49 75
109 122
13 37
11 61
23 140
126 164
31 85
36 180
107 172
39 149
0 149
145 179
124 190
58 90
41 105
115 141
37 118
20 27
59 175
68 146
17 129
27 70
93 182
43 160
29 68
144 147
130 142
150 175
73 156
4 112
57 109
22 71
61 143
64 157
17 114
126 155
26 52
108 174
124 137
56 153
31 172
50 115
167 191
96 194
36 43
42 130
95 155
117 170
52 145
12 131
162 189
1 182
22 176
116 192
118 125
86 106
84 163
44 153
106 121
67 159
107 147
130 186
54 120
10 17
140 179
40 126
70 180
173 181
51 171
40 132
48 103
98 107
45 114
128 165
8 60
47 133
10 137
43 173
165 195
82 128
160 187
49 73
45 131
46 120
23 142
77 169
51 138
83 106
18 65
40 139
80 91
171 180
32 74
108 177
34 187
55 164
8 35
13 66
47 130
8 172
142 178
120 195
161 179
72 189
48 160
27 126
81 150
106 150
76 84
104 172
133 171
23 125
8 117
12 134
105 169
67 84
15 177
54 148
98 125
64 181
23 49
21 33
58 60
118 133
14 123
49 123
54 160
86 192
19 126
26 79
52 117
114 198
66 89
10 126
67 99
105 180
64 111
135 193
75 191
108 167
24 37
109 166
34 66
131 135
10 162
148 163
68 168
9 54
81 127
36 58
106 152
15 104
20 101
14 23
80 141
39 130
96 160
9 105
60 99
96 134
45 188
86 137
35 115
23 71
28 50
75 138
22 56
95 199
78 133
12 77
60 183
22 133
66 151
88 184
61 196
82 126
29 164
16 167
9 154
180 185
10 145
67 75
15 31
65 79
61 152
45 62
37 159
71 79
60 80
1 55
53 156
36 100
108 179
19 175
53 63
100 153
114 134
43 142
5 188
57 195
7 23
84 153
190 194
11 54
1 124
92 187
12 170
152 192
0 23
11 135
123 154
110 127
16 195
67 193
9 125
14 87
27 61
55 191
89 177
7 12
62 87
73 93
65 168
11 47
101 194
82 138
23 158
17 51
48 191
122 154
17 170
11 188
13 144
47 78
18 75
134 179
47 180
3 23
53 136
115 133
5 174
61 88
16 19
39 72
48 80
18 186
154 171
53 70
2 110
81 178
50 162
126 137
87 119
129 196
41 106
74 129
23 65
46 162
20 26
59 65
20 163
29 136
63 196
49 107
153 167
63 162
80 134
39 181
71 140
78 198
97 136
19 64
162 165
1 190
47 186
51 63
44 109
159 197
19 177
152 173
89 174
15 82
94 133
102 197
38 78
3 184
85 154
135 153
155 176
12 164
37 53
1 157
49 50
8 121
99 163
127 178
46 83
104 182
109 143
5 153
34 109
1 169
48 111
40 156
79 144
3 155
36 75
166 176
22 149
50 109
22 34
32 180
110 179
132 133
11 194
7 129
65 174
92 150
60 189
31 176
88 174
126 127
32 170
101 192
24 119
6 59
83 161
62 173
55 196
164 169
80 138
6 93
121 177
158 168
17 194
33 104
12 151
49 132
173 182
60 197
28 146
33 66
39 108
178 184
63 122
6 163
123 199
97 199
35 186
85 172
19 139
7 148
63 167
75 197
17 161
24 100
80 129
29 193
150 179
82 157
144 179
55 114
67 108
74 143
41 114
59 67
31 41
28 189
78 179
42 152
10 56
17 35
35 48
144 170
37 177
4 113
60 118
21 94
16 192
57 86
58 76
3 142
24 166
6 10
31 175
77 104
44 163
85 130
56 111
152 196
105 147
78 104
67 197
41 90
1 181
134 188
34 107
80 193
48 97
28 58
171 185
54 128
61 91
30 187
53 181
88 176
5 50
136 168
49 87
50 95
90 198
42 73
82 160
39 131
2 147
48 137
21 195
59 112
10 120
96 133
80 184
23 68
153 184
136 192
3 33
68 113
39 68
28 47
22 29
150 198
70 123
93 186
61 197
42 159
179 191
65 86
98 188
154 183
110 132
39 184
67 72
21 105
149 164
28 116
11 20
119 193
48 57
187 188
102 176
36 157
128 135
82 94
95 96
118 131
171 196
54 81
4 79
16 157
76 127
25 97
13 190
33 157
157 175
31 95
83 114
46 106
47 88
1 23
62 137
98 139
84 126
24 57
90 101
145 195
168 177
62 147
115 151
25 131
89 136
0 34
57 62
75 100
64 172
93 140
81 99
52 72
18 33
34 135
82 141
51 124
56 113
37 49
139 180
28 96
35 103
145 196
24 38
48 99
5 12
5 175
10 163
1 85
7 32
88 178
48 95
142 167
136 170
57 154
95 141
17 172
98 157
42 81
14 62
105 188
36 144
177 183
2 58
