nnodes nedges type
200 600 graph
nodename posx posy weight
0 -4.490333787169877 0.7933203915124188 321
1 -1.567965016559602 0.95010426815489 463
2 -2.542200093030366 2.5826628991965377 396
3 -5.888734074166607 0.6277625048915895 225
4 -5.105786754953371 -0.04673428413561208 103
5 -4.0842741144952335 -1.3964361239840535 324
6 -1.9491528777168985 0.6305352761572693 203
7 -3.9909712187554582 3.265394598653639 189
8 -5.324270355518606 0.6073668486163155 481
9 -4.282732285256213 -1.2450788327463747 426
10 -2.8553715102705732 1.3363763030952829 425
11 -4.117973962191632 2.8900692939030592 126
12 -2.3893049174325878 2.963206914231879 103
13 -6.70600541601431 2.7631217786354236 52
14 -4.461781929073471 -0.5453238882729864 420
15 -1.203234659639244 2.5609844076621386 136
16 -6.0801336769156675 1.63873861623782 181
17 -4.071432325406582 2.6768391334556956 18
18 -5.824702382293619 1.907401030881221 428
19 -2.8372316953961416 0.39634366183606035 283
20 -3.3808339046214853 3.1602961409203965 250
21 -4.845152697888175 2.034030202394144 177
22 -5.012500225556786 0.2919709705105747 230
23 -5.392585068458231 2.856302838351287 136
24 -4.083003990314423 3.6028664026117276 90
25 -5.935289274978511 1.3576412109401246 465
26 -3.7928665214882615 1.8290257348235246 89
27 -5.2432565738050805 -0.7902464271071711 454
28 -4.381321862394866 0.12588922819369147 14
29 -5.5846518313184434 1.7182359363602169 329
30 -4.708502442191909 1.113817086656057 437
31 -1.6206259553137723 1.596994960331954 348
32 -2.5237867767979485 1.005102991444277 482
33 -5.228726669233384 2.707408455615401 302
34 -2.453091363867186 -0.01075768109271803 92
35 -2.726173555380462 2.302970888827639 42
36 -2.884918042775986 1.5900114734776283 188
37 -3.163185320396038 2.1586558709838477 343
38 -4.307362098172658 1.7311805954141997 333
39 -2.03018440719073 0.8715774921000085 56
40 -4.122927433530106 1.5985612441875778 102
41 -2.8718772737152114 2.0116545929833163 481
42 -1.715618206055468 2.1836540800558217 109
43 -3.921989065767087 1.6151308622117626 216
44 -3.35204060761272 -0.5343109172447719 121
45 -2.0165578854932953 0.3415541309141429 414
46 -5.559308794894226 3.754916817776776 143
47 -5.545673230581914 1.3704113953467216 211
48 -2.5994399979595753 -0.674237668213166 139
49 -3.410354572493469 1.0090233698765039 363
50 -3.6158789801268445 -0.5976277812911398 431
51 -3.4024441738694664 3.747865300575007 312
52 -2.0078928307861457 1.9043406369657 135
53 -2.3659502296649575 0.3582940828257437 95
54 -5.117561210421028 -0.3813580891614089 227
55 -0.9186333981119834 1.6156581910182524 45
56 -1.3934998969723544 0.018618538673958556 405
57 -1.6378900494706268 3.6157988122795675 403
58 -3.640986395330904 3.6808462567530396 39
59 -3.4727794887103474 2.471190626883979 465
60 -4.305536983954839 2.187239398103046 121
61 -5.000650288550545 0.6679676379721768 245
62 -2.887545311454658 -0.249048434881055 385
63 -7.035129989346456 1.9660133981277297 358
64 -5.071964876640054 0.788765151985906 305
65 -4.4795493747892206 3.6186405724210067 310
66 -3.053289633037318 2.6219439093478467 191
67 -0.8294865462943044 2.611092411538646 499
68 -2.4478271294454363 1.455877114771083 420
69 -3.77408877997176 -0.33995188383415703 465
70 -4.086273260626254 -1.6789047850391325 389
71 -5.708829528964211 2.718237787213863 169
72 -2.459279870377706 -0.563291936068392 34
73 -3.8187566999084863 -0.7508869826760648 26
74 -1.5871859045146242 0.5635261764480387 177
75 -4.3573973460655955 0.5003078125963213 344
76 -4.985183644773726 1.9135297879280173 204
77 -5.63053571794823 0.42616408528905175 174
78 -4.775648715382853 0.03495200548134224 292
79 -4.408640752640291 2.4613717920719806 288
80 -5.690670061114482 -0.48865876346395926 200
81 -1.7908489535941514 3.074067588277105 324
82 -6.089415595600764 1.2015914916654156 377
83 -6.675103803765218 0.9971412294993939 121
84 -4.9986413703842905 3.2858268220754434 495
85 -2.0812653550469347 1.4761817822461811 299
86 -3.4426017574380325 2.986599227890467 333
87 -5.345297222278858 3.2881468525103257 365
88 -2.768121027193063 2.7479707454751052 301
89 -2.4727307289408866 1.9086584934700062 314
90 -5.328338030354402 0.8905707475954017 30
91 -6.8474812265125875 2.343664663775502 278
92 -5.03168804659438 3.0064649025262655 491
93 -2.65676588448087 3.66420660580927 76
94 -2.7612724198186243 4.036266859055691 359
95 -4.170626183413544 -0.5702472608004735 118
96 -2.827638760525788 2.4540452996824476 286
97 -3.814117559039878 0.38199526297597813 129
98 -3.6338167055890467 2.7830192770496014 126
99 -3.1848764494422883 3.8509455578323624 395
100 -6.011331195632825 0.13408071174628938 69
101 -1.708662914711013 2.9057721752998416 10
102 -3.3655887329344547 -0.1732542444851119 268
103 -1.6148935691569968 2.407423694623083 316
104 -6.2572604973596935 2.199645777123652 106
105 -2.8655504096238 -0.6210124008722023 456
106 -5.88669320329773 0.6950008862138172 247
107 -3.1471234837380186 2.896640015764485 493
108 -5.773469793926293 2.385425269708214 213
109 -4.005205128017607 1.8226001036289552 370
110 -3.0566584620976545 0.7720070949542619 130
111 -3.8913753905289696 -0.058634928983624324 73
112 -6.282422842181665 -0.09583618915013417 190
113 -5.511361608680335 0.24225739429258636 54
114 -1.763747334892792 1.1430846512006565 216
115 -4.623895397375116 0.3263815986817595 138
116 -4.684990846554362 1.4511521947901527 245
117 -3.491907284421118 0.3958186428193177 110
118 -2.0970258123518226 -0.24685349688378888 99
119 -0.985103298338299 1.9888593081253239 71
120 -3.890489424522549 0.8578447793492616 66
121 -3.2400839078915213 -1.050428629279991 246
122 -3.79316788918293 3.0231454321738243 108
123 -5.11650618237223 2.249065656689436 285
124 -4.153009392976645 1.020799126063396 337
125 -2.1465766611736763 0.019397493898183682 237
126 -5.052226160785143 1.2445036872755844 500
127 -4.193893960317479 4.37023498842184 447
128 -2.5918378914156417 0.4963189715548796 75
129 -3.7197386964137413 2.6044087723082656 343
130 -6.522986763508689 2.95257896581573 113
131 -3.2115255835626293 -0.5777690888448025 323
132 -3.6064558169400525 1.0259571508442977 167
133 -2.6764101118640267 1.9808695907787917 331
134 -3.732295418976738 -0.01737896461017804 257
135 -5.614010801593992 3.229036881881684 378
136 -2.3704459269123457 -0.49776801551021815 351
137 -3.035204564459042 3.6706255574270665 318
138 -4.146921424181078 0.6000410285627106 21
139 -4.785490002991927 0.7408723538127383 192
140 -4.800575363595689 1.7998105100912685 129
141 -7.164711569797119 -0.03800974049918732 213
142 -1.3793617864258623 1.426240882244167 375
143 -5.593453290870575 1.2654398679761392 84
144 -3.9923966278649554 3.0978690494662033 297
145 -4.806142340394705 -1.2633159064392423 464
146 -5.337413052026924 -0.7628528036898218 1
147 -3.171694445950461 0.4815841327284557 58
148 -4.936541338041705 2.5815124136075256 395
149 -4.294607956190058 3.388121019609851 478
150 -6.117746227554789 0.34180055312641655 78
151 -6.008086044630479 2.9768197282239703 335
152 -3.3495259924870684 1.5681338216999583 365
153 -4.001469574950036 1.1361946085589647 278
154 -5.167778556557464 1.459947621526916 245
155 -3.25738857919794 -0.22862722811281672 416
156 -4.178507070683981 -0.23253740609324935 226
157 -6.578453386571138 0.3270455472878454 218
158 -4.4950387940283285 2.9722889375330617 496
159 -6.944316766954582 1.6600411633162155 346
160 -4.934308514477454 -1.0997804694271205 216
161 -3.593819442107867 -1.3205986212665424 24
162 -1.7778590533960466 2.7199675088636077 260
163 -4.964355071729528 1.6079207288283865 440
164 -3.335772170736878 0.16884260655619907 266
165 -4.921247080206928 3.3681988375048904 395
166 -4.91024077464972 -0.4909825144237891 62
167 -3.4637740242731034 0.7852261687643001 310
168 -3.0140979293883654 3.232803231560811 417
169 -3.9276547553127967 2.394051481853888 141
170 -2.407896584080405 0.6647097507216089 23
171 -6.121886170535138 3.3970025066342333 95
172 -3.1757189276046556 1.3877930809025858 158
173 -4.647345113679922 2.6589697732343693 64
174 -4.699175444288427 3.4016722451849826 333
175 -4.984177486904598 4.112699542035021 236
176 -3.1860397566409384 1.133884468522503 54
177 -4.4870507047310975 2.7179787352820326 3
178 -5.4213794160578805 -0.5833383982359837 403
179 -1.0440384470626276 0.46377521928238646 282
180 -3.3600604187149443 1.855137577991431 5
181 -2.096944378242406 3.7620724643913004 92
182 -2.8826391449423183 0.08478909809387937 37
183 -4.2511815864994045 -0.04286413559063822 386
184 -6.474045929657214 1.9835832224765646 115
185 -3.6633264645739616 2.3310929908319107 424
186 -1.6487021031049094 1.999122607348965 207
187 -4.1399241651226495 -0.9071633345474666 95
188 -2.3887300541053915 2.216019937253971 171
189 -3.8375788860081625 1.5098046581135558 78
190 -5.57571185881064 2.0954437784036215 475
191 -2.7358992361395487 0.8343850822559977 64
192 -4.55055438087737 -0.4134255487140176 162
193 -6.824533250372845 1.3119497759514436 22
194 -2.359127522618147 1.163520037270465 147
195 -5.77867549393769 2.2018311293647943 161
196 -2.4100813209830005 3.1707248298645467 301
197 -1.7021402511696002 1.2649711706936728 230
198 -4.420002569932019 1.3039424204621728 340
199 -2.999706911185132 2.332080883500193 276
endpoint1 endpoint2
54 153
13 108
136 194
21 149
23 60
72 118
5 178
116 158
87 195
9 62
60 174
79 169
116 132
69 191
169 175
129 173
67 181
140 165
42 88
11 129
60 123
124 187
76 189
71 171
107 185
96 123
62 97
169 194
4 5
14 77
82 92
128 191
18 149
4 148
67 142
109 110
119 162
70 131
133 142
116 169
39 42
67 186
133 168
76 180
86 152
98 137
64 146
105 176
32 68
20 176
58 59
68 134
15 88
28 176
0 90
143 163
74 102
68 172
41 43
72 167
117 139
54 64
55 197
38 135
38 60
106 166
135 173
66 84
17 84
115 120
22 83
65 148
56 191
64 143
79 158
44 120
98 109
47 157
172 190
69 128
30 36
115 170
82 104
88 180
182 183
34 156
49 75
74 85
55 85
97 156
46 92
15 57
152 155
87 108
95 192
88 149
110 188
185 198
3 178
53 164
118 166
59 133
15 197
8 109
3 195
107 165
127 174
97 143
14 160
92 122
25 190
85 191
68 153
14 117
112 143
10 189
97 180
51 85
13 87
164 197
23 130
44 49
97 128
170 191
137 181
57 88
120 122
77 145
173 188
41 125
21 165
1 39
93 101
8 47
123 193
75 126
3 160
10 45
19 133
132 172
34 131
6 56
40 50
43 180
73 164
138 192
8 27
92 171
12 186
114 120
28 124
46 91
87 148
136 147
64 100
22 75
87 123
28 147
6 142
52 172
152 188
43 104
46 158
0 172
16 22
81 88
16 143
150 193
90 166
33 163
0 111
10 147
73 183
116 167
43 58
62 191
21 106
83 106
1 128
163 174
165 190
95 189
121 126
96 120
50 187
146 164
1 49
139 157
76 152
124 140
79 143
89 170
66 144
26 90
54 80
149 196
37 47
154 177
103 118
106 150
36 189
0 21
70 166
2 158
36 155
14 166
159 184
126 153
71 189
52 59
40 152
84 184
29 33
109 199
39 81
10 32
18 171
118 191
29 91
101 196
1 119
152 197
117 168
79 198
47 102
177 195
52 147
16 79
66 89
7 87
89 119
4 8
19 48
19 187
98 116
10 88
24 174
29 151
82 83
1 37
102 153
138 154
31 36
29 84
66 182
41 49
59 139
155 160
43 199
10 31
99 173
11 137
22 73
33 71
62 121
9 115
125 156
17 21
56 170
31 45
48 85
17 140
35 38
40 59
49 79
12 58
31 81
11 23
27 145
53 107
10 96
93 196
2 133
27 183
71 79
24 188
2 191
86 122
12 68
21 38
86 92
29 38
17 133
61 183
135 159
49 90
62 164
124 177
83 91
47 65
163 191
60 111
90 140
21 152
50 138
80 106
4 146
5 44
64 173
24 79
40 41
94 144
13 83
10 131
61 176
73 167
106 159
155 183
120 178
20 88
37 167
136 138
139 183
150 156
40 123
10 124
30 123
25 139
27 187
25 173
26 37
22 39
167 176
68 117
110 180
51 94
116 144
181 185
68 170
7 35
79 88
10 138
45 134
40 92
167 194
20 77
51 137
57 101
64 120
75 182
138 185
80 187
46 65
96 101
89 96
167 169
14 75
129 144
28 163
11 93
130 151
110 161
109 116
29 69
184 190
12 52
64 192
82 150
66 169
58 122
4 105
33 153
107 162
98 149
39 147
62 133
36 152
35 122
15 142
87 135
2 189
76 148
19 38
3 43
32 199
18 113
59 60
132 194
139 176
168 174
45 172
107 177
32 111
33 87
64 147
26 169
64 108
36 109
114 191
3 16
30 147
29 154
11 75
60 189
21 23
26 194
6 194
174 195
51 65
138 195
71 130
58 149
8 131
80 138
104 151
133 144
44 69
41 93
164 183
87 149
73 145
74 186
108 163
41 103
48 102
112 166
9 78
108 185
68 142
78 134
74 110
176 186
35 186
100 116
7 148
23 30
35 128
86 177
153 198
182 192
109 129
95 178
177 180
18 90
79 140
6 19
14 115
147 155
102 192
51 79
106 116
34 142
54 117
129 162
26 152
188 197
28 113
77 163
105 170
86 132
103 196
70 187
11 152
26 172
53 152
44 111
27 161
11 126
68 101
6 10
89 172
2 42
32 38
11 84
10 35
33 190
37 41
98 176
8 184
76 116
164 198
33 144
8 21
64 82
18 61
27 106
22 198
134 154
95 160
158 167
44 72
162 186
24 135
66 114
60 107
124 129
86 107
26 38
40 164
32 182
75 113
113 134
92 144
129 154
140 199
19 132
17 148
34 128
97 166
179 182
7 60
95 131
26 115
150 190
26 148
17 99
134 183
43 85
117 198
72 110
18 130
38 126
2 86
44 145
32 42
116 156
61 78
17 40
113 124
73 182
63 143
43 61
58 127
17 66
41 68
90 112
10 196
37 144
111 121
100 178
0 43
48 117
172 176
39 125
128 189
152 170
106 141
34 43
14 155
122 168
7 165
24 109
132 185
17 59
44 53
0 22
7 89
60 110
96 137
36 98
94 103
78 150
6 147
55 188
94 137
88 133
153 172
81 99
82 115
53 170
142 186
40 78
94 181
95 132
111 161
78 110
140 183
40 122
12 99
82 193
102 132
76 143
122 127
50 105
54 134
6 172
21 140
18 126
2 196
30 38
31 188
31 39
63 71
5 48
60 151
25 115
111 192
33 175
29 77
42 188
16 71
62 187
162 179
7 79
41 65
12 26
109 132
89 97
4 30
125 155
