nnodes nedges type
200 600 graph
nodename posx posy weight
0 5.024341135533131 -2.2579883557810665 242
1 3.328413439950731 0.5656117491078008 40
2 2.8145916519264964 -2.833463112517264 408
3 6.697431470573616 -1.8624865802200579 438
4 6.334254288909765 -1.2811624905611536 327
5 5.925444301168955 -1.1059825711049052 22
6 4.149569135099198 -1.450666033436497 202
7 4.601019115536174 -1.561254600442781 146
8 3.6151062131091476 -0.9357155225573646 350
9 3.7982358807870837 0.4374600651409263 35
10 4.867910020923371 -0.3384890798189237 161
11 2.6807410613756475 -0.3278152869903469 387
12 5.7644225710852055 2.049255301561206 41
13 5.747063313653851 -0.9043431009928191 269
14 3.3115177671750757 -0.5321559785229026 40
15 2.8809032358671414 -0.7528356909403938 289
16 4.860552552573898 -2.3966360269167772 387
17 4.609422295777465 -0.5734264195260833 80
18 6.949510284416522 -2.8003086152926935 407
19 4.534944933818376 -2.8805141631837805 266
20 7.331580366548843 -0.36012670355820264 63
21 5.9174902474893045 -0.03219157379770043 21
22 6.380028122769385 -0.28256913330611616 486
23 4.606775283771294 -0.011140171797318925 202
24 5.07180289309346 1.3406058441931246 243
25 6.317627181617283 1.0448758233002917 94
26 4.299942303833983 -3.364884349485949 130
27 5.660604563837494 -0.5369656265132084 218
28 5.558983439042368 -2.7302360077283265 455
29 5.78355190736884 0.0842935352891923 227
30 4.6728733139471155 -2.6144832445759087 384
31 6.4845769022319955 1.4214774892052828 466
32 5.96157564115176 -1.6942137309699872 54
33 6.8641911218401725 0.17901395705653106 445
34 3.771047452607219 -0.22714934558374494 232
35 5.894495844179559 -0.6201869952413726 53
36 4.022404705058555 0.7000911738384615 256
37 6.367143870075664 -2.1923111110483218 452
38 7.631920167412058 0.3797995518785312 162
39 2.883130105107029 -0.9239337167440823 74
40 7.504578164275438 -2.0643336195757853 53
41 3.1385490821793196 -1.397495048162218 471
42 2.32114339792458 -2.415390386999632 126
43 3.775320024156465 1.2327176721435529 342
44 5.281797016109656 -1.7193771726011258 388
45 5.254261480281986 -0.22405361573768826 334
46 5.185847212394771 -0.3811342530446292 383
47 4.837657426592847 0.18850553220330052 494
48 5.425895920104416 0.8134137474127489 40
49 6.422578926234685 -1.9677560771135174 342
50 3.977817727150092 -2.672620371237982 492
51 3.306622515118196 -0.0004399760724065412 166
52 7.244074187899912 -1.2241506848588768 448
53 6.8331922089408454 -2.3898944618582645 74
54 4.534950440108165 0.6741209119446345 191
55 5.944960091139716 0.28618601234065927 47
56 4.815350219767936 -3.0886299984123107 247
57 7.102333084268065 -0.11950245209386622 168
58 5.965483354004475 0.8597032516139842 49
59 4.599332502541759 1.5613310468946484 353
60 5.876174367386453 -2.520939705386242 76
61 4.90697203479271 -2.9084046996108097 307
62 3.2398468934941755 0.8936385565012122 483
63 2.1929437596795265 -1.1452280300730353 224
64 6.470101394787306 0.7405268670674807 187
65 5.7527826270473925 0.6495398232416284 116
66 5.479591599243652 1.1939935407142697 364
67 6.984938854770261 -0.9366516041176342 155
68 4.108992029821642 0.03775332259581544 190
69 7.498202993918943 0.13728643674764554 237
70 6.868554618894892 1.2658707607160888 402
71 5.527100089596192 -0.7806641623156263 252
72 5.747095082605737 -1.9971733142438248 267
73 6.150946465761128 -3.2402697358551484 355
74 3.656551136877589 -0.6149556199546677 239
75 4.27294470561044 -2.5043115005692296 189
76 5.3089557104840885 -2.422241015589327 416
77 3.7664587368270883 -1.0197256051833832 141
78 4.398323175967414 0.06023740737923015 299
79 7.329086943286848 -1.0179272763675067 113
80 2.616930780390038 0.3654658214981862 232
81 4.6716469477666385 -1.2952284225541322 255
82 4.708543186825213 -2.155850882259371 98
83 3.509983967554077 -0.2805361765856627 392
84 5.947545376427319 -1.5486719867232988 52
85 5.668572542777824 -1.387520665056206 219
86 4.475236088512835 1.1724432636767614 202
87 6.556258080462584 0.6262621423585321 202
88 3.64428004526992 -3.175101202079919 245
89 2.861660771179242 0.11755247805030751 500
90 5.366271553419536 1.5791251594092262 418
91 3.276654205580148 0.3994187540782445 132
92 6.076121045743218 1.8364901669495384 16
93 4.741132167283739 -1.7218150583686707 50
94 5.203605275981044 0.7323154261383023 141
95 5.245735706901284 -2.292912860270924 423
96 6.842473152119817 -3.385800949337206 485
97 7.957929315594421 -1.1653788522331192 208
98 4.5209409196709665 -0.94539945216264 58
99 5.235524096717992 -1.0774163083474415 352
100 3.5295417335756403 0.8954707440502606 247
101 3.1962721880390252 -1.0624324951274793 486
102 4.141477969743886 -1.9947540975855813 315
103 5.542971637496647 -3.3041065555056677 54
104 4.168356088045334 -3.0913129346619135 313
105 6.330490743041924 -0.42117056558149446 416
106 2.4963141241673075 -0.5405681617671311 132
107 3.6844143257205855 -2.48527495644179 276
108 4.771898318903001 -1.1222642890034669 314
109 3.899494999766234 -0.8828023865384949 377
110 5.568858205759326 2.2178593062292222 137
111 5.9417345203280805 1.2123526511930955 226
112 4.317196140229437 -1.6372123294546879 35
113 3.3904202600597078 -1.3504397263114725 113
114 6.556684572354379 -2.6422508960127633 115
115 3.108339137168951 -0.9679709125067053 290
116 4.419787258370273 -0.45050361442086556 253
117 4.384669546418121 -1.9970978395733332 227
118 4.9962221852599615 0.8705842747675877 40
119 6.673207125390525 0.3626019551023095 426
120 4.995413747352098 -1.6961170605535267 122
121 5.984571900047947 -2.8554163269081902 154
122 3.973795988097933 1.9210622134720192 242
123 5.360775144277038 -3.283195951150212 214
124 3.5742533405739545 -2.338912393256361 136
125 3.2343405708497968 -1.6467250295599123 313
126 4.3556943824328584 -0.20578386832887516 241
127 3.6852031922883963 -1.4653198127535496 68
128 5.99308141423419 -3.030354504823034 213
129 7.563371326062865 -0.5473812300821922 319
130 3.1062820664459085 -0.17834419312313246 169
131 6.744638952141807 -1.1983800392567348 386
132 5.545021134294317 -1.8558337515118026 142
133 6.141899266038326 0.2467815436967437 67
134 3.9448203947506464 -1.7602644192571648 202
135 4.713382165098697 1.9054504637174228 312
136 6.821105453255229 -0.6291971746658046 104
137 7.835762912084648 -1.8340229524645768 225
138 2.9845031960388946 0.6350274855723999 497
139 7.482701198403057 1.5307005400044777 24
140 5.359457762912066 0.19414478196680393 47
141 6.950065994577183 -1.600039558426616 283
142 7.140071268489035 -0.7035879674129112 320
143 7.466510504749402 -0.23516062533899418 6
144 4.271096201251865 0.9787664984461255 354
145 6.825037380692854 -0.42823675140392475 88
146 6.728283973503785 -2.597633981240029 319
147 3.827902684918195 -2.117475112411506 20
148 4.276280975957772 0.5215157958098018 338
149 3.4349129831367793 -1.8241307577300416 65
150 5.552374480130372 -1.1113903545921255 319
151 3.7106131974383185 2.3567425622499014 224
152 4.553374792729683 0.8358314213971838 144
153 2.732497122896425 -1.818729022742374 350
154 3.996207689426673 0.25238746059592204 437
155 2.5796041063200885 -1.7454009764742082 10
156 4.771151159548419 1.4552159610276676 40
157 5.048352424160517 0.39270684393047384 83
158 5.952977399313434 1.066269935505435 306
159 3.08236505343749 1.4874937989240191 481
160 7.517904100790585 1.0181466393903242 130
161 3.901865926459843 0.5605150281978176 409
162 4.7277082166948805 0.9163051798175643 252
163 5.111366564589414 -1.4837226755032142 300
164 3.9899636692293186 -0.29572141662118945 194
165 5.694326527349569 -0.1165946154783845 112
166 5.964821829411308 -0.4776733079146766 112
167 6.757443897348338 -1.637995024488483 475
168 5.865318774246539 -2.3817019239280186 441
169 5.264451835683183 1.31572011857491 279
170 4.457329723050357 0.4671909246882226 248
171 3.1476414562333845 -0.6086525455113104 434
172 6.280623840286686 -0.9128170111392618 109
173 5.018497883488931 -1.0287372541554756 368
174 5.536172952764804 -2.856283029842581 329
175 4.248679927659766 -2.8360532959291644 153
176 6.1046297948778845 0.5915621812486385 19
177 5.1487767561784885 -0.7493956664069068 36
178 4.829957800189577 -3.4703085107909986 336
179 3.383041748076586 1.2975441945787787 385
180 4.559314757453105 2.1448413034436107 95
181 6.502458263327688 -1.4483757927518706 437
182 1.972583679641096 0.7068822846761191 174
183 4.409606249821858 -0.5994001348190374 144
184 3.443387816625037 -2.0226124848174223 127
185 6.075781067441035 -2.0134582576165316 243
186 5.754750040184867 1.6716582280019034 135
187 6.317446417212225 -1.650767486251272 215
188 3.811283876463521 -1.5291505370872438 395
189 6.570039075317646 0.18813614433919085 280
190 4.876421346335704 1.3397995428092537 207
191 7.41068314049577 -1.7153502413071329 345
192 3.3844899156010264 -3.141132781847964 88
193 2.6961581911823465 -0.04599432194124085 252
194 5.3244936608528315 0.6369676324698651 300
195 3.9619857261958535 -1.0674641259494446 110
196 6.104222806580122 -0.8805048617396988 251
197 3.0153336954586134 -2.3508827127981626 395
198 6.8064159462888325 0.6678217525616997 245
199 4.1002383277649574 -2.3709044491548195 72
endpoint1 endpoint2
167 174
15 74
61 76
147 150
38 40
57 133
107 163
111 157
105 165
36 159
89 106
148 195
46 164
20 169
28 185
76 99
35 46
6 41
10 36
25 196
98 181
64 198
135 158
52 105
47 90
45 173
50 56
92 119
19 44
125 173
58 59
48 68
119 157
30 61
56 132
7 37
27 72
101 193
103 104
51 126
43 45
85 142
17 50
48 176
51 157
45 47
95 172
48 150
127 184
27 132
104 188
18 72
41 197
62 152
71 183
26 56
44 98
35 79
14 95
98 115
5 173
82 104
94 152
54 190
111 194
136 172
54 91
20 131
44 172
45 133
161 164
153 199
144 156
49 194
64 67
0 28
47 86
11 138
23 106
21 86
93 95
173 176
55 105
125 153
7 125
167 168
88 149
89 164
76 102
10 59
66 140
41 63
58 166
7 168
111 177
178 192
71 143
5 82
138 161
11 153
66 122
21 57
32 79
98 127
70 92
78 147
0 184
81 84
25 160
9 190
167 191
92 152
23 164
35 54
11 162
80 148
99 162
1 182
89 113
23 86
36 110
125 171
15 188
7 115
92 111
46 58
146 178
57 66
72 195
11 74
77 98
132 134
118 176
41 51
118 170
81 164
6 82
189 190
28 124
162 180
33 111
141 198
133 185
12 31
1 6
12 144
117 199
78 157
64 129
113 166
2 63
78 135
36 89
28 46
102 109
85 171
17 23
67 132
4 71
75 196
35 131
45 131
65 87
24 101
46 120
11 182
54 115
45 157
133 162
100 171
24 148
126 140
15 130
33 90
10 199
102 149
126 150
86 100
80 91
52 60
19 173
28 128
68 127
93 154
4 32
161 194
116 154
90 161
76 96
9 34
24 70
79 181
81 107
36 46
1 68
44 165
148 157
118 164
131 191
61 185
155 188
19 95
150 173
10 109
16 72
30 104
71 167
85 105
7 94
104 178
75 134
60 75
75 101
6 11
133 198
84 166
127 192
9 134
14 157
37 40
68 161
50 192
156 164
49 93
56 112
46 108
104 147
145 163
38 57
67 196
5 99
159 161
155 193
55 156
25 133
49 128
0 56
6 149
84 199
52 167
112 184
74 98
4 60
1 86
32 173
72 84
109 125
107 149
117 177
41 184
135 169
54 126
102 164
85 123
27 152
12 25
117 197
33 71
16 114
73 103
22 163
52 55
44 116
97 121
21 150
131 146
9 63
34 152
39 93
13 170
157 187
22 116
130 179
7 175
163 195
46 126
52 97
27 145
40 103
13 158
42 192
46 189
27 183
64 154
137 143
126 148
35 94
140 152
62 74
23 58
26 88
91 154
74 126
8 174
29 189
76 98
72 191
82 147
15 100
94 179
86 161
14 130
112 120
8 154
64 94
101 163
83 117
113 197
150 163
32 109
0 13
55 98
124 175
21 69
75 184
91 98
112 173
71 98
43 135
80 106
88 134
3 52
39 83
51 89
8 50
17 144
40 79
105 142
4 198
42 77
5 71
126 188
1 138
37 129
138 190
108 161
15 184
34 102
1 59
166 181
5 174
31 38
67 131
13 175
49 84
17 163
150 189
87 186
83 138
26 147
48 140
15 155
77 172
164 188
30 98
152 154
35 117
5 116
10 65
57 79
100 156
60 177
53 187
4 37
14 109
61 75
26 95
119 142
43 161
147 153
0 99
149 199
71 140
54 105
169 176
165 186
95 185
158 190
85 108
3 140
7 123
30 168
29 129
85 176
68 152
74 124
23 165
18 37
69 167
136 191
37 188
38 58
98 134
19 73
77 184
143 158
41 195
1 14
23 87
47 169
68 98
152 180
25 170
85 185
125 134
90 180
25 69
39 77
51 91
146 196
68 173
88 174
78 161
185 187
7 36
18 28
23 152
21 120
105 140
144 166
26 117
61 168
47 98
62 183
47 193
17 194
83 98
120 128
46 183
62 122
72 108
3 128
22 172
53 150
44 121
99 148
131 145
60 146
10 136
3 76
75 197
15 116
56 123
29 74
4 108
10 27
126 165
78 116
8 144
77 170
33 97
47 81
19 61
51 177
71 82
87 111
25 87
102 103
8 34
61 73
130 149
76 103
31 55
122 170
117 134
84 132
130 169
78 196
73 131
50 60
24 55
0 32
54 151
78 144
112 170
0 185
21 34
128 178
47 136
71 127
84 165
95 117
128 168
190 198
132 166
10 132
133 139
65 68
20 93
34 113
25 156
82 195
2 178
22 177
138 179
32 71
110 198
100 140
0 93
95 114
17 29
184 197
32 172
24 194
16 175
7 183
27 99
133 158
145 165
66 83
30 85
72 150
39 153
12 24
17 99
62 159
120 130
31 119
5 119
16 113
29 145
141 185
153 184
16 23
34 161
4 163
6 187
81 113
49 72
48 170
113 124
67 173
6 74
3 84
31 86
78 195
70 172
13 22
59 111
98 99
161 193
9 186
8 10
148 158
41 171
61 184
2 101
66 165
108 124
45 149
140 162
56 199
57 114
105 168
170 179
15 138
87 131
6 121
96 137
61 102
114 128
53 128
19 155
48 66
29 183
79 189
9 133
54 161
13 84
81 142
53 84
35 150
17 171
136 137
106 184
99 167
41 98
80 195
0 178
33 196
18 137
90 176
21 140
62 89
71 118
23 39
77 83
119 172
5 65
64 65
115 127
112 196
6 107
183 188
52 129
89 154
27 177
6 141
22 160
43 109
