nnodes nedges type
200 600 graph
nodename posx posy weight
0 2.3413935197152105 5.813724595530052 81
1 2.8197049920927184 4.72334343743328 53
2 3.4527867206404186 3.5177232200153603 90
3 4.50580007250785 2.1860017852310145 117
4 4.230471882349036 4.170389009900767 96
5 1.6219788421101817 5.139119039890051 122
6 5.856147247256843 4.499441326922471 355
7 4.875940126568873 4.7335220934246065 155
8 4.088158049782482 1.735207438986429 294
9 2.7547401585581666 5.7971050394584545 124
10 2.4997478622077924 4.053149655737387 350
11 2.4878252049078866 4.709517560785528 273
12 2.338654769148336 4.572196029147949 205
13 0.5981993258228154 3.723676599336264 115
14 3.6401555044230154 5.068008989972737 297
15 3.574565778953539 5.802466007189252 475
16 4.430520178913552 1.4508196513005318 96
17 1.397416684010357 5.022175962417014 458
18 4.432786191455243 2.5420592736550955 495
19 5.122479703043646 4.5173499641653345 94
20 4.042455243086117 3.481741715709694 332
21 4.007360094295403 4.849651995026868 148
22 3.898929655038067 1.815189636757307 409
23 4.6240270023807915 4.121283483220725 160
24 4.616613224187398 3.92111950244352 467
25 6.1423403703037245 2.8063027911135863 151
26 4.527953417557056 4.078999808455952 22
27 5.780713499378835 3.589348138915924 149
28 3.7295253937412123 2.9608258701721035 271
29 3.316406051273295 5.253125891756571 220
30 4.877644923112238 5.536364760501236 152
31 4.726381567185463 2.6401977879063625 49
32 5.455040129378054 2.768423446081173 492
33 4.218714206226939 5.0319157815289 291
34 3.5781990341262104 2.1273032753715158 428
35 6.524558488870992 4.020286791713155 454
36 3.902307939009473 3.651873191763963 8
37 3.1658007436821225 4.530243821421765 98
38 5.528122676292842 6.2544758278265675 124
39 2.0021659948742077 5.921969681839559 62
40 2.269340485968828 2.3108833882728947 22
41 2.195667937569114 2.928249138672756 169
42 5.19537810249389 1.4305105524124928 228
43 6.041165918394852 2.2221346518447445 466
44 5.62997284743653 4.8851979947697375 73
45 4.10459831834475 3.5617295247839627 16
46 3.5708180287680866 3.3708361741072745 379
47 2.690320935860857 4.037469858833666 339
48 2.928672972087859 5.657662969006402 323
49 5.1002993578525375 5.342668082043885 133
50 2.734409119822898 4.880248709110445 29
51 3.6310446121058737 7.196688955731972 477
52 2.356729186316787 4.973066812018284 304
53 2.901423530260934 3.475258406771601 334
54 2.775789068853809 2.2246486835206314 349
55 1.889542309739782 4.316037772603342 228
56 5.236465013945734 2.3670474351952002 305
57 2.4504109872576088 6.245625168503057 211
58 3.1827932919452637 3.715482945110283 1
59 2.73256373032915 2.846691278012112 289
60 3.949604708741617 5.887871931902905 99
61 1.1969989251980966 3.4796326529835775 472
62 4.970718450778642 2.8732479398878095 490
63 5.442446849172829 3.493158923751789 182
64 5.21783256278219 3.9258818888845024 451
65 3.8260100890189515 5.7413282891621575 457
66 3.9648689679299767 2.3179282596735757 458
67 3.4850853567848437 2.9236185121370113 81
68 5.0458628306242534 4.806877343175653 298
69 2.3028220997414315 5.395967459972957 211
70 5.284480602317353 6.4186386572151966 49
71 5.761952445289006 3.855230964387317 489
72 5.171755507293595 5.746892596458754 478
73 4.488262250454924 4.543996581869468 107
74 4.7220336365310605 5.394225148673562 480
75 4.629266668088075 6.908067115460195 12
76 4.637209479141103 2.8808805722671025 351
77 4.534974519553808 5.785514952377712 36
78 3.9814613539084824 2.9683365027324924 152
79 4.300584427521924 5.854718811443913 487
80 1.4915313959153178 2.750586878560117 410
81 1.948754939017392 4.58460337012902 435
82 4.6607918505319175 4.962488002582907 351
83 2.0301602149087508 2.113878055949677 497
84 1.1425429821842985 3.604945233280189 253
85 4.817874190304609 2.456182813741731 416
86 1.7430359363129895 5.5537372756798655 68
87 5.539512546594279 2.4588993230975573 361
88 2.836638769650026 4.1697930184703385 348
89 1.3105653981776906 5.276753590160751 154
90 3.285176044772574 4.109529527439344 209
91 1.5786847711757648 1.9239151832586998 440
92 3.880091212549092 4.3468295279668885 416
93 2.907627327625575 4.989944396670652 447
94 3.20293315298196 6.387758818834554 63
95 2.095693544642522 4.044197077822791 279
96 2.394413656806738 1.2261865766743387 186
97 3.33962626434878 6.448202297945686 220
98 5.911856740121534 4.155918175965077 267
99 1.3219641399724895 4.199024060287608 65
100 3.5118497090143257 2.4138950567475472 25
101 1.56250622505452 3.2912938569310093 370
102 3.3977624789932874 1.956553993399601 336
103 5.621370193380163 3.2130724794713186 183
104 3.743968284238821 4.784073770049142 121
105 5.957335560136283 4.637322391427764 420
106 3.852124223078383 1.5665330907214785 456
107 2.954844157378438 6.388760960029878 236
108 2.6547735029645194 2.983675836899741 63
109 2.651131045339498 5.943202818644638 97
110 1.7913328267837763 5.787523895070471 180
111 2.8736953786379233 3.023353831016386 259
112 5.156544417942477 2.046311342381196 282
113 6.197431568636395 4.005131158710829 9
114 4.6251618136497505 3.4029586169738884 185
115 6.955442047303486 2.8252505470737606 176
116 5.6002699124513216 5.0668566541965445 334
117 1.7738672560971582 2.735635994546803 278
118 1.504920927351699 4.764612675823166 373
119 1.9932700949896138 3.255527053494547 211
120 4.952438593653932 3.6785841226877927 330
121 1.249217245756649 2.2680564368475817 256
122 4.850135260452683 3.1787536446951776 11
123 3.7641223241407236 5.0370860523296415 45
124 4.670373301167439 3.5535131237492386 34
125 5.000662803627466 3.8106980813698255 197
126 1.4935370826163858 3.6261184901083507 194
127 6.187259222114814 4.993073131488012 168
128 2.0537678184624903 1.7386401563418392 138
129 2.1675551752470152 5.587346470588158 383
130 5.62143000928107 4.6528043874875085 148
131 2.44561684938209 5.473756176459775 470
132 4.255150491631715 3.7496161416318112 404
133 3.268608391258052 5.80209954715622 429
134 4.564578178053252 7.177863599383227 472
135 2.1387965962395694 2.5854363541322374 162
136 3.2641012553753264 2.5741779363131654 72
137 2.9337514634451334 1.7348080805458188 130
138 3.344971758597405 2.6468300870137638 235
139 3.1098578765951115 5.150573060864983 325
140 3.282286578044068 5.989016125035848 27
141 3.2994861865498355 4.98088946660083 449
142 5.487375854040896 4.447468490959168 364
143 3.079498105140139 3.9434879977375963 195
144 2.60705208437729 5.046546043990112 369
145 2.5728636747656393 3.828131079586924 420
146 5.68359167538062 5.569266953030713 295
147 1.1012863353625433 4.280475536400216 456
148 2.1743514979118594 6.313309793831595 492
149 4.07437797165303 6.165380073059962 88
150 2.6972564868578464 6.298120413795528 305
151 2.550973611601045 1.681672107717056 478
152 2.7721752107541047 2.066178097061034 492
153 4.70013596625099 5.717051702766429 429
154 3.5675113475335802 6.272811510826051 262
155 4.122591630651342 5.410156018850938 63
156 3.9143600676930097 2.6496485916188584 135
157 1.3210036373756346 5.78701839425171 291
158 5.304318275699519 4.133558426027002 292
159 2.9708902608211383 2.5975774036502246 263
160 0.8273176346605166 4.928550391621364 76
161 4.3616896372656 5.5472455212944745 468
162 4.233911722390667 6.320336437614285 104
163 5.8625688862188845 3.11651119396976 360
164 1.727801439545 3.388031012605347 389
165 6.392437207445825 5.2585587754681855 252
166 3.7543479737872487 1.7589870097355336 370
167 1.5392470077660585 3.8570136042666645 442
168 5.360758250733508 5.180613728581962 336
169 3.1130175918427807 1.9833910818046414 481
170 4.217316082037427 2.691169647081607 420
171 4.40145086293786 2.1389954565178217 352
172 4.550889880143238 6.070935449774546 135
173 4.801577276682596 1.1324587236610937 389
174 2.3228102638440578 3.6788218518730034 248
175 3.0960934222736425 3.2832765638551695 431
176 1.8277699368751443 3.0432463205416607 457
177 5.4961648620262995 5.782892075594403 381
178 2.7766856785795038 3.143946075707226 433
179 1.1591556977238682 3.998903431865671 437
180 1.8591546541397563 4.022497912047229 120
181 4.509882998753922 4.766389896142814 12
182 3.706776125223869 3.9055675652106094 31
183 5.185375649666928 2.899676536285697 72
184 3.6469557329106834 5.353330744825912 423
185 1.4915174000797706 4.440446823908928 399
186 3.9480733925735607 4.17534933600204 86
187 2.5999223308913817 3.4128351557734296 254
188 4.235633183141571 3.253006091328034 178
189 5.160810000241483 3.4205205645566865 165
190 2.774395677938575 1.7116616192617615 392
191 3.4449207534093245 4.394194204576099 239
192 0.5845460492457858 4.618399928672757 412
193 2.1606035131463193 4.388946335544023 282
194 1.991092609991963 3.4897899496974603 246
195 2.293230886956576 2.5471638534009866 125
196 3.900222407779471 6.499357833555969 62
197 4.234505842176418 4.355601141539039 97
198 3.332121462376231 1.4048601692852927 10
199 2.045544989217036 4.9469844818848285 115
endpoint1 endpoint2
29 50
136 194
104 109
53 188
141 145
30 51
9 153
118 160
78 120
44 56
101 185
123 132
76 189
21 81
14 162
33 95
101 131
90 152
8 87
26 161
65 154
13 101
45 197
146 189
86 93
28 32
118 129
61 69
117 152
63 168
2 73
17 39
7 44
190 195
98 181
4 178
109 110
25 103
174 187
103 115
58 141
41 179
18 62
143 159
26 168
22 178
2 12
46 52
47 174
3 152
23 197
12 90
147 164
2 64
66 128
29 88
18 31
12 41
86 185
26 116
11 191
22 83
48 150
35 105
150 157
126 135
45 64
120 127
30 149
59 85
102 156
72 107
53 151
73 99
37 77
89 185
58 194
19 27
33 60
93 131
81 90
74 75
34 156
29 168
2 117
126 194
41 54
120 186
68 177
113 127
27 103
132 183
88 119
94 196
76 170
8 102
47 86
145 179
133 164
23 106
34 195
21 48
55 140
7 125
54 159
94 131
7 27
78 178
28 188
26 92
141 143
69 147
103 158
54 171
7 168
80 135
57 139
66 166
88 199
20 85
67 183
1 155
40 106
111 159
90 124
10 111
17 88
139 186
37 156
71 72
69 104
16 108
139 144
93 149
166 190
45 102
37 89
23 45
20 145
13 160
2 71
131 162
18 173
38 168
15 97
62 171
51 150
73 133
39 139
17 81
34 112
108 143
191 199
40 119
25 56
21 66
90 139
9 68
94 141
13 118
70 105
6 38
36 82
63 90
13 80
88 175
24 193
120 181
164 170
58 119
114 120
85 125
5 129
35 113
7 104
114 183
16 112
66 102
178 185
48 196
45 88
118 145
88 144
29 53
20 30
178 180
39 69
3 169
18 159
28 93
10 147
61 160
3 85
15 29
26 158
124 184
12 143
188 190
3 136
95 194
113 177
36 64
116 154
49 104
37 197
90 161
48 74
54 80
129 143
155 188
125 197
33 158
56 105
31 92
135 187
56 198
125 182
0 11
14 47
111 135
137 178
69 86
71 189
84 91
77 150
4 138
78 145
40 152
9 65
23 49
72 97
125 138
40 190
12 95
69 154
128 169
81 143
1 119
111 166
133 148
92 174
101 136
45 67
36 104
18 136
153 182
41 47
22 27
132 174
84 139
38 94
106 152
31 66
48 180
26 112
7 182
79 98
68 197
141 196
183 189
58 95
37 111
46 186
138 187
41 100
24 181
10 67
73 103
26 46
143 180
18 120
20 143
175 197
135 136
52 123
24 103
106 173
92 188
144 182
117 164
122 136
20 74
15 140
146 162
69 107
1 55
21 60
169 195
46 167
41 119
61 108
43 142
84 179
73 114
95 99
9 185
33 186
54 175
113 116
132 186
110 140
111 189
62 63
36 54
149 172
67 187
123 154
52 150
64 116
24 58
14 45
139 148
179 192
35 71
110 194
143 186
60 69
2 41
21 130
101 111
40 198
17 144
77 127
16 171
30 79
14 133
19 76
122 132
6 113
3 113
104 187
52 187
140 142
46 62
124 156
60 92
5 174
28 53
54 135
44 149
25 114
8 31
157 160
37 57
55 195
67 169
119 175
87 186
121 180
88 118
57 131
94 199
2 136
180 192
103 171
75 140
108 182
98 103
143 182
68 124
79 130
20 163
52 95
14 109
107 118
91 135
10 181
20 137
40 61
10 58
49 77
32 156
6 73
74 196
95 185
34 120
108 151
139 145
80 95
90 131
109 176
74 146
20 170
37 90
94 133
11 82
24 74
34 145
1 193
33 184
40 193
50 197
65 70
107 155
144 175
18 63
65 120
11 159
125 172
77 146
40 156
25 35
80 108
43 112
8 46
99 117
117 138
69 160
164 195
72 142
5 69
82 162
36 142
11 148
100 163
155 197
134 177
45 191
19 191
114 182
36 114
56 166
49 158
104 105
172 191
10 174
53 176
65 167
36 88
62 197
63 64
28 166
6 197
26 82
0 193
19 139
16 43
23 30
53 90
135 143
117 147
0 110
37 39
8 138
67 171
178 198
44 60
80 167
57 107
20 62
100 176
19 35
99 157
5 191
52 89
59 174
0 79
131 150
153 165
93 181
82 122
4 77
5 192
100 194
111 176
8 151
123 153
126 182
138 174
0 10
101 128
181 197
23 88
46 171
32 64
28 158
3 45
59 88
114 130
31 175
15 92
100 122
6 183
22 138
26 78
110 144
123 158
54 102
169 191
26 141
64 72
53 199
45 170
134 154
28 102
159 166
12 97
15 52
4 15
91 102
46 59
74 155
50 69
77 196
10 143
53 95
17 55
20 100
32 130
54 121
83 137
36 136
44 71
131 193
140 172
56 66
45 189
70 79
71 87
23 68
78 132
9 86
33 49
79 129
89 160
68 188
18 182
180 184
53 66
33 132
79 104
133 161
97 139
31 124
47 185
146 165
58 67
4 27
2 55
171 183
18 114
103 189
37 93
58 187
93 179
37 46
11 55
29 65
27 113
47 114
11 174
77 161
24 156
140 184
1 178
83 88
21 191
9 126
139 149
12 157
26 170
21 153
59 90
4 191
48 88
50 193
42 171
108 123
7 184
42 76
37 184
28 195
4 122
1 104
31 98
104 186
163 165
76 143
96 128
26 58
80 195
29 150
59 190
84 174
50 67
7 155
14 143
144 154
187 195
23 114
14 177
20 76
122 142
1 140
183 188
96 135
34 96
47 178
45 85
93 123
