nnodes nedges type
200 600 graph
nodename posx posy weight
0 -0.34054202956757573 -3.6151362053730898 309
1 0.49552789227846383 -0.830776882823576 195
2 1.262830646556096 -3.543448221371073 128
3 1.9765008400636621 -1.664130163415802 408
4 -1.630164397951392 -1.5238226734890845 462
5 3.0073321674726103 -3.646039296458924 149
6 -1.3781362508814345 -2.6869796745875516 147
7 -1.2102337952511362 -1.736128533333156 15
8 2.1806179474678364 -1.9892123366363723 292
9 0.40947290928546237 -1.711926205682308 476
10 0.07608922415237242 -0.9467080405702779 485
11 0.059922067951817176 0.16771240298014367 385
12 0.512624199521192 -3.45912135465368 494
13 0.4925816851070215 -4.457517936143239 310
14 0.6277230436577546 -5.054586364060292 100
15 -0.5450799261194941 -2.3621621695065222 329
16 1.2949613709811034 -5.842690140487959 123
17 2.2911243604584373 -2.7981158576150387 477
18 -0.5647099148581212 -0.4577574285688182 12
19 2.826043799905439 -1.8726128300728229 399
20 3.413160490264512 -4.273966384741057 333
21 2.042044314609363 -4.349085195763015 438
22 2.342698449593572 -2.2149003306538675 112
23 -0.8401726945193835 -2.307807840248115 358
24 0.6760230178774442 -1.8413246212977563 307
25 1.8219170338027864 -3.6164813743461153 345
26 -0.881907340837768 -0.018767290036541623 51
27 -1.3354140785363282 -2.362579273827224 376
28 0.23128459931333228 -5.465240430584809 344
29 2.2918467089186425 -4.834505632804659 277
30 2.046048312654938 -3.1143729227781805 360
31 2.2363802901196075 -3.7800465973319075 65
32 0.9376665393393604 -4.805385260161603 414
33 0.9440941431889591 -0.6028659887728481 401
34 1.1460935931310003 -4.811785891446857 93
35 -1.5679239451936824 -1.6733552570772083 97
36 -1.0618349887991037 -2.4299150678507506 421
37 -1.7954727240732786 -1.146156114936245 277
38 1.9595613283932387 -3.5068546827420013 233
39 0.6405860060979273 -3.624757254920697 428
40 -0.5724972045247078 -4.207147415917007 364
41 1.0165847598276627 -1.3842056513190288 385
42 3.3571234008127346 -2.899719793742128 162
43 -0.1464061721969657 -1.4410867711125726 373
44 1.4245299754612377 -2.733176564651734 24
45 -1.5333745738702373 -3.827311694502673 265
46 -0.44196282563544154 -0.704387767881015 484
47 -1.0863872129253396 -3.295168243284233 271
48 1.3497642206346294 -3.2788469884858262 143
49 2.353888075907573 -0.5274539704789706 241
50 -1.4828451434070389 -4.203266210040912 294
51 -1.8632809880643393 -3.67090142186987 22
52 0.24721864161375914 -2.4390425465854335 292
53 -1.0462388923723513 -4.6928417042350326 478
54 0.38927062394757367 -3.074232218547796 294
55 -0.6449184328782902 -4.765291854533931 325
56 -0.15199164220187034 -2.5593401488325975 433
57 1.5688904533246242 -1.9666086294419778 363
58 0.09769239285956559 -4.616528621397986 500
59 -2.0303177115788675 -0.42594644517033525 96
60 -1.2105840605778262 -4.345677732817472 96
61 0.20818189330335826 -4.863495352652941 235
62 1.9401830325059561 -2.495102446081364 435
63 0.31557155274844734 -1.2393521115727895 403
64 -0.30782332227683606 0.1048204831179612 40
65 2.2394628647482095 -1.3423573099327897 99
66 0.9384137194343569 -3.440938065535207 269
67 -2.8595707989699335 -2.7272782638240898 163
68 -0.2531633488497868 -4.199578765500726 253
69 0.9667096784073325 -2.2748375273196735 249
70 -0.6391298639233277 -1.2353603140543556 456
71 -1.5703649558382387 -4.5107394565656564 220
72 2.4599502889021387 -4.614371801331384 118
73 1.0461608703406655 -2.731729158257665 38
74 0.2842034015189152 0.37021306306458546 399
75 -0.7872138401589533 -4.634398624848707 175
76 0.11645275155564198 -3.5951802676002793 286
77 2.1982115217356757 -3.5344375616636547 10
78 -0.0999853141912439 -2.173456501336844 319
79 0.21734394053911246 -5.206230678134624 467
80 -0.6505009514666996 -3.352091316219409 52
81 1.7209214083613673 -1.6165541133769088 223
82 -1.2471207912887359 -4.248398856725895 420
83 -0.018925750511870267 -1.774626992741938 196
84 1.0282816756862332 -4.367871287338334 258
85 0.1831927846907599 -3.0558190973821837 179
86 -1.4654593453107565 -3.248447575127331 163
87 1.0422647116834431 0.24728856693707776 392
88 0.3998486703383984 -3.8833762131680762 348
89 0.6078255923972126 -0.031215286772229678 486
90 1.5595325190428286 -1.3539903532580237 56
91 2.407517771445405 -1.909863354225479 392
92 1.0381060574778005 -1.5442615568181424 64
93 -0.31350200376008813 -1.1716888605607267 157
94 2.570814961671048 -3.377369411064582 111
95 1.1136340197217875 -0.7963433787045847 407
96 0.7166784613545152 -3.3123978366961127 134
97 0.20287504168336168 -1.456355189259061 154
98 -1.7947341873912097 -1.887817718867634 490
99 0.04356014966128506 -2.0819604939466028 300
100 2.062724672729922 -3.9540583598874344 358
101 0.449814966929439 -0.6108874833198761 111
102 -0.8251062480816541 -3.6893719147298687 308
103 0.29346763362433753 -2.126401711247211 469
104 -1.5547047837095265 -2.468541000512256 84
105 -1.4475558585428812 -0.5257355956516137 432
106 -1.1748198868720796 -3.853267577393771 429
107 1.8050629177163087 -3.943236117354862 377
108 1.8406984624820142 -1.1439667262584106 29
109 1.3823083018119544 -1.0265510102651219 372
110 1.6730798537039555 -4.084668133821097 433
111 1.921376654162519 -4.67888734698753 291
112 0.8615636378317488 -5.395041894987522 333
113 -2.114917836768009 -3.509430934530455 465
114 0.5561275877592824 -1.162202566612062 365
115 -0.7303410783143055 -0.8339896221678391 426
116 2.3251164588318063 -1.0526300913398203 114
117 -2.188179531115991 -3.181074513813568 53
118 -0.4470679403829436 -3.2325608782378614 84
119 0.8768643159342226 -2.072919920542454 258
120 -0.2488172325498886 -3.0911834224095642 165
121 -1.3478170000552407 -1.4866608223739755 308
122 -0.6518072542278379 -2.8221842179503773 381
123 -2.3319039727623125 -2.367759158854011 212
124 -0.5194457856196976 -2.0571375304951367 118
125 -0.5236820741896613 -3.090068612178668 101
126 -1.8896680919731823 -4.207423443287679 236
127 -0.28832576678218846 -2.6856921081896923 162
128 -0.11241556828849732 -3.872823342375959 65
129 1.3244213612444644 -4.0867476149381385 55
130 -1.1237237437698018 -3.0082028732370083 480
131 0.8493791642596513 -2.6756247475451422 337
132 -2.1048323346542115 -3.3153000131239914 72
133 1.6285553223507347 -4.8753439160599275 330
134 -0.11373746063729476 -5.1129135557771965 181
135 -0.01949813284981005 -0.33596793359761506 40
136 -0.006445367493549053 -4.2825504720604055 469
137 1.4287644988468444 -0.5723127160482621 383
138 -0.2019649982794633 -4.622803472449156 45
139 -0.9700754955517665 -1.3662208011299122 382
140 1.7373230757865563 -2.2742334487294866 373
141 -1.217109553424295 -5.04185758069815 229
142 -1.1621222370329438 -3.6061565859436455 451
143 1.5437927203501716 -4.457970830283975 284
144 0.7950438077721447 -2.88516250458921 81
145 1.9724033416683744 -2.7190230237393473 234
146 -1.9139236311084549 -2.3612126243474463 130
147 0.76034846082533 -4.57814446476465 475
148 0.875710950926549 -3.7685126356317977 410
149 -2.260648051978959 -2.9966683027372154 87
150 1.5802057440574515 -0.8403044446743578 20
151 0.8212267485807504 -1.6056569977240878 377
152 -0.09423101173895668 -1.0650313158677436 108
153 -1.2473106414984063 -3.1324298808266753 297
154 -1.5143798653880387 -2.957583014986884 249
155 -0.32433636538094046 -0.129584233038029 87
156 -0.7726925101253695 -1.93479780243134 260
157 1.506362296721825 -3.2724483698340636 165
158 0.20708629577772156 -4.464184786793296 305
159 -0.2831072653503319 -1.8297032046132264 138
160 1.4898417566692614 -1.640099635748205 390
161 -0.08022866162495022 -2.9034343570585674 53
162 0.8584101888897534 -4.222000530788578 492
163 -0.05695521617364363 -3.52890056843097 270
164 0.704358418954387 -2.3810404677302426 453
165 -2.091193509196332 -3.6051993827649533 490
166 1.0396189393921527 -5.173620858950749 421
167 -2.060500001343876 -1.0915816012304622 453
168 1.2642827695475851 -2.593825685365363 178
169 -2.1847317319344257 -2.5746207878076626 153
170 -1.824560875202234 -2.87740778868833 213
171 2.625795412080155 -1.7486685528307995 108
172 0.5260965951585738 -5.307165122422662 321
173 -0.9101874736163967 -1.812887160821209 400
174 1.1343388914249002 -3.94649307909635 454
175 -2.431719823173157 -1.6343105934240802 26
176 0.9160215849517944 -2.9928759125642617 356
177 1.9522606577519974 -2.897772669833162 109
178 -1.3831507383075627 -2.185059420599058 73
179 2.7244285545511984 -3.162671362988976 452
180 -0.36092775174436603 -1.6909922775108444 242
181 -0.9993370935546683 -0.9982171782429193 134
182 0.470306300069385 -2.8164106896434107 186
183 0.7902515285084164 -0.7652376354972018 291
184 -0.43171680061005 -4.1193122720576465 460
185 0.5656896697117163 -2.0783309866614066 440
186 -1.466688340584571 -0.9880896459136436 141
187 1.7433488534689023 -2.1062849203621066 278
188 -1.4962186031054763 -4.8049720574244255 409
189 -0.33635882148443613 -5.214763759874965 154
190 0.06559610230846803 -5.444816565970816 427
191 -0.49269367363561284 -4.734612022102918 153
192 -0.9183156208608029 -0.6577223989078613 440
193 2.780337400353426 -2.647330366717277 266
194 1.8849345245067541 -3.2612262211302414 239
195 1.2456678792290936 -1.9502084349637654 223
196 0.6255741006916612 -4.1415172657387815 328
197 -0.4926432913339111 -4.984255221121639 4
198 -2.2838902632727094 -2.19973870411897 387
199 -1.515088179537921 -3.498031747693297 243
endpoint1 endpoint2
9 173
30 160
119 145
34 191
44 147
9 183
33 160
101 124
68 190
132 188
47 119
174 176
52 98
8 107
119 195
13 157
36 159
98 142
109 151
0 128
126 149
86 123
127 144
48 119
68 122
69 116
183 192
36 67
55 161
57 194
13 127
25 196
157 179
69 184
103 115
22 195
56 82
78 101
89 115
9 124
80 85
49 140
35 70
108 171
147 190
75 102
45 97
99 108
48 68
20 21
21 129
44 159
41 43
78 160
119 187
43 178
75 82
39 168
65 193
128 194
154 161
83 125
6 92
88 112
72 147
1 137
146 149
41 96
98 115
6 136
57 69
29 148
122 125
118 147
62 95
34 162
85 173
48 81
38 164
136 172
36 37
97 186
57 152
85 151
7 56
94 162
161 164
122 162
81 159
97 156
62 185
1 130
104 163
60 126
93 95
101 152
93 121
100 157
103 128
94 131
131 151
59 175
7 146
51 197
92 129
41 63
4 181
9 159
76 124
100 193
10 156
163 196
76 161
40 106
104 170
88 100
23 99
10 192
0 130
74 137
134 196
106 197
32 79
69 114
37 192
3 48
114 159
34 39
106 126
81 137
182 187
116 171
49 95
43 54
5 91
12 131
120 148
138 168
90 97
84 96
41 125
3 19
152 181
70 105
35 180
50 68
118 170
92 171
23 113
17 193
77 176
15 159
82 189
18 70
3 114
28 147
21 174
109 161
16 112
4 132
39 69
117 146
110 157
23 144
9 148
14 147
107 136
82 154
66 173
12 177
42 194
21 84
25 145
85 96
144 195
60 86
103 164
128 134
93 119
15 168
127 151
43 97
1 43
73 76
50 118
153 164
69 145
39 88
8 9
120 195
38 44
2 100
44 52
22 69
92 116
33 83
61 141
6 120
50 178
146 159
16 110
47 71
89 137
108 168
59 192
159 198
84 184
57 63
15 95
11 87
62 81
43 155
128 169
50 75
13 184
8 22
30 73
65 91
71 134
161 174
177 195
73 139
76 176
173 186
112 162
47 170
102 153
103 176
86 104
56 162
36 118
88 177
43 182
40 52
53 120
83 136
51 104
71 149
115 124
8 73
22 73
19 57
5 143
51 173
114 181
45 86
171 177
112 191
24 91
99 127
48 85
118 163
33 155
137 195
38 148
37 181
48 58
54 107
121 139
80 176
148 194
31 133
46 167
99 158
0 165
75 153
0 66
17 133
13 163
31 48
122 169
60 130
25 96
83 150
96 190
151 152
127 170
55 68
70 164
23 127
134 166
27 140
104 180
74 181
57 91
12 158
62 144
134 184
34 111
94 100
99 135
140 151
11 115
62 77
0 188
7 135
16 28
93 139
66 131
17 25
86 198
78 163
141 158
91 137
182 191
45 141
72 140
104 149
177 193
155 173
77 179
140 176
163 164
36 106
24 39
48 100
80 196
10 70
122 124
53 136
70 192
103 178
58 197
90 177
79 133
3 164
128 162
57 183
52 80
2 90
54 185
36 199
7 154
27 78
44 179
17 52
48 182
67 169
12 61
63 131
54 124
66 174
27 154
131 194
166 172
40 174
0 160
84 182
56 145
31 164
61 75
11 93
32 166
37 169
174 177
64 192
88 125
47 118
12 52
8 108
64 89
52 99
81 171
121 167
133 174
10 110
15 142
92 121
143 145
21 179
9 122
52 183
76 148
27 175
53 132
138 148
99 102
61 68
83 178
17 38
127 199
18 37
84 129
54 78
15 102
96 176
54 199
149 170
36 185
63 159
166 196
56 83
71 163
12 130
83 93
40 118
59 121
102 128
168 180
80 86
48 111
12 125
2 174
46 150
89 183
118 153
4 186
11 33
17 150
24 119
84 136
113 154
30 196
4 192
98 167
122 152
7 181
52 159
102 161
12 185
36 142
127 187
101 180
76 138
167 178
50 126
18 23
75 197
36 175
90 195
26 124
46 123
188 189
14 39
71 82
18 90
60 85
124 149
36 121
32 194
173 192
103 131
61 73
24 69
156 182
34 148
30 54
84 158
1 69
15 196
32 158
51 117
2 103
77 163
121 165
70 161
45 58
124 182
65 101
28 111
27 139
41 81
32 106
143 147
91 194
0 131
25 54
23 88
146 184
166 191
39 86
157 176
60 158
51 122
2 126
76 82
27 106
4 120
78 104
43 70
5 100
117 118
65 144
0 39
24 36
20 42
73 127
28 58
39 79
15 105
92 164
158 174
120 156
35 106
46 181
125 163
111 112
1 63
39 110
31 157
105 192
98 104
38 193
73 195
113 191
28 47
55 174
17 22
80 123
54 189
58 176
93 186
61 197
53 88
135 137
57 157
85 148
90 193
47 117
88 122
120 163
78 122
44 62
33 103
78 195
10 99
138 165
188 191
7 96
46 69
55 106
93 118
44 114
79 142
21 39
63 192
129 148
118 131
54 180
97 176
129 142
130 141
27 113
24 109
8 179
84 134
188 199
19 94
144 172
113 198
50 58
6 121
69 85
84 100
56 63
9 64
3 150
56 156
54 143
14 120
172 197
45 125
111 187
65 195
42 171
62 174
64 74
27 130
164 180
133 189
104 186
127 132
98 117
47 181
147 197
75 148
118 157
4 152
19 160
57 176
66 157
38 166
26 87
32 174
86 178
107 148
144 154
29 77
87 187
143 197
96 161
33 108
133 166
102 191
86 142
35 114
89 97
68 85
139 153
115 139
