nnodes nedges type
200 600 graph
nodename posx posy weight
0 -0.811783532833138 -5.627482079952246 12
1 1.350112086165362 -7.192512797533212 91
2 0.5928316633902141 -5.024811484618627 408
3 1.8061174366532842 -4.799087590091928 339
4 4.702353168151894 -5.9601904605599145 263
5 3.0866290493040576 -4.268358348657094 125
6 0.2536855961397877 -6.87348342942893 381
7 -0.45598861158840276 -5.177144326724703 331
8 2.36526280356437 -6.665240434759161 163
9 1.9137186389854464 -7.115112781132672 160
10 3.553532188665059 -4.0132034836559205 130
11 2.791186688092326 -3.952552786097492 191
12 0.9996898080120766 -7.071868287942317 64
13 0.3251295075563518 -7.122478470098384 357
14 0.5486654274547486 -6.449380070146948 349
15 -1.202341786117308 -6.316214234901916 276
16 2.1288785344912777 -5.366944191294701 319
17 1.187191345899974 -6.093202785173819 142
18 2.028303636729244 -4.605368544172414 2
19 3.5153722541458574 -4.446329859401874 169
20 1.6966531819297437 -5.47152766275237 169
21 4.130658883976215 -5.534640569621204 494
22 1.1699552889584903 -5.331300627145117 119
23 2.2448120998995833 -4.4163282564496065 372
24 0.6764882923692197 -3.3581499841010305 256
25 -0.12146026966939097 -6.949714817924069 50
26 1.5331920607426 -3.4071397486914905 149
27 2.0205611993139314 -5.4449950546089445 80
28 -0.29002229884049874 -6.323533434444822 14
29 2.106845700141478 -4.81632758976142 299
30 3.306066241629116 -5.994446866745159 450
31 1.0708006720428667 -6.527360149101599 36
32 0.7258970976835613 -3.6753041822600157 113
33 0.232303344087677 -7.471800623508377 221
34 0.25044361285659483 -5.939791236870618 374
35 1.2821295873272498 -4.4249142033349935 135
36 2.857094429629356 -7.275728384937324 59
37 -0.9026906138366 -5.336621777730929 302
38 -0.2989418745713348 -6.749802569622726 65
39 0.9148812726181103 -5.4306519968477085 171
40 3.0134666800317125 -5.223830732443632 206
41 3.516482616611876 -7.035515995353137 329
42 -0.1703483849659364 -4.825340428444732 284
43 -0.7496930309808697 -5.379956259982593 74
44 2.122703562607172 -6.759593691401361 316
45 3.631281693997555 -6.113038613445381 105
46 0.8553156862094458 -7.9167285163479715 402
47 0.5198290102374262 -6.804869699075831 146
48 1.8856859228626845 -6.659224519346288 270
49 1.176917412655535 -6.014322045712429 93
50 0.7136478888774844 -2.6963803947597804 488
51 -1.4200832452144692 -6.5857934870967485 468
52 1.1543329347475306 -6.802210254413916 209
53 1.6892995128766197 -7.7040073969670395 429
54 1.4270302448314969 -3.335705577220981 485
55 3.4630531443689394 -4.87938887111061 486
56 1.3142669807830243 -4.993533268815749 220
57 2.793400596387612 -3.007855295413337 356
58 1.19066544345115 -3.883800857654968 38
59 1.4671354914480097 -6.0414135236302355 414
60 3.7268956074864112 -5.042846992182601 286
61 -0.43068061319643924 -7.349704633435246 349
62 0.5185079736456238 -5.590206369831056 34
63 -0.8370614028625191 -6.997763505994109 161
64 1.661010572422965 -7.395397654445187 105
65 -0.23707247556721067 -4.474377998445447 315
66 3.569273287170866 -6.3763852629240185 338
67 1.637860899333529 -7.016796394611482 353
68 3.9507913758101325 -6.865418661272088 350
69 0.2487135485457078 -4.3396513251700455 269
70 2.703139161037914 -5.713573412142927 261
71 1.0746543716681876 -4.639229992935148 218
72 1.4234794915787488 -5.625725473627444 405
73 2.247845377885712 -8.104273618478882 85
74 0.5866931985458466 -4.196260636860909 324
75 2.785319685095272 -7.02776641819442 198
76 -0.46021616486039024 -3.4164813092479442 124
77 -1.2193110620908438 -5.61743315930944 463
78 2.3108648017485076 -6.2802000117675325 58
79 1.6943279493563943 -3.950850464905744 307
80 0.16390163491595666 -5.311916272872102 45
81 -0.7727867391734584 -6.182664561793507 486
82 0.8060519645392696 -7.263763667186278 379
83 0.7454154941872607 -6.686786927750612 193
84 -0.08680261649351804 -4.250785277928055 222
85 0.8409401223004839 -4.9457704807754705 155
86 2.988329552817765 -5.853569036442603 263
87 -0.5039050060381637 -6.804444604215299 207
88 -0.41572643232743206 -5.405032449901117 458
89 3.5017620290546705 -3.848071231822078 257
90 2.5866131461968194 -4.976582747948865 471
91 2.7417626763768945 -7.855123452745554 135
92 1.9900634140815279 -3.355498508488619 428
93 2.503631258975515 -8.18643770163999 111
94 -0.3273667653656616 -7.655123376690147 91
95 1.2717402355851775 -8.17826202689925 96
96 0.46802408989936417 -4.911688642820366 333
97 0.2588359368277866 -6.299432487866009 9
98 0.9992098494908604 -5.693447957604942 492
99 4.309186546232181 -5.809953732586286 25
100 0.4322918753794077 -3.685424545824 450
101 2.9995049220481085 -3.8548680340510613 211
102 1.8464345262332726 -3.3400208028169884 35
103 4.317855194244004 -6.934034298588902 22
104 0.09078939873769507 -8.001874027072436 278
105 1.6466419585516003 -5.2732726699420125 458
106 1.6491394064023503 -4.227724852933145 106
107 2.489522822581765 -4.191869664561508 172
108 3.033020635456331 -6.300114878430099 232
109 -0.4798147770158491 -4.589674232041932 320
110 1.3656218033730658 -4.0191982075003025 363
111 1.9520863760572496 -8.175410402456494 13
112 2.6509845488116794 -6.132078550114126 410
113 3.204902260821183 -4.703711031252786 122
114 -1.1505071176615995 -6.948244108330244 448
115 2.6468970265361422 -5.544537257308508 325
116 2.4609596487882484 -3.343043618775112 312
117 2.5697293007259767 -4.573880401302099 474
118 1.2032890446250435 -4.698620270814889 328
119 0.47786568519744116 -8.537033824955873 410
120 2.2378322827660075 -5.517627800264365 133
121 -0.9087612514271909 -4.5817051232793755 302
122 0.7404562727813735 -5.984582978378089 257
123 0.8647420550782144 -7.665644293092683 286
124 3.1293603338968317 -5.858113034092374 446
125 1.9056010056985617 -3.6269139069776166 426
126 2.292949712513054 -7.515358081388599 104
127 3.309931640017779 -4.419296946753055 159
128 2.3794358187686706 -5.809993379857352 488
129 -0.102919591785537 -7.30995487318435 471
130 1.817595083625326 -7.9485897119035185 12
131 3.320086199383492 -7.874874963080492 151
132 -0.045915406721219285 -5.188609856975234 390
133 2.8752776304175707 -6.7043463881928345 292
134 0.30621346251978615 -7.856777428233513 428
135 -0.33374313967959324 -3.9044836631126407 213
136 1.6811449448072944 -5.018888205590778 160
137 3.2410469991795336 -6.788326430790175 17
138 1.2948767343453496 -2.8315606487177143 122
139 2.3521627162140364 -4.836091004756088 292
140 3.8658058002316715 -5.173950581444509 454
141 1.7231593039040254 -6.3979723795252115 213
142 1.4297127286664943 -4.57941451956735 363
143 2.883193833522562 -5.588421825201248 201
144 1.9945079965059693 -4.004594699685063 125
145 2.7887367558528777 -6.278535479014758 63
146 4.022464012094294 -3.918347362208973 164
147 3.3165746250060355 -7.227009622372488 171
148 0.11175587142225349 -3.600446533538953 322
149 1.976037328850973 -7.316855814177583 60
150 -0.2352020213471991 -5.785181581214047 269
151 2.3264777564679697 -3.6659268714309152 386
152 -0.5692215525744357 -5.836741450084448 304
153 1.646235318307219 -6.26101457103294 342
154 2.8152094641651684 -3.705882541603572 377
155 0.13497012415563264 -3.2203006819583035 228
156 0.6509899997171894 -5.355191276047848 373
157 2.3803470824706077 -6.446118987825723 487
158 1.174862907124676 -7.852328639025744 83
159 0.8975974836008442 -4.19180621893532 383
160 -0.14570630513328872 -8.099912025592419 262
161 2.237963800581839 -6.039826940397397 14
162 -0.09088191063184514 -6.606130205697334 33
163 0.364389201711172 -8.502124151558125 429
164 1.7320397658710334 -8.193580938071692 445
165 3.3636478238928182 -5.441194293775483 422
166 3.565394421043046 -6.733845492026566 99
167 3.2016665606576207 -7.3630743152255 65
168 1.8377402747764868 -6.40767827523172 31
169 -0.014373129313068026 -3.8536702480965803 367
170 2.6120384046670613 -7.310169495423847 130
171 0.37212527536219986 -3.970973154485117 367
172 3.1834577779656024 -4.341475826571348 313
173 1.421044507872557 -7.066986659303474 163
174 1.3451327209240502 -6.658542508418627 476
175 2.5857412300898766 -7.030644819745045 218
176 2.9552559580873403 -6.488574188435903 266
177 -0.010806521349264799 -5.028239192280973 413
178 -0.2952493250252261 -4.091693468482264 486
179 3.315140710284309 -5.121439236052594 331
180 3.96357374421635 -5.8971513276323595 289
181 2.443486349491983 -7.6062748512462885 48
182 3.0125330314297623 -3.460571515628255 321
183 0.43336418790404324 -6.3616203622139835 144
184 0.6867450247851583 -4.567887982925724 257
185 1.8482814605598503 -5.714448890428062 39
186 4.181603164051473 -4.573650954556224 304
187 1.2010384503453801 -3.4382212847872378 129
188 2.7097414264284896 -5.00628185560907 308
189 0.4676144611715394 -6.059316299073002 60
190 0.0682632960988595 -5.6182175040041695 279
191 1.9809108242292666 -4.328959369086312 327
192 0.700703754747607 -4.023783660899285 473
193 1.1886143568098118 -7.231662956802267 66
194 0.5330494458090353 -7.152056477506411 283
195 2.106213808665979 -4.0932658170449665 210
196 -0.8519199037760931 -6.515634027697815 29
197 0.3290027643599851 -5.107973991083298 306
198 3.5324354720943827 -5.4135119309842725 5
199 -0.8514850135112724 -4.318026325724331 132
endpoint1 endpoint2
18 128
97 120
158 193
48 112
75 78
4 66
101 124
130 176
100 199
67 175
1 122
78 120
17 191
42 88
113 195
73 158
169 177
107 185
89 106
14 43
124 145
74 139
22 187
127 144
78 141
11 125
50 144
99 103
3 185
156 168
53 73
36 55
96 191
122 144
16 75
17 83
43 69
89 115
31 141
46 52
114 190
27 60
28 63
8 45
58 59
88 135
15 88
3 55
69 135
52 193
142 184
38 64
22 142
35 178
7 156
32 169
16 172
44 181
120 179
180 182
46 115
121 178
86 147
40 124
52 132
92 100
111 119
64 143
10 71
105 195
80 98
18 124
34 162
9 59
53 91
92 138
86 176
22 112
49 194
132 183
5 79
47 104
6 87
95 149
182 195
58 90
31 115
65 135
171 178
62 70
20 172
22 152
106 109
8 170
66 140
16 176
88 199
117 161
17 189
33 123
45 59
24 54
40 112
100 190
31 134
65 152
53 131
80 118
34 77
35 169
3 48
25 67
102 115
151 191
41 175
160 173
2 97
19 98
20 92
130 163
132 195
61 174
66 91
56 84
1 13
120 122
35 72
40 157
30 144
102 155
167 180
78 188
115 167
26 195
184 196
73 164
106 154
49 80
68 180
56 117
37 61
111 173
17 74
79 96
133 185
16 90
96 132
86 139
162 174
113 166
168 194
84 85
58 192
110 187
39 69
52 83
35 189
16 143
118 139
81 114
8 139
69 178
61 160
3 85
71 144
86 168
149 165
81 183
18 65
137 167
2 135
71 174
120 136
55 107
63 98
13 104
129 149
22 23
37 197
9 34
30 55
97 177
38 183
81 150
34 143
93 174
54 74
1 126
77 162
80 159
40 108
123 152
56 198
23 125
22 69
2 23
124 173
16 110
67 122
96 136
106 195
2 49
22 52
37 71
32 39
90 168
8 48
190 199
68 161
21 124
95 133
161 174
70 153
3 105
88 109
58 106
36 130
44 73
101 136
24 136
127 133
14 88
48 98
90 137
50 135
137 157
23 78
118 156
0 94
32 62
109 192
4 60
151 182
130 158
18 27
10 140
117 151
75 193
67 167
83 136
32 121
41 66
47 85
99 179
124 153
142 157
39 105
49 147
171 177
22 56
9 174
33 48
29 138
39 71
3 171
5 179
45 112
19 140
78 175
79 174
61 196
63 160
42 156
184 188
1 123
16 189
26 156
44 198
86 128
108 149
153 158
51 61
139 159
114 134
27 36
183 193
3 144
81 87
93 111
58 184
7 142
161 177
135 159
52 104
105 133
39 142
3 98
181 194
105 177
14 87
12 67
24 169
93 145
5 165
125 136
148 184
7 12
78 185
64 173
20 157
142 187
146 198
129 134
35 179
13 83
53 83
17 170
6 95
2 151
26 136
17 85
22 82
76 178
49 53
78 111
140 176
150 156
168 185
66 198
85 90
110 197
101 144
112 186
18 127
22 128
10 41
97 193
99 120
87 197
72 86
73 168
83 164
52 126
94 189
107 151
27 100
29 195
103 124
17 78
72 153
52 130
126 137
129 196
15 129
14 33
61 119
71 80
69 96
2 59
49 145
11 71
29 49
18 118
153 189
9 91
23 182
28 163
107 118
61 194
16 153
23 172
31 53
106 171
97 150
12 173
13 156
56 195
134 173
28 109
33 94
1 190
153 156
137 141
139 145
3 140
8 193
141 175
143 191
20 170
72 126
28 33
131 157
78 180
70 113
84 155
113 143
8 13
0 122
11 40
156 169
49 88
21 127
14 128
29 120
76 80
1 157
70 154
39 136
106 188
22 192
12 130
84 121
5 102
56 185
86 115
112 175
29 154
21 45
28 56
21 128
57 172
116 139
13 81
160 163
53 123
16 67
43 194
14 173
20 64
77 177
42 85
155 197
102 187
76 138
84 110
26 57
92 101
19 191
39 108
94 119
58 195
5 19
0 171
60 180
43 148
29 141
27 42
8 59
141 149
185 188
58 178
107 115
38 82
136 173
24 199
44 173
78 82
60 136
28 122
11 18
32 125
183 185
70 174
110 113
66 70
57 107
60 127
75 168
34 192
147 181
103 131
54 182
55 60
32 184
24 69
102 192
9 158
88 162
38 47
47 112
120 168
48 133
32 116
27 149
7 65
94 95
40 113
20 197
18 85
15 47
3 142
19 179
6 157
39 193
3 148
75 157
43 152
65 171
116 142
135 155
62 168
12 166
37 51
27 106
5 90
75 166
30 143
74 177
25 63
45 68
25 33
108 188
153 183
119 158
184 197
16 54
68 181
86 188
45 137
8 133
38 51
78 115
3 117
159 181
20 49
12 118
72 110
20 31
27 44
128 166
37 84
131 147
22 29
31 34
17 141
156 185
29 165
38 80
66 176
116 186
59 129
0 96
72 183
41 162
24 102
52 96
1 30
20 56
9 117
36 123
28 129
69 118
6 17
65 190
2 81
52 91
18 151
19 146
47 141
40 184
51 81
48 161
20 106
8 179
72 190
25 97
35 145
164 167
176 197
92 117
14 44
6 121
80 83
44 105
48 108
22 150
5 45
127 195
106 125
5 55
72 165
175 185
112 126
164 174
53 126
31 98
46 87
30 141
146 151
66 112
120 125
177 190
33 196
25 39
31 150
14 67
70 108
141 190
123 194
11 198
66 157
16 139
88 178
54 69
57 154
97 158
187 195
14 62
107 192
17 123
