nnodes nedges type
30 70 graph
nodename posx posy weight
0 3.2927648962166343 -5.497613095864515 4
1 2.66474231484171 -6.856866901157381 74
2 0.6915668923360493 -8.101029611221072 22
3 1.9831185667819102 -8.256060926760998 26
4 2.627268966119766 -4.722822398440123 16
5 3.9311430096945474 -4.106908523060105 15
6 2.3544812954331187 -5.687701018166288 50
7 3.6373431025264087 -7.774075325475118 2
8 4.315595300904372 -6.982185505136375 40
9 3.3192332373369258 -6.671657947143216 9
10 3.85847570713379 -6.301019874883015 21
11 1.7277261004261626 -6.8791386450141285 60
12 2.872196988205349 -7.602987925565169 12
13 3.2113296360719947 -5.025150961570819 91
14 1.416052051980371 -5.7624588445493075 51
15 3.1824944281522787 -6.197990214104144 55
16 5.401571904570526 -7.203324019188627 1
17 3.543262199063289 -6.019607716144914 91
18 1.58429351482729 -7.348811888132992 97
19 2.4601783472757295 -7.79520884065562 93
20 1.7339232513630656 -5.174992180421529 33
21 1.6157090054782268 -4.44729747476454 100
22 0.4458405073749756 -6.705325929505247 87
23 2.2288171693307866 -6.225580771952004 68
24 3.3983683129009727 -7.038237255833101 42
25 2.2373571021424827 -7.02731875670912 16
26 1.695734176315536 -6.199874805097812 2
27 0.6925459186486526 -5.7097786117813 80
28 2.7752432286844235 -5.641699882887693 12
29 0.8846481279302075 -4.228372153846015 42
endpoint1 endpoint2
3 25
0 20
2 18
26 28
5 13
18 26
20 29
13 17
10 15
8 9
1 6
17 25
14 26
18 19
11 19
15 26
6 14
18 23
20 26
0 9
7 15
17 28
15 23
22 27
0 24
6 10
9 28
11 22
0 17
7 19
17 24
19 25
14 27
9 17
1 28
9 11
1 10
8 16
14 23
20 27
23 25
8 15
1 24
4 28
6 11
12 25
19 24
10 24
13 28
1 19
3 19
4 20
20 23
13 23
3 12
26 27
18 25
4 15
14 25
12 19
1 18
24 25
3 18
14 21
6 13
4 21
12 23
11 25
7 8
9 12
