nnodes nedges type
30 70 graph
nodename posx posy weight
0 -2.0935345097139897 1.2569213710134677 29
1 -2.1066354267869682 1.0026852774010397 1
2 -2.2213906937917858 0.10423365195646839 76
3 -1.1282253682665762 2.495869565096686 68
4 -2.4225689805347312 2.0406340852279916 10
5 -2.658875709955242 -0.6934179245981769 62
6 -1.3810543277067142 1.2959653054580085 65
7 -0.10472410770711615 1.9463044264794571 45
8 -1.107893636868242 -0.5544934179956 42
9 -1.3383475710744435 0.031883995230499125 99
10 -1.413314420499845 -1.9899208585240749 86
11 -2.611188635398253 0.001300109837331039 28
12 0.43934090075173055 1.2246504559098896 97
13 -0.6687458622982472 1.8133006940066339 80
14 -1.494741739117416 0.5374270460471489 61
15 -0.7743342602464199 1.103472539569593 41
16 -3.418436036779807 1.4846072208512313 90
17 -2.695012616183681 0.6187307751203129 44
18 -2.8367654968354077 1.0336956206854786 41
19 -0.3784715773462464 0.975381192938852 89
20 -1.9687361201898022 2.388022618140458 89
21 -2.7115574177711577 1.678279670782382 78
22 -0.8145069453457282 0.062244346241048784 38
23 -1.651433592704757 -0.9160797280141811 45
24 -1.9323798472480107 -0.33573743492207175 45
25 -3.4225155947156933 0.7695700737714516 1
26 -4.3686580872856275 2.0771928739941825 84
27 -0.26610602527125 0.2213720899571398 50
28 -1.648167915372595 1.7201832165343427 45
29 -3.5443784382235726 -0.04547214825821897 76
endpoint1 endpoint2
3 15
15 27
2 29
8 23
9 22
2 22
17 25
11 14
19 22
6 17
2 5
5 23
5 8
14 22
1 2
1 20
0 21
6 7
1 25
9 15
20 21
0 15
1 16
16 29
14 27
7 19
0 11
9 11
0 4
6 15
5 29
16 18
14 23
14 28
15 22
4 28
22 24
3 13
18 24
5 17
14 24
4 16
1 19
1 9
16 26
18 28
10 23
4 20
23 24
2 14
17 18
21 25
12 15
9 27
6 8
4 6
18 25
13 14
7 13
4 17
19 27
12 19
9 23
15 28
6 20
1 18
14 21
11 25
3 4
0 2
