nnodes nedges type
30 70 graph
nodename posx posy weight
0 2.894331463935574 -0.951963361910274 52
1 2.5592284298951444 -1.642788141572402 47
2 3.232182452447488 -0.2741597406751605 87
3 2.8075783209969716 1.0904908716173076 10
4 3.9876237021271757 1.3506647414969386 38
5 5.390457876144264 -0.36451659067346415 50
6 6.117623766852084 1.2294701233856364 79
7 3.1209721892123707 1.7829525327396993 43
8 3.6300771799030294 1.6956551805159075 46
9 5.085218548120539 0.9634795860058633 74
10 3.430271430835583 0.9317218855397665 51
11 4.633583975892713 1.0281003822410686 91
12 2.5727042419918673 1.531424769505663 95
13 5.5265016770800255 0.4928603956714112 100
14 3.375057874439968 -2.1008925677405608 89
15 2.25990408780616 -0.46036552751926935 8
16 3.489206789950115 -0.8474581597973423 2
17 2.396551098016864 0.10617533942483494 61
18 4.700573852293845 -0.7923683027698492 67
19 4.322597764126736 1.6450699033259009 23
20 1.6623140533118355 0.5987577263835983 2
21 3.0435418828328795 0.41218793715145685 50
22 4.004585188816189 -0.6675660191729473 97
23 3.247202332335771 0.2168960066897061 80
24 3.8238713273084857 2.2172657425252145 35
25 4.891774946588743 0.12602091766560955 33
26 3.8705490269634257 0.21315843211476518 89
27 4.214244258611357 0.16250780554343305 34
28 4.270220360155393 -1.2990477797245688 64
29 4.909747241797962 -2.2710932534467108 62
endpoint1 endpoint2
9 26
6 9
18 22
22 23
15 20
28 29
22 26
5 13
17 20
16 28
3 21
11 23
8 19
2 22
16 21
5 26
25 27
10 21
11 24
3 17
9 25
2 26
0 28
3 24
12 20
15 23
21 27
1 16
18 27
8 10
7 24
0 17
7 19
19 25
10 27
7 10
4 24
2 15
2 27
7 23
16 18
11 25
11 13
4 10
12 21
2 10
17 26
16 26
18 28
3 26
25 28
0 23
0 1
3 12
14 16
18 25
8 12
26 27
2 21
12 19
13 27
17 21
4 26
16 27
6 13
4 21
8 27
9 19
15 16
0 2
