nnodes nedges type
30 70 graph
nodename posx posy weight
0 -0.6462512357279148 0.7416315914440161 18
1 1.5329102364476634 -0.20437895213760254 69
2 2.1643204786949273 -0.8172002671424273 53
3 1.8520143203947463 0.4719365776646163 84
4 -0.25167990213678404 1.7640865427901906 11
5 0.5575651639121971 -1.0489831433914405 12
6 -0.7765424018491253 0.031775600691060245 60
7 1.0155264428950699 -0.20908367607050837 40
8 -0.23714936088401534 1.2676090502051973 57
9 2.319918963944708 -0.4764231089094062 34
10 -0.14164633352046094 -0.018051629202672517 13
11 0.44154047515860434 0.6436519004302365 25
12 -0.0228275223813661 -1.9050802210472382 44
13 1.8746421223819427 -2.248654204306102 77
14 0.8167421553991512 -1.7192191655675608 89
15 1.028062037257712 1.2352653971326861 57
16 0.03237310276526304 -0.6282636152001018 3
17 -0.6867248443934099 -0.9106123099173643 57
18 -1.3940230151039794 -0.32704151037914214 98
19 1.5821581391411763 1.4336213415594512 72
20 0.4758133064107337 1.5168040020937419 99
21 1.4257314324241643 0.820122864726166 18
22 0.7240079041593726 0.4146850792775121 45
23 -0.22200689204213012 -1.765176342619172 32
24 -0.5699275528367158 -2.9205179267597514 68
25 -1.0410455601670263 0.8884078585893751 45
26 1.2299837066892727 -1.234043549502039 46
27 -1.1146799267150826 -0.6053489911550854 57
28 0.13114717975891216 0.4215795388412842 70
29 0.46424540332219155 -0.12010338190043045 41
endpoint1 endpoint2
9 26
3 15
0 27
1 21
10 11
11 16
0 20
15 20
28 29
13 26
3 11
16 28
10 15
14 26
5 26
23 26
12 16
15 19
6 17
7 11
2 26
16 17
1 2
20 21
5 12
8 20
12 24
7 19
16 22
1 5
10 27
8 29
1 28
0 4
0 29
5 29
16 18
19 21
8 25
20 22
12 14
0 25
6 11
8 11
3 9
2 3
1 9
16 26
11 21
4 20
19 20
14 29
25 28
17 18
4 11
11 15
22 25
5 10
1 22
7 26
18 25
5 16
3 22
10 16
21 29
0 6
20 28
7 17
23 27
6 16
