nnodes nedges type
30 70 graph
nodename posx posy weight
0 0.44954012784866887 -1.453552852561383 51
1 3.915093486479518 -1.5846167628238723 85
2 1.887700092701485 -2.5463313526607907 32
3 1.6766910904645749 -1.7494180927825822 82
4 5.028561428439274 -0.2624132980888382 54
5 2.5027612007743008 -1.4644065839146605 46
6 3.1901438172627063 0.195716233269307 66
7 2.8765367479474713 0.7188394410258108 1
8 1.3362957934425383 1.4073692707563898 100
9 2.448347857105 -0.9123533550546286 75
10 2.806914508668535 -1.386736437987232 26
11 3.9056342421436883 -0.4111792442906646 9
12 1.1903020889605178 -1.7107247034365083 72
13 2.5480938658654364 -2.0619945100900927 9
14 0.8441230249700545 -0.39007003241049454 70
15 2.924435402536696 -0.3106288256104529 31
16 1.7388866270218377 0.506741186633511 93
17 2.5350705858401272 0.31199251845345066 79
18 1.8423297583444764 -1.2685139761761979 56
19 3.2639871178476323 -1.5001671579665148 78
20 0.07887527427886976 -0.2474669652413774 21
21 1.2519355796902338 0.3921257066407363 56
22 2.2887343947898007 0.8890152508600384 80
23 3.4163657223315056 -0.5260835658791153 29
24 0.8198631751897075 -2.517186808238691 1
25 2.005821779755022 -0.5855999954858974 49
26 3.914665968769817 0.30733013875058396 87
27 1.9445102425748382 -0.20315390119333937 4
28 1.4438612101407056 -0.4468614864232745 23
29 3.474047006097614 -1.0696911696670288 54
endpoint1 endpoint2
7 21
0 20
5 6
2 18
21 28
5 13
5 19
9 29
19 23
23 26
7 11
2 5
1 11
15 19
11 19
3 14
6 17
16 17
3 24
17 28
19 29
20 21
12 13
26 29
0 24
18 27
13 25
9 28
14 27
10 27
9 17
15 18
17 23
16 25
1 10
8 16
5 29
23 25
15 22
1 23
6 11
1 13
10 13
7 27
12 25
0 18
10 19
0 12
9 10
8 21
11 26
3 9
3 19
2 24
5 28
4 11
25 28
21 25
22 25
14 16
18 25
7 26
8 22
10 25
11 29
16 27
18 29
11 15
9 19
6 16
