nnodes nedges type
100 150 graph
nodename posx posy weight
0 -0.7925867925794352 0.7000989900794214 2903
1 0.9230990684892644 -0.7615589412135535 3525
2 0.9378053954221944 -5.438498655450624 2248
3 3.869827042334182 -4.787456286776998 3066
4 1.9605594163199886 -0.5676692869400639 3444
5 5.136772503981838 0.2352364998193037 3484
6 1.7157114533476725 0.6579046153163134 4241
7 1.0985998534944768 1.1987377679762368 2865
8 -1.4600922602669795 -5.566044436890425 4730
9 3.375041805551496 1.0169611640233083 1970
10 -0.3713949191464237 -2.419414778949303 4470
11 -0.06961318809119525 -1.2084143561099494 3759
12 2.5483681772468527 -3.4254778235058985 3385
13 4.634141117515675 -3.3764581360564057 3715
14 0.11320928085390765 -0.17821744556810007 4359
15 -0.9249293984829863 -1.0271337339188022 1927
16 1.4252027687737652 -3.3892193153126473 1061
17 0.8583862797427952 -1.7107318531435665 1132
18 -0.6803243990986639 -1.9162251940897284 2664
19 3.0598271420243672 -0.5040482218160776 2427
20 0.6707471692150095 -5.146383582889521 3830
21 1.5458004585443985 -5.672344952325515 1300
22 3.244238049896432 -3.803573393422871 1415
23 0.13648240271564266 -2.2162126499812547 2435
24 0.292210731946384 0.6452051623521681 4962
25 3.0952987472383087 -2.302670942046232 1129
26 5.85688744711666 -6.047065755940206 2641
27 3.4844290152774606 -2.8993167809808043 3198
28 2.7001087488889195 -2.7450787756286448 3641
29 0.5169507721960774 -2.1674273310979655 1027
30 2.5796517324441783 -4.674092057843518 3180
31 3.5126857140817886 0.20113809936101956 1039
32 2.6968018249425265 1.1346950446522337 2538
33 4.071630767125958 -4.244062035289091 2756
34 4.253641988631737 1.287282228723255 4696
35 4.943363720442795 -0.7831896653962538 3892
36 -0.825195827347591 -5.81463886581599 4264
37 2.1720928816721745 -1.8048600099416918 2492
38 1.4682856793248005 -0.10951976220087205 2478
39 3.6852047106249106 -1.40423730298256 3489
40 -1.4531147086542013 -2.0748053955827044 1226
41 3.72373808360259 -2.4830063344473405 2909
42 1.3936412271450958 -1.4430760533576519 4634
43 -2.0816944098895918 -2.9002413156435316 4041
44 1.9006427429484354 -1.2326654427952144 2165
45 0.06591456733543603 -3.9902833179392645 4770
46 0.24106400707232234 -0.9221686235751457 3367
47 2.2939326784943224 -0.7663833150204047 1460
48 5.804165914464186 -3.835074966757947 4085
49 4.814413737587716 -1.2200355189641825 4504
50 2.5911706552731464 -0.002680515838912386 4763
51 1.6004520650331349 1.6900602711872166 1282
52 3.5361854459715665 -1.9095564859319927 4627
53 0.917853982676704 -4.175244160067437 4141
54 4.464017635162702 -2.256813152098844 4969
55 4.0267189043067 -3.480439348688309 4195
56 2.9081656323364307 -5.845176293433575 4014
57 -0.9233138202123665 -7.016826412951461 2953
58 1.5467767152407828 -4.255584933754377 3487
59 0.07080762425797102 -6.485458601837446 4167
60 1.5601601493982256 -1.778346814157093 3038
61 0.7332861774213562 2.3279600357742454 3111
62 2.1895539858538564 0.2749544130350986 3482
63 2.2990135070972806 -5.400099275442643 4876
64 -0.9471546288002308 -3.294875615745151 2901
65 2.6377321891032732 -0.20735119974999205 1798
66 5.150432594631283 -0.3508826022439356 3421
67 1.2757442001577297 -0.3470689675547814 2125
68 1.1890136735246537 -4.191919530095622 3272
69 2.0020644136744843 -2.9566111548173923 1584
70 1.8640233243340678 -3.9101029184054523 2264
71 -0.9848281471431634 -4.687847591741201 2101
72 3.2041212878492606 -2.5644822089879273 2416
73 -1.6463686564861313 -6.600884914427452 3017
74 5.968288988228932 -4.928311012563212 4642
75 0.7225124518154028 -3.1763896955773916 1287
76 0.30505296951024313 -1.4729255238813967 4163
77 -0.8717511287864939 -3.8545572094971963 1145
78 -3.0624121491719962 -1.0448427467839896 4861
79 2.7758317750193244 -5.099298800240616 1638
80 -2.4979534718336467 -6.092378137844272 1405
81 5.17999584827407 -6.583081361142175 2808
82 2.3588087295655846 -1.4724148135025497 1054
83 2.1916840865850937 -4.452753357982907 3068
84 -0.22733053520029062 -5.134799456193935 3918
85 4.489646885885133 -2.7430409849518576 4896
86 0.0346028039331346 -5.217584339540983 1440
87 1.684198087466233 -0.014142922756076573 3157
88 3.690560097500146 2.2170786092675394 4712
89 4.921335895902699 -5.441189094350949 1951
90 3.3171640056062417 -3.3254961811636137 2612
91 3.002975096045588 -0.7452640499315892 3817
92 0.4871588022460871 -3.590677959620452 4910
93 3.816199834634556 -0.8552775382595927 4798
94 -1.9766841427693569 -1.4321373362800636 3611
95 2.905883947324448 -1.3977865419209834 4686
96 -0.9456720143456937 -2.271815382562157 2696
97 -2.2229371902214425 -3.9392376677268386 4767
98 -0.11876589132927873 -3.169137220752298 4027
99 0.8914536947295115 0.5076588717923693 2308
endpoint1 endpoint2
77 86
31 93
36 73
37 69
10 17
25 82
27 83
23 98
1 17
29 44
69 90
14 99
21 56
82 91
10 18
22 28
32 87
28 82
20 58
29 92
4 82
18 46
13 48
14 15
5 34
26 89
27 93
10 98
33 85
63 70
31 38
65 99
44 91
74 89
33 79
6 67
8 84
65 82
55 90
47 50
9 88
3 56
77 97
16 75
66 93
48 74
40 98
0 14
36 57
1 60
39 41
16 69
3 55
7 24
22 72
4 67
11 46
12 41
59 86
3 89
53 58
9 65
1 44
39 44
2 86
23 96
13 72
35 39
75 76
45 64
3 22
8 80
25 37
28 54
60 72
25 90
62 82
37 87
7 87
21 83
22 30
78 94
10 77
43 96
10 15
53 69
11 14
25 85
44 67
8 36
17 82
42 95
21 86
39 91
5 49
45 70
11 96
58 68
68 98
12 25
71 86
18 94
19 42
25 41
38 46
65 95
28 69
67 76
30 63
36 86
51 62
25 55
58 79
13 33
53 84
50 87
27 52
12 58
64 71
49 54
81 89
47 82
6 47
64 96
37 42
68 83
11 60
25 39
47 60
37 52
39 49
32 34
18 64
1 24
9 32
50 67
50 93
30 68
36 71
23 42
58 92
72 95
18 29
42 46
58 75
15 40
7 61
14 87
28 70
2 58
