nnodes nedges type
100 150 graph
nodename posx posy weight
0 -3.8731130405048733 -1.2692742731419786 3591
1 -3.833141424479935 1.1189147619553197 4887
2 -2.8453020479714923 1.5460788101120209 1297
3 -4.923622809467648 0.13177265595826904 4713
4 -0.8616063910312254 0.5009802919235111 1582
5 -6.316988700090887 0.3636344851674744 4220
6 -5.862021300051059 -1.1813084414037227 3994
7 -2.6864307469626025 -0.8328571947967849 2093
8 -4.653379536446115 -0.9768841821213425 3877
9 -9.013784723825461 0.08821380557936777 4105
10 -6.630391784027626 -4.3670373108131075 3313
11 -5.045607683779695 -1.910602062475592 2369
12 -7.995905845648272 0.8310831458766433 2970
13 -5.871246552190582 1.492558144204449 2106
14 -3.054368580198511 2.8605915508518573 3024
15 -5.898487098587216 0.558967109807132 3826
16 -4.187543152767051 -2.7871786333363935 1979
17 -2.9585278398272816 -0.5935972511930752 1715
18 -3.6127957675768703 3.9241430002031614 2057
19 -7.369600350595847 2.5322802037718906 3582
20 -1.2422320302210432 0.1690431034213075 3598
21 -8.11963813251353 0.1828002092552636 4697
22 -0.5143136858135627 -1.6727966777375587 3873
23 -6.433787020196808 1.9795607563690398 4231
24 -5.892700310522305 0.0916265097148162 3093
25 -3.854387299325159 2.621326683097771 4665
26 0.09428261424741644 1.3195163116969473 3305
27 -4.636084152206907 2.5251298767637333 3689
28 -1.9497912567503246 1.0598531433801026 4883
29 -2.6077851089013238 -3.4976731266187646 3496
30 -5.001526265904687 0.7298541957860769 3449
31 -6.965376195554362 -1.7449635437224476 4674
32 -1.6708467228691954 -2.1523175236872274 4111
33 -2.0820690811971008 1.4919219240821948 2836
34 -4.643061148732384 2.002491837753459 2757
35 0.04464426383863289 0.4470233753829348 2839
36 -0.9985399544850098 -3.4512544846552196 4762
37 -5.375127929184252 1.7498820857270478 4347
38 -4.327932230657869 -1.360560679426321 4401
39 -5.924744899929919 2.652062442268393 3147
40 -7.276288191734746 -0.718211814102059 3131
41 -9.184689169460324 -1.4634713582980263 4735
42 -4.454116686699369 0.4152543509251662 2601
43 -7.762740347766822 -3.760266302673553 3700
44 -6.4659929716920965 -0.3991519236748056 1246
45 -5.7786106974103 -2.739899365841512 4525
46 -9.170469902287142 2.3751260757377812 3062
47 -2.8856785498433615 0.10876421369463227 3250
48 -3.5951877197753688 1.606202624535144 1694
49 -2.1681945291548668 2.5206221930453245 4636
50 -5.613785851133832 4.230414188670754 2883
51 -0.5672662576666809 -2.125349336471055 4063
52 -6.245364653314779 -3.155501631404415 1502
53 -2.5610885108982644 1.8366754903912796 4920
54 -5.477676139530557 -3.6990302147782548 1565
55 -0.04532786116104528 -3.0908190835079425 3654
56 -1.7507607661417288 -0.8979010718409125 3367
57 -3.6065406332198484 2.936750190562563 1318
58 -4.548204684820426 -4.513146797093442 1994
59 -7.089709909470397 -0.06603213568192362 1864
60 -8.274872379676921 -0.6183481493079942 3467
61 -4.393692500433228 0.08667333055171085 3564
62 -4.458862450867912 1.2984986834543453 2079
63 -2.248929205754607 -1.3428250195494413 2353
64 -3.418819883306798 -0.15031629104834737 2190
65 -6.078916158294325 -1.6215205414643705 4866
66 -2.9824166058891595 1.0218976956031864 3784
67 -4.307140923705695 -0.7196042204086859 3571
68 -3.789049844009974 -2.2095855489786413 2678
69 -4.60492572439983 -3.073869819725326 3531
70 -5.417181687283627 0.881744514665993 3873
71 -4.118197860320093 1.738566397098036 4736
72 -3.7067758113588893 -0.6880066284546258 3424
73 0.10634094244241545 0.28356566726036814 3911
74 -1.7741701690232576 0.44174446395176836 4220
75 -8.463901042014367 1.518680235505821 2716
76 -2.101381380220406 -2.04694261869741 4830
77 -0.6438713461909105 -0.354015087173122 4052
78 -5.927750528398107 -0.8082275193840809 2113
79 -3.7273376619195377 -2.5804242636737036 3502
80 -2.324588921168646 -1.9964959548060444 2246
81 -4.627890741670795 -2.3499422615427914 2639
82 -8.415500519736307 -2.7377110592814424 2911
83 -5.304475955846506 3.0977574798977723 1730
84 -3.0776779945449264 -1.6098917163046937 1239
85 -3.769070255061647 -4.946326902228816 2081
86 -9.557814781174221 1.7016977355390166 4519
87 -2.277529283995978 -3.9345402470335986 3982
88 -4.7847701879640185 -3.8216692896186735 1783
89 -6.696017256723827 0.498065678841737 1694
90 -3.7566867949214515 0.46542095110805753 2960
91 -5.631526108521708 -0.19940013419201447 3534
92 -7.202557722378071 -3.046594735960711 4619
93 -0.7311837598430584 -0.7316496633757439 3078
94 -1.2518653051202684 -0.7532358668535457 2442
95 -5.310581112099405 -1.07601859629593 1201
96 -6.978042501421423 -5.457797881450914 3995
97 -3.7845000734215013 -3.911880330977657 2674
98 -2.2049862357284984 0.1521617411972279 1073
99 -3.542487474281979 -3.3476067252282147 2662
endpoint1 endpoint2
42 72
59 78
61 95
9 41
44 70
31 44
39 83
36 87
43 82
4 93
42 62
8 24
12 59
9 21
11 67
30 42
16 84
8 68
46 75
45 65
19 39
27 39
82 92
4 35
3 61
17 80
0 67
19 75
51 94
2 28
18 25
32 84
43 92
4 26
36 55
9 75
42 67
22 32
47 90
5 40
31 40
24 70
24 59
16 97
67 78
30 70
5 30
7 64
79 99
38 64
47 74
27 71
7 94
15 61
2 64
4 94
3 89
28 49
4 28
6 11
62 66
88 99
28 47
49 57
16 45
79 81
36 51
17 61
42 48
65 91
20 33
20 94
1 47
20 73
16 79
59 60
20 56
1 48
57 83
27 48
17 56
12 75
5 23
61 90
21 89
10 43
1 25
54 81
75 86
87 99
7 67
30 90
52 88
7 76
56 80
53 98
1 70
0 63
31 52
3 71
72 81
10 54
68 84
1 62
65 95
72 98
11 69
33 48
41 82
40 59
17 47
15 44
5 6
20 74
29 97
42 91
88 97
10 96
0 3
29 80
23 83
58 85
63 93
37 42
54 88
35 77
37 39
32 76
45 92
5 91
13 62
34 61
14 48
47 66
13 24
22 77
85 97
68 69
8 64
58 69
68 99
2 57
25 34
53 71
77 98
0 79
6 38
47 84
50 83
51 55
