nnodes nedges type
100 150 graph
nodename posx posy weight
0 -7.498759002744311 -7.035736269793585 4844
1 -5.417818474669016 1.5593519470766188 2730
2 -5.334650781018699 -8.06340610644367 2424
3 -5.056511496485053 -5.324645094131559 3153
4 -4.6971838606318075 -5.949904840552593 3886
5 -7.9586260740816535 -2.6739336211919817 3669
6 -7.354536407839881 -4.425144654682687 2070
7 -5.32027893574488 -1.8561044767222898 1452
8 -3.3619676232418394 -5.639068296529386 4188
9 -8.512582637639193 -4.535367308770857 3807
10 -4.356992077214987 -2.2315898048668017 2003
11 -5.703175227002179 -0.7624108549044427 1716
12 -5.3311799095658845 -3.70609928898646 1867
13 -1.5686779521454872 -6.210429943749987 3649
14 -3.0089692918109288 -3.880404101116662 4949
15 -1.9959204640213126 -7.392392394867857 4612
16 -8.298012724812972 -6.469393205863553 1892
17 -6.841895599860694 -2.6442500445379493 1776
18 -6.781945477708704 -3.887006581119909 2268
19 -6.646704441165433 -2.11700925044419 1033
20 -8.524273496910144 -7.411380260279175 1743
21 -6.924460336618315 -0.5700194786635917 4923
22 -5.53689969030209 -4.86242548374043 3291
23 -3.290534087321436 -7.588290066633153 3862
24 -5.849998720631638 -5.254469302942203 3697
25 -4.378127780201462 -6.895955908508672 1018
26 -4.858970617875695 -2.4461551040676377 1672
27 -7.949717796642293 -5.913485671700974 1191
28 -6.37342496830462 -5.747089346623341 1923
29 -4.134952366730967 -3.0489952049974094 4490
30 -3.132436441703251 -3.165394852834898 3204
31 -5.625337858224508 -2.414669038598262 2471
32 -6.842087269947567 -4.7530446845022185 1880
33 -5.896369681144616 -7.5009826249832665 1818
34 -1.581004465298767 -4.624000223907987 4264
35 -2.715984784713321 -1.6846439078851037 1507
36 -5.978295779653827 -3.6946165105315663 3139
37 -5.61674669803696 -4.326643437320781 2462
38 -1.9956141574160493 -8.951526566634048 4618
39 -6.794535524875784 -6.061706409616819 2317
40 -6.457657681206782 -1.6617846566945538 3047
41 -8.469005344550567 -1.4873961001803864 4839
42 -6.015930855134916 -4.230063759861927 3568
43 -5.643260156667245 -5.104819546225298 4073
44 -7.352586691132692 -5.031490199401872 4163
45 -7.018258600554728 -3.0432878493600435 1651
46 -5.5582081366733815 -6.489388826054502 3212
47 -2.638754366913615 -4.200551118946629 1316
48 -3.215786493394227 -6.38610041614857 1553
49 -3.688070985669883 -3.4766152727697763 4034
50 -4.652588152435079 -5.4260852403331326 3667
51 -7.414501323711579 -0.8619468846309861 1005
52 -4.515346676510148 -4.241877120453361 3557
53 -4.382524605296373 -3.685963930175456 2766
54 -1.607524835229422 -2.1243512976146275 2496
55 -4.8347972554820196 -4.347303691683632 1755
56 -7.473282566765168 -2.1030204786807523 3667
57 -4.139282371447355 -0.9469308086936088 4325
58 -3.582088548731307 -4.319533225626718 4837
59 -3.9080490382220585 -5.838576106160036 2561
60 -3.918967295362372 -7.829517132705314 2936
61 -9.041478999392082 -3.102216628641234 3485
62 -7.30342441547634 -7.601637083026728 4620
63 -6.041271636578713 -1.5091242914093757 4182
64 -5.381120536156043 -6.608676389702189 3603
65 -9.343463618768588 -6.086228191958515 4491
66 -6.303823527430005 -6.550075805920855 3285
67 -6.119280026951776 -0.6594751372428178 1892
68 -4.459423438931767 -1.5123852151870085 4081
69 -2.455239275734805 -3.717611917476383 4888
70 -3.0929188511688883 -5.009951490524648 2505
71 -7.493800844776948 -6.426147716950454 3578
72 -4.671811683275875 -6.257026699984336 4948
73 -7.248830541227561 -5.812010445418915 4374
74 -6.540366969149357 -5.081235917078166 1161
75 -4.780396989339237 -3.7863130187646483 2783
76 -4.139854326347319 -7.698075844396073 4729
77 -4.882090799483826 -1.9861509294749706 2206
78 -8.739625808786624 -5.875540426788318 1299
79 -6.432547394129915 -6.739687285293461 3727
80 -2.511987893396993 -5.323165623564851 3907
81 -3.0169729553326183 -1.1268314765069687 1238
82 -5.203203499412361 -0.7640022515168872 3893
83 -6.5413920258155915 -7.99130121681896 1562
84 -2.3265984523703236 -4.496584848564961 1594
85 -6.189474294062751 -2.9914057389256894 3764
86 -5.497604364932651 0.4740899911611799 2772
87 -3.640243977858839 -2.241971481887183 2812
88 -8.226746426932625 -5.961982381599708 3726
89 -5.724051753772464 -7.978904968466409 4335
90 -3.4247326514230267 -2.9767281687081932 4803
91 -2.815301277081142 -2.666745105503447 2466
92 -7.39107531584618 -3.919383745831805 2531
93 -2.6688064088787553 -8.020315359749192 3712
94 -4.0863939239828975 -4.794907170682496 3979
95 -3.550132848891468 -6.979645161475051 4443
96 -1.6739447392126956 -3.3989963174598845 1891
97 -2.1371818211456515 -4.7578176367120415 1885
98 -2.394117058571407 -2.696617129207132 2457
99 -5.172797239905774 -2.8811283128683693 3423
endpoint1 endpoint2
11 68
55 75
24 79
22 75
18 85
26 53
14 80
35 87
40 85
4 46
48 59
37 85
28 46
49 58
6 44
22 28
23 25
28 32
11 21
56 85
66 71
17 18
79 88
33 79
14 91
77 82
25 33
30 69
9 88
0 27
6 42
41 61
51 67
49 87
14 84
35 91
34 70
66 83
15 23
4 37
3 55
44 71
6 32
9 61
22 72
2 79
8 25
22 52
2 60
52 99
42 74
48 60
73 74
20 71
6 45
14 53
29 91
28 73
29 55
6 27
22 92
10 99
8 58
7 87
16 39
26 85
27 65
38 93
11 40
54 91
68 82
49 75
59 80
43 55
42 53
19 99
10 87
5 92
29 58
9 44
1 86
66 73
50 66
58 90
31 36
93 95
53 94
3 72
10 31
7 67
24 94
73 78
77 99
46 89
13 15
50 58
17 31
47 70
52 70
4 95
29 68
43 44
47 58
12 53
47 98
30 87
39 71
11 86
16 27
63 77
25 64
26 57
10 68
14 30
5 19
32 37
64 74
21 82
12 99
18 74
84 94
17 63
21 41
37 52
43 59
81 87
33 62
0 66
30 96
48 95
30 53
18 24
7 45
87 98
51 56
58 69
29 77
27 62
10 90
23 76
39 43
3 36
48 70
58 97
72 76
4 50
13 80
34 96
12 43
3 46
