nnodes nedges type
100 150 graph
nodename posx posy weight
0 -4.649963153393408 -7.6541412323542 2584
1 0.11426764059185607 -4.54692669213978 1115
2 -7.76771403787003 -2.9739851210218835 2061
3 -3.597424453077399 -3.235765542406939 1395
4 -3.333067193470805 -6.822396830675191 2991
5 -2.7328046146975256 -2.6874342984634114 3649
6 -1.2728096612969297 -5.672485728841544 3860
7 -0.45631063959875423 -6.374675292554767 3427
8 -3.136714530959767 0.03225826783329508 4066
9 -3.045419077209271 -7.0927719396877436 2735
10 -3.000918971730868 -6.024109922632398 4500
11 -2.30851828269141 -2.2513723221745425 3604
12 -3.083095555469269 -5.786238795378463 1438
13 1.3096049702693238 -5.0137284209795885 2363
14 -3.7695762591784914 -0.8898834119528463 2161
15 -3.160526991440242 -4.577197249480165 4944
16 -0.38110195383197837 -6.052988783650583 3126
17 -4.251569921141074 -4.650769542785439 1215
18 -4.76275494887261 -7.017309237464848 2675
19 -4.351350228860184 -5.370064454390967 2544
20 -0.5049762478209318 -5.397278788164201 1064
21 -5.364434388282471 -2.725353971187753 4984
22 -5.369143548048169 -5.5086719069564225 1273
23 -5.63017575170136 -6.859488520748693 2959
24 -3.0343429464165346 -1.4552658443253306 1720
25 -2.645383860413407 -1.4219750851102242 4963
26 -0.8464145149616717 -4.853174776351846 1658
27 -0.8394050812652 -6.795189968759539 4773
28 -3.3666869170530007 -5.035127896493251 2627
29 -6.8176122727065 -5.588501603915642 4349
30 -0.6574239452022724 -4.622215880854995 1167
31 -2.158222413494976 -7.370624751870212 3595
32 -4.403505614118841 -8.076041714118004 2028
33 -0.21583487815237123 -3.490072602317334 2898
34 -5.536103854547853 -4.230447727641261 4699
35 -2.7768100574843455 -4.399545818928615 4018
36 -3.1011084410275886 -7.616271515355685 4343
37 -0.38547525814772265 -1.0758656015992356 2742
38 -5.9785510688946495 -7.442702759980341 1166
39 -2.5507351035334938 -6.846239889934522 3144
40 -4.608111285871633 -6.075331333293113 1420
41 -1.0456619027367162 -2.0385634370073373 4525
42 1.2935398701468999 -4.240028520605437 1068
43 -3.1856681427741593 -8.222312263351622 2670
44 -4.579034272912554 -1.74267547447126 1529
45 -5.030624551691352 -3.636303347093848 1495
46 -1.3014202793527285 -3.4617113915419546 2388
47 -1.8047628743288249 -7.320542521881938 2664
48 -6.804653407684068 -7.343336750859945 1444
49 0.6818090477967029 -6.785871810501819 4134
50 -6.021792280950526 -5.797081192913879 2533
51 -4.747585750696612 -3.940277312373977 3977
52 -6.479196913078655 -6.3261021617841005 1977
53 -2.7230974196693145 -2.962287362471045 2713
54 -4.093165570761284 -7.921863973044063 4294
55 -4.306537942377285 -6.470296654147821 4438
56 -0.009820418114631668 -2.965278657795837 4269
57 -6.332233935261484 -4.953812364207917 4560
58 -3.9807281256001747 -3.3126560094904964 4715
59 -4.341759450715585 -5.0501471696035765 3999
60 -5.751967267962476 -4.345265907048293 4601
61 -4.22521951343848 -7.03279240631293 3356
62 -6.5009788795144345 -9.237541088412875 4502
63 -4.967287944651155 -0.9070637460497385 3695
64 -3.6681743751077014 -4.587662599184649 4955
65 -4.374473479971514 -3.69782353954684 1384
66 -1.9018568519210068 -5.401068664339478 2912
67 -4.67238519722015 -6.422626826820411 4227
68 -0.20350336755801138 -3.874975419022811 3474
69 -1.822522591477465 -6.458771344761648 3334
70 -6.949112815149134 -2.575271505296073 3228
71 -3.875406922914694 -1.7676676773966788 2252
72 -3.5748523469023965 -3.4442030751478714 1899
73 -1.6170806765150505 -3.844075469989524 4101
74 -4.0615361669368975 -2.3388465236661413 1235
75 -2.9349774099416637 -3.6745907730439336 3994
76 -6.950264628395299 -3.6973310058001685 1027
77 -5.055932351584501 -5.141181766333889 3743
78 -1.4687907174581862 -5.040830267277881 2087
79 -2.1236346142332705 -5.052917444402579 1416
80 -1.8962288751729324 -2.3213012540144087 2793
81 -6.450856945122062 -3.1698363132359755 2650
82 -3.6369526494777027 -5.698350008851282 4346
83 -6.127014643530125 -1.8545360765537866 2128
84 -3.3769797007671682 -1.3484524053341636 4792
85 -3.0632081126797006 -0.6223992606184403 1562
86 -2.468568886717941 -6.420476988372055 2178
87 -3.837661296452799 -6.013248942334824 4041
88 -5.683237691810673 -3.054957185851238 3726
89 -5.9773153533774614 -8.219740575938362 3119
90 -5.638147984452601 -1.0626861263520364 3670
91 -3.755234217211084 -6.255164810811812 2909
92 -2.8897089687995177 -5.4758782100706656 1466
93 -1.2874453565292632 -7.113088310071744 3581
94 -5.744105752931414 -5.6031651932835365 2045
95 -5.5388842321312275 -1.9533875454422476 2472
96 -4.044084059143045 -9.21460749040099 2982
97 -2.1312822906055473 -8.30855564073381 1159
98 -1.1984123112906118 -2.6835927637212817 1285
99 -3.961025287846131 -2.633512647918893 1279
endpoint1 endpoint2
18 55
19 92
54 55
36 87
1 6
12 40
1 56
35 66
30 79
22 55
6 7
45 88
5 71
20 30
5 84
64 75
73 75
34 57
12 28
10 35
0 55
45 65
36 39
78 92
60 81
19 50
37 41
39 97
4 10
59 82
9 93
34 64
64 72
9 39
21 65
3 74
11 41
18 91
63 83
8 84
90 95
4 87
60 65
10 91
28 58
6 16
39 66
4 32
9 55
14 84
70 81
12 55
59 65
5 80
64 79
11 72
72 74
51 88
41 80
25 53
41 56
22 52
19 28
9 86
81 95
69 79
17 22
16 26
22 29
27 31
7 93
51 72
23 94
45 77
14 25
43 61
77 91
34 76
55 59
20 68
3 15
40 55
4 69
24 99
1 42
77 94
25 85
20 78
54 96
2 81
7 20
31 43
47 86
30 33
39 91
18 38
46 53
68 98
20 27
10 31
59 64
73 78
67 87
83 88
14 44
63 84
70 76
10 67
64 87
70 83
26 46
23 48
39 47
45 99
44 58
27 69
47 69
23 89
16 49
71 85
60 94
53 65
75 99
23 55
11 24
5 98
19 51
3 65
38 52
40 94
62 89
91 92
5 35
4 61
19 61
44 90
1 13
28 86
4 91
26 66
57 77
71 95
22 60
6 12
15 17
12 15
33 46
16 93
17 35
53 80
