nnodes nedges type
100 150 graph
nodename posx posy weight
0 4.7339701663412965 1.9150775443623218 2222
1 -2.720434006291546 2.2263676106612666 3421
2 2.8620148905861256 0.32193357277274187 3908
3 2.250130182082704 0.8011792590722137 3103
4 4.1026723817004465 5.787288867691873 4046
5 1.945335261922423 1.6006392547682038 1862
6 -1.691684307389208 -1.171300063395114 1248
7 -0.32380043702095745 3.889363642374365 1623
8 -1.3525566439011378 2.2142036728286474 4201
9 -1.545221712513293 4.071106114434882 2537
10 2.4075155397193346 0.08071982886523496 1563
11 6.252208346609478 1.5265600644060706 1102
12 0.5099033318312707 -2.3496333040876527 1708
13 4.0437520667148315 2.11403089802935 4627
14 2.2096550219164564 3.3117797983057273 1708
15 1.3382496624018845 5.958685739536668 3255
16 2.8972523946872184 4.924976238400873 3525
17 2.209918621996879 -1.0784955041544737 4761
18 2.1853369917002574 1.9741814497825176 2802
19 3.142017208172305 -0.2279889029980549 4454
20 1.241225531505724 0.9104949689633417 2463
21 4.887288097415043 3.1427523427956476 1408
22 1.242111415509872 4.6983010921921595 2568
23 0.6256503013717131 0.31558011140510256 1642
24 5.025262219503937 1.032933163381191 1915
25 3.48534444368933 0.42827542588827877 4919
26 1.8097010382257288 -2.160964932913831 2840
27 1.303246452689649 -0.5956378671494112 3070
28 1.837137876756303 2.429958474823532 1075
29 0.5720721225719246 -0.006218040109582569 2206
30 -0.9695105444200854 0.04225052662045266 3772
31 -1.7804502004640486 1.3855105300367534 3428
32 5.116649476823583 -1.143659974688703 2940
33 -2.3921936712288674 0.5017893426626593 2909
34 -0.16882467136999313 3.3318393187774156 1875
35 -3.2165624604871494 1.2598692402606724 1823
36 1.385428229324589 -1.472124773346456 1745
37 2.4734014177277834 -2.268821975321896 4459
38 0.4045209736577105 1.4221916512886736 1799
39 4.19630478148868 -0.9665480607731595 3578
40 -0.5689284906538322 2.418473000662427 4178
41 7.342830352804323 1.6022311798439297 3503
42 1.479273341141018 0.5451018100978534 1857
43 0.006606237284097438 -0.16603222314011426 3127
44 3.579578560859977 4.692046613990922 4526
45 3.3135356823850888 3.617828136234837 4891
46 1.6217830251500605 3.270953174383717 2542
47 0.8490483826439195 -0.9540563485185701 1446
48 4.432478004184318 4.0634633540005 4344
49 -3.3988120004872866 3.9533233609058587 2148
50 -1.2749457210834583 4.8609643427661515 1362
51 2.203695516583784 1.15436537870976 1623
52 -0.1389203651554403 4.901975205807846 3309
53 -2.4053179993319214 3.3208426318186794 3856
54 2.453650658207019 -1.1241850438119214 1923
55 2.8540448866795662 -2.470437208090452 3061
56 3.022996902750626 0.6754588863635735 4575
57 0.10298451387600034 -1.5415814986940939 2130
58 1.7477152830947564 -0.3148130585432211 2925
59 0.2939692633791187 3.348236740059968 3834
60 2.8558575890640783 2.666825657851465 3971
61 0.31090836477447586 1.7051428633642935 3576
62 1.048461599448614 3.981515598009428 1715
63 2.2480546729012643 4.119174377848025 3573
64 1.08269894621703 3.1367074693272583 1021
65 -2.127661861357837 -0.29995147805573874 3780
66 0.7067883861708942 2.2955922547687955 3672
67 -1.0068817458308266 0.5545357203451099 2438
68 -0.45910035209331307 -1.073395966425329 1455
69 1.7419754121552857 1.438498930915525 2509
70 3.2337654639218694 2.174996803783149 2807
71 4.068476114343259 2.590734012395627 4446
72 -1.188974574159741 2.2684241137627446 1941
73 4.17538249412552 0.1375521566805972 1821
74 1.166769850734484 2.528288730396346 4094
75 2.827489070424655 1.505052487489393 2207
76 -0.4849767196864984 0.8114944961714307 4152
77 1.0432903492008663 4.860764693302847 2405
78 -1.7904001696510976 -0.8283509889898276 4144
79 3.725302909913378 0.9552668695586934 2683
80 2.724316209001615 3.5983143336656394 3936
81 4.647632816925956 0.3093278492649903 1256
82 5.023623878018167 1.3776774381600891 2030
83 4.0477380653046735 -0.22949919439154404 2074
84 3.160869497889042 -0.6373978738992122 3668
85 1.352802037956197 1.828320570366553 3529
86 -1.1870263004990322 2.9085494465005923 4907
87 -2.74370255980753 0.7699302799841986 3345
88 0.30120958537698844 0.7869555692546034 4955
89 0.716140981897597 -0.1791015539460256 4089
90 3.684904249651915 1.4276605658741286 1514
91 1.9245254840898123 3.3859779275229447 1068
92 3.5039732541120254 -1.6289919917852345 3389
93 -1.264146468366652 2.590108893533946 2468
94 -1.931481561894551 3.938492336195021 1311
95 0.8390529786224505 -1.4540557413843953 2333
96 -0.34259830804573627 1.7168895519729999 4249
97 5.0797774658751536 0.1333041530254497 3900
98 -2.011619265524845 0.2518199872985185 2191
99 1.691247968483584 -0.12932827696211435 1453
endpoint1 endpoint2
30 65
19 92
54 55
13 70
14 46
39 92
73 82
79 83
47 68
51 74
23 88
3 69
38 40
35 87
45 48
76 88
34 74
42 88
49 53
61 66
36 89
38 76
18 20
16 44
20 58
46 62
53 86
65 87
3 85
26 37
64 69
31 87
2 17
11 41
10 51
5 14
70 91
10 29
30 88
54 99
62 91
2 18
18 66
42 58
3 90
60 70
67 78
14 22
28 63
25 81
25 70
81 97
5 56
26 95
13 82
9 50
3 27
59 86
22 52
59 91
40 86
47 99
28 60
9 86
24 90
42 89
6 30
17 84
45 60
69 79
23 47
46 85
1 93
33 67
71 90
10 25
67 72
31 86
4 44
27 43
11 82
88 96
50 52
13 75
65 98
5 99
36 37
30 31
21 48
59 64
15 22
61 93
24 81
69 88
10 54
27 58
1 35
42 75
28 61
8 96
64 77
79 97
44 80
17 26
10 73
17 47
7 52
12 47
89 95
38 43
5 75
20 29
8 40
27 95
13 21
67 98
70 71
19 51
8 86
25 39
27 36
18 60
25 84
29 57
37 92
61 89
7 72
56 84
33 35
16 80
46 80
93 94
34 40
32 83
87 98
66 96
7 62
75 90
30 68
2 83
0 79
5 38
0 13
14 45
19 56
18 80
23 85
29 67
50 94
28 51
