nnodes nedges type
100 150 graph
nodename posx posy weight
0 7.354983126144731 1.4460963518415133 4726
1 4.12887190087489 3.1175905119194844 1664
2 3.8227617600710326 5.402458256997317 4824
3 3.9357614301902015 3.9741024457177097 3513
4 4.6567086170642344 2.70482579817514 2273
5 4.060160946066159 0.17003640272560835 3526
6 0.29188680076176376 1.548384726885414 2388
7 5.114719633148137 4.223858654344839 4659
8 4.681786743129351 4.931893911679219 4877
9 2.0711847193560735 1.3987116360745706 4391
10 1.736170398380596 -0.16835060734158072 3529
11 5.365907547365746 -0.22729002124969136 1851
12 2.6905649539913266 3.2432291879471844 3822
13 -0.3098634892825855 1.9274476366195268 3146
14 0.29474078693397227 0.2216736415940612 2762
15 0.2233294237024679 3.5542103141054273 4625
16 0.09642970932714563 1.1381374177912644 1275
17 1.785760332328804 -1.842639987310903 3010
18 4.376024344417105 2.847913832375029 2748
19 6.15276631876337 1.4688963200572223 4418
20 1.9956739452705043 4.182130723547046 4546
21 3.3955703310518084 1.9413590247664168 1523
22 2.2919527175998033 0.7087499888468111 2371
23 1.4733109886492741 1.018033476536486 1696
24 0.5868591219238872 3.3173267710741325 3125
25 -0.7309770415505815 4.235677292142714 1493
26 1.2625948289263251 2.310945257212722 3092
27 4.186872808257294 5.274891845235734 4482
28 0.6188332283005622 2.1501801376572844 1952
29 0.8532427395058205 0.191752385493313 4816
30 1.743941418307035 3.883861650267011 3708
31 -0.4103671214293952 5.287739858316711 2876
32 4.06891272364888 -1.2854987971782406 3677
33 3.6118194286183134 3.777915067189203 2326
34 2.6066428339352568 -0.08857926460682293 1485
35 4.47792060097665 -1.1670312079401033 4922
36 1.7163598211037079 0.5035205109179359 4704
37 1.1082937385229266 4.034812377932134 3325
38 3.731791796948376 1.5542276036691458 1210
39 0.10700833474622445 2.3136798813678348 4519
40 -1.1638503317381326 1.1793397017254634 4769
41 -1.1195939331769718 1.6143890331037813 3364
42 -0.1482637731816716 3.169949559518202 3979
43 1.1982453189724915 4.804783271182784 4054
44 1.5294636625584397 4.781061175817798 1250
45 -1.3662961643708738 -0.4018795916080837 3823
46 0.9015624489709579 2.899357023932171 2338
47 -0.012148753450109705 -0.9548451810263135 3806
48 4.249153364606258 0.5643507306118539 4380
49 3.429912333141467 -0.21008886607457425 2813
50 2.9807843557781117 4.236705944956877 4290
51 4.7132380214273 1.7193787318851645 2941
52 3.396789819893126 4.6312564452402665 2162
53 0.8422234030646983 3.714131946795881 3026
54 3.448877860439385 -0.395089625494634 2772
55 2.7249266402690977 5.545541795464427 1506
56 -0.2608207173287261 0.2319346382864734 4702
57 6.335417198422831 -0.9255911486623711 3755
58 -0.355555186458724 3.4232867813368775 4598
59 1.8705045917551284 2.5252978508634634 1624
60 2.8564031741311617 5.9615617231569535 1201
61 5.401767948964083 1.0097217146930932 3562
62 3.8178939527867866 0.9476011066718939 1734
63 6.346321660564086 3.647371017441824 2798
64 5.347467581311457 2.5022346648596825 3127
65 3.5013927289557776 0.4767801821989208 4091
66 2.914177018362632 5.344992985195026 3578
67 2.842074561164063 2.651793866144422 1216
68 4.87993154565046 1.4025640192029432 3306
69 0.4793100320928249 -1.872699353307863 3017
70 4.737937006798232 -2.30754557116946 4823
71 1.799510616531929 -0.5498956069923165 1189
72 1.5878070708601209 5.882784509986531 1391
73 3.5192954031028445 3.427914241227202 4299
74 3.3321270362213182 4.4804624265537685 2359
75 0.9382394438125298 1.1362838689018149 3208
76 4.175034060148596 1.6413500346683083 1336
77 2.796172845113451 1.5689597886702566 2914
78 5.527504912902005 3.1068400213997287 1637
79 1.9420997218463876 2.0755964232833555 2811
80 5.525652315762597 1.922293052954169 2409
81 1.3261192018424717 5.471857807402308 1574
82 0.8858771091690208 -0.6461301300817037 2842
83 1.896126841725043 0.3635330698897731 3050
84 2.5525987742668668 3.9919745976051493 2947
85 0.8526602800843749 1.7038449952382635 2467
86 2.304711813847774 3.5715562200042634 1603
87 -1.5467068022267867 3.780414319858538 1877
88 0.37174673953968734 4.309639123070874 4980
89 -0.5404894164077176 0.504579771565837 4030
90 1.7156263111194372 1.7694803561625383 3159
91 2.2442786323659574 4.529959777253227 4408
92 2.9940073077703535 2.4996247885337897 4418
93 2.282175732800667 -0.03394997464638463 1703
94 1.614846627769401 3.457050989073839 4056
95 3.061201623996521 1.267766576265322 3284
96 1.760734229898329 5.055238015120336 4177
97 5.047320246545702 3.355843014750943 4258
98 6.071399874324984 4.95639798939568 1942
99 3.5581643448538975 3.045347241136596 4993
endpoint1 endpoint2
39 59
16 28
61 76
50 73
3 7
11 48
28 75
25 88
72 96
13 58
56 75
29 47
7 98
64 97
1 67
26 59
23 95
15 96
77 92
6 23
37 91
67 90
32 35
10 36
7 97
16 41
58 87
13 89
37 44
1 78
75 93
52 60
9 75
23 79
44 55
18 62
5 93
22 85
30 88
6 39
83 90
43 86
25 58
24 46
21 68
13 41
11 57
59 92
18 52
1 33
63 97
14 75
38 51
55 74
6 29
37 81
67 84
49 62
3 27
18 97
53 79
17 71
65 77
16 23
3 50
26 30
22 29
27 66
53 88
78 80
28 94
34 82
20 33
20 94
9 92
52 96
34 65
48 54
12 92
50 52
13 75
44 84
20 43
2 55
30 74
31 88
76 80
4 33
50 66
51 64
69 82
37 46
1 51
6 15
44 53
34 71
97 99
45 56
8 33
21 92
21 73
4 76
2 3
23 71
14 29
91 99
65 76
82 89
1 74
20 24
0 19
46 90
12 30
60 96
72 91
34 83
22 54
77 90
24 88
5 32
37 86
38 79
37 42
19 51
35 54
36 49
26 36
95 99
86 92
76 92
24 85
48 76
18 64
33 86
6 40
73 84
48 95
52 66
9 10
32 70
75 90
3 92
37 58
66 81
21 22
34 62
5 51
43 88
50 94
13 42
