nnodes nedges type
25 40 graph
nodename posx posy weight
0 0 0 28
1 1 0 253
2 2 0 177
3 3 0 210
4 4 0 131
5 0 1 321
6 1 1 87
7 2 1 74
8 3 1 358
9 4 1 271
10 0 2 424
11 1 2 222
12 2 2 419
13 3 2 326
14 4 2 494
15 0 3 77
16 1 3 38
17 2 3 421
18 3 3 482
19 4 3 60
20 0 4 165
21 1 4 214
22 2 4 495
23 3 4 296
24 4 4 332
endpoint1 endpoint2
11 16
8 13
10 11
22 23
5 6
7 12
15 20
8 9
10 15
15 16
1 6
16 21
18 19
1 2
16 17
18 23
4 9
6 7
12 13
20 21
12 17
3 4
9 14
6 11
14 19
19 24
0 5
2 3
17 22
11 12
23 24
0 1
2 7
17 18
5 10
13 14
21 22
3 8
13 18
7 8
