nnodes nedges type
25 40 graph
nodename posx posy weight
0 0 0 113
1 1 0 82
2 2 0 174
3 3 0 314
4 4 0 284
5 0 1 321
6 1 1 32
7 2 1 160
8 3 1 47
9 4 1 157
10 0 2 401
11 1 2 291
12 2 2 19
13 3 2 417
14 4 2 446
15 0 3 202
16 1 3 404
17 2 3 13
18 3 3 167
19 4 3 215
20 0 4 241
21 1 4 418
22 2 4 111
23 3 4 435
24 4 4 420
endpoint1 endpoint2
11 16
8 13
10 11
22 23
5 6
7 12
15 20
8 9
10 15
15 16
1 6
16 21
18 19
1 2
16 17
18 23
4 9
6 7
12 13
20 21
12 17
3 4
9 14
6 11
14 19
19 24
0 5
2 3
17 22
11 12
23 24
0 1
2 7
17 18
5 10
13 14
21 22
3 8
13 18
7 8
