nnodes nedges type
25 40 graph
nodename posx posy weight
0 0 0 387
1 1 0 294
2 2 0 222
3 3 0 45
4 4 0 351
5 0 1 30
6 1 1 357
7 2 1 7
8 3 1 277
9 4 1 488
10 0 2 185
11 1 2 153
12 2 2 436
13 3 2 84
14 4 2 175
15 0 3 242
16 1 3 496
17 2 3 154
18 3 3 29
19 4 3 433
20 0 4 250
21 1 4 41
22 2 4 283
23 3 4 69
24 4 4 320
endpoint1 endpoint2
11 16
8 13
10 11
22 23
5 6
7 12
15 20
8 9
10 15
15 16
1 6
16 21
18 19
1 2
16 17
18 23
4 9
6 7
12 13
20 21
12 17
3 4
9 14
6 11
14 19
19 24
0 5
2 3
17 22
11 12
23 24
0 1
2 7
17 18
5 10
13 14
21 22
3 8
13 18
7 8
