nnodes nedges type
25 40 graph
nodename posx posy weight
0 0 0 342
1 1 0 252
2 2 0 469
3 3 0 476
4 4 0 118
5 0 1 433
6 1 1 129
7 2 1 224
8 3 1 465
9 4 1 128
10 0 2 286
11 1 2 241
12 2 2 254
13 3 2 148
14 4 2 45
15 0 3 12
16 1 3 350
17 2 3 34
18 3 3 336
19 4 3 149
20 0 4 1
21 1 4 155
22 2 4 134
23 3 4 219
24 4 4 215
endpoint1 endpoint2
11 16
8 13
10 11
22 23
5 6
7 12
15 20
8 9
10 15
15 16
1 6
16 21
18 19
1 2
16 17
18 23
4 9
6 7
12 13
20 21
12 17
3 4
9 14
6 11
14 19
19 24
0 5
2 3
17 22
11 12
23 24
0 1
2 7
17 18
5 10
13 14
21 22
3 8
13 18
7 8
