nnodes nedges type
25 40 graph
nodename posx posy weight
0 0 0 413
1 1 0 287
2 2 0 122
3 3 0 465
4 4 0 451
5 0 1 435
6 1 1 476
7 2 1 315
8 3 1 73
9 4 1 360
10 0 2 11
11 1 2 256
12 2 2 336
13 3 2 295
14 4 2 408
15 0 3 458
16 1 3 434
17 2 3 43
18 3 3 486
19 4 3 419
20 0 4 278
21 1 4 121
22 2 4 172
23 3 4 439
24 4 4 237
endpoint1 endpoint2
11 16
8 13
10 11
22 23
5 6
7 12
15 20
8 9
10 15
15 16
1 6
16 21
18 19
1 2
16 17
18 23
4 9
6 7
12 13
20 21
12 17
3 4
9 14
6 11
14 19
19 24
0 5
2 3
17 22
11 12
23 24
0 1
2 7
17 18
5 10
13 14
21 22
3 8
13 18
7 8
