nnodes nedges type
20 50 graph
nodename posx posy weight
0 1.426432378831211 1.7697351165598791 145
1 1.899377713284164 1.4442686689200297 455
2 0.9744816603944879 -0.6764704814920367 202
3 -0.4820528916334751 0.7259809127445728 68
4 0.7876468668851415 1.8594245071965885 79
5 1.7220619120279224 -0.3131934899840536 110
6 -0.6288072897210988 0.043228450557993646 127
7 0.4875199724109102 -0.5945539837184397 238
8 -0.2731670139113452 -0.7531403527551 104
9 0.22920048473808413 1.036218987459412 470
10 1.536300221067218 0.6145352304734567 393
11 0.5778713108174319 0.35045356077589335 214
12 0.04314034251000013 0.10149730540705315 19
13 0.21243942481952388 1.3544550075366095 489
14 2.5242620143572294 0.5075408524359257 491
15 0.8611327149400959 0.8791877199644553 211
16 0.5916753570286674 -0.10545168041903426 280
17 -0.8483542167194954 1.2389680030842878 58
18 -0.30744170559995276 1.93006488713933 385
19 1.4495043330838808 0.2178661250778123 166
endpoint1 endpoint2
3 15
6 9
10 11
7 12
4 18
5 19
10 15
13 17
9 18
6 17
3 17
11 19
4 9
2 19
1 14
9 11
9 17
0 4
3 16
8 16
11 13
2 16
4 10
2 6
8 11
2 10
9 16
5 15
1 9
6 12
0 1
17 18
12 15
3 12
6 8
5 16
8 12
10 16
0 19
5 7
7 13
0 13
12 19
4 15
5 14
3 18
10 14
13 18
7 8
9 12
