nnodes nedges type
20 50 graph
nodename posx posy weight
0 0.4563722455771535 -1.8467171548521288 333
1 -1.2835308501369151 0.9826489736228566 288
2 -1.7580568428486176 -1.4986656226504993 322
3 -1.3403973428215203 0.37320313149833495 161
4 -0.11072923095817286 1.096618813672226 190
5 1.0927687772903703 -0.3423477585626902 414
6 0.7161771570567564 -1.0909188190505688 399
7 0.5469301355652272 -0.2892249637755373 353
8 0.9712150788243455 0.6877946236170488 64
9 -0.577558014995174 -0.26239339959375363 201
10 -0.6459455928458416 -1.3684506098925293 239
11 -0.3554569813728164 -1.7033847694409905 405
12 -0.08494397193291259 0.25446526358179905 245
13 0.24681932722477767 -1.2643498473698016 319
14 -1.6697154038290443 -0.34319040600267575 263
15 -0.9048109067441211 1.5806460958378388 405
16 0.45823273569424283 0.41198375877587234 267
17 -0.16533805471097032 -0.5816031058338553 220
18 -0.8764648803745603 -0.23162327384949535 389
19 -0.4255081674161825 0.7593400721652976 246
endpoint1 endpoint2
3 15
1 3
10 17
4 8
4 18
5 13
0 7
13 17
4 12
0 10
12 16
15 19
3 17
5 8
3 14
6 7
5 12
14 18
6 10
10 18
7 19
0 11
12 17
9 17
11 18
16 18
11 13
12 14
6 11
5 17
10 13
1 4
4 16
2 10
1 19
3 9
3 19
16 19
2 14
7 9
9 13
8 12
4 15
5 7
1 18
7 17
9 19
7 8
6 16
9 12
