nnodes nedges type
20 50 graph
nodename posx posy weight
0 0.6204882087706591 -1.659453764147426 411
1 -2.3307297824498536 -1.291079815477668 43
2 1.355245606237314 -1.8875223626483475 63
3 -1.7101022297352304 -2.299114643197651 94
4 -1.361940412267188 0.18554774058322568 127
5 -0.6620555022931736 -2.26680135014963 212
6 0.4034207707854899 -0.12121732076666229 295
7 0.8015769456192254 -2.494989315102036 191
8 -0.4586134757093237 -0.2206412923824794 68
9 0.0899667964539319 -2.6661212038387823 202
10 -0.1111593578846509 -1.0671975256347652 2
11 0.9727561970271505 -0.6758387216576002 374
12 0.11283689208711657 -0.5267822930519689 127
13 -1.3154321826494935 -0.8202942403607025 192
14 -0.3904253511002421 -1.785556977055408 260
15 -0.9096894253364487 -1.9048882610908835 193
16 0.4718241620376003 -1.3137607529561564 132
17 0.23238929047235848 -2.08689980274638 263
18 -0.914084188721401 -0.6807714288776132 372
19 -0.6128680347924006 -1.471684530130617 351
endpoint1 endpoint2
11 16
3 15
5 9
1 3
14 17
8 13
4 8
4 18
0 7
5 19
7 16
0 10
12 16
3 14
8 14
2 9
9 15
12 13
0 15
6 10
5 18
4 13
0 17
0 11
12 17
15 18
7 14
17 19
6 18
6 16
6 11
1 13
8 11
13 15
10 13
9 10
13 19
16 19
11 12
2 17
7 9
15 17
14 16
5 16
8 12
0 19
2 11
13 18
8 18
0 2
