nnodes nedges type
20 50 graph
nodename posx posy weight
0 -1.5624372393345245 1.186386838014309 2
1 -2.0911737987720955 1.3599435297738962 375
2 -2.2139867279558327 1.692253259055162 494
3 -1.4328094838693501 2.724921328370096 2
4 -0.2611124544123027 2.110650830786088 437
5 0.23981943904454542 -0.19907516247869417 493
6 -0.10383889480515675 1.5818630650402514 292
7 -0.986681995479928 2.0047899068593913 57
8 -1.199835829948882 1.2695011137877314 259
9 0.6277900197352487 0.5131679580024795 479
10 -0.963563665890076 1.566454435282693 388
11 0.44080178693543554 1.957167726388246 241
12 -2.242086272258913 0.7186428878835089 477
13 -1.6489994216935981 0.20491022863164787 343
14 -0.557497364865278 0.3939853540337521 56
15 0.08295507346735512 1.0124827076606386 490
16 -1.0786490553752341 0.5957065089876202 86
17 -1.9378381938845572 2.327634871349126 413
18 -0.7983521926192408 2.6244859539074543 434
19 -0.5927025121723744 -0.3377029663798184 16
endpoint1 endpoint2
4 7
6 9
8 13
10 11
10 17
4 18
0 14
2 8
1 17
5 19
0 10
3 17
6 7
7 15
9 15
3 10
6 10
10 12
13 16
0 17
7 10
1 10
8 15
2 16
4 10
6 18
14 19
1 13
0 18
4 16
5 15
13 19
16 19
2 17
4 11
2 7
17 18
6 8
1 12
8 12
4 6
0 13
3 8
5 14
3 18
10 14
1 7
11 15
9 19
7 8
