nnodes nedges type
20 50 graph
nodename posx posy weight
0 1.177830454337351 3.0177686219112694 388
1 0.12930795231095762 3.225263436019873 297
2 1.7498108753363482 2.1031319117175515 67
3 -0.19052252948814977 4.626460101151808 88
4 -0.8042370179683677 3.2798203812085327 243
5 1.4840824311988188 5.32270564148249 195
6 0.7039233793557514 2.176152461630233 366
7 0.6086313269794589 4.381648381190804 452
8 -0.14334498732780046 5.187044524480733 285
9 -0.7307656679692246 4.091268344313057 30
10 -0.19825919072921994 3.990691804999842 235
11 0.9983753349359414 4.868879481078348 462
12 0.7691588518167737 3.484690120240815 483
13 0.3118039745379914 4.02956711907506 346
14 -1.0893911898731068 3.449929217581603 359
15 -0.9657172175260497 4.845113240476993 100
16 -0.20104958348615393 2.6636744392994585 411
17 0.45395170815982616 5.161904467355175 290
18 1.2760455122032812 4.146305049412495 75
19 -1.3671799368319155 4.270979748601676 369
endpoint1 endpoint2
10 17
0 2
3 11
0 7
8 9
13 17
0 16
15 19
3 17
4 9
7 15
4 19
10 12
8 10
7 10
1 10
3 4
2 6
9 14
3 13
5 11
1 13
8 11
5 17
10 13
10 19
1 4
4 16
7 18
12 18
3 9
14 15
3 19
8 17
6 12
11 12
11 17
14 16
1 12
13 14
10 16
5 7
3 8
3 18
13 18
1 7
7 17
7 8
6 16
9 12
