nnodes nedges type
20 50 graph
nodename posx posy weight
0 -1.7185157906296684 -0.498634095009652 148
1 -2.399840297977672 1.2774144805281933 118
2 -3.246286259016972 1.1355631787663882 129
3 -2.8597979476306143 1.0782217211401997 124
4 -1.579033405366428 1.5473730346958434 61
5 -0.2525839797962107 1.1629063637991186 78
6 -2.2978354852420875 -0.1479677250781337 27
7 -0.9338624221128627 2.370437799403746 389
8 -2.1637186993294955 2.471594265211742 421
9 -1.724949277196285 1.8612898783903449 49
10 -1.8597832472384257 0.492093827111225 298
11 -1.2901023009199575 1.2985683609486702 457
12 -2.88711796528511 0.14523337777363432 15
13 -1.4351805570874299 2.45662717584134 466
14 -0.9927989774304508 0.24116189083421094 400
15 -2.1804284203913995 1.6634715164849434 136
16 -0.627623287800755 1.780240420544559 261
17 -1.3261435455583177 0.960762425330787 71
18 -2.7969778763585373 2.312667924555781 158
19 -3.515603921108119 2.018738422303628 226
endpoint1 endpoint2
3 15
4 7
1 3
10 17
4 8
0 14
3 11
1 17
8 9
13 17
8 19
10 15
2 12
0 10
11 14
7 11
1 11
6 14
1 2
2 19
7 15
6 10
10 12
13 16
4 13
9 17
15 18
3 6
8 16
11 13
4 10
5 11
4 5
0 12
9 10
3 19
1 9
7 9
14 16
5 16
1 12
7 13
1 18
3 18
1 8
13 18
8 18
10 14
11 15
2 4
