nnodes nedges type
20 50 graph
nodename posx posy weight
0 0.9441873161985597 0.24013425655097828 371
1 2.398516564977598 2.2303884128827884 121
2 3.1036019514396713 1.2895648985523 289
3 1.4311555289487592 2.4052092325836405 250
4 1.4981371607614669 1.2828044856046479 175
5 2.5518678626082036 0.39048144280112723 84
6 2.01402386223199 0.3268770883227444 245
7 1.6329201291700353 0.5881391907680701 376
8 3.25396103597495 0.7148181895443193 379
9 0.8423429195378931 1.1083750496188662 4
10 1.8353684058919606 1.8598785528210127 51
11 1.4323997340785444 -0.5124506807068089 390
12 0.25774857514835114 1.1818512086235136 373
13 3.3898729874834985 2.068362812804914 164
14 2.2393599395148263 0.9664644955589481 121
15 1.975459398745346 2.582164130880306 317
16 2.543683265950552 1.6168728320609838 8
17 0.9533234475801758 2.1068673133541203 76
18 1.0157054914394992 1.7281790321271195 95
19 3.3447111872247217 -0.020315634560973714 467
endpoint1 endpoint2
4 7
1 3
6 9
8 13
4 18
2 8
0 14
1 17
0 7
10 15
8 19
4 12
7 11
2 5
3 17
5 8
1 2
8 14
1 16
14 18
1 14
0 11
2 13
12 17
15 18
3 16
1 10
4 10
2 16
6 11
14 19
4 5
13 15
0 12
9 10
12 18
3 9
15 17
2 7
4 6
14 16
6 8
10 16
4 15
5 7
10 14
7 17
0 9
3 4
6 16
