nnodes nedges type
30 200 graph
nodename posx posy weight
0 -2.3346597236948026 2.0483992707881433 100
1 -1.0998445867631608 1.0357447458579214 67
2 -1.967164940447504 1.4435216410479106 45
3 -2.7933422097701297 1.552674050329353 8
4 -1.4338319189668738 0.4542551181823464 84
5 -1.4950824061117023 1.994895785216844 51
6 -1.3867671216849378 0.8127463571338168 57
7 -3.0974778132586063 1.7234054812320683 11
8 -2.660989803750662 2.575592975657281 17
9 -2.8495671710131414 0.6993187779093544 77
10 -2.185644650264355 2.5019877533263886 6
11 -2.586279261408719 1.1157920995253083 31
12 -0.9612243426111422 2.072367355606053 88
13 -1.91278826542501 1.8715727406269425 73
14 -2.2915869912990123 1.6791071836184746 52
15 -1.8395638237768086 0.2668816665552739 83
16 -1.344201991997048 1.484261501513173 30
17 -1.6781205775854733 0.7222185814395063 82
18 -3.2338513603641026 1.0083576972198782 51
19 -1.0290938716525235 1.2802850333762248 2
20 -3.339306575595419 1.9617803804197496 39
21 -2.158446881290684 0.8932673747225183 77
22 -1.9395725616843869 1.1786231268818828 2
23 -2.3554246946633706 0.3873651502335228 91
24 -1.4431805556000201 1.831812601516841 2
25 -2.71368393349653 1.9639232124568766 76
26 -2.310458764749441 1.3476554628876343 57
27 -3.1337924360502103 1.348979709718985 15
28 -1.808371853382746 2.6769882515541927 100
29 -2.5416420505782367 0.5661827026970723 78
endpoint1 endpoint2
9 26
6 9
0 20
26 28
0 7
1 17
13 17
0 10
23 26
2 5
5 8
8 24
6 7
4 19
9 21
14 18
25 26
17 23
16 25
12 28
2 27
18 20
2 6
9 14
5 11
4 5
3 23
14 24
4 16
19 24
10 24
15 29
5 21
7 22
12 22
2 17
0 1
22 25
2 28
1 12
18 25
5 14
4 26
3 18
10 14
6 13
14 21
4 21
11 15
7 8
6 16
21 24
0 27
22 23
0 14
17 29
13 26
3 11
1 15
3 28
8 28
3 17
9 25
15 26
20 26
15 23
12 13
20 21
26 29
13 16
2 23
1 5
17 24
0 11
3 27
8 25
14 28
24 28
6 11
14 19
5 17
0 18
16 23
0 5
12 29
18 21
17 27
0 8
3 5
2 7
5 10
3 22
8 22
10 25
9 23
11 20
11 25
0 2
13 22
3 15
8 13
9 29
4 22
11 14
10 26
9 18
15 19
19 22
0 28
16 17
2 19
22 27
13 25
1 14
18 27
8 10
9 11
9 24
20 27
19 21
25 29
7 14
15 22
21 26
1 23
0 25
7 27
13 15
2 20
1 4
0 12
13 28
3 26
14 29
9 27
5 16
10 16
15 21
7 13
12 19
11 29
17 21
13 18
2 25
0 9
23 27
2 4
10 11
5 6
19 26
9 22
24 26
6 21
5 19
11 23
10 21
25 27
0 16
6 24
12 16
11 24
1 29
0 3
7 29
13 21
27 29
18 23
8 14
4 9
5 12
3 20
8 20
4 23
19 25
10 27
6 22
11 18
16 18
1 24
17 19
22 24
13 24
1 13
4 14
14 20
10 28
0 23
7 9
15 17
25 28
11 17
1 22
7 26
13 14
13 27
3 8
18 29
3 29
2 15
8 27
