nnodes nedges type
30 200 graph
nodename posx posy weight
0 -0.8603545640476271 -4.389607965831297 57
1 -1.686147029389732 -3.109102632515664 38
2 -1.0771589663963326 -4.070044299683954 1
3 -1.584831797064646 -4.162377547278643 87
4 -0.8537702590843255 -2.9061516339398272 21
5 -2.2219610460514403 -2.7149149670634882 93
6 -0.6277589525387222 -2.1998281242482736 74
7 -2.0575845692664023 -3.644031805144156 65
8 -0.3667468440290985 -3.777104354337104 4
9 -1.4259280758165953 -3.1998206337679984 34
10 -0.1144645135161957 -2.761268455262291 53
11 -0.8607148572660581 -3.3248867020979853 49
12 -1.7066746122065697 -3.5094812238665027 76
13 -1.6512234747572152 -2.5719588521219294 2
14 0.2580626826318035 -3.6532338701913485 54
15 -0.8479296766025445 -4.0306623049532195 67
16 -1.3832419951838515 -2.9435057563743174 21
17 -0.4562443109063155 -2.606206711616172 19
18 -0.062049115534579063 -3.025008200882071 22
19 -2.005043479807199 -4.030386537693364 11
20 -1.607413662259268 -2.3180276917697853 90
21 -0.831354568575993 -2.4808972928636646 52
22 -0.5024245151661068 -3.1587474587851925 60
23 -0.047454420604922755 -4.153638633190208 64
24 -1.1718244928269257 -2.206670102555711 47
25 -0.14187885351634294 -3.429972756903207 52
26 -0.41508492466699054 -4.254253620214771 69
27 -1.2401417661362197 -3.635723308344038 23
28 -0.7908829882646342 -3.5944587134232027 100
29 -1.4227518867173374 -4.579195679177962 65
endpoint1 endpoint2
9 26
15 27
6 9
14 17
7 12
21 28
26 28
0 7
16 28
17 20
13 17
2 22
1 6
17 25
3 7
1 11
19 29
24 27
14 18
6 10
11 22
25 26
16 22
6 25
11 27
7 28
22 28
8 15
23 25
4 10
4 5
10 13
5 24
4 16
15 29
14 15
11 21
16 19
2 17
0 1
17 18
3 12
2 28
1 12
8 12
23 28
18 25
4 26
10 14
6 13
15 16
6 16
11 16
1 21
22 23
12 27
0 14
3 11
18 26
4 12
3 28
2 12
15 26
14 22
7 15
15 23
20 21
12 13
26 29
12 24
2 23
1 5
17 24
0 11
8 25
9 20
15 25
6 11
5 17
12 18
17 22
13 19
12 29
18 21
0 8
3 5
2 7
9 13
8 22
5 7
19 27
24 25
6 20
5 20
20 28
11 25
0 2
13 22
3 15
4 8
28 29
8 19
14 26
19 22
11 14
10 26
7 11
15 19
1 20
7 20
2 19
1 25
17 28
18 27
8 10
9 11
4 24
3 16
9 24
14 23
20 27
11 13
0 22
15 22
6 18
20 22
0 25
7 27
21 23
3 9
2 3
18 28
3 26
2 14
8 26
9 27
6 8
5 16
20 24
10 16
7 13
15 21
12 19
11 29
1 18
17 21
2 25
0 9
23 27
2 4
9 12
4 7
3 25
10 11
4 18
11 23
10 21
0 16
16 21
12 16
11 24
1 29
0 3
7 29
13 21
27 29
18 23
8 14
1 2
2 26
4 9
2 9
9 15
5 12
9 28
10 27
10 22
0 29
16 18
12 21
22 24
8 11
23 29
4 14
9 10
4 25
3 19
8 17
4 20
10 28
25 28
7 9
15 17
11 17
26 27
12 26
13 27
3 8
3 29
8 27
