nnodes nedges type
30 200 graph
nodename posx posy weight
0 0.1274348647716174 -1.5856504610187918 21
1 0.5540340466137075 -1.9731844888324084 71
2 0.949184918631693 -1.6097143567322465 45
3 -0.2143191914180464 -2.048650483835728 95
4 1.2272574275530772 -1.054454073443321 47
5 0.9008097969316512 -0.5867390300087231 54
6 0.9956807352243997 -1.9742107698227167 13
7 0.07546666535962776 -1.2993901321053838 14
8 -0.4119996674885438 -1.6644782158731148 55
9 -0.7954019739232814 -1.0002086915184876 67
10 0.17702716383114028 -1.8848690290743235 63
11 0.1035221225048618 -2.6694012041366304 94
12 0.6919179179902605 -1.5826524469242196 17
13 1.5991938106065506 -1.8710060739372532 26
14 0.8036104095725115 -2.4658827451093326 53
15 0.6267736860289106 -0.36472595464172003 23
16 1.2338375682692437 -2.2542627041752827 32
17 -0.3204549475769998 -0.8246022479841189 100
18 0.25244016026573285 -2.338221105241719 85
19 0.769561452583959 -1.0031188455610092 92
20 -0.7441821187268742 -2.001517364303447 10
21 0.6604834300888018 -1.2955436606378294 99
22 1.65636995349955 -1.2641109766367986 63
23 1.309346198475184 -0.6681847667922367 38
24 0.381933483845403 -0.5346378527849619 86
25 0.2918466256060215 -1.0643671263298768 43
26 -0.35372808266395156 -1.263084897131417 77
27 0.07516866401859872 -0.5134858714341104 11
28 -0.2330808454623066 -0.45056119077811607 89
29 1.2705123616870484 -1.496136593561732 73
endpoint1 endpoint2
9 26
15 27
0 20
7 12
6 28
21 28
1 17
17 20
26 28
13 17
2 22
1 6
3 7
2 5
1 11
19 29
14 18
6 10
7 19
6 25
0 4
7 28
12 28
2 27
27 28
23 25
2 6
4 5
10 13
8 21
5 24
19 24
6 23
10 23
16 19
12 22
8 12
4 15
2 11
10 14
8 18
14 21
6 13
21 24
11 16
22 23
2 18
0 14
3 11
18 26
8 9
4 12
8 28
9 25
15 26
6 14
7 15
15 23
6 29
12 13
1 16
26 29
16 29
13 16
12 24
2 23
1 5
0 11
17 24
1 10
3 27
8 25
19 28
9 20
24 28
6 11
15 25
10 19
0 18
7 18
12 18
1 19
0 5
22 29
13 19
18 21
17 27
14 25
5 7
4 17
19 27
10 25
24 25
11 20
10 20
7 17
0 2
1 3
2 8
3 21
10 15
8 19
14 26
19 22
10 26
7 11
5 23
0 28
7 20
1 25
0 15
17 28
1 14
8 10
4 13
4 24
9 24
6 15
5 29
25 29
6 18
12 14
20 22
0 25
21 23
12 25
1 4
3 9
2 3
1 9
3 26
2 14
8 26
14 29
4 29
9 27
15 24
6 8
5 16
21 29
0 6
17 21
2 25
17 26
23 27
2 4
5 9
4 7
3 25
10 11
4 18
19 26
24 26
6 21
10 21
7 16
12 16
1 29
7 29
16 24
13 21
3 14
27 29
1 2
5 12
10 12
10 27
9 17
6 22
7 23
16 18
2 16
22 24
18 24
8 11
1 13
23 29
4 14
2 10
5 15
4 25
3 19
8 17
5 28
11 12
0 23
15 17
7 9
12 15
1 22
26 27
0 26
21 22
12 26
13 14
3 8
1 8
3 29
2 15
8 27
