nnodes nedges type
30 200 graph
nodename posx posy weight
0 -2.0190935563082824 0.32547761924143165 69
1 -2.7010784125424845 -0.6112231531398223 41
2 -0.27693672120615526 -0.2634473252836057 30
3 -1.1309678375172993 0.6824306565934938 3
4 -0.7050673618097179 -1.527052050564377 82
5 -0.37572638620196636 -1.2769449025651578 85
6 -2.407514375884082 -1.66313331549189 39
7 -2.5456401383177987 -0.26599784035564933 4
8 -1.2727058319327638 -0.33042392597401365 99
9 -0.5496621175463134 0.1618829903134843 1
10 -0.8200323780758894 -0.9860267493004572 83
11 -2.119897425271019 -0.1495833536312531 50
12 -1.5414806942559283 -1.8117663023127712 93
13 -1.7443173206091889 -1.4736272564157005 37
14 -2.2626445041005856 -1.1786149107843744 43
15 -1.8388171984523327 -1.043919975833874 12
16 -1.0532578225906473 -0.8426564984244355 42
17 -1.794189030556135 -0.5924230656842474 50
18 -0.6320235891283149 -0.4033941202003711 38
19 -1.7313888665351387 0.15827178114998375 42
20 -2.569888760783201 -0.9736413826273248 10
21 -1.6861021516702035 -1.1768220935116367 28
22 -1.6148697038909996 -0.29335741811646415 94
23 -1.9879527871061209 -1.6600421352724672 19
24 -1.1880366810785852 -1.462957475295843 20
25 -1.2846559636687722 0.18769971395441817 31
26 -1.4079375803179186 -0.9474471164182203 28
27 -1.2194659321500616 -0.5273066380463491 54
28 -2.4037116065609343 -0.8771297569025118 29
29 -2.262758029297458 -0.5081698875385264 97
endpoint1 endpoint2
15 27
14 17
10 17
0 20
6 28
21 28
11 28
1 17
0 7
7 25
26 28
13 17
17 20
2 22
1 6
23 26
2 5
1 11
5 8
8 24
6 7
24 27
5 18
11 22
10 18
0 17
16 22
7 19
12 17
16 25
22 28
13 20
12 28
2 27
27 28
8 15
4 10
10 13
8 21
14 24
4 16
19 24
11 21
10 23
16 19
2 17
0 1
17 18
13 23
1 12
18 25
23 28
4 15
4 26
3 18
8 18
4 21
11 15
9 19
15 16
6 16
21 24
1 21
0 27
22 23
12 27
2 18
22 26
13 26
4 12
9 25
15 26
14 22
7 15
6 29
21 27
20 21
1 16
26 29
16 29
12 24
13 29
3 27
8 25
15 25
14 19
24 28
0 18
12 18
11 26
17 22
16 26
22 29
0 8
23 24
17 27
5 10
4 6
19 27
10 25
15 28
6 20
13 22
1 3
8 13
5 13
4 27
10 15
5 26
11 14
10 26
9 18
15 19
6 17
5 23
0 28
16 17
12 20
17 28
18 27
8 10
8 29
4 24
8 16
6 15
14 23
20 27
11 13
25 29
7 14
15 22
20 22
12 14
1 23
21 23
13 28
2 3
9 27
15 24
14 16
20 24
7 13
21 29
11 29
2 25
1 7
17 26
0 9
2 4
5 9
10 11
4 18
19 26
9 22
6 21
20 29
11 23
25 27
16 21
1 29
7 29
13 21
27 29
8 14
4 9
5 12
8 20
14 27
4 23
10 27
7 10
11 18
0 29
16 18
7 23
12 21
2 16
17 19
22 24
13 24
18 24
8 11
23 29
3 19
6 12
14 20
19 20
25 28
15 17
21 25
20 23
12 15
1 22
11 17
7 26
0 26
13 14
21 22
12 26
13 27
