nnodes nedges type
30 200 graph
nodename posx posy weight
0 -1.6181371057456029 -1.1964458936946776 9
1 -2.1231770545135435 -0.7504360432106324 66
2 -2.07917041827926 -1.318001169516634 41
3 -1.7301529924472798 -0.17434366201750937 59
4 -3.368936575429858 -1.1717921167781533 44
5 -1.2978345562082152 -1.0941775340569249 97
6 -1.242279104631385 -0.48434927763062247 100
7 -2.530392850348297 -0.916349160750133 43
8 -1.193702422446077 -1.5927014328852642 24
9 -1.9630542043595205 -2.0480945669162542 76
10 -1.1274347191946144 -1.9517211978706777 54
11 -2.262885087364525 -2.0568351524078676 10
12 -1.4830853352095754 -2.2509767128620934 41
13 -2.3532078732134307 -0.38316034185129855 20
14 -3.0196870241506204 -0.616370915316201 59
15 -1.9761825423141663 -1.0603751917073794 55
16 -0.9537664338487662 -1.2399341501155665 42
17 -1.126233693917625 -0.6860880794742742 53
18 -1.9194921536935623 -1.5546552476014095 91
19 -2.6803847106713197 -0.30323991950745904 33
20 -2.531062439000993 -2.3121003164584435 84
21 -1.5750374283694537 -1.8406922688166372 80
22 -3.046639262561941 -1.6708209532412555 77
23 -2.4144195275861913 -1.3860358259409995 90
24 -2.5120885146326914 -1.7972279371582318 57
25 -1.9088432220153901 -0.5609135984502072 61
26 -2.7566504523257858 -1.315509913313865 22
27 -3.0482788232373847 -1.0488458388974948 7
28 -2.853790667679472 -2.0011324686607392 30
29 -1.9719519471830922 -2.4529889506506866 27
endpoint1 endpoint2
9 26
15 20
7 12
11 28
26 28
0 7
7 25
13 17
1 6
2 5
1 11
5 8
4 19
24 27
6 10
5 18
14 18
11 22
10 18
0 17
16 22
7 19
25 26
6 25
11 27
17 23
7 28
16 25
27 28
18 20
8 15
2 6
5 11
8 21
5 24
19 24
15 29
6 26
17 18
0 1
22 25
2 28
8 12
4 15
4 26
4 21
19 23
9 19
15 16
6 16
21 24
11 16
1 21
0 27
22 23
1 26
13 26
2 12
8 28
3 17
15 26
15 23
7 15
20 21
26 29
0 24
7 24
12 24
1 5
0 11
3 6
1 10
3 27
8 25
4 28
9 20
24 28
14 19
5 17
7 18
1 19
12 29
18 21
0 8
23 24
2 7
5 10
14 25
5 7
19 27
10 25
24 25
15 28
20 28
11 20
10 20
7 17
12 23
13 22
3 15
2 29
18 22
8 13
1 3
28 29
5 13
3 21
11 14
9 18
5 23
16 17
7 20
12 20
22 27
13 25
1 14
2 13
9 11
3 16
8 16
6 15
14 23
20 27
15 22
7 14
20 22
1 23
7 27
21 23
13 15
1 4
13 28
18 28
2 14
9 27
24 29
10 16
0 19
7 13
21 29
11 29
1 18
17 21
13 18
2 25
0 9
23 27
2 4
9 12
5 9
3 25
10 11
8 23
19 26
9 22
20 29
11 23
10 21
25 27
0 16
12 16
3 14
2 26
2 9
9 28
8 20
14 27
5 25
4 23
19 25
9 17
11 18
0 29
16 18
7 23
12 21
2 16
1 24
22 24
18 24
4 14
9 10
8 17
6 12
14 20
11 12
10 28
0 23
15 17
6 19
20 23
26 27
13 14
12 26
2 21
1 27
13 27
18 29
1 8
3 29
