nnodes nedges type
30 200 graph
nodename posx posy weight
0 -0.42778950176555325 0.7783386896829115 96
1 1.0636553107368072 0.5507823785961022 52
2 0.015690934848394823 1.2737991372627182 49
3 0.3668393921217424 -0.3555512422318938 88
4 1.8254866169824917 1.440173461872366 50
5 0.5985531113279287 1.2600282629938995 22
6 0.9858279468266918 -0.05387962303313808 55
7 1.1984245078631803 1.778192011796284 41
8 1.446807584570328 0.8210049326601083 30
9 -0.17115485575667982 1.8091208860219603 81
10 0.7810409085931014 0.6884169245862528 28
11 0.8261304037762974 0.06452244571552097 99
12 2.0654094657991506 1.021384802049161 9
13 1.7504393531798927 0.9146569738559505 56
14 0.776367390069887 1.6141820731056613 89
15 -0.14180611756257397 0.26375353382295524 96
16 0.9006904642905155 1.9986695620759012 24
17 0.5033439815754933 0.27295970671355263 30
18 0.5103561468595444 0.9309498419329486 83
19 1.6959604874929903 0.28811817038092347 37
20 -0.0939272688945959 0.12563571697811032 24
21 1.435631800280499 -0.3429822007782709 45
22 1.4758485307329259 1.4366463667677263 77
23 1.0036895313487733 0.9456232895356115 54
24 1.3469845231251265 0.39033271170559236 3
25 0.057911174266253994 0.7280149454033711 74
26 1.0412218291276012 1.3228601800544333 76
27 0.3886379119937493 1.6748570567830476 16
28 0.22098838673303708 0.938703041708379 41
29 2.0951858540641757 0.08079587181714305 44
endpoint1 endpoint2
14 17
10 17
7 12
6 28
11 28
1 17
17 20
16 28
13 17
2 22
18 19
17 25
1 6
23 26
2 5
5 8
3 24
8 24
4 19
14 18
11 22
10 18
0 17
16 22
25 26
1 28
16 25
7 28
2 27
18 20
27 28
23 25
8 15
9 14
4 5
8 21
5 24
4 16
10 24
9 16
14 15
11 21
7 22
12 22
2 17
17 18
13 23
18 25
23 28
2 11
4 26
8 18
6 13
4 21
19 23
10 29
7 8
21 24
1 21
0 27
22 23
2 18
1 26
1 15
4 12
8 28
9 25
6 14
14 22
15 23
6 29
20 21
1 16
0 24
7 24
13 16
12 24
2 23
1 5
17 24
13 29
3 6
14 28
19 28
9 20
15 25
5 17
0 18
7 18
16 23
11 26
1 19
0 5
16 26
17 22
12 29
2 24
17 27
23 24
2 7
5 7
15 28
5 20
20 28
11 20
10 20
6 27
11 25
0 2
13 22
3 15
18 22
1 3
8 13
3 21
10 15
8 19
14 26
5 26
19 22
10 26
0 28
17 28
0 15
22 27
13 25
3 10
18 27
8 10
4 13
8 29
4 24
8 16
14 23
19 21
6 18
12 14
0 25
7 27
2 20
1 4
3 26
2 14
8 26
24 29
14 16
5 16
6 8
10 16
7 13
21 29
12 19
1 18
17 21
16 27
1 7
23 27
4 7
3 25
5 6
4 18
24 26
6 21
7 16
6 24
0 3
13 21
2 26
8 14
5 12
3 20
10 12
5 25
4 23
19 25
7 10
15 18
11 18
10 22
7 23
17 19
22 24
13 24
1 13
8 11
23 29
4 14
2 10
9 10
11 12
15 17
7 9
20 23
26 27
0 26
13 14
12 26
1 27
13 27
1 8
