nnodes nedges type
30 200 graph
nodename posx posy weight
0 0.6301663645451893 -1.4853112664949772 21
1 -0.5080990272221362 -2.4913978451976555 67
2 0.6187706366416472 -1.1990382499378296 19
3 -0.9761444335404742 -0.6277595096550141 64
4 -0.7573553922259995 -2.163238002291676 64
5 0.1551939675207432 -0.9974414351044408 20
6 0.5213360098760885 -2.2993873915303076 52
7 0.03422974085828832 -1.4233686513998511 97
8 -1.0301623384650986 -1.8238447067958643 67
9 -0.6740452416623615 -1.5297938076451254 95
10 -1.333563514033491 -0.7502231616342139 50
11 0.050414087744027655 -2.238150846812643 23
12 0.3349483931016014 -0.7924405107538192 29
13 -1.447952670850023 -1.2208104908336133 26
14 -1.0855015714243903 -1.4050615955772978 92
15 -0.3061323616348511 -0.9637170807934274 99
16 0.7024269435626767 -1.9440815236487101 67
17 -1.8104315259393093 -1.5410410994619859 33
18 -1.453346431047989 -1.7981510115396035 58
19 0.1274657414613376 -2.575122762282955 22
20 -0.6430269248758661 -0.23382212738307206 97
21 -1.012897126312701 -2.376107224036665 55
22 -0.4378402178565964 -1.3550624233422222 85
23 -0.13588758173131718 -0.6424915466886589 1
24 -0.38644177705927324 -1.7707875919438807 49
25 -0.38783221117370964 -0.7075779257253659 69
26 -1.4800203848489246 -2.531767713250341 19
27 -0.6949490659326557 -1.05651151468055 35
28 0.18097086028823844 -1.759854475333689 39
29 -0.26924135801402577 -2.0583857377249957 63
endpoint1 endpoint2
9 26
14 17
20 25
10 17
7 12
11 28
7 25
16 28
2 22
1 6
2 5
1 11
3 24
8 24
6 7
4 19
9 21
14 18
11 22
10 18
16 22
11 27
1 28
0 4
22 28
27 28
2 27
8 15
2 6
9 14
3 23
8 21
14 24
19 24
9 16
14 15
5 21
11 21
10 23
16 19
12 22
17 18
22 25
13 23
3 12
2 28
18 25
8 12
23 28
10 14
14 21
5 27
4 21
11 15
15 16
6 16
11 16
22 23
12 27
1 26
0 14
8 9
3 17
14 22
7 15
6 29
1 16
26 29
16 29
7 24
0 24
12 24
2 23
1 5
0 11
3 27
8 25
14 28
4 28
19 28
9 20
24 28
7 18
1 19
0 5
17 22
12 29
18 21
17 27
23 24
4 11
3 5
5 10
3 22
8 22
5 7
4 17
10 25
9 23
15 28
24 25
5 20
6 27
13 22
3 15
8 13
4 8
2 8
10 15
9 29
8 19
14 26
11 14
19 22
9 18
7 11
5 23
7 20
2 19
1 25
0 15
22 27
3 10
18 27
9 11
8 29
4 24
14 23
19 21
25 29
21 26
20 22
0 25
7 27
13 15
12 25
0 12
13 28
3 9
1 9
8 26
15 24
5 16
0 19
21 29
11 29
1 18
0 6
17 21
13 18
2 25
1 7
17 26
3 4
9 12
4 7
3 25
4 18
24 26
6 21
5 19
11 23
10 21
0 16
25 27
6 24
7 16
11 24
1 29
16 24
7 29
13 21
4 9
2 9
3 20
10 27
9 17
15 18
7 10
10 22
7 23
2 16
13 24
3 13
1 13
18 24
23 29
4 14
8 17
14 20
6 12
4 20
0 23
6 19
21 22
13 14
1 8
3 29
2 15
8 27
