nnodes nedges type
30 200 graph
nodename posx posy weight
0 -2.0971175125595196 -0.42217533885846975 99
1 -1.3403757687669506 0.29663864913676 14
2 0.254375485169781 0.04642010837419527 88
3 -0.342003853094107 -0.071817563284668 66
4 -1.203905926395748 1.0778798012790254 57
5 -1.3355264971340517 -0.4863815032621611 83
6 0.23094156483145398 -0.4394138954606262 22
7 -0.6916203096601786 0.006241603974624595 57
8 -1.0819068675195207 1.3801000777317165 25
9 -1.203461489181957 -0.20211235014919277 1
10 -0.8435770824528358 0.352672299722372 69
11 0.10528699089276576 0.32561819157570077 25
12 0.23916299932263207 1.236065196527482 91
13 -1.9143057194910689 -0.0276301952368511 83
14 -1.8164097678274587 -0.6992675114281444 4
15 -0.19238067247282647 -0.3705406141296681 45
16 -0.7850800062618268 -0.5181151341297957 5
17 -1.8525727367307803 0.27607268657978085 42
18 -1.1632941174776918 0.6266937828606035 50
19 -0.2569521739782777 0.25730782907708477 89
20 -0.6604475149970332 0.8893533483472059 7
21 -1.0906056477665478 0.06067682002801857 97
22 -1.1355003381604938 -1.2981079419093455 26
23 -0.5858982186373097 0.5464761052576017 80
24 -0.5092610614614875 -1.2184781875157524 56
25 -0.4413366380845379 -0.7679799562120678 48
26 -0.2200775965412676 0.6495784410614874 55
27 -1.855485373743086 0.7620221439559882 33
28 -0.9894039927106053 -0.7662094699119472 84
29 -0.05412240561869837 -0.814360314386108 75
endpoint1 endpoint2
9 26
14 17
10 17
0 20
11 28
26 28
0 10
23 26
1 11
4 19
19 29
6 10
5 18
10 18
16 22
7 19
6 25
1 28
7 28
16 25
18 20
23 25
4 10
2 6
9 14
5 11
10 13
8 21
14 24
5 24
19 24
9 16
15 29
6 23
5 21
11 21
7 22
16 19
6 26
17 18
0 1
22 25
2 28
18 25
5 14
4 26
3 18
8 18
5 27
4 21
19 23
10 29
9 19
15 16
7 8
1 21
7 21
0 14
3 11
18 26
2 12
3 17
9 25
15 26
14 22
20 26
15 23
6 29
21 27
20 21
16 29
13 16
2 23
1 5
3 6
1 10
14 28
9 20
6 11
5 17
16 23
12 18
11 26
0 5
16 26
22 29
13 19
2 24
18 21
4 11
3 5
2 7
9 13
5 7
10 25
15 28
6 20
24 25
16 20
1 3
28 29
5 13
4 27
3 21
10 15
9 29
5 26
10 26
9 18
15 19
7 11
11 19
1 20
0 28
7 20
12 20
1 25
3 10
8 10
9 11
14 23
20 27
19 21
25 29
0 22
21 26
1 23
21 23
2 20
1 4
13 28
3 9
2 3
1 9
18 28
3 26
8 26
9 27
15 24
14 16
5 16
24 29
10 16
15 21
7 13
21 29
12 19
11 29
13 18
2 25
1 7
0 9
23 27
4 7
3 25
8 23
5 6
10 21
7 16
16 21
6 24
7 29
16 24
13 21
2 26
1 2
9 15
3 20
8 20
14 27
4 23
10 27
9 17
15 18
6 22
5 22
16 18
7 23
2 16
1 24
17 19
1 13
23 29
4 14
2 10
5 28
4 20
11 12
25 28
15 17
6 19
21 25
7 26
13 14
21 22
1 27
0 13
1 8
3 29
8 27
