nnodes nedges type
30 200 graph
nodename posx posy weight
0 -1.3451687742883842 -2.4933249483664084 90
1 -1.7439276513501696 -3.5810092009343384 37
2 -2.0074678304415374 -1.7394671482159043 64
3 -1.040697753618482 -3.5789991352123813 92
4 -2.8714889765693723 -2.8626766579766594 14
5 -1.6573359598629038 -1.4716440680221041 56
6 -1.021980405804798 -2.264709383252165 3
7 -3.183298632757631 -2.8093688805057835 35
8 -0.6235971994354131 -2.690011047695209 43
9 -2.245702077698188 -3.642127021642402 82
10 -1.3319880835185693 -3.0597748825097866 14
11 -1.1104389447100234 -1.6511369004887126 25
12 -2.8230007975408014 -3.3579685118442284 20
13 -1.6620029550691895 -2.709759468036948 32
14 -2.408000408048466 -3.4513848843921178 82
15 -1.8071044511165313 -2.3135757878542758 24
16 -2.258679215751154 -1.883533060435197 46
17 -1.5765847379797855 -3.3181846975199627 12
18 -2.7299841684901387 -1.7103006187650094 24
19 -1.05761963108821 -2.8958564244718965 1
20 -2.2791853541644387 -2.2182047212288687 22
21 -2.3554211023063987 -2.9424505921074875 21
22 -2.3275073363034973 -2.6789600600839774 62
23 -1.2719581389943309 -2.06457320586487 95
24 -2.858006044273782 -2.331925518580388 23
25 -2.7047164058950623 -2.08507014716276 63
26 -2.028605829137484 -2.703589907691204 3
27 -1.8262608242699907 -3.1290885022064523 12
28 -2.131460009667926 -1.2863067805794353 51
29 -1.59234999037734 -1.858432543575091 45
endpoint1 endpoint2
9 26
15 27
20 25
7 12
11 28
26 28
1 17
7 25
16 28
13 17
2 22
18 19
0 10
2 5
1 11
5 8
19 29
9 21
6 10
11 22
0 17
16 22
25 26
12 17
17 23
13 20
8 15
23 25
2 6
9 14
5 11
4 5
10 13
14 24
5 24
14 15
7 22
6 26
0 1
13 23
2 28
18 25
23 28
4 15
2 11
4 26
10 14
14 21
19 23
10 29
9 19
15 16
6 16
11 16
1 21
7 21
12 27
2 18
1 26
22 26
13 26
1 15
4 12
3 17
9 25
6 14
20 26
0 21
6 29
21 27
26 29
13 16
12 24
0 11
17 24
9 20
24 28
15 25
6 11
0 18
7 18
16 23
11 26
1 19
0 5
17 22
2 24
0 8
17 27
2 7
9 13
4 17
19 27
15 28
5 20
10 20
16 20
6 27
12 23
2 29
1 3
28 29
2 8
5 13
10 15
8 19
14 26
4 22
19 22
15 19
5 23
11 19
7 20
17 28
22 27
3 10
1 14
18 27
4 13
2 13
4 24
9 24
20 27
19 21
25 29
7 14
21 26
20 22
12 14
0 25
2 20
1 4
0 12
3 9
18 28
3 26
9 27
24 29
14 16
5 16
6 8
10 16
0 19
21 29
11 29
0 6
1 7
17 26
23 27
9 12
5 6
4 18
24 26
6 21
11 23
10 21
25 27
16 21
12 16
0 3
16 24
3 14
4 9
14 27
5 25
9 17
15 18
6 22
10 22
16 18
12 21
17 19
13 24
3 13
18 24
23 29
4 14
2 10
9 10
5 15
4 25
3 19
8 17
4 20
25 28
7 9
6 19
21 25
20 23
26 27
1 22
7 26
2 21
0 13
3 8
1 8
18 29
3 29
2 15
8 27
