nnodes nedges type
200 1500 graph
nodename posx posy weight
0 4.733345952986206 -6.48511135130012 160
1 5.277639645559713 -5.350145950956962 150
2 6.088729218050619 -4.516174086443014 311
3 6.853257507773756 -6.372785379757289 284
4 5.676983584570876 -4.967771895633836 37
5 4.715185865490074 -6.1957384559821245 473
6 7.636201336106272 -5.379750447343542 155
7 6.269105692229583 -4.7953944124380525 183
8 4.96204120803245 -6.326999862350629 387
9 5.943950619034686 -6.9335933451592515 221
10 4.539352049459131 -4.9776748369233355 362
11 5.674641985619859 -6.601400834636653 165
12 5.523074198008784 -6.189032239700327 69
13 5.852937852268182 -6.608434068945506 329
14 6.550329149323933 -6.387076782902374 214
15 4.511330262727289 -4.567170914979998 24
16 4.273767242196117 -5.588209054110831 256
17 4.343714947419482 -6.2109170631281 218
18 6.381967109027742 -4.644171604525691 40
19 6.176611393224048 -7.306851960317552 58
20 4.286047902217013 -6.839160838291885 45
21 6.565777011569147 -5.427148731789204 244
22 5.867477320535065 -6.302532430254159 449
23 4.829611484326527 -4.855532745206023 62
24 5.584761534952508 -7.066120376242324 285
25 7.097625865411855 -6.091697647291873 480
26 5.954485323612861 -5.293266597571313 183
27 6.407434719626313 -7.224858288857834 110
28 5.517166279630573 -3.9897461199074016 500
29 6.72058407745077 -6.6165627672745675 97
30 7.330447077151493 -4.8240113150951185 43
31 5.747795991443583 -5.7954928673345085 291
32 4.734213379047689 -5.506093810333674 414
33 6.431859593011099 -5.700955434156786 423
34 7.343994446170852 -5.928931698163476 330
35 6.9037364185964565 -4.538035584576055 318
36 7.109516651865502 -5.856518145449224 13
37 5.939412885280709 -6.145927445934798 223
38 5.854301373006768 -4.750491686889357 169
39 5.357955629528228 -5.900853187532142 174
40 6.21312540793309 -4.096932675448094 306
41 5.76977401390987 -7.512551965920783 63
42 6.813952459636809 -4.717518961714271 387
43 7.108769711558873 -6.7073153347242265 338
44 6.809507171272986 -4.298925804048827 32
45 6.083875280763081 -6.150295187633283 291
46 4.808798128157025 -7.1781933443427945 12
47 4.558647166406539 -5.597877431666752 210
48 6.714043216274948 -5.836131499768596 493
49 6.596202615529785 -4.4904654110594 226
50 5.270135996597488 -5.231510515411702 260
51 7.512466498273686 -6.625403085990545 157
52 5.2662832681329 -7.320767734132783 478
53 6.243546130806194 -6.544834502040582 295
54 4.643822579201957 -6.63273887472271 262
55 5.388761515530448 -4.534412447386501 380
56 4.950890679788299 -6.880739565070138 12
57 6.166108188305415 -6.965343468434799 193
58 6.085834014177437 -4.3546461322530305 319
59 7.736355788047788 -6.328960364667492 63
60 5.266234646616794 -4.224347153993168 37
61 7.192588165115009 -5.514573381316228 168
62 6.548807036714358 -5.8574602767423505 465
63 6.268200826892177 -4.326222312918409 378
64 5.1554160336307655 -5.009897158773501 294
65 6.020290698625312 -4.758565129181357 314
66 8.009569890408637 -5.744146174972162 289
67 4.98725318963343 -4.707657590999244 360
68 5.899975489677239 -7.245691147897769 271
69 4.873085859982439 -4.413816508070418 485
70 5.6580127453142754 -5.405912639350618 121
71 6.6970263854871765 -7.061890445128242 298
72 6.405564142120647 -6.230973229607489 324
73 6.87808852699755 -7.641589415880823 98
74 5.48472027092924 -5.080627984779924 471
75 5.07126825595115 -6.097811497232224 235
76 6.530369824410656 -7.057191513622528 278
77 6.434064250571868 -5.2289042173460425 147
78 6.780290634974896 -4.889385387601099 172
79 6.745589817639893 -5.045973096083026 465
80 7.363446894895754 -4.7778867422987785 269
81 5.717301080901877 -3.9545849967563282 20
82 6.865091613542493 -6.922444218226402 278
83 4.383834963625538 -5.090680247648534 388
84 5.2361274252972745 -4.9360028861299075 498
85 6.247468871851065 -5.070148446339487 141
86 6.464905844463302 -4.800371099084951 151
87 7.281207802034781 -5.070606287780069 100
88 4.895351395367279 -6.647009455220821 313
89 5.796495016901891 -5.997655483813965 219
90 4.404275029396058 -5.971415233834493 383
91 4.353529695808118 -6.535364703401091 314
92 5.542822672572041 -5.290307253398801 326
93 5.7183842093885096 -7.182585384589578 308
94 6.1669544899977495 -6.65982822189398 96
95 7.631053748342928 -6.408238761803558 374
96 5.214760817569792 -6.081773408333815 319
97 7.099693799635345 -4.723297768405395 408
98 4.233439886784219 -5.833244464457478 53
99 4.948560415854969 -5.27753854979162 321
100 6.6041376029892795 -5.191091855137695 467
101 7.067438180645749 -5.469444802277588 162
102 5.097719203742605 -6.655639965669199 50
103 5.525671440535896 -6.603701030850265 94
104 5.339508645057653 -6.970841219446148 249
105 4.386520920309438 -5.3251943883697 347
106 6.065056060800987 -5.342430080286995 492
107 7.7593004319060235 -5.824886676019675 72
108 6.280397506469195 -7.1337682263467475 409
109 5.889512020617069 -4.177726194369602 155
110 6.939067452218692 -7.1580731049901996 108
111 7.124961244621718 -5.030525114581169 228
112 6.111940459353951 -5.067498521208654 121
113 7.958470342978741 -4.977362297697569 342
114 6.062850532163119 -7.02035887100143 278
115 4.692360227915263 -5.3360662742407685 343
116 6.461114310448855 -6.809385389624972 175
117 7.576985769175536 -4.953658652249389 80
118 5.606762621317024 -7.71301396400384 484
119 4.871889920344497 -5.154511863075279 374
120 6.24732352395169 -6.164567558315563 472
121 6.542429331035624 -4.637594852364127 55
122 7.541322779412344 -5.153691885152524 162
123 5.207932250961564 -5.673274382958324 408
124 5.353009321995001 -4.228586767881167 247
125 7.377673197332384 -4.410616037080075 419
126 4.781812387209408 -5.88688785581913 214
127 7.31115443935507 -5.853597662385311 125
128 6.151243908420993 -5.620068399805742 49
129 5.134504095112608 -6.927021748936892 441
130 5.737786626389514 -4.422749038788914 43
131 6.344052549080452 -6.729177523927803 236
132 6.667251117379965 -5.297734916872059 419
133 6.910835105215973 -5.304032676916646 165
134 5.17539324450845 -5.542332350446391 86
135 6.788963219343431 -6.171343824694742 351
136 5.802349764724516 -5.400550359220978 385
137 7.29783828537727 -6.852194092447699 460
138 5.156415825574079 -6.260560725219082 126
139 6.6325194530316 -6.765698715731523 228
140 6.366796819960092 -4.235222415495019 167
141 7.245348952560593 -6.651471062635255 83
142 5.772652852123998 -6.795046911818215 118
143 5.104227349311384 -4.362919060931036 441
144 5.584388393620442 -5.850375660442043 143
145 6.440626483596688 -7.4746142550802945 189
146 7.7266166546288275 -5.456438921210252 103
147 5.28691099688223 -4.513086128224262 300
148 7.3258747525433785 -6.190713533274319 490
149 4.672283287618104 -6.024771698644588 167
150 4.991832147052647 -5.641342777673568 288
151 7.670523752381397 -6.015076183806043 215
152 7.106745608940935 -4.518401670016446 274
153 5.654239761119799 -4.469992611785687 296
154 5.606830732116032 -4.914993994077196 22
155 5.389057566503857 -6.829867278667535 499
156 7.581037743979085 -6.801093603300716 430
157 6.714416969235408 -7.324711407014996 375
158 6.6535382805163605 -5.631867362801045 219
159 5.990069943056367 -5.009962260989861 140
160 7.015803302993495 -6.9716502879958755 315
161 4.179480548239264 -5.423916952963059 223
162 5.2543751399143135 -5.91868660693932 409
163 4.708712371471547 -5.834693260722601 63
164 7.414236259521356 -6.060422434951144 445
165 7.010516977907272 -6.282736300761274 251
166 6.765733438140674 -6.298373026404444 242
167 4.745218833568776 -6.695623264818591 467
168 5.345270532985537 -6.550891544186837 306
169 6.068720960753373 -7.240259712544296 164
170 6.342433150129712 -5.580753777330322 339
171 5.124926921747298 -7.3631792882161555 377
172 7.29136385463641 -7.273949587000679 116
173 7.2237190299404705 -5.252991649628813 309
174 5.237545158095528 -6.41157438346895 118
175 7.066151533122345 -4.8905031065725675 299
176 5.2315615726733045 -4.718201438701445 154
177 4.662078173060207 -5.0198846275360784 446
178 5.427987727964884 -3.9979198698216396 490
179 4.507699312610927 -5.515397423622643 344
180 7.429580913126592 -7.108854439155407 363
181 6.593457321785036 -4.1397429775381935 179
182 6.6837140236510155 -4.209376292433683 490
183 6.166871798040138 -6.273228950134067 210
184 5.956450757074663 -4.091796433274818 217
185 6.083443358493146 -5.739770873987287 153
186 5.504399149286647 -4.530003206874472 401
187 4.722787746581884 -4.5672661024028045 27
188 7.254547095823074 -5.558024560559157 17
189 4.54968784912787 -6.293424780471316 474
190 5.560757607085904 -7.355742967720992 191
191 5.474478795746168 -6.3688786948829605 216
192 5.433290051714641 -7.115322294106957 282
193 6.817445383555062 -5.938696005386581 441
194 5.655819061243323 -5.647934204771237 386
195 5.898972340004334 -5.812163924367869 408
196 6.91161521187156 -5.665209165680224 69
197 5.141130127812143 -7.061733492011927 419
198 7.47277961374819 -5.629962818723722 46
199 7.26159228208099 -6.3911327777785525 228
endpoint1 endpoint2
13 108
75 104
116 158
100 112
73 82
2 78
94 167
5 195
154 181
71 141
61 151
31 126
91 118
55 100
85 87
70 94
7 22
16 38
76 192
61 63
51 121
71 138
112 121
20 82
38 140
30 111
14 165
135 197
141 169
1 33
43 113
30 180
81 140
12 41
80 137
82 165
86 147
108 132
64 98
49 133
70 72
44 120
105 126
129 158
131 174
150 195
8 163
33 173
179 186
37 56
130 183
24 99
80 128
6 87
139 175
107 172
18 93
7 125
27 169
131 151
8 170
33 166
34 44
13 56
72 129
113 193
64 112
84 115
51 183
163 187
169 192
12 71
59 164
136 160
135 152
155 179
82 142
175 188
105 138
86 164
161 168
38 59
39 139
97 128
26 140
62 141
67 194
58 86
22 176
177 185
69 123
94 141
131 133
9 46
119 159
63 185
135 145
138 192
144 167
3 108
14 59
163 169
92 193
170 192
173 181
28 147
142 159
40 176
161 186
110 135
38 53
120 162
32 126
140 170
124 150
69 109
37 116
86 94
58 186
43 162
63 175
83 174
101 120
74 90
40 70
188 198
26 153
116 174
134 142
170 178
83 89
27 59
137 148
89 179
77 103
65 170
14 157
4 83
120 176
70 153
73 139
12 98
68 71
62 118
43 144
3 72
9 145
2 144
149 154
115 124
68 78
55 149
80 185
62 121
102 144
31 156
82 100
74 119
65 85
74 198
81 181
27 145
119 192
37 104
15 170
42 135
8 11
9 131
48 162
67 149
88 104
13 151
19 71
82 199
67 124
105 177
40 154
39 194
138 145
70 106
22 137
26 196
190 197
7 42
48 89
34 132
70 133
94 186
95 135
46 114
13 144
17 85
22 128
99 120
48 80
57 153
7 176
36 139
133 165
100 168
19 194
59 107
109 183
38 125
20 163
48 87
11 93
28 163
92 128
26 121
174 177
33 153
76 89
102 183
30 101
26 174
49 138
166 185
28 186
48 78
129 131
7 166
20 83
42 64
5 92
61 175
12 130
37 134
114 165
62 150
65 146
84 103
32 69
147 193
33 58
72 75
7 159
20 90
150 184
5 69
39 159
46 183
84 110
74 132
104 105
69 143
5 61
81 132
117 147
109 121
77 80
135 165
183 185
45 184
138 167
89 102
74 143
37 95
61 73
51 79
0 101
20 104
38 182
132 191
137 199
83 149
139 167
111 158
134 163
2 187
50 143
5 47
24 114
107 157
14 134
164 172
39 138
64 72
48 146
49 175
57 95
58 87
96 142
76 141
52 166
11 196
51 93
43 183
63 184
39 131
65 119
11 31
122 128
76 132
11 108
69 99
124 152
142 156
53 148
56 168
12 197
79 175
17 167
40 64
116 160
122 139
93 197
2 55
41 112
6 152
18 151
58 187
107 128
144 150
23 134
1 23
2 159
74 170
47 70
11 154
128 158
35 170
0 88
112 130
85 166
49 122
31 62
8 23
96 170
22 93
44 74
12 99
5 12
78 153
122 127
54 134
19 160
102 105
141 152
72 172
17 138
14 101
111 192
97 164
48 181
149 153
7 79
11 136
119 123
34 90
60 176
65 84
58 125
3 193
27 144
119 195
11 129
71 171
77 128
80 177
139 158
31 132
14 196
20 32
3 40
59 71
96 192
63 83
11 41
149 171
151 155
8 155
88 105
106 191
150 154
19 183
43 134
40 42
3 190
4 48
116 138
36 62
4 199
26 116
117 181
27 110
11 191
126 189
105 185
12 150
87 121
1 163
92 100
114 185
28 54
90 190
18 124
115 170
122 184
11 39
153 199
26 127
154 168
36 180
100 169
0 50
74 104
110 188
29 42
81 144
8 176
7 168
106 168
51 114
30 106
1 189
55 102
111 133
53 60
93 149
20 171
28 187
34 174
104 139
71 132
130 163
155 169
30 109
128 174
2 94
26 72
103 106
123 190
0 104
150 185
139 168
144 189
1 143
39 158
85 103
21 53
80 100
5 171
171 191
26 32
118 145
47 159
105 124
57 180
129 156
61 79
84 144
106 133
126 192
108 110
12 177
111 144
46 191
43 97
30 55
33 164
35 136
24 108
136 187
64 195
67 78
13 54
17 179
18 82
7 116
56 155
58 60
59 166
22 46
19 126
76 117
60 159
136 162
157 169
72 138
38 57
97 134
8 124
11 25
18 77
58 84
9 195
101 146
11 118
53 138
128 138
2 34
78 130
30 33
33 182
35 182
157 162
74 86
23 115
120 157
70 170
109 133
92 195
168 190
99 179
9 196
142 157
73 103
56 169
36 125
97 121
100 146
89 167
35 191
40 178
25 117
161 184
180 185
4 111
45 155
120 164
44 85
101 132
50 185
53 156
78 140
27 36
86 92
89 168
43 164
14 152
18 39
45 148
67 187
87 164
54 98
110 127
78 100
69 84
16 96
19 45
98 123
100 128
84 186
87 95
41 137
6 35
102 119
48 191
29 115
191 195
71 180
56 190
62 116
21 139
59 72
23 38
31 38
39 166
32 133
21 109
95 170
22 85
83 105
12 27
61 119
112 177
38 196
114 141
45 110
63 196
50 123
87 194
97 188
11 128
106 181
69 79
36 152
66 125
103 160
87 106
82 93
107 111
147 158
38 78
29 94
36 48
106 188
67 126
108 164
72 194
74 103
44 152
29 87
96 183
99 194
16 67
15 21
53 194
36 142
108 163
112 166
23 74
50 100
70 99
75 197
129 183
121 186
16 186
71 145
42 92
5 104
82 183
158 181
3 30
141 180
90 134
70 90
110 189
21 25
80 112
149 197
26 71
71 142
6 97
45 58
137 169
12 133
13 17
35 124
1 188
114 168
90 129
21 34
95 111
115 187
22 144
44 133
53 172
56 128
92 153
94 173
76 195
9 14
10 132
47 121
160 174
51 122
58 136
86 159
34 113
141 166
25 168
59 146
77 196
6 192
84 138
29 172
12 36
33 169
17 55
130 187
63 134
139 171
30 85
1 142
3 117
21 195
65 105
90 147
70 79
146 170
72 116
37 84
61 78
35 130
24 102
72 157
60 121
62 134
84 119
85 111
33 89
27 170
63 109
68 120
10 177
13 164
0 103
54 174
113 117
132 185
62 137
84 126
33 82
28 152
29 183
0 126
130 132
133 137
30 78
14 132
3 104
43 94
99 141
173 185
56 163
78 131
27 41
34 61
35 185
24 123
42 45
136 170
65 196
135 146
63 186
66 183
39 189
48 139
90 119
5 142
25 141
55 178
75 141
22 57
12 199
31 165
17 20
15 74
61 195
82 127
135 139
97 151
83 85
46 75
36 101
100 154
31 162
89 175
19 148
77 107
59 61
79 182
10 36
39 179
23 128
67 186
166 199
52 189
55 128
24 33
78 148
13 193
198 199
0 90
68 172
35 61
91 136
39 168
23 153
29 114
1 110
191 194
16 88
78 159
6 136
64 143
178 187
15 161
28 44
140 195
40 55
3 77
4 69
89 91
98 155
14 195
65 185
90 163
17 129
74 114
7 49
11 50
89 92
46 103
124 181
41 82
133 183
139 144
54 150
79 138
38 79
63 93
50 194
96 177
117 170
75 167
133 193
4 50
116 148
26 195
23 189
34 131
59 137
106 164
10 123
30 126
125 164
50 101
18 122
38 121
21 31
22 135
23 186
7 28
63 67
92 132
41 52
7 173
124 194
36 182
131 199
15 130
65 133
20 174
38 112
115 181
7 21
11 94
33 45
76 197
4 183
13 191
17 68
58 142
77 162
49 62
181 196
37 154
88 158
159 198
143 184
1 44
29 33
32 176
16 26
128 169
59 156
160 175
15 99
37 50
6 89
82 166
45 50
66 89
49 55
157 195
158 164
108 137
64 111
134 189
85 92
32 88
141 165
1 37
166 183
4 22
25 175
28 140
48 120
32 183
16 17
77 195
41 47
117 151
77 84
60 140
61 165
31 104
84 105
138 187
87 140
109 159
163 177
115 136
99 153
119 140
35 133
17 47
36 170
6 75
88 196
0 16
127 173
144 197
68 121
37 92
61 70
19 123
137 196
155 190
161 171
22 194
65 122
14 45
115 150
116 197
57 196
78 185
62 87
31 182
52 73
127 194
40 198
4 123
14 52
146 148
21 78
4 10
101 144
19 137
76 110
50 90
86 179
37 160
134 144
11 16
140 175
53 96
76 135
101 153
69 96
52 168
4 128
6 164
62 65
84 182
29 136
156 158
76 101
77 113
3 89
169 174
32 114
62 72
9 92
83 197
64 178
37 193
49 70
68 166
3 94
8 19
62 170
65 70
170 190
44 78
11 159
50 174
52 190
24 34
21 128
107 122
18 28
38 91
189 197
53 123
79 97
46 90
11 148
16 89
102 157
84 195
43 148
79 135
45 115
46 131
31 32
18 23
165 196
44 173
120 187
48 168
69 179
70 148
54 114
76 171
149 166
123 128
100 176
31 152
89 129
112 179
21 146
60 179
79 140
65 184
50 121
13 67
70 124
147 155
97 178
9 158
63 87
74 194
95 157
9 120
31 129
52 58
112 170
25 88
50 112
143 167
39 86
36 50
154 165
123 158
24 62
5 100
64 149
100 166
92 104
53 95
2 121
4 194
46 118
29 198
106 165
133 184
30 127
13 29
180 197
93 128
39 68
131 185
22 119
27 120
78 195
13 22
19 198
40 140
96 121
111 121
32 75
70 88
19 94
77 161
133 170
14 167
21 191
3 9
26 170
62 147
47 138
32 177
156 165
174 188
11 167
123 186
19 103
102 162
164 180
24 137
116 122
32 89
57 71
38 99
47 147
68 116
19 108
41 191
133 156
61 164
63 128
10 28
107 170
162 179
65 111
84 106
33 70
89 97
57 72
26 47
34 191
53 188
56 144
57 185
59 173
5 57
7 144
84 147
35 132
56 127
41 160
6 72
61 189
120 139
85 109
87 132
143 150
1 54
3 141
131 154
9 39
103 149
18 175
63 182
85 133
8 120
145 193
18 81
4 12
5 154
142 150
4 147
27 82
35 178
81 123
79 165
135 151
138 194
49 82
8 127
65 114
53 102
18 72
74 189
2 142
163 167
173 183
101 159
16 126
55 183
37 77
94 118
93 96
167 179
61 87
29 142
31 190
34 59
54 190
185 189
60 145
43 171
101 113
17 162
55 85
38 55
37 175
4 99
42 186
120 160
65 75
29 101
141 193
121 135
11 96
15 39
75 143
78 136
61 80
119 147
35 160
76 102
130 148
25 122
31 52
107 143
4 106
42 165
44 193
48 132
29 126
53 104
145 180
2 128
166 194
56 179
37 127
103 185
161 197
89 173
186 199
85 153
86 194
106 126
8 20
65 69
67 188
33 124
43 71
69 81
52 191
78 154
66 111
104 198
47 51
62 195
85 162
91 138
26 28
46 91
36 149
75 178
80 199
47 56
25 77
79 134
141 148
40 57
97 184
9 148
29 73
21 106
96 165
117 166
46 98
123 131
75 171
31 155
0 42
114 136
79 143
45 107
31 40
25 199
63 86
69 187
83 115
106 176
24 56
62 101
86 127
108 168
3 44
133 198
79 148
49 97
32 39
91 145
113 140
96 196
95 116
42 128
190 199
118 191
54 77
4 196
112 162
79 157
91 150
4 60
23 191
128 198
1 72
92 143
75 193
98 162
26 112
10 150
29 197
13 139
105 189
37 150
29 45
94 166
149 185
81 147
174 179
123 175
104 129
33 155
106 173
19 88
80 154
86 128
21 181
23 92
14 76
183 193
25 163
7 23
9 185
48 76
67 143
76 199
150 163
13 14
3 8
45 72
46 174
140 151
141 170
143 186
93 145
9 162
7 12
69 152
56 131
1 83
148 166
174 189
71 128
36 166
130 191
31 109
14 175
86 146
24 138
74 134
25 173
72 112
56 138
22 25
150 194
7 154
9 52
33 174
108 115
109 123
58 158
132 182
155 162
158 173
164 188
64 120
32 81
159 182
14 33
26 95
156 180
15 115
17 45
19 116
38 176
64 192
37 179
3 127
85 108
0 129
128 176
27 92
119 135
51 82
49 88
39 136
140 187
159 164
146 155
4 13
50 136
2 39
153 177
38 162
135 150
105 140
161 162
164 169
37 165
111 162
39 129
11 29
2 143
44 99
53 150
37 76
2 62
55 182
98 106
10 174
176 186
103 138
18 158
82 131
136 173
49 74
161 187
17 161
45 158
67 177
33 97
51 139
0 150
74 165
43 72
97 125
78 137
9 89
86 89
89 171
101 121
66 141
139 193
72 188
75 89
39 183
43 48
122 148
12 106
73 108
2 48
41 123
100 133
103 184
24 76
88 169
72 163
18 35
93 168
75 94
3 64
42 173
48 188
145 172
54 102
68 70
77 144
98 119
10 91
125 132
0 93
77 97
111 198
24 194
145 165
73 141
21 96
167 193
98 159
46 88
104 191
12 24
17 99
37 96
42 125
27 54
54 155
24 90
6 30
42 159
70 138
83 109
42 100
112 181
19 172
25 85
13 65
110 165
32 144
145 151
1 125
21 114
81 175
101 164
12 14
106 177
52 149
64 144
10 116
87 102
127 159
112 172
85 188
32 56
3 188
57 145
21 123
99 193
7 184
177 194
126 191
42 86
66 112
0 57
112 163
14 67
90 176
18 126
75 115
115 168
118 183
122 186
36 59
129 178
117 176
8 135
121 181
52 155
56 94
19 82
77 173
131 195
6 107
7 198
158 182
127 141
0 48
23 70
