nnodes nedges type
200 1500 graph
nodename posx posy weight
0 17.280573133122427 -1.000725144970586 6
1 17.779750907346795 -1.691876207808637 127
2 17.004714201076123 -2.2604000386257788 168
3 15.586123787579206 0.534073346339175 466
4 17.703808681236016 -0.8494793374391254 229
5 18.233848720056343 -1.8478903534727344 408
6 15.91245606617456 0.08774464251129542 409
7 15.966027195952599 0.7035178017750072 381
8 18.44739764020957 -1.311250471126245 345
9 16.963510864729937 -1.3239070532856816 295
10 17.366857729843584 0.3055993448180333 432
11 17.189004949353492 -0.649341217145274 351
12 17.96735226253242 0.18721526516217038 413
13 17.96803026536043 -0.6191988828418871 473
14 15.20103129038437 0.16011632660931824 50
15 15.463922429818602 -2.250367089904394 351
16 17.99106220003558 -1.0781769124424034 194
17 17.104072431202557 -1.2237177448009047 464
18 15.334706385490467 -1.1359463598561783 28
19 16.51224004360601 1.098123193993996 229
20 16.28615699337993 0.5663453106204873 432
21 18.114132618483744 -1.0631027737342937 91
22 17.97858491726946 -1.8567834911443966 156
23 16.626227549834415 -0.2856248139035077 115
24 16.192033976701165 -1.072249651068288 313
25 15.631075089222294 -0.7260404053553032 83
26 18.491636245138373 -0.9416342754236133 361
27 17.457561303227465 -1.3117603626699172 51
28 17.050760285048955 -0.6214058330545373 11
29 17.526077052002016 -0.20704077352383582 154
30 15.966753108342763 -0.4200447172702729 128
31 15.648045421079978 -0.17606874763777627 30
32 16.104834925164702 -0.37169461976216006 149
33 17.82814562294412 -1.3406318025676476 449
34 17.384261997938644 -0.2569785421449522 461
35 15.457141358233143 -1.9416631216942477 393
36 15.92918863894279 -2.3189852674151026 316
37 16.301374391772928 -0.37563245145111085 362
38 17.563785414472388 -1.0042629293605383 337
39 17.398574413999054 0.7058903110588327 384
40 17.958880562540436 -1.575452260507938 130
41 16.816983756263767 -2.0223639592563645 101
42 15.610890581410793 -0.8643836423816004 80
43 18.406367880707915 -0.6435022463639455 127
44 15.378240085189105 -1.538199009773661 144
45 16.220604389676193 -2.182307207376112 51
46 16.30107338058178 0.1495690254749447 5
47 16.114588619653865 0.20080069823554877 293
48 16.078190955006953 -1.5070950810562178 104
49 17.091972743554106 -0.7803731429368415 405
50 17.42436113552368 -0.6473506381260189 365
51 17.078754448544103 -2.3945471013761646 185
52 15.23628214216939 -1.2868890553000016 433
53 16.650708697508712 -0.8569081765945438 248
54 17.60312257988421 0.4088575947632161 232
55 16.666829408001913 0.5012930976357477 150
56 16.624444550030617 0.2031916925875204 435
57 16.59594212760694 -1.5028818957573693 416
58 15.227446084927637 -0.8314774713587003 265
59 16.4990785402776 -1.818408341479703 313
60 17.302513219979144 -1.128168775538979 22
61 16.836894447532515 0.9347791961223959 330
62 17.621307289068692 -0.802320159350993 427
63 15.71147576392362 0.8267563803046579 166
64 16.423612567343387 -2.493501178345616 125
65 15.733180183002498 0.18497095512768127 181
66 15.57509686007962 0.9228844733678937 382
67 15.739675526194462 -0.3214736385652853 158
68 16.807363174006547 -0.18679647039908467 132
69 15.765780440356398 0.5041858130294518 296
70 17.09634645605392 0.9865761615923928 353
71 16.549283044566593 0.36343702222225055 33
72 16.573294753433803 -1.23161993138129 369
73 16.81374050745702 -2.2994898303234663 391
74 14.974686804569684 -0.7836237849665028 23
75 14.999699279501941 -1.203284938497848 343
76 17.49616371077943 -0.4698424845813863 407
77 16.521556855083105 -2.0533041959523195 160
78 16.06278162706943 -1.805784323556126 149
79 15.90557745416394 -0.6465837778559588 92
80 17.441074004598605 -2.482581613938689 226
81 18.032280080726977 -0.2206337494455448 398
82 15.788057292084302 0.04919578232597117 281
83 17.769175852371227 0.2095688949768674 1
84 16.31950280277194 -1.5725691236582031 416
85 15.708692610709411 -1.390720554616604 204
86 18.09432316451018 -0.011210281161338658 475
87 18.24373144735178 -1.3779126212590016 172
88 15.481568478474388 -0.08669343534879702 19
89 16.579309695181323 -0.9306055720026166 239
90 16.391073401031154 -1.1878355416292634 465
91 17.317886003691 -1.8489049496409828 192
92 17.163312554584873 -0.2404564670569818 133
93 16.862794024214722 -2.606086493524227 220
94 15.78928216719874 -1.045419972637979 122
95 16.01637982450591 -0.7660613932286228 203
96 15.979467923063009 -0.18739071609827082 127
97 16.53553410867524 -2.5057128876030945 245
98 15.602364962194786 -1.953253542800623 113
99 14.699740474550646 -0.974907181095865 248
100 18.105924982863918 -0.7485580574187252 76
101 18.315025200397994 -1.003783760362813 384
102 17.23718100889769 -1.7848005726796152 340
103 16.981473684248467 -1.9934712852369507 115
104 18.49513765314451 0.09530749404811395 325
105 14.837245717116032 -1.1842210753216864 167
106 17.778744763176164 0.8353339048053299 346
107 17.776155133968132 -2.136310305033272 272
108 18.203945032397673 -0.5304136305703119 495
109 14.838709799596291 -0.7575627341482895 283
110 16.581987857565313 -1.0916986531016581 333
111 17.429743980139015 0.0007006380133528704 112
112 16.74773527626818 -1.491167094910444 68
113 17.542525775758264 -1.6503844833346144 450
114 18.36482323779594 -0.3011337552892941 243
115 16.000490411567476 -1.2927286283703168 356
116 17.60755869266995 -1.266691486732682 427
117 17.02846107688984 -1.0713308259099457 55
118 17.596309259549386 -1.791322385359133 291
119 17.658632149825497 -0.019103831544371484 42
120 16.922530728498725 -1.529244980720507 439
121 16.139813886068897 -2.7742261521977554 474
122 17.212714342949045 -2.0881268319845936 40
123 17.307735350941655 -2.317989304587602 117
124 14.780830288027966 -1.550022608974117 153
125 15.140863391682272 -0.8727877116150137 170
126 16.22705709489475 -0.19596863992233804 224
127 15.245520808310623 -0.15258432883496906 328
128 16.732416602069254 -0.5074836502925881 206
129 15.698027016951421 -1.9005893027917944 259
130 16.89688984461237 0.20958669429930923 472
131 16.21482050610567 -1.3187521532039084 264
132 16.515771326767663 -1.9746389599263992 276
133 17.016652319477203 -0.005997122531810274 439
134 15.030281775200185 -0.21787733622507174 76
135 17.161168159050504 0.24924430291148392 54
136 15.54978753719526 -0.49679072018543974 378
137 17.303275367223076 0.47705887644455053 396
138 15.901635187548319 -1.9318411577521806 398
139 18.01337252859546 -2.086973849034289 446
140 17.806039163740667 -0.6688089814979222 236
141 17.698809135132766 -0.46681329975935754 57
142 15.672631406647383 -2.3023299895191633 410
143 16.34710488475532 -2.5075318910533526 408
144 17.843900360072293 -0.35667401498962215 156
145 16.027807315885134 -0.9408969871293663 270
146 16.233751350181333 0.2807635940867113 160
147 16.82993131689202 -1.042390130789319 434
148 15.934479287378798 -2.4165331285941365 499
149 15.483044839506237 -1.0878118723956374 206
150 17.705145404946528 0.32435619831583257 416
151 18.285124719274993 -1.71151091231662 176
152 17.03511116859722 0.5486946559615272 31
153 16.006545801028906 -1.139969048139704 300
154 17.215920171294915 -1.6069320211961213 136
155 15.865733891195042 0.398395464693738 74
156 15.457221194529135 -1.220338243732866 110
157 17.91184477116863 -1.1633316702045908 106
158 14.947098924321516 -1.7256510603963342 195
159 16.41135202985262 -0.5939251302441645 166
160 16.31111079349372 -1.7390746984149588 126
161 16.480173433851732 0.5660673819108865 38
162 15.33810047312059 -0.12777653393511368 387
163 15.988359641294862 0.1734865059250734 395
164 15.27720684031563 -0.4738634253231238 188
165 15.247975429792632 -1.5162951383126968 211
166 16.977617130215855 -1.8244357104091047 154
167 15.037407588621873 -0.3235039587036676 342
168 18.161474793244754 -1.5541632512488222 499
169 17.41037724561786 -2.2064665684805584 324
170 16.509696680586643 -0.019498398013501207 165
171 15.250286455214377 -1.6899919946528659 55
172 16.61797094269509 -2.6866908656644766 303
173 15.31882369551903 -0.7140594582132092 304
174 15.55992808114364 -1.0185365542767826 123
175 15.497818462092114 0.17064174655226408 215
176 16.36829609162615 -0.6879347328318216 468
177 17.569512722332625 -2.3438465817741108 258
178 16.6981734597966 -0.004525842337135108 223
179 15.784323532676522 -2.3272938009324755 392
180 17.48018236475394 -1.8079805973196428 385
181 16.356862141976745 -0.09061015569768666 282
182 15.197120810103629 -1.8346764724013873 296
183 15.251631666069052 -2.245309533896659 387
184 16.263259520941997 -2.368881059247069 340
185 17.316925271450362 0.12028826204471287 83
186 16.994769002170994 -2.5421061015128306 195
187 17.666945610217788 -2.208236284625659 424
188 16.869375260839533 -0.6952271717728757 116
189 16.245982944646407 -1.932066542557189 268
190 15.76082195599717 -1.7225350606953918 217
191 15.6286399727064 -1.619200245846196 327
192 16.254615668344062 0.8997195852298833 37
193 14.877949763633627 -0.5476796229814662 118
194 16.627351820349364 -2.349841801059226 377
195 17.22851719311054 -0.01976347636852288 433
196 16.75251727144749 0.5477492513995498 266
197 16.848273013746738 0.36043004766432507 201
198 17.011787091075316 -0.3894174344269696 436
199 15.925634696549222 -2.0953622890032655 174
endpoint1 endpoint2
48 86
51 195
2 78
131 187
22 117
27 122
21 180
59 97
23 95
26 161
45 78
13 101
74 149
93 151
57 59
43 120
53 175
129 140
76 192
131 160
103 115
112 121
139 177
127 179
37 135
111 128
20 193
44 129
48 68
16 29
52 193
2 64
78 160
8 188
16 172
37 63
102 160
35 105
111 137
60 103
62 152
135 194
49 133
71 90
26 34
12 81
94 152
131 174
78 171
7 149
9 59
156 190
29 168
174 197
136 178
91 93
164 189
138 166
71 83
25 181
26 45
175 198
20 111
150 181
13 56
0 19
134 162
62 138
28 157
68 100
34 180
53 131
30 56
132 165
60 157
133 140
136 160
10 12
31 91
72 136
26 140
76 140
52 165
72 102
2 36
97 98
17 30
112 156
41 144
82 137
10 55
38 50
189 190
120 155
85 125
141 198
165 181
168 188
95 180
173 181
12 117
19 29
131 138
167 173
4 132
29 140
31 184
160 197
0 73
130 155
39 185
140 170
74 162
165 190
46 68
68 81
77 157
167 170
41 113
61 110
172 183
137 147
29 133
12 195
63 175
163 198
122 149
51 147
53 118
54 108
1 16
165 167
46 79
126 153
93 112
84 184
31 174
89 179
77 103
60 161
23 47
132 153
155 159
102 113
66 133
88 170
3 67
62 169
29 117
145 163
57 116
191 193
50 173
124 164
42 115
62 118
83 188
50 66
91 140
113 159
9 145
45 136
28 64
27 152
101 177
123 140
37 111
129 198
100 180
102 144
89 189
15 173
38 198
3 32
90 164
116 187
89 95
26 101
47 82
6 135
81 198
154 193
102 139
67 119
52 62
82 95
63 195
49 110
31 42
11 54
98 174
56 81
2 21
77 186
24 58
28 62
75 125
95 118
44 158
122 176
129 184
154 160
121 179
133 188
27 28
155 195
59 82
49 152
50 102
13 114
90 177
143 169
28 164
2 116
81 152
7 176
11 181
12 61
124 199
56 95
77 172
150 151
30 98
87 119
24 183
8 81
65 128
100 113
28 163
149 199
117 184
13 130
52 99
17 71
77 165
5 83
66 67
108 151
181 199
116 119
45 77
74 146
12 92
1 88
57 171
78 94
130 162
132 194
6 90
125 178
127 178
23 87
134 190
49 131
146 181
2 174
23 196
63 125
69 134
16 30
92 150
1 81
123 191
103 107
107 182
144 188
39 159
3 115
32 92
1 57
2 169
166 171
68 119
53 176
160 186
41 188
61 161
88 193
45 184
18 90
43 110
28 135
47 165
68 126
69 136
53 185
56 147
5 38
117 156
15 125
60 135
25 99
6 79
175 182
12 175
18 194
164 165
169 182
74 182
72 96
27 94
35 142
58 174
6 70
89 199
72 137
4 120
42 183
67 197
85 115
43 92
11 119
167 183
6 174
112 157
77 123
132 173
72 176
68 196
70 181
145 191
92 194
25 143
47 176
70 196
36 124
55 176
94 117
136 192
17 22
81 113
49 72
67 179
90 112
56 192
19 37
41 112
5 26
27 37
137 146
0 65
41 129
77 109
111 178
44 188
64 93
33 120
100 135
18 142
24 78
10 33
85 166
88 171
48 190
29 116
32 141
44 74
36 105
78 153
9 73
112 185
6 37
45 118
165 199
42 146
67 166
75 183
6 141
86 96
34 90
18 128
112 176
93 184
97 189
7 55
49 197
87 176
27 144
83 111
52 136
24 52
60 79
28 32
42 132
44 160
28 87
29 95
50 196
53 73
21 112
152 193
79 115
75 165
42 109
80 168
133 178
10 114
86 114
110 195
20 47
24 170
68 134
40 42
39 82
8 51
9 20
104 150
15 187
0 59
92 100
20 54
114 185
25 37
28 54
50 103
18 124
113 186
95 126
115 170
63 65
122 184
53 91
149 189
11 180
126 164
17 77
56 96
36 180
100 169
9 110
7 192
19 197
78 84
46 125
88 126
38 139
80 157
158 191
0 9
21 178
25 55
88 156
90 128
28 187
148 154
131 162
51 123
33 145
15 97
35 149
130 163
45 52
92 113
21 187
59 120
23 86
117 119
134 191
116 127
84 96
140 146
33 72
166 177
4 20
99 110
28 178
12 84
33 57
56 134
4 187
151 180
117 137
26 72
109 127
130 186
58 146
42 72
30 84
60 97
138 189
166 168
115 134
44 122
33 50
78 169
61 79
35 131
24 101
164 191
60 120
65 99
89 101
3 136
2 80
94 129
175 192
106 140
51 78
30 55
0 102
132 184
67 78
162 198
37 176
4 114
45 176
146 159
2 184
28 159
34 178
75 156
131 158
22 46
97 111
61 65
103 145
34 37
0 125
60 159
135 154
85 129
48 147
29 111
159 161
145 197
18 77
57 94
58 84
2 179
25 133
47 170
177 191
33 197
37 64
98 110
153 182
10 162
17 28
101 116
10 53
161 167
122 129
22 73
7 106
16 114
53 147
36 125
19 31
172 186
49 79
72 184
163 195
42 166
65 79
67 178
53 107
10 197
46 74
68 83
53 156
75 131
29 131
86 92
125 143
112 140
77 108
24 72
14 152
110 140
3 92
21 91
168 172
170 176
50 176
24 32
98 123
84 186
125 136
35 173
25 71
13 83
107 120
35 58
23 158
120 178
14 18
54 101
76 178
115 121
44 75
27 133
11 146
37 100
9 72
102 159
125 129
45 117
101 104
70 150
129 171
17 96
60 194
80 187
85 198
103 171
35 91
18 129
31 47
14 109
90 162
106 108
147 153
38 87
44 170
89 93
3 192
77 191
42 99
153 156
14 197
21 157
6 20
107 111
143 165
113 143
8 13
32 147
69 167
44 48
11 185
106 188
17 82
89 141
35 73
25 35
90 180
72 194
113 128
4 49
48 91
69 160
2 123
123 149
88 113
51 103
42 85
80 160
67 103
112 166
65 141
28 55
110 186
99 122
118 138
16 43
36 38
1 76
54 88
153 198
17 76
76 92
42 92
10 101
0 51
60 85
75 109
147 181
115 178
4 39
8 34
54 83
129 136
148 156
78 85
104 133
41 79
61 148
107 186
34 118
35 124
93 148
95 111
25 167
27 199
148 155
94 173
8 184
156 171
103 108
16 168
112 124
79 199
0 1
127 188
111 141
59 123
135 198
84 97
109 167
74 155
57 65
38 109
115 128
29 59
84 138
15 105
113 123
58 147
83 137
0 24
127 165
55 119
21 195
138 186
32 94
80 101
34 161
8 166
117 145
119 141
108 111
37 182
40 102
55 76
26 185
32 85
0 142
76 153
45 199
73 115
129 148
61 71
132 185
137 197
12 169
0 22
18 192
64 115
84 126
163 188
28 152
72 98
56 156
2 40
119 131
49 92
85 128
111 161
50 53
51 129
33 107
32 99
92 197
22 183
44 96
72 105
53 137
55 181
94 112
62 89
10 163
84 174
29 176
33 181
34 61
60 151
25 115
23 29
65 196
39 189
62 187
57 102
96 135
34 197
128 130
52 94
130 150
76 100
102 122
180 186
91 186
110 138
26 157
11 22
33 101
110 117
96 158
95 190
43 76
124 145
100 154
89 175
34 79
14 153
161 176
17 158
35 172
79 191
14 96
18 31
75 82
120 179
145 160
57 121
27 132
11 149
15 48
17 110
6 136
62 117
31 144
114 147
60 187
13 75
72 174
24 198
44 172
24 47
38 197
6 18
68 146
31 46
40 62
3 178
9 159
28 90
89 92
1 120
81 170
7 70
11 131
52 138
16 86
62 103
87 101
91 110
40 150
24 165
85 191
90 93
1 113
2 97
98 173
8 157
75 167
41 91
6 125
3 19
32 60
13 118
7 39
67 159
98 164
33 140
155 196
158 179
59 87
23 69
6 7
49 157
110 187
4 57
116 147
11 89
47 133
72 89
5 198
10 147
36 182
38 150
58 135
150 170
10 98
31 125
13 23
20 63
60 86
25 44
183 199
11 94
32 185
51 199
131 191
98 182
156 173
17 68
38 137
45 57
125 182
127 182
40 114
23 91
109 173
4 47
48 65
33 38
53 171
1 93
4 190
9 13
16 169
108 122
56 112
6 89
63 152
45 50
72 144
108 137
92 115
40 121
49 128
147 194
5 160
44 125
9 165
16 17
56 136
92 145
24 96
132 180
82 161
10 31
30 90
108 128
127 164
37 140
59 115
36 91
58 155
133 134
164 185
14 42
159 189
143 151
76 154
58 64
128 190
75 153
113 116
82 147
136 189
161 171
107 153
17 177
18 193
23 127
48 158
90 98
145 194
18 80
48 109
47 175
28 153
53 143
54 166
85 143
89 196
23 116
45 167
49 172
159 163
53 103
109 138
163 164
46 62
29 30
37 78
5 21
6 173
79 163
82 133
107 151
144 155
163 173
117 195
95 193
78 139
64 187
119 144
58 191
184 190
38 41
8 108
76 190
83 84
56 178
2 50
172 179
3 49
68 166
111 191
64 80
32 137
142 194
170 190
52 190
56 185
78 149
0 91
112 133
21 128
102 117
13 81
88 174
91 139
42 150
23 152
64 87
65 95
48 177
39 56
46 90
24 41
89 184
15 160
114 144
59 74
62 197
65 167
46 131
141 149
110 156
24 199
53 68
73 176
1 102
8 144
17 102
36 147
55 145
6 128
15 169
91 104
112 179
132 139
82 96
35 42
74 115
113 148
48 175
67 144
34 142
58 120
8 151
41 81
5 123
80 180
102 143
87 100
125 145
43 130
71 127
113 141
23 167
44 163
116 142
122 181
34 137
54 76
48 53
6 114
72 196
91 151
38 71
4 51
22 141
11 35
34 128
129 188
154 172
16 69
20 66
30 127
105 190
32 52
14 68
71 109
147 174
118 136
26 122
121 184
13 133
76 94
77 168
105 167
35 121
0 53
55 106
25 51
138 143
115 180
11 81
154 190
104 135
54 192
96 112
24 130
65 157
70 83
57 175
7 162
112 126
133 147
3 14
32 89
33 77
22 169
33 62
57 176
2 93
131 172
78 165
9 53
27 79
7 155
52 125
108 114
0 107
35 159
24 97
1 140
120 132
14 32
57 72
21 50
39 104
28 132
125 126
2 84
117 159
160 190
17 46
35 132
56 127
38 179
67 74
175 181
146 163
2 188
99 129
94 132
30 58
196 198
37 44
41 169
91 169
49 170
21 68
5 154
116 198
28 154
50 139
124 134
4 147
7 134
0 112
85 142
14 138
23 119
45 166
87 154
53 102
146 149
28 145
46 63
16 126
128 141
30 36
89 163
16 141
132 169
74 85
55 85
111 168
1 25
110 112
173 176
46 70
12 114
69 111
126 144
41 115
153 188
41 156
6 52
188 196
48 132
165 185
76 191
166 194
10 192
195 196
71 195
53 153
36 103
83 196
161 197
112 143
10 34
157 177
115 196
23 130
120 174
32 138
191 199
19 46
9 68
29 153
15 90
18 138
62 195
31 58
88 175
93 162
75 84
118 170
7 82
24 42
78 157
119 126
31 146
0 83
59 77
60 181
6 25
75 77
40 57
44 174
120 188
67 170
16 81
17 101
71 174
52 60
54 157
20 37
60 76
43 140
68 156
97 177
41 80
64 159
52 59
0 33
127 156
112 171
23 49
79 148
13 123
7 40
98 171
117 168
38 154
62 108
91 121
59 80
45 93
71 119
74 98
110 182
9 143
69 173
59 139
131 179
4 195
20 67
77 174
13 28
60 89
32 53
14 69
147 177
3 171
39 71
7 30
34 152
57 156
117 186
100 198
27 123
121 191
56 100
130 173
60 80
141 177
53 63
38 118
113 183
183 193
25 163
142 176
78 88
117 131
16 180
36 191
130 164
82 173
30 110
14 164
23 85
25 59
134 184
53 56
48 67
11 73
34 170
72 73
146 198
123 189
20 88
24 27
155 173
30 81
108 139
39 157
109 164
57 70
21 40
80 97
11 78
29 56
30 190
53 178
36 94
1 84
117 149
35 158
132 182
155 162
0 27
164 188
120 133
18 92
57 79
168 198
5 151
11 71
68 124
34 188
2 85
59 172
78 173
34 47
132 189
82 150
144 168
89 105
146 160
2 189
115 147
47 160
22 43
15 120
20 117
13 50
134 164
49 169
0 152
43 90
28 155
11 117
16 120
148 186
33 177
65 192
138 195
13 43
4 101
97 154
48 151
47 193
32 102
89 123
7 105
27 189
12 116
9 80
34 56
18 158
130 154
77 118
23 30
10 49
74 82
97 147
159 170
73 154
163 175
93 199
5 139
188 189
10 198
37 117
75 142
94 126
4 130
62 71
103 131
31 166
86 89
55 60
185 197
41 131
132 145
79 170
61 192
50 83
31 55
72 188
4 107
44 194
28 113
27 139
83 86
68 95
126 152
112 128
86 195
72 163
97 173
58 109
39 61
47 77
29 152
15 165
114 151
17 148
40 51
186 190
9 146
21 96
95 169
50 167
52 135
71 176
9 76
100 139
27 54
15 162
141 147
0 195
120 189
49 199
32 153
149 164
26 100
47 83
37 105
5 112
64 153
102 138
35 95
108 178
24 161
23 59
25 85
82 94
20 149
11 55
3 196
121 171
24 57
133 180
9 126
34 110
82 89
13 122
88 133
74 120
96 197
42 129
116 136
73 160
128 192
22 123
121 172
177 194
51 98
126 191
20 69
86 119
110 196
92 106
46 154
49 153
14 67
70 108
97 194
73 169
36 59
54 69
2 119
131 178
153 193
11 178
38 146
131 195
66 75
180 199
1 166
