nnodes nedges type
200 1500 graph
nodename posx posy weight
0 -6.574591001265904 -4.0390846416398 61
1 -8.749926677304032 -3.1998647205888044 236
2 -8.280635018339034 -5.451108268065923 151
3 -9.370367927222906 -5.171200332749647 20
4 -6.737192772542408 -3.3168734821620953 344
5 -7.615623808006857 -5.211948351749866 184
6 -9.116652142066995 -5.681405467374361 90
7 -6.416530184243133 -5.917961228506229 426
8 -8.613022603063554 -4.101096663567916 371
9 -6.921948708933434 -4.2823082192033795 178
10 -7.288143838084546 -4.121948984804947 265
11 -8.638349710654753 -6.095714428838316 9
12 -8.36413818399116 -3.1820678777895455 267
13 -8.56011195510372 -5.1553101324936454 436
14 -8.800512639334862 -5.509951996342678 343
15 -8.750318924307106 -3.53358395067439 159
16 -8.145976126212897 -4.2409929073307575 499
17 -7.581766046465594 -2.8765215524616634 236
18 -9.288640871508754 -3.3977878742143277 143
19 -8.29298439405155 -4.254466010479028 351
20 -7.2338248968397725 -6.5352045404226295 482
21 -6.797202218894027 -3.219568180573546 475
22 -6.806865273766454 -5.972684957836564 279
23 -6.462800786228991 -4.1861278417921834 196
24 -9.438220997358115 -3.776165495739127 440
25 -7.536472461207671 -3.7830217625172753 90
26 -6.598764747789333 -5.840304842729855 275
27 -7.07830086392275 -5.614809246825621 453
28 -8.809822837917766 -5.327901296723406 39
29 -9.447358624526686 -4.138977675573899 186
30 -6.145135018979052 -4.907071722850208 281
31 -9.331983799524766 -5.09606659675254 250
32 -7.014104404729721 -3.672813563183974 342
33 -8.105598131865309 -2.9173604776598667 19
34 -7.601150033945728 -6.277219525841066 193
35 -7.682874832054967 -5.819164067062193 320
36 -9.151975110943521 -5.721647683709285 85
37 -7.255026619712554 -3.1325558048605524 187
38 -9.60099613356507 -4.510551418485689 474
39 -9.008530901955792 -5.078190274275467 204
40 -6.264640659572932 -3.9274684918394294 482
41 -7.044947272434615 -4.735567532292532 357
42 -7.1546428935358515 -4.591399731882862 378
43 -8.022595521631782 -5.452706781372657 271
44 -6.869778052348242 -4.657984291623922 227
45 -8.630186986494197 -4.9290629894849864 388
46 -7.396461914141668 -4.395170837124476 111
47 -9.180147889990618 -5.089473781148336 194
48 -8.973479722477881 -4.9117771216178046 79
49 -7.805581311983314 -4.171070954254205 312
50 -8.871783476343493 -3.891661396987708 202
51 -7.9891240526260585 -4.74780992638323 464
52 -7.774912660592563 -5.5808300356086304 438
53 -6.172518656218985 -4.628908063752511 407
54 -7.817886435211407 -4.833553967328179 294
55 -8.19730978931357 -5.0210235426182495 189
56 -8.308729400587763 -6.046831257723798 178
57 -6.300057215687618 -3.508030388188098 42
58 -7.357030584600523 -4.766400419447211 316
59 -6.84795855105223 -5.806196175771023 128
60 -7.252900960496299 -4.261945911180483 89
61 -7.481049374804297 -3.562270067237297 30
62 -6.817188734267636 -4.919092802181707 148
63 -6.571993205776067 -3.3089806141811127 253
64 -9.102855453581787 -3.845550399415506 397
65 -8.411624817899245 -4.65716073196542 182
66 -7.158361955821985 -5.400871200480304 196
67 -8.032677700214412 -4.366853142994976 316
68 -6.965202857279646 -3.538409143032529 192
69 -6.536657480290533 -3.8067943619091515 104
70 -7.41776861519588 -4.6574912257947085 489
71 -6.178167987965168 -5.996695664998909 160
72 -7.249492917764888 -3.3253234317302582 379
73 -6.672291161994375 -5.228752957542595 226
74 -7.524556837352359 -4.4730812973799186 435
75 -7.926553824285523 -5.618622533033168 388
76 -7.2117300404311315 -5.684687055808711 362
77 -9.361350760177073 -4.591028695782975 349
78 -6.908375472073601 -5.134688329482199 432
79 -8.496681593778531 -4.296311734890425 140
80 -8.314870974154909 -3.0178893587793776 360
81 -7.597264300820978 -4.879848632330407 185
82 -7.619174843157095 -3.3670712075463465 397
83 -7.331754891975237 -6.271218779099996 354
84 -8.059707912639645 -3.1370830053270535 358
85 -5.929634235962468 -4.0987572381084005 410
86 -6.609084750666364 -4.199087325817469 445
87 -8.788329690248679 -3.7226340463128893 102
88 -9.797663889731316 -4.0614430627650675 406
89 -8.318746895500635 -3.947968793821795 27
90 -7.911179072852033 -3.5826626143139286 341
91 -8.297583006074966 -4.493398173198269 31
92 -9.27304378462385 -4.483334026158492 258
93 -9.359128707854822 -4.309162675575951 2
94 -7.040785304932979 -5.100442563272509 251
95 -7.8370590105536175 -3.122063148217321 442
96 -8.943775674511718 -3.400614635289877 481
97 -8.117068790878118 -5.142846983300419 70
98 -7.426766446437024 -5.979904492870176 415
99 -8.129686573683792 -3.314222499419973 128
100 -7.461083513502994 -3.1294611109658317 496
101 -6.382058314479195 -4.4364207032981575 246
102 -9.081143600426152 -4.149000436376541 30
103 -7.774548750357939 -2.747156487773292 242
104 -8.018002560214459 -3.9450514606678837 242
105 -7.821920564859155 -4.0234562111945 359
106 -8.724654755030395 -5.7022256425655495 383
107 -7.416849741444522 -4.024754920062969 485
108 -8.361240696744549 -5.8785518175103615 31
109 -7.3058116934610515 -5.32124804020924 267
110 -9.361423046567893 -4.90313442070773 198
111 -8.43486956712765 -6.248206991380984 335
112 -8.75572522110903 -4.539422096210635 230
113 -7.184352956132376 -6.087106391055301 174
114 -6.974446153525395 -6.138242654180893 280
115 -8.452041320753384 -3.1918148510734072 487
116 -6.502117763383264 -5.1348949268269175 494
117 -7.58398097623612 -5.5687376160763336 175
118 -8.880591739899515 -5.472580557404094 282
119 -9.27832672752251 -4.146294037838882 459
120 -6.811125328890233 -3.827663466669903 332
121 -7.378813008796615 -5.116377639808019 88
122 -9.298585355494051 -5.475014120465881 12
123 -5.9969543412809765 -5.338390537192898 491
124 -7.300524620805018 -5.811824914445772 74
125 -9.016475291541015 -3.6783368807149057 55
126 -6.470555758368356 -5.513745917733724 232
127 -6.669234332350771 -6.276455115556268 437
128 -8.414894625360665 -4.791914040068817 250
129 -7.60106439497781 -4.618721248749816 500
130 -7.750391891159881 -3.2566779962161054 466
131 -7.875919577297519 -4.39897640904341 63
132 -6.706545476291122 -4.54968153277457 356
133 -8.03666269544472 -3.7496679549027303 486
134 -7.969251501509489 -6.216976901509494 130
135 -8.331050828593309 -5.237634551552266 432
136 -8.793286141784147 -4.869110009058217 463
137 -8.631874404601852 -5.3297383017578435 303
138 -8.37614627046379 -5.562788277987642 101
139 -8.507051055189716 -3.4919501183902355 127
140 -6.284232800408372 -4.261675378639535 376
141 -7.836344182317347 -6.396310459490191 476
142 -7.433198807735261 -5.497480302533875 398
143 -7.859042571300194 -4.542788240312787 9
144 -6.056308682255415 -4.7881380859147225 314
145 -8.310514348909479 -6.325744259658167 408
146 -8.903484643305122 -6.250173539560186 193
147 -6.957670450412909 -3.356364750159726 167
148 -6.43229420947415 -4.715504946367504 122
149 -7.887236338695741 -5.976858579135402 417
150 -8.188473187161827 -4.69767933555063 295
151 -8.386797031012643 -4.945882861718389 374
152 -8.206759247552931 -3.4510229805898045 267
153 -7.274948593013292 -3.731039684398546 389
154 -8.067112417387643 -5.877738044436027 18
155 -6.759342484175921 -3.976159537790742 373
156 -7.63830407399496 -4.0151758543015035 137
157 -7.9316270827614845 -3.3298767253847914 357
158 -8.656482058354385 -4.256167918677546 123
159 -8.934242018072526 -4.270707770367645 33
160 -8.553718773133669 -3.3277196643056675 447
161 -7.488770447180371 -2.9345990474056127 322
162 -7.695748416833033 -6.009270404355998 276
163 -9.058033735124296 -5.2644735155088815 349
164 -8.521590826037444 -5.740870988767703 146
165 -8.885019162081738 -4.680276373313972 216
166 -8.178823141112133 -5.984602090790755 61
167 -7.237851741037036 -3.833357735588785 419
168 -9.021972752827061 -4.5345121349164375 180
169 -8.999013830926492 -3.9173855224408296 345
170 -7.539566976878053 -5.010000438423112 246
171 -8.51698434941625 -3.641040805342047 328
172 -6.336422211433779 -5.043315363534024 24
173 -8.534356555943328 -5.877367196152189 368
174 -9.154745706109006 -6.015093298064434 478
175 -8.10836012642057 -5.369826656295079 55
176 -6.497006599844028 -5.285940394594689 139
177 -6.78002634661073 -5.4472566710120915 58
178 -7.459875151036485 -6.320252845247623 78
179 -7.031942793275543 -4.948387651354171 231
180 -6.613898243276673 -5.005312942188135 187
181 -6.988791100647041 -5.411287702904518 192
182 -6.833605103463932 -4.112380107958418 278
183 -6.390000741156468 -3.8034036922959955 382
184 -6.449417960104253 -5.58111545403521 38
185 -6.927435429475527 -3.015492742017073 109
186 -9.368840260886302 -3.9106574833981966 152
187 -7.461898085090157 -5.773652917766911 482
188 -7.420064816431586 -2.5579085209031827 134
189 -8.587691808588351 -3.9120941244034073 393
190 -6.949542670010922 -4.471663248562348 2
191 -9.660399426098902 -4.852140439976059 336
192 -6.386730233656833 -4.533296434388062 463
193 -9.110944324830259 -4.6663125618644985 145
194 -8.237511225290854 -5.718307437978608 47
195 -8.318415331252455 -3.483558992618 159
196 -7.376480674927151 -3.417852121885555 440
197 -8.88871753160249 -3.293562292768794 35
198 -6.026287688078391 -4.548456324266014 197
199 -6.7192495477548215 -3.5580510070976628 253
endpoint1 endpoint2
38 124
44 147
106 170
51 112
162 164
60 81
134 198
140 153
70 94
109 177
1 40
183 192
11 83
98 181
52 105
35 147
19 96
150 160
135 180
86 152
23 84
135 197
84 102
32 68
51 160
0 189
20 176
44 129
69 135
16 29
151 186
37 63
82 165
63 133
158 171
24 139
26 179
32 91
192 198
29 55
50 156
128 163
160 185
41 189
24 99
105 152
183 190
62 131
49 190
2 163
166 173
50 151
54 56
37 80
59 175
5 39
171 195
27 70
119 137
54 171
19 119
58 166
82 151
135 163
72 129
23 99
62 138
65 102
46 192
70 186
26 52
68 100
2 45
131 156
61 67
51 85
17 37
155 179
66 161
49 95
55 65
85 116
140 180
2 181
80 87
99 136
47 168
12 126
73 120
6 169
34 62
35 180
0 114
41 144
81 121
17 175
164 170
38 50
111 173
49 161
32 103
96 132
170 192
46 61
16 112
55 177
4 132
172 184
52 83
18 159
43 173
49 73
13 35
40 95
122 138
11 21
51 138
90 115
95 189
22 66
99 182
46 68
15 33
41 113
97 124
22 61
172 183
27 34
43 162
101 120
106 117
14 154
115 193
122 149
2 158
21 93
170 178
124 173
128 157
36 97
9 65
137 148
35 171
186 197
43 155
81 108
35 56
182 185
78 105
17 105
77 143
87 90
114 148
17 139
65 92
67 167
70 144
101 177
46 89
16 92
19 57
61 121
154 198
0 85
24 91
79 128
6 31
65 164
46 134
45 112
0 196
39 93
120 190
69 176
26 101
83 108
104 167
13 158
16 83
56 74
130 199
41 109
139 159
35 94
127 145
54 147
45 105
49 110
20 150
39 90
90 94
145 150
36 54
129 167
2 98
8 154
48 49
41 86
66 118
106 193
89 143
92 108
133 196
49 103
72 192
99 115
118 189
48 89
121 194
57 144
149 181
8 129
13 144
16 65
102 133
86 116
21 161
45 91
65 143
49 152
14 64
9 141
129 177
51 106
131 194
5 106
80 165
82 185
87 119
127 140
75 107
118 143
28 163
2 79
117 184
42 89
80 156
136 158
156 193
35 122
25 48
109 176
63 116
48 78
16 39
76 193
35 146
12 130
15 151
181 192
45 70
138 181
49 131
141 168
20 177
22 149
25 170
12 91
128 173
27 75
10 129
17 49
5 69
61 168
45 46
139 169
12 185
14 173
1 136
39 159
26 176
70 73
74 132
39 108
12 82
128 164
9 58
160 186
150 179
30 94
60 127
8 77
64 122
65 108
44 112
16 155
15 125
109 114
25 99
83 149
86 162
164 165
48 106
57 199
131 159
4 151
167 190
54 163
76 116
169 191
65 126
87 158
58 87
115 154
7 114
101 147
11 119
124 129
72 103
73 127
167 183
103 143
3 111
62 181
65 119
11 31
51 132
90 105
25 143
101 156
11 108
72 110
59 181
4 133
61 84
29 139
58 176
81 113
85 148
180 184
140 171
33 103
76 131
152 158
43 74
27 180
124 151
16 104
56 175
172 176
83 192
89 169
112 139
40 184
31 49
18 38
97 170
188 199
64 93
67 184
33 120
70 167
2 159
149 151
43 67
50 179
36 98
172 175
0 88
25 64
155 158
18 33
64 84
48 190
21 101
7 86
121 150
126 129
75 190
41 98
42 112
77 142
62 119
10 89
29 150
18 24
3 75
45 135
69 182
53 71
92 166
2 145
94 198
95 171
19 56
85 199
23 60
13 70
14 108
108 196
110 160
32 155
76 167
78 120
26 98
119 195
16 84
19 65
10 75
15 181
91 108
56 58
60 79
82 92
46 142
70 112
91 157
97 182
60 62
36 55
1 115
98 175
79 115
124 178
52 151
75 165
139 151
34 108
96 104
21 167
138 158
72 193
118 178
53 82
81 166
44 46
20 71
39 75
26 127
174 175
88 119
126 164
89 152
15 128
37 147
90 185
143 177
5 176
36 44
151 166
13 129
33 152
41 72
67 82
3 149
43 122
100 121
16 24
9 15
102 175
158 166
108 143
51 162
115 129
8 47
69 133
56 134
117 137
156 161
35 154
19 107
136 141
12 186
55 116
39 158
120 129
49 187
51 171
11 67
33 50
57 180
26 83
132 177
61 160
10 24
164 191
37 183
183 184
60 120
5 148
63 98
124 140
73 76
78 176
171 197
84 159
109 113
12 168
120 143
84 125
0 132
99 133
45 193
28 159
53 129
58 60
167 185
10 187
30 62
37 40
41 173
132 167
14 135
96 143
5 134
7 109
58 199
153 182
27 86
15 66
181 187
54 187
112 158
20 127
18 162
77 122
60 150
90 199
74 86
65 118
120 157
47 194
159 174
163 171
22 73
5 143
25 142
9 196
59 180
6 166
132 149
79 174
31 75
55 136
100 153
19 149
37 195
41 128
79 183
35 53
121 140
16 96
19 45
55 129
86 198
32 142
73 137
76 178
21 100
170 187
44 75
27 133
19 50
24 39
81 91
101 104
68 170
31 38
40 54
45 134
32 133
39 55
167 194
27 154
119 197
46 95
68 72
16 94
36 145
37 109
153 155
64 133
105 197
89 131
54 158
20 26
114 141
81 92
65 186
28 42
66 149
49 107
0 198
7 54
57 132
78 121
7 71
124 180
52 137
153 156
103 160
6 20
79 139
110 168
70 128
151 154
88 106
62 105
0 37
92 110
112 175
23 77
50 109
95 112
42 140
29 87
142 163
95 129
81 165
26 117
154 174
117 180
19 78
133 186
137 191
91 125
28 55
70 99
110 186
34 157
59 143
41 53
117 189
119 169
121 186
104 158
29 193
80 167
61 155
82 183
34 127
91 114
114 177
59 109
158 196
73 198
75 109
152 168
23 176
44 142
47 131
59 132
41 62
78 85
81 151
13 128
106 169
150 172
139 189
12 133
158 188
105 170
59 98
26 172
45 75
146 184
5 184
48 64
142 180
36 84
119 191
47 121
150 167
63 153
114 163
59 123
117 118
8 65
33 79
141 166
2 172
118 159
69 132
128 175
146 194
10 143
123 177
33 169
179 182
108 112
113 123
41 185
5 67
6 83
31 105
86 150
164 177
51 170
70 79
74 130
3 130
152 189
99 150
100 104
118 150
53 190
73 74
156 185
31 193
113 124
38 189
60 138
136 181
91 94
182 198
60 121
134 174
99 159
50 146
68 120
148 176
131 152
171 196
9 33
10 177
156 176
106 141
33 187
19 120
12 169
30 71
5 156
48 108
124 132
94 137
61 64
16 148
38 175
58 172
133 137
3 104
1 2
115 156
7 108
46 57
36 119
55 181
59 190
100 148
184 199
112 159
42 45
132 175
25 115
66 183
157 161
55 91
111 174
8 100
65 117
152 153
117 196
68 85
15 37
10 170
156 157
29 137
19 143
79 169
14 150
110 138
44 199
122 137
11 22
98 142
25 150
12 111
19 39
94 98
97 113
78 141
84 188
29 130
0 67
41 135
81 104
85 155
72 160
93 171
8 18
134 141
67 186
51 148
168 173
83 90
56 184
3 55
60 188
68 172
140 196
38 90
28 68
79 102
27 132
121 148
15 48
37 99
105 195
15 161
82 104
14 107
110 159
42 144
45 133
53 69
76 170
17 103
100 183
9 112
67 115
105 196
103 170
14 195
38 197
60 178
23 62
25 80
46 133
28 43
90 163
35 43
42 155
118 166
63 84
74 197
44 58
121 166
106 178
69 78
108 174
54 150
60 73
143 164
110 169
75 121
7 46
190 193
67 150
8 157
27 107
47 100
71 162
110 193
112 160
65 139
91 148
75 126
4 50
95 115
116 148
122 191
9 26
83 127
19 81
38 159
5 110
137 190
10 123
91 124
19 190
111 113
158 194
90 188
110 187
99 125
9 178
67 132
34 154
94 160
41 52
153 197
71 144
150 170
136 154
102 179
107 196
25 44
4 32
63 72
142 178
54 80
11 175
56 105
58 142
42 68
150 173
30 104
86 133
158 189
64 104
46 168
141 172
147 189
48 65
30 177
1 93
26 79
35 151
108 122
49 55
144 184
55 121
37 131
46 179
70 85
109 166
192 195
33 63
5 49
10 140
123 176
109 125
133 157
82 161
17 199
89 98
29 51
69 140
128 167
131 146
78 175
153 161
0 97
136 182
121 124
138 162
89 107
39 102
169 195
21 60
12 68
54 60
2 46
57 195
78 182
117 153
7 142
10 190
35 138
54 175
76 120
133 143
136 189
155 190
66 162
107 153
161 171
39 142
22 194
97 131
64 116
28 106
32 109
18 80
109 145
27 162
47 175
119 130
127 194
132 161
43 179
91 175
40 85
39 135
28 97
11 27
89 117
145 187
163 164
93 97
94 113
31 191
60 144
101 114
49 84
187 194
21 87
101 153
47 189
30 159
177 182
37 119
153 189
29 136
54 176
6 55
79 168
13 95
26 154
44 192
67 180
1 19
58 100
46 72
22 49
19 151
10 37
139 196
106 113
17 157
110 146
43 55
62 170
65 70
55 131
19 47
47 48
87 89
3 54
41 143
25 69
45 122
18 28
91 139
8 26
67 162
51 156
14 16
2 149
39 56
27 135
52 133
60 197
98 112
23 32
13 74
91 128
116 184
44 173
28 92
41 104
137 138
29 67
122 170
3 194
151 159
104 171
124 182
17 95
2 22
35 66
54 151
143 167
1 199
3 186
42 131
116 142
57 147
27 106
67 96
105 181
31 142
50 107
74 101
39 79
8 54
63 69
34 128
2 121
94 190
131 176
81 155
117 178
153 195
83 126
151 173
99 196
19 80
87 122
125 163
114 180
2 193
23 181
92 133
131 185
46 121
88 122
20 73
162 166
0 53
60 87
20 175
39 125
100 125
27 192
4 176
81 149
104 135
56 106
54 192
127 177
95 105
5 166
4 40
8 43
30 182
16 27
128 170
92 155
2 66
1 92
78 162
117 141
10 130
36 165
38 129
61 171
135 179
139 180
86 157
158 165
107 181
49 135
43 116
44 126
28 141
50 158
79 89
37 58
5 65
10 28
31 107
14 177
162 179
164 179
3 119
65 111
74 128
152 191
59 173
31 195
106 128
16 152
51 74
1 133
55 78
97 137
45 180
74 139
94 132
35 141
0 121
61 182
6 67
155 177
49 89
91 169
1 158
23 126
84 120
159 165
1 15
21 68
47 174
172 199
84 161
91 174
164 168
39 134
4 100
48 150
49 163
99 143
68 104
52 162
53 151
58 194
167 179
64 165
9 81
103 139
77 119
42 43
157 191
144 156
97 156
134 145
64 67
49 164
51 136
25 147
100 157
172 181
89 164
0 78
19 145
185 198
41 156
6 52
13 94
17 155
40 68
42 165
122 151
76 191
6 156
118 122
18 147
13 87
46 80
94 107
98 118
100 131
47 51
103 182
41 142
43 158
6 38
102 106
91 138
113 153
149 156
46 91
123 138
69 90
2 5
41 102
80 199
47 56
40 170
66 153
165 195
23 144
67 170
2 109
76 164
78 117
81 183
117 166
124 184
77 131
25 86
79 143
97 177
8 9
63 86
54 74
58 121
149 174
79 118
16 72
130 192
31 128
91 96
56 62
23 49
90 168
3 189
44 156
11 45
67 152
34 134
95 133
28 194
126 190
133 190
179 199
35 74
60 66
79 157
45 93
46 149
65 137
32 62
88 139
93 134
118 182
4 195
149 176
47 111
104 154
33 130
16 70
9 105
66 74
23 71
65 130
50 99
71 108
74 109
93 159
4 59
9 176
73 83
1 65
94 166
22 116
27 123
51 113
52 97
10 96
67 81
108 149
116 117
32 76
14 76
43 121
117 131
104 136
33 156
125 195
54 193
19 97
36 191
77 160
41 76
133 169
82 173
34 117
134 184
84 101
14 87
74 159
57 61
8 44
105 118
72 73
73 93
94 144
101 194
17 51
58 151
136 138
67 95
139 183
28 31
46 177
30 190
5 63
78 170
106 134
13 175
55 195
42 52
35 111
40 98
111 151
134 170
84 107
32 81
144 192
3 135
80 88
25 182
193 194
150 197
8 169
9 61
106 129
109 116
5 73
139 165
90 153
2 189
169 193
45 196
11 124
32 199
55 160
59 165
62 82
102 197
105 139
30 74
13 50
161 169
91 168
22 192
60 115
24 159
14 51
52 164
6 168
130 131
60 155
25 111
138 195
31 65
64 77
120 154
32 102
23 30
180 190
40 94
42 187
65 74
140 169
163 175
74 165
57 107
58 91
97 125
5 28
64 189
10 169
12 194
34 51
55 60
66 141
49 67
14 149
72 188
35 48
91 191
111 176
28 113
67 182
74 172
170 181
44 81
69 87
16 109
15 47
53 152
128 156
41 123
62 78
112 128
77 104
43 152
79 179
65 171
49 68
68 160
3 64
21 103
11 145
61 97
19 158
112 135
25 75
6 39
97 166
42 148
51 158
145 165
39 58
77 137
42 125
10 66
105 192
108 187
19 167
59 76
132 142
110 162
147 148
23 147
65 86
67 173
92 163
129 175
44 62
101 187
104 166
88 96
13 159
130 198
153 159
102 138
52 61
125 150
34 87
66 145
68 157
110 165
147 157
23 168
25 198
94 178
10 116
60 68
133 197
82 89
45 99
50 110
116 136
21 123
47 97
13 145
19 77
62 109
137 186
114 187
24 175
60 67
93 133
128 199
129 178
59 138
81 153
7 177
52 155
42 81
66 75
180 199
35 114
92 97
111 114
65 129
