nnodes nedges type
200 1500 graph
nodename posx posy weight
0 -3.957609681814849 6.588881504062088 473
1 -4.390623835881824 5.986167352423016 26
2 -4.7869395027333255 5.446356478455667 369
3 -4.312198967691912 6.338890106276944 148
4 -3.637049792380268 6.875257759074773 278
5 -6.305288460376526 6.767775670830915 36
6 -5.495466231352153 6.335853380341729 20
7 -5.897033859266333 6.521051661819517 470
8 -4.613342696231097 5.502558173385034 256
9 -5.2832991594053835 7.492586517521402 106
10 -5.40173703263187 5.936099764107697 8
11 -6.261102534128551 6.256846265843471 289
12 -6.166324747971599 5.563167800849002 154
13 -3.834340762316958 5.333543411184405 328
14 -4.911379142813654 7.84070427607387 241
15 -4.692746444236075 6.328243743660151 483
16 -4.808143089687495 6.591701220967629 168
17 -4.146418688615743 6.416064213440443 34
18 -6.03103047582209 6.041472301290988 356
19 -4.436034269815501 7.419839164911788 59
20 -3.5703480994694266 7.357670265667567 94
21 -4.897063270904888 5.460040950856514 45
22 -3.8373833079713795 6.681207674133566 450
23 -6.401957095472858 5.932685631627236 177
24 -3.9041099878338734 5.081177397313229 433
25 -4.062515928606555 7.515604230066364 486
26 -3.795317572035664 7.900543337421137 346
27 -5.743155892298126 5.108313867966747 47
28 -4.944510047122392 8.1824754056236 279
29 -5.260943300423652 7.7175908374894595 157
30 -4.135584606112717 4.929515568467596 217
31 -6.48369930819826 6.839305353252296 251
32 -4.794415804830281 5.269674101211173 206
33 -5.558433601412409 7.730769662145756 190
34 -3.849762386156682 6.234195855986496 420
35 -5.439655179665339 6.946581325956637 496
36 -3.698656001810652 5.961899663652696 118
37 -3.2810586210143935 7.048281089925895 200
38 -5.232848984145435 5.719128158523245 397
39 -3.9120342810841633 5.617232710447206 39
40 -4.874761219161705 5.722327637136235 168
41 -4.301787422034384 8.018193852167764 238
42 -5.072579039616911 6.332633037782796 346
43 -3.7650359560637807 7.2001005671322735 258
44 -6.270253989578286 5.884035183667896 419
45 -3.1680925470830883 6.31695726655009 213
46 -3.495619455459812 7.107869966245816 160
47 -3.6096190108987702 6.506699616716216 172
48 -4.52087941677361 7.145468223766111 293
49 -5.127754603211123 5.241275385282926 312
50 -4.114098934292809 5.346826644741289 446
51 -5.164830070486979 7.970868488637203 139
52 -6.12780836045665 6.321221286257799 121
53 -4.174849640434555 6.200769985291892 13
54 -6.581566354679625 6.416186874543454 303
55 -5.328149609437738 7.915243762184837 91
56 -5.452584170750666 6.748064118794677 93
57 -3.2972445294816852 6.833255663971725 10
58 -4.561535482705425 8.365523138285493 8
59 -3.400958648066777 7.81293021681296 184
60 -5.735880967194311 8.022968923044406 153
61 -3.5635205126558134 6.129050198458454 164
62 -6.525797329093945 7.136780662221055 449
63 -5.601259149622334 4.876495040171191 488
64 -5.734212415583455 5.914317913315431 403
65 -5.0407100465212995 7.060478936437172 373
66 -5.3425456962362095 6.46752126055982 478
67 -3.397236574153495 5.630536371681627 419
68 -5.515600458986254 8.161125668425878 132
69 -6.105408150584855 6.947487173299418 359
70 -5.558025131454086 7.272870958693579 290
71 -5.4274484692950935 7.717055518991447 310
72 -4.194583913886628 5.8545175259542495 438
73 -5.423964336461644 4.992915643490013 390
74 -4.0576436401735405 6.120322500961343 135
75 -4.775116772599559 7.540914798172652 405
76 -5.675787923120684 5.675755297582992 111
77 -5.814918113821853 5.684259801941613 221
78 -4.745027743997739 8.035341043325271 177
79 -4.158520141159504 7.980566491397912 307
80 -4.408400081706996 6.651463212733354 26
81 -6.677151496729045 6.59042627942544 82
82 -4.964295478190142 6.077886368653429 58
83 -3.889775776161345 6.9086504752312825 250
84 -5.994255997861411 7.2377734452312374 451
85 -4.357424486271535 7.60888308992975 497
86 -3.0983446679010767 6.57937968385415 379
87 -4.201738835156486 7.127800612635254 297
88 -2.809887760338416 6.7780221811001855 186
89 -3.9016915224080924 7.297199688581193 228
90 -4.0392526769536286 5.8913326729056985 59
91 -3.461939384721313 6.449548001752847 340
92 -4.197098546679332 7.317856111019667 7
93 -4.686231408722965 6.808836521911936 88
94 -4.502474332716471 5.677887706069924 43
95 -6.303320040922896 6.466809911844398 280
96 -4.862662932045013 7.1117905660857526 288
97 -4.695551877432594 8.160913139926782 472
98 -6.238778007714193 7.8893654548180585 449
99 -6.396981863672237 7.215473905266461 394
100 -3.958484223736302 8.01689665882549 18
101 -3.223529697273121 6.702078981629972 488
102 -3.2121967361650734 6.135589972950991 188
103 -4.206171993582111 7.89014083777272 493
104 -4.443963661393062 6.924164390452916 106
105 -5.80062391603967 7.211074038140525 316
106 -5.600483868822719 6.005380044446356 104
107 -5.419604976797087 8.368626005017626 32
108 -5.214043280849707 7.232314566113637 182
109 -5.084923647045597 4.951671237612495 275
110 -5.304622622812093 5.284860463408567 364
111 -5.834172469560308 7.752816887614668 377
112 -3.1837528965405766 5.232045864466576 197
113 -3.088674204495522 6.882222219641598 182
114 -5.104239446375396 5.603709629983796 22
115 -4.215990076677739 6.843453273364849 399
116 -5.751600125124797 6.168640060932437 393
117 -6.18124771781318 7.387192761837412 344
118 -3.4615520950097607 5.107972021434721 50
119 -4.340385872127511 5.632351688035732 416
120 -5.766871309264539 6.9705769507170725 486
121 -5.247707538670463 6.890082049576107 292
122 -4.0790764812038205 5.237495579075984 461
123 -3.454459963710887 5.707656836540297 45
124 -5.898295753626303 6.67711698803881 350
125 -5.668043159562502 7.607649146939623 285
126 -6.225210558344872 5.746788825946281 200
127 -4.564500765008282 7.845044706544296 242
128 -5.0754411771553904 6.6987001086784 7
129 -4.516158765871192 7.5318119892473225 462
130 -6.266345081200364 6.943560442572679 289
131 -5.4230923911322195 5.363236317077486 63
132 -5.662456124787597 6.988419744832175 379
133 -5.240358412632422 5.932189917737719 368
134 -4.358170463760102 5.462054876437343 34
135 -4.779301178354231 4.986529464877054 312
136 -5.87747596596674 6.014607097597013 72
137 -5.2520567564309255 6.344746456298413 57
138 -6.088694597905764 7.628654198300388 336
139 -3.106780220589556 6.405996244482171 326
140 -3.1648348345672943 7.281325307804516 215
141 -4.761345824362836 6.070235259842635 99
142 -3.371143733690262 7.289630076005101 50
143 -3.52268258280557 5.574939749934347 305
144 -5.065820630677962 8.196917046439086 410
145 -3.7299884674821615 5.768628529847086 300
146 -5.277098681478586 7.117187179829209 298
147 -5.061849326947231 7.41855330895801 247
148 -5.872866647206706 7.316566522544121 92
149 -3.350320883156612 7.640528415844536 424
150 -3.4909362881880175 5.967812296551076 113
151 -3.6782223506546616 5.515418424652455 106
152 -5.4724814535281245 5.577094936158866 128
153 -5.794004917975517 5.486661005347069 105
154 -4.378944482626208 5.092480803338824 37
155 -4.537171397713187 5.936835826305815 345
156 -4.962557704595816 4.651247126004898 127
157 -5.025772499579185 4.693124549363766 434
158 -5.602111310246673 7.40471498886578 395
159 -4.5867590500804045 5.1335923419994876 479
160 -4.561702044265982 6.6128689682918305 319
161 -5.0327602991125575 7.269148286119385 107
162 -6.602638824675062 6.244758995989246 463
163 -5.702135395891761 7.735420925633415 88
164 -3.8833847015726013 6.426780358510536 376
165 -4.681203106322197 6.978958129208885 145
166 -4.666892726602455 5.000019933322385 44
167 -4.476474948406297 4.871623011106963 462
168 -3.5692082993181047 6.2536824369839 434
169 -5.9706869277777495 6.220375318282251 43
170 -6.42616958567312 5.174080527903794 207
171 -4.18246255354764 4.775110953790845 107
172 -6.038582951419968 5.4135015434209794 116
173 -3.5664300554328205 7.515705844360866 148
174 -4.837683359566894 6.406755149564864 25
175 -5.378612594186922 5.075884702245177 298
176 -3.991882435949273 7.862896265466356 179
177 -5.591629784456895 6.171366073214806 115
178 -4.0920771364440185 6.728914418002693 291
179 -4.028131473825584 7.100851940230054 191
180 -4.6088949102807995 8.08338601333945 207
181 -5.592589372793411 5.247083552485677 52
182 -5.697498812044014 6.664848721958233 320
183 -4.618699095256729 5.855686683696536 229
184 -5.96192807133598 5.635938648731528 467
185 -5.383255084914861 4.662010310632868 245
186 -4.431759238634974 8.007346795596687 394
187 -4.780802329695131 7.31487824942551 190
188 -3.1918148856113002 6.005883789652313 210
189 -5.067413645092442 6.56547165073376 391
190 -4.639632834222144 4.78863964044243 244
191 -4.547146628710577 6.193160564733135 145
192 -3.9315382829624297 7.724012493160076 13
193 -4.167749589846861 5.547886632176849 419
194 -6.039248439419862 6.714367345828027 19
195 -3.8340654566342485 7.573479279194349 370
196 -5.118286448110571 5.422079688039188 391
197 -3.7470118087248196 5.440630550103875 449
198 -5.948462583634055 5.090713427038508 384
199 -6.498997311877963 6.006675385400427 137
endpoint1 endpoint2
90 187
143 183
18 121
75 104
38 124
116 158
99 126
67 137
95 138
81 146
154 181
16 190
133 175
136 157
135 191
74 149
57 59
21 37
80 116
5 187
33 34
53 175
129 140
7 167
56 108
63 156
127 179
111 128
135 197
146 180
152 179
105 117
128 172
2 64
101 193
15 108
80 137
63 133
67 94
49 52
108 132
59 127
22 175
23 194
44 120
69 128
2 91
129 158
6 196
123 181
105 152
88 192
62 131
49 190
89 103
0 139
55 170
26 92
8 170
156 181
52 70
19 119
76 124
113 193
8 115
14 41
163 187
43 100
124 137
56 153
55 163
57 192
58 62
64 169
40 194
82 142
83 155
155 179
89 192
89 113
14 48
146 152
2 181
22 176
80 87
73 120
148 187
94 141
54 165
184 196
66 184
31 64
39 128
4 102
43 197
89 122
90 104
117 199
48 103
30 155
19 29
2 63
9 87
17 23
35 189
15 73
76 105
60 147
63 166
10 62
85 149
39 185
169 170
134 151
32 126
33 96
73 153
22 66
95 189
7 97
34 193
17 127
77 157
10 86
176 178
161 194
58 186
106 117
15 199
3 90
42 163
110 121
101 143
46 79
11 155
29 158
18 145
114 157
81 108
102 113
68 161
18 32
122 156
70 153
92 174
44 73
52 185
71 186
137 157
178 188
89 180
19 161
43 144
107 127
72 171
18 27
20 128
38 94
29 78
87 184
53 120
54 126
165 169
96 160
46 89
68 78
52 128
36 151
62 121
100 180
6 31
49 117
42 156
73 181
53 65
1 123
57 134
129 174
44 63
80 176
61 114
31 133
65 189
70 115
38 72
3 182
48 162
11 54
126 181
42 108
1 171
85 187
90 182
74 121
93 139
69 162
73 167
79 121
16 65
139 141
105 186
89 144
35 76
1 172
112 164
23 185
7 35
142 164
53 92
1 78
94 189
29 195
13 137
36 139
56 95
42 94
87 119
1 165
40 136
24 183
8 32
100 113
118 143
47 129
92 128
174 177
10 110
102 183
15 142
1 190
140 154
70 95
1 47
93 150
22 146
5 186
98 195
11 82
149 192
27 114
84 129
15 102
134 190
159 194
22 149
80 108
7 14
72 75
94 150
30 196
160 163
17 49
38 132
58 149
5 69
155 175
12 185
158 168
86 144
1 136
21 197
23 108
134 177
32 92
33 66
18 99
25 179
104 105
36 88
8 164
9 58
15 116
17 42
19 113
60 136
61 161
1 129
60 127
121 127
144 194
72 121
73 77
131 150
4 168
7 141
84 158
34 45
67 79
18 194
0 20
37 177
22 190
28 158
11 126
30 174
142 146
56 154
153 174
103 150
82 143
83 154
157 170
105 137
169 191
70 178
143 152
109 141
26 60
50 134
124 129
56 161
61 91
112 157
43 183
107 146
62 181
28 125
29 105
48 137
14 56
92 194
74 184
96 133
21 74
11 108
37 74
93 125
103 132
58 176
54 106
110 119
76 131
22 67
30 131
12 109
16 104
126 151
36 123
55 137
77 156
4 140
64 191
52 91
34 49
132 147
6 43
79 180
14 155
18 38
75 91
43 50
32 118
69 196
87 165
11 154
47 70
41 121
172 175
104 194
82 115
66 130
18 33
164 192
111 187
1 104
2 150
58 107
118 193
30 141
24 38
6 138
64 141
100 142
103 179
10 40
72 172
93 191
20 129
39 167
42 146
9 144
120 184
29 77
69 182
94 198
83 102
41 107
24 45
64 132
119 123
102 145
34 90
18 128
38 199
65 187
32 44
14 108
165 192
97 189
44 169
67 175
32 155
92 189
76 167
170 172
17 90
77 128
85 192
103 161
86 123
39 196
49 109
36 55
152 193
16 75
75 165
82 196
66 119
12 159
72 193
109 196
32 169
69 161
72 80
46 115
126 189
19 79
25 37
45 90
48 194
2 194
113 186
3 167
39 75
5 183
22 129
32 160
53 91
26 127
47 104
80 166
102 189
86 140
1 164
19 197
20 61
65 135
46 163
113 179
80 127
69 147
131 189
5 193
47 113
16 176
42 70
6 96
12 132
0 9
92 122
60 83
49 137
146 187
1 46
4 45
22 147
81 137
26 65
56 110
20 92
76 81
82 168
157 197
34 112
127 189
70 87
0 191
74 154
147 192
57 66
113 173
7 9
1 80
57 179
148 161
4 187
84 137
16 174
5 68
63 135
31 110
35 107
120 129
43 104
47 159
56 141
155 167
164 191
187 189
51 176
80 91
43 97
56 148
57 189
37 47
76 126
64 195
0 21
3 96
8 196
194 198
50 140
62 81
41 173
30 73
134 155
48 147
70 179
58 84
72 104
128 138
55 186
131 135
5 23
184 198
20 127
132 174
68 182
26 149
49 167
21 73
25 142
46 67
16 114
52 174
59 180
95 199
22 56
153 191
64 185
160 199
35 191
40 178
185 193
79 174
61 196
3 87
8 106
74 160
2 133
5 136
25 151
99 184
152 159
16 105
126 148
128 152
77 155
41 119
9 94
89 168
0 66
49 64
13 90
91 176
44 189
74 171
104 180
41 120
64 183
86 87
15 89
132 155
50 73
42 168
120 178
70 159
76 178
78 111
191 195
16 103
27 50
49 114
39 166
116 190
114 116
12 27
123 142
71 173
75 182
31 158
54 158
32 45
106 108
120 192
2 105
76 160
151 157
27 147
69 79
17 89
77 191
5 125
61 112
153 156
52 56
21 157
24 164
107 111
90 173
8 13
50 197
2 96
101 161
88 106
75 164
12 152
30 118
19 182
114 191
60 71
25 35
38 65
21 23
9 138
96 183
4 192
13 142
16 67
10 122
108 163
35 78
127 129
20 55
90 191
71 115
67 133
10 146
36 181
41 70
42 92
61 155
136 153
133 163
0 51
111 127
88 150
141 180
152 168
116 153
104 118
57 160
131 188
174 183
104 133
12 54
11 172
133 172
107 186
125 183
15 136
8 90
46 171
49 136
14 80
71 97
75 98
20 180
21 34
99 104
27 199
9 189
78 92
7 160
101 197
27 116
84 131
56 111
150 167
83 128
157 196
125 176
15 145
127 188
60 107
23 81
116 120
33 79
109 167
2 172
43 114
171 185
48 71
12 85
124 127
34 166
33 56
36 83
1 87
2 95
117 136
112 115
83 137
162 181
35 106
60 98
23 110
159 181
80 101
5 170
69 141
34 161
10 182
156 185
160 188
16 166
179 191
18 182
56 125
24 102
135 167
40 102
169 179
121 125
51 179
90 154
143 148
74 141
43 96
124 141
171 196
84 152
106 141
25 97
13 53
97 140
99 132
7 119
68 103
124 132
36 72
64 172
27 80
132 160
144 163
40 84
4 122
42 181
28 96
143 154
146 151
22 183
44 96
12 121
30 151
19 25
100 148
10 163
0 117
23 29
82 132
65 196
107 148
18 50
38 49
111 174
64 65
48 139
51 134
76 134
21 72
95 177
168 191
173 178
121 129
47 178
50 191
34 197
17 123
53 146
77 114
25 116
79 169
85 146
4 104
93 195
76 189
53 155
2 53
4 142
9 93
65 71
110 124
2 157
22 88
55 128
94 101
78 148
98 120
137 153
89 176
72 167
145 160
73 136
167 196
6 136
27 53
119 124
66 104
35 85
40 168
23 33
82 104
140 195
182 183
111 194
39 161
94 196
21 108
83 104
16 95
19 58
2 30
93 95
77 133
6 131
154 197
106 109
113 149
14 29
39 47
7 70
124 181
52 138
77 190
5 124
61 143
106 197
125 146
127 146
24 165
25 89
50 115
93 143
42 130
90 93
92 182
44 49
11 184
16 77
71 162
56 84
36 128
6 125
89 140
13 118
93 136
40 44
116 148
63 90
131 177
123 148
13 141
53 193
10 123
0 61
48 196
75 119
99 125
9 178
47 133
131 182
149 187
78 83
151 171
119 168
11 182
20 72
76 93
156 197
158 186
21 183
21 24
63 72
142 178
4 183
78 90
26 68
11 175
13 191
106 150
56 105
80 159
133 171
135 187
10 109
45 57
105 169
13 16
12 134
34 119
16 193
59 101
62 146
115 186
36 85
1 93
27 119
20 94
116 121
134 189
80 111
9 165
63 126
16 17
26 86
27 76
13 177
52 124
113 122
5 66
6 80
82 161
35 109
1 141
26 191
45 188
51 173
33 48
36 91
2 87
8 167
10 183
106 131
109 118
130 179
82 152
111 146
24 150
65 97
46 189
49 178
32 86
74 138
58 64
11 122
12 68
53 134
73 114
148 177
5 35
16 158
35 138
54 175
24 110
25 96
83 150
31 94
1 159
134 166
45 174
32 109
0 134
91 199
168 178
169 196
21 69
44 106
101 151
194 196
105 108
68 96
33 194
69 126
148 184
31 182
40 198
41 147
136 164
105 142
161 172
65 115
28 97
70 177
146 148
7 111
50 133
52 161
22 39
98 108
10 160
30 39
77 120
60 144
116 164
29 102
90 116
145 188
53 96
121 128
51 54
4 128
153 189
85 145
157 185
134 139
73 157
43 79
47 186
124 146
69 105
53 154
19 151
114 158
83 178
29 120
73 134
168 174
95 166
99 163
124 169
36 109
64 137
75 85
97 160
32 128
87 191
170 185
16 89
15 51
17 109
31 147
15 160
40 56
3 76
11 60
76 171
96 164
39 49
8 144
27 156
21 146
6 19
17 128
74 115
3 181
26 97
121 165
75 161
80 180
87 100
40 151
3 45
46 141
28 35
138 146
50 112
90 171
143 167
71 127
115 161
69 165
73 162
54 76
8 158
7 190
48 53
16 78
2 17
110 198
68 129
115 166
69 174
26 115
7 183
101 168
51 105
131 193
137 189
15 132
20 49
45 87
14 68
74 108
2 193
147 174
38 126
48 84
53 88
33 132
52 96
42 90
80 153
162 166
71 106
74 151
115 180
8 36
28 191
4 176
117 132
7 165
123 165
13 190
17 59
56 106
66 95
75 100
95 105
25 165
9 163
29 32
34 173
56 130
94 147
7 162
119 185
35 150
30 80
72 145
147 197
115 130
118 157
53 179
128 161
41 46
55 192
37 58
38 184
133 156
82 158
139 173
35 108
37 139
111 148
49 184
159 183
166 175
4 30
152 191
53 188
9 62
13 169
126 199
132 188
6 72
82 153
40 104
42 193
146 163
11 125
34 182
37 91
156 178
35 141
109 110
40 192
63 182
134 167
32 110
2 183
43 91
47 174
4 147
20 115
77 126
175 187
31 70
161 163
43 195
14 53
145 186
21 77
25 138
59 176
112 145
19 136
38 164
6 61
66 181
68 192
89 125
145 179
47 188
177 181
34 195
37 118
93 121
94 121
16 132
85 144
157 184
15 197
42 165
74 175
1 18
58 101
110 123
16 108
6 156
10 83
114 159
41 133
82 116
106 126
164 197
39 173
115 196
83 92
46 80
55 130
125 133
112 134
77 98
24 82
23 42
6 38
82 111
65 173
24 193
189 196
122 153
26 28
83 101
126 133
71 177
37 97
55 155
21 136
28 46
110 157
4 71
2 109
129 168
19 60
77 131
42 103
64 152
103 164
14 193
114 136
3 39
3 180
122 171
16 57
34 143
74 195
7 64
121 164
46 101
36 155
61 141
64 159
87 103
15 177
54 148
133 198
85 189
71 126
95 116
8 48
16 48
92 176
83 120
51 99
137 187
12 155
86 118
89 146
35 74
59 80
24 174
65 137
46 149
49 154
14 66
70 111
29 84
73 170
1 72
129 179
94 191
98 162
81 154
17 72
38 157
61 159
7 199
87 117
0 63
3 26
65 130
141 184
147 177
44 146
28 161
47 135
94 166
36 176
56 100
91 119
1 184
20 57
25 50
32 76
147 182
4 34
142 176
1 90
98 180
81 148
56 107
61 145
158 163
125 180
108 140
0 13
127 176
111 129
8 93
45 72
84 101
99 109
56 131
1 83
129 134
2 67
36 166
38 134
42 77
150 186
82 164
10 18
105 144
107 180
28 31
66 198
49 134
74 134
5 174
100 108
33 61
41 45
22 25
79 88
16 162
158 173
62 130
89 96
43 108
9 172
69 138
175 199
34 47
35 135
52 69
54 170
66 169
164 187
84 114
43 101
94 133
59 165
9 38
29 187
52 76
130 136
63 177
135 153
85 132
13 50
72 135
24 159
26 143
50 57
22 179
5 153
25 128
68 98
97 99
167 181
52 75
0 113
10 54
18 54
37 165
122 130
145 185
95 181
22 74
26 57
48 102
50 131
36 114
58 195
59 179
10 174
103 138
160 196
34 56
15 78
6 50
79 173
135 143
110 134
39 190
42 187
29 100
122 141
33 97
90 114
145 178
110 113
124 149
53 159
128 133
93 120
10 169
86 89
16 133
81 116
61 192
97 148
188 197
45 151
51 144
93 192
104 177
52 177
15 47
4 137
78 144
118 123
104 192
18 144
45 127
66 132
139 198
48 188
28 72
68 70
37 103
9 75
137 158
91 141
38 89
3 73
51 158
22 86
149 155
95 169
44 71
83 100
47 74
50 167
52 135
17 99
60 199
100 139
38 193
107 117
74 118
147 148
120 189
81 182
130 198
81 199
100 178
9 117
66 145
90 174
17 134
110 165
39 91
3 183
75 163
61 140
6 121
179 193
39 195
3 47
1 197
38 66
152 198
9 22
28 195
11 189
38 155
42 86
23 73
109 191
39 73
72 85
117 176
71 148
66 75
0 48
1 166
3 29
59 104
