nnodes nedges type
200 1500 graph
nodename posx posy weight
0 -1.1103836705221402 5.843369212885757 351
1 -0.888401159964228 6.528471781571783 464
2 -0.3145925067641651 5.482918787294174 250
3 -2.0457051037913763 6.876773565031234 494
4 -2.1663896233953372 7.586203030938568 279
5 -1.366154359033216 4.883337747861784 304
6 -2.035072142382441 4.883696539718856 266
7 -0.23000570532147324 6.627834267673388 160
8 -0.7028124813672805 6.373345768918161 458
9 -1.9298550690795324 6.71173709182401 325
10 -1.9517593038262637 5.144062123760073 357
11 -3.055649688307243 6.961390434306119 464
12 -3.2048330510351217 5.162207495889655 362
13 -2.225957743787742 5.962325375044964 429
14 -1.3034165785315097 4.954268177646648 458
15 -1.3435417743443534 7.307490471095666 320
16 -2.400893590933471 4.500863595651705 281
17 -2.579816031479269 7.475001971813155 294
18 -3.8295865436924195 6.857442573430243 477
19 -3.0930524472549297 6.584739984617549 316
20 -2.7425833508634407 5.82597593920056 462
21 -3.3836296141583286 5.882000066781871 113
22 -1.3954764242127315 6.014743003116972 226
23 -1.4928164395325467 7.909583069602034 198
24 -1.5962837753104246 6.535277098046297 266
25 -3.54607299280042 6.57502150453404 268
26 -2.760212803043541 7.564566650546579 442
27 -0.2954023317998584 7.007591760231687 150
28 -1.7504745347187198 6.87920244374112 443
29 -1.1169877732779383 6.820138833285392 163
30 -1.5616257328890193 5.506632813550902 457
31 -2.3285432069645777 4.697852188117757 246
32 -3.053949552013653 6.782204233600155 190
33 -3.19950659789433 5.396526016169048 53
34 -0.7532877674297073 5.900817366068113 28
35 -3.210533243995556 6.630716111743319 396
36 -2.6277584416613 6.192157620819887 122
37 -3.1911816489989793 4.681092818812145 354
38 -3.48316819171878 6.062966161077662 66
39 -2.8348907075288916 5.380718053019191 110
40 -1.1560358844172427 5.220091199158517 434
41 -1.6152356495745044 5.250292372681299 224
42 -1.7543395602303637 6.217922169429884 227
43 -0.5481494528400825 6.202860451171734 109
44 -1.928698773046203 6.387668181736388 109
45 -1.5388852690255197 6.263778861089298 142
46 -2.649691032364541 6.287371423307247 114
47 -3.2193309457919317 7.203865555664147 474
48 -1.0779987777069904 5.972461564000759 163
49 -2.52312519805499 5.801982528947938 287
50 -1.1283476716524303 6.959121133250117 196
51 -1.6019740673778142 7.759117406139521 318
52 -0.9471742179358401 5.343444042458159 197
53 -3.6505372366092637 6.374870805765646 239
54 -0.5047282321733872 6.24253103129096 230
55 -2.8522388413357276 7.1925465785382015 434
56 -0.9251491547721521 7.176028963598383 261
57 -1.822920588690489 5.244749593748762 122
58 -0.6197193123514967 4.983365094578482 417
59 -0.7607594392692558 7.1080418062112605 127
60 -2.578672988488378 4.853681828933415 484
61 -2.6419121180060348 5.686649745515182 112
62 -3.6543479320355736 5.367976171561837 366
63 -2.0009220898464175 4.72054278907422 407
64 -2.7450666484039923 6.660255273480815 5
65 -3.50640735096042 7.69228379085659 180
66 -2.5203894869608994 5.162003236774813 434
67 -3.3111475877742857 7.510888121434669 448
68 -3.6652041096914343 6.024784702178191 94
69 -0.589230780086364 6.668063344718121 164
70 -1.092241547263394 7.510889471592408 213
71 -1.0928752838539535 6.490837145293921 142
72 -1.1294056321453132 4.8042906030695205 453
73 -1.2564808938435732 6.058124610809542 142
74 -2.744548308871626 5.060775415017508 52
75 -1.5499710189669613 5.040801697440835 168
76 -3.329650339741316 7.2615148942162095 316
77 -1.288441423422908 7.94592608128725 271
78 -2.0270165889969363 5.931776966870048 341
79 -1.9688292135708485 8.023133186933462 146
80 -2.6026522459725183 7.706403546279724 455
81 -2.4869630453963114 5.404351168565035 361
82 -1.7882668826351904 7.888503963768868 398
83 -3.241317280156401 6.033087870912317 303
84 -3.3629239666658104 6.967730600048981 379
85 -2.5234198731622537 5.588610056433267 340
86 -1.3680101651101653 6.629499571448651 268
87 -2.9745911481531957 5.530891732258607 376
88 -2.2952062265010036 7.442870519840038 256
89 -2.244389296355524 7.884087219796485 270
90 -3.9846511806743563 6.674276062381887 48
91 -1.260672247276612 5.433543016632987 388
92 -1.398795727421263 5.173535279662774 218
93 -1.8944504227203707 7.608841408190148 226
94 -1.609649513140048 6.06320437400028 276
95 -1.9874947384978772 4.338695537514782 59
96 -2.4041866436130235 4.983712984143733 431
97 -1.8878165150844912 7.268475853242011 223
98 -2.365945723508461 7.0749473406268155 191
99 -1.7064432068558624 4.980904581925287 85
100 -2.933749397496022 6.390286804751221 378
101 -2.9247867034589765 7.3947450254886 373
102 -3.1847962884786933 4.855465808418531 297
103 -2.838185514640091 4.944787670550282 40
104 -1.408387428663283 4.605589458617786 351
105 -2.3542907722831705 6.895121858931929 151
106 -0.8954362437662823 4.826487506766117 420
107 -3.4571349461400094 5.294032884233885 180
108 -3.5288018114050006 6.9135503738288175 430
109 -2.2897046359993185 6.1170334478233634 344
110 -2.1474216542464704 5.5102647226986115 211
111 -1.1236754691571995 6.621427350895966 126
112 -2.392544255638424 6.592696727473624 98
113 -0.6307701893442428 6.040665923584068 126
114 -1.866242842918696 4.745176326250621 43
115 -2.713715999759217 6.753510663272792 38
116 -1.2967846064047617 6.767207713224978 160
117 -0.36191925117268303 6.792454766566949 387
118 -2.536151811303733 6.489581051669934 259
119 -2.3058585451708944 6.370042895131667 123
120 -2.941185230816928 7.145313719822257 66
121 -2.172029240321849 6.761622655093036 195
122 -3.557147385952751 5.215587398520784 487
123 -1.8307445155538413 5.915277893327396 172
124 -2.663159425105827 8.399420385057287 443
125 -1.442943894984445 5.655044754417976 363
126 -2.06892778475262 7.145966611256942 176
127 -1.3448344666040497 7.123454197108006 118
128 -2.203216484601659 4.566066078056391 132
129 -0.8071366782816777 5.769147075073982 147
130 -0.7385119059936399 7.427552217271036 412
131 -1.759147438510704 7.130301052456597 347
132 -2.914187254471224 5.081183570112803 221
133 -3.03918938986459 7.822823430705158 89
134 -2.589532924751102 7.936717138199288 129
135 -0.21427694196013836 5.955766889591532 359
136 -1.2254063268774122 7.4834589840779095 451
137 -1.9302434706115332 7.3673605092573275 307
138 -3.4105856966469204 6.368346702048584 190
139 -1.54582637130183 5.772811322731907 158
140 -1.0881859257688404 5.459804737139357 379
141 -1.4550576611329333 6.937377312627547 46
142 -1.746032899939934 5.6145844418252775 304
143 -0.7600757151283543 7.727226154588002 463
144 -2.0825343017521902 5.686041109804112 444
145 -3.7934595378117213 5.760212141895358 446
146 -2.3169066529213254 5.048432499826967 484
147 -2.132844000167685 7.284214870120164 251
148 -2.6072852004372065 4.538958409811437 155
149 -3.330504283260952 5.667724511965186 258
150 -1.96082163901101 7.801164137774897 32
151 -3.59910843235552 6.7587635948930815 487
152 -0.8026753588818304 6.254257352038795 382
153 -3.0845761839543555 7.4605547160894226 100
154 -1.4157603525812068 7.454662788063441 136
155 -1.9512251860993184 6.105207519995133 193
156 -2.9589492897601133 6.211938306508595 306
157 -3.568214687928318 7.176316794677078 124
158 -2.838732796103126 7.791724427334776 177
159 -1.6059863215181298 7.566468741965727 500
160 -2.1223872647907958 8.026581142573933 358
161 -0.74502982553378 5.577249045141476 178
162 -0.8126270644013703 5.225425495980741 267
163 -1.4060553466403771 5.818585235695113 104
164 -3.7520032650899795 6.238953617916225 86
165 -3.8058183021007617 5.946014133082891 113
166 -0.25791728660395336 6.497516226053479 170
167 -3.546214708201594 5.532121456792052 310
168 -2.134145931134379 6.247550534945344 27
169 -2.716896718412644 7.142065953851523 424
170 -1.8148654448920307 5.404238644965466 361
171 -2.495945066026845 6.7557338791868435 246
172 -2.2268021283884827 5.339302594008835 243
173 -3.3409398921483677 6.5787329547462265 61
174 -2.404929999026639 7.301803480971436 303
175 -0.9480179005208675 6.055347285312078 204
176 -0.8664300852170536 6.758032259675272 31
177 -2.8945040141507494 5.23321907796071 348
178 -1.8259986706331783 6.569359177161386 190
179 -2.340819474431898 7.751728339466667 440
180 -2.0499620357721584 5.393720403069333 338
181 -2.728115672949421 5.389914096531719 82
182 -2.641882891131864 7.355078508681988 406
183 -3.0668426843366605 6.126125462050205 482
184 -1.155924548779681 7.247111845860835 206
185 -1.18252741069156 6.372773951221378 111
186 -3.2917957585276714 6.323502758069406 269
187 -1.0291065685929235 5.58669916946067 221
188 -3.3119933765477505 4.992751646777495 258
189 -3.5640708269713817 5.743012229541398 310
190 -0.6198507633309305 5.68400120105132 50
191 -1.6598258496523695 4.380816505219999 345
192 -0.6777956565583916 7.08871963965876 14
193 -3.6571010480784176 6.2782696547441095 423
194 -3.5846458173585565 7.059753192665835 367
195 -0.982509874646146 7.300120988892939 388
196 -1.599317303593698 7.1741991992224055 181
197 -3.043918048835898 5.66163026264299 89
198 -2.8616546452294522 5.976780554272446 472
199 -1.5160062595747341 7.724179767398153 218
endpoint1 endpoint2
147 176
116 158
44 147
122 197
78 86
151 164
117 185
81 146
123 174
38 149
77 166
34 123
108 150
40 142
21 180
116 118
146 189
147 185
80 116
131 160
81 139
47 124
16 181
5 93
67 89
30 111
31 103
158 160
127 179
181 193
111 128
116 125
33 74
159 195
47 148
105 117
131 169
117 139
9 50
41 180
24 28
10 19
107 183
0 5
3 112
21 198
59 127
39 156
45 64
138 191
109 163
1 58
80 98
12 81
57 182
131 174
78 171
33 173
109 122
113 127
35 110
164 189
1 130
26 186
45 185
46 185
84 116
148 181
34 44
109 115
19 119
76 124
42 60
136 185
63 139
105 129
86 173
111 159
39 146
49 183
14 41
68 100
69 114
128 177
4 150
61 180
83 155
10 12
4 127
169 184
84 122
1 13
22 176
173 188
94 141
29 179
30 35
53 100
25 136
44 92
173 181
36 115
167 173
176 187
76 105
132 171
43 173
24 127
31 73
26 158
8 104
140 170
33 96
43 75
2 54
94 127
27 34
29 133
37 197
140 161
58 99
170 178
44 82
47 71
77 150
118 120
89 179
18 145
3 50
21 132
161 180
28 73
33 114
57 116
115 119
78 105
81 187
79 101
55 156
42 115
78 152
35 80
6 36
28 64
67 167
145 164
94 193
81 188
12 25
77 136
61 121
9 115
38 198
3 32
141 146
90 164
35 38
93 185
113 144
116 187
145 157
101 186
80 176
64 154
9 116
10 74
91 109
0 44
20 39
60 78
81 87
31 42
91 154
97 183
11 54
53 74
149 172
152 192
26 108
106 190
71 161
137 176
30 112
59 93
45 98
143 160
110 173
147 165
26 196
118 189
73 167
53 83
59 82
70 109
118 180
32 175
73 168
59 141
98 160
9 30
17 78
71 151
6 104
32 55
116 159
100 113
94 164
41 56
78 87
151 167
71 140
14 163
21 179
23 94
134 199
65 153
85 86
100 120
29 36
12 92
1 88
79 84
119 189
174 184
123 166
51 120
20 83
76 80
10 105
14 170
125 178
26 169
138 181
16 30
34 168
4 186
78 161
9 49
108 118
112 113
19 104
55 196
150 184
133 144
136 140
10 16
72 148
108 133
164 183
146 172
147 198
28 136
69 143
148 175
78 168
151 178
8 164
117 147
30 94
91 92
182 192
3 120
32 83
1 50
22 167
44 112
57 190
7 141
30 54
35 137
109 114
135 162
3 97
97 142
24 154
8 116
0 131
2 187
27 161
46 48
68 101
36 78
64 170
40 195
20 119
89 199
134 154
65 126
138 169
159 166
0 154
76 141
96 142
43 92
72 103
73 127
142 149
19 23
119 158
84 172
197 198
15 67
18 165
16 137
42 47
136 168
144 152
91 163
29 105
89 121
53 99
2 141
22 72
50 129
72 110
131 141
29 139
52 92
17 22
19 141
60 172
68 188
91 184
134 148
62 188
110 119
95 188
11 101
4 140
25 127
101 103
31 49
161 178
107 128
111 178
43 50
116 175
120 170
149 151
7 89
4 139
62 76
172 175
10 94
34 72
83 182
40 78
65 90
78 110
46 87
66 106
35 83
40 166
81 100
49 115
88 178
14 20
73 179
121 159
104 161
19 169
3 35
79 131
45 111
90 165
17 131
18 19
44 169
118 160
39 45
2 27
41 108
10 75
67 118
86 123
89 133
31 132
35 65
19 174
3 40
59 71
23 53
69 184
92 180
1 115
94 176
3 198
149 171
39 42
8 155
11 134
176 199
88 105
69 73
56 82
179 195
91 101
127 153
6 14
65 181
13 120
109 196
40 42
8 51
28 174
53 82
129 191
99 195
9 20
46 115
123 146
16 66
17 84
52 158
77 178
67 100
86 117
87 121
15 187
32 49
110 181
147 173
118 181
9 140
69 170
1 77
26 127
9 29
36 180
61 156
108 153
127 143
19 197
25 46
109 182
110 188
183 197
115 179
44 141
1 70
92 129
8 176
12 53
20 85
61 149
34 121
96 125
3 4
25 55
138 139
159 196
109 175
183 194
166 190
115 184
44 132
48 79
7 161
125 192
15 97
6 91
61 174
55 127
45 69
140 146
39 118
22 170
28 178
36 82
131 171
119 181
103 106
51 64
179 183
0 104
56 117
37 61
20 91
77 86
144 189
15 159
162 180
111 139
3 114
138 189
32 93
20 185
28 137
47 159
50 154
56 141
59 168
119 178
130 181
42 51
63 140
17 186
55 77
39 151
42 194
60 120
85 96
159 179
71 77
39 100
128 188
59 161
175 192
30 55
106 140
113 118
6 76
12 168
87 128
57 85
169 198
47 173
34 178
57 198
97 111
78 187
103 145
18 171
157 169
175 190
30 73
144 162
55 67
42 180
26 138
168 183
28 150
55 186
27 86
172 195
6 62
63 187
85 138
17 173
37 162
45 162
73 150
57 103
9 196
7 106
73 103
98 105
160 199
81 112
31 75
55 81
42 166
62 189
95 191
11 100
52 181
73 104
56 176
53 156
5 25
61 108
76 98
60 164
25 126
10 39
50 78
144 151
91 176
44 189
64 94
28 76
87 164
78 100
98 136
125 136
68 163
65 89
45 141
28 75
22 82
170 187
83 96
35 197
56 190
119 125
125 129
186 189
118 174
96 162
99 175
47 87
129 196
41 106
24 46
66 98
86 97
89 131
112 177
79 130
82 98
50 123
147 153
67 174
49 196
54 119
57 132
98 149
44 57
27 147
106 181
5 125
153 156
81 196
56 59
28 33
85 176
32 36
14 116
29 94
44 48
13 149
17 82
77 184
24 60
62 105
10 115
125 172
50 109
13 119
75 127
32 170
53 81
21 120
96 183
81 165
154 174
177 199
13 142
3 25
79 153
0 171
39 74
115 173
4 56
59 143
154 169
11 183
88 120
56 97
36 181
61 155
136 153
6 110
91 114
21 168
46 160
140 157
75 109
21 25
115 178
98 198
23 176
47 131
32 184
36 45
1 69
98 185
7 171
42 71
61 148
137 169
34 118
162 163
0 10
55 97
40 113
13 98
98 193
27 199
69 155
57 169
8 184
125 176
134 188
109 167
63 127
48 71
57 178
151 183
33 169
37 60
82 160
144 190
45 189
85 102
22 162
4 28
80 101
118 150
72 116
59 171
6 187
41 162
6 74
83 142
30 92
40 102
65 98
120 137
121 125
84 119
87 138
115 142
25 186
11 123
130 141
1 152
23 124
44 105
105 109
148 191
5 45
151 194
64 172
84 167
33 188
16 148
0 126
24 116
60 152
13 46
91 172
4 122
26 139
89 118
70 176
74 191
92 197
25 132
167 177
98 111
84 174
103 137
16 139
20 120
41 149
38 49
45 161
51 134
145 189
101 154
36 126
6 167
172 187
30 41
31 165
15 74
18 154
112 150
58 190
43 174
6 54
38 40
97 151
44 199
64 88
30 129
73 111
71 193
77 154
83 194
112 141
81 104
17 158
62 165
48 185
74 168
71 190
29 155
34 70
125 135
50 70
86 199
62 172
45 140
120 179
190 191
103 173
105 195
35 85
66 155
141 150
110 159
38 93
44 172
7 56
9 150
48 183
145 153
149 167
98 155
78 119
12 20
16 95
123 126
89 130
108 183
0 40
112 178
38 197
25 80
23 175
11 50
70 142
57 139
3 195
95 146
125 146
21 156
49 99
107 110
29 93
73 163
94 182
26 107
28 192
61 136
87 98
91 103
114 188
45 95
91 148
74 100
48 92
149 178
11 177
15 20
61 129
100 172
92 102
79 152
84 85
0 172
2 192
93 129
113 184
116 147
118 139
131 182
22 118
46 120
13 134
51 111
36 182
77 169
42 93
131 199
105 160
86 130
15 130
14 78
20 174
21 24
4 32
28 190
29 40
26 68
156 173
54 195
58 142
41 78
10 109
31 122
158 189
62 146
65 158
38 107
30 177
52 198
57 168
26 79
7 163
47 120
17 61
36 164
61 172
135 176
12 189
28 29
20 188
33 63
72 78
78 164
151 182
10 140
19 109
55 193
35 109
1 141
3 116
49 185
163 177
74 131
152 190
43 106
128 167
36 170
137 195
88 196
18 198
111 146
14 42
115 145
13 163
33 186
181 183
24 110
132 186
66 162
31 94
14 130
89 195
40 110
143 156
18 80
58 75
171 175
101 151
124 133
128 181
6 170
172 198
11 192
52 73
16 149
18 169
138 197
66 189
1 144
111 160
40 85
47 199
85 112
99 140
28 144
70 192
128 140
19 24
36 112
119 155
176 184
38 167
81 125
66 180
50 90
14 140
17 163
87 144
70 168
141 194
109 131
96 152
43 86
99 181
51 54
131 142
86 91
54 176
112 151
43 161
88 160
180 187
48 131
140 166
47 186
11 102
36 102
161 183
110 146
42 175
48 186
46 83
12 103
69 82
52 190
126 157
2 13
75 186
42 116
104 197
112 133
40 162
101 109
68 173
86 196
126 127
24 192
8 26
123 139
118 119
132 140
85 172
107 115
4 70
22 107
119 199
36 147
37 107
75 168
24 48
5 114
6 128
9 119
0 41
63 198
46 138
13 67
35 42
147 155
40 63
9 158
120 194
122 170
11 53
34 142
92 184
39 46
83 112
121 165
123 153
5 123
89 138
59 88
60 74
85 190
32 38
14 122
70 119
90 171
3 186
48 166
29 92
50 195
73 162
152 196
33 138
77 182
6 114
137 180
30 116
96 107
65 138
22 141
26 192
4 194
51 105
15 23
61 128
31 119
87 122
34 98
55 109
21 173
28 49
13 110
71 109
109 186
110 184
3 168
95 123
152 163
53 88
54 94
41 59
149 186
10 144
46 121
121 184
71 147
58 132
19 198
24 187
23 93
45 80
84 93
88 152
73 196
39 125
100 125
1 91
154 190
13 190
42 69
5 95
10 106
66 95
46 169
84 100
138 182
49 142
47 138
12 88
56 130
1 92
13 183
15 98
112 126
155 170
111 143
64 96
135 192
65 150
0 178
2 170
22 169
152 184
44 126
33 62
22 24
78 165
81 135
5 48
156 188
52 125
19 108
6 81
136 176
102 165
14 177
164 179
32 80
89 97
70 77
146 168
25 183
171 176
36 68
55 168
171 193
156 187
126 199
5 74
6 72
105 131
86 175
55 78
4 118
62 132
144 198
32 198
73 113
59 162
8 175
9 39
64 198
97 130
145 193
33 193
59 187
20 115
66 186
85 142
107 145
161 163
47 198
49 163
50 51
70 182
43 80
101 159
46 63
124 157
160 195
10 48
68 177
90 194
111 168
39 191
187 197
45 159
120 160
87 147
70 169
152 155
99 180
27 179
30 156
68 87
12 114
53 144
37 118
64 188
156 159
16 132
185 198
41 156
6 52
13 94
145 180
2 128
21 95
11 153
50 180
51 62
126 155
73 109
128 155
27 57
89 173
112 143
83 181
115 196
42 172
32 138
87 161
21 88
118 194
126 130
19 46
42 117
100 131
84 197
35 174
53 122
96 174
68 76
80 199
6 142
119 126
105 193
34 95
15 163
81 88
66 153
88 182
17 142
39 163
45 131
1 101
58 126
121 163
123 131
68 75
17 101
5 113
6 129
66 97
35 92
112 180
20 37
21 145
24 160
82 97
68 156
69 187
53 76
92 185
11 133
137 178
139 146
105 179
31 128
108 168
15 177
0 33
20 44
68 155
70 116
71 126
74 123
75 123
96 196
116 143
99 113
44 156
98 171
26 105
46 108
48 54
123 145
11 186
67 99
86 118
110 199
24 174
23 78
28 59
75 112
93 134
42 139
121 197
1 72
94 191
26 112
121 182
46 119
88 116
38 157
89 155
180 198
127 130
92 96
108 158
90 186
4 59
104 114
34 152
7 175
46 126
123 175
52 97
56 100
10 96
108 149
0 54
127 139
20 57
116 117
26 160
45 79
46 167
13 102
146 188
38 118
16 37
149 194
9 10
10 152
20 81
5 94
61 145
103 193
0 13
134 184
38 105
29 63
146 198
117 140
101 194
17 51
83 133
157 193
62 155
85 90
23 195
99 146
30 190
129 159
12 39
56 121
132 182
162 176
127 166
112 197
3 135
100 107
30 161
61 75
84 156
52 69
132 189
144 168
8 114
85 108
39 96
44 109
56 152
37 90
22 43
5 33
153 168
64 168
103 148
15 120
24 112
105 139
107 155
18 63
111 165
3 100
4 126
49 169
0 152
76 147
50 136
69 124
73 121
19 21
119 156
33 177
0 113
1 150
32 102
14 58
76 138
124 158
94 119
61 86
9 80
31 185
41 154
79 173
135 143
10 49
18 49
116 166
48 142
87 146
145 178
1 24
177 180
51 56
98 101
100 158
9 89
119 146
111 176
67 182
56 197
170 181
83 86
195 199
75 135
9 66
3 51
31 60
64 82
1 106
21 103
96 168
121 144
12 97
126 131
24 36
6 148
137 158
125 132
50 69
72 170
98 159
101 178
121 153
123 141
36 150
37 96
77 137
24 43
125 157
54 155
114 142
46 129
85 170
0 195
74 118
165 194
48 170
149 164
46 99
36 157
23 59
28 38
32 33
93 179
1 125
83 114
41 87
87 102
35 68
91 99
21 153
133 197
90 169
113 131
38 66
8 49
7 43
36 60
9 22
177 194
27 29
155 192
96 109
25 39
93 133
20 155
118 183
121 196
29 83
22 114
12 60
13 138
16 71
52 155
17 79
38 146
131 195
80 164
136 150
137 163
28 51
