nnodes nedges type
200 1500 graph
nodename posx posy weight
0 5.097246975632949 -1.1369254998739058 99
1 6.507325109991183 -1.098377457409704 101
2 6.539229312176074 -2.4158874591407637 258
3 5.848153391827465 -3.9073752607303565 291
4 6.706494441697317 -3.214320025762134 263
5 5.994304505568421 -1.6991720157046866 211
6 7.05421749492469 -2.2304355503073814 132
7 5.951675996713645 -3.235728489046953 282
8 5.376045867279245 -4.29243730174547 46
9 6.57119405360613 -4.037469069591578 79
10 5.643924525736907 -2.0683743195188247 341
11 5.369049734162992 -2.8065211583095624 33
12 4.570605032627279 -2.548045901875864 215
13 5.573723570808166 -3.7102591824835005 61
14 5.730528099444486 -2.563826257383711 376
15 4.633663362837007 -2.1744462347354654 421
16 6.166965820471455 -1.3252018654824922 234
17 4.080959921128459 -1.2289380420311073 432
18 7.367479788973478 -2.2855595128930126 332
19 6.211585167356227 -4.478717190138192 421
20 7.492640545919027 -2.5079548109325875 110
21 5.711766185454878 -3.5207482744628242 242
22 5.48643726712274 -1.2119300023232176 242
23 4.964675434403262 -1.1217271347126803 206
24 4.7787686904689135 -0.929623655527486 50
25 4.611443788469752 -0.9683845822340438 61
26 4.072331580794593 -2.062214520319977 42
27 5.484770218492561 -2.3076208421094244 69
28 4.240792344553603 -1.476462806162341 492
29 5.102595556490909 -0.8490916611227127 363
30 5.225609778624153 -2.4040214960461994 12
31 5.697522305624335 -2.9667511931844235 120
32 4.5106273241633374 -2.686483285501088 97
33 7.490631621704277 -2.762277113631744 221
34 6.554861327367677 -3.731556542254931 206
35 5.116364873492559 -1.6819102190324893 181
36 4.499274097074678 -1.4672432187369624 440
37 6.839196181064214 -3.0817777291975506 299
38 5.166660099721235 -2.8741533095361538 391
39 3.885361703861708 -1.5110652178035022 137
40 5.715725265639299 -1.3827320811602037 287
41 6.785183517964071 -2.8092028625096375 242
42 3.9828845679238283 -2.390650365755811 53
43 5.662188954740881 -4.104425234817423 92
44 5.782224616130907 -1.5895125453509695 90
45 6.377887126591522 -1.8072959234193402 237
46 4.807468641099387 -3.655324905250039 347
47 6.560987976555047 -1.546890312855988 410
48 7.07136749477583 -2.646176729811178 91
49 7.0742264818126035 -3.1271207281382556 418
50 6.504427115324636 -1.9723520312158727 488
51 6.307059096924426 -2.1593097646926687 374
52 6.010633656460564 -2.995148834723412 171
53 5.3267717203729 -3.7294480145359574 41
54 6.985280845588169 -1.77876205979532 176
55 4.8876501045614145 -2.581210178625405 223
56 5.163232627979454 -3.4867899678592202 375
57 6.864993947227035 -3.9325844184836956 293
58 7.0117240994089105 -2.4125556640896986 10
59 6.212987272095411 -0.8691576532301464 500
60 6.250541760737203 -4.233448448966275 358
61 5.967567923831728 -2.457669227679508 220
62 4.708031725210585 -3.233143660752418 26
63 5.603737085358689 -0.7505162701078856 354
64 5.532168286893459 -2.6774437261954356 104
65 5.504532317970311 -3.4781577115219044 414
66 6.040491080066264 -3.4048316775063463 225
67 6.859347363536424 -2.023428233366071 432
68 4.971533907753069 -4.005632352979844 254
69 3.738877900721618 -2.661149726345556 166
70 6.666346766634171 -0.9380356730741891 2
71 6.005353741985913 -1.181835236516634 53
72 5.838643321991109 -2.1601509121053395 167
73 6.259825904226222 -1.2066051997715568 127
74 4.060630991630246 -1.8187644553361957 490
75 4.338085264961432 -2.928869222156167 345
76 3.854772208850077 -2.548674106176769 337
77 4.201616257827857 -1.9296265619703585 276
78 4.749733876401432 -2.1359878104646093 290
79 5.642783608118496 -0.9892731440187087 498
80 5.807591037841424 -4.132031524679259 154
81 5.506496636515594 -1.9948994896340622 55
82 4.537915292748465 -1.548360841714745 488
83 6.154347662369166 -2.7339241858847663 57
84 4.706281052989122 -2.417378174712018 55
85 7.0992385144608505 -3.0368976715327194 79
86 5.2723520516017395 -1.0501096731499024 205
87 6.2740590523172095 -2.3702539592905314 224
88 6.151664122090708 -1.1397009713837707 3
89 4.781695426473385 -1.188599222616129 130
90 5.989637941057658 -2.1972958626124335 439
91 6.2766106131607176 -3.5810768736569134 3
92 4.624365234006411 -2.7758662529699127 118
93 4.745687382378396 -1.3788797919006432 214
94 6.766215564546157 -1.3943823417242776 479
95 7.2556409243326 -2.083557932573492 8
96 6.4029345343399635 -2.849412173555379 363
97 4.906850225801707 -2.483879994413515 384
98 6.3714271441267405 -1.4147972865714176 289
99 4.8215763789463875 -3.0670111866641436 360
100 7.147377658914002 -1.744804168526099 287
101 7.29379282548196 -1.8437884757701448 471
102 7.305732120452874 -1.061277598622234 3
103 6.137186658289397 -3.5573709918736247 4
104 6.335484207041141 -3.3868844228391892 174
105 6.778143062784269 -2.1571813701300715 158
106 6.262409675189857 -3.897113150664759 128
107 6.934547230339952 -2.5486687078476113 394
108 6.514688333145122 -2.8288056821453154 461
109 5.418083319749544 -1.775929267817239 62
110 5.130235582229226 -2.010579564241456 349
111 5.238141987812997 -3.2112249163389897 300
112 6.134338793462241 -1.6079676040441175 134
113 6.021066242382984 -0.4904988449981787 31
114 5.3945526918972915 -1.2965323042048928 429
115 6.696464049332739 -1.6372421982199163 44
116 4.329865787956686 -1.6243137759244362 270
117 6.565585770008672 -3.3860471203680644 412
118 5.801838415396924 -0.37295654207051626 242
119 5.174339888914203 -0.585092550509118 31
120 6.829644553563377 -3.404603004066538 414
121 5.0208948879767155 -1.2894021092291994 231
122 5.613234288876122 -2.3910906021289655 126
123 4.437016219548862 -3.3629564650235793 177
124 6.689486831133702 -1.9904397215527352 423
125 4.451028703756162 -1.0132967862880642 242
126 4.940631141694425 -1.6385703965914027 350
127 4.881859533225828 -3.8586592764121455 336
128 6.529294145304523 -2.68082412532737 458
129 6.727349986660013 -1.69241790991872 92
130 4.30655950954889 -2.668345343526266 27
131 6.6760652924827015 -1.1866535685011075 408
132 6.554224883427511 -3.1094517285200256 43
133 6.961325732770176 -2.7359197097256573 38
134 4.948860284847081 -3.161581178600989 492
135 6.952654702508237 -3.285803846757336 161
136 5.6655715892045935 -1.7062692395293835 292
137 3.855804817858531 -2.246159214948006 452
138 4.662766652347155 -1.9033526555620914 428
139 3.9614628607040023 -3.1072188806049756 213
140 4.372166029896964 -1.9758942599621578 146
141 4.102054493924805 -3.202869807153755 429
142 5.32699125792316 -1.488325157834526 364
143 7.290191102467324 -3.0128659922447576 68
144 4.956281299213722 -1.9087786663874506 184
145 6.207094039816891 -1.887103329328783 297
146 6.317046805237406 -3.0618761526722413 388
147 5.3931556102772 -3.4627749352576753 59
148 5.804639478032633 -1.1383545339628172 257
149 6.631476096023455 -2.31073140442242 330
150 4.616153676708457 -3.5998902552066845 7
151 5.758342442783423 -3.274125857068863 173
152 5.199365783534436 -3.7516646502406235 410
153 5.0770223376978585 -2.2331073462893722 369
154 5.982735476046571 -2.714455834780892 99
155 4.527557545794059 -3.2994835844475454 476
156 4.324041625293845 -2.4079993614985034 258
157 4.3779146029375795 -3.6645004487609976 274
158 5.589891610713374 -1.6109041270013211 120
159 6.076858746674623 -0.860527701535303 256
160 5.943397173150407 -1.9664948752189553 303
161 5.218856201246722 -1.7969068823549983 343
162 5.756202928872438 -2.73756521009663 186
163 5.800699339710472 -0.9727528140673585 351
164 4.682240675024059 -1.5739341723114284 156
165 4.961348465061778 -3.3890619508640674 116
166 4.644229193642149 -4.211254684143343 397
167 4.30388932931715 -3.215689238818435 480
168 4.401462815681142 -1.8344661528817745 126
169 4.196186376349049 -3.715878354018691 308
170 4.522340793007243 -3.022604604559156 278
171 5.9767369767875635 -4.003550353056195 224
172 3.927713256614544 -2.992955981498494 229
173 6.989863530169295 -1.614729111127423 341
174 6.669736825861789 -3.4925294809988823 235
175 7.148585554966732 -2.829938484126332 414
176 6.601437662712107 -1.3542225852947387 167
177 7.181716435188475 -2.430217440464467 328
178 5.305347782009636 -2.1161961164473015 363
179 5.91294901877442 -3.5458255971124704 331
180 5.282311936699174 -2.9828629191436917 267
181 6.429317051132102 -3.252034188300376 447
182 6.9783587300602425 -1.2331610650193572 221
183 4.068582097519675 -2.6512769621377887 312
184 6.123531378482696 -3.7545064981507514 281
185 4.948409525375542 -2.812612586541754 236
186 4.24883022579419 -2.2001223556104677 282
187 4.620552772602856 -2.913151272176705 95
188 5.594003652408792 -3.3260047044258516 39
189 5.114249486526459 -2.5433917374741886 241
190 4.766813029077292 -3.505690794520589 28
191 5.4675833930133955 -0.8803925460727852 256
192 5.488619821577594 -0.7243354075968457 70
193 5.297921564138958 -4.011814985590923 60
194 5.49882685626346 -4.260394894179942 394
195 5.193706361937149 -3.33240615416585 50
196 6.263262477699577 -2.498490031869654 95
197 4.677402783598152 -0.5866329596186705 102
198 5.826859935428471 -1.8428181676726338 398
199 5.556363020119752 -3.1397703732298714 321
endpoint1 endpoint2
50 96
13 108
99 126
29 44
32 165
51 195
95 138
11 171
103 122
88 124
47 119
104 130
6 98
45 61
49 58
158 185
86 129
162 164
1 191
37 158
111 123
24 189
14 77
74 149
22 157
44 138
2 73
131 160
78 89
47 124
51 121
37 54
130 165
41 179
63 156
21 189
3 11
57 60
63 114
30 180
56 132
129 133
123 188
52 112
130 188
150 187
105 151
162 182
55 122
21 198
60 103
49 133
33 67
70 72
71 90
113 160
63 123
29 55
34 162
2 91
16 163
41 189
77 81
5 79
133 154
120 134
65 109
76 158
44 119
103 158
15 114
18 178
61 187
13 56
1 155
55 72
134 162
48 154
28 110
140 189
91 195
36 77
27 95
103 151
54 162
41 175
10 12
49 95
89 192
14 48
146 152
124 128
167 180
84 163
43 180
81 121
68 180
38 50
3 108
26 151
45 164
122 131
90 104
76 139
5 129
117 199
124 159
72 109
128 143
97 123
10 175
103 133
0 73
58 179
41 153
180 191
91 185
38 53
8 104
134 151
87 173
73 153
93 198
71 196
56 174
36 122
172 183
137 147
86 94
52 90
83 174
72 189
97 171
51 147
90 122
165 167
57 115
98 138
43 64
16 110
19 43
59 192
6 146
81 108
161 180
45 143
122 156
53 127
95 163
126 128
71 186
78 152
98 116
30 31
15 164
23 36
45 119
141 153
113 159
44 177
11 56
29 78
14 23
87 184
21 111
22 87
115 124
123 140
41 100
86 99
89 189
3 32
6 31
45 112
32 43
31 45
90 164
110 163
39 93
3 177
116 187
46 96
16 83
52 143
87 104
35 94
74 126
116 130
190 194
48 162
16 59
117 173
83 117
12 15
124 177
5 120
87 97
108 170
19 180
21 122
154 160
104 149
137 185
31 139
35 76
40 129
23 72
46 155
28 53
141 189
63 70
67 131
142 164
41 64
77 172
7 193
67 106
0 49
19 194
21 170
49 145
68 139
0 160
147 179
73 81
119 164
66 67
49 57
107 184
34 120
162 165
55 103
32 78
183 195
80 117
5 186
29 36
53 174
26 64
27 114
156 169
104 138
51 120
35 146
132 194
103 195
30 108
37 134
116 126
134 190
84 103
147 193
5 163
30 181
72 75
148 160
131 168
78 161
26 75
10 129
174 195
103 107
179 180
31 111
14 173
144 188
1 136
40 125
60 96
49 132
147 198
12 82
123 180
31 84
14 180
127 160
164 190
55 114
40 100
3 120
1 129
26 187
0 140
1 50
99 157
11 121
33 52
26 93
171 194
175 193
30 65
13 55
14 191
92 93
0 131
91 194
169 199
115 149
7 117
27 161
28 158
53 130
36 78
37 88
78 186
24 114
162 192
18 61
38 56
51 191
2 178
30 145
52 166
93 100
64 161
30 32
31 178
17 29
41 151
82 134
66 185
107 146
90 198
187 193
43 196
23 112
29 105
90 105
163 168
165 180
55 176
78 132
136 192
58 176
10 63
107 139
144 159
184 187
111 181
44 197
26 159
11 20
2 132
21 83
101 133
17 126
55 137
41 112
61 109
77 109
43 165
10 38
49 65
68 187
161 178
91 177
75 91
97 170
64 93
51 146
149 151
101 142
46 76
47 70
126 158
75 185
100 135
6 34
111 187
28 74
29 116
22 93
10 40
68 169
165 199
70 145
58 114
114 119
44 65
71 178
75 183
60 193
10 64
105 198
35 88
32 155
54 118
2 104
76 167
19 65
75 172
10 75
125 148
45 104
85 177
32 35
35 46
91 157
60 62
44 160
32 146
9 19
48 50
80 168
87 96
179 195
0 36
110 195
127 153
88 135
14 126
39 82
118 178
7 37
11 46
34 133
9 20
77 178
27 31
1 163
38 123
115 170
72 87
22 112
98 161
153 199
80 166
61 156
67 109
86 140
125 191
45 83
71 105
93 156
11 92
72 94
27 124
13 129
16 176
82 177
63 145
10 111
108 144
40 112
24 191
46 170
90 128
25 160
100 121
29 35
142 183
27 117
160 173
155 169
67 91
15 150
35 98
65 145
84 96
74 154
2 175
146 178
28 178
123 193
52 195
142 190
16 31
8 190
36 161
20 91
86 145
14 178
15 159
40 126
64 100
18 96
11 67
12 83
50 154
72 115
2 89
123 183
106 133
31 198
16 165
126 192
83 143
10 24
24 148
85 96
51 176
89 101
148 192
58 66
99 156
30 164
50 149
69 119
10 176
156 183
113 118
155 188
137 198
17 179
37 176
111 153
23 125
64 114
45 176
50 140
128 179
36 79
131 158
151 195
30 62
33 189
0 125
40 196
130 135
85 129
105 136
14 135
37 185
87 153
90 111
27 185
46 56
30 150
50 135
52 167
37 64
167 182
98 110
78 130
7 130
39 130
23 115
55 179
4 134
64 185
9 85
30 40
16 129
130 153
23 27
86 180
11 23
90 113
56 193
1 29
165 188
52 181
77 155
22 51
29 131
58 184
50 78
13 90
15 193
110 140
43 53
44 189
51 149
54 98
99 161
56 183
18 143
186 195
40 79
111 186
145 161
58 104
114 125
22 82
96 171
46 84
104 187
128 150
24 39
98 114
78 158
35 82
21 139
59 72
62 199
68 170
14 106
141 151
17 137
42 147
122 165
119 197
121 158
104 162
47 87
15 62
77 134
61 119
154 196
67 112
87 109
112 177
25 81
90 162
93 183
118 161
9 152
74 196
39 44
98 149
11 128
106 181
41 83
77 191
6 133
153 156
137 141
112 168
21 157
32 36
107 111
90 173
8 13
145 148
94 177
81 172
151 154
31 140
127 152
79 144
82 84
143 162
110 179
99 194
44 47
154 174
34 100
114 182
79 153
65 141
28 55
143 171
122 185
34 157
54 88
92 139
149 188
103 126
17 76
42 92
67 108
21 168
60 85
13 105
44 142
4 182
5 192
7 171
27 127
51 117
125 198
41 79
78 196
12 133
35 124
108 145
1 188
15 136
0 10
32 64
140 148
14 80
109 174
74 144
22 144
7 19
30 176
16 25
56 128
94 173
148 155
79 86
117 143
7 160
103 108
13 185
150 167
79 199
31 96
158 167
127 188
1 181
25 63
135 198
71 94
57 65
38 109
4 21
1 87
78 167
5 50
117 136
9 55
156 162
106 155
16 175
112 115
144 190
1 142
23 110
117 127
14 34
90 147
70 79
22 162
99 150
47 158
33 49
69 141
5 59
130 178
107 161
111 147
26 185
115 142
25 186
171 183
11 123
68 120
5 36
160 179
19 120
24 109
83 151
12 169
14 189
17 178
3 99
64 115
62 137
140 184
32 108
14 44
18 83
99 132
45 192
30 172
56 156
93 105
97 110
151 194
61 177
157 168
105 143
13 46
12 160
1 145
169 189
4 122
43 193
159 160
0 156
101 145
112 159
38 166
64 65
89 127
76 134
168 191
25 141
124 154
101 124
157 186
85 146
111 183
23 139
44 199
90 126
57 111
121 138
2 53
61 107
55 56
82 118
50 79
4 87
29 121
99 160
11 156
60 188
23 40
49 120
44 181
92 169
2 148
98 128
99 169
52 132
128 151
41 96
5 10
6 136
61 125
178 187
18 135
97 186
69 180
145 153
7 73
42 121
112 178
90 163
38 84
48 174
129 163
2 102
22 109
46 103
106 178
6 122
34 83
35 67
52 57
88 130
90 170
122 180
53 87
54 79
129 164
96 177
46 110
150 152
87 98
127 155
95 115
54 70
57 149
149 178
88 114
52 152
136 147
82 189
155 196
21 174
45 88
21 31
95 120
152 162
47 133
122 198
34 154
78 83
100 196
29 192
58 135
150 170
180 195
96 120
45 81
138 142
93 154
4 32
54 80
106 150
52 110
15 26
125 197
126 173
137 168
181 196
134 186
109 173
146 185
18 108
9 188
34 172
142 181
73 95
148 164
4 190
81 143
26 79
160 175
37 50
38 128
130 161
24 25
80 150
133 148
3 15
25 62
64 111
135 193
32 88
2 173
26 39
9 165
7 11
92 145
94 149
78 164
6 193
20 101
83 136
72 151
111 149
21 194
65 104
66 195
90 144
9 174
72 117
29 164
0 97
83 145
74 138
44 115
12 68
53 134
73 114
36 66
93 111
4 171
88 92
38 181
66 162
1 159
55 68
37 190
134 166
109 145
91 199
96 138
124 133
128 181
2 41
97 109
61 95
9 41
127 194
175 184
14 133
97 132
64 75
48 149
67 198
85 112
168 185
115 159
94 113
18 160
112 144
18 51
62 184
134 144
0 148
74 167
2 136
99 181
15 36
75 140
98 103
153 189
62 65
61 81
10 171
30 46
54 176
40 180
61 194
38 41
42 164
116 163
134 139
48 131
51 142
33 100
53 105
58 100
96 159
98 143
121 137
124 146
55 138
77 153
82 119
161 183
15 195
35 55
116 170
120 173
122 145
58 111
47 67
52 190
56 185
2 13
75 186
59 196
47 48
20 22
114 153
6 33
106 120
20 133
97 160
42 150
142 197
95 175
167 199
11 148
16 89
35 199
52 133
15 51
60 180
66 152
107 115
38 82
44 173
65 80
28 92
122 163
45 132
89 90
54 114
6 128
31 152
108 176
59 67
65 184
66 147
68 147
73 185
22 98
79 119
106 179
16 87
42 97
66 123
86 126
52 58
127 157
40 151
45 101
46 141
50 112
11 42
96 178
152 196
27 106
104 146
11 187
75 166
41 90
86 113
179 196
60 65
50 107
90 178
40 45
122 188
54 71
59 136
81 155
154 172
47 108
9 106
87 122
35 112
114 180
25 42
141 185
109 186
48 84
5 197
11 169
52 96
58 132
78 195
135 189
31 124
86 131
87 115
92 126
141 178
152 170
27 192
53 161
7 165
38 142
45 56
0 12
92 117
8 92
62 147
20 182
166 189
8 43
33 37
2 66
94 147
154 185
12 47
20 95
105 145
140 141
32 89
7 10
50 158
36 93
7 155
106 153
20 102
150 188
112 196
24 144
46 187
71 81
193 195
55 168
61 76
171 193
13 169
42 62
136 183
105 131
12 172
111 157
42 193
23 97
48 152
1 54
4 5
47 161
50 144
73 113
78 183
26 89
10 191
29 188
61 182
63 182
161 170
111 154
23 126
134 167
65 121
140 186
51 186
18 81
43 91
55 190
59 187
4 147
84 161
103 146
184 194
132 162
65 193
175 187
161 163
144 165
39 134
23 119
33 105
72 107
98 109
61 87
160 195
52 81
35 187
15 79
50 91
110 129
187 197
43 56
116 165
51 136
141 193
53 111
56 172
78 136
61 80
15 84
161 189
48 132
165 185
121 136
68 94
71 195
73 109
2 51
94 96
5 6
114 159
79 176
97 174
44 184
83 92
30 142
75 189
94 107
62 112
100 131
9 68
87 88
45 121
3 70
43 47
7 61
33 117
87 190
54 120
92 171
95 174
46 91
123 138
36 149
98 113
18 133
112 189
38 192
40 170
81 88
17 142
38 83
116 185
120 188
7 75
12 22
16 81
56 72
36 156
100 177
66 144
49 104
13 66
3 180
69 187
21 115
123 152
133 181
62 101
56 62
74 123
75 123
90 91
92 176
21 124
101 174
5 99
6 115
110 199
38 68
23 191
118 182
94 191
154 173
51 104
13 28
87 117
24 181
84 87
70 102
74 109
147 177
7 30
72 91
53 167
92 134
129 180
100 198
71 146
102 177
13 21
162 167
49 148
90 133
21 38
63 74
142 176
4 177
81 148
7 164
52 104
130 164
77 160
150 163
105 175
108 140
65 156
138 183
80 106
63 115
69 152
71 128
41 181
6 95
63 154
83 133
102 163
45 48
144 186
24 138
134 179
66 198
49 134
138 190
70 75
113 161
5 174
99 146
72 112
148 173
131 175
22 25
79 88
8 162
52 126
58 158
72 153
17 197
26 189
65 110
148 197
76 157
100 107
53 187
2 85
5 56
117 158
30 48
16 153
109 116
5 73
61 188
6 73
13 57
14 185
97 136
90 153
166 167
4 6
5 144
47 160
75 155
4 149
62 82
30 59
196 199
58 160
76 122
25 102
43 188
157 172
37 188
24 159
99 137
69 124
62 85
84 162
184 195
20 124
77 125
24 119
6 59
82 136
10 54
30 77
97 154
4 101
8 96
120 154
73 145
96 131
7 105
124 158
78 134
27 42
0 72
185 188
6 50
157 190
13 36
17 161
97 147
45 158
2 134
96 154
21 85
99 183
16 118
73 107
37 117
27 35
12 194
30 44
34 51
25 121
82 122
83 175
85 159
31 55
26 152
45 151
28 113
32 116
33 122
93 192
78 97
7 95
83 86
56 180
22 55
27 56
83 199
125 139
112 128
40 189
14 156
107 135
91 180
39 172
120 175
29 118
14 15
142 192
54 102
98 132
46 81
52 184
66 108
3 56
83 189
85 161
72 170
43 46
7 60
9 146
28 71
48 179
29 79
145 165
44 71
77 137
80 184
61 122
52 54
15 162
0 84
31 34
75 76
49 199
52 142
77 130
81 199
67 116
52 61
54 146
114 137
23 59
147 157
23 168
8 10
69 186
16 58
2 101
78 125
27 151
11 132
12 14
19 181
21 153
70 132
152 198
83 123
42 86
5 98
87 127
125 168
35 77
112 163
40 128
96 109
23 73
141 190
143 174
40 47
39 73
149 191
98 163
11 178
136 150
67 107
35 114
180 199
127 141
20 51
21 171
