nnodes nedges type
300 500 graph
nodename posx posy weight
0 4.132552119259238 1.0256915170208303 382
1 1.397934513212413 0.36004072019412775 130
2 0.8493216111876362 -2.9358424387540896 463
3 3.6853336788156392 -2.522751191549716 128
4 -0.4135537400949027 -1.7001566155549124 138
5 0.43456108481572236 2.6813961261286225 454
6 3.5806220724197964 2.4476242036481 112
7 0.7641275437085462 1.0661216980895112 116
8 -0.5226022102403998 0.33880119313973345 124
9 -2.0209936216050077 -4.139358786337653 158
10 3.709917460884009 1.2633212253735113 88
11 -2.283757188146366 1.8069405461436134 95
12 4.019248413239492 -1.4871087536939414 65
13 2.023899800751756 -4.0040054505625315 110
14 4.532137221556902 1.9504196530544282 430
15 4.316504809531405 2.2562691413188074 408
16 2.362550978857277 1.1919839005064155 248
17 1.012080336085555 -3.030589422174193 138
18 1.2979937079565933 -2.0754668543091013 262
19 3.496607415413048 -2.1784207125700763 239
20 4.035263045916238 -0.3943625601146801 259
21 -2.090304658033015 2.0626922116361217 196
22 5.330998779971781 0.8361473520149769 194
23 2.745873188516574 0.5835607334697429 335
24 -0.5449780836272721 -2.671239218866885 177
25 -1.0585489828057235 -0.505004304170118 468
26 4.166209764208027 1.9934571702944999 160
27 2.1386653246376195 1.2148791996302815 201
28 -1.0691080183110404 1.6152232705417262 337
29 4.677138461175235 -5.299247653347264 380
30 0.6975425266306251 -3.3223232235755122 8
31 0.822671411211099 2.24569107163341 167
32 3.5537083587711265 -3.2193102467976655 371
33 7.479595208657602 -0.729896413761743 374
34 0.39880706360590334 -1.9698066235761242 348
35 1.868075523391066 1.4134422963753261 263
36 3.1582758483324533 -0.006901289253179957 315
37 3.5355839062289864 -0.012630218911427252 262
38 1.4037312932355703 0.6786028747253453 476
39 1.9210172873970557 -1.2005784298554385 331
40 -1.4441994059252155 -0.7731254402626689 154
41 0.6555485351190969 3.6183814135437102 239
42 1.8870665956551604 -3.1309648864400232 45
43 2.3966291109278792 -2.467542913633968 442
44 2.739910597076185 -2.3352357820673872 191
45 -0.042704066748015204 0.14361466826482625 90
46 -2.907269895270827 0.3395840022887604 431
47 4.636210470342559 -0.6802628617700371 209
48 3.5934316405493356 -0.7838738880680864 431
49 0.8992660269482662 -2.0671588070193274 173
50 5.028748496104464 -1.226171164447645 228
51 -0.01399110349838376 -1.401665938763374 374
52 -2.363156475940428 -3.077420991094512 406
53 -1.788225689116587 -3.4970231523563844 461
54 1.3473319929790306 2.1213987689722527 349
55 4.212855722556664 0.569155817752972 474
56 2.568545781578933 -4.869178519748276 323
57 2.9735870091059144 -1.1307525373315583 379
58 4.023837479840733 0.36418277687306605 50
59 1.606301128412624 1.4324216172645903 42
60 0.3699674533584389 -2.685629833424581 225
61 3.708625872796522 1.907907247074554 357
62 3.5189047821110604 2.92766720562624 46
63 -2.234129496393028 -0.8172201311574595 466
64 5.539505803106897 -2.985303184977754 260
65 0.9446888512168716 0.5290661152539315 410
66 2.1484468256904328 -3.0898645254900945 102
67 2.3276870476784755 0.004324395885174024 402
68 0.3272983810418077 -0.3576249253020652 289
69 2.5020487171666006 -1.1055429617401384 202
70 0.95141931149778 -1.802180563324854 97
71 -0.9647081351501482 2.957932561413917 479
72 -1.867921916945606 3.2600449039895563 375
73 -0.09286545958489871 -3.152073668520182 317
74 6.226300160357529 0.6730040180713804 266
75 -2.4456735346092784 -1.8331817927091687 286
76 -0.8805497211176608 -0.23023602288247721 271
77 2.3963696390032894 2.93784092069427 350
78 0.04012305862820775 -3.100222208297051 123
79 -0.5769847190940401 -0.9537209433044112 67
80 0.5281525364039513 -0.6892759943659764 29
81 1.1111373152428208 -0.056418261737742156 68
82 -2.6658276322865317 4.119609307750891 245
83 6.269400647756383 -1.9001188843038566 455
84 3.3831121319537245 1.7132260407951858 312
85 -1.2520716884654166 -3.367650649370188 408
86 0.3539981578831852 1.7223616584145145 171
87 2.2852436521736847 -0.9025224734884658 157
88 1.9724784256766488 -4.718399431847641 135
89 4.70031698786596 0.33381466294607964 143
90 3.961983470780834 -2.6538679172478896 152
91 1.26906147028037 3.279928350081598 326
92 -2.103105618573747 -3.186258923099766 436
93 2.895368914113675 -2.756505695634828 27
94 0.4223116094019571 0.28347652137550156 466
95 1.4484015436735926 -0.011637573557766163 174
96 2.7899371224813145 2.7028452816518422 435
97 4.5710315693053 -3.2202382340528373 459
98 2.1109055047769805 -2.1853918751438814 154
99 -2.7044636023540862 0.7175495217777137 42
100 -0.6724002356035328 -1.3701066105658621 346
101 4.143977419048389 -4.060209699815806 224
102 0.016197710968278906 -0.9337067322434387 42
103 3.812197213223314 5.177317605203696 184
104 -1.3405200950652347 -4.288932494431474 321
105 1.8641094771097937 3.5145026278944997 151
106 4.932559401851619 -3.981960854045452 163
107 1.7282299935038745 -1.416427985922099 343
108 1.1190183771273479 -1.1621123851329467 10
109 3.1684213289120646 -1.8327108559523755 68
110 4.052845065833 0.8852289237741915 243
111 0.09981746497159479 -3.6857884680000095 232
112 -1.3699025353964964 1.163297818696403 233
113 -0.2951762786113764 -2.3788449363357853 475
114 0.35189981085357097 2.894216736652144 475
115 3.0195680533977387 -0.58042591357047 83
116 5.075632450543358 -0.0078354522146371 185
117 4.924341464307125 2.3712381049920053 483
118 0.23775860329130913 0.9206681019807025 287
119 1.094796160801279 -0.5146396283631767 185
120 0.22676337241032704 -3.468340220258254 40
121 4.732532786087563 -4.8466939056212315 74
122 5.00428719389409 -1.6205372322577392 482
123 1.290303719038692 -3.866581894413472 46
124 0.4014903509400927 -1.5836513341459413 11
125 2.218099999634527 -1.6600738476266323 96
126 1.5660201161426137 -4.279484675750005 151
127 3.6113205060155362 -3.3744252838236437 345
128 1.9629735651077793 1.0205280113925574 339
129 3.242769796469053 -5.548594969773603 388
130 1.7145187057283102 -3.580260945501973 223
131 2.4470443174523484 -1.5421160949221615 446
132 2.2222992240904804 0.6883117309079289 427
133 4.081780191449552 -5.71093832927924 31
134 -0.014404069042400535 1.4252697568192563 292
135 2.1519073612831194 0.1759695883405682 72
136 3.735047296642238 -1.6537066853589169 281
137 5.43957124462496 1.2106335482450932 115
138 0.9843833550891681 -0.2831878702577681 324
139 4.604784263517899 -2.055002876971 243
140 2.476587224724987 1.328145208589434 219
141 2.3510731867852117 -3.9283444984290283 358
142 4.53040354782141 -0.31985254610764574 121
143 -1.607626165489119 -0.24764369870446024 99
144 -2.1428501033855896 -1.0082095630616714 101
145 1.3375016254574967 -1.363505698764197 479
146 -1.010869176351499 -3.2738219677344764 233
147 0.25157131389397486 1.2877120547004417 247
148 4.4358253296574635 -1.5739781787194653 386
149 -0.39393154342742226 0.7136108409907044 214
150 6.037437325708145 0.17660120043410926 159
151 1.8195591245204201 -3.335147876342519 183
152 1.7872243972977389 -2.465922527522696 123
153 0.9558071979092646 0.03812759918189872 242
154 -1.0581416697304127 -4.508881293391912 8
155 1.3096381341420593 2.796056992199502 281
156 4.255613976296844 0.3219916638285794 379
157 2.9127639726446963 0.7655581310035291 3
158 0.14028705572532957 -2.501786227220084 198
159 2.472080708890341 -3.7617020874195974 438
160 0.5727146872892858 -5.197027947872559 166
161 -3.478300017102228 0.18629406315545835 34
162 1.144701174670747 1.7291621581565169 368
163 3.097882460000057 -4.2343398014306155 281
164 3.7430966509656547 -1.092067871421532 481
165 2.0261175107181426 0.6279851004918099 107
166 -2.2900220211948286 -0.4609615824192626 326
167 2.8617841016993464 -3.195871430367147 427
168 -0.39966582602047396 -0.11592235544247731 486
169 2.1659716628504984 2.595457921939563 70
170 1.6950500256719014 2.54088600079459 442
171 3.9189452068597843 2.309638379422556 321
172 0.09139694613592053 -1.9830535782544165 141
173 3.2555115248600623 -1.9600270661835255 255
174 -0.8358190840285934 -5.073991691143969 435
175 3.119519394635688 0.16800972821162807 90
176 5.640188155601913 -3.679603860102629 192
177 3.6261835680335692 1.5017640976244524 410
178 -1.6405499678769488 -2.3419195424850643 247
179 2.4227629155404666 3.4241275570532164 283
180 -1.4639297181515027 0.49189560818911093 479
181 -1.316796211203908 -1.1390406587326605 200
182 3.766985762894497 -0.39132316023043523 179
183 4.990238737819269 0.4696464432887174 482
184 -0.07601244306561161 0.6283446321643732 388
185 2.3973543895274085 0.558725064237661 112
186 0.9719630428532515 -3.8883356783843688 94
187 4.785829349674923 -1.3115413002285787 168
188 -0.6141012616985967 0.84752148707047 7
189 4.092971495743161 -4.767822863575509 186
190 4.151909591809973 -2.244196838381224 477
191 -1.0258670217824672 0.3061013974525831 495
192 0.4550999381797228 -0.09756071964374288 81
193 5.5096725909860265 -0.17037884785275914 106
194 -1.877389897705912 -0.8855970689671099 149
195 -0.4147814152196582 0.49967323134566 285
196 3.2818013025542943 4.112144789524305 407
197 -1.5826761928718187 -3.7381511047107363 328
198 2.9543249220516143 1.3942154019474695 358
199 1.0225005082006249 -1.9786893799217018 415
200 1.7814041615206695 -0.9068451795412887 311
201 -1.191581846791859 2.076819679972229 93
202 -0.6706321683214383 3.3620409460750533 116
203 5.06141867903878 1.206902657783134 377
204 5.292553825817825 -0.29791849163203826 441
205 2.5885080519060026 2.144176323544818 404
206 3.1105201206178905 -0.8808975064255585 55
207 2.2436458106556154 2.9050738402838867 246
208 6.404527756237103 1.6830036606702472 121
209 4.446142205645528 -2.8575253283980455 307
210 2.76439197619043 2.547610984248721 144
211 -2.334144370172209 2.459242537938934 78
212 0.21463887106748442 -5.1958659601744 293
213 5.3198868557951124 0.22137717462295287 267
214 3.137808830432882 3.499892458587606 214
215 -0.26253051970347907 1.2152319337032067 156
216 1.8272154096559534 -0.23902179323562153 421
217 -0.5989381715949162 1.6518217137870106 281
218 1.5908928331036412 -2.559299605409496 58
219 4.819502118551544 -3.5307745502762384 279
220 -0.6460109146085736 -3.812772935744462 280
221 0.1976171218823385 2.015586693042323 251
222 -1.169424285019417 -2.327279578790313 309
223 4.700053555062708 1.571394122008054 25
224 5.850969252933031 -3.4754060839236502 201
225 -1.2801676224289549 -1.8782549657246999 271
226 -1.1355901281396639 -3.8966207832702793 86
227 3.061693791927458 2.261908375018545 182
228 1.2904910614068674 -0.33238552344907046 355
229 5.14723774185384 -0.5394012247379184 334
230 3.4124770140479317 1.0024972333349638 144
231 2.9985837726650066 -3.2720174253077303 95
232 4.964100962120843 1.0732258458737105 206
233 3.403626802866883 -2.5702431214448653 97
234 4.811376567355973 -2.0395574796727085 492
235 6.255993333267339 -1.676464465493678 256
236 3.865349888426926 3.9199001557810838 67
237 0.07822934441939405 4.179477655851951 245
238 -0.9870388451321294 -1.5233171285944247 497
239 -0.5304221512626873 -0.3101768704195559 13
240 -1.9078198813529306 1.3222324403357146 20
241 2.9070048507355812 0.0265909451961795 426
242 1.2099415897753725 1.8718602845361685 171
243 -2.185065163573145 0.2503972794329281 413
244 -0.276035016453773 -4.20627306095575 27
245 2.673974115055293 1.7348469187354076 494
246 0.9639972164158027 2.390103841561328 210
247 1.8404726365790507 -3.613833473629348 460
248 4.648647448910088 -2.4671110034059227 471
249 6.2546097294721985 -1.6165916718605808 385
250 -1.017014263866088 4.564973802249613 191
251 -0.4350466259750064 -4.551953739617896 386
252 3.4004926842431153 0.7607154239088538 57
253 5.499007137194535 -4.456672677082218 26
254 2.8179933435505253 -0.42569578612684206 475
255 1.5731684539095854 2.145239806260848 438
256 0.8117723203677312 -1.3661618919993168 51
257 2.789498312971393 -4.41358671542095 13
258 4.267243498139707 -1.287560375690108 283
259 -0.02763950517899875 2.068948985346933 456
260 2.5998358260737198 3.810191553091351 237
261 1.1639921400226976 -4.7358304629135946 315
262 -0.1378023564590401 -1.0905547829494864 157
263 4.043713885228456 2.56546596770523 353
264 0.023492932640976925 -4.408118798919889 254
265 3.8845356565869684 0.14648822516252538 353
266 0.6717564475536539 4.882629340317905 499
267 -0.8812527045880154 -2.2179541054349796 372
268 3.090273226954044 -3.9842865165649264 273
269 3.4024150586271524 -4.839254759718376 124
270 4.1504965763343105 -2.7396528312387027 254
271 -0.7586437789581766 -2.040568197862234 489
272 1.1836989010517633 -3.174038686303261 278
273 4.354246606671941 0.6902700598725204 76
274 5.690092974345054 -1.8883086764727233 190
275 2.2647971895071946 -4.278306439192283 189
276 0.9045872655922859 -3.4907862885787297 484
277 5.971326219138448 -4.772448707907717 465
278 2.2577320630181115 -0.6113985557201655 156
279 5.981818602730386 -0.22900645807173692 121
280 -0.46822867925685174 1.9477850483311578 95
281 -4.112758916503665 0.527005948966844 134
282 0.6328084115819151 -3.922897751694281 377
283 2.6352775742426724 1.997121590166209 304
284 1.842871246545741 -1.9398342890307367 154
285 0.6496135841289357 -0.5204245277317211 154
286 -2.2299814178933466 -2.7927585921130555 421
287 3.0659857372514843 -1.437189659063812 359
288 6.2063887692116495 -0.732830565709903 210
289 -3.056774261496253 -0.7718723531222978 175
290 -1.3529912702666924 0.05697428701127328 69
291 1.0418413688936825 -4.286005342739071 494
292 4.471542358863759 -3.545393903667243 281
293 1.1851858024580588 0.9611013972802678 269
294 3.469760723975069 -3.993424722334199 244
295 -0.6975586844926945 -2.6360215219479777 229
296 5.546607175054081 -2.3455481916050744 351
297 2.251737224105237 -2.472436496522787 388
298 0.9180735415279072 -5.097382677838792 379
299 -1.1055077344705797 -1.9657157349820769 42
endpoint1 endpoint2
194 243
119 145
272 284
76 100
20 136
22 252
152 256
35 132
22 117
138 290
56 127
54 207
249 288
21 202
34 123
120 276
87 132
6 132
51 60
1 54
73 113
12 254
212 251
227 293
198 230
34 138
187 209
120 172
48 185
177 283
174 298
30 111
152 231
158 297
80 168
37 135
215 285
83 229
89 142
173 190
157 283
6 14
118 259
100 102
60 299
13 120
185 210
11 72
27 241
17 151
76 112
173 233
137 204
101 292
4 199
149 180
47 279
25 267
102 299
56 261
187 204
148 235
59 228
45 285
245 273
111 272
46 63
37 273
152 186
117 227
28 143
71 112
101 224
264 295
69 128
63 222
57 182
209 292
42 43
174 197
46 281
11 180
16 185
29 101
77 171
41 71
55 115
142 241
28 242
58 90
108 153
91 202
92 244
42 282
182 287
104 111
32 284
172 181
165 228
107 254
188 240
42 60
28 211
69 199
101 167
12 19
65 239
205 230
256 262
76 191
74 137
62 236
18 256
84 89
0 47
45 195
216 284
86 246
3 42
52 222
119 271
288 296
183 248
222 238
40 75
128 205
127 189
80 87
94 107
78 154
70 87
36 116
43 115
198 223
106 121
72 82
97 167
47 273
100 172
75 178
23 230
37 232
111 113
13 268
147 201
93 126
156 265
72 202
98 107
10 62
1 67
115 265
124 228
38 188
169 170
146 295
182 193
121 133
144 195
175 252
98 278
98 199
26 213
159 231
108 192
214 236
24 282
49 66
78 291
99 191
83 224
135 200
47 173
39 192
145 297
2 43
13 123
3 50
132 153
96 196
105 255
169 242
139 249
3 292
86 192
27 119
4 295
84 140
23 156
62 169
166 225
38 128
45 262
176 209
115 157
38 245
32 209
73 126
220 251
151 268
78 130
110 182
147 168
234 287
199 225
64 209
138 206
109 125
247 257
202 250
8 134
259 293
147 255
80 262
125 285
153 228
17 199
158 276
31 118
161 243
170 283
182 230
185 245
18 131
2 222
23 265
14 230
22 288
226 282
260 263
133 269
139 270
8 112
96 157
160 276
35 94
20 39
114 134
183 193
105 210
18 287
85 178
198 207
36 203
149 216
88 264
1 195
20 150
178 226
7 45
13 90
17 159
41 170
156 175
61 183
22 232
5 215
35 246
209 231
86 155
41 266
106 277
64 106
5 155
15 179
0 35
27 61
0 89
36 242
64 274
241 258
238 239
198 216
36 216
253 292
21 243
116 183
40 289
104 286
69 93
61 283
100 143
73 124
44 127
68 140
88 141
70 218
152 276
86 217
34 262
81 134
9 52
16 162
107 151
44 66
140 175
10 254
30 98
108 152
91 260
33 288
37 254
231 257
55 171
130 298
147 153
241 278
48 173
81 145
119 164
23 138
233 258
164 187
139 187
95 185
125 270
61 263
155 283
98 233
129 268
186 220
136 287
152 173
53 267
70 238
53 174
74 229
77 205
192 239
89 223
197 267
88 167
213 274
248 275
5 255
12 233
36 109
220 271
145 218
186 272
118 256
31 170
16 241
66 231
95 221
267 286
165 241
84 162
231 269
3 296
87 206
40 285
1 252
233 268
98 167
212 282
261 272
124 285
58 255
95 278
1 7
69 254
73 251
206 229
31 147
148 175
26 205
60 146
246 280
8 138
1 102
19 87
67 177
140 169
12 142
31 114
91 114
91 205
97 274
179 246
194 290
127 148
204 265
100 158
214 245
4 168
43 163
101 121
25 192
200 285
15 265
100 194
10 157
19 231
213 279
103 196
98 141
81 278
58 213
43 130
3 287
219 233
55 263
106 127
119 191
25 243
26 227
60 244
20 230
145 172
56 257
94 217
34 113
50 55
9 220
216 228
67 287
109 167
69 122
25 168
43 294
67 293
79 184
92 144
66 159
181 188
108 284
30 85
54 246
203 223
190 287
244 261
39 247
156 229
38 285
68 113
46 240
180 184
24 102
139 297
22 208
201 240
76 94
1 135
8 79
87 115
1 185
100 178
37 115
27 170
23 59
42 291
14 232
16 135
44 136
110 165
247 276
7 165
93 173
63 180
130 167
44 218
137 177
127 159
131 278
115 278
2 66
38 175
100 295
114 237
57 145
175 185
275 282
61 171
96 170
45 168
79 100
162 184
76 143
200 216
123 275
157 278
166 180
131 287
89 187
18 272
49 153
24 222
51 95
31 77
78 79
17 172
65 254
44 200
120 295
45 280
60 124
184 293
192 293
18 267
