nnodes nedges type
300 500 graph
nodename posx posy weight
0 -1.7362119578088946 4.399556163220206 382
1 1.187675912326962 7.966396107648953 95
2 -2.263732398097888 4.410082720502247 227
3 -3.498376854712608 5.480344976792689 35
4 -2.585544120758866 6.324482999222363 148
5 2.1703299316374878 5.578167314928771 457
6 1.4787310802858846 8.318529540639165 167
7 1.740137383955906 4.03008591203372 415
8 2.1412844599703615 2.5331970712260077 147
9 1.914820899154156 5.88442560061561 273
10 -3.259678946924364 8.197053896827985 445
11 2.0571425662039307 8.004481790921187 63
12 1.619718019519177 4.037223784984155 24
13 -0.478900465819394 6.2431206355586575 27
14 -1.8813334241493804 3.534960453843377 210
15 3.7876490245611136 4.411412018079858 303
16 -2.905437622588336 7.164188364434535 309
17 -4.408257819989577 9.06556053543641 302
18 -3.9064416030893234 4.305222771947976 342
19 -0.6650776616324715 0.5414176283967833 167
20 0.27670907236150466 5.6173790044340235 7
21 2.3552996501690258 5.0112945661550485 253
22 -1.3300040613538155 7.692500710658644 287
23 -0.5596762962891015 4.943460450346947 281
24 -4.592537076716005 7.040057083121269 264
25 3.078837841204773 7.866813768412915 497
26 2.613764927756043 3.591564648924399 431
27 -0.7818919968884828 11.198463475474759 141
28 1.321493153192421 3.1514292167379807 295
29 -4.084420291604703 6.873325821567168 60
30 0.432840851050224 8.344320965910118 354
31 -2.6373265125190137 4.007547540480242 241
32 -4.021213862131709 0.06884691371196078 183
33 -3.2260680696240196 4.187774596725461 87
34 1.5664744948789675 6.242587280753069 317
35 -4.644811443138046 5.344238956702503 304
36 -0.25054606845346916 9.388635388893888 39
37 2.2765165555217797 8.915784130072364 46
38 0.4398693092721343 6.551190882816109 315
39 2.933805123019019 3.614117842711114 189
40 -0.32536943726646594 4.6933901613712585 21
41 1.05048070773345 8.507309337379338 374
42 2.497361197165814 3.198905813896504 391
43 -0.9366356607677744 5.794652913052942 327
44 -2.4297936612395867 7.543173835859259 310
45 1.373330958076883 7.447829277445411 378
46 -0.3010843415861644 6.5171474946385795 398
47 1.4605031290823605 9.05346932105689 263
48 0.8431161833297981 6.22057177006367 117
49 -0.8863897121494155 7.290567474667239 335
50 -1.6365669921275376 6.550474678209857 427
51 0.28666190250825047 3.5919733105200953 461
52 3.350618530207907 9.091532523807945 122
53 2.282153734442183 2.028939900892969 253
54 0.6568423758405869 7.4515280739532885 64
55 -1.2320827245435333 3.123523980317905 446
56 3.6210227083170765 4.607265908252772 378
57 0.14490366851631467 1.9709708233376055 77
58 -0.47579977467034135 7.609971558912657 141
59 -4.940951955462377 6.724812249214793 348
60 0.007134266444910058 8.92622810303216 13
61 3.0253918773151023 7.294218096264866 356
62 0.153256691544647 7.620286899480225 81
63 0.7904647516545795 3.4236626705152777 295
64 0.49628638852191054 4.403131938673686 395
65 -2.9179199984771116 5.01826155616035 144
66 -1.25302899718189 6.296134136205976 34
67 -4.71769386415305 8.734661036549731 42
68 0.3159330743538182 1.4776487311984894 166
69 -0.023207328604592542 4.567891670877734 70
70 -4.354033746017624 8.032374429263822 239
71 -3.634376943652369 4.994205974559284 51
72 -0.2878240675936552 7.874924269776349 174
73 -0.04391422146868928 7.461845108130092 240
74 3.328306760261687 6.526594097555201 12
75 -2.3745234008872624 9.69650586257002 287
76 1.5989577914165305 6.172785828203558 485
77 -4.255036156046936 3.897976941239501 490
78 -1.1816347534800808 4.510201124445901 98
79 1.5058525202659014 2.8449308409082605 43
80 -1.9009329585538648 4.724253470155714 186
81 2.7680663999660564 3.1337343184216984 474
82 -3.499850896262167 1.163773782111132 78
83 -0.8409865526243 3.373093831683269 227
84 2.3019628062741626 2.9122184816087877 14
85 2.2084006075827425 6.645874680110208 392
86 2.7635724200459064 6.478873248837982 304
87 -1.6261570866437944 5.258924773817238 119
88 0.35634391040274455 6.081315416154278 199
89 -2.6391838528299734 5.912052353394913 163
90 -0.31016893150517766 8.886037059911205 52
91 -2.5673441726902224 8.339869224800474 158
92 -1.2931345042718618 2.8004040849765888 66
93 -3.289418297502056 7.641467253384703 386
94 -3.5730762895571577 4.079703856711925 392
95 1.4843632175121901 1.6785663793053671 176
96 0.17712501835749273 9.220190741128844 359
97 0.965645936786548 4.708228145654562 231
98 -1.5578426074032032 1.9444736283758601 291
99 -3.05866651305257 7.8781295685525325 257
100 -2.8620086089705072 7.71236960082677 413
101 1.5548231504774106 8.603807219295119 347
102 2.4640449815039815 4.712184927144543 195
103 0.2745584641813326 6.664358753252134 146
104 -4.365455743715482 6.074461470662083 386
105 2.491758683145334 2.8895988351347843 100
106 -0.9616392788269534 7.97073037762026 262
107 -2.7235777514520247 8.936005903297 458
108 -0.30159676667376767 5.061894337067413 272
109 2.7141773627428853 5.9458031029950495 118
110 -1.262007512124024 9.349027564055303 360
111 -1.2709594188996993 1.6760041583862848 179
112 3.008721931348162 6.860093158446588 166
113 -5.477396601419343 3.382242772526275 51
114 -0.9271696171776443 8.61103684005004 343
115 0.18435799641590275 8.315574899191777 184
116 -3.8254815086042337 4.879249688776983 478
117 -0.4483662814703238 4.397537127251018 175
118 -2.209978972214106 3.9229777854069634 143
119 -2.550301680314742 3.2231805433053817 450
120 1.9474566547938574 0.04171969902762547 436
121 0.6815760762774163 0.2198505462803674 390
122 -0.3064307049270899 2.0024350756213174 131
123 -0.23918894742184005 3.6449204442950687 168
124 1.1726527128063982 4.960591560121056 109
125 -1.3123274850836428 6.600495674048957 271
126 -3.385174323372917 4.679566689105453 206
127 1.2440067412628295 4.0793860610453105 40
128 -1.8829218162555106 3.9952921027440205 166
129 -1.520214609403653 8.179990184410427 340
130 -0.1916804722033638 3.9312830520961706 85
131 2.191489243864727 6.904076370809963 63
132 4.128610499189027 6.814636930478505 269
133 1.3068490501193992 3.435517604426533 362
134 3.5832676266838717 4.951115000148482 241
135 0.10115795696659036 9.756219397532506 38
136 -0.890375044593179 2.1558156335825687 495
137 1.1251084332506767 6.899632094481553 455
138 1.9654626813221017 7.031119888606236 297
139 1.9923894765830408 6.660549841487801 1
140 -1.7145985673692414 9.048066046493759 175
141 -0.31511977670240565 2.3649604980405297 225
142 -1.249147790177711 5.1827974165682695 271
143 1.2895988640146276 1.1145451143253584 122
144 -5.080131151328123 5.535810133897485 358
145 -2.9037577976424642 0.332057370559959 17
146 1.0199766321320065 4.4094043011579656 371
147 -2.835379994486065 6.738919231803464 423
148 -2.934579978270782 2.9047692460650714 2
149 -4.5244074595489625 4.830575275427073 481
150 -1.6520233937841824 2.385368050983215 499
151 -4.54816964939718 5.493283707037042 144
152 1.0254320155682362 5.1605860088707605 373
153 0.8578807892421803 8.045519613930363 195
154 -0.7128306515934598 4.643926271023774 433
155 0.7306548774779456 6.905633186103883 295
156 -0.08954125579163454 7.524893756588465 106
157 1.328434171628054 5.360036333113396 400
158 -0.9834514764087895 9.916065754725627 133
159 -0.7484045656750337 10.013556156501757 233
160 3.8352851860331576 4.119831812238532 83
161 -0.6498156279913057 9.75169161879611 99
162 -2.3586841750562644 2.030761236935136 438
163 0.22058994335094936 2.88437136275235 51
164 -0.5694290843435825 3.3812671624600266 91
165 2.7387915333981874 6.091531288921444 166
166 2.01595697489583 5.063818628388837 305
167 1.955402215059018 9.351495311999352 106
168 -2.2851407706352855 1.860898962701367 417
169 -1.6680545138850862 4.984443442572821 236
170 -3.709267602533284 7.935566822211299 150
171 1.9676702541003472 1.9089201924162988 397
172 1.980955706598777 4.62546325097624 422
173 0.17011419969295355 5.852746372480386 470
174 0.9417161499260864 5.953671751712859 107
175 -0.6191619874443327 1.5094842958553625 357
176 -2.208546642938061 1.3040608818335488 284
177 -0.498972436493885 8.911445527527478 455
178 -1.2601363572109698 0.6528723541027739 143
179 -2.8057713466557606 2.8413219546297834 214
180 2.4178240422334474 8.056978172445428 87
181 -6.176562013235253 3.6853534510566646 62
182 1.6623646154093974 8.172075369432779 282
183 -3.3005590801166527 3.1108704396850064 350
184 -1.5276142324830135 6.090870254759247 351
185 -2.3647179651029595 7.132659653058995 323
186 -2.9533782990068014 4.70176061670865 102
187 3.202883233826564 5.945105179657528 269
188 1.7170134017011507 7.032454019380583 301
189 -2.233077818235455 8.19135266131075 433
190 -1.9928943040226021 3.5872899611834295 31
191 -2.8101967857992274 2.5146076447147676 241
192 0.6921052946055333 5.528803651525888 388
193 -1.0814009151042305 4.742101086982945 335
194 -2.2050377533241057 1.6546250436661523 174
195 4.402551546126055 3.1932540960341624 79
196 -2.9569075141575905 6.525257178951723 419
197 -4.573399044582289 7.544230403930642 380
198 3.3846379575071968 5.4464078213742315 39
199 4.290463070267093 2.447354434313756 337
200 -2.143902262113721 5.929862685142255 140
201 -1.5137461204373817 4.664176215066073 83
202 -1.591943502645372 3.804281645593864 67
203 -0.693432835899131 9.402334441745138 275
204 0.6740709331304303 1.807035637347671 377
205 0.28013243149094974 4.12719888742586 428
206 -2.31598968716551 9.197043072123614 272
207 -0.10088565442507698 0.5412637820451132 9
208 0.43729274797874984 2.63847470445029 255
209 3.8663775067662125 6.172513266162363 418
210 -2.316146901499273 6.468362529505057 256
211 -2.607608149594581 2.35558825221424 103
212 -4.018319415818071 3.001771260558371 46
213 -1.8390956556503022 7.429902589102444 354
214 2.382048466371345 8.65244342538444 467
215 0.7982312738174838 9.08222380928445 239
216 -0.2814192390883204 2.952204657402197 51
217 -2.875740998828646 5.6827657444106565 194
218 2.7137233384067474 4.242440382221652 297
219 2.0209373697512505 7.216031005505234 421
220 -2.5095105708920227 8.408094461086392 343
221 3.082069233499727 8.279045376702866 275
222 -4.77658878490903 5.809165721875328 57
223 -1.2310584949686836 7.902474227833024 115
224 -2.891551228466597 4.043898050730717 218
225 -3.918441364885748 3.835471748802592 266
226 1.5011854245295315 4.447136904394346 167
227 -2.606797650017403 4.57338557204328 76
228 0.014868557491069329 5.597664364025678 30
229 3.8314472781521784 7.675748577501537 227
230 -1.2976909955340175 2.4182137170026454 98
231 -2.1048432600941216 5.7255233952335844 175
232 -0.3947220096565105 6.715830451917609 98
233 -2.774425083453929 5.424346047583953 322
234 -4.313089489128456 2.485091394709318 432
235 -1.7988151620205917 8.889892929887958 251
236 -3.802928000403556 6.607881206218132 297
237 -1.7172014339341328 2.0650227177812077 283
238 -1.3190662804402968 3.422374162206962 377
239 -4.052949058998381 6.492781466902544 93
240 2.0571549613305953 4.194490381927565 210
241 -2.536435887439394 5.053864706379258 335
242 -0.6388342279638429 6.888692552854936 67
243 -0.9747987210058722 6.847833717841742 316
244 -1.9905873847426285 6.291128897623514 185
245 3.0203970598477166 4.482473162925406 194
246 0.7775374174901681 4.642718299817021 387
247 0.5105611879655358 4.678229371821392 144
248 -1.3763793335090235 6.9521708484411375 364
249 -0.18720820628517038 2.841300651930528 126
250 3.049316082559789 3.8573303959022684 222
251 -3.2471801607948194 4.809135911232283 172
252 1.3381056958587543 7.310520035507039 381
253 -3.0631834804016997 3.3380205600365414 106
254 -1.8769850365324403 9.477056939603806 173
255 -3.7653500143267666 6.349265750446429 126
256 -3.1448122903298565 6.030726561456153 31
257 -0.6374749488152335 5.334257837978591 490
258 -1.007697537425506 8.978236159213145 127
259 0.15782433402749813 1.9770318285089774 272
260 2.9494867699092686 2.4600533678313874 193
261 2.7917639840792687 4.904642628213659 348
262 -0.08454491307313505 1.5590273401808274 198
263 -1.4290846203408807 5.665367698994412 63
264 -2.5771009816626695 7.808856801463905 141
265 -3.469118177785078 8.724908616347278 355
266 -2.0102721201536307 5.496052097795282 119
267 2.793878400141092 7.334837954975017 316
268 -0.5433220540610276 8.202923061196996 160
269 -0.5878190270601688 6.034559418774578 389
270 -1.2664576228467408 3.675004433385117 269
271 -4.40418889168328 1.8072414735832343 131
272 0.5615748276927554 3.0564427650162402 5
273 2.5083348114637634 6.387738280763737 286
274 0.46554151114146924 7.236373919244108 372
275 -1.0630237922287888 3.8785219059400187 370
276 1.162230916117304 2.8163431599032815 41
277 -3.2592497407013283 5.795905887596386 290
278 0.0006014132159588574 2.2207071696530725 59
279 -4.936381220026712 8.035680126052679 267
280 -0.8281962603212465 7.89725311169153 361
281 0.9255993274220894 2.3275577453107124 438
282 -3.8001399862459957 5.508393553822469 109
283 0.8195198928252704 3.2726459226611193 13
284 -4.929421911574553 3.8218485166289784 84
285 1.2197971227456557 9.214583596755618 26
286 1.3996769973765244 7.100089638507534 226
287 -2.326779813194013 0.0854865308243512 264
288 2.781575564449398 5.52889723865369 359
289 -3.6238326848087303 7.189469965649639 155
290 -1.550048680402481 8.061416199109823 28
291 1.4066423141094255 5.613028147768426 440
292 1.048167943469139 2.316234812174283 411
293 -0.6068726671231808 4.126322441213761 387
294 -1.2295198425729363 8.660856183558192 433
295 -0.388941310442533 6.8785399828893405 236
296 -3.721961300250818 3.6098479704470363 67
297 0.623733630510278 3.658160074083878 158
298 3.237084021267684 3.1461160577109615 494
299 0.6748571660746914 10.025783305924227 308
endpoint1 endpoint2
9 173
136 194
62 201
93 289
103 156
29 70
128 244
56 273
98 148
76 88
45 61
219 286
107 185
57 246
126 149
151 233
185 231
53 133
179 224
122 204
76 192
11 41
139 288
65 200
178 262
249 297
169 186
162 191
125 173
100 129
12 245
106 232
7 134
1 219
126 241
99 294
76 112
18 31
143 208
163 292
92 179
187 291
51 157
110 254
138 280
40 124
256 264
15 187
65 142
218 240
31 33
19 136
185 189
3 77
135 140
63 130
196 248
4 99
88 192
117 216
132 221
10 100
94 238
32 82
33 211
184 269
175 216
45 109
85 182
193 251
64 263
101 221
61 187
223 274
51 262
198 288
30 106
29 239
147 213
156 248
72 246
0 184
60 73
81 84
197 222
25 286
203 235
253 296
142 217
146 283
23 130
1 156
106 189
128 296
189 264
82 271
44 236
24 35
46 58
69 123
192 193
159 235
110 299
132 134
97 205
85 261
99 197
222 251
158 268
87 190
83 127
115 243
37 299
233 277
75 265
74 187
47 177
216 272
50 154
13 210
98 204
2 89
272 281
54 188
117 146
73 173
252 273
148 150
89 210
5 198
67 170
225 241
150 176
10 24
46 257
209 214
210 220
79 105
21 205
58 88
5 138
254 290
119 282
176 178
20 174
174 232
54 62
112 138
171 276
6 76
128 238
147 241
210 241
120 143
152 228
244 266
23 295
43 266
172 174
97 208
239 255
29 277
243 248
104 126
7 133
165 245
117 142
90 91
228 243
26 105
64 240
22 264
66 89
58 106
170 189
1 180
43 228
11 267
97 247
16 265
127 133
243 290
68 281
4 22
23 193
78 130
228 297
59 149
11 34
81 127
36 58
83 162
250 260
5 219
72 177
259 293
70 265
30 90
4 233
70 170
142 242
69 88
45 188
116 284
1 167
87 263
29 144
166 174
244 248
186 256
119 150
59 170
201 237
153 203
20 108
74 198
200 255
7 69
123 133
93 196
6 135
126 148
181 284
87 227
6 153
156 258
68 121
69 117
28 283
22 156
179 225
84 272
122 207
103 269
46 248
212 224
42 56
157 174
127 291
247 269
14 130
117 173
31 253
210 239
98 136
66 213
60 214
147 217
92 283
16 217
44 106
175 237
55 191
23 202
107 235
200 289
93 104
91 147
11 47
30 274
124 293
51 275
17 170
66 87
148 234
80 257
54 242
133 281
230 237
5 97
74 188
68 230
47 180
16 125
83 190
238 246
142 164
137 291
2 116
125 213
38 54
238 278
127 166
127 261
51 292
140 268
153 155
96 101
41 286
4 31
55 141
75 140
8 218
216 276
184 233
28 133
176 191
94 277
268 269
77 113
39 95
20 274
99 206
55 83
125 200
149 296
119 194
100 282
199 298
77 191
122 249
44 244
131 274
279 289
3 49
34 38
130 136
177 206
246 288
158 161
278 283
48 273
76 226
39 218
114 290
189 235
10 280
240 283
40 200
79 164
39 171
20 270
24 29
82 162
128 249
180 221
55 117
21 76
62 153
23 231
131 229
48 102
87 243
28 146
45 115
35 186
290 295
69 169
241 275
227 236
122 163
109 240
184 185
139 174
173 286
212 271
87 293
159 285
164 275
14 275
117 193
108 154
42 102
13 242
130 226
69 257
122 230
38 85
51 79
58 129
133 172
42 204
75 161
110 213
154 272
68 95
34 219
46 48
240 298
118 123
63 275
1 45
43 125
119 270
111 211
39 86
115 161
252 294
78 293
97 173
91 170
186 251
206 254
57 95
22 177
169 200
77 144
3 18
100 140
8 208
80 231
263 277
111 216
34 267
217 224
40 51
202 257
15 105
202 253
31 230
188 285
48 137
18 71
165 180
71 87
0 183
174 252
103 174
155 257
98 211
78 269
160 198
36 90
37 219
130 152
157 188
54 215
30 215
14 186
27 158
51 141
208 281
145 176
12 23
1 30
45 182
116 282
69 108
52 180
168 202
63 250
86 101
118 233
131 152
34 146
247 276
232 263
114 242
42 160
22 96
73 129
13 291
84 245
28 105
90 101
219 267
209 250
80 83
108 169
43 269
42 298
126 233
48 66
150 208
123 205
30 182
2 205
43 154
79 260
69 163
176 287
45 49
80 256
28 249
41 268
124 165
25 61
33 196
92 227
183 212
93 235
137 156
116 233
195 250
234 284
142 266
0 117
29 170
274 295
5 218
38 184
50 210
223 244
26 146
60 235
50 280
33 251
220 258
78 224
139 153
