nnodes nedges type
300 500 graph
nodename posx posy weight
0 10.507535218263405 -6.648036596805103 383
1 12.004023330313881 -3.9782827437365573 469
2 7.09835079990088 -4.680270230879388 4
3 6.96191127145213 -4.008478523179562 172
4 8.61541613536077 -6.060317140910791 385
5 10.887750172833382 -9.495064046018037 258
6 10.137574730853407 -3.2685044449290377 354
7 7.40645823200991 -6.01344800861934 214
8 12.162168701702738 -4.427386908011823 433
9 14.893714002542005 -5.3114235240400145 453
10 8.022346522217427 -7.627032186740738 364
11 12.095013798909381 -6.269985479602988 115
12 10.68376952272804 -3.5391463824043092 98
13 10.585522113629853 -7.423504289677889 172
14 12.185479917497094 -1.874223361568404 254
15 9.778550373628134 -2.0330492076121622 129
16 11.40888067131045 -1.943301671380248 99
17 13.451723845407187 -6.81130545081801 331
18 14.84421592011867 -5.568824451875084 494
19 14.156333368965507 -3.8244121901717865 467
20 11.363223518568589 -2.693125602115413 295
21 8.389207689298818 0.5028007860082787 398
22 8.676155873608854 -3.0347882063718576 358
23 7.640433771655263 -6.7143145827709 177
24 13.447935764430586 -1.7435562817407468 397
25 13.489694213900323 -5.938890795484562 220
26 13.466608572672994 -4.9440399943664906 381
27 10.187571246078134 -8.745855648781875 231
28 11.750909407896673 -6.543009923750146 286
29 12.93003646335326 -4.3706291492184866 121
30 7.197822323148244 -7.27161946679409 336
31 9.923526488994513 -5.0462219234833725 413
32 9.52048262309832 -3.1152577991372055 389
33 6.38571568593723 -7.059354157265488 198
34 13.011040366108178 -3.37203539554869 373
35 10.902774458130077 -7.596787944040627 381
36 11.249492109954867 -2.662363208000752 247
37 14.481856398339076 -4.038494628287796 12
38 14.203588180413835 -4.001772971639693 420
39 11.552801317898405 -3.228688769821307 137
40 8.15040172121007 -4.646429025314293 288
41 8.271793607843982 -6.3090123969380345 451
42 9.72683806687018 -2.5829059459564547 13
43 9.037531294020813 -4.524898352241493 24
44 10.02031170521981 -4.330943891529508 116
45 11.160003078265055 -0.5275635782217439 350
46 10.228002526350398 -9.053523826042632 214
47 12.312057996020485 -1.0326720745440048 175
48 10.906039099222355 -0.24079164216620783 266
49 10.009969733707475 -1.8923381531342274 44
50 8.72064004985697 -5.729333052473326 73
51 9.53953615995086 -5.171345950371117 96
52 10.568936706820933 -0.961209760744378 430
53 13.43894055825319 -2.8955234017046476 354
54 10.425626251332924 -7.1829850826065655 82
55 11.91204317232278 -6.3676913389731205 159
56 9.77125517227275 -6.605967289219366 217
57 9.236294167825593 -3.5835078323267817 457
58 8.544101586828386 -2.8914789442141635 338
59 9.173209530841048 -0.9425539947765529 417
60 12.742980461290623 -2.9530180874908427 437
61 9.752332422165363 -8.119088117974302 299
62 8.086308848805933 -2.003349428876215 338
63 10.837111279023144 -2.090638428197802 262
64 13.38120872742778 -7.453939855999932 336
65 7.461362380521488 -1.5206626320223902 10
66 6.910918128596534 -5.594505137149869 398
67 14.214683301218855 -3.375788527470605 462
68 15.623974407100897 -6.487567556368515 113
69 8.372855138415312 -6.416364579467346 230
70 11.482161644498962 -6.333028472545411 392
71 12.611312159368433 -6.4576557082295665 280
72 12.823190785088906 -5.644033326028755 380
73 10.754497070762339 -2.8964647073940255 129
74 11.475013378829283 -5.316256860791184 127
75 8.008989927996325 -5.278907940568409 161
76 7.2663165700760874 -6.212108406420303 84
77 12.056142399489369 -2.098275073166317 106
78 9.488916439436855 -4.770529059845792 399
79 12.618459272738267 -1.983913914665659 257
80 11.512879424966268 -0.253823594628374 422
81 10.145973306646138 -5.6580397380494185 131
82 11.158569774594882 -5.682625018856361 214
83 12.425536291636128 -7.125000025457886 198
84 10.182760018916431 -4.281901893102548 357
85 7.910799017199472 -6.145737905482443 476
86 15.65615470858876 -4.8200430287223135 215
87 10.259030021654398 -1.5660834286868954 497
88 10.441779100229583 -7.3838319439041875 329
89 12.399913322358616 -8.649680192832392 205
90 13.133569906250639 -5.531646606196662 387
91 13.563726713644547 -3.9833185874196517 57
92 14.807811736684862 -2.6673336998423585 302
93 11.190444760876233 -7.462513435696395 430
94 12.012005313493516 -6.951816431196279 371
95 11.825581755850665 -3.780114625135849 140
96 6.961367668757111 -2.857314559177692 140
97 14.047658259138045 -4.6409608931911865 388
98 15.190441229796185 -6.974452796514282 18
99 9.805426860704848 -5.86430790937265 90
100 7.590495559987594 -5.256276522592131 178
101 7.463757381811973 -0.9179111096773898 92
102 10.525589358380092 -5.453586009116068 372
103 10.62520965801529 -7.963174528183199 180
104 12.342603956447176 -3.6443324309260103 443
105 11.374480043506711 -0.4729317920489985 442
106 14.80544397869586 -2.8074244335242193 186
107 12.383345239798627 -2.5492683117231842 14
108 9.599775095797957 -9.407437285521311 483
109 8.585499552412037 -8.19077431962885 476
110 8.658449707257178 -7.414301792771704 294
111 10.440096034878154 -1.3361602062772848 441
112 7.694821102718415 -4.932614602285283 260
113 13.806548296876647 -6.9760664452816865 366
114 11.434919676650024 -6.754689141021035 125
115 11.827649598075409 -2.5513685588180466 451
116 8.804650748625376 -7.571203555716078 207
117 11.142867320030062 -8.048099175964428 452
118 10.40741739554639 -3.2998023590136305 60
119 11.556654921931031 -2.911771418635034 110
120 8.105934185573862 -5.521952489535748 245
121 13.029519457077994 -6.2576923889775316 73
122 13.670427863727802 -6.417795412430567 497
123 8.073273921395176 -3.9881326180713375 323
124 12.726137892395808 -4.729759857128283 100
125 15.06657406384741 -4.9409147658401915 500
126 10.91369133568811 -5.13960757913383 238
127 12.811250501571138 -2.517609341936341 357
128 10.662944592298363 -3.9112760706779874 140
129 7.5109813989506815 -2.5798369825276035 266
130 12.685990987175384 -5.191118375735487 349
131 11.060963656794147 -4.914357225302394 466
132 16.713514684400813 -3.7082689069926955 269
133 8.788711459795415 -1.7054001521264301 134
134 11.764959291864873 -2.023353040720097 494
135 10.02707466824011 -0.8924634777518664 290
136 9.905710283302914 -2.0829942932292136 318
137 13.03394963557776 -3.792986892043273 491
138 13.841157954804798 -3.080201444486356 193
139 9.342228149731758 -6.380620232269715 260
140 12.225802457151953 -7.710716785397052 380
141 14.80992659341513 -5.957635127400447 232
142 12.056831931503092 -5.057493555113642 268
143 13.852163027572553 -3.939105980308012 259
144 12.108827035294293 -1.5328949142066333 364
145 12.599049170140212 -7.9248746373955266 211
146 9.818823321268113 -4.628995232791646 401
147 14.247179626406634 -2.066565352646876 417
148 9.869130688728042 -3.1258627358131656 351
149 8.333832822696419 -4.552697978029312 149
150 10.943463954386544 -2.2788203309247472 248
151 8.776353788983167 -3.3447993298307774 429
152 12.280683582592333 -1.4043469622017497 77
153 8.756568032775123 -5.3700760926460935 335
154 12.458331454123662 -0.7997893483403036 291
155 14.253132544518149 -2.750683577776074 32
156 10.688216541179314 -6.500387289437429 68
157 9.308508124687524 -5.168355173147263 355
158 10.607190559743064 -5.1548291941939635 225
159 7.438639525251384 -2.892308276057727 187
160 8.493796810894764 -3.347610482389042 101
161 12.2800459698974 -5.780735514459733 461
162 12.05558649082599 -0.07730042474852407 84
163 10.970192393206151 -1.4396985908745563 274
164 15.425968354193506 -3.745906063314473 103
165 8.852483584403862 -1.3961580684806658 37
166 10.168688258099037 -6.486126922615175 469
167 13.298875577700784 -1.150937624792828 38
168 9.760206163679454 -4.228070685566981 318
169 12.679364815684524 -3.2770982066154386 225
170 8.39306658357653 -1.1840593401595032 45
171 14.261395366109682 -6.390772977847103 295
172 10.270110262012475 -4.931382122498148 205
173 7.887922033693057 -3.4113241229654476 27
174 12.212840849675217 -2.6828670255411486 327
175 11.109167849084377 0.8409374882833025 465
176 13.859670751416143 -2.2611743963402122 435
177 6.636333102936745 -4.763570548404268 257
178 9.126023827529218 -7.859509173543559 128
179 11.337798159592232 -0.9185850359672633 62
180 7.907858477796301 -5.787218012763366 491
181 14.789172503970738 -3.2619985493511017 12
182 11.369035452936348 -4.079313751683307 2
183 9.092034905237524 -7.648207019296697 194
184 11.410249459207984 -9.238129517073057 223
185 9.415569961791421 -5.858784552586789 499
186 13.158579845813005 -6.98823664115977 2
187 10.325619067952207 -4.320862131118148 205
188 10.975747374378082 -3.36789675395846 461
189 11.890827955003084 -5.3036259625092885 119
190 13.667438273735945 -0.4178126814186836 92
191 10.812807711904187 -5.604008491196678 489
192 10.038054324615736 -3.0778502015424283 101
193 7.536240477971276 -8.133750612397435 93
194 13.964801287669223 -4.687946581539163 78
195 10.184063279078984 -7.091901350575875 227
196 7.275503802580617 -1.9261918493072385 415
197 10.630003975517484 -4.095805179640355 280
198 13.230637800548912 -4.2069073227753675 225
199 8.04752460867172 -3.0321975193773922 393
200 10.396171313579577 -5.613186122230056 433
201 9.16849901480947 -0.5659550034938298 36
202 13.936451831816148 -5.641922438071709 28
203 13.644794425287369 -3.5916255961665873 234
204 13.949521575067092 -5.221325368884418 442
205 11.975116986955582 -7.850454111041948 350
206 10.014147011415831 -2.29194793740611 269
207 11.254560433557504 -6.74182563304044 282
208 9.418170545884369 -7.482500741436361 34
209 11.59946245440841 -8.22653571795726 238
210 12.939265654922856 -0.46760048318829706 318
211 9.361673110424066 -4.7170186862257255 11
212 15.62518605546429 -0.9590839408138246 498
213 13.836354548852665 -4.233524113507736 417
214 10.933678846667128 -5.986762680013463 200
215 10.421091571636019 -2.6852039933718603 217
216 7.969965162084343 -4.830941106993065 216
217 11.490773807660089 -5.134870788698311 284
218 15.175537640814788 -3.446502196390956 471
219 11.029935143884318 -3.8972234647144606 228
220 16.102554654536643 -1.7265221780541653 435
221 7.483202316218558 -3.801458532866575 50
222 13.744433298497034 -1.4509609878722205 459
223 6.980603799766829 -4.51804808209343 195
224 9.156946571424795 0.7488810380539543 495
225 7.962228363151095 -0.4690476716238075 376
226 11.140079999347705 -7.105728981479646 231
227 10.931654591137278 -3.0418517511265604 424
228 5.964334122489957 -3.7985031686022728 486
229 13.310451586644247 -1.8343888867416 284
230 10.508547858739453 0.6140138431952136 255
231 7.597464314307807 -0.05296810042627733 494
232 9.554908252331513 -6.9462788161026925 463
233 7.425899400967591 -4.278890442813123 113
234 8.765530699242436 -2.513050870664212 50
235 7.735992152502861 -7.2983741242220095 257
236 14.72828120757625 -1.8458473464270406 124
237 14.35769320600396 -0.5423633223950397 189
238 14.034350655937663 -7.523474884500506 72
239 9.148900384731833 -1.8953955434675562 84
240 13.330860624768722 -5.9758911682477045 164
241 9.58477063364409 -2.4009907513903057 429
242 9.077963401471173 -8.328103839527191 114
243 9.39347744286739 -4.585020743838091 436
244 9.384508439188872 -4.14117362876167 221
245 10.649456464817867 -1.7431309777412716 276
246 13.843456525857935 -8.062490344394883 2
247 11.194923429894443 -0.08915428740290603 446
248 15.539703976894083 -2.5092962957055382 2
249 13.253969332549781 -4.629191456688687 319
250 11.48829912235379 -1.5572699362364406 114
251 12.294615181530794 -7.33953764440109 68
252 13.160891436513912 -2.427328129510266 193
253 11.666258038292739 -7.196001811397432 489
254 8.650152039254868 -6.476133226317786 498
255 7.309325658242725 2.470173310226567 466
256 11.808874430695111 -5.044681779747167 330
257 11.688345230689064 -4.85160715132542 221
258 8.911459230655366 -3.9193913842559374 413
259 8.536844852084544 -3.614449847019115 149
260 12.696964667534042 -3.6285242222407272 89
261 9.130669220619366 -5.590425790389277 350
262 7.874224690753408 1.5481053718288549 56
263 11.436844978395845 -8.548854673602266 311
264 9.456852431036646 -3.649852335836293 341
265 10.147904848825345 -2.599747897159494 146
266 8.252753315980174 -0.6711196737132917 437
267 7.315336198631063 -3.39616738510958 3
268 13.250614219613235 -6.2344802812291595 93
269 11.412328365970248 -3.9647159992196492 121
270 9.055491173843091 -6.488692274211209 360
271 8.950831088341278 -5.183074879386707 370
272 6.997961129404371 -2.547871575126468 418
273 13.492642875953536 -4.218564525554205 159
274 9.084160286843366 -6.3557650324562 77
275 12.740533525570578 -4.506882091420408 107
276 12.411495738123053 -5.542664619937502 85
277 13.181573384170145 -2.8559319386927617 317
278 7.825484617176033 -2.1167879548527027 47
279 12.93041354733198 -1.724773998107758 169
280 13.127723759001993 -9.085742138914616 176
281 13.341663586722367 -2.3741182586624605 352
282 9.951910327337265 -6.099974163376962 7
283 13.430504329300826 -7.808064586498939 313
284 10.322225977705422 0.13321885762646876 429
285 12.827018965536833 -7.8342986028458075 127
286 6.219912759402678 -0.9941700733666682 464
287 14.007802653745044 -5.9941559065369745 353
288 8.76831834251805 -2.8057071398520033 421
289 12.82354539731635 -6.920010476784747 226
290 8.78753918499832 -1.1055769206466453 135
291 13.122554373463682 -3.9083586965072463 105
292 14.355555627718235 -5.92513201095922 207
293 8.642015709805053 -4.323459357193283 22
294 12.883315328615703 -7.622339115896783 486
295 12.672510255710467 -2.6927074123562527 228
296 13.612154950835372 -0.9735604432409953 56
297 8.853661355065304 -0.30563183388277365 117
298 6.218335284197664 -2.95083550125055 475
299 15.781597306387885 -4.360496938306036 63
endpoint1 endpoint2
72 205
81 93
151 206
18 19
173 221
115 215
128 259
1 227
47 119
246 251
78 120
181 222
81 197
267 298
106 299
35 214
115 144
39 275
10 85
78 282
20 169
118 264
54 61
22 157
34 79
151 199
1 194
165 201
51 200
31 200
200 257
30 69
4 216
17 202
49 170
159 165
136 234
131 253
97 257
234 265
44 264
128 182
152 179
25 171
8 257
264 288
11 195
138 248
94 145
142 257
110 271
15 201
119 187
187 214
201 224
27 110
123 146
276 287
51 100
73 136
42 84
82 191
149 271
106 295
37 273
108 184
32 49
43 282
16 20
113 186
220 236
36 192
172 256
60 229
29 252
157 243
129 272
161 240
91 115
14 38
145 280
43 244
94 282
82 99
56 146
203 291
51 197
16 154
59 133
158 243
197 257
15 197
143 204
152 296
75 261
114 209
137 279
19 67
55 102
70 186
74 137
93 251
216 258
143 275
104 229
127 198
45 247
176 249
96 288
150 152
267 293
9 98
34 213
67 97
190 279
63 239
48 247
110 193
12 126
73 260
104 198
39 118
122 213
73 219
124 126
78 261
36 219
150 206
43 180
72 82
12 43
31 217
54 70
148 245
103 251
69 211
177 216
50 166
148 211
168 293
146 173
141 186
153 185
267 278
0 172
17 289
102 244
152 162
90 275
164 203
233 244
28 214
56 270
43 58
199 272
54 200
17 186
117 166
207 251
19 34
63 277
20 148
189 214
202 238
40 274
178 254
107 167
139 261
187 271
88 102
134 281
83 89
14 47
66 120
182 276
95 203
3 151
78 187
82 114
115 279
119 295
28 83
253 294
16 48
177 233
64 83
88 208
72 138
40 234
7 185
1 146
133 148
163 265
69 232
39 227
82 269
160 288
122 285
58 221
174 250
166 183
31 151
142 188
7 33
153 216
4 195
28 217
187 192
87 150
79 245
111 284
98 246
58 206
12 77
77 252
54 178
13 71
70 139
83 145
64 71
277 291
41 75
208 282
53 107
65 234
50 274
166 207
81 274
41 109
122 251
153 158
32 239
180 235
29 131
67 143
34 147
63 80
227 264
44 189
95 158
203 275
168 271
150 163
124 260
127 176
52 188
207 232
39 265
78 185
58 278
74 121
44 293
53 169
187 241
112 153
77 127
51 244
196 234
128 150
51 166
240 292
138 152
94 113
9 171
27 209
153 180
92 147
44 149
200 270
183 235
67 169
50 211
55 90
239 297
189 291
56 214
6 243
38 292
114 217
1 26
84 107
175 284
120 270
63 258
84 200
148 197
86 97
128 131
147 296
150 227
195 226
109 183
156 158
61 232
97 218
77 250
8 276
8 169
90 287
9 273
26 240
26 121
55 83
53 79
76 261
21 201
1 295
2 50
32 78
18 113
168 211
161 198
20 144
105 250
36 42
75 293
132 164
19 260
73 188
24 260
16 182
88 205
55 207
81 172
107 155
21 262
3 100
53 249
36 135
158 161
41 84
102 128
160 241
7 112
68 292
57 172
34 130
83 161
15 111
62 173
216 221
137 213
256 275
99 168
91 125
146 172
71 204
179 241
207 263
57 258
60 281
236 277
156 191
56 242
108 109
25 275
172 243
167 281
189 289
82 157
135 165
24 237
155 218
71 294
156 226
9 299
32 73
145 238
11 240
104 217
255 262
23 261
143 277
73 87
140 209
48 175
71 142
49 265
77 163
2 129
64 113
244 265
131 211
96 298
145 205
105 111
82 226
166 191
129 239
0 70
59 62
133 225
65 286
34 36
212 236
13 185
190 296
140 294
126 185
14 49
136 290
92 203
168 182
160 243
149 259
37 277
96 228
17 251
6 174
70 249
57 148
77 222
125 292
213 281
74 261
4 232
37 141
239 266
11 257
88 226
130 207
145 209
136 250
254 258
60 182
148 288
8 273
91 130
177 228
226 285
89 209
134 269
45 63
116 282
179 210
134 295
101 133
117 283
154 279
59 111
194 204
112 139
103 274
52 230
44 188
199 264
182 217
278 290
87 165
223 293
140 184
191 219
189 268
111 134
111 265
170 278
8 197
137 155
25 94
168 215
4 40
170 231
118 269
22 136
29 90
171 268
90 268
30 193
202 260
13 46
20 95
17 171
57 123
176 210
74 191
174 273
26 181
140 276
10 208
243 293
14 250
283 292
38 204
78 264
52 87
112 159
163 247
115 206
252 277
232 254
85 243
115 127
162 179
62 288
24 144
66 75
159 272
35 114
5 117
39 104
