nnodes nedges type
300 500 graph
nodename posx posy weight
0 2.2756493846678145 6.421156197449452 245
1 1.9163465700327293 6.510536024333666 279
2 1.1294060397251189 7.222099991160524 344
3 2.7693939359179742 7.817161909093806 186
4 7.245146507836818 8.723949693743428 110
5 2.312426637353075 5.718343380207033 342
6 -0.22733251751830516 10.30466417579562 49
7 0.5282074731884627 11.052424134071106 416
8 -0.9681967510431505 7.736230230847672 201
9 0.8848903759601924 8.206521037966954 171
10 -0.9459894981329908 5.638479338276431 377
11 4.136014766727519 7.143567137085382 321
12 0.93322138170628 8.731873121736573 308
13 5.34341681011593 5.065344788174228 260
14 3.3845537946226303 2.1634214481926732 222
15 -1.5516421223202592 10.627581439807088 211
16 2.096088345748231 10.242555961867211 250
17 5.9041529463172555 7.984059084726373 385
18 4.2853032161741735 5.794494116328712 254
19 3.438100355167615 10.92520839434527 346
20 3.1613503966477787 3.9816753354018215 491
21 7.08896545417778 6.468953126653637 68
22 3.73394370724299 3.4240583782717486 87
23 3.830242048075282 6.1797938232317025 251
24 0.3707360197142826 4.922066187282228 49
25 5.4073291825458005 11.062698734785867 420
26 3.2768457722737607 9.479015248765794 376
27 4.572062672281826 3.2524308966185433 47
28 -0.8515245420904428 4.695819475952543 155
29 5.157074743310767 5.462538794340997 183
30 -1.347058444486396 9.307210133242984 31
31 5.91347952790813 7.68068838343543 116
32 2.1614831336869833 4.024918944592081 137
33 5.978118465924862 10.588130495885576 251
34 -0.38460155546985814 5.263312021398422 224
35 2.846361632819586 10.373231727270664 363
36 1.1523526349878956 4.9987605585401225 479
37 1.990559451410081 4.687829937341061 51
38 4.650293241428003 5.419882822140097 115
39 2.861497682552431 5.196907679374915 477
40 3.2677465624795223 7.419257947264253 498
41 4.579839435358454 8.127521929241599 220
42 -0.5554011821217689 8.041525233973001 280
43 2.3465389495288522 8.479039222743838 428
44 5.550903227632345 9.531885759885133 276
45 -1.0974083563627504 9.246815661607174 327
46 2.609378628654927 11.338102338901532 239
47 -0.9460031006561056 10.559462392799132 32
48 -0.37140450275723796 11.447697307897087 316
49 1.3528994555636624 9.060308706832823 155
50 6.719427059888983 10.950391012448362 44
51 3.452384982642685 10.719591562853688 405
52 1.785207957197784 9.685369375304688 340
53 4.303558170500192 9.551175869424307 43
54 -0.4177273694423826 8.873514472467322 252
55 1.210691270931756 10.781070694327314 116
56 0.6245065169883763 9.417189049900573 448
57 1.5434018548705748 8.57631769106193 237
58 3.999688136936324 7.982513164513344 166
59 0.7581832987130782 10.441072675911705 307
60 1.394523694097586 4.864382773364901 454
61 2.612517127685751 7.595282470018748 195
62 0.6624842728891587 5.919461546113571 307
63 1.5056066534461567 6.362899854249239 483
64 3.040224009985619 7.795687891372263 288
65 1.7157506387349777 12.083638436832084 97
66 5.45044312189271 8.664324796270202 417
67 5.135252328985523 8.512622337799723 74
68 5.759701227683124 9.936649664461237 111
69 1.1541869286131767 7.806094464036211 116
70 3.010193755806872 5.482219633767447 202
71 1.4170280607789125 5.916832953377292 302
72 0.5525254268456804 8.817051179157513 152
73 0.7775319753221985 7.329005404661598 459
74 5.568333930950183 7.273152095729536 77
75 1.686107238051655 7.982744897521644 355
76 4.709143433103846 4.379223521692715 156
77 0.8873579912080615 6.795769523282012 404
78 2.4229180365282086 10.565562203215839 108
79 2.1223974179821425 11.106253918128532 15
80 2.206158588089569 5.2384429591914 130
81 0.2782615798686303 6.977904618140458 190
82 3.57607957606772 4.22437751044225 457
83 1.7326372180269536 5.449973393693005 423
84 -0.43010882005829054 7.625093943718893 383
85 -2.3913732176958806 6.876726510982726 51
86 3.1203552443944735 6.77291924164085 428
87 4.924523106106906 5.337682398302334 294
88 6.242232248991946 4.7751448389406566 307
89 -1.3742579240408461 9.57518280747307 62
90 3.749059429665522 8.99967903635589 36
91 1.6420826085135338 10.393738576720889 49
92 4.357017228469751 11.802576136732396 343
93 0.25090993695052927 6.162770996357832 159
94 1.9671558347414217 10.05738295471276 323
95 4.747108749239872 9.077116154572737 138
96 -0.007776248268735713 8.684865441101124 361
97 5.653154397429821 5.2306592327705825 456
98 2.955558112140846 8.187237705415821 282
99 -0.37018094355163905 9.09778482444641 457
100 5.1056351038775345 4.922875909204417 373
101 1.7851027425350905 6.32373392955553 114
102 6.3094761275756115 9.035065679332973 58
103 2.359206257739417 10.0180895869836 473
104 1.9891032360261387 7.9092308807926885 27
105 1.448039420495098 10.13675618657541 347
106 0.618509119209717 10.651825387377743 81
107 1.2972445782175912 11.616673365647712 35
108 -0.6434900120093947 7.450480082473584 250
109 2.504113394190952 7.992466338327593 302
110 2.9601117547570355 9.613579723129412 420
111 3.665522116467137 11.304183729907372 272
112 0.21573374278484386 8.580166439052457 111
113 3.1762726852403973 7.745070674904449 220
114 3.9634219223398985 4.422391709196147 91
115 6.538154935416862 6.254589556942244 410
116 3.9867123868755936 8.21442969519402 497
117 0.11486144632561736 7.381806796178909 318
118 2.2105444296621632 11.5225233728799 102
119 0.7916420890841386 4.273952600282978 203
120 4.415851886884617 11.888902378093553 283
121 4.344932678161215 4.5299712794036475 118
122 4.019227412440564 8.492722074398838 39
123 0.9318753097664291 9.949865363952046 49
124 0.002620544388377533 8.339407179419425 188
125 6.071151608182864 11.697299614482557 329
126 0.01929932778153119 9.593078425716474 355
127 -0.08240009032886408 6.955561376443456 87
128 0.25947964458944167 7.757670542229993 126
129 5.617906683314481 12.59838091327295 290
130 0.4992531423627435 6.551226552044005 130
131 -0.1977474722100448 5.8898557906166715 262
132 0.3940385939218406 10.070896868098234 68
133 -1.2838792248519322 8.722380963553395 175
134 4.43022507133049 6.066351358364737 275
135 1.5270912545021709 4.812696615637108 18
136 5.566067071416224 4.037850654136145 264
137 -2.2301307240512487 7.613642898332715 453
138 3.7874277212599616 10.37427069306586 446
139 4.054760529000382 2.2863845095672195 236
140 5.386313410782678 7.900238981034322 189
141 3.5437952066317053 6.804183990005655 267
142 -0.24391346164672137 9.988627385260724 106
143 0.8443497166645878 9.175723400081202 457
144 -1.3250640264069662 7.324275409646794 111
145 1.9116406303149882 5.247642509254425 45
146 4.437937832946731 6.592366640843968 313
147 4.037918295336635 9.22941879817848 128
148 -1.7717564770533674 6.598428221541998 371
149 -1.2033970129561948 9.004744184489352 155
150 4.502449012411034 11.147965898394286 92
151 3.5710224804767585 6.128584747245556 97
152 2.701015107105737 4.971276794438745 341
153 0.5751747499872724 8.343666880379056 1
154 7.5769979553523115 11.790297579143152 52
155 1.5997850833404454 4.477817478753174 324
156 -2.001340789945233 5.808160246933681 58
157 3.7832774710686556 5.735286559929723 121
158 2.0121189741330014 8.140721118464445 478
159 4.016322034249524 12.533804653443164 56
160 2.747693969048759 9.630189849998338 340
161 1.9023123469736003 10.934263579508858 265
162 6.179592424678753 6.892309065908092 499
163 5.548929017210761 10.293253078104458 374
164 4.896471543386356 9.540737890812393 458
165 5.0485759131267685 7.771785645149326 220
166 2.982345555549885 6.310722219890932 452
167 2.3878850269049057 6.842019375409814 430
168 5.665509994689202 6.648213327323957 272
169 3.4007276600501717 11.675764095007938 383
170 1.722667230796522 8.142062318838233 241
171 1.243472702164418 6.911960263481239 432
172 -1.6262407745917373 7.509621741419648 131
173 1.6188474874548402 7.558473963071273 225
174 -0.09928454541338655 5.5834987107149905 97
175 1.9140160781061621 11.589780833438592 204
176 -1.878688071437963 8.596025281270201 269
177 4.130745858762805 8.936468855570949 287
178 0.5578432229342094 11.635536546146184 417
179 1.9472640978289384 12.961709091931255 481
180 0.9405970217124131 10.561819561095913 216
181 0.909198963295077 5.025962639121037 270
182 -0.923285165544089 10.004980489755994 114
183 4.012968781402317 4.146677801617871 416
184 3.017791474608072 9.340091058227213 495
185 -1.7925269198675062 6.195204492347363 231
186 2.666107961262138 6.820130704792346 95
187 4.576220426981448 7.184919244282908 294
188 1.5348944186955351 7.73189894424688 169
189 6.133250298234524 7.5374489358276024 127
190 6.822354411769803 8.371342803038914 44
191 5.840627760845719 4.001594683944764 279
192 4.338652101652526 6.419672701271163 199
193 3.7899464981987574 8.63998447075438 422
194 3.5784549796638028 7.905685311313025 435
195 1.7618934050384973 10.372365127340888 400
196 3.1212032503829152 6.105419046177844 87
197 3.5595551880242025 8.606470686353733 161
198 2.2526607152745344 7.4419035317533995 73
199 3.0030121079308594 5.032065921598204 85
200 0.613194478119542 7.275757310094415 335
201 2.1615749728801528 4.861075122440444 15
202 4.025320091764426 7.258713446824371 472
203 3.0451283226521015 8.675316820613135 446
204 5.802945395718816 6.002243515077276 231
205 6.851546141723216 7.287862082299415 395
206 4.105503606058931 6.215398582550386 97
207 6.641023295502774 5.648639354884351 383
208 3.918724285045422 5.528073646152619 449
209 -2.0452946036427027 9.284068216280822 442
210 7.4441343926174826 9.349548192248777 315
211 2.5917211821142865 6.124261423129198 241
212 0.7607915838009132 6.1078153053426485 88
213 -0.8378246951764867 11.925232665143747 285
214 0.44672972804932976 8.022946683831652 288
215 7.325442680627718 6.966097373826279 157
216 4.083230358429586 4.689039086168299 50
217 2.150356795912096 8.852487731750596 268
218 -0.07267303661962389 10.738085703093441 426
219 2.2885098039504626 8.336346019746482 164
220 3.28253317214523 12.749715270251443 254
221 4.348703408929019 7.466935473377972 124
222 2.7925671444512323 3.643601977834792 286
223 2.4433806029936265 9.620906360860829 262
224 -1.0765699352553797 8.156847232806676 462
225 2.1105344730668207 9.298790148716906 75
226 3.4734514209817804 5.748517859117705 362
227 -1.7974334788663575 11.417245798327292 282
228 2.874050031885619 10.890162654767108 14
229 -0.8686718634566506 11.123650023245535 327
230 1.915642912351912 7.0411297929938295 492
231 0.28108865440123715 3.927394609361087 123
232 0.4495609812398975 5.871801211875906 300
233 1.0337613969271637 4.841490551850513 368
234 3.2346336855882454 3.835609106850145 413
235 4.9386962037466065 6.268714978581427 117
236 -0.25406220318444056 6.641666094513573 232
237 1.1816360858266854 4.678006619496456 416
238 2.500692419640307 3.9285851918560857 341
239 2.358129859359326 5.963886110415282 110
240 -0.6022658073664423 7.009382984437578 346
241 -0.2716661992511709 9.22760475448386 50
242 3.430596025756694 5.161558822249136 47
243 -0.6437689978191113 10.1527931584528 90
244 0.1213322756232528 5.552019977533752 384
245 2.662830786285057 2.8973693480276106 488
246 3.1560983205645012 10.01919637099253 3
247 4.696048197171787 10.393451832577247 361
248 5.201410285142227 11.401424006582127 190
249 6.966107697409105 4.895117379070517 269
250 5.121945262812888 8.794991520465773 167
251 1.595543965587396 7.032942174199355 465
252 8.35556212130379 12.57809322285791 339
253 1.0295257710760175 5.91822481609871 266
254 0.8724628373428152 3.3795888922316584 156
255 -0.9196416164671934 8.546770479014848 136
256 -0.24148664763888722 7.245879974289307 223
257 -1.2538911553928984 7.781438835402147 491
258 2.337217299682329 10.820303560461076 236
259 5.169542308147277 7.596455585147617 474
260 5.524737463529989 6.694186865740624 348
261 4.896926349251924 3.429832446685456 289
262 3.765591486909389 9.880763348532087 454
263 3.9645775927526996 10.043225336636501 242
264 1.2229847716484794 8.928289440436792 403
265 3.4393765030640497 7.088212252598518 349
266 1.4395942906326071 6.087968599675856 481
267 5.213144951083351 9.534219098191196 96
268 3.62479488337614 9.426888968401455 189
269 3.655650301883915 12.665861310112652 454
270 6.810985415864577 7.50797014708336 425
271 3.178861464992968 8.349017312755842 157
272 2.701517189030795 7.320719942472666 434
273 -0.03200978780329341 3.6518348429458465 1
274 0.6843802589310384 9.754365190259017 379
275 2.5688502899566963 5.383075445373268 389
276 6.68378615097405 9.483973501440964 139
277 8.130717472231265 8.372356733058226 205
278 6.6247907272959035 6.555433205785808 464
279 2.0883089215316075 3.6314235178635834 453
280 2.9291282968035484 11.654815327844675 260
281 1.0907700761245531 8.25425254921685 189
282 1.8251622899520816 7.297730197913733 416
283 0.8862369788696941 11.625059699326124 351
284 0.7755268588320698 9.889885548088936 181
285 4.966135975938887 9.3634441910861 231
286 3.1315253283870454 7.082296891791133 391
287 0.3873234883971924 12.169898114349655 3
288 -0.7546231149709931 6.578066246875906 257
289 4.653868504881785 9.982311508185687 203
290 0.7075170775372378 5.404276717932899 411
291 -0.7752295962929007 5.0857624550657565 27
292 -0.11201278237472964 11.438256962726257 265
293 -0.500837692742445 6.102078114917079 277
294 3.6587529242170325 5.221669206351677 142
295 5.25902408192747 5.802425159308473 444
296 -2.256194726156182 9.930993781350152 375
297 5.228059611901284 6.422369334387024 129
298 2.225902723639854 10.344900962045257 221
299 6.652358490915853 4.22361135034109 429
endpoint1 endpoint2
78 138
40 173
186 212
38 86
113 151
115 215
162 295
0 251
32 155
141 226
53 64
12 59
43 63
127 172
281 282
165 187
35 123
242 266
16 106
26 161
111 258
84 188
2 214
229 283
36 244
153 284
34 144
76 192
11 41
100 206
29 121
243 274
43 69
81 266
87 157
1 170
46 52
186 230
64 275
241 257
87 207
109 266
222 245
79 195
52 158
158 171
54 243
71 272
18 211
59 228
140 278
134 297
244 288
94 118
75 117
72 113
160 195
265 294
44 150
190 205
41 44
99 123
241 284
3 77
92 138
36 174
167 286
52 284
43 56
200 251
5 226
140 168
142 241
31 115
22 76
96 274
33 68
91 263
256 293
11 70
20 27
234 261
30 47
219 251
19 280
225 274
75 251
20 275
48 132
99 256
15 227
182 218
111 159
178 218
155 208
231 291
211 233
132 264
46 51
32 275
98 192
149 229
112 143
57 170
199 238
19 263
201 253
49 214
132 195
191 249
26 263
166 197
75 272
170 264
38 297
124 170
63 239
161 228
37 239
96 106
98 219
64 160
186 206
90 223
34 131
124 288
160 164
101 290
102 259
41 203
185 291
111 248
103 175
128 143
68 262
43 104
244 290
95 197
50 154
55 175
125 248
127 244
19 138
77 117
87 183
97 146
200 253
166 201
158 186
180 195
49 188
18 226
99 182
180 287
12 108
35 118
69 109
69 256
94 280
106 107
25 120
83 174
188 198
24 155
170 271
77 188
39 234
96 127
126 153
64 104
13 97
194 198
0 71
54 142
22 139
268 285
1 93
173 236
0 2
105 281
61 134
9 96
3 246
63 233
190 277
81 288
37 237
82 83
152 183
17 250
41 140
75 112
219 225
149 214
9 54
148 256
109 262
146 272
223 258
203 271
20 238
105 258
62 291
3 116
66 74
8 73
36 151
107 298
129 248
45 112
95 122
87 192
1 202
6 49
73 83
20 245
140 164
33 102
88 97
84 112
58 239
75 173
73 104
150 228
49 110
144 241
160 180
142 218
72 133
73 128
85 224
16 195
131 212
101 141
24 131
83 226
103 223
166 216
116 197
132 274
111 220
135 254
47 243
227 229
171 232
104 286
22 82
9 255
235 242
163 164
0 157
35 197
110 197
166 181
16 246
9 171
13 114
81 236
88 278
16 19
42 137
29 82
157 297
4 68
114 275
2 281
111 169
177 250
109 286
75 217
35 111
123 142
262 298
116 203
32 234
181 273
98 103
152 166
153 167
0 198
9 61
146 265
138 247
177 271
30 218
3 230
15 142
151 294
182 255
12 104
111 269
62 239
116 259
89 132
7 123
37 231
67 276
186 265
5 186
197 267
91 178
79 223
96 176
67 189
33 125
187 259
12 130
55 124
91 274
219 268
72 264
10 93
85 185
199 206
17 297
12 91
20 22
169 246
26 194
118 179
86 196
80 251
81 131
203 225
189 235
184 195
67 162
49 200
41 187
73 143
115 295
152 239
28 244
29 226
30 240
59 126
51 289
5 130
0 60
7 105
145 211
31 147
57 211
54 133
80 121
23 187
266 290
103 283
115 249
58 113
86 171
99 209
208 295
11 141
33 248
126 143
174 257
197 202
193 250
88 261
53 163
31 204
61 186
24 244
38 136
69 198
2 264
208 286
45 296
97 299
219 265
66 263
62 282
9 219
58 289
89 172
127 251
0 70
1 199
23 167
94 173
25 285
108 212
213 218
66 190
21 260
29 205
23 242
165 260
258 284
5 135
181 232
0 39
37 238
177 184
205 210
105 223
8 54
217 224
138 193
140 221
86 188
253 282
14 22
26 271
141 235
207 215
0 145
135 275
27 191
61 122
17 270
51 53
38 100
47 59
58 193
58 285
264 298
70 222
18 295
156 288
40 177
165 194
34 155
97 191
1 237
232 256
17 66
4 215
56 99
15 296
67 217
13 260
184 272
78 143
74 151
168 208
135 232
2 81
18 151
37 196
101 240
19 120
177 247
66 165
168 270
42 69
214 282
78 103
119 244
219 223
180 241
98 122
52 217
45 99
161 218
186 194
11 193
198 219
221 282
16 49
65 195
24 253
75 203
202 260
86 187
101 173
10 236
128 230
57 123
70 279
43 193
144 185
0 3
1 2
42 112
154 252
23 192
103 298
206 259
40 166
119 152
43 147
23 39
131 293
2 93
50 248
141 271
78 79
90 196
81 153
50 210
10 28
284 292
18 204
147 228
101 275
71 293
51 55
98 282
