nnodes nedges type
300 500 graph
nodename posx posy weight
0 -0.051041108290238744 -9.796801952518264 413
1 -0.19688840167718694 -13.43540013097661 412
2 -1.7850062815067953 -13.281439886871125 181
3 -2.5766714250149847 -10.735072897929946 337
4 0.08138065793020373 -11.096098777458057 102
5 -0.6300500690351984 -7.7771161642922815 488
6 -3.6167192543727267 -11.170412549199858 323
7 -3.613792252491529 -11.584254742285538 122
8 -0.06336470644556468 -12.941249926303467 33
9 -3.9972067896002903 -11.178583611144001 482
10 -3.3982785219444978 -9.067514704297876 370
11 1.3311097900612043 -8.069915591732302 420
12 3.81213407645486 -9.819844561013458 482
13 0.6927136843706038 -8.636806940848617 130
14 -2.3506091129186104 -8.380171278417093 354
15 1.5413304352743382 -9.01042111490273 472
16 -4.62365599090036 -9.653808858775392 229
17 0.34020615619115535 -7.858887618861271 474
18 -0.7554273210696066 -11.111247995305545 492
19 0.36150799124348515 -11.70917231712012 293
20 3.392011925362028 -12.035602076704079 360
21 -1.1981201577010478 -11.175628601171162 379
22 1.9252156882386093 -9.537776171245952 160
23 -3.0876224072547855 -7.4651825328257635 161
24 -0.06052573646809839 -11.539288216579507 439
25 -2.19423193281202 -11.624761256158948 254
26 -2.1202669532332137 -9.166527819929682 275
27 -0.27304408140853204 -11.605361790546523 126
28 1.2153494321120986 -11.842145089772313 190
29 -1.519979880259621 -9.45528338290709 498
30 0.6414980131158299 -10.708203549202063 431
31 0.03749983981979294 -12.239440368695957 305
32 0.786321138089132 -7.636699290846125 462
33 -4.247665693115221 -11.445316417718747 427
34 -1.7348111073800827 -10.925655880820218 115
35 -2.598054966114629 -7.258568642663286 325
36 -3.54648493916984 -10.382791485924349 363
37 -2.468465603613484 -8.622847019676877 132
38 1.9925947117097096 -8.584955697577099 429
39 2.378816709413138 -5.953583916744619 252
40 -3.1530844579296464 -7.579032564296051 408
41 2.3836966958817922 -7.231461861938698 403
42 0.5261513409210035 -10.08260564345902 146
43 -2.0413137495504294 -12.890473269037551 200
44 0.7945956841302317 -13.86781511155938 425
45 -0.29618600067114204 -12.375983475572719 215
46 0.08460127236154505 -6.843050973862547 124
47 -1.1814515030482269 -6.643082008110776 208
48 -2.647672566258578 -10.150940106410653 156
49 -0.5295918550926889 -12.32013128078059 197
50 1.684256874579523 -10.356078018668901 365
51 -2.331332642183588 -10.91139224742272 269
52 0.6629487953944251 -10.97410052624973 424
53 -0.08385300488554631 -7.420820973369847 68
54 3.578894483039003 -9.629720408623019 370
55 -1.0601072856157328 -5.829668297958742 136
56 -2.636251394264987 -9.202251411203902 159
57 -1.2815224746531118 -3.2106330936217278 471
58 -1.5203396017898267 -12.256684067480341 190
59 1.531016053325059 -6.204853808655086 52
60 -4.101887973159147 -10.390735094927155 92
61 4.318944866276017 -10.529874617721173 393
62 -3.1773795906300326 -10.01019215497294 188
63 2.3983404050729846 -9.803485019590452 82
64 -2.508732556533584 -9.974882412502675 294
65 -1.4516644518084845 -6.258463918304624 309
66 -1.5280034643833547 -4.569373877684804 309
67 1.3731716378426353 -5.407097891064454 247
68 -2.557365548803607 -8.781028661141367 389
69 0.3495372581355968 -10.80510592234917 43
70 -3.6273086832653543 -7.747464933741122 152
71 0.7569177107348385 -7.135968232100909 346
72 -1.7310549872197138 -10.343723877903459 412
73 5.895907185815136 -10.838188111404158 430
74 -0.370968635372512 -8.26233329206137 183
75 2.526413501731676 -7.64951877703947 23
76 -2.490035301233214 -7.887594236861511 327
77 -0.9116486471546643 -6.62972331373874 351
78 2.9208582633163123 -9.186309303700755 130
79 3.4689345163066583 -11.599279750920608 401
80 -1.8326711617904023 -11.631101194513885 215
81 -3.6117900943682937 -5.988160917627618 70
82 3.2217027436431174 -10.93847313735339 289
83 -1.7650051697088445 -14.972030468265006 147
84 0.9020191567513527 -13.406303885985007 391
85 2.3507019703235894 -5.756225582343647 146
86 0.37651782011684265 -9.486674702935222 311
87 2.201280892810242 -12.139738353693451 217
88 -0.4252105551545145 -14.33658019255895 378
89 -4.386859573859159 -9.645951192105876 492
90 -2.9452780436621193 -8.913679905667433 202
91 -2.152151295942001 -10.64709660105206 483
92 1.7994402785424977 -8.18509445985956 53
93 -1.5960236515845752 -7.622320661748952 329
94 -0.09573124457812289 -9.440862911733408 314
95 -3.2233353644928076 -11.568843648526968 192
96 -1.694008181834992 -8.353884992064517 109
97 -4.047043202223163 -7.443095557416209 113
98 -0.7516984315212358 -8.113265515288358 77
99 -2.643188022552168 -9.550970385480907 390
100 -2.4187009098411463 -9.482625961460357 250
101 0.8976024427924116 -5.055357262988948 178
102 1.6909651542030986 -8.921439802414035 238
103 -0.4164627336284917 -10.2582917644862 419
104 -0.5768813637780622 -5.571172165191918 142
105 0.11275267910659072 -8.807351650927709 256
106 1.0636306276091108 -10.94749390366142 500
107 -0.4218304534707071 -8.962467706348548 135
108 -4.0222612989323565 -8.8245967646986 246
109 2.5202423039191872 -8.249354187474394 333
110 0.587133914533642 -5.843478505997536 219
111 -2.5332843440667685 -5.884685942962498 304
112 -1.6314557103817218 -8.61004986720155 119
113 -1.4179173481597869 -7.39905857348899 364
114 2.681387212667593 -8.928637561588916 130
115 -0.9460255346884632 -4.377795696358323 440
116 1.9961389368299969 -6.672991537714125 226
117 -2.6415357551436216 -12.705085403654044 296
118 0.903385312938347 -6.781025185219762 233
119 2.696537304590564 -10.577925360896925 165
120 -2.7334086147527583 -11.805178303792665 103
121 1.9901007777937534 -8.647700556268259 254
122 2.1603114546081383 -7.189928921336807 296
123 -2.5515862448587527 -12.875263686612149 58
124 -2.1806757854335848 -7.852946798184964 478
125 -2.2402658785104137 -5.982691269935497 192
126 2.1293769329614296 -4.764501872725324 456
127 -0.6264901216135141 -11.414551470837761 459
128 5.1632655258026325 -6.415433559792402 207
129 -1.4623444683127473 -13.768003044046548 16
130 -0.300601861974747 -6.779803804032593 379
131 -0.8130145046848866 -8.48017652273159 489
132 -3.738685928972176 -7.885116443478386 497
133 2.4317537594430827 -8.579976417584463 448
134 -0.2860163895962956 -6.361373565666159 476
135 -0.23698766827659953 -5.235401198105715 495
136 4.621630184477617 -10.66837918732451 145
137 -3.1369317420935166 -7.976237371321512 440
138 1.7012460055955805 -8.009241276081875 291
139 -4.274200721030213 -9.96637259004865 165
140 0.7744751966743695 -11.206672464869188 233
141 2.754866955745385 -6.593938518739467 181
142 -0.44830668969002785 -8.014457394890453 318
143 -1.165258648831746 -10.064162444032762 327
144 -4.075267944430318 -8.496534654990446 265
145 -2.34229720517015 -13.054718348477214 309
146 -1.2725427466261732 -12.969791769811959 279
147 0.18868888150923352 -10.467405554736366 433
148 -2.2964791253189136 -6.64527795307707 158
149 2.890365612945316 -8.658120365868639 101
150 0.33895816119573235 -12.629830801920395 202
151 -1.8282231663805313 -5.306553653889095 230
152 -1.342096384254344 -12.508354103197897 276
153 1.2101716634271733 -12.70431819571516 192
154 -2.8586652401251467 -6.082022152641303 270
155 -0.7319197095605302 -10.23573392062139 385
156 -1.3484182722708797 -6.338088761690306 121
157 -4.316040779237843 -8.185327362740816 368
158 2.0111509759251263 -10.44283722942596 269
159 0.6421626913420246 -13.61923323671359 48
160 -3.45843032877831 -9.53363299178253 491
161 2.7654079169748713 -10.234200426215384 399
162 -0.19450167229680315 -11.486790616341533 317
163 0.4756286146382571 -8.252226881994854 11
164 -1.5429317556520783 -6.962288215367055 464
165 0.20007092691922534 -5.4541592895318995 46
166 -2.7702291761314104 -8.330744456396323 377
167 -2.860784500760766 -11.309047936965417 487
168 3.0904907817707095 -7.37673606576938 468
169 5.078321670856393 -9.034526500402988 418
170 -1.9771708932205732 -9.603803608752065 389
171 -0.8987581527720155 -7.3528578288607385 278
172 -0.6870101971388186 -12.047647195251514 289
173 -0.6214936358901332 -6.631312807573667 191
174 1.010000394451782 -12.053312811476017 457
175 3.8152591040393533 -8.886195898198277 298
176 0.7844235704044991 -7.98270071450943 75
177 2.0165394646579995 -11.01269731795064 21
178 2.809037530950172 -11.204785457450683 285
179 -1.5841105999255352 -14.648263667449502 249
180 1.5461960610002614 -10.422936472130129 478
181 1.9852278809220787 -9.89107790341064 26
182 -2.347626893395515 -10.379966159349467 228
183 -1.1034616303754885 -10.210892871601153 404
184 0.9978781446755034 -6.321424824464516 180
185 -2.9212611161039663 -9.549314538799397 342
186 -2.0137608092712656 -8.862174810837368 182
187 -1.6399971134252647 -10.728194359861748 344
188 2.0661531096867143 -8.94786747819192 157
189 -1.1787457671056119 -6.097243343471466 258
190 -1.9914494196376895 -15.730934507867167 221
191 -4.728916732254546 -8.465426308969624 349
192 3.323728672692798 -9.038579433142328 399
193 -3.136169649648239 -10.521631480679895 377
194 3.942551697867819 -7.176690864867034 207
195 1.434605050754991 -7.643121916028237 161
196 1.0967192085039383 -5.165083261223785 434
197 -4.3816806733144 -6.33406584142324 21
198 2.419405880802252 -4.074451365166068 197
199 -2.8732277755089397 -7.929075407407131 469
200 0.36959198097006685 -7.353138355384355 310
201 -2.9459780422025865 -8.595948568877844 128
202 -1.8440688729965728 -11.347193945878006 164
203 1.6987312326688893 -9.984812719857528 52
204 1.7462703596705735 -11.968547361991686 174
205 -1.4809142019932842 -10.394837131375597 460
206 2.124832086871155 -10.65993292334971 147
207 -0.3870777980301175 -4.906647875589266 345
208 -0.6799576553067285 -10.524073866070836 153
209 1.3001668605882886 -6.710044033714992 284
210 3.147538817039467 -10.231754457368723 436
211 1.6330199191110115 -11.404285630877089 480
212 2.826036598388299 -12.562404265899518 357
213 -4.052432593614133 -9.079935543163936 351
214 -1.0258990447578178 -11.200239035278988 277
215 0.03613513479470567 -10.317493905756262 373
216 3.850654678403391 -8.359785014694017 96
217 1.4989323119513587 -9.776935916904439 465
218 2.6931429484095895 -10.088644543129693 138
219 -2.460225554691509 -12.062203673360766 235
220 3.2283215948797452 -7.699555775117115 148
221 -0.9744475387484762 -7.817364533324067 227
222 1.5610468245715756 -8.447739580920187 376
223 2.3622673300229167 -12.591107539455555 111
224 -0.7003330824183994 -5.897221657335923 62
225 1.3598672323227459 -10.979962780521998 194
226 -5.038113686608739 -8.825316649067158 151
227 1.2982465193608648 -7.355838272790907 404
228 -1.9704778329542727 -7.014603707697254 401
229 -0.7361752315319066 -9.201862210151042 256
230 1.2383447443120006 -8.570205021291738 435
231 -2.0472720424037076 -7.4279797407401436 324
232 -0.8258372803403036 -9.766513561329653 254
233 -0.42022829917828436 -9.762675767172666 241
234 -1.8386317493263349 -8.348067023033314 456
235 -0.6263005846222878 -8.450072195922397 350
236 -3.5599169815357077 -5.464547002658413 146
237 3.466640121100559 -11.206992302068821 139
238 -2.1711609114549235 -4.754910844144636 119
239 0.026217193888731682 -10.739294549430788 417
240 1.9244434320205237 -6.969606885132987 257
241 2.51756998092361 -7.7840630267378215 315
242 -0.5272354564344325 -9.564165966114885 75
243 2.1468436936483464 -8.122859544142386 440
244 -2.695745394144873 -6.446591937278207 24
245 -0.06897570524510452 -7.719023345056785 371
246 1.2262820702608612 -7.756604507589753 232
247 -3.7135414545333263 -10.409610578847447 156
248 -2.0329637925830415 -6.609141094934525 496
249 -3.2110937713083083 -9.785815462396213 65
250 2.4813517399389555 -10.969405019928015 274
251 0.3360937486326454 -12.128544864751397 465
252 -2.9161406412850717 -10.786846433788558 120
253 -1.3749872601370914 -8.015507149338456 43
254 1.1161510665320913 -8.970460505354009 322
255 1.8549749767241872 -5.25799578895424 351
256 0.7859296984845684 -10.46545235154714 243
257 -2.499795880504876 -11.300396412645515 291
258 1.0963122061136523 -12.183924839271533 339
259 -0.5527428572377577 -13.39120420007922 476
260 -4.730579050558072 -10.421592408225814 146
261 0.8269599350697572 -5.618088697228382 322
262 2.4807672300535675 -6.637769658258567 288
263 3.616158814465256 -6.532411400371898 20
264 -1.126372098019967 -8.82155986980541 431
265 3.005805647158805 -13.686155917598272 199
266 4.447698602564949 -7.127932618540475 130
267 1.2257528924693721 -12.90238110845621 373
268 0.195161286252501 -8.550890693458884 74
269 1.1223467413169192 -6.9137804186185665 143
270 -4.44413685366343 -12.334746096914746 331
271 0.15001835899900126 -8.998333795891211 273
272 -1.0970229460098948 -5.091463993661973 496
273 0.8847848762995175 -9.936169187313592 483
274 3.895661592546917 -7.789549469525577 340
275 4.089144949656491 -6.845699939967719 91
276 -0.1601754717492545 -7.180986060578041 180
277 4.0320665222360486 -8.051999978313491 90
278 0.1982428003749321 -7.070399895463408 153
279 -1.527686427992717 -11.835022939385635 382
280 0.5395372467981931 -8.882988427631597 139
281 2.9875167353998093 -9.79595490983639 340
282 -1.5928968673498056 -7.73621960600442 250
283 -0.8830393085212789 -7.250313976487413 419
284 -1.078225388390908 -12.297143516327765 240
285 2.8374560920154424 -9.36276672125929 20
286 -2.8625687367979578 -7.330594051487532 274
287 2.911619930138876 -11.636245275268463 268
288 2.843980355825406 -10.459419449187934 40
289 1.7280637124685956 -12.703203718583305 62
290 -0.8828355123431917 -12.38764729416165 140
291 0.1541035246549958 -12.577196540863408 386
292 -1.512806087713121 -11.258246417663015 83
293 -1.7902077623120134 -8.069298191090017 39
294 -1.8605483263303833 -9.19439326760909 389
295 -2.5776883533958093 -10.619863517905978 127
296 -3.906301586365753 -7.9566313837254885 100
297 -3.113161512504555 -6.928858675490872 198
298 -2.19135671334416 -6.3735911308499675 172
299 1.1794932992574971 -10.689279324902222 109
endpoint1 endpoint2
100 112
38 217
76 100
109 210
174 206
138 246
76 201
171 231
114 269
6 72
169 175
173 282
284 291
203 285
99 213
106 180
23 97
170 182
186 245
59 71
153 211
16 60
29 214
17 176
117 172
49 51
142 231
100 187
156 245
205 295
180 271
145 219
38 241
75 102
104 196
82 87
63 203
170 229
8 45
166 296
4 147
27 219
254 276
124 294
36 167
239 291
73 136
123 146
165 173
26 137
18 211
14 53
19 214
53 102
147 225
160 247
68 231
24 177
79 158
39 75
182 183
18 187
203 256
124 283
67 71
98 155
203 211
118 222
62 294
236 244
127 143
78 230
186 232
193 294
21 48
28 287
161 204
122 195
24 205
152 252
15 227
14 160
32 105
234 253
51 62
183 292
94 96
81 297
147 187
11 246
70 213
152 174
76 228
53 173
31 257
146 202
72 162
112 286
239 292
142 195
83 129
35 98
278 280
142 229
41 194
135 283
205 249
26 182
98 118
151 224
42 250
243 288
211 212
199 201
7 9
28 178
19 159
268 282
128 275
44 153
32 171
223 237
103 106
15 241
52 279
38 50
232 280
193 279
27 271
138 262
13 30
118 255
185 247
111 113
156 228
170 295
91 294
34 160
18 185
223 265
56 124
253 276
41 163
30 290
28 214
19 251
76 164
91 214
0 52
95 292
93 224
49 150
0 42
69 256
87 225
282 294
69 119
129 290
2 80
50 239
77 110
31 288
138 220
42 163
173 278
197 297
57 115
35 244
183 264
23 244
168 275
189 269
171 173
12 277
12 250
147 280
105 112
99 293
156 164
176 229
63 178
74 283
75 274
37 131
4 8
90 137
82 218
21 42
93 271
184 224
77 96
6 36
70 228
90 221
129 179
106 162
233 283
203 222
40 96
60 99
175 274
17 269
12 119
3 26
44 259
125 156
84 87
192 218
141 184
201 296
105 233
56 143
107 253
55 276
172 208
84 146
179 190
113 234
262 277
233 284
138 271
55 244
59 241
115 224
110 116
194 263
132 231
46 74
293 298
82 281
145 284
216 281
37 249
13 163
246 278
65 282
26 253
58 162
105 133
10 226
92 209
52 150
86 155
215 258
78 237
155 202
268 299
77 148
234 264
48 202
116 227
13 121
215 233
274 275
208 242
66 189
105 142
5 208
95 270
189 298
148 234
200 243
99 166
77 278
37 100
10 70
93 234
118 261
26 37
100 108
71 113
176 184
23 185
202 290
88 179
142 164
10 51
104 261
113 201
7 193
124 189
51 292
230 254
46 65
130 228
119 281
13 107
86 254
248 253
125 244
9 182
134 248
140 215
109 116
13 130
45 153
99 257
168 266
101 184
37 157
8 88
21 58
68 242
109 176
59 165
114 158
81 111
104 228
125 231
138 254
68 166
131 163
171 264
11 163
63 177
210 211
4 217
221 227
222 243
121 168
45 172
14 170
176 222
136 288
67 126
218 299
141 168
71 92
20 177
36 252
80 229
42 140
121 192
15 285
113 154
103 107
29 293
144 166
10 16
78 109
29 107
85 126
170 185
138 188
37 76
54 133
4 155
90 191
204 223
35 37
17 143
196 262
56 295
120 187
26 264
61 161
176 246
92 161
80 167
239 273
3 120
112 199
94 239
16 260
101 135
52 289
42 239
25 45
11 121
122 230
34 51
127 242
108 199
152 259
102 121
76 297
1 127
58 120
1 259
281 287
193 260
43 214
134 163
85 227
2 129
105 273
13 235
92 280
7 117
102 225
5 47
195 243
143 167
10 186
235 294
32 149
25 100
198 255
173 272
201 252
172 299
74 215
206 254
15 52
3 247
22 177
39 261
72 103
168 220
34 69
200 293
240 263
38 71
217 254
162 225
97 166
139 213
7 60
3 214
199 282
4 232
194 277
114 218
130 207
151 248
150 259
167 295
110 184
36 90
80 123
63 161
221 264
99 205
10 144
64 205
96 166
63 149
13 22
86 131
230 242
33 89
5 112
141 216
114 175
23 93
13 240
244 298
204 267
215 251
219 252
54 63
75 230
74 113
11 200
47 235
33 120
68 89
55 134
19 181
205 215
98 264
34 72
3 257
158 215
137 228
189 238
121 195
29 90
132 160
93 166
5 209
15 245
206 218
183 256
27 267
286 293
72 294
182 202
69 94
64 96
106 203
46 176
48 234
181 246
282 297
63 121
230 268
50 158
10 40
48 95
153 223
15 281
94 188
49 204
0 264
48 139
40 248
140 174
175 285
24 45
