nnodes nedges type
300 500 graph
nodename posx posy weight
0 -13.773038269399924 3.447244436131308 323
1 -8.502362871914867 5.110779157592574 172
2 -8.694946427756138 4.0399296615574025 376
3 -11.796270367351822 2.0595805204336575 168
4 -9.437289872193293 3.323114804204713 480
5 -6.530120728877911 6.483415747350325 442
6 -13.011129572991921 2.8195655712714816 183
7 -11.210337418924638 -0.2102292110017905 369
8 -10.740783639180297 3.1236638383287474 29
9 -14.323803408428 5.606983865887758 45
10 -8.850117625650528 7.756591935668696 353
11 -7.135230493433226 2.801786383659868 257
12 -9.555363742930831 6.871965494481808 37
13 -10.98002256824669 5.490776498508268 252
14 -14.071684301990999 1.9583725940855747 370
15 -11.69898428717897 4.940986082696224 342
16 -10.997075464874492 5.218606401183988 101
17 -10.590122362186147 9.023397001398498 210
18 -12.247953340369309 6.497061762227163 432
19 -11.020385477210747 6.372047481188972 173
20 -13.145754925263486 7.753722102803147 219
21 -12.581747744443991 5.803682017769561 1
22 -10.471841915578306 0.6170380481450449 218
23 -15.565283426689723 7.3081240446748605 104
24 -9.972718471414339 3.116678585624308 395
25 -7.419263421659675 0.5663219321051395 352
26 -11.547970667388537 8.221594398220786 378
27 -10.076716017676345 0.9118102941344933 244
28 -14.994375775374248 7.112312956388634 248
29 -11.60123409570194 0.7194980100849212 267
30 -8.899761312778589 8.146024861372545 39
31 -14.110825002805475 2.9474788922275827 115
32 -11.813140158889198 5.861907042429574 489
33 -9.397766919644402 1.7836124794185946 24
34 -9.126474065491271 7.47261121210428 217
35 -9.717332718747535 4.473068615998424 479
36 -12.261800941234762 4.631015159237429 73
37 -9.9123678184766 2.444757665143613 475
38 -14.510106336873351 4.245801130927905 430
39 -8.412177865241846 4.196836631843364 37
40 -9.037263863369642 3.3192839606326157 28
41 -12.256346893023704 6.112216503448515 202
42 -7.0779115886386235 3.852675168917858 301
43 -5.997663889334193 4.02534182989276 398
44 -9.95127937864129 6.413317981075642 188
45 -11.154813245907446 3.488060502349554 79
46 -12.36348278361342 1.0589695669178338 354
47 -8.888762490501257 2.382655598338667 393
48 -12.53505010634593 2.7673784652648066 357
49 -12.04095639169708 6.358678546343049 76
50 -12.857756133638578 3.419454803513657 308
51 -13.191245749720427 1.0785776327021066 334
52 -13.18660389913983 8.973938681717478 432
53 -7.879741179983007 6.300820653420315 372
54 -14.67171574526916 5.437229438438875 119
55 -7.6754605511256475 3.119814808805066 129
56 -7.360729481673566 6.675032670400124 21
57 -11.885229870422862 4.8551832739847764 119
58 -9.100634983569682 5.728852605250005 36
59 -9.781381291326978 3.7722421470980954 301
60 -10.131538330639875 3.0684267154875853 492
61 -10.011677645409426 5.077379200758402 15
62 -11.357362231494859 1.9109363589442285 225
63 -9.320240069188026 4.628724014378667 317
64 -12.290368464662455 4.001567051903547 44
65 -12.161690492579089 4.443465724348201 317
66 -8.424696779541794 7.293153433119446 241
67 -16.33124341197767 5.860273297299985 345
68 -7.897720531641335 4.53071416920867 206
69 -10.607917076239728 3.8326442330951784 255
70 -9.980557301461223 6.657286483142436 51
71 -10.94694653360922 9.456294412919107 321
72 -9.298700534104846 7.919747436130401 250
73 -10.476897921298196 2.2359754452507596 317
74 -10.777634053033491 8.17434844661886 316
75 -12.044403252956542 2.3634329610580758 489
76 -11.640146860585242 2.0510879765252104 206
77 -14.204760975883215 7.486454848480096 400
78 -7.966092262442652 2.799256348828629 370
79 -10.186663913659554 5.52422571456151 440
80 -11.649310824260835 2.90746846206447 160
81 -13.119502817127662 4.676637606242973 225
82 -8.159843161088196 1.5539501914886167 377
83 -14.124705449488411 3.773466621112925 432
84 -11.374945326293771 6.29061969263765 44
85 -15.085754396492215 6.100612024307412 88
86 -12.487384104481468 9.018751313528048 498
87 -9.712780642222958 8.716169071198786 275
88 -10.335977741827614 4.80909266196782 110
89 -9.406675242937823 2.7243778264441425 288
90 -13.514935564530955 3.9536075773061388 349
91 -12.853913289144199 2.708143338558697 259
92 -7.752850575452249 4.122288393452773 422
93 -9.735004609685726 7.300324326498452 4
94 -11.202175005061655 7.842699152473014 329
95 -13.622686720711975 3.3136704683490517 304
96 -9.010733823475164 4.963965033364322 271
97 -12.170306857833893 7.674606478536809 287
98 -9.904305729159251 3.2010415518589275 426
99 -12.004616548612626 5.8741130108398885 427
100 -8.345949200026237 2.672010959813513 112
101 -13.345379531615103 3.3349932760817813 247
102 -10.191319143624431 1.286146634412412 264
103 -11.600413509928922 1.711278340009411 61
104 -10.164253126405093 3.9299208690839653 306
105 -13.588311772694643 7.122650456639328 198
106 -6.722416636933526 4.264519568366593 35
107 -11.417513957322571 0.4621923305779441 495
108 -10.885027258824445 3.8749861261029217 188
109 -10.51920644265617 5.2304559077688895 378
110 -10.668143070478997 1.3550068440517073 280
111 -9.160163271080922 6.206512460562476 132
112 -11.03427640439817 2.429630032438079 440
113 -7.835352010022068 6.872905466279394 155
114 -9.450463283379019 8.875493078139803 173
115 -10.496259977928514 3.326355045165796 257
116 -14.949202506450996 -1.1627327138666486 75
117 -10.380769211915146 8.954804989036761 235
118 -14.209202673559307 2.681693042173183 356
119 -9.199625328449429 0.6650852779372283 439
120 -7.723620608467291 3.412344411715713 347
121 -12.452147693898146 6.421930560568866 460
122 -7.683421163683017 5.3613130021055175 253
123 -9.297655515378848 3.187993549819629 329
124 -9.705793366256419 6.20800549196624 133
125 -10.664939012608258 4.180518568301062 247
126 -8.513882609434468 7.438697899345442 58
127 -9.600500432045639 8.13269776637015 257
128 -6.791423869182412 6.576371264599535 302
129 -12.838262428302015 7.177062250942459 172
130 -12.8960753091053 6.810016816045876 454
131 -11.352917582589868 7.189365185150263 317
132 -11.176828437658294 4.361538542904258 491
133 -13.120330522184783 2.2051381669203725 383
134 -13.344814432501295 5.973831315591027 120
135 -10.704659585786061 2.2706562131094197 148
136 -13.74461120426587 5.376586465881425 497
137 -8.901495367097073 3.780566515636449 12
138 -7.3246082713859675 5.163392100417934 360
139 -12.73532187641725 1.063111810285523 119
140 -11.306741343912174 4.680121236207228 311
141 -13.405439157714401 1.2046625667092803 54
142 -12.062171177954212 2.8712269336874963 64
143 -8.160293689822172 5.923456443270998 52
144 -11.786789019116373 3.417393837353071 362
145 -5.738943938330236 5.024069606468397 404
146 -8.354734142295461 2.489144345458716 41
147 -12.831702564895693 7.302554027018009 427
148 -9.975676255325222 1.899887475451813 257
149 -11.99562779281642 0.44895624066692064 480
150 -13.826453175782351 4.023717886566154 148
151 -10.021680917008053 8.735515180238862 160
152 -12.180958117567142 6.7183962657082 448
153 -13.546947419742807 10.131986574823875 496
154 -15.99869186467864 6.6470808274964925 433
155 -13.644998222066954 2.647099818172077 281
156 -6.939619505501122 5.664730290164714 129
157 -8.737501182741298 4.9117817417779985 243
158 -9.444145373690677 3.7586939733593687 303
159 -6.990555139273917 4.830232911648494 150
160 -9.487318413341377 5.357103365701459 321
161 -11.879152206353474 7.504974604444303 212
162 -10.952173313012969 0.8766307459170781 446
163 -13.460051095719075 4.711691558420304 444
164 -12.34248347010344 2.9578136454011057 146
165 -12.715549521097303 4.084366532344989 374
166 -11.389789674413413 7.95427708944165 165
167 -10.652775884319771 5.673168026338049 121
168 -9.89752413258977 5.908208012437608 129
169 -15.373585531428235 3.7668222269874807 212
170 -10.250157800538954 6.59219493914815 436
171 -14.002788750910037 8.885130642109777 474
172 -9.084276198235349 6.945946241423062 328
173 -10.137521021612503 7.137206948695057 310
174 -15.255338505182547 3.363795404673494 155
175 -11.828467638452958 2.986253005389015 233
176 -6.109948683740514 2.222236928267185 324
177 -8.500649465876249 4.6275948690160735 149
178 -7.739415401183851 5.806383232983478 471
179 -15.026817225318199 5.5609833755343026 143
180 -13.033686378350009 5.151902878035319 231
181 -10.656449971849058 1.6759244408493708 499
182 -11.86818246439956 6.8496872589042335 415
183 -13.769277516756427 6.751174281193592 22
184 -13.320132688011894 6.68908312857845 60
185 -11.24176800389421 2.99044324426242 292
186 -10.486285339870424 7.053783302135741 440
187 -12.648105467113322 2.039441119688399 408
188 -6.534336836206152 3.5525018612806325 391
189 -9.469722105860146 10.059680873121733 425
190 -14.61427896830657 6.220281670930035 171
191 -14.815345748309216 4.553988044234707 40
192 -11.621059829198536 6.5504524935245945 144
193 -8.512294494249563 1.7061442839214065 488
194 -12.83568722335518 5.261532226618438 102
195 -10.625474703816069 0.7972758478411897 413
196 -16.81654301088425 3.825897076480037 413
197 -10.80634461321828 4.661547794960026 475
198 -13.896777811088697 7.089462804163126 187
199 -14.074808265770246 4.544552353876482 158
200 -5.275701659573473 8.254730907313638 301
201 -10.203942140360283 4.944784900816088 429
202 -13.83455925646155 0.8960522914417647 300
203 -10.110969604931318 6.0418678405506565 170
204 -13.529441005087108 1.9879334197783538 55
205 -12.916004343667693 4.689315427298978 317
206 -10.408079840949387 4.3259340728591 99
207 -8.653641777297572 6.81547650166639 444
208 -8.057771630106625 4.081587771995422 401
209 -10.032652855473751 2.5934241882202342 164
210 -11.931956484778375 8.119651899537185 133
211 -9.310029710610747 2.1726453739013474 47
212 -12.078654694318148 4.895059973442937 240
213 -12.891480126135312 1.8525652059573525 384
214 -12.18442256498159 8.410251222036434 459
215 -10.766343402473026 8.302958255242427 270
216 -14.302189807358102 4.772651131399945 335
217 -5.513114527345179 4.548142655481754 111
218 -12.141605525513135 0.9362744694997306 449
219 -12.225914473178138 3.890049723898275 297
220 -11.36855006540937 5.787439574205205 450
221 -16.668621840174957 6.103415622037888 282
222 -13.448547919749396 3.641479208379929 316
223 -10.76823209622547 2.8602848618063152 211
224 -10.33403395159088 6.231340109267547 242
225 -11.155674563874218 1.3215776467542415 115
226 -10.77986819694366 6.590749509236972 291
227 -11.177672487367662 6.052370353927364 11
228 -11.856074013612622 9.302070194082544 219
229 -11.603119145671592 2.5730621607974715 178
230 -12.896719334417098 8.323552672737854 397
231 -7.366958646296923 4.355061304446598 492
232 -12.616201970645347 7.647263675357953 397
233 -14.79899546923304 2.309679423388743 149
234 -9.347862955304233 5.999548337342508 433
235 -13.9546826325295 2.316918800402543 141
236 -14.118624503807142 4.652951649621827 345
237 -12.853785064789173 2.0914895693320985 133
238 -13.532011723962837 5.09807805599917 479
239 -11.159691294726723 7.379224740105822 345
240 -15.581485213540512 4.227154823262638 92
241 -12.50280036692535 5.173352760844336 125
242 -14.421987920732048 -0.19071030193899544 352
243 -9.957205033152308 4.183046941880375 51
244 -16.508455019359367 4.367100457390223 314
245 -10.230337931265518 1.9951949001517224 218
246 -8.838376552149441 4.471003034521013 48
247 -14.112953194601985 5.593885480406546 320
248 -14.866375327144725 2.6501196408308716 239
249 -14.571127108350376 6.69608157477038 236
250 -8.54250918390647 5.283211317492522 289
251 -14.38861412849004 7.12758081810414 242
252 -8.916540867741267 5.811711488612 361
253 -14.74427050480343 4.4355089458693735 315
254 -13.077568995295248 5.614251137804391 189
255 -11.508832498924418 6.940231826315204 295
256 -9.91929277944571 7.986903332180099 390
257 -12.83748066766514 6.5145347144259365 166
258 -8.602964013444739 -0.4561760108362458 419
259 -9.05780537601029 2.106553407528372 367
260 -12.996403950303513 6.34532638274484 456
261 -11.39992477607507 5.4991626293934575 231
262 -10.729681446778713 7.490792175030791 135
263 -9.332309425190555 3.966432766494711 284
264 -12.001829470996734 3.821361999616595 337
265 -14.906718685887194 5.01839990605879 323
266 -6.910571620417496 5.261185245436696 413
267 -11.122634947367496 1.8378711235034733 58
268 -11.479338050745193 3.4077490149198795 362
269 -8.79506288728772 1.2924543719338522 349
270 -6.2688628366565124 7.61133804769255 29
271 -12.109210922081635 2.1397033769892833 270
272 -9.149385658082451 5.41122733529014 109
273 -13.764680103554854 6.32197962642505 344
274 -8.438666977778166 6.456494628857278 324
275 -8.658740938241417 7.301585105810979 270
276 -5.678159310554183 5.628373979983631 256
277 -8.380032261432426 2.9684231816854862 378
278 -13.137528642519632 4.200096057680562 154
279 -10.610994493324633 7.198297792958357 215
280 -8.97137117519894 0.8593914021381326 490
281 -12.525725600620985 3.118847902116768 387
282 -13.519207702893247 5.619937117008846 76
283 -11.45580893170424 8.87081700126486 346
284 -12.323929370628413 5.584827783913731 159
285 -15.306711406310527 8.096877872915798 237
286 -9.893958170189512 0.867803998629424 100
287 -14.293402602915707 3.152988447915384 51
288 -11.30530424498156 4.489412698714069 257
289 -11.680940550032187 4.494294753720368 16
290 -10.721199565318443 7.2258839423118735 1
291 -10.186163383008873 4.450010482261505 423
292 -8.66440429207299 5.492697025865707 280
293 -8.923763879799681 6.588580464716816 88
294 -13.209277439729597 0.6069245121502164 199
295 -10.184233849853577 7.491904008949242 125
296 -7.356603013164768 1.7635072052352678 381
297 -13.979991479971265 7.740087964609971 285
298 -12.702189270583562 3.6535484354736614 263
299 -9.903300081833128 5.752862888816423 138
endpoint1 endpoint2
88 284
25 82
5 178
107 119
134 251
138 246
88 223
152 212
13 32
226 252
127 293
13 58
55 78
104 168
125 271
182 254
92 120
180 282
64 155
216 282
38 254
1 40
61 69
109 203
163 229
263 291
105 251
146 259
60 62
31 51
151 189
8 181
103 115
39 42
22 102
173 275
50 222
239 256
121 282
35 172
140 238
120 231
21 129
88 272
6 205
33 148
49 262
55 92
53 124
187 204
22 271
248 281
218 267
96 293
6 118
192 288
48 101
180 278
166 170
3 264
63 123
121 224
86 228
143 168
201 292
7 149
142 165
100 296
76 204
29 75
139 175
79 246
99 180
84 201
39 106
13 243
116 242
63 96
32 284
143 177
39 201
157 263
57 260
152 284
98 201
8 33
26 215
29 286
132 144
73 80
96 203
182 299
81 144
90 205
232 260
187 218
166 232
12 19
0 9
92 122
126 274
20 171
3 149
132 278
59 63
165 247
73 89
54 85
182 290
222 238
46 110
47 100
53 113
137 211
77 183
123 245
98 225
138 178
51 162
156 276
184 257
174 244
207 275
161 257
44 131
201 289
147 166
90 264
236 287
81 121
41 186
53 122
135 175
95 174
0 144
32 289
128 143
170 295
179 240
159 208
104 112
135 142
198 232
122 160
221 244
145 159
222 278
56 270
64 69
49 279
212 264
168 262
91 95
127 262
57 241
48 298
69 109
92 246
17 127
11 120
197 201
94 129
184 210
203 293
101 241
20 105
164 216
27 148
57 115
66 215
41 260
156 250
115 148
131 279
34 279
197 220
50 75
197 264
108 264
24 115
260 273
37 102
151 226
147 194
241 261
39 78
135 245
63 68
108 263
191 282
65 264
31 278
37 59
40 209
99 199
99 173
64 237
185 289
185 245
60 89
72 111
63 252
93 124
9 85
61 234
82 100
197 206
140 255
199 222
47 135
273 282
198 238
18 183
17 166
47 280
113 234
12 58
73 181
56 272
265 278
11 100
194 289
133 219
60 164
62 213
49 64
187 222
103 235
12 170
47 208
97 131
205 226
3 237
83 91
20 192
107 213
58 208
72 262
70 201
37 69
4 55
45 243
15 206
236 284
173 234
36 61
65 194
15 109
13 45
91 175
79 192
61 170
196 240
74 210
10 124
35 197
64 142
157 277
96 231
170 239
16 19
24 223
34 58
200 270
0 118
26 84
23 28
104 246
24 272
232 255
227 284
89 291
79 108
140 175
84 226
8 75
107 195
91 112
111 125
3 135
86 97
2 59
70 126
162 209
264 281
191 235
225 245
136 184
141 225
22 280
104 268
59 243
214 262
134 282
249 265
62 102
13 257
255 295
75 133
15 180
158 201
44 274
6 46
126 207
9 129
63 177
36 48
89 193
58 111
57 254
14 287
129 214
77 184
168 279
61 137
219 268
37 269
16 219
186 272
23 77
131 283
19 21
18 167
19 130
52 232
247 260
95 264
182 215
21 219
178 207
115 123
88 250
47 193
152 239
27 135
74 186
60 96
111 275
94 228
1 299
100 137
229 268
23 221
119 258
152 161
132 289
290 295
35 281
63 167
65 268
188 208
65 80
130 180
183 282
134 150
217 276
40 100
70 295
57 289
267 268
119 146
30 44
175 219
49 105
118 141
95 233
203 290
177 299
79 170
65 261
197 212
35 137
59 132
15 125
85 249
54 194
260 297
49 220
140 160
48 62
70 161
74 172
157 203
45 75
85 190
209 277
158 209
104 125
24 76
78 259
83 180
250 274
11 42
182 184
84 131
16 168
96 178
202 242
253 257
194 282
32 97
40 120
37 267
18 241
184 249
71 94
150 213
87 210
0 204
2 224
128 266
50 95
223 259
165 291
11 176
52 153
93 210
36 136
105 190
14 213
121 131
73 268
37 286
104 206
160 224
190 238
39 68
112 148
6 268
234 291
50 289
1 66
42 159
203 261
177 266
94 203
44 197
67 179
169 179
159 178
106 217
211 229
63 250
4 140
112 181
10 87
234 256
227 291
91 155
273 284
14 155
108 223
154 190
84 134
187 223
92 208
181 195
10 207
33 82
40 115
101 142
60 110
76 144
8 197
144 209
124 132
28 273
4 40
195 245
114 295
289 298
250 272
7 162
251 285
103 110
271 287
187 202
99 167
43 231
18 239
8 288
117 279
146 177
111 252
97 232
16 288
31 150
19 299
18 163
240 287
20 129
38 95
187 294
179 184
118 169
41 65
136 150
170 207
18 230
8 80
