nnodes nedges type
300 500 graph
nodename posx posy weight
0 7.080173656183325 2.214630829162326 408
1 4.278284633704422 -2.3614584378067023 72
2 7.220340296012773 3.870175048988038 244
3 6.576224505756088 2.8841889090170616 224
4 5.215661595453594 0.1665781709157283 340
5 7.818027513555692 -2.6641191394335406 449
6 5.743159628460838 1.5106492222915708 381
7 9.090724906114595 1.1834265399374118 376
8 6.817421282313334 8.985635075196047 107
9 7.191022326371055 -1.7960362591342156 253
10 5.195254863268212 -0.8916284181524594 482
11 9.502929817793511 4.471603524516277 60
12 9.617864235849714 3.677337753941337 498
13 5.845084827905111 2.9122394128011915 192
14 7.500273160737821 -1.5077123227506195 477
15 8.435931032552398 0.0137464475738253 170
16 9.126380489685435 0.6199288542845862 470
17 2.47899610418267 1.4817385317624863 422
18 4.285464885099905 3.9192740088127715 283
19 4.088241759725552 -0.47983457012935965 346
20 3.4269849406709496 0.9458929854031917 155
21 10.813465446550376 0.16728680728770454 290
22 5.663520070330026 -2.0730135817129494 375
23 5.699928150302465 1.0979859348886811 403
24 5.718554683306038 5.4709541203487415 149
25 2.2947771448586263 3.2364485375495415 141
26 3.8663865830962516 -1.7253968222843472 111
27 5.166731215077311 3.510626874688491 358
28 7.505219418041877 1.4829275714941597 148
29 8.84424368273299 3.2957710326623206 83
30 4.267579837060261 -1.714850579810682 282
31 2.638578154712686 -0.4428564872153423 493
32 4.195280985899617 4.422530217736002 200
33 6.8709810774815585 -0.6135788727072795 73
34 4.3881831168415335 5.30666937067497 289
35 9.277038363800575 -0.8976684492014935 12
36 4.887931628769779 -1.3709890258137694 327
37 6.381608361079682 4.865641754571458 162
38 5.913427431602084 4.836248317495873 263
39 8.43567172496364 3.2275442728443235 158
40 8.291416571545906 -1.5962537847343927 468
41 6.850891629260081 -3.300396884001191 404
42 6.085843790717142 4.758673160939187 335
43 7.706336397194512 2.463431679139679 158
44 8.936742922518668 1.5500387515495075 433
45 3.4965285163082056 2.808782646755792 335
46 2.3796890613651316 5.1675185001384465 23
47 8.703531299727432 -1.5558912652941665 308
48 10.781525783744266 1.068985382498512 357
49 5.140987378775221 3.004959745472953 32
50 7.446106037099824 -0.8748778986601399 102
51 4.996521305421529 3.9481834669507747 496
52 9.215152211591587 1.5210728226325336 227
53 2.356558731083372 3.8211692804715236 450
54 4.847840028199501 1.9793147786369405 416
55 4.625158885161394 4.6884412616374345 223
56 5.255129150436279 -2.4401943211659947 83
57 10.078881216717726 6.680906469561048 483
58 1.4969323669409005 1.1515093699013752 369
59 8.439382146622483 1.3564351569854038 35
60 6.2113462683318295 -1.3731965142982712 443
61 7.364949183363187 3.3078344922787473 134
62 7.395663396667741 1.0511215932896074 417
63 10.22048964748372 2.6809801394471453 434
64 4.051194959958506 -0.19347011990206048 247
65 9.795618609197563 1.8542500326766553 150
66 5.538438650494832 -1.115162045267455 64
67 4.254770838960154 0.6621312257093318 395
68 8.428699138300502 2.096572048174352 242
69 7.934048008048795 3.1478624257233343 2
70 5.5366065277909975 6.000300401666945 28
71 9.323149764222077 2.0544054899523094 62
72 2.956222865448587 2.986618176837738 228
73 6.059867899262182 3.4499378631687136 145
74 2.9589622520886114 5.276712149292323 79
75 9.311349816215737 0.4761194919346905 55
76 10.178267129521904 2.2053352241886603 71
77 6.992060438213696 0.26401648871640887 220
78 8.642916980165879 -1.9763938305743372 337
79 6.998300253296928 -0.4233861492457106 26
80 4.243124233934478 0.06108494902753475 455
81 4.1642236112458955 4.97150956866303 395
82 3.6938795172837886 -0.9487178851584335 103
83 6.01432167223946 -0.5888733072268201 259
84 4.751410829777783 2.9526922970595537 49
85 9.7630463518853 -0.18549167710184353 86
86 10.014840053322464 -0.4185086968526605 451
87 6.3048866430876265 -0.8073218202953839 393
88 7.1987181333299 4.107542512540987 229
89 8.555461218969999 3.995237671592708 376
90 11.446286594843048 -0.6606937745049958 289
91 8.421515547088525 -0.7900300260266369 472
92 4.051321686636565 0.5184867685147897 28
93 5.231572970872179 2.0633991672659535 390
94 8.635667300897115 2.292681552921881 310
95 10.762817236230172 5.336136909104456 377
96 11.36103432648518 1.8121042509568541 230
97 7.8760760480165235 0.32037420258457994 119
98 5.152708809723713 -1.906045818858806 235
99 7.22374078781686 -1.2181193714390983 211
100 8.52650730922306 4.902216414140581 299
101 5.711293669203616 3.4575872119096975 287
102 3.4352322864543154 1.871576542550817 463
103 5.941240967101757 4.261537324501531 310
104 9.5921651787917 2.7473475224506214 35
105 5.164893762062421 1.889257837251743 118
106 9.018056772221636 -0.1927748707328962 464
107 9.54143820073993 0.7457556062115807 480
108 4.5836549809922 2.8703961905177517 477
109 8.66678191997078 0.18076707484826182 93
110 4.764981873855676 -3.1867326645853953 170
111 5.126885876918991 0.7639089490153185 295
112 8.905705138706354 1.2325577545318278 147
113 4.952754890215735 6.549922796563159 245
114 6.640628673137359 -2.401458643780355 339
115 1.9918042631220014 2.0066723605412955 75
116 4.412474985290015 0.11116305794104787 372
117 5.991792003058847 0.6922833182894466 406
118 6.869453671710633 1.6373461925086448 281
119 5.974854227347463 2.46397390885294 159
120 7.266108509461207 2.077858193098742 162
121 6.793243328963514 2.8384384914228007 439
122 6.168582364089581 2.945046492986765 84
123 8.466252308064893 2.8642101612226445 488
124 3.9974560412245754 2.0226662078791287 61
125 7.966806743954955 -0.08093721583174927 212
126 10.317145692612218 1.9109166795061536 329
127 2.4494681372931346 0.49111898356128314 322
128 4.439479600293951 -1.8170745254552114 281
129 5.830963279189669 6.702096845627365 410
130 7.779153901105864 1.9754831502920536 77
131 6.180401568596079 -2.406656179934034 118
132 7.470678138074437 0.9162695163419659 71
133 6.459608478594127 4.245309946975214 237
134 5.388133399252914 2.5621728383677826 79
135 6.74875854034305 2.609085372328196 323
136 4.942729271343329 0.5102166803362383 74
137 5.533758367637538 -1.3560259939127683 266
138 8.431537389489947 4.599956641776222 170
139 2.4040953010662975 0.7317589141632164 53
140 10.228385937701157 3.0204135209955916 78
141 7.793444481058934 4.610186008286246 242
142 5.922798332434119 -1.7263026012562106 30
143 5.131335347847788 -0.33687679974109436 465
144 8.036996790067066 2.512124718690454 389
145 8.550208906293658 5.414986965489021 90
146 4.752367389117865 1.325071657683099 469
147 1.1603741006655888 -0.2390217374964029 317
148 7.497879110520122 -0.2516423796142432 92
149 5.894498488596495 -0.5747130200728315 355
150 10.40208918153435 0.04228001818821665 135
151 7.848294933487919 -0.7361855441135369 139
152 6.214229346748993 -0.9689702475976099 30
153 9.269876924696552 5.7725618435175186 24
154 3.4571528061394954 4.249681594059316 420
155 6.342050880031853 1.0707821681820147 252
156 3.9428401656921785 4.1800478478730385 231
157 2.9782449512437603 2.5302039174330186 362
158 8.03347861033913 -0.8157895837086102 355
159 5.1593614725453465 -0.2626782877762288 366
160 6.055986427637017 0.02835382240868599 85
161 8.560575358392022 0.7987321928937794 431
162 7.015123462076447 3.9555329625179945 307
163 9.580619959393417 1.8331391098099763 453
164 5.68555505426993 3.93928152219072 146
165 4.246681776531284 2.4405217849056378 125
166 5.424853569095102 1.2810437930509553 389
167 3.773079256536365 -1.4646250779308412 492
168 3.843161908502067 4.803611437869035 451
169 2.723932563964617 2.900974747501119 242
170 7.174095139562345 2.504457198954344 62
171 3.65151078090025 2.3202663306363926 484
172 6.186414536509108 1.7671280634527315 474
173 3.393419298669075 -0.5870234865202858 124
174 8.10667166319959 1.5504963612804503 285
175 6.537299285328476 -0.5345744856314695 328
176 6.890203269766314 -0.028302217812031634 313
177 3.038701983112349 -1.1579130223233673 412
178 5.848073542022754 0.30155250469290223 231
179 10.404670880718495 2.5007959981169545 374
180 8.953162705507012 3.9098947906714145 289
181 8.848285616222089 -0.5586969945136678 282
182 5.93263126960222 1.967639616673036 144
183 5.911362373507294 0.15563267952666132 435
184 9.726395895927407 4.613199953269698 185
185 10.268391473517587 0.8534666795780123 469
186 7.663008308093695 -0.11941081402940847 430
187 3.0588162541416084 7.152864813430001 450
188 7.573533972531408 -1.148707167522738 74
189 8.843594313335315 4.519192123182762 97
190 6.380613500986761 3.693260812115102 322
191 9.134504900596538 0.23255005119717465 429
192 2.8146952742054316 -0.23783878202380898 126
193 3.171808828871839 0.36963955636499257 56
194 5.403396216956841 4.640633426756047 473
195 5.011739111053003 -1.0286005320492326 424
196 4.5874927808922905 -0.7864893021105371 448
197 6.377407221399045 -2.0967515235774874 124
198 7.85124300832343 2.2624727436693037 147
199 8.996291667901298 -0.03042658727930997 333
200 6.860093921861818 7.893093119236656 172
201 5.683918295774143 -3.306077100571472 82
202 1.5787316991685127 2.437249120988362 105
203 6.70462271781602 6.773574834227909 289
204 6.966029376687674 1.4869421916725183 110
205 8.9935237407774 -0.9800031635384976 340
206 7.796944139108572 1.408866481417307 496
207 9.318914357638981 -2.872995096764929 178
208 9.910269111059089 -2.043058596764209 337
209 2.802048286617396 1.2601661026941104 303
210 2.8690556563591287 0.6875053582492786 338
211 6.866096413068333 -1.900812651102167 101
212 7.4950046421150605 4.901395632994794 345
213 5.029062918702543 -1.127418026676754 388
214 2.9276797625401167 4.213153163188801 445
215 9.88327342747119 0.40462677617381176 390
216 4.62741814050375 2.529673622874167 438
217 7.243989043233469 -1.7210978316084955 436
218 5.78995895370986 -3.395772763412243 76
219 7.872243891601235 5.715043797448997 294
220 6.5824603130626675 0.5601029249786064 124
221 6.863053581339093 5.4345828524450255 9
222 9.47117896757375 -1.0346816327310073 354
223 2.5300511836952095 4.231539578109038 318
224 11.078701253376085 4.189161654176484 191
225 7.102557676463203 0.3232502139308626 111
226 5.036536449692078 -3.9977967926506084 176
227 8.96814592509257 2.9527768074014418 301
228 5.496796030432801 5.304443612517782 213
229 11.369251441956848 3.598262875311029 13
230 3.6476899684442214 -0.47854151102688297 297
231 8.634222450754446 2.489667042698077 32
232 6.7643850281581965 3.2712131910972735 479
233 6.816968372865268 6.715103530914998 73
234 7.927116126698356 4.068917164757701 162
235 6.976873151735072 3.0887784860477154 483
236 5.528712946587369 2.2537574171716255 372
237 4.087789177376819 3.303614935049621 235
238 7.318258244065662 0.2414408559160139 416
239 4.185215500942385 0.8439085222022851 163
240 2.7218610035763606 3.389846271080393 399
241 5.20296116629227 3.739285619984055 350
242 8.481355578516554 3.5370604683956617 28
243 3.6013837501041546 4.718671041521142 419
244 3.1205079643616456 3.726908497386164 481
245 9.505462787625687 5.887719889420939 336
246 5.850980045147364 -1.8330583613396798 359
247 5.56215500018604 4.243873736578276 127
248 9.380309808302266 3.6349655898174515 77
249 5.18529414455498 4.642289621581968 134
250 3.513825715513004 -0.15427715190838887 435
251 3.984999485282976 0.3913153388710781 391
252 2.2882533640876774 -0.821827933303645 5
253 10.006299194545758 3.4787103557519035 209
254 2.8391502011395406 1.6200804723159576 167
255 4.8019622415975 0.33751856214334613 2
256 7.963218386304163 1.3022632199060997 364
257 6.882443964136789 3.4658892492857185 8
258 9.223593740973357 0.07093634673235798 359
259 6.4380663261861315 1.4160707076113057 224
260 3.8350687460972517 1.5660068900299529 148
261 6.8832309334519115 2.863122881288298 215
262 4.26561999863437 1.552935513842297 123
263 3.961839546389294 -1.551337516203933 366
264 9.481137343924054 3.90881380272688 224
265 3.9616064699393068 1.708523072835486 103
266 6.483304855001416 2.24050604630982 109
267 7.557037935809342 2.8917823680112824 147
268 9.1548054408307 2.8636436287181724 81
269 4.369435052626054 1.0408217186977626 250
270 5.992426310547758 -1.8678277617973669 66
271 6.450172237346003 4.718691624077996 33
272 3.0633643400408404 2.248551741841093 479
273 4.708224483485137 3.518802816628174 184
274 1.5583588612843007 -1.1075545330259888 123
275 4.581654273200492 3.888072131833542 343
276 5.692754977518496 2.2573401582241557 464
277 4.4850316420856515 0.6769920942198882 151
278 4.075837609406155 2.9229197281761543 143
279 3.1658441290534802 0.09588235029444664 247
280 9.536774817101978 1.3478997843188045 354
281 4.986643611198813 1.3891629331874185 323
282 6.230155389864753 0.6476043789578918 471
283 3.545755444454563 3.083942361419937 41
284 5.448479561952985 3.294375077902151 210
285 10.256489195473169 -0.20473840654455758 340
286 9.86036934044341 1.5673623528151548 396
287 3.316988501953941 1.7546795289049018 125
288 5.1925517646711725 5.354010265274899 459
289 9.05674741628082 -1.6078435821445172 147
290 7.918374349379284 3.866887301095567 145
291 3.8920896477334583 3.473558327278488 65
292 4.951402676114573 2.5524322789639786 343
293 7.281605289002856 4.373022922528112 471
294 4.0223651904593 2.5896980729170367 325
295 7.428440815372154 5.5869748964054065 266
296 6.4800080993994476 5.8450611638323045 219
297 1.951317925787139 1.7144195913485474 118
298 7.772581977049543 -1.9296007788629146 136
299 3.759987708767865 6.205217271095463 200
endpoint1 endpoint2
70 103
194 243
52 94
29 256
159 251
6 54
175 196
162 295
6 292
50 205
40 217
124 272
107 163
83 111
16 205
116 209
63 264
75 130
81 241
27 93
272 297
20 262
1 263
221 228
28 198
53 115
137 173
26 142
76 180
64 146
67 127
179 268
23 239
58 209
112 174
68 97
74 156
92 230
3 259
151 220
53 168
31 177
36 80
29 268
20 115
49 247
100 245
73 166
122 155
91 174
50 217
47 99
177 192
22 218
22 83
152 238
83 99
135 194
186 282
138 153
35 85
103 292
132 282
71 112
23 33
165 251
220 236
28 44
149 211
22 30
93 294
201 270
69 170
85 256
39 161
241 284
146 216
11 180
136 178
66 175
47 207
49 164
80 287
65 109
230 255
28 232
141 219
17 240
7 125
32 284
2 221
16 132
59 175
193 251
9 60
84 157
188 238
20 111
167 279
87 178
172 277
125 199
280 285
62 160
221 233
59 242
105 171
95 184
14 160
135 206
216 284
119 273
10 83
141 293
118 135
84 275
52 77
0 123
3 290
38 168
79 87
7 161
177 263
92 182
200 233
120 174
45 171
25 157
87 98
72 265
59 199
206 227
78 188
231 268
134 235
237 260
139 252
18 164
223 237
191 280
104 242
12 43
31 64
165 171
162 180
105 284
47 75
67 102
211 298
24 42
42 273
161 215
214 243
4 269
231 261
192 254
240 275
11 89
104 112
247 284
51 228
239 272
133 162
67 111
190 257
53 244
216 241
139 157
39 100
61 267
17 127
66 246
93 119
125 151
15 86
134 255
25 283
15 199
60 128
157 202
3 235
91 197
24 129
186 298
3 241
97 117
132 266
48 107
114 131
39 271
137 148
23 49
19 178
116 143
88 170
31 210
15 99
261 276
105 146
15 144
244 273
51 190
82 269
23 80
62 258
6 149
145 290
206 225
68 130
84 292
142 188
166 262
72 171
172 261
101 288
81 154
37 162
89 120
113 203
123 140
0 146
2 138
65 104
84 105
44 94
2 3
32 291
41 211
243 299
29 138
35 191
10 270
10 183
108 276
198 267
4 111
137 195
44 63
88 234
87 114
68 234
21 181
186 289
42 234
71 198
161 238
118 238
77 155
72 243
83 195
6 260
227 290
1 195
196 197
83 176
176 259
187 299
103 235
27 287
37 55
11 12
110 246
37 190
126 268
17 92
231 248
79 225
9 125
44 106
27 162
242 248
119 267
6 170
143 160
146 279
13 182
125 220
120 178
69 204
111 160
61 170
106 185
262 281
203 219
33 106
101 182
144 293
169 291
43 119
45 236
57 153
35 158
232 284
117 124
157 244
220 259
16 215
162 170
165 276
87 142
119 122
66 251
50 97
119 281
159 220
131 142
123 257
82 98
113 299
84 156
93 183
19 116
102 292
121 189
13 130
137 270
16 191
54 204
108 249
101 283
123 253
41 218
100 189
13 237
107 222
181 225
109 176
24 164
68 123
255 269
220 225
129 233
23 256
28 186
209 297
108 269
133 141
62 170
271 275
150 161
124 262
16 76
158 161
69 235
123 242
124 169
121 281
71 185
96 140
8 200
136 262
73 261
68 286
143 281
10 167
33 270
166 259
49 291
143 263
18 54
51 156
87 149
229 253
38 261
64 128
164 236
209 283
69 290
49 292
77 118
241 275
177 230
31 274
100 219
265 273
262 278
277 294
266 278
3 120
51 294
14 222
101 135
60 220
195 277
58 202
267 268
174 235
55 165
235 267
90 285
94 170
50 83
123 163
124 216
193 260
131 211
176 217
154 272
184 242
105 111
9 66
181 258
118 190
196 239
5 211
141 242
198 280
65 231
133 284
4 225
34 113
216 254
87 158
29 231
155 206
7 286
86 107
224 253
5 40
185 215
34 273
2 198
13 216
36 83
84 257
117 136
183 238
135 144
228 249
58 147
165 291
79 204
276 282
22 217
147 252
21 96
214 278
105 259
107 206
19 193
61 122
154 249
63 253
28 259
112 148
212 242
132 148
97 191
4 64
13 133
30 92
99 211
10 250
182 198
133 296
116 282
170 261
125 188
89 100
61 266
7 126
56 149
77 246
131 152
212 249
210 281
54 269
26 252
250 265
2 101
26 230
152 255
75 163
111 265
69 264
43 132
48 286
205 285
18 168
67 155
201 226
164 293
78 205
88 247
110 226
80 173
136 239
7 231
205 208
46 154
192 196
109 191
45 237
275 291
139 173
51 134
40 97
166 213
179 280
87 143
