nnodes nedges type
300 500 graph
nodename posx posy weight
0 5.667060860707518 -0.05027963026692998 138
1 7.944949465074681 -0.8105222640896678 398
2 9.395991761928304 2.407034176790855 280
3 7.5244051878616185 3.231389756956549 237
4 10.038800055432592 1.5178456805578198 97
5 6.679190238688494 0.21473628392219274 432
6 8.792322306011707 0.9089384649157921 347
7 10.771635261257565 -0.3299426964105948 167
8 11.303041456128199 -2.2393245224277396 66
9 6.702172824304954 -0.4714558804111266 317
10 7.0268429337137075 2.5103646457722797 331
11 9.671315982730274 1.6259431268636642 325
12 12.16027584546598 0.20076531414477802 61
13 4.759504042913994 -0.2301258266291863 491
14 6.329824425341151 2.6145151582617387 342
15 4.675280312819993 2.761609891556392 323
16 8.246646720376345 -1.411000504224949 489
17 8.594861485624007 0.7103369229487597 42
18 4.742564823620342 0.06160957231871357 253
19 8.670867411352114 -2.112940499794046 430
20 12.409580428126537 -0.6726443881619674 315
21 5.429666795003132 -2.7602933660679456 15
22 11.32067540155485 -0.628059703548379 224
23 11.841359813909587 3.928815011938916 202
24 7.2509193370579395 0.9331473577167015 65
25 5.341723369419253 2.808156163884372 397
26 7.9338943357089375 -1.0770860724680915 335
27 8.2208138877281 -2.723079579766056 316
28 9.105684067340391 -2.7744265463219273 95
29 12.419940043158494 1.6336828318822374 55
30 10.022314594675143 0.32156352454624554 237
31 8.650989708362756 -3.390931623362721 328
32 12.166716712854845 2.4803087376287394 328
33 7.208687417879223 4.189919622390023 155
34 9.939406095843689 -1.8938787430915367 295
35 11.019240399033261 -3.163703223175751 364
36 11.41980128405332 -3.0736859127237075 175
37 9.179207411559661 -0.7991648657620982 229
38 5.842847378117191 0.7340924689552796 22
39 12.71265026478585 0.43778323251835544 242
40 9.251033179358384 2.0708995410896742 178
41 13.183488093977394 1.4330389824995773 349
42 6.484070722939731 -0.9784796620332292 313
43 5.86457544683594 1.6665063442750512 448
44 7.452617228407228 -1.9026817386282762 362
45 6.234557840979668 2.3714055102257507 78
46 10.334890561666747 -1.5322597798098543 263
47 13.67223597270265 0.19012618951258012 175
48 7.00989018198582 -4.444111952036528 458
49 7.21363426992365 0.04119591257828939 114
50 4.791061414131372 1.6130058269327439 490
51 12.196060285720403 0.728952671532463 138
52 8.47093523571892 -0.02818806012981581 72
53 6.992955755075159 -1.170321735395247 27
54 7.413374904320824 -0.28676707141712815 245
55 10.96396038333619 1.9904390179695315 332
56 14.764185132046977 -0.40046761415804677 430
57 8.507755919337544 3.3094210170088645 395
58 10.693371856073684 -2.6664253765183368 500
59 5.762860065342669 -1.4798946712597798 205
60 9.124023848500878 4.251835906587131 122
61 6.36310477645015 1.0446349107917865 21
62 6.739809883599963 1.3049962442050593 8
63 6.781173587335163 0.8213069987543882 464
64 10.226419983822822 -5.032269015001204 209
65 8.864159236119118 2.4052278456564595 172
66 7.596631233014282 4.705442056409967 236
67 10.473249448680638 -3.8411854038358286 113
68 7.360562716502917 -2.2552861429044686 105
69 9.084375241974504 1.0918769862958284 478
70 11.133857178602149 1.9371826025618482 374
71 6.468511285172292 1.2987229859027434 10
72 7.2022427523626265 -3.44547970770313 342
73 7.869664388455939 -0.3663500856654056 34
74 6.099063606429913 -1.1711642601573762 124
75 7.9605995671785035 0.19686149213048815 118
76 9.71952805179434 -5.4104569464690835 173
77 9.284481470946108 -3.226263345673446 107
78 9.620356607665363 -1.5312895808501101 297
79 9.350945665739445 -2.8975381708311096 57
80 6.082074692242582 -1.6607580044184949 441
81 11.079917787474333 -0.02891038225636529 194
82 8.844344478515218 3.1378527386572403 340
83 9.507030997769322 1.3395796562972022 330
84 5.847236385512469 2.499268226749179 440
85 8.34070280520026 2.820715521061624 98
86 7.785840256808806 -1.9563929677685823 211
87 9.133629242310162 -4.041342690890289 60
88 10.611436152057342 2.255675156897208 375
89 7.375017306656099 -1.0128494972540787 392
90 9.556973820645398 3.0555266697645127 475
91 8.274559899438513 0.340185947125934 294
92 9.267505893547549 -2.5603802039132115 378
93 10.005265611475647 -0.936637118697845 142
94 10.851545510640362 -3.5015345622030267 296
95 10.079119655530732 -0.5366917367721958 407
96 6.976589751197042 2.810305956763301 14
97 13.260332812982105 3.2706287226767996 125
98 8.88893321441911 -4.346234531935984 251
99 7.696662148221648 -0.11875769111242632 349
100 11.564011048580324 2.39465377189402 133
101 10.97740555271458 -2.0682019814356933 35
102 13.980464286855007 1.817587211613897 368
103 11.805519341758226 -1.7521518358753643 231
104 6.614915286130853 -0.10605593003762663 239
105 12.16873578219197 -1.2324072349594772 138
106 7.289851987533042 -2.9360575097559316 452
107 7.913013094245926 0.8914698234215406 99
108 13.765459641162048 0.6678582321871915 423
109 12.834558855496475 1.8781443308662462 382
110 5.306551707137432 1.7011109705677423 160
111 4.388335183556341 -2.046569221065547 198
112 8.532647855310527 2.075438742565456 181
113 8.709060004355486 -1.2759733685613819 32
114 8.123749072942903 -1.2970447457316023 41
115 9.265796240322747 0.6005664712690015 190
116 9.836239168224708 -2.792391235038257 356
117 7.14615650176813 0.5465721004521638 106
118 9.077533996242448 4.2020678599922725 295
119 9.17621928231564 0.20828811106122394 260
120 6.701101664385024 -1.6054896464109534 54
121 8.404762642001618 -0.6995942271579824 267
122 11.171341262309872 5.069343089472096 304
123 6.454854271250677 -0.7698880286482724 335
124 8.803934986292186 -1.8035666420101117 109
125 8.547767630053523 1.588501539889774 416
126 5.459228191899471 0.9612424672471425 362
127 6.49807819112285 -1.9981304105143396 113
128 12.798862265857055 0.13933256274188557 95
129 5.899496131111991 1.8805875854189642 115
130 5.652354039037472 1.5236719835239165 241
131 8.945064840736482 -0.7433882658344924 29
132 7.4873321688495444 0.8921350185410888 182
133 4.537118767269363 2.342358936019685 172
134 7.834181172752417 2.3713653563600086 182
135 10.652216347381126 -0.5657507502144177 469
136 6.548008638733364 -4.703490789901482 244
137 12.969682754840528 -0.9942915788014646 111
138 8.057486257145088 0.2947156988659576 348
139 11.56184010937975 0.7938438892765853 24
140 10.682181909563528 0.22826402501137835 465
141 10.407777352687782 -1.6464890760934614 395
142 6.998354851290156 3.155067374790181 486
143 12.58549745422518 -0.43769720082850416 88
144 8.323167256749766 4.58187692346662 364
145 6.053923890167203 -3.121623119680405 197
146 10.357317666723265 0.6093788879212337 355
147 10.395272453272309 2.5323753424267923 313
148 5.648623695102986 -0.9936981330504809 122
149 7.663295519156817 2.539223878969292 135
150 8.383755863963767 1.7751289916010546 222
151 7.782373478873742 -4.344615864266734 397
152 4.863776431839686 0.5996206421414918 457
153 7.372176690234322 1.7054020792984643 479
154 5.462505194818676 -1.6673040570700248 240
155 8.046959567418714 -5.010687548860683 177
156 6.237128270915379 0.1682656570729175 238
157 9.288451518646935 2.7533244477389034 286
158 8.850829656440032 0.259190389522988 237
159 8.810990593278065 -3.1206878537906166 184
160 4.288609871214603 -3.297571199387277 347
161 9.191081247954392 1.3790403842009802 379
162 9.603682578961395 0.7492614224570523 229
163 10.685150358356458 2.503015823523197 244
164 12.16414860521244 -4.269086704563046 217
165 9.612487429786638 4.500564788550835 328
166 9.165782760214274 -1.362312149465056 326
167 5.817749920108773 -1.6825016115831959 115
168 8.339919517582322 -5.447204140946666 325
169 9.675986607832709 3.8307170222237423 35
170 10.021353760356542 1.4138872639065816 361
171 8.663198433778055 -2.675765896988807 92
172 8.394396533614824 3.706821379306299 17
173 10.182690252567742 4.202605816834487 382
174 12.317578835234414 1.1899060016134895 287
175 8.052576600493058 1.869077865745519 456
176 7.8534720550767885 -3.4918826924647823 154
177 8.130701481049215 3.3952190371348148 383
178 8.724752895805771 0.4395390914041722 475
179 10.176419342498548 -1.9632625880420762 299
180 11.343659272699055 -0.021585245944019782 487
181 11.805553169763776 -0.6309234146316361 91
182 6.942324107625111 0.29395147842121105 336
183 11.35830078740665 1.7507863748268375 206
184 11.12021380102903 -1.5378731966990276 245
185 10.587374931198434 0.9227428869037332 388
186 4.556877723652245 1.1320806797172822 338
187 7.8096372591722805 -2.1406757563400953 296
188 6.934199975471984 -2.049579236008989 271
189 9.359727556762369 -0.1221003769848246 129
190 9.166192382727383 -0.3106058923730899 346
191 8.02320316484148 -3.9672485144011262 399
192 11.282361709907551 0.48157315464022066 154
193 9.014033267438306 -2.015882331533051 442
194 13.815773341340362 0.9123477583583253 483
195 7.50653440118592 2.6243415769511893 435
196 6.021200507254259 -2.2979105369796384 292
197 9.488488212322578 -1.5864234396457617 409
198 11.80633685885646 1.168730362237621 478
199 7.6779662223147565 1.2943154061869802 141
200 9.575783329404803 -2.2354246756086815 298
201 12.297219536537732 -2.054986591838246 347
202 7.678039730475279 -2.4847148189631967 273
203 8.399921276379644 -3.6172930592627073 24
204 7.597942086526032 3.8462372831828153 211
205 12.575505903075323 1.6877821426957877 223
206 8.630683697673566 3.040676106135721 467
207 11.394582889945639 1.5960881754839542 37
208 7.738116851180004 3.135311948860321 51
209 9.732315203149675 0.6355595321963949 460
210 8.663827671849072 3.70830483493223 45
211 6.426722098443213 3.441754931287276 124
212 6.045826178201943 -0.3564351203239501 195
213 5.624556410506213 2.577774747820658 181
214 6.244741742606864 -2.622692835261936 290
215 11.247360446009024 2.7438038179328954 252
216 9.724779823833527 -4.07291604646325 191
217 10.452925479816466 -0.8625973904494229 320
218 6.761944445756535 3.7844556423437687 116
219 6.383509130907494 -3.070920419657778 272
220 11.659981888210279 -1.750131742334093 419
221 12.691867759607318 2.743377429709672 500
222 9.918731988544817 3.0841239826809437 48
223 11.435543999981391 0.7636720239099597 128
224 6.966770414028203 1.2893991485395064 334
225 8.118617140342346 3.043176727728835 437
226 6.753678365237389 0.47285928191828575 252
227 10.074731424702545 -0.20026111225212695 142
228 7.179343810714096 -0.4625440441049107 421
229 5.732155223954613 0.9604151406516522 54
230 11.256630201790006 -0.7582890105671798 320
231 6.904081830594699 -1.4311227995164149 310
232 7.023052312273766 1.923436671196427 73
233 10.023068000399396 2.801046006941171 416
234 11.121457486797416 0.9161940550041124 63
235 10.911082856364187 1.1411370097146005 485
236 13.439383494253143 -0.5434034982205646 88
237 10.69646056735082 0.5353833751944956 233
238 12.294725361049466 -2.3973070328111965 82
239 5.30940518979117 -1.2287764537511487 261
240 13.715630937631552 -1.7643327819433716 433
241 9.439818100102558 -2.4292805794714996 211
242 11.446527165490174 -3.5388862917464023 320
243 10.916121572305643 4.3152542143935495 132
244 13.518235962696915 -0.2022630675564029 168
245 6.550954772398593 2.3835751164659476 402
246 5.98495309896762 0.3171158773666243 53
247 12.314953406595713 0.42214699720330356 71
248 8.113658206170234 -2.2285779671084476 325
249 11.769130506791612 -2.5000753919365715 235
250 7.204294023268295 2.223207329424007 259
251 8.447084974274713 4.800703192043599 8
252 10.729318161418147 3.8388308083249667 137
253 10.48611745505684 -3.1789162238940842 60
254 11.224595417674593 2.368021086279231 161
255 9.44399142475941 -4.517088338186688 113
256 6.276962302606314 -0.11120066500816947 90
257 7.232692061635603 1.9155701486472991 420
258 10.851653082160402 -1.0322020201179023 487
259 7.892837536143189 -1.4449518340592715 151
260 11.229174907723278 -3.4120767036694044 4
261 12.548814585348277 2.8979477490067005 457
262 10.764418269010797 3.108994131344593 30
263 10.46387087139361 2.0252690959573836 171
264 5.289310259752573 0.6020400295292749 24
265 11.780121138052973 -2.0949345463353817 217
266 7.446508190417828 -2.8865945214407165 171
267 8.452074013587568 0.5800878786221337 443
268 5.100403514278326 -0.2319078558761307 267
269 6.1393572998941845 -0.9576299937129096 451
270 10.372741697517252 -2.588264732746015 356
271 12.823061073712854 -3.4075808523203186 428
272 6.662224465945206 -2.4488645223287766 371
273 6.974253886819796 -3.7073581071560504 221
274 5.8369133410514085 0.19070651819981985 306
275 7.076753185372618 -1.2312554585485331 360
276 9.731479785031782 2.914727052817386 249
277 10.964923746290498 2.95565388551312 272
278 11.480392275324112 0.14647868069761907 270
279 9.95445979285071 -2.914684342922527 144
280 12.212574316995624 -0.2752737279773918 368
281 9.316407610977357 3.4407182093181454 104
282 5.382646110499521 1.2347598539991538 200
283 3.9154823698309587 1.5762042715890492 186
284 8.140019143587828 2.5230291778995952 19
285 10.538081524775325 1.297516541248888 160
286 7.329188687432752 4.861950465315365 250
287 12.34683020171168 -1.1993349055319908 169
288 8.355196608306505 -0.3883615047616668 355
289 11.799235576474628 1.7966434692887843 127
290 13.071703482747216 -1.2349861741711983 474
291 10.188177922581072 2.7882586858011718 373
292 11.611915274564227 -0.5646669115327142 200
293 3.6116232507914474 0.4365584852514215 272
294 10.731632626666523 -1.4205545477717139 85
295 9.601205584706864 1.0729218382873673 178
296 9.694737664597055 -0.12598976502178974 91
297 6.280196530404623 -4.240654817850977 476
298 10.577098211937763 3.44225734200078 122
299 8.594856575413536 1.8231715463116076 172
endpoint1 endpoint2
41 289
88 284
215 252
18 293
98 203
110 283
23 173
276 291
188 202
207 222
225 232
70 162
53 106
124 187
59 214
7 270
183 298
21 59
116 258
68 159
85 276
42 132
1 89
81 139
8 181
177 257
61 182
49 89
108 247
1 158
82 170
57 112
183 261
207 235
30 113
19 44
25 129
145 219
7 285
87 94
254 276
62 84
134 245
255 273
69 161
187 214
101 292
4 100
96 172
17 195
110 224
258 280
147 225
139 140
21 160
4 17
57 204
100 109
6 162
81 227
2 91
138 227
54 190
185 189
86 176
110 129
40 250
12 20
245 282
42 196
154 219
94 238
93 95
14 38
100 183
132 257
150 224
145 239
123 256
95 103
104 117
26 92
138 288
212 228
226 250
81 170
17 189
113 193
93 193
181 198
69 267
112 169
117 257
39 198
134 222
166 190
49 99
4 150
75 121
85 153
131 162
52 107
198 254
76 216
72 136
9 17
53 113
104 282
247 292
24 61
1 182
43 226
148 212
62 284
43 257
7 287
37 278
82 85
44 288
53 182
31 270
201 230
182 212
162 180
77 176
71 274
159 279
91 124
182 224
19 190
68 106
37 75
34 95
244 290
170 295
32 51
206 263
102 109
121 200
236 278
54 89
85 149
200 279
29 192
207 221
39 290
80 273
12 143
34 124
16 202
91 117
159 179
71 107
68 127
69 119
6 16
239 246
36 201
54 80
196 219
162 291
3 90
50 61
39 234
57 85
94 249
181 238
131 248
145 297
43 133
75 156
99 107
185 205
16 26
59 156
90 210
0 246
223 230
36 164
53 127
107 178
18 212
105 180
117 264
82 218
60 66
96 229
283 293
185 258
88 139
63 126
75 112
129 153
114 231
252 276
88 215
107 149
203 248
104 154
146 247
12 180
260 294
43 84
78 227
63 256
206 232
83 296
220 242
38 274
40 172
59 275
229 275
226 288
95 237
60 276
143 265
64 260
119 140
237 277
125 208
51 230
232 257
58 124
121 296
49 178
234 254
258 265
73 104
141 296
211 257
34 78
161 267
41 128
28 86
228 246
237 296
4 223
14 130
144 173
153 246
0 13
158 296
62 107
219 266
94 255
11 276
1 171
82 225
179 230
30 183
11 192
4 55
22 137
152 269
212 239
109 223
51 244
33 149
3 204
223 263
107 158
139 183
224 299
24 138
174 278
61 126
123 274
119 125
42 274
190 234
86 231
31 191
188 248
35 184
99 120
130 156
213 224
35 279
38 54
46 258
28 241
162 170
0 49
151 297
15 129
67 265
192 294
10 65
156 224
12 192
20 137
175 199
128 223
157 185
26 121
266 275
118 208
37 179
13 156
12 139
87 106
93 115
64 168
132 158
24 74
119 135
104 228
188 228
235 292
27 114
251 281
114 241
79 294
86 167
150 161
278 289
61 175
80 268
66 211
89 114
94 253
116 266
161 296
182 232
121 259
134 208
24 267
26 117
259 288
114 123
48 151
61 130
139 143
101 279
96 284
92 101
119 228
45 208
194 247
73 272
110 186
23 32
5 182
46 131
102 108
48 168
146 294
42 187
138 256
71 264
78 253
68 74
233 289
95 178
122 252
169 298
25 45
121 269
61 268
135 292
2 57
7 296
174 235
36 200
69 146
83 175
171 216
105 128
149 175
151 159
71 257
141 249
198 289
249 271
118 277
18 246
63 104
81 220
158 209
52 197
43 152
177 262
10 132
198 262
73 162
115 199
67 191
77 92
111 167
198 280
32 97
140 181
195 204
7 207
92 203
96 142
14 210
58 220
140 147
27 166
114 189
243 291
175 233
98 216
72 272
185 215
69 295
184 197
22 296
38 186
226 231
63 134
187 193
11 299
134 157
173 291
145 191
285 299
24 142
17 99
89 148
8 241
89 99
93 230
52 54
161 281
209 263
17 288
31 187
48 219
32 163
60 172
56 244
199 245
49 199
77 78
90 235
249 290
167 212
86 131
220 287
216 242
131 267
2 55
120 248
93 258
40 146
54 63
62 212
171 279
78 288
190 295
20 217
140 184
5 121
40 115
114 166
68 89
155 203
91 99
52 217
142 144
3 257
5 45
69 153
29 183
0 126
69 163
93 166
210 298
12 47
177 286
79 193
187 202
31 98
6 112
0 156
84 218
123 275
37 275
28 141
193 202
72 79
65 162
196 202
178 288
101 105
240 287
9 53
227 235
52 125
190 209
11 178
89 127
33 251
21 72
129 274
30 158
51 55
2 165
