nnodes nedges type
200 600 graph
nodename posx posy weight
0 -3.959591073687174 0.4993690647102559 1020
1 -2.322876336550675 0.9718019484954279 3022
2 -3.0745144363608947 -2.1265947314915774 2565
3 -5.915228514180967 -1.107420219630457 2726
4 -1.4337241114045842 1.8116539469503405 3293
5 -4.450807677147929 0.3937837310230444 2885
6 -5.132109867111259 1.2783641271249178 1264
7 -3.2663432188680543 -0.9595944667818176 2225
8 -4.897062366190737 -0.7326288427270604 1941
9 -5.379479278898878 -0.36890496524577726 2444
10 -3.021137613691749 1.134835915059794 3854
11 -5.462786070060674 -2.193150580627836 1322
12 -5.842364180845591 -2.0519624958384806 1312
13 -5.93337224735025 -1.320188565285233 4491
14 -6.663033094357494 -0.5111557037583261 2691
15 -4.326157288034634 0.09940616322334324 4903
16 -4.577032351318259 -0.08649981563061765 4917
17 -5.383025251484883 0.8067126075345213 1328
18 -6.639590580718236 0.6825068789418173 4856
19 -4.180085671952182 1.364856089831345 3595
20 -7.163991947496556 2.974106158800655 2152
21 -4.4629352655166095 -1.981004634876854 3333
22 -5.645890870644158 1.4105556190261352 1539
23 -5.860869330603524 1.0141246552024374 1432
24 -4.728479928646771 -0.9702978777520636 1429
25 -1.8783064549276134 -0.15674724908789464 1581
26 -2.778927479197254 -0.3484410977758035 4148
27 -3.4761960457456955 -0.996078351639059 1685
28 -6.010477658280131 -0.2801262125765999 4810
29 -4.612899563099322 1.199756958821734 3144
30 -4.32967628422815 -0.8910335469699883 4515
31 -3.774472143574222 -1.6108565457870139 3070
32 -5.028039659256809 -2.070209801652503 1364
33 -4.270262957124542 1.834493305142252 1290
34 -5.703285691681063 -0.4376302004949102 3701
35 -6.242445873557489 -0.7981100901115916 2066
36 -5.003889730518818 1.9664881087386172 3593
37 -4.777876547651196 -0.3202655350681356 2911
38 -7.594996279676526 -0.770053954790205 4927
39 -6.337198942347641 0.310101949624152 2079
40 -3.6265362729108483 2.1071405477158915 4988
41 -6.3397501570215935 1.3773954731797842 2764
42 -3.363809442164689 0.8843849143452258 2702
43 -3.0293836196480037 -1.0674697783126599 2141
44 -4.925461422707446 -0.050893793105689616 4467
45 -6.349327905904497 1.9935121935924351 4179
46 -4.910422266711073 2.310770134566034 3247
47 -5.171227518673099 -1.2231213102257488 1480
48 -4.559516226005414 1.4437514453621516 4059
49 -2.583438931556426 0.5908483364073868 1782
50 -4.126087493865327 -0.8568632507554768 2687
51 -4.056910953087677 -0.45140823669238056 1943
52 -3.9152603052874375 -1.3524553123287422 2100
53 -5.584554165543666 0.9944107022893273 4540
54 -6.067603506876729 -1.8386878242424607 3541
55 -3.3364423209715066 -0.5100332479947935 4270
56 -3.203246543737444 -1.6534420154241394 2618
57 -6.069576344958058 1.8305520530002637 4281
58 -4.665413357328872 0.9729656133441382 4238
59 -4.872238631450936 -2.105616409614157 3280
60 -6.374004069369206 1.1370222931976286 1848
61 -7.135785386514807 1.671998652529057 4956
62 -4.849124480551646 1.48170805814799 4173
63 -5.134698244920581 1.0344793247016162 2995
64 -5.155978362518975 0.42687166325581805 4701
65 -5.070606683546003 0.22124443289253876 4214
66 -5.107687753314919 1.738741588172903 4539
67 -5.475276677162088 2.3508676852316426 1586
68 -3.5525479008421312 -1.499830725722953 4735
69 -3.510189052122711 -1.684350604154438 1870
70 -5.834443141182194 -0.01530211979903109 1595
71 -2.442078488457437 0.1502565665362386 3168
72 -4.423531102258134 -3.2200575909852107 3668
73 -6.579224290885706 0.08340263903693138 2737
74 -3.7667277627253726 -0.10421987863204658 4433
75 -7.333903284464545 0.3147757384124467 4035
76 -4.140459408087876 1.0060317708711748 1014
77 -4.248412100091889 -3.075772224539095 1514
78 -6.327389570415615 -2.3227564508739698 2265
79 -4.400153231250938 -0.4324946957955872 4938
80 -4.123011740500293 -1.9506879771801087 3968
81 -4.611509323589233 2.3529767667093195 4632
82 -4.491177505319282 1.942755811172842 3455
83 -3.6323368028608507 1.646084451669938 2961
84 -5.854076117569407 1.976373496937382 3474
85 -2.044842460145707 -1.3278738431521218 1261
86 -3.9889308043644016 -2.4320731997369833 2393
87 -2.7140398827047476 -0.580656913740195 1899
88 -7.04048736202294 -1.7470120174121586 1580
89 -3.482689386972608 0.03099424633432952 2754
90 -5.9430611690910675 -0.09046358700402174 3723
91 -3.2204079075019485 -0.5526435382535612 2313
92 -2.7531579903937105 -1.908495037802002 4805
93 -2.7172279315088637 0.43518114929991514 3243
94 -6.137319921687193 1.609746596487619 1859
95 -3.2866332581483766 1.3559251518582507 4728
96 -2.8840595579816517 0.6618520511407688 1026
97 -3.795701752305656 -2.157458855356691 1644
98 -4.225535375527582 2.026582329807749 3511
99 -5.692187737713643 1.2657082115761988 2798
100 -2.7280753159928155 -0.9282689509017467 4054
101 -3.499051753814192 0.4137688591644361 1569
102 -2.483689405072204 -0.03249315065333596 2401
103 -5.6624346268048935 -2.605728301277864 3852
104 -3.2016873651763413 0.028866991292334197 2518
105 -4.400257618618265 2.2206636780416393 1470
106 -6.346721031607814 0.5126545917713139 2023
107 -4.63362388412046 0.2763874404026411 4700
108 -4.655818383597395 -1.676882070390119 1027
109 -6.3530853300514405 -1.4598961122260263 3161
110 -3.739363148679688 0.8136133776644505 1991
111 -3.599216693917465 1.3580383878176487 4117
112 -1.8715334941528776 -2.7994661994201744 3719
113 -5.36165595086791 1.4527288282962256 2116
114 -2.911535126698634 -0.7827237052058108 3207
115 -4.594758386735573 -1.228605134253384 1827
116 -4.927107371337687 0.6468770932935534 3167
117 -4.71649335556106 0.5704576380269818 3849
118 -3.2680409302360016 0.1752392286767945 1918
119 -2.8151126599255205 -1.2783432727222381 1874
120 -5.89091842616929 -0.7310203689852959 4514
121 -6.9518724583674425 -0.4020006649101862 3302
122 -2.144370312822357 0.7489578802422315 2112
123 -4.71345702659286 -1.9473106885861857 3668
124 -6.76943384699528 0.13227406435595385 2558
125 -2.608055418324124 1.228160972121196 1766
126 -5.2395386728257005 -2.776488255508701 4775
127 -7.165818096886449 0.006343909974339773 3972
128 -3.6360349199449007 1.0717848260087697 4244
129 -6.219574376002948 0.08941574395535963 3508
130 -3.8355757261805823 0.25372812711639786 4589
131 -6.709731264864938 1.8787434267259941 1475
132 -7.152196195084602 0.8022903120313701 3212
133 -6.364129085498118 -1.1475420828827156 2796
134 -6.652475860672415 -1.4099396637339114 4734
135 -5.438835672390838 0.22168377905815317 4434
136 -7.163600704905674 1.3852039309932997 2996
137 -4.334433183126228 1.0467469926754132 2790
138 -3.157817240257271 1.7632522005050708 4538
139 -3.792293059004531 1.8879339263669375 4675
140 -3.4261212939150405 1.59965515043761 2393
141 -2.1840352068220032 -1.0755377795445142 2198
142 -6.061252001028564 1.1815169000150905 3637
143 -3.0718457221074136 -3.124030427087637 2952
144 -3.0793417600157214 -0.11746071667081737 1914
145 -5.988963442150849 0.1659889517128375 1259
146 -3.2371313230612477 0.5556569228385577 4083
147 -4.384177848784212 0.7247647864300791 1981
148 -6.4192488660427545 -0.6864557135675201 1019
149 -5.032712666932786 -2.5164774192477375 3863
150 -5.868947479061004 2.5987089299936628 2728
151 -2.5831582324717943 -2.2625815033213 4398
152 -4.198675909484367 -2.1274698698035066 4111
153 -6.722221712876061 -0.2317778731873375 4493
154 -5.0951165022338385 -1.6417538661723146 4734
155 -7.457487032141253 0.14423089324089644 2230
156 -6.729075747471814 -1.067161070884818 2550
157 -7.391997858144851 0.7169965232540052 2751
158 -3.8708247824225435 2.3757964314888946 1446
159 -3.2526942689122986 1.1796442531016673 4527
160 -1.577963242930128 -0.12211159720899135 1244
161 -3.6711181993962207 -0.6649334330122861 4288
162 -3.4376292705787006 -1.1101369567554813 2832
163 -3.695131471491568 -1.0087199811327503 4060
164 -4.144060701123012 -1.389740991807505 4369
165 -2.8280360370884683 0.09710109346657163 1436
166 -4.191143936248136 0.44258310068602263 3867
167 -4.322087157748117 -1.6604177018568802 1930
168 -3.616296562669863 -2.2943204525410663 4735
169 -4.324604595804549 -1.1402763021180393 1746
170 -5.083585029726517 1.9842442461541896 4426
171 -5.0476342201227125 -1.226919951981093 2574
172 -4.1790013975148534 1.634862981286538 4943
173 -6.461504123733494 -1.7207805426388267 1840
174 -5.2614966149754245 1.9060357167796327 3195
175 -5.559274625201863 -1.0746728409475 1336
176 -5.643500679373935 -0.006385610588151201 4854
177 -5.010476022427069 -0.6859456996745336 2271
178 -3.7382573381312527 1.2258380069333712 2111
179 -4.465523848511048 -0.2440599234987772 1860
180 -3.994086106762312 0.17987160604503719 4686
181 -5.422987833173857 0.3619044397509743 2409
182 -2.3315080244316033 -0.34009443081366747 2385
183 -3.88892189639286 -1.6766243777953045 3160
184 -2.276963355852883 -1.6554532005018558 4893
185 -5.772783777206786 0.7301609206824092 3972
186 -5.138421788145526 2.615752938321589 4135
187 -5.714058397095517 -0.7143785708837334 2322
188 -2.8272409412115143 0.8940664713579859 1450
189 -5.2523354019088675 -0.8238617504315687 3110
190 -1.9329967863247741 -0.3916579530245653 3436
191 -5.480761397333506 -1.7001022320357702 3647
192 -5.505564215510857 -1.400753313399959 3474
193 -6.783527448259992 1.482529847244503 1747
194 -5.261425777436154 -0.6393875572950237 4472
195 -6.405349835594023 -1.9381669809232507 2915
196 -2.8385124508122654 2.0159077152437614 2429
197 -6.214475819052773 1.1042360487684912 4912
198 -5.894263852176777 -1.9531201197745363 3912
199 -4.721204791630687 -2.6047000993953 1256
endpoint1 endpoint2
49 146
13 108
141 183
11 68
132 136
95 101
11 90
117 159
83 170
66 142
0 98
13 32
154 181
97 151
8 107
149 162
44 56
37 180
27 182
55 100
32 77
5 24
25 91
29 130
55 161
94 132
50 117
28 185
55 56
23 170
34 41
9 130
79 115
4 125
49 51
98 137
68 91
135 197
87 96
57 60
166 179
50 108
62 84
91 146
24 80
82 113
31 56
77 126
182 188
43 178
25 104
15 108
30 76
19 105
79 195
177 192
126 189
58 105
136 145
69 92
19 53
15 187
68 104
44 120
30 191
18 124
113 186
39 75
58 181
26 85
85 151
31 79
17 162
63 130
121 157
6 105
145 179
50 163
137 161
35 116
117 194
168 199
3 134
34 88
9 90
34 189
31 167
39 94
63 173
118 166
48 174
58 166
8 176
188 196
67 82
89 104
18 84
39 99
8 194
53 131
22 147
125 140
99 105
15 93
167 191
37 192
107 110
30 179
29 186
57 170
2 71
127 198
24 113
64 81
86 164
154 164
61 174
106 189
103 194
43 71
42 107
133 176
137 181
19 46
34 106
27 167
24 35
28 148
80 192
71 95
167 180
19 159
33 170
15 110
101 169
73 142
39 128
10 17
66 82
53 193
22 81
107 169
32 103
55 116
89 122
0 144
66 76
58 81
62 158
35 198
5 129
99 177
98 113
3 24
60 95
69 100
29 146
125 158
65 166
13 73
90 166
47 133
53 89
68 179
51 111
45 157
8 145
33 96
46 98
117 121
89 101
80 190
90 157
65 133
75 129
22 158
9 187
104 119
9 34
91 152
79 181
18 176
107 129
29 66
161 179
42 58
111 179
47 115
51 116
116 174
126 173
30 70
86 163
8 152
13 16
87 128
62 101
9 127
139 146
12 156
15 177
90 142
39 192
3 44
24 167
15 95
100 123
70 116
6 180
9 134
117 142
9 13
26 79
104 141
38 39
39 175
154 162
9 23
42 79
106 187
57 116
76 176
44 73
7 87
67 99
21 64
12 120
3 156
82 83
152 183
65 137
47 144
30 184
32 183
33 63
7 130
83 188
2 92
15 66
59 149
85 160
19 135
6 193
42 139
75 193
8 29
57 155
161 167
124 197
102 164
139 170
62 186
94 193
7 76
41 66
55 118
6 106
40 96
137 188
165 179
100 180
54 152
153 191
33 48
147 177
57 186
76 107
117 144
41 58
73 181
123 175
134 149
39 145
10 96
67 81
80 176
6 135
143 151
2 52
65 189
5 188
152 171
148 177
32 34
34 147
101 102
113 116
23 129
133 169
64 116
21 91
120 145
173 191
11 115
28 62
15 89
13 121
14 121
5 44
132 155
25 71
52 192
147 165
31 182
83 185
116 137
129 134
118 189
86 198
19 128
97 162
52 119
22 120
14 18
23 116
159 163
114 184
124 156
56 164
62 94
5 63
17 137
43 168
129 177
122 165
130 182
123 168
1 96
17 197
83 105
183 191
102 188
43 86
60 194
66 98
58 71
15 36
32 55
74 107
7 24
78 173
40 180
28 163
113 150
1 71
34 47
17 45
58 153
74 95
14 185
43 79
162 165
111 122
125 147
27 175
54 145
48 104
59 70
74 146
44 139
107 111
29 36
27 92
6 46
102 114
116 140
161 183
81 138
26 64
104 138
6 64
135 153
12 164
36 185
175 189
154 167
137 172
103 195
92 112
80 169
96 115
102 128
51 163
9 69
24 171
47 48
93 102
129 132
94 150
35 181
72 168
185 187
58 171
19 104
177 199
3 109
189 191
30 87
115 123
53 194
49 162
16 89
17 109
15 51
158 178
91 125
51 168
27 52
60 94
146 172
100 110
0 82
14 70
38 195
123 199
79 135
9 179
59 169
118 138
79 90
117 147
8 164
142 170
53 90
108 109
107 137
2 108
121 156
12 21
59 119
120 135
107 197
31 114
89 159
91 114
37 146
114 177
1 50
14 192
171 181
15 169
119 146
23 57
79 140
152 168
61 73
108 199
27 89
116 135
0 101
63 138
54 194
69 77
65 101
101 128
47 68
109 148
10 118
52 177
126 152
115 149
34 74
3 51
6 44
155 156
154 187
116 180
37 51
144 161
44 50
40 82
145 172
62 178
45 170
67 197
92 114
46 81
143 152
36 111
19 49
120 123
59 198
10 91
52 166
72 103
31 148
37 65
87 91
99 145
30 187
74 101
3 73
52 115
117 178
91 163
42 190
76 174
58 116
98 159
131 193
69 89
165 180
16 91
23 110
36 150
43 85
44 93
127 131
0 62
87 141
14 34
0 183
59 86
9 175
172 185
66 150
160 188
118 162
26 122
107 161
104 166
82 181
45 63
8 79
64 124
19 63
58 67
46 166
80 92
171 183
93 118
98 99
0 164
113 176
115 180
78 177
28 191
6 178
129 142
29 65
50 198
117 174
27 151
83 114
1 178
62 106
69 85
74 180
37 124
20 45
9 64
104 194
55 188
12 88
109 198
91 144
16 27
22 136
10 33
115 163
34 135
70 132
12 47
63 189
16 170
94 181
175 185
120 177
26 118
9 22
42 76
40 84
135 179
36 131
38 155
100 160
115 156
7 108
48 99
40 128
37 79
75 148
172 188
16 18
29 176
97 194
52 87
0 117
24 123
84 148
27 101
24 97
48 139
72 152
46 94
39 155
37 110
117 196
33 70
178 180
