nnodes nedges type
200 600 graph
nodename posx posy weight
0 12.473107312891388 -3.3259859179609976 1974
1 9.204056833384929 -2.200579887336346 1954
2 8.453726244581748 -1.3008648563151666 1011
3 10.37499161010059 0.2922234341598534 3995
4 10.586482482799028 -1.7455035493230386 4229
5 11.190529269432838 -0.7868556283939018 2420
6 9.18250496307973 -0.046779710074693164 3026
7 9.308999445013182 -2.5184018896923135 1550
8 9.214929616774105 -4.042140166447809 4820
9 9.523159347662908 -1.22386289567227 2930
10 10.516260981331397 -2.5003323873010146 3023
11 9.659869020351303 -4.022567569677509 1047
12 10.66551778426207 -0.3508343724377638 4081
13 12.420202403043273 -1.1859408543246508 1453
14 12.026728406407202 -1.0054067549931835 1648
15 8.809835911014215 -2.732545016342705 2257
16 10.281316485288114 -1.2486697365128787 4790
17 10.759450080584092 -3.7229378366675574 4621
18 9.935088883483902 -0.9229181169202934 4538
19 10.270623379442998 -1.9551113240324305 1569
20 8.363182354788607 -0.784483848441307 4022
21 9.533027681941498 -1.9557172006497274 2609
22 9.186235502754183 -3.0341363914230954 4788
23 7.8219910445269445 -2.703475070013748 4865
24 11.644514281078754 -4.0788407194762675 2958
25 11.121574060874067 -2.8016078100821704 1724
26 10.485577042388618 1.0002546659741847 1027
27 12.207037518420746 -3.80116749718798 4737
28 9.643719344797844 -3.2128446518849105 3568
29 8.383121045881492 -2.5101274594520695 4788
30 7.813320013963976 -1.1827174796349762 4031
31 12.182546295729692 -4.3210396366203 3772
32 8.015035756936689 -0.37826876114550584 3449
33 12.859129576847971 -2.2771814969523527 4194
34 8.511147365275033 0.04578187730806251 1376
35 10.981572080436747 0.19876454579399275 2413
36 10.506507808263123 -0.2624886798403169 4839
37 8.364550270109811 -3.6730074555406036 4633
38 10.195997422329569 -5.303049854105836 3943
39 12.244052855962241 -2.013069245925662 3431
40 8.431764929654369 -3.3011036143602484 2733
41 9.80715141800295 -1.5385868288158469 1610
42 9.794720111538254 0.18238779114015205 3695
43 11.224716982493574 -1.6372190027286144 1563
44 9.861351104305148 -4.461312667993422 1183
45 9.240888058196866 -1.08640569948844 2171
46 11.216813924570015 -4.168253063049691 2519
47 10.178196606643528 -0.6568665535506343 1731
48 11.067393941777551 -0.8665510910771564 3955
49 10.121929020750187 -2.1719775697789654 3355
50 7.917841013926686 -1.6867836999608885 1317
51 11.464381973964674 -3.2048166332119297 4969
52 9.025119159939807 -3.2058900000413377 4414
53 10.957471752397758 -4.3373611557099965 2342
54 10.059480660100167 -0.49695091544638587 2016
55 8.965931688676697 -0.28964600600343954 4697
56 8.106945991383748 -3.5219180685944966 2132
57 10.482528449434815 0.14866894021526172 1878
58 8.997124487059228 -3.772531953646677 2065
59 11.834276782202199 -1.1240640338196513 3587
60 10.36409235125692 -3.7296183300975243 4037
61 12.346839775777887 -2.712976643064109 3698
62 8.986952569362536 -2.472357068994204 2865
63 10.26087714890876 -3.029396690997397 3397
64 10.70012102287537 -4.843702663943342 2512
65 11.818088914731751 -1.7259433369762882 3517
66 9.440421523701225 -0.17634404833523715 4538
67 11.328344906668999 -2.416838053107831 2303
68 11.419756265727214 -1.6182114584990774 1434
69 12.28122307183604 -1.6523390794798947 2786
70 11.319105883775302 -3.7713231043779634 1571
71 11.58061726069325 -3.10064443460452 1990
72 10.582960289121736 -2.090384494997631 3356
73 11.537703158291258 -1.9540663562306926 4993
74 8.116091293027514 -1.65244887187657 4847
75 9.654159771845293 -0.5385171111697478 2594
76 11.41372652620532 -0.224292450936154 2067
77 10.878992279495334 -0.10195408139006801 2962
78 11.653065497632157 -0.01321370220232198 1817
79 11.965365554338213 -0.5070828018752631 1781
80 7.242785591762297 -1.9457026951219087 4323
81 12.330392765300182 -3.0383682022525056 4375
82 8.74838702744264 -1.3680559411788684 2613
83 11.292966955234474 -1.3276307008469772 1439
84 9.127566861938318 -4.58909107141114 3986
85 9.987384951342205 -4.69140864000254 2919
86 10.881350214060001 -1.3369090423547279 3466
87 7.195587468376438 -2.358163384429219 4655
88 7.986014739084452 -4.80390294266174 1356
89 12.03151078928212 -3.2840522656458693 1622
90 10.232780797064114 -2.462500874620363 3151
91 9.272760327609745 -3.290319606641382 2052
92 8.922583248347374 -4.418576130943968 1005
93 10.877684410713933 -2.4892365253454685 4179
94 8.90395644551285 -0.8206635454242648 4896
95 11.915897695948248 -0.25937990243397346 3127
96 10.489659833485486 -4.594380335156169 3659
97 9.214714221979387 0.37887929669989273 4172
98 10.909040652864855 -1.573720890812291 1823
99 9.881365329671441 -5.1406980199682595 4978
100 9.08823511884502 -1.8392484384384267 1424
101 8.532249259538647 -0.7639326814662846 3682
102 7.799296605103848 -1.8514571508517688 4165
103 8.087255379772516 -2.804312886232912 4462
104 10.411053872711157 -1.4754296187451394 2191
105 7.033672136798414 -3.3331508079678644 1211
106 11.672784712477473 -0.7797558480604346 3837
107 10.052049051571245 -3.4075856212896607 3397
108 10.740135294438117 -3.312168052629018 4075
109 11.899534298192087 -1.8391764497208187 4468
110 9.262254983789541 -2.304900223453886 2506
111 11.990272567387372 -2.7164125266803962 3847
112 9.077778911314489 -3.4384723096128305 3307
113 12.28218002871514 -0.5592234004975764 1981
114 10.649725253539351 -2.8304379348561666 1994
115 10.783318221036309 -3.4227820147503523 1564
116 11.615833953061193 -2.9344376632355567 2851
117 11.276471234170979 -0.28944314484220235 4033
118 11.63497611956958 -2.431133946852099 3413
119 11.784195678661217 -1.3156859312897584 1612
120 8.20567641850718 -5.772902965040866 2420
121 12.505037755958236 -1.7127927614627556 2360
122 12.0663480437322 -3.081507207316489 1178
123 9.550127236247969 -1.5471008956291132 2653
124 10.825819061914373 -2.110552280618352 4967
125 7.651550942876857 -0.310454474926394 2621
126 11.49033501422354 -3.952802676517827 1533
127 12.87070302378853 -3.0109065691371377 2471
128 12.255893852583723 -0.8726223911028651 1723
129 9.749243898551654 -1.0589321934516382 2706
130 8.773396850984334 -2.2056068952526093 3241
131 11.339208184877972 -4.366015728068234 3290
132 8.553072555492895 -2.1063654098666995 1789
133 11.273376660360407 -1.0191523217873204 3985
134 11.9038202698913 -4.357241277707207 2481
135 8.617561713962852 -1.105727517588839 2283
136 13.390245629869938 -2.3769452474198536 1320
137 8.332637150577694 -3.1047550429561452 2061
138 9.503505524386876 -3.711295501679796 2144
139 11.061013465740713 -0.003487378045791985 1815
140 10.977928473189953 -2.9221334407042425 4757
141 10.307306859238874 -2.587443973269811 2630
142 10.043140312553241 -1.9513514148338804 1868
143 9.889157237871052 -3.5614918309707164 1692
144 8.696808579870904 -3.2129885911575107 2097
145 9.748966479919343 -2.8459782413784342 2539
146 11.793423582142577 -2.5214898707423714 3584
147 9.030707973434863 -1.672860213267653 4507
148 10.185424452288146 -1.1522667817371588 3797
149 8.98898314116239 -0.1487859691841053 3439
150 8.66481362317811 -1.5709491695726978 4704
151 7.935514677244579 -2.1663207614375124 4887
152 10.490485450150992 -1.0128806366911356 4570
153 9.87926812115637 -0.14695182220886036 1991
154 8.943232335414217 -1.4348193003781846 2560
155 12.438176210584157 -3.7413684740238464 3262
156 9.823755629928893 0.5288144825815944 1445
157 7.890552154295923 -1.4472639269169865 4162
158 12.536577302171228 -2.4993124856363518 3908
159 12.170500007021147 -3.594561755631251 3471
160 9.692646036554734 -1.9389084398694294 2001
161 10.476178475688737 -3.7631302167789724 1714
162 10.066732992103796 -1.3528300992478797 4711
163 9.750649251619253 -2.5559531437492526 4142
164 10.061484662822876 -4.231836423946034 4833
165 8.792027947956074 -4.730356095935714 1853
166 12.674739808767324 -2.3103964062139473 4534
167 8.41376054311237 -0.4438108970973136 4800
168 10.544365507863168 -0.7691139183153052 2851
169 9.414434468552734 -0.7057236325486874 3664
170 10.29167443316379 -4.16056668414216 1187
171 9.387024228418065 -3.920019047425486 2246
172 12.000028410504381 -1.5390604087095663 2264
173 8.331736822743196 0.6899279823899119 4263
174 9.71608259696172 -0.24372973229365552 2177
175 8.821668827496293 -0.5138368008356152 3379
176 10.022148617748899 -3.041403872656066 1775
177 11.151909796917396 -3.4217710936165378 1744
178 11.054779066640906 -3.067037977035885 4242
179 10.159513327153448 -3.7277652165102553 2424
180 8.1271053990381 -2.9585019297404362 3331
181 11.823654791851444 -1.982328892566642 4529
182 10.748545448008244 -0.8850433003358938 3014
183 12.06953346185031 -2.563486158560676 2580
184 9.9457069303394 -2.3562160507345946 2063
185 9.482864397974577 -2.934639580130746 2374
186 10.80697873298319 -4.455132154734489 1147
187 9.198148236703375 -0.8618030601240894 2334
188 8.066343120620258 -3.1672438547242923 1723
189 9.513067418140487 -3.529522162421507 2881
190 10.724504353585667 -4.263321517924746 4915
191 8.164325110485215 -2.32083967362394 4964
192 11.33043272130072 -2.5848257245619584 4036
193 10.301427236369939 -3.30043055897396 1838
194 8.826244625750949 -2.8922494337862905 4098
195 10.014650375630342 0.00011908910239582138 1140
196 11.514898532321375 -0.5003712150391952 3223
197 7.909257859538736 -0.8864222369427306 4765
198 13.118783740959376 -1.8463713214402633 2234
199 11.752066567436662 -3.711645846849791 2217
endpoint1 endpoint2
27 46
156 157
115 177
66 148
5 57
11 90
58 190
6 54
163 194
74 94
137 194
92 189
120 165
58 130
164 186
37 180
56 194
58 103
14 196
22 157
63 194
45 104
48 77
37 194
19 148
7 44
18 36
20 82
7 189
33 126
86 152
28 107
170 177
108 141
1 176
89 115
100 187
172 199
75 124
6 32
45 123
118 178
41 43
25 104
3 68
4 94
135 151
116 176
51 126
86 185
144 165
41 180
145 160
73 136
162 182
87 154
59 127
27 31
129 194
2 7
127 134
35 79
98 115
20 54
12 123
75 150
13 113
34 162
176 185
16 141
107 112
180 189
174 175
1 130
24 146
71 172
46 185
37 147
153 154
47 188
18 93
146 166
76 158
13 106
14 72
21 147
172 181
23 62
63 199
15 84
58 188
25 122
82 125
83 172
25 193
106 119
98 184
17 155
5 72
80 135
43 49
47 95
135 185
84 115
40 112
1 52
8 194
6 156
18 110
100 132
98 192
25 160
167 191
19 150
153 175
71 124
29 186
66 135
107 132
110 147
90 93
21 126
56 110
30 75
91 171
69 192
42 182
96 116
10 112
168 181
71 184
15 188
50 137
5 41
40 163
62 90
67 159
97 167
83 160
50 94
18 55
47 75
74 187
102 184
10 123
86 139
34 101
49 187
177 178
103 175
9 168
112 189
3 169
63 67
107 114
70 122
117 146
47 133
147 149
160 187
129 182
149 187
78 83
28 93
48 169
163 193
5 77
51 111
140 170
93 198
58 88
57 106
57 76
71 107
50 149
64 190
6 16
53 184
52 90
44 143
34 149
82 123
2 74
54 169
39 182
115 193
45 150
79 118
77 162
33 121
166 192
86 133
121 142
133 181
104 178
60 109
16 110
55 135
49 143
97 117
36 79
28 60
64 171
103 145
39 81
148 164
17 146
132 167
60 159
4 83
155 181
160 175
21 124
81 161
48 54
133 148
45 169
170 189
52 185
116 121
105 180
86 118
89 146
114 186
109 166
9 74
16 123
72 104
152 183
61 90
10 162
92 145
35 182
32 173
24 122
40 52
85 138
59 139
35 156
13 139
26 149
19 83
46 89
163 171
23 105
15 60
95 182
46 186
60 192
19 192
0 136
178 183
43 106
114 143
132 143
9 176
17 140
72 91
107 138
72 184
32 154
73 181
13 59
77 167
27 183
70 71
109 152
2 191
57 82
85 193
28 130
147 182
115 183
5 35
48 76
4 177
144 151
51 118
17 58
46 107
166 198
168 172
170 176
2 182
101 151
51 161
114 129
6 9
128 181
65 182
45 98
9 162
40 160
61 95
16 28
26 196
0 127
82 138
8 24
65 89
17 170
83 122
17 85
55 123
129 195
43 81
138 190
28 144
4 16
68 140
62 94
114 146
101 104
49 114
67 131
32 175
29 169
4 68
160 184
145 154
51 106
149 152
42 94
123 142
59 117
68 72
17 96
7 100
14 33
31 158
56 171
48 113
13 69
112 151
130 151
58 191
110 161
161 190
107 140
18 42
5 73
65 77
22 108
145 181
158 190
43 79
130 197
50 62
49 138
7 123
47 160
25 90
23 52
43 128
98 195
49 108
104 123
1 193
17 38
0 122
14 158
117 129
119 189
133 141
15 102
22 103
89 193
1 157
22 192
2 154
16 76
78 106
21 67
12 152
179 194
91 100
30 147
0 190
9 47
21 23
115 164
51 91
111 196
65 192
135 150
67 162
154 174
177 199
97 154
28 99
32 102
83 98
70 183
39 159
18 73
60 96
100 163
19 52
24 178
74 132
23 74
21 54
118 144
50 100
90 191
38 165
130 154
41 154
6 197
33 172
36 175
12 63
51 108
139 174
44 60
67 177
61 155
152 156
173 175
137 138
52 170
75 142
15 169
4 130
143 176
172 182
4 39
28 189
48 73
27 89
10 179
43 163
29 160
119 166
104 133
178 193
74 194
43 48
8 110
62 161
140 160
6 97
123 153
10 108
43 65
162 163
42 97
80 180
30 132
56 180
1 45
0 70
71 127
115 161
22 138
66 132
76 195
72 163
41 174
91 180
39 172
97 173
35 148
112 124
72 137
152 196
46 111
16 78
48 146
41 193
10 113
15 52
62 148
25 134
7 114
0 39
69 122
45 94
93 100
118 177
131 170
121 198
25 109
68 181
37 60
122 166
24 31
135 174
92 164
43 196
17 73
13 140
11 31
1 142
5 109
5 119
75 139
18 130
141 185
90 189
36 90
129 147
16 128
85 170
57 187
141 147
17 141
110 162
20 142
83 168
71 159
5 76
111 181
64 70
150 171
54 106
16 82
30 102
107 199
138 165
19 63
33 89
3 139
115 142
141 178
143 178
100 152
0 65
17 134
142 179
1 91
8 10
94 168
12 48
108 124
1 152
58 96
64 115
19 68
99 190
11 154
10 116
25 131
125 175
127 159
59 90
3 150
63 112
48 66
69 153
122 179
101 195
61 177
17 171
27 108
80 151
121 172
123 144
49 54
21 101
65 124
14 174
56 87
15 147
7 86
47 196
62 176
81 186
111 143
70 176
168 184
4 9
138 177
27 51
147 197
36 119
43 116
44 126
39 73
8 56
9 142
59 148
42 45
53 93
17 53
68 183
131 178
15 107
72 178
20 102
70 145
135 168
187 195
67 69
164 179
55 148
111 114
50 191
34 197
22 160
