nnodes nedges type
200 600 graph
nodename posx posy weight
0 4.000061113807166 5.146992166992186 3966
1 5.669770145348341 6.348076903779168 1289
2 4.771101728344012 4.866810452492684 2603
3 5.445971403153661 5.744650707752682 1631
4 7.360930698575208 3.6156609767058514 2059
5 7.460003107098335 4.6753970951822135 4075
6 4.6526391323542935 4.494155046156664 2904
7 6.611637274448938 5.776472634844112 2834
8 5.604997311088546 6.584827618070159 1165
9 4.361313968759884 8.129756962018824 3307
10 7.85266044281653 5.601636109752844 1926
11 6.0759733044365145 5.503080720745154 2119
12 6.724043544998166 3.227564703222194 3227
13 6.950654490281469 7.2364068528751355 4748
14 4.854055198173872 5.512780029423794 2438
15 6.417388740747588 4.154542734606956 2924
16 5.949310542863842 7.814294715455522 1932
17 3.7044222861271745 5.945178384517831 3359
18 5.815774366567063 2.6715011939509825 2044
19 6.892021464469347 2.632959270979724 1662
20 2.6022717381979743 6.4102890174141045 4725
21 7.33329659741357 5.661248496839585 2502
22 6.100361217815633 2.5210594695848685 1867
23 5.285480949136629 5.407897928244603 3147
24 7.291863011131865 7.349529713010672 3344
25 5.726907796953506 3.713983041299635 2520
26 4.323784320829285 5.6544896307546635 3678
27 5.200424889088686 6.955731495599881 2461
28 3.4739114486127347 6.358262246045004 3476
29 4.628412645820389 3.2121206336063133 4193
30 3.9847036039009356 4.75246856350697 1667
31 6.5516536531650384 7.558322338684978 4151
32 7.394508649737857 6.472775827280666 2098
33 7.788508663362527 5.786544150610774 2288
34 6.089804829965018 6.622854911435061 2999
35 7.264389011508834 7.661560622706307 3014
36 6.112153519682875 4.719900178180458 2654
37 6.734404580301561 6.283416738853809 1565
38 4.536683384049466 6.515803254443667 4974
39 4.593866031584658 4.750976577891255 3037
40 7.200908365172268 7.1071572025821 4164
41 7.301015180578987 4.202784953558045 4168
42 7.592373487088811 6.410291090416143 3017
43 4.845348943130541 6.075818308875266 1825
44 5.733562998630834 3.3388924188345745 2791
45 6.623200116248348 3.4945452925738096 3174
46 7.311034240008221 5.029865486286557 1953
47 2.98024745803142 6.892158076000712 3850
48 4.241042486304367 6.709120431032712 1351
49 6.741651457586594 7.080910113572722 2395
50 4.240248018604723 4.071478202307222 2982
51 7.586744896443483 4.113069906538317 3170
52 3.96386163090092 4.358604268757552 3258
53 4.661700853483659 5.219528545159576 3831
54 4.625121587353143 7.476003687425893 2435
55 5.3395929428425415 4.0589534318601 2401
56 5.060326232572838 3.945157374293689 1850
57 6.8046738640570235 5.071440032994266 4702
58 4.309462841885791 5.161010475754403 4034
59 7.888149194593434 6.571325088277655 3403
60 5.845298425938503 8.001055649405659 1771
61 8.839861080114176 5.535725743378003 3974
62 4.81845796848723 7.081457539470194 2519
63 8.773855921131222 6.142374430896727 1418
64 6.448477640880849 5.938040642411297 3984
65 5.5359582072404745 8.197485759804536 2477
66 5.434940817776487 2.2914713615199434 3250
67 4.0331088831897715 7.605986530430663 1761
68 4.631610601986773 4.025467887066259 1669
69 4.248995680449926 3.767603340063876 4371
70 5.092104107100094 5.918299518194725 3032
71 3.427207223415171 5.489587707922626 3960
72 4.540324975810412 6.227683495324484 2914
73 5.87181466762516 5.62606974300849 4261
74 4.847882554823588 4.096300326740316 1338
75 5.534974520780914 3.250155051865716 3818
76 5.144928549499612 6.455291409971743 4424
77 5.3603240125566725 4.577768952650157 4794
78 7.893292691086779 4.589489718707379 1988
79 6.190727968129545 7.912412055225035 1980
80 5.010935829981191 3.8520276182113613 1552
81 6.026312505108299 3.6146604468686774 2376
82 7.625454323283923 6.82008436783331 2445
83 5.25395951556021 4.947242642705732 2989
84 2.865660464101237 4.909136397669803 2432
85 6.933685654122889 3.4640394915887627 2113
86 6.522645302621942 8.001892892894887 4156
87 6.74275446523667 6.756403335850611 3726
88 6.913663285082424 7.466901987028513 2947
89 6.256281490566097 3.802915987961626 1227
90 6.5242470678211655 4.93364526214468 3238
91 3.282056376317626 5.976159999524103 4453
92 6.164566191244141 7.315090877628356 2629
93 3.8271317828388822 2.999147526757371 3898
94 7.828137121604226 4.2319418184081785 2499
95 4.742314797868575 6.732599572672605 3678
96 3.778367381782826 7.272189291707509 1011
97 7.17373750871105 3.0076165697927086 3627
98 6.943267190445722 6.012776093761224 4243
99 5.310170003432171 2.9543768123022964 2590
100 3.412201495648486 5.2044318292494935 3730
101 5.793254283689203 7.193144011690712 1321
102 4.838600392787178 5.8697730909861034 1087
103 2.3338838799061183 3.9598398212415997 3831
104 6.898674773185336 3.930843949395527 2649
105 7.199044959709586 3.855296651122096 2231
106 4.134257142718447 3.364301769101393 1823
107 4.826371080589752 6.359821244144615 3640
108 2.2872403514970276 5.181356263820958 3546
109 5.3495048343859555 7.141900460908223 2858
110 5.474734706424471 7.074845282441074 3957
111 6.370977599946113 3.0225516518349007 2619
112 3.900693066435317 7.366877096694997 3800
113 4.227042725595363 6.886045730314382 1939
114 5.125533942138881 5.551286789821864 3442
115 4.705826080305476 3.7484518656259773 3511
116 5.834290330220917 6.895150681441099 2794
117 4.533185060607121 4.283500550523057 2616
118 5.046391180219084 3.3564298833533357 2095
119 3.7425704058803233 6.575806301416779 1597
120 6.265130031714629 4.879376939534567 2398
121 6.136143944419961 4.097974231042652 3237
122 6.404162092162623 3.377872471748624 2045
123 3.4739805624773528 6.909630180255495 2953
124 3.4047703133464653 4.389341885078686 4306
125 4.5464441244589 3.5615331870559763 2431
126 7.234360011709845 5.190106547105143 3821
127 5.251354249808423 7.527564292982792 2053
128 6.3814781839357995 5.4436672058665225 4946
129 5.700583381704778 5.330406161989382 2378
130 6.1105549569086115 7.210595111821516 4683
131 6.558157721565763 4.764149197445347 3040
132 6.955679616259057 4.621530308347587 4186
133 6.697730500100417 5.587440415623993 1538
134 7.7531498051488486 5.1661182728859405 1625
135 5.472112987362283 7.877290832501103 3254
136 4.527663279957681 2.977017386191534 3078
137 7.461617907771862 6.145565199316767 3636
138 7.884674556636284 3.8321734889747097 4756
139 3.755056859294308 3.657147925369508 1301
140 3.2930549749452096 5.490090946375219 4362
141 3.0737678652247857 6.282468476508373 3085
142 6.460784692676442 5.581977673786554 4541
143 3.730505863677743 4.113113353358004 1698
144 3.7902726935229536 5.49560461467496 1879
145 4.022997724597766 6.64988581695894 4530
146 5.611630438685601 4.9306011175605144 3489
147 5.019134401777996 7.957699405667212 2323
148 7.653892668412417 7.133086656155597 2264
149 6.597265820028863 4.303783674120892 3101
150 7.679296588703703 5.964869884993739 1465
151 4.379541372894837 7.570517579911139 4939
152 5.949439141210301 4.027486704624007 1181
153 6.080623668458935 2.9016018669734995 4765
154 6.656859896519385 6.544043095851374 4043
155 4.411649545382748 4.955780671962127 3321
156 5.570955545548696 7.531034274380881 1653
157 4.076349153507231 4.065265449396558 1859
158 3.765501304313104 6.240212761342622 3581
159 5.948358877090235 4.642374531312186 2270
160 5.248480760947317 3.2907079380331328 4023
161 5.0214819593788995 4.962744062713791 2125
162 5.866758080321259 5.015836104441093 2667
163 4.3591704736048635 6.369002815874369 2217
164 3.8044031560680525 5.342118329824781 3962
165 5.873546615343832 2.8098927266612717 3349
166 7.9880990182080565 4.960772690310705 2369
167 6.813961403761188 4.439046813517571 4146
168 7.158514117142534 6.677570812034495 4185
169 3.508066151850233 4.704984683067705 2292
170 5.783929079517458 5.916508436583975 1860
171 3.075122739561366 3.8825191380808146 2889
172 2.860457275090393 4.449775763725364 4453
173 4.874577234367289 7.6410619333477126 1608
174 4.586791716827333 7.218888166017334 1143
175 7.1700251889212385 5.812418834524493 2647
176 4.399579264332785 3.3184863266520463 1195
177 3.9196916997565547 6.757848035324783 3995
178 4.197520016010949 6.101925018228343 2961
179 3.6856944503395797 5.141399809611834 1517
180 5.368131270068135 6.715664770272241 5000
181 5.649574142978213 4.34426427595329 1070
182 3.8769864549037174 5.791943088023656 4308
183 8.118072786541807 4.994703395887461 1898
184 7.033523161488167 4.231178623650759 1262
185 8.013070514457642 4.832785236571573 2347
186 5.766361488695809 4.693109678524774 2223
187 5.4029854979124385 5.361429863963118 2403
188 6.505338004472244 6.802404479403433 1851
189 6.159886076221523 6.236204537538227 3660
190 5.178359946604062 4.169489254740334 1114
191 3.8083347739916262 4.7852544402683534 2855
192 4.948868347417285 3.1485040689396113 1639
193 5.695438552473169 6.02010037494322 2839
194 4.233065563207087 5.468691351911322 4211
195 3.7458570416582972 4.4985151245249115 2558
196 7.18835268570506 5.384990671497454 4216
197 6.032909988632162 6.045688096239429 1361
198 5.4081478289517735 6.055642917078658 2015
199 6.0308228122270515 4.415009502047393 4052
endpoint1 endpoint2
48 112
116 158
107 119
11 90
33 41
60 174
132 150
52 68
18 45
0 17
8 113
30 100
14 162
90 152
40 142
109 151
8 87
71 100
82 92
106 139
157 179
78 89
61 63
42 57
39 179
73 189
64 198
105 132
152 193
44 55
37 189
169 186
126 186
120 146
44 77
41 85
83 90
55 125
37 135
30 136
25 58
12 159
115 153
101 150
48 110
114 190
50 139
72 100
85 186
81 97
113 129
36 80
13 82
26 74
58 170
69 161
142 162
155 182
33 148
17 50
56 115
19 105
65 88
67 163
37 166
40 86
114 197
155 172
39 57
86 147
120 153
1 137
164 182
159 162
75 176
7 110
84 194
58 194
88 142
12 81
68 118
72 113
94 152
181 184
122 184
11 180
26 144
68 192
46 92
121 157
3 121
110 112
65 109
138 166
90 159
40 137
64 134
71 83
66 99
34 88
48 114
90 185
104 111
32 193
10 168
46 133
68 146
50 120
81 117
160 176
7 168
135 163
97 149
45 152
76 191
12 132
6 122
25 55
23 89
34 180
23 55
53 131
36 77
32 37
14 117
71 124
30 56
83 181
44 162
59 154
17 156
101 198
54 79
4 81
157 171
89 192
107 154
91 171
82 168
45 52
51 97
52 145
36 128
16 198
46 80
6 125
104 183
70 189
18 105
53 140
77 197
121 199
54 70
63 185
57 149
157 164
120 181
13 42
154 175
70 146
29 199
95 174
31 110
81 190
140 179
42 82
53 100
82 189
129 192
2 5
71 84
56 167
75 136
123 198
0 73
27 67
31 198
85 149
45 131
161 186
74 83
110 135
187 199
43 58
32 126
68 194
187 189
24 49
173 174
6 129
102 149
36 122
167 170
3 39
146 190
1 43
115 181
161 194
2 80
100 124
31 40
26 90
132 146
19 121
95 156
36 189
162 198
140 161
22 69
13 16
140 191
11 155
109 147
106 195
8 196
41 122
159 198
90 142
43 133
53 129
118 133
68 155
85 167
190 199
20 112
27 119
73 161
138 199
52 117
4 196
28 73
8 159
7 185
47 102
14 54
61 134
21 64
43 95
34 104
33 78
100 141
74 152
75 149
18 136
13 116
98 110
25 74
58 182
116 188
0 106
14 142
38 187
2 144
15 22
87 150
11 137
70 170
109 133
155 198
50 164
39 152
1 62
113 164
30 163
38 127
39 71
56 143
100 119
78 175
58 177
10 183
117 186
91 187
163 195
92 188
170 175
76 95
26 101
24 150
102 177
76 188
23 102
13 21
69 107
8 86
141 177
75 153
32 34
31 42
139 194
120 197
155 190
64 94
22 97
26 108
55 68
126 181
25 152
162 190
99 161
40 116
64 145
50 176
2 182
18 106
154 156
127 194
92 178
129 184
83 159
53 125
23 116
67 95
71 158
95 173
62 177
7 81
155 195
34 102
49 134
51 166
20 164
102 110
15 76
87 197
73 168
45 134
107 151
17 163
155 162
33 128
38 147
7 193
163 173
2 136
23 107
129 196
99 181
51 175
37 148
114 179
177 182
9 113
131 142
88 148
112 177
6 164
3 34
84 182
79 130
176 191
89 165
28 163
141 144
117 158
156 180
43 161
106 118
180 187
41 167
42 63
145 147
139 165
62 163
36 178
164 187
61 150
13 156
56 195
130 197
126 154
93 115
83 197
4 44
68 152
186 198
41 134
27 92
102 197
53 174
42 133
49 70
58 160
91 178
10 134
70 128
73 188
1 114
62 170
38 141
42 64
16 76
105 183
168 180
25 128
26 62
59 196
140 145
98 121
78 149
1 169
118 124
43 112
99 111
146 196
49 127
8 189
35 60
106 157
175 186
95 129
122 152
150 184
3 109
139 169
96 173
15 21
98 129
167 199
55 117
5 111
80 160
15 51
8 70
27 189
111 118
62 92
46 131
80 121
35 37
79 173
57 159
29 74
14 27
38 52
0 29
7 72
82 183
1 24
15 56
180 194
15 131
14 39
159 176
74 143
57 77
89 129
127 148
128 187
161 195
9 180
100 115
29 160
3 181
38 182
26 71
41 165
70 143
53 77
169 172
3 194
107 164
73 131
2 129
19 66
87 129
18 85
44 111
26 53
13 98
43 130
75 157
0 70
104 125
70 119
1 199
116 142
27 116
154 187
103 108
155 178
123 158
73 132
36 129
170 188
48 146
41 90
80 171
64 149
60 107
126 131
56 187
101 147
38 109
28 58
48 71
109 193
110 177
23 37
91 151
103 143
4 51
2 95
160 165
151 173
41 185
104 153
6 83
89 121
10 120
8 72
44 93
6 143
59 86
3 130
15 162
38 193
132 142
75 118
6 30
53 190
35 188
5 59
119 141
79 175
75 199
0 96
27 120
121 184
54 112
65 72
170 174
144 181
72 157
182 198
21 83
5 137
80 191
60 87
25 51
115 142
84 93
12 75
75 111
47 141
6 43
139 195
50 81
98 183
107 128
8 179
11 55
4 85
155 191
55 69
74 170
23 124
57 114
24 130
76 144
106 192
30 172
95 119
33 188
35 59
7 162
132 160
30 193
55 66
11 189
114 199
123 144
44 74
14 55
41 199
105 187
1 173
102 158
55 181
7 10
64 163
11 198
116 151
181 186
4 166
142 167
33 175
52 125
17 53
189 193
37 161
83 102
133 166
102 191
34 96
138 184
70 77
114 178
23 70
67 113
