nnodes nedges type
200 600 graph
nodename posx posy weight
0 7.186989791823491 4.133072092469987 4989
1 6.594029468999562 2.8730275411452277 1038
2 8.871317292016169 2.1710685183817118 2428
3 6.050938589545564 2.8903883859262267 4191
4 4.238992462101523 1.3451451626445259 4402
5 7.686620154294163 2.6360030510561994 4864
6 5.177356718700983 4.340482056481554 4725
7 4.827298445452861 1.4868488337969175 4048
8 5.294268361579792 3.836541267712669 3285
9 9.0844098717129 1.747686126234035 3144
10 7.176335751375489 0.17992465538234995 2620
11 7.110423353395722 -1.3942194286142735 3701
12 4.1897312984890025 2.393482640257926 2184
13 4.924715708617568 1.3243724727455273 3343
14 6.831483970429475 -0.657211403657461 1810
15 6.98090190627166 3.7325860823848473 2068
16 6.434553160001762 3.7702978752359804 1799
17 5.46471519799096 1.6112531914483812 2021
18 7.215588382058973 3.6426655158628507 2422
19 7.342525423708751 1.138335406372332 2976
20 3.5386316481041358 2.259446909400445 3456
21 6.153378181387488 0.612064022667046 1905
22 3.928840371153226 1.2587656799064815 4723
23 5.941099766689276 1.7496011604298598 3545
24 7.354964286343458 2.9629292920378334 3535
25 4.64413321063157 0.5270782742603926 2022
26 8.975448793286088 1.0460752394046477 2105
27 7.897150831818389 -0.8039196333906874 3119
28 6.656385090202528 3.700763405779422 3024
29 6.638582301274926 -0.6695759864293763 4810
30 8.437160654566679 0.46632776360552347 4219
31 7.680773207029086 -0.3014421100005339 1320
32 4.830198458527834 0.8155810614890838 3859
33 4.645807579450733 3.6616371516112407 1422
34 5.811787636068023 0.16151484362497268 2932
35 5.017507635127723 3.0305795380521947 4974
36 6.7766881810974935 0.5175690702026285 1973
37 8.479922315518934 0.20234460691891448 3466
38 5.92928780600195 4.041786653415782 2874
39 6.556152294448767 0.3805303274145262 3012
40 4.862202257811076 1.6666491076049905 4052
41 8.161257959718146 2.8097438472448486 3161
42 5.942427127273696 2.0389985542478937 4011
43 8.374034116177313 1.7846974329661294 4864
44 7.127543264963103 1.6383777962160364 1378
45 5.595863042942421 -0.7578468832939874 4424
46 7.788328602008927 -0.10154063392490491 4910
47 6.961580014771904 3.526203447579055 4850
48 6.349247478614486 1.432015675578757 3958
49 9.604838301542502 2.463011050615576 3078
50 7.526002928412705 2.95925662418999 2428
51 7.8629280474831305 2.251699704303813 4597
52 8.234785654186542 3.449710903905282 2785
53 4.352351270139618 1.8439590755910928 2531
54 4.885180314119979 -0.2905041935169423 4770
55 7.973963963005104 3.0709832345690704 4360
56 4.339173686319346 3.2225284389586477 4022
57 3.368875312562785 1.595790801997596 3448
58 4.682948125573919 2.8153836159357484 4089
59 4.964239839737209 1.0753441993160449 3575
60 6.803574274139654 2.4504373577778975 1010
61 6.325749774333853 4.169950234788016 2366
62 5.29543453801693 -0.28682856601017015 1453
63 4.259913084062172 0.8950741369037862 1449
64 6.307245486710936 3.3698522364409498 1537
65 7.203812054878589 -0.4128739138639505 4497
66 8.279434861527387 0.7673218850200471 2910
67 9.63674675129712 1.3442465966284287 4990
68 5.919071273245634 0.0003507504874236435 4791
69 8.620992961928112 2.3801505645458865 1026
70 4.542687981803143 2.5310360248912986 1957
71 8.720644012828526 1.7698340476136498 4234
72 5.511710289419134 2.1094593544677838 4165
73 5.636846499843504 0.3236819302215163 3029
74 6.038549820089059 1.5616887584640733 4494
75 7.266169329824316 1.9268171412420505 4718
76 4.434266929029724 2.0912085611574267 2063
77 7.691353394196485 -1.0161462596242987 1818
78 7.856527292238512 1.0054975465850406 4269
79 5.635065955207403 0.6909494596907751 4919
80 5.704167831522897 4.007351744814407 3619
81 5.644553515121899 1.5670155417504152 1096
82 4.5355287255970795 3.1562443940537603 3705
83 6.921002491476252 0.4191865961410295 3054
84 7.426140620486337 1.8791970583983528 1049
85 5.259450369045116 2.3365838189938715 1812
86 5.5904602239317995 3.6721001912483344 1344
87 7.887865536567946 1.526280113325893 1873
88 5.737671870563044 3.1944516575515443 4230
89 6.154743969195243 2.1785810769824794 4968
90 8.89235272996203 1.3676011555659784 1656
91 6.213038770432662 0.22557967259473946 2817
92 7.17991874707976 0.7481550806210848 2282
93 7.805979317897015 1.989336978033748 3038
94 6.849861020709666 2.022887128605705 2397
95 5.803360654491348 2.516708424669108 1305
96 6.29500432536266 2.0078100957988814 4460
97 6.107976895635744 3.5693772380913127 3578
98 6.186770478588019 2.5336673701674024 3233
99 8.637445274376656 1.1388390439527465 3680
100 7.613137986628595 3.751659549487505 4075
101 6.595663831025772 4.155716408603767 4204
102 6.612222965058354 -1.1401353613437923 2768
103 5.732164365164107 0.9532044106478527 4241
104 6.680367755053333 1.4894912135196554 4931
105 8.385323329999139 1.401847088041686 3273
106 8.023141874417215 0.4789497322540519 3434
107 8.060181707644928 1.9141465236677135 3495
108 4.055368454974013 -0.12095322480102824 4037
109 5.155018738353478 0.7376968742033101 1987
110 7.446796853254355 -0.25193246444835077 3448
111 6.046722232813897 1.0620208510655649 1026
112 6.832326099310818 0.992082698589505 1161
113 9.215962242705512 -0.0546640717381042 2956
114 8.30054342182904 1.2590979215183973 2115
115 7.973081079018129 0.8955819977258243 2221
116 7.112649129627188 4.7341803463264 3022
117 5.560526838301 2.3062187057208243 3741
118 7.93326473105214 0.045356203852801015 1312
119 6.423097004044749 -0.013382923384320592 4939
120 7.759546450695035 1.68279202898892 1059
121 5.9818852168761705 -0.5498659745382514 2768
122 6.6005827352038375 1.2270739817801923 3323
123 4.500611876008732 2.410956155903644 3080
124 6.415925885440672 2.942741163505172 3390
125 8.167767126760532 0.20027098163061263 1047
126 6.358426741154124 1.7540125414931886 1866
127 4.768078925461439 2.015718352693628 4845
128 7.878647749147511 3.454786144998287 3325
129 5.182420415485483 1.844413460657309 1121
130 7.660371876368747 1.389291958686054 2888
131 7.615394199378499 2.410194436086873 4715
132 9.063109147409548 -0.577554073447629 1647
133 6.619257155189963 1.6583304957735274 1048
134 6.840218322097427 -0.1578382521681004 4573
135 5.35760667411434 3.22429569166606 3582
136 8.033455024201155 1.6882094288913116 1238
137 7.7085192696086695 0.14919098575348946 2399
138 5.54243743933817 0.6046071723638654 3438
139 6.997989841832029 -0.23559805878894435 1396
140 6.069149851857253 0.9336222503354008 4155
141 8.830955970849745 2.6693150942297743 3514
142 8.68027010204637 2.573366748040451 1670
143 7.029859242599646 3.1377534632618467 2612
144 5.00809868346776 0.3417312236210569 4858
145 5.76507912998766 5.458946832176449 1541
146 6.883368803007399 4.246361042183138 4374
147 8.824365502478212 3.209041994522483 2035
148 4.529365615167949 0.8867330660745398 2130
149 5.017659306940755 2.440968107855209 4955
150 4.303782687323454 4.031136363929801 3595
151 8.439245350960793 2.613992882220913 4307
152 7.490696360567423 0.7673844301328003 4476
153 6.027476803347407 -0.16917104962270568 1808
154 5.155165670833681 -0.2022071475850632 2305
155 5.8360085185862 3.2333904094168986 3430
156 8.318197949596989 0.9359052970687108 4820
157 5.015089243651269 3.1835849651444215 1430
158 7.060569884274201 2.2779788898957416 4039
159 9.236952332175154 2.0694191239945994 1429
160 6.422305840296627 0.7884285688925259 4502
161 5.699303946494395 2.2378173150563594 3686
162 6.260377023510215 -0.6854871529457388 3133
163 4.407864757099899 0.023094051594866324 2734
164 9.037814847382249 0.7362015385563425 3140
165 8.41723093593863 3.4049660545757954 1420
166 7.434948843862032 2.601197248578713 2560
167 7.367658089932254 1.3809824946896172 2618
168 9.157587238370064 1.4730747299889715 4833
169 7.084552380867077 2.9620644916640737 2211
170 8.594119140166828 3.0717814648132653 4037
171 6.117282396443504 4.446616169742449 3414
172 5.738017488686256 -0.08111763437955452 4118
173 5.600467470334451 2.6471305756942543 3306
174 6.966375597260232 0.6986353418320137 2870
175 6.732522170721233 3.2675171988497196 3915
176 5.0477372872007775 0.571292952714641 1829
177 5.8648711867927075 1.1766403059937935 1314
178 5.087729246212377 3.579078026941564 3269
179 7.720613480679009 3.447895041131217 1553
180 6.358264150148683 2.689337722264639 1662
181 7.030685863107443 1.3259364561258764 3293
182 7.256479601182851 0.610631661976382 4868
183 5.869819843502406 2.6489008080403 1294
184 5.256583628793364 1.0116332387425804 4927
185 8.808022104792586 0.5631078818547536 2328
186 8.195646636198347 4.015835794690817 1413
187 4.829024684267201 4.253024700682057 3553
188 4.470377053788105 1.1308290038250062 1785
189 5.200650678640395 0.03641993452447027 2660
190 7.64227621457762 0.5092310171070115 1274
191 6.959823259014471 1.745612192693717 3948
192 7.661209975000746 2.818994630546443 1170
193 7.379256144781904 3.3270578093215724 3792
194 6.26109552883225 -0.21426671818632545 4097
195 6.243023113401057 0.9573729756128916 1576
196 5.1988792342374115 2.808970752668479 4684
197 8.066163808323566 2.411067013953141 1371
198 7.993178777782887 3.442641943814961 3563
199 6.28904537166881 3.003336329163818 4950
endpoint1 endpoint2
68 138
54 153
19 169
13 108
173 195
38 124
17 131
118 160
74 94
65 78
5 84
133 175
52 136
51 60
63 111
5 24
112 183
34 182
43 120
27 194
67 142
17 158
75 93
34 138
27 105
41 179
80 146
11 134
92 119
62 104
115 153
19 44
96 104
133 195
198 199
94 143
41 43
6 58
51 126
44 46
12 184
28 98
47 198
51 131
90 106
59 127
18 72
27 31
64 98
34 103
2 168
3 129
25 172
138 153
28 143
98 109
3 60
25 79
103 139
116 145
94 152
88 180
0 192
42 144
92 138
129 176
10 48
32 134
91 167
150 178
107 172
98 155
33 98
37 137
12 20
68 73
24 146
96 153
125 191
166 173
36 120
41 115
88 149
80 127
52 88
8 33
91 134
69 147
93 182
48 174
29 68
78 84
32 157
132 190
80 135
37 168
46 125
40 68
44 193
130 168
133 173
53 104
62 138
86 135
43 78
42 96
62 103
18 84
91 195
93 114
81 84
36 77
85 191
15 93
114 159
13 160
76 194
69 166
103 109
44 184
31 91
28 192
73 133
13 148
126 184
5 101
124 170
8 64
135 199
194 195
125 133
44 131
124 126
72 76
129 155
151 180
1 74
129 189
79 122
123 148
83 134
43 197
94 195
30 84
158 169
78 114
141 198
19 55
170 192
44 92
66 197
47 177
3 24
96 97
21 174
89 191
75 136
48 196
44 122
22 58
9 87
74 111
81 88
12 196
36 89
19 138
26 83
34 154
61 198
23 25
106 133
16 165
7 58
130 181
26 125
12 56
3 85
72 156
111 144
23 100
126 140
87 139
30 130
60 86
45 81
89 128
141 179
8 35
44 143
78 176
26 90
7 140
161 179
129 161
67 78
126 173
54 195
16 178
8 117
34 119
30 114
2 49
93 112
172 174
5 167
34 75
93 141
78 93
101 196
156 164
47 120
73 161
66 191
79 127
41 183
155 171
39 60
140 182
143 155
10 126
134 189
35 74
94 105
30 31
36 118
65 137
93 99
108 189
55 186
147 168
10 43
99 118
42 44
110 152
39 164
82 135
51 66
2 118
122 167
24 96
83 136
10 31
30 90
131 192
112 195
102 190
58 95
87 140
64 131
166 174
46 156
35 89
49 147
100 105
136 193
43 137
160 199
2 87
23 180
0 75
106 110
87 192
47 135
35 38
43 175
73 83
0 97
68 189
18 183
32 154
184 188
111 180
1 123
88 196
18 198
119 192
70 173
71 168
107 198
6 135
111 120
8 86
21 60
70 89
114 134
68 121
183 193
56 150
44 137
38 72
17 32
44 167
106 115
28 86
110 140
115 195
16 180
49 90
14 130
79 112
20 81
38 143
76 86
82 173
137 174
30 110
22 91
35 97
37 152
111 129
3 8
23 85
71 191
48 109
53 56
75 103
133 196
56 157
89 177
95 104
100 101
18 143
78 185
84 160
17 25
119 184
128 193
107 158
79 121
29 115
5 71
42 178
155 173
120 152
11 27
40 123
145 187
41 198
69 93
36 106
78 158
177 189
23 195
71 113
74 96
84 175
2 197
87 197
117 149
93 190
48 182
60 142
10 29
15 16
31 106
86 149
42 94
61 157
39 154
40 98
137 162
42 199
117 124
65 110
55 151
19 194
46 162
5 151
61 81
37 81
85 183
84 156
129 138
52 69
131 186
130 177
126 174
64 89
79 117
26 99
51 180
163 184
3 140
65 153
2 50
140 154
90 131
69 115
72 126
74 124
97 181
106 136
66 134
148 153
119 189
93 170
90 92
136 191
36 48
1 114
51 120
13 50
11 14
1 157
80 169
55 124
96 140
1 169
103 183
19 156
5 42
74 103
21 23
107 122
122 190
77 125
60 155
33 171
36 160
98 167
121 177
31 111
7 83
0 6
16 89
120 128
15 186
99 142
85 88
9 78
109 162
104 105
59 74
39 74
65 167
152 161
3 166
103 138
50 126
123 180
12 33
104 158
169 171
17 76
159 170
90 114
73 154
82 183
24 147
1 24
26 165
75 142
24 95
130 149
24 69
53 163
36 45
88 89
157 183
63 138
58 129
23 98
94 95
162 163
127 183
46 78
24 55
21 177
146 158
5 158
140 148
50 143
74 144
21 34
99 104
23 44
52 197
36 84
66 190
44 185
65 68
76 82
117 169
169 191
127 188
121 144
56 187
116 193
173 187
124 129
72 103
9 166
13 117
12 85
172 194
64 161
147 169
2 198
14 103
32 172
53 95
4 89
16 175
68 181
29 79
4 103
155 161
94 192
86 150
44 71
87 151
24 142
5 128
173 180
39 110
48 197
89 190
131 141
176 188
39 162
73 172
85 148
28 94
111 181
12 57
26 159
79 104
8 146
32 127
91 94
63 149
15 58
26 185
21 83
188 191
7 96
86 101
56 175
13 103
34 184
139 195
161 178
42 59
174 181
42 160
116 175
15 101
39 40
149 173
165 166
105 168
92 117
104 179
24 130
169 197
115 151
49 142
22 53
118 121
68 103
39 122
61 64
131 167
141 159
15 98
96 180
121 172
10 21
134 152
122 135
21 184
23 83
141 164
55 181
93 98
57 176
7 32
54 184
48 95
17 138
130 159
36 59
92 136
55 192
74 87
143 197
1 97
96 161
5 107
133 166
89 127
50 165
31 113
158 182
138 184
40 135
23 70
85 199
73 102
48 199
