nnodes nedges type
200 600 graph
nodename posx posy weight
0 1.9283918115900023 -0.42183154960077435 1429
1 -1.5752795976494174 -0.6436963457580758 3551
2 1.6190466716422647 -0.002029118124013965 3015
3 -1.2271119780501945 1.492174239030811 4321
4 -0.5487618756473944 -0.2597842920135653 4627
5 2.7331678912363 -0.5629078916390148 3608
6 2.764124615381878 0.5121246607366942 4917
7 1.913251940589806 -1.0796835321983504 1187
8 -1.9806552344466182 0.28323723823619124 2170
9 3.0964264279444556 0.16689395166614396 4496
10 -2.052411748733291 0.9693948278027356 3200
11 2.939212116988772 0.50180614118413 3164
12 0.3083169448288226 -1.4509741939711776 2194
13 2.372959272133737 -1.4795841925186934 4578
14 -0.8114040110412732 0.9674897310103833 4767
15 -0.7907014908326315 1.5433826652309073 4157
16 0.7676346223202718 -1.443077647468227 2044
17 1.7059671679810375 -1.412016507326716 1467
18 1.4450959587267462 2.336668593657396 2883
19 -0.6974176858433577 0.8183180466039931 3326
20 -1.570121537280539 -1.361968412107065 2157
21 -0.3658068729170214 0.9579775818484045 3817
22 2.144652373671622 -0.11137775594633534 1401
23 3.018590213828712 0.026172602896196405 4093
24 1.0547129515724696 0.9488826109317944 1305
25 1.4220633989372362 3.0110259126747576 3398
26 -1.5988286284082431 -0.1932316212600538 3826
27 -0.8115742823372054 -0.5758105658477445 3076
28 0.40998578602429997 -0.6785874390002941 1703
29 1.2824719388012122 1.6089719813776693 3463
30 -1.304740163349935 -0.045841288488190524 2187
31 2.7577157481777497 -0.87183726966022 1191
32 -0.9622496239740042 -1.3623321025808768 2039
33 0.31884482597307584 1.5372356562123979 3605
34 -1.6003136330091852 -0.5259657399939309 3496
35 2.343790634554492 1.3974416346116032 1035
36 -0.9825432977083891 0.3745072955200082 1681
37 -0.3229103090515239 1.7810710179744849 3202
38 0.7125561049507124 0.23711890626487644 1720
39 1.609627227821734 -1.502736913277591 4034
40 0.6940272030866157 1.9350330442392143 3061
41 -0.2696794595165024 -0.7902496284802526 3006
42 1.757022252949372 0.4204896113834832 2677
43 2.779357290087458 1.8843644996623883 3560
44 1.6012178221672573 2.1330168104716085 4640
45 1.1067602366793983 -0.3612564342264236 3189
46 2.7929723366749593 1.6782932807870294 1138
47 -1.074868352960722 0.8342915798502806 3888
48 1.4899216296782325 -2.2934686001928797 4417
49 2.866340544557368 -0.9577742936036435 2903
50 2.807897143675498 0.7393131161746511 2982
51 0.4670241025005184 0.47099742980115433 1507
52 -0.9908906821961007 -0.9695460741078015 3155
53 -1.6482753921387776 0.7373861688914954 3595
54 -0.703187667002644 1.8788823926458982 1825
55 0.3455496838596637 0.05731820595561851 2426
56 0.7609397321163606 -1.0381888722041674 1818
57 2.630956832483987 0.9622225954119545 1203
58 2.384091832964394 -0.28499989627921724 3230
59 -1.650007686768849 -0.8560216013976032 4794
60 2.1102114769685256 -0.604954235512049 1822
61 1.437984120888491 -0.8823384186852434 1123
62 2.0421983017470793 0.287430546389847 3360
63 -1.9882622805852432 0.03238811757210459 1303
64 0.05826858844979296 -1.2966397535360807 3464
65 1.4407489737868004 0.535061617625891 2379
66 0.3369232840387527 -2.269629939347308 2374
67 0.05573314384063042 2.1420157467427523 4407
68 -1.5125784588339484 1.083178752726391 2178
69 -0.5413379982398099 1.2976738233027934 3403
70 1.5785126816267656 -2.092913339374849 2608
71 2.113475521568821 2.443527853610507 2928
72 0.8034271904803918 -2.4387057220379487 2454
73 -0.31508060845760166 2.6880985056602493 3928
74 0.40927357442230183 0.7012641755840091 4992
75 -0.09170547808210457 0.4090447781851693 4000
76 0.7444643546704516 3.2911995124663536 1232
77 -0.5058581190783675 -0.9571331382395789 3399
78 -0.11117718156498052 1.1380038842524454 3584
79 1.780918759186075 0.8500595566166451 3191
80 2.300938071736587 1.8874133894450544 1968
81 1.224640264358512 1.896279037960741 1077
82 -1.1018883408114197 -1.3354709717633375 2488
83 2.19243942942246 -0.9410497801809413 1528
84 0.30422470981429234 0.9000047331586463 2674
85 1.0584586493263413 -1.245409465411908 4672
86 1.1541973650761574 -1.396229419677559 3106
87 3.028001833726551 1.2209285840018635 1253
88 -0.40182617854000785 1.1529920281697983 1986
89 1.2151912903507531 -1.1376798903767973 2285
90 0.6183376710026316 1.298352907152758 2364
91 1.0983768104177072 2.203806566629927 2831
92 2.0911129197304663 -1.4296609139721008 4458
93 1.8068295382226875 1.6452513020685566 2226
94 2.680426914833745 0.3444137752407084 4694
95 0.562693310059144 -0.8617776498781285 3000
96 1.9558139145243816 -1.7130954607262976 3412
97 1.3219949406740248 1.3043760760584135 1446
98 -1.1291828398929618 -2.1081085855048967 3500
99 1.173254568449847 0.5434860380560931 2612
100 0.06309569625983277 1.2913009752081033 3152
101 0.4199158467201867 2.3421736209213773 4851
102 1.2466003914477217 -1.7068588084957137 2039
103 3.331052943449639 -0.09815145282634749 2405
104 1.4305612134168446 -1.1056881037089905 4698
105 2.830161515230484 1.3330406690902419 2391
106 0.23467430102874176 -0.9336011957483584 2396
107 1.6595358793161932 0.8821595513670978 3838
108 -0.6995894642823272 -0.5178759524981036 3423
109 2.417152506301262 2.984693904333597 1423
110 -0.3274198824824393 -0.42927060273561257 2169
111 1.0082689543170966 -0.7716509293716527 2581
112 2.0956655582960164 -1.107827313509691 1795
113 2.6027979866270976 -1.4203610439836067 1375
114 0.4316610295198643 -2.558923649526193 3641
115 2.471178394038877 -1.1989999738735044 2397
116 0.8755926137189644 2.681477975585282 3734
117 1.9489441448563931 -2.315438393356043 1402
118 -1.7691006565879366 -1.0551443943678471 3263
119 -0.2908281528402929 -0.9880631992914357 2720
120 0.8274164306986367 -0.08111512841874961 2337
121 -0.11263101290368309 0.5849435670121619 1527
122 1.0934932019712464 -2.4618793206186553 3111
123 2.4799688431976072 0.534897372134446 1902
124 0.9389728699771832 1.7831206691916588 1008
125 0.10374339771345419 -1.9886438108240492 4245
126 -0.6165438734383082 -0.048185183365164204 3996
127 1.350483032497097 -0.25986296095223066 4284
128 1.844283140004525 2.5200554992441373 2807
129 -0.10888619539871972 0.1926606447644226 4154
130 2.175898431403463 -0.35148198835412836 4211
131 -1.8693882776569881 1.589349879909002 2235
132 -0.7106384885145107 2.1108060839760343 1816
133 1.4935385488411657 -0.6852360455086368 2463
134 -0.9672462902303384 2.3733272293888144 4956
135 -0.28299021271396985 1.9528865606249848 1761
136 -0.34580155627191156 -1.9866797306870843 3757
137 0.8705263866079651 -0.5006570442041784 2969
138 1.5006293494556333 1.7066265166003574 4337
139 -0.07937611727805945 -2.2972268615731775 1808
140 2.9548329825864195 -0.6371005509883676 4794
141 1.7912539020127634 -3.0536555805563945 2443
142 -1.2884236240755564 -0.9206715019140358 2286
143 1.146179208221977 0.06589520798343308 2928
144 -0.25034269977209544 0.4807165147884186 3331
145 1.305347668314134 0.24350925537743717 1555
146 2.3605242771166197 1.0910143065089413 1678
147 1.3714551629986504 -2.654267273133853 3390
148 -0.116065071857503 -1.7470284686489805 3972
149 -0.8129930120467103 0.5457212886161728 2178
150 0.04882829959624709 1.72171464231703 2014
151 -0.18740070462285036 -1.6076796213035616 4279
152 -1.2178166656980352 0.5997238527411992 1541
153 1.7396402906801036 1.318357760859409 2777
154 -0.46824292148899044 -2.180365309862479 3105
155 0.35327908373314526 -1.751727950630363 3592
156 0.6144158793948262 -2.1496722883892168 3410
157 0.9261565367783212 -1.6593198194729344 1147
158 0.6008433994189197 0.6529223381415852 3064
159 -1.460870614270325 0.6382454235083163 2856
160 0.08775856886407157 0.2942250753653843 2062
161 1.2514707904001987 -0.6956783081086648 2526
162 1.309540050501864 0.864999766304734 2937
163 2.1485648848847734 -1.7165777841681353 4273
164 -0.9461487162448134 -1.9731243227720345 3245
165 0.7795439292313907 2.2446748529061655 3747
166 1.0359585911651228 -1.7825048854213241 4073
167 0.18729489829068455 2.9387666679857833 3564
168 2.7077226674712906 -0.026203669657908664 1825
169 1.9522178260926892 2.125177586440866 3246
170 0.36610180137886894 -0.21524108783360713 2475
171 1.5816624148870055 1.5204260691527816 4031
172 0.45103939147698685 1.6925594333044989 1639
173 -0.05447402562329951 -0.6480299049126781 1264
174 0.06349406784441178 -2.663436593296311 1172
175 2.126819795922287 0.8339887585961328 1374
176 2.817670363095348 -0.4095262701926237 3014
177 -1.4916094078281237 1.4513258314238962 4787
178 -1.7162465881640128 -0.3764674338173033 1250
179 -0.6401735097151156 -1.7562578552908228 4757
180 -2.800332897603791 0.05705588538355724 4737
181 -0.312714699812846 2.138326168572025 3219
182 -1.3538973129074783 0.21633294740233402 3507
183 -0.5465012043829331 -0.5053900502460466 1812
184 0.6226928164804524 -1.649612559027783 2990
185 1.8998213703025433 -0.07308503614395372 1211
186 0.18739638692688929 1.2747578677711997 4739
187 -0.5967609391562914 0.3071044063808575 2264
188 0.26188743512628454 -1.220931317046573 3925
189 -0.5653264448538617 -1.265771287503499 2055
190 0.9334992694760589 0.825005954780307 2497
191 0.011627850894616067 -0.11278398227360623 4993
192 -0.049244151196733164 2.253797838946773 2221
193 2.1143838217607445 1.623169155494568 1383
194 -1.1971624549943773 1.974615944965517 4092
195 -1.8170164361953738 0.5540209416396888 3965
196 3.8776196868624453 2.451287706144953 1867
197 -1.0937883897664966 0.01349810654567294 1666
198 0.5673354297487184 -0.2781955409702127 2691
199 2.07861839847865 1.1777904105442591 2128
endpoint1 endpoint2
50 96
95 198
5 31
172 187
24 92
13 70
78 172
47 134
39 92
101 124
102 122
56 127
4 104
16 190
76 167
88 197
95 144
0 17
33 101
139 184
108 150
90 152
62 97
91 193
56 58
74 149
166 184
161 199
125 142
82 118
73 91
60 62
18 175
36 55
120 172
37 54
79 115
69 194
80 146
61 144
107 190
138 170
51 186
90 99
145 193
52 189
62 145
88 135
71 123
119 157
83 184
2 64
38 90
51 126
56 115
27 110
1 110
72 147
17 110
120 127
140 143
24 40
173 183
71 90
2 168
102 156
25 172
176 185
81 90
89 163
129 158
72 174
39 161
16 163
85 151
94 162
95 143
38 190
60 143
24 99
40 93
2 111
129 170
48 141
42 95
5 105
89 125
124 190
126 142
125 191
148 198
26 164
3 134
75 143
119 147
25 80
10 178
116 134
106 119
150 181
184 191
78 126
7 70
83 113
51 145
48 61
13 155
74 175
69 78
95 184
44 80
27 136
75 132
77 152
46 51
70 92
95 108
161 197
37 192
186 199
155 157
102 115
85 153
11 43
67 150
8 183
2 97
21 126
36 186
13 49
72 136
14 129
154 164
56 110
22 193
16 77
56 84
77 183
68 69
66 117
36 110
26 63
20 41
114 188
4 20
80 109
85 184
59 189
19 159
90 181
4 187
179 183
18 190
29 199
155 174
66 82
165 171
81 190
118 197
0 7
82 189
21 75
158 179
27 188
92 102
42 124
74 133
66 102
97 123
100 144
93 129
160 197
46 128
17 23
112 147
132 171
160 187
15 119
131 182
24 101
29 192
39 185
51 111
79 105
27 159
119 198
110 118
33 90
14 36
143 149
37 116
34 86
12 74
146 190
79 143
69 145
50 80
38 183
100 195
1 126
31 92
162 198
140 161
33 121
106 176
52 148
126 183
65 158
55 135
2 49
15 177
52 59
56 62
19 178
55 189
43 124
13 123
52 198
113 140
4 190
88 170
67 152
156 164
3 67
149 183
79 127
7 185
123 145
51 99
12 189
32 98
55 121
90 111
137 187
55 156
35 74
40 159
146 176
99 144
7 11
5 23
47 144
6 175
7 130
113 133
63 68
69 173
59 139
14 142
55 88
155 160
26 149
22 87
73 150
137 188
21 73
13 28
64 102
30 124
15 135
44 94
77 136
6 140
146 171
65 130
19 166
38 198
24 91
72 117
31 45
48 85
11 91
106 110
93 185
95 139
20 108
67 172
17 166
123 175
83 145
123 133
88 97
74 160
107 198
138 162
33 88
61 114
64 154
137 143
102 139
24 188
27 173
6 153
10 84
60 61
149 194
57 143
36 191
31 94
98 174
44 54
127 170
120 145
35 97
181 194
96 113
3 8
112 173
95 104
0 89
88 134
78 185
30 183
64 173
25 71
96 198
83 185
31 57
106 122
104 143
35 153
12 161
81 167
61 170
145 161
82 164
95 173
158 170
42 87
133 188
0 157
45 65
75 177
12 122
30 148
56 164
80 97
0 169
62 199
72 86
3 74
113 157
167 194
45 160
144 177
14 63
21 192
1 26
23 107
65 110
33 69
6 130
114 179
100 182
66 98
17 122
2 162
22 161
65 128
3 34
94 130
85 183
76 101
9 61
119 142
16 32
34 47
85 145
28 89
100 192
37 169
40 67
8 149
170 183
43 79
121 137
39 96
86 120
34 82
44 109
64 178
28 33
99 102
7 17
24 74
6 46
142 182
18 172
63 82
79 84
41 168
84 129
54 78
42 175
120 173
37 53
22 103
58 138
41 178
38 58
133 151
49 50
85 117
9 99
59 121
37 121
41 126
48 111
78 149
124 135
102 154
21 45
37 67
68 135
40 162
3 54
105 116
84 162
23 162
126 127
119 186
57 150
39 129
53 194
81 191
61 130
27 30
31 117
44 99
97 100
6 163
113 185
31 185
97 199
7 148
83 166
129 183
65 80
135 165
124 193
98 152
33 97
45 184
138 167
188 189
108 154
66 96
17 120
134 194
100 158
89 171
116 153
27 89
9 35
72 95
29 160
33 165
83 175
53 77
2 103
56 104
76 91
32 106
101 128
12 106
100 191
146 158
26 53
143 185
0 185
75 157
114 156
64 170
39 86
102 112
28 82
76 116
47 121
12 45
136 161
19 101
22 198
22 95
19 75
96 117
82 195
94 104
173 187
141 166
14 91
79 146
152 182
99 145
121 198
11 35
25 109
186 190
160 165
29 79
47 108
43 196
47 74
145 191
137 189
125 163
180 197
162 175
1 160
27 54
21 52
15 162
108 187
47 132
2 112
65 86
151 170
82 155
42 185
88 195
182 198
5 86
53 108
63 149
137 166
12 136
5 137
125 188
2 29
77 130
37 144
55 106
2 190
126 151
2 55
32 75
28 38
4 170
60 171
92 156
8 10
41 60
16 179
32 118
87 165
133 170
6 103
66 95
8 118
105 168
62 137
32 108
159 187
55 99
52 179
26 51
41 121
19 181
11 112
21 153
14 120
104 127
15 68
59 159
151 184
16 49
4 197
121 172
107 181
79 100
75 190
112 163
90 150
68 110
84 192
68 131
19 160
78 131
70 108
0 168
5 22
142 189
50 67
7 155
13 176
0 107
130 185
42 55
6 81
111 174
115 127
28 127
83 102
40 97
58 92
129 197
43 87
84 106
61 120
0 137
2 58
