nnodes nedges type
200 600 graph
nodename posx posy weight
0 2.183725382571025 2.003240900840615 4821
1 1.3624290440415634 3.3516818554888426 1726
2 -0.1279448652968826 4.403881610807028 2973
3 1.6190683694261345 2.191486116973553 2054
4 -1.8292778070925688 4.441020564837998 2348
5 1.5072041605137285 3.7189263365189635 4703
6 1.4408113823577287 4.280224518338643 1639
7 -0.6634474514732868 4.035354778207407 1263
8 3.1207179506575224 4.062299637507178 4470
9 -1.1652653626406777 2.3025446901539914 4125
10 2.4884297696782123 4.8519134430630455 1444
11 -1.0965148046296964 4.30552688815718 4780
12 3.024867990796209 4.907423376132362 1093
13 1.4543532049538421 5.846298973459554 1076
14 -0.7865206829429527 4.7050182583618385 3643
15 2.3115548816047236 -0.14353452454820734 3277
16 2.112487363315035 3.662773225188217 4192
17 0.2088027077244278 0.5218544334694931 1255
18 -0.4118953750008948 5.140899400792822 1736
19 0.08363408557421119 2.322458832784714 1555
20 -0.2347409289490906 1.9773936416111266 4140
21 -0.11166250850633964 1.682716254916534 1649
22 2.0815174596024253 4.36140987743831 4564
23 1.4453790614172601 1.1568666282030173 1507
24 2.5836782988506766 2.9031134686952624 3148
25 -0.4692283596116479 3.4907191645612565 1192
26 0.7806026931201726 5.356567935824726 1828
27 0.4815660084597481 1.9826714360731037 4937
28 -1.3308301682726533 4.053754594317014 4994
29 1.6374855503971997 0.6757060427708037 3020
30 1.195928594013951 1.165700825018826 2390
31 2.931358229409336 4.34367072377191 4166
32 1.8134440260943314 2.8459981087646433 4113
33 1.6289650555939403 1.2352835131886302 3175
34 2.569077309003539 2.658575458343317 1399
35 -1.1019430132026609 3.8086948657457875 1102
36 0.025109049464102976 4.985488308860237 1467
37 0.23046532502072942 4.10117281328234 3495
38 -1.1610656369498429 1.8078491427413295 2676
39 0.8819344149248831 2.430407403948712 1835
40 -1.4576353692349726 3.8141438760355912 4633
41 0.15099029767102562 2.113527250393493 1795
42 -0.3494241022879569 3.7364523041563587 4032
43 -0.8585392540712133 2.5617200255227917 1120
44 1.8523197981024262 2.5299296777487355 4606
45 0.1242573549145762 4.82431736057515 3401
46 2.0044419100712294 1.13037362046507 3742
47 -0.9973443210234182 2.8449173090833466 2983
48 -2.225639812258616 3.791815667366081 1703
49 -0.012817544767059878 2.5851329904195923 1529
50 1.5986909054081855 1.5458105538749891 2165
51 1.431683990266126 2.3906531101958044 2808
52 -0.5723249854377811 4.496740438165848 3810
53 3.3827937014336005 3.5949887503057663 2714
54 0.6037154657942871 1.3763577184754794 1639
55 1.0699830767112233 2.9508371992366818 4053
56 2.231629759940993 3.7844031325560477 1590
57 -1.3924794488381371 2.340521232251228 1095
58 1.1413591173739854 4.8084488734439965 3567
59 1.098378403810749 3.50634857980324 4358
60 -0.39102903454563326 3.972712596387409 3840
61 0.0815870377407581 1.635431856207556 2062
62 2.752682438712525 4.115458109955033 1085
63 3.72329045520489 4.061065016636186 1903
64 -0.15990887380844784 1.0573641515592966 4206
65 2.303140907722211 3.5974239717198553 2204
66 0.8180379339452003 4.229237998600131 1278
67 3.022156051934475 3.7554617427348878 3521
68 -1.670687541301898 2.8330964872727633 2367
69 -0.6027373652661749 3.062846093406943 4165
70 1.6963207198677663 1.8548965670763558 4428
71 1.3614326328467559 1.8736252819798795 1609
72 1.7346223087088368 4.882552522850765 1683
73 1.1771251436507237 0.6764315699843442 3501
74 1.448969146572584 4.825080239414803 4072
75 0.5337863934898651 5.148998737091519 1176
76 -2.030191850122165 3.3803948724015784 1226
77 1.3054713865711571 5.251595249841071 3401
78 3.7439922904463843 2.6215091800086143 2609
79 0.20232445792351927 3.0924829363208395 1767
80 2.393945763056845 3.230373053089857 4618
81 -0.5712408781436492 2.2793613130559756 1578
82 3.0147375819733577 1.7553530659139958 1950
83 0.4877507209399005 4.3813669973232265 1597
84 2.945781177669095 3.2876123282225387 2014
85 1.178496241131616 2.050208018160127 1355
86 1.7644837176158674 3.986558703465241 1841
87 -1.3235631002891082 3.5805603144359277 2354
88 1.9004000163109735 4.779668214423029 2536
89 3.4124175929006952 2.107803270757291 4804
90 3.2204615279884354 1.719477360676938 2122
91 -0.628576806704728 1.616968846181757 3614
92 2.8086792310804807 4.062508999831721 2178
93 -0.3551909960826312 2.4674773220955464 1629
94 -0.5592368147844876 1.1895501785784066 3425
95 0.9052730853444596 4.452934093171844 2829
96 0.4588127228617022 3.2249562901903746 2928
97 -0.28769473954969577 4.518572182651381 4040
98 0.6631339228042005 2.915426757683714 2985
99 1.1461146304992074 3.075161891170405 4399
100 2.6817250200563567 2.263855741662201 2254
101 2.4868764360845694 1.1928485772803268 2343
102 -0.2698851342196619 -0.046237372715449455 3561
103 1.7790040369420579 3.1420163227019144 3260
104 0.6660607101012881 3.55215151262818 1327
105 2.1124553851626375 4.526744308129477 3825
106 0.24291394611073805 4.002035027489664 1568
107 -0.9643707776303498 3.5033612120454576 4432
108 2.407853066818428 4.293182511760508 4755
109 -1.6534587490086392 3.04684070227155 3126
110 1.9314185278769405 5.490203747203037 3814
111 0.5068974308617741 3.7885699277276044 3457
112 -1.3583873970475626 3.097379593355681 4614
113 1.2043204868735413 2.3538269307412136 1834
114 2.8771030040571888 5.355904683018735 4219
115 1.001097622820572 1.3931946168154357 1073
116 2.78835302567258 1.9662665707702567 2967
117 -0.8897012856564981 5.4148866493044325 1322
118 0.38445685749825886 2.5000914341994154 4042
119 1.828066380655502 2.4696842238627488 3221
120 0.43154718031590766 3.583661712571931 2715
121 1.0999654614842655 4.9976667183327415 4327
122 -0.35407160579900754 2.0762001449622747 1840
123 -0.5599021885979635 5.7714821635807 4277
124 0.7685318341308904 2.429810085409879 4049
125 1.9057196025721461 0.5376494639598056 3463
126 2.6411217948623493 2.4459460968992075 3541
127 1.0997401668634765 4.475938764427697 2419
128 -0.4916844488863811 1.41158221246954 3356
129 0.6892471039380449 2.1014001828213735 4965
130 2.3188722128489734 2.0709713159128373 3553
131 2.305570436333494 2.904472482000088 1414
132 -0.6996876584971099 3.865523298089029 4315
133 -1.8927376180329913 2.643667903857977 2941
134 0.6028200022981453 4.833919067526744 2863
135 1.0710525754041398 5.419861068625399 3008
136 3.8137144814962642 3.145793852310598 1870
137 0.5246097081649213 0.9937228606624456 4159
138 1.6178095298418531 3.545286404536455 4534
139 -0.40205266308567544 4.7557412575468225 1408
140 1.2342995056951591 3.9437220851324173 3797
141 3.1560347357582126 3.4543102891427404 4781
142 -0.5682616847229506 0.943983280756573 2509
143 0.5800899237320775 2.553779259151691 2609
144 0.8892771696425585 3.886127938064171 1571
145 -0.011473065699333361 3.03893012297156 3422
146 2.2015478457848903 1.3701362571167492 3346
147 2.0423777715501608 2.3005157175087034 1730
148 -1.3523094116141074 2.522236195084531 1737
149 -0.856207077600268 2.087452758667879 2987
150 0.7044434309317371 0.9734436880822107 1476
151 1.6216458648038914 -0.3025126598012717 2728
152 -1.0492519722417226 1.0223546648357833 3815
153 3.0947371354588142 2.445358940331155 1851
154 -0.7640085829936413 2.744817699519552 4296
155 2.012429717378276 1.3388180691140699 4195
156 -0.05818806989473242 4.114488667472346 4863
157 1.951536974649447 4.047953245425687 2060
158 3.036452300515842 2.9058169260914704 1348
159 0.31623335438336464 5.995544370719923 3908
160 3.1030969465819265 3.1385899934493535 4118
161 1.7263078243023522 4.662180294801132 3284
162 0.22255260373062424 5.1318204568318935 4175
163 0.048830259268380805 3.716804433515969 1194
164 0.02600588422607587 0.8870689235853247 2640
165 2.111448414949029 1.852803797735262 1210
166 1.042254555839312 0.8751694118776091 2527
167 -1.1683209179149994 4.110962069804455 2569
168 1.2175661019181654 1.6735509280948606 1270
169 -1.42058183745073 1.3809449187303129 1006
170 0.2424439221832411 3.2455353453949187 4178
171 1.0809967036245256 3.6486372444513493 1606
172 -1.6570001261257923 2.2305137373709205 4827
173 1.5326758155744178 2.958034192824636 2940
174 -0.49659879990484584 2.9857416033287927 1624
175 2.1876604940348203 2.5751393620160856 4302
176 -0.919520847432416 3.176387815508496 3849
177 0.6550796615549079 6.046668317526932 4937
178 2.485647307827875 4.359819355690899 1672
179 0.18423253713902424 2.688858340118819 1119
180 0.8447621641077119 0.6496996122696984 4048
181 -0.3584717667630679 2.7495480508181074 3466
182 1.284646343557006 4.293878638226313 1765
183 -0.6350636162846085 2.000269479876717 1883
184 1.0820318328358611 1.2939646013833588 3525
185 -1.464750032917135 5.029182400109896 4131
186 1.651165567278891 5.276543210934889 3603
187 -0.06526748400084614 3.5327248331488796 2106
188 2.235807174991038 0.8001440251083167 2580
189 2.5436795053849837 1.8976496293070957 4001
190 0.7791427561786219 1.7781056358494183 2641
191 0.14448857635956674 1.1465273724356622 2511
192 0.4797856642699168 5.177323052395355 1430
193 2.6020282417597818 4.58303415403759 4707
194 0.11975029450060301 1.8860662780644304 4826
195 -0.15913489913439052 5.2646733477368155 1540
196 -0.9737596988757108 4.870099180049326 2772
197 1.4629860195602138 5.422109177514109 3894
198 -1.1226554043332795 1.4066840889569856 2999
199 2.7875935818624473 3.444998385217013 3041
endpoint1 endpoint2
0 175
60 176
156 157
53 188
57 185
30 51
32 155
100 199
18 45
106 170
17 64
90 126
21 81
125 155
42 98
69 106
78 141
146 189
4 35
80 116
161 199
34 79
104 122
27 93
49 71
131 160
35 52
18 36
132 187
24 111
67 186
9 19
104 175
71 160
59 197
1 170
30 146
48 68
72 193
62 84
119 157
3 190
112 154
128 194
106 156
66 186
23 153
96 182
97 161
72 141
82 165
107 183
162 182
1 137
83 99
73 146
52 132
25 138
35 79
119 124
43 118
171 189
44 120
167 179
70 98
123 196
10 161
60 187
147 173
36 95
94 152
85 173
41 155
29 168
18 187
67 168
55 85
129 170
86 170
112 198
87 147
183 190
73 155
121 157
86 140
93 95
85 98
0 50
21 169
59 106
166 173
99 154
115 179
40 181
16 33
6 52
97 179
4 76
76 124
32 157
5 72
53 78
30 64
56 103
81 170
16 86
13 18
42 96
2 58
57 87
37 127
27 174
54 150
79 176
9 128
11 43
61 180
30 194
3 65
104 139
43 54
64 81
32 138
37 187
22 193
126 184
86 158
95 161
41 91
30 142
9 98
62 110
2 181
50 175
30 119
36 110
44 101
100 131
16 121
69 133
31 58
34 131
39 170
179 183
41 51
55 94
85 125
137 190
87 123
5 129
1 56
70 199
166 168
128 143
108 186
58 192
22 58
19 164
30 189
68 112
7 28
19 138
70 122
93 187
108 110
50 89
18 185
98 191
110 135
107 174
107 196
75 171
47 190
12 108
115 143
40 145
21 145
103 130
157 182
88 163
69 187
56 105
169 181
17 94
12 134
120 143
16 193
24 56
66 120
21 71
19 43
48 107
1 44
23 49
43 133
36 79
0 71
31 63
48 167
40 196
33 151
52 117
120 176
33 137
58 106
72 144
11 25
89 119
111 140
57 94
60 66
57 64
52 167
3 59
74 98
26 86
10 140
40 52
23 149
113 122
117 177
41 184
74 86
121 182
33 130
2 144
10 31
35 109
80 163
50 164
99 179
60 192
124 153
25 41
128 129
25 176
98 105
73 194
3 32
141 146
47 135
25 117
113 115
24 103
37 171
38 43
39 187
178 197
5 75
66 171
79 107
67 178
37 104
0 54
109 152
124 144
49 148
22 51
43 142
6 22
90 175
35 47
171 199
1 195
94 169
181 183
54 175
38 181
93 172
82 147
57 143
144 173
162 196
176 198
47 91
63 157
45 55
66 92
78 100
49 171
70 190
145 194
64 183
68 96
74 159
59 184
167 187
100 101
186 195
172 198
103 147
0 127
63 89
50 73
77 127
47 122
82 138
138 197
49 83
149 181
28 75
8 126
17 85
45 167
28 97
170 187
32 100
164 181
127 135
64 142
2 171
66 107
13 114
6 173
123 197
119 155
6 26
99 120
11 36
180 188
61 163
104 156
56 95
11 139
104 162
134 170
5 141
19 59
127 140
60 194
44 118
118 149
28 133
33 54
28 42
80 126
5 56
70 126
20 137
42 154
83 173
85 145
18 42
38 41
101 184
88 99
14 40
80 178
71 73
55 103
108 173
85 86
5 7
90 131
71 103
93 109
64 168
16 39
156 179
160 182
1 88
79 84
52 106
31 88
22 103
53 114
22 192
96 150
62 140
15 151
145 192
143 158
168 180
55 131
179 194
44 100
140 145
7 112
9 69
69 124
128 183
152 180
46 150
19 156
109 195
29 180
118 179
106 120
107 122
19 130
181 190
84 136
111 196
38 91
31 65
122 152
29 113
8 131
42 75
14 16
55 95
51 103
77 177
46 90
6 119
137 191
168 187
62 153
5 130
77 139
11 106
66 105
21 54
80 99
0 82
30 188
59 74
71 115
43 148
110 186
56 140
34 56
31 32
35 37
7 148
51 70
45 132
106 174
58 113
65 74
78 116
20 79
7 72
24 147
2 134
8 77
26 187
65 108
46 190
80 189
52 170
25 87
21 25
3 175
55 165
103 131
20 139
111 176
116 173
17 188
41 79
61 148
45 177
75 161
32 106
159 185
108 175
97 118
19 179
50 143
10 80
13 197
70 119
77 104
32 191
41 132
127 193
20 119
61 179
40 76
35 148
96 178
91 170
133 149
61 173
51 96
115 116
162 186
140 181
33 85
191 198
55 126
51 165
146 179
6 13
128 137
37 65
2 37
99 145
61 91
110 177
72 77
67 158
60 149
156 162
39 165
9 25
101 168
150 190
15 23
108 135
131 193
61 128
165 180
92 103
50 129
27 54
103 174
178 182
28 49
34 92
27 44
3 168
65 165
50 124
4 163
100 118
27 66
34 155
23 24
91 184
10 144
37 172
71 147
81 182
44 62
144 181
46 99
80 153
39 150
53 108
125 188
121 132
163 183
141 178
115 180
49 111
25 127
102 198
53 161
131 190
81 149
3 93
74 192
116 175
51 119
134 143
8 16
79 113
55 69
6 103
84 126
5 121
21 191
96 112
89 136
0 34
43 132
104 194
80 105
118 154
14 120
60 162
23 46
113 131
42 129
7 43
5 55
93 166
111 187
36 60
42 171
12 160
111 161
111 143
21 184
143 154
45 66
42 112
1 173
66 106
65 136
2 35
66 157
74 77
108 114
5 65
46 116
38 49
83 139
33 129
122 142
17 198
121 159
68 79
110 114
30 125
3 29
73 102
43 109
