nnodes nedges type
30 49 graph
nodename posx posy weight
0 0 0 343
1 1 0 111
2 2 0 186
3 3 0 253
4 4 0 278
5 5 0 75
6 0 1 308
7 1 1 140
8 2 1 123
9 3 1 491
10 4 1 149
11 5 1 225
12 0 2 425
13 1 2 24
14 2 2 446
15 3 2 416
16 4 2 28
17 5 2 36
18 0 3 419
19 1 3 24
20 2 3 179
21 3 3 126
22 4 3 14
23 5 3 86
24 0 4 75
25 1 4 172
26 2 4 62
27 3 4 25
28 4 4 29
29 5 4 398
endpoint1 endpoint2
10 11
22 23
28 29
2 8
8 9
15 16
18 19
1 2
8 14
16 17
20 26
6 7
9 15
12 13
20 21
21 27
25 26
16 22
19 25
17 23
3 4
22 28
27 28
4 10
5 11
4 5
18 24
23 29
9 10
12 18
3 9
2 3
14 15
13 19
6 12
14 20
19 20
0 1
11 17
26 27
13 14
10 16
21 22
7 13
15 21
24 25
0 6
1 7
7 8
