nnodes nedges type
30 49 graph
nodename posx posy weight
0 0 0 82
1 1 0 165
2 2 0 351
3 3 0 150
4 4 0 486
5 5 0 194
6 0 1 422
7 1 1 237
8 2 1 105
9 3 1 143
10 4 1 265
11 5 1 390
12 0 2 167
13 1 2 446
14 2 2 72
15 3 2 51
16 4 2 184
17 5 2 400
18 0 3 135
19 1 3 59
20 2 3 75
21 3 3 315
22 4 3 449
23 5 3 121
24 0 4 251
25 1 4 390
26 2 4 260
27 3 4 319
28 4 4 283
29 5 4 282
endpoint1 endpoint2
10 11
22 23
28 29
2 8
8 9
15 16
18 19
1 2
8 14
16 17
20 26
6 7
9 15
12 13
20 21
21 27
25 26
16 22
19 25
17 23
3 4
22 28
27 28
4 10
5 11
4 5
18 24
23 29
9 10
12 18
3 9
2 3
14 15
13 19
6 12
14 20
19 20
0 1
11 17
26 27
13 14
10 16
21 22
7 13
15 21
24 25
0 6
1 7
7 8
