nnodes nedges type
30 49 graph
nodename posx posy weight
0 0 0 452
1 1 0 388
2 2 0 32
3 3 0 295
4 4 0 215
5 5 0 303
6 0 1 380
7 1 1 158
8 2 1 290
9 3 1 63
10 4 1 114
11 5 1 150
12 0 2 230
13 1 2 421
14 2 2 66
15 3 2 162
16 4 2 338
17 5 2 45
18 0 3 176
19 1 3 247
20 2 3 135
21 3 3 174
22 4 3 223
23 5 3 468
24 0 4 462
25 1 4 158
26 2 4 438
27 3 4 279
28 4 4 292
29 5 4 473
endpoint1 endpoint2
10 11
22 23
28 29
2 8
8 9
15 16
18 19
1 2
8 14
16 17
20 26
6 7
9 15
12 13
20 21
21 27
25 26
16 22
19 25
17 23
3 4
22 28
27 28
4 10
5 11
4 5
18 24
23 29
9 10
12 18
3 9
2 3
14 15
13 19
6 12
14 20
19 20
0 1
11 17
26 27
13 14
10 16
21 22
7 13
15 21
24 25
0 6
1 7
7 8
