nnodes nedges type
30 49 graph
nodename posx posy weight
0 0 0 84
1 1 0 255
2 2 0 163
3 3 0 32
4 4 0 258
5 5 0 109
6 0 1 352
7 1 1 11
8 2 1 367
9 3 1 413
10 4 1 355
11 5 1 17
12 0 2 152
13 1 2 363
14 2 2 127
15 3 2 72
16 4 2 313
17 5 2 268
18 0 3 168
19 1 3 286
20 2 3 13
21 3 3 48
22 4 3 62
23 5 3 147
24 0 4 139
25 1 4 16
26 2 4 271
27 3 4 449
28 4 4 335
29 5 4 404
endpoint1 endpoint2
10 11
22 23
28 29
2 8
8 9
15 16
18 19
1 2
8 14
16 17
20 26
6 7
9 15
12 13
20 21
21 27
25 26
16 22
19 25
17 23
3 4
22 28
27 28
4 10
5 11
4 5
18 24
23 29
9 10
12 18
3 9
2 3
14 15
13 19
6 12
14 20
19 20
0 1
11 17
26 27
13 14
10 16
21 22
7 13
15 21
24 25
0 6
1 7
7 8
