nnodes nedges type
30 49 graph
nodename posx posy weight
0 0 0 3795
1 1 0 1412
2 2 0 4275
3 3 0 1734
4 4 0 4647
5 5 0 3136
6 0 1 4900
7 1 1 1647
8 2 1 3944
9 3 1 2429
10 4 1 4698
11 5 1 1461
12 0 2 2696
13 1 2 4013
14 2 2 3477
15 3 2 3263
16 4 2 3902
17 5 2 3622
18 0 3 1369
19 1 3 2163
20 2 3 1712
21 3 3 2855
22 4 3 4265
23 5 3 2467
24 0 4 2935
25 1 4 2407
26 2 4 2403
27 3 4 2440
28 4 4 3276
29 5 4 3917
endpoint1 endpoint2
10 11
22 23
28 29
2 8
8 9
15 16
18 19
1 2
8 14
16 17
20 26
6 7
9 15
12 13
20 21
21 27
25 26
16 22
19 25
17 23
3 4
22 28
27 28
4 10
5 11
4 5
18 24
23 29
9 10
12 18
3 9
2 3
14 15
13 19
6 12
14 20
19 20
0 1
11 17
26 27
13 14
10 16
21 22
7 13
15 21
24 25
0 6
1 7
7 8
