nnodes nedges type
30 49 graph
nodename posx posy weight
0 0 0 3840
1 1 0 1068
2 2 0 4298
3 3 0 3393
4 4 0 1900
5 5 0 1974
6 0 1 2770
7 1 1 4460
8 2 1 4146
9 3 1 1823
10 4 1 4048
11 5 1 3204
12 0 2 1309
13 1 2 3650
14 2 2 4224
15 3 2 3038
16 4 2 2272
17 5 2 2332
18 0 3 3380
19 1 3 4611
20 2 3 3648
21 3 3 4792
22 4 3 2685
23 5 3 4222
24 0 4 4778
25 1 4 4454
26 2 4 4097
27 3 4 3115
28 4 4 3792
29 5 4 1216
endpoint1 endpoint2
10 11
22 23
28 29
2 8
8 9
15 16
18 19
1 2
8 14
16 17
20 26
6 7
9 15
12 13
20 21
21 27
25 26
16 22
19 25
17 23
3 4
22 28
27 28
4 10
5 11
4 5
18 24
23 29
9 10
12 18
3 9
2 3
14 15
13 19
6 12
14 20
19 20
0 1
11 17
26 27
13 14
10 16
21 22
7 13
15 21
24 25
0 6
1 7
7 8
