nnodes nedges type
30 49 graph
nodename posx posy weight
0 0 0 4615
1 1 0 3332
2 2 0 3818
3 3 0 1395
4 4 0 4479
5 5 0 3044
6 0 1 4717
7 1 1 4023
8 2 1 1381
9 3 1 4079
10 4 1 2968
11 5 1 2167
12 0 2 1463
13 1 2 2907
14 2 2 4470
15 3 2 4280
16 4 2 1061
17 5 2 3068
18 0 3 1016
19 1 3 2626
20 2 3 1747
21 3 3 1221
22 4 3 2632
23 5 3 2194
24 0 4 4385
25 1 4 4963
26 2 4 2578
27 3 4 1120
28 4 4 1031
29 5 4 2474
endpoint1 endpoint2
10 11
22 23
28 29
2 8
8 9
15 16
18 19
1 2
8 14
16 17
20 26
6 7
9 15
12 13
20 21
21 27
25 26
16 22
19 25
17 23
3 4
22 28
27 28
4 10
5 11
4 5
18 24
23 29
9 10
12 18
3 9
2 3
14 15
13 19
6 12
14 20
19 20
0 1
11 17
26 27
13 14
10 16
21 22
7 13
15 21
24 25
0 6
1 7
7 8
