nnodes nedges type
30 49 graph
nodename posx posy weight
0 0 0 4610
1 1 0 3444
2 2 0 4632
3 3 0 3339
4 4 0 2094
5 5 0 4444
6 0 1 1715
7 1 1 4874
8 2 1 1220
9 3 1 4692
10 4 1 2848
11 5 1 4255
12 0 2 2801
13 1 2 4189
14 2 2 4239
15 3 2 3060
16 4 2 3064
17 5 2 3758
18 0 3 1297
19 1 3 2674
20 2 3 4230
21 3 3 2388
22 4 3 4763
23 5 3 3792
24 0 4 1122
25 1 4 4454
26 2 4 3146
27 3 4 1005
28 4 4 2775
29 5 4 2249
endpoint1 endpoint2
10 11
22 23
28 29
2 8
8 9
15 16
18 19
1 2
8 14
16 17
20 26
6 7
9 15
12 13
20 21
21 27
25 26
16 22
19 25
17 23
3 4
22 28
27 28
4 10
5 11
4 5
18 24
23 29
9 10
12 18
3 9
2 3
14 15
13 19
6 12
14 20
19 20
0 1
11 17
26 27
13 14
10 16
21 22
7 13
15 21
24 25
0 6
1 7
7 8
