nnodes nedges type
30 49 graph
nodename posx posy weight
0 0 0 4966
1 1 0 3805
2 2 0 3568
3 3 0 3397
4 4 0 3707
5 5 0 1942
6 0 1 1840
7 1 1 4046
8 2 1 3589
9 3 1 3715
10 4 1 2537
11 5 1 2287
12 0 2 1747
13 1 2 3651
14 2 2 3750
15 3 2 1917
16 4 2 3139
17 5 2 1729
18 0 3 2768
19 1 3 3281
20 2 3 3459
21 3 3 2841
22 4 3 4452
23 5 3 3563
24 0 4 4514
25 1 4 1497
26 2 4 4902
27 3 4 2353
28 4 4 4358
29 5 4 2181
endpoint1 endpoint2
10 11
22 23
28 29
2 8
8 9
15 16
18 19
1 2
8 14
16 17
20 26
6 7
9 15
12 13
20 21
21 27
25 26
16 22
19 25
17 23
3 4
22 28
27 28
4 10
5 11
4 5
18 24
23 29
9 10
12 18
3 9
2 3
14 15
13 19
6 12
14 20
19 20
0 1
11 17
26 27
13 14
10 16
21 22
7 13
15 21
24 25
0 6
1 7
7 8
