nnodes nedges type
30 49 graph
nodename posx posy weight
0 0 0 1196
1 1 0 3623
2 2 0 4732
3 3 0 4393
4 4 0 4193
5 5 0 1047
6 0 1 2005
7 1 1 2561
8 2 1 3486
9 3 1 3086
10 4 1 3176
11 5 1 1601
12 0 2 1663
13 1 2 2214
14 2 2 1366
15 3 2 1974
16 4 2 4483
17 5 2 3216
18 0 3 2214
19 1 3 2153
20 2 3 3053
21 3 3 4501
22 4 3 1797
23 5 3 3822
24 0 4 2558
25 1 4 3013
26 2 4 1830
27 3 4 1430
28 4 4 2632
29 5 4 3651
endpoint1 endpoint2
10 11
22 23
28 29
2 8
8 9
15 16
18 19
1 2
8 14
16 17
20 26
6 7
9 15
12 13
20 21
21 27
25 26
16 22
19 25
17 23
3 4
22 28
27 28
4 10
5 11
4 5
18 24
23 29
9 10
12 18
3 9
2 3
14 15
13 19
6 12
14 20
19 20
0 1
11 17
26 27
13 14
10 16
21 22
7 13
15 21
24 25
0 6
1 7
7 8
