nnodes nedges type
100 180 graph
nodename posx posy weight
0 0 0 361
1 1 0 124
2 2 0 421
3 3 0 278
4 4 0 243
5 5 0 353
6 6 0 378
7 7 0 295
8 8 0 209
9 9 0 272
10 0 1 197
11 1 1 173
12 2 1 237
13 3 1 289
14 4 1 75
15 5 1 318
16 6 1 446
17 7 1 92
18 8 1 101
19 9 1 447
20 0 2 123
21 1 2 102
22 2 2 424
23 3 2 242
24 4 2 355
25 5 2 493
26 6 2 331
27 7 2 432
28 8 2 158
29 9 2 353
30 0 3 76
31 1 3 472
32 2 3 51
33 3 3 73
34 4 3 260
35 5 3 297
36 6 3 288
37 7 3 254
38 8 3 66
39 9 3 434
40 0 4 175
41 1 4 14
42 2 4 94
43 3 4 419
44 4 4 376
45 5 4 471
46 6 4 331
47 7 4 220
48 8 4 56
49 9 4 199
50 0 5 85
51 1 5 219
52 2 5 334
53 3 5 484
54 4 5 151
55 5 5 246
56 6 5 387
57 7 5 68
58 8 5 7
59 9 5 129
60 0 6 33
61 1 6 346
62 2 6 150
63 3 6 267
64 4 6 432
65 5 6 152
66 6 6 181
67 7 6 172
68 8 6 34
69 9 6 469
70 0 7 41
71 1 7 209
72 2 7 192
73 3 7 252
74 4 7 362
75 5 7 199
76 6 7 262
77 7 7 462
78 8 7 499
79 9 7 353
80 0 8 292
81 1 8 239
82 2 8 58
83 3 8 181
84 4 8 342
85 5 8 31
86 6 8 474
87 7 8 209
88 8 8 276
89 9 8 404
90 0 9 383
91 1 9 496
92 2 9 426
93 3 9 449
94 4 9 396
95 5 9 346
96 6 9 34
97 7 9 399
98 8 9 270
99 9 9 464
endpoint1 endpoint2
54 55
86 87
92 93
40 41
72 73
18 19
0 10
34 35
50 60
66 76
94 95
1 11
80 81
96 97
6 7
19 29
44 45
52 53
76 77
84 85
20 30
25 26
21 31
88 98
27 28
35 36
4 5
37 38
14 24
14 15
82 92
11 21
81 91
55 56
12 22
0 1
17 18
33 34
13 23
8 18
42 52
74 84
9 19
15 16
22 32
7 8
6 16
67 68
22 23
35 45
36 46
8 9
37 47
2 12
60 70
65 66
58 59
12 13
20 21
56 66
89 99
54 64
15 25
67 77
73 74
69 79
50 51
16 26
32 42
66 67
17 27
23 24
33 43
75 76
83 84
38 39
90 91
77 78
85 86
62 72
24 25
57 58
10 20
23 33
7 17
42 43
74 75
28 29
36 37
61 62
46 56
30 31
46 47
82 83
27 37
59 69
98 99
65 75
95 96
28 38
16 17
32 33
29 39
61 71
83 93
86 96
85 95
24 34
58 68
25 35
47 48
38 48
57 67
68 78
41 42
2 3
18 28
34 44
75 85
43 44
51 52
77 87
45 46
53 54
30 40
73 83
3 4
71 72
10 11
47 57
5 6
48 58
64 74
49 59
31 32
63 64
1 2
70 71
51 61
52 62
84 94
56 57
53 63
26 36
39 49
55 65
91 92
3 13
60 61
68 69
79 89
93 94
4 14
78 88
5 15
62 63
78 79
80 90
43 53
11 12
44 54
76 86
87 88
48 49
64 65
81 82
45 55
26 27
97 98
31 41
13 14
21 22
63 73
88 89
87 97
40 50
72 82
71 81
41 51
70 80
