nnodes nedges type
100 180 graph
nodename posx posy weight
0 0 0 498
1 1 0 198
2 2 0 73
3 3 0 52
4 4 0 293
5 5 0 203
6 6 0 126
7 7 0 69
8 8 0 30
9 9 0 127
10 0 1 455
11 1 1 238
12 2 1 91
13 3 1 176
14 4 1 150
15 5 1 356
16 6 1 55
17 7 1 208
18 8 1 322
19 9 1 277
20 0 2 421
21 1 2 43
22 2 2 375
23 3 2 398
24 4 2 405
25 5 2 318
26 6 2 277
27 7 2 170
28 8 2 380
29 9 2 175
30 0 3 89
31 1 3 488
32 2 3 69
33 3 3 486
34 4 3 228
35 5 3 398
36 6 3 151
37 7 3 292
38 8 3 317
39 9 3 306
40 0 4 494
41 1 4 39
42 2 4 138
43 3 4 353
44 4 4 220
45 5 4 441
46 6 4 190
47 7 4 164
48 8 4 334
49 9 4 440
50 0 5 167
51 1 5 29
52 2 5 25
53 3 5 298
54 4 5 122
55 5 5 1
56 6 5 482
57 7 5 249
58 8 5 78
59 9 5 474
60 0 6 387
61 1 6 208
62 2 6 81
63 3 6 198
64 4 6 37
65 5 6 8
66 6 6 408
67 7 6 200
68 8 6 424
69 9 6 280
70 0 7 121
71 1 7 220
72 2 7 8
73 3 7 67
74 4 7 376
75 5 7 290
76 6 7 465
77 7 7 388
78 8 7 91
79 9 7 288
80 0 8 269
81 1 8 429
82 2 8 105
83 3 8 3
84 4 8 21
85 5 8 233
86 6 8 137
87 7 8 493
88 8 8 386
89 9 8 305
90 0 9 94
91 1 9 239
92 2 9 78
93 3 9 229
94 4 9 31
95 5 9 166
96 6 9 328
97 7 9 81
98 8 9 268
99 9 9 392
endpoint1 endpoint2
54 55
86 87
92 93
40 41
72 73
18 19
0 10
34 35
50 60
66 76
94 95
1 11
80 81
96 97
6 7
19 29
44 45
52 53
76 77
84 85
20 30
25 26
21 31
88 98
27 28
35 36
4 5
37 38
14 24
14 15
82 92
11 21
81 91
55 56
12 22
0 1
17 18
33 34
13 23
8 18
42 52
74 84
9 19
15 16
22 32
7 8
6 16
67 68
22 23
35 45
36 46
8 9
37 47
2 12
60 70
65 66
58 59
12 13
20 21
56 66
89 99
54 64
15 25
67 77
73 74
69 79
50 51
16 26
32 42
66 67
17 27
23 24
33 43
75 76
83 84
38 39
90 91
77 78
85 86
62 72
24 25
57 58
10 20
23 33
7 17
42 43
74 75
28 29
36 37
61 62
46 56
30 31
46 47
82 83
27 37
59 69
98 99
65 75
95 96
28 38
16 17
32 33
29 39
61 71
83 93
86 96
85 95
24 34
58 68
25 35
47 48
38 48
57 67
68 78
41 42
2 3
18 28
34 44
75 85
43 44
51 52
77 87
45 46
53 54
30 40
73 83
3 4
71 72
10 11
47 57
5 6
48 58
64 74
49 59
31 32
63 64
1 2
70 71
51 61
52 62
84 94
56 57
53 63
26 36
39 49
55 65
91 92
3 13
60 61
68 69
79 89
93 94
4 14
78 88
5 15
62 63
78 79
80 90
43 53
11 12
44 54
76 86
87 88
48 49
64 65
81 82
45 55
26 27
97 98
31 41
13 14
21 22
63 73
88 89
87 97
40 50
72 82
71 81
41 51
70 80
