nnodes nedges type
100 180 graph
nodename posx posy weight
0 0 0 414
1 1 0 301
2 2 0 445
3 3 0 190
4 4 0 68
5 5 0 481
6 6 0 494
7 7 0 309
8 8 0 213
9 9 0 384
10 0 1 331
11 1 1 236
12 2 1 133
13 3 1 175
14 4 1 433
15 5 1 255
16 6 1 119
17 7 1 382
18 8 1 475
19 9 1 6
20 0 2 45
21 1 2 384
22 2 2 344
23 3 2 166
24 4 2 430
25 5 2 200
26 6 2 122
27 7 2 435
28 8 2 76
29 9 2 372
30 0 3 219
31 1 3 122
32 2 3 20
33 3 3 390
34 4 3 430
35 5 3 81
36 6 3 58
37 7 3 43
38 8 3 31
39 9 3 324
40 0 4 5
41 1 4 183
42 2 4 338
43 3 4 465
44 4 4 193
45 5 4 208
46 6 4 292
47 7 4 497
48 8 4 64
49 9 4 39
50 0 5 433
51 1 5 314
52 2 5 36
53 3 5 93
54 4 5 67
55 5 5 220
56 6 5 102
57 7 5 406
58 8 5 481
59 9 5 75
60 0 6 398
61 1 6 289
62 2 6 500
63 3 6 244
64 4 6 237
65 5 6 450
66 6 6 26
67 7 6 359
68 8 6 3
69 9 6 320
70 0 7 465
71 1 7 99
72 2 7 349
73 3 7 295
74 4 7 29
75 5 7 481
76 6 7 249
77 7 7 383
78 8 7 313
79 9 7 394
80 0 8 214
81 1 8 246
82 2 8 270
83 3 8 239
84 4 8 119
85 5 8 37
86 6 8 227
87 7 8 9
88 8 8 17
89 9 8 179
90 0 9 89
91 1 9 250
92 2 9 22
93 3 9 384
94 4 9 347
95 5 9 322
96 6 9 225
97 7 9 286
98 8 9 351
99 9 9 421
endpoint1 endpoint2
54 55
86 87
92 93
40 41
72 73
18 19
0 10
34 35
50 60
66 76
94 95
1 11
80 81
96 97
6 7
19 29
44 45
52 53
76 77
84 85
20 30
25 26
21 31
88 98
27 28
35 36
4 5
37 38
14 24
14 15
82 92
11 21
81 91
55 56
12 22
0 1
17 18
33 34
13 23
8 18
42 52
74 84
9 19
15 16
22 32
7 8
6 16
67 68
22 23
35 45
36 46
8 9
37 47
2 12
60 70
65 66
58 59
12 13
20 21
56 66
89 99
54 64
15 25
67 77
73 74
69 79
50 51
16 26
32 42
66 67
17 27
23 24
33 43
75 76
83 84
38 39
90 91
77 78
85 86
62 72
24 25
57 58
10 20
23 33
7 17
42 43
74 75
28 29
36 37
61 62
46 56
30 31
46 47
82 83
27 37
59 69
98 99
65 75
95 96
28 38
16 17
32 33
29 39
61 71
83 93
86 96
85 95
24 34
58 68
25 35
47 48
38 48
57 67
68 78
41 42
2 3
18 28
34 44
75 85
43 44
51 52
77 87
45 46
53 54
30 40
73 83
3 4
71 72
10 11
47 57
5 6
48 58
64 74
49 59
31 32
63 64
1 2
70 71
51 61
52 62
84 94
56 57
53 63
26 36
39 49
55 65
91 92
3 13
60 61
68 69
79 89
93 94
4 14
78 88
5 15
62 63
78 79
80 90
43 53
11 12
44 54
76 86
87 88
48 49
64 65
81 82
45 55
26 27
97 98
31 41
13 14
21 22
63 73
88 89
87 97
40 50
72 82
71 81
41 51
70 80
