nnodes nedges type
100 180 graph
nodename posx posy weight
0 0 0 124
1 1 0 364
2 2 0 474
3 3 0 84
4 4 0 185
5 5 0 225
6 6 0 219
7 7 0 232
8 8 0 112
9 9 0 13
10 0 1 151
11 1 1 265
12 2 1 419
13 3 1 414
14 4 1 399
15 5 1 52
16 6 1 174
17 7 1 18
18 8 1 337
19 9 1 64
20 0 2 67
21 1 2 118
22 2 2 4
23 3 2 338
24 4 2 92
25 5 2 458
26 6 2 139
27 7 2 226
28 8 2 351
29 9 2 408
30 0 3 453
31 1 3 40
32 2 3 245
33 3 3 223
34 4 3 312
35 5 3 418
36 6 3 412
37 7 3 2
38 8 3 56
39 9 3 53
40 0 4 89
41 1 4 241
42 2 4 428
43 3 4 428
44 4 4 313
45 5 4 3
46 6 4 235
47 7 4 166
48 8 4 312
49 9 4 440
50 0 5 227
51 1 5 283
52 2 5 52
53 3 5 423
54 4 5 200
55 5 5 160
56 6 5 266
57 7 5 187
58 8 5 264
59 9 5 172
60 0 6 442
61 1 6 158
62 2 6 79
63 3 6 273
64 4 6 96
65 5 6 243
66 6 6 452
67 7 6 264
68 8 6 463
69 9 6 60
70 0 7 445
71 1 7 499
72 2 7 320
73 3 7 81
74 4 7 114
75 5 7 55
76 6 7 349
77 7 7 399
78 8 7 324
79 9 7 486
80 0 8 309
81 1 8 251
82 2 8 482
83 3 8 404
84 4 8 288
85 5 8 372
86 6 8 189
87 7 8 218
88 8 8 173
89 9 8 118
90 0 9 316
91 1 9 71
92 2 9 231
93 3 9 260
94 4 9 57
95 5 9 389
96 6 9 424
97 7 9 165
98 8 9 390
99 9 9 291
endpoint1 endpoint2
54 55
86 87
92 93
40 41
72 73
18 19
0 10
34 35
50 60
66 76
94 95
1 11
80 81
96 97
6 7
19 29
44 45
52 53
76 77
84 85
20 30
25 26
21 31
88 98
27 28
35 36
4 5
37 38
14 24
14 15
82 92
11 21
81 91
55 56
12 22
0 1
17 18
33 34
13 23
8 18
42 52
74 84
9 19
15 16
22 32
7 8
6 16
67 68
22 23
35 45
36 46
8 9
37 47
2 12
60 70
65 66
58 59
12 13
20 21
56 66
89 99
54 64
15 25
67 77
73 74
69 79
50 51
16 26
32 42
66 67
17 27
23 24
33 43
75 76
83 84
38 39
90 91
77 78
85 86
62 72
24 25
57 58
10 20
23 33
7 17
42 43
74 75
28 29
36 37
61 62
46 56
30 31
46 47
82 83
27 37
59 69
98 99
65 75
95 96
28 38
16 17
32 33
29 39
61 71
83 93
86 96
85 95
24 34
58 68
25 35
47 48
38 48
57 67
68 78
41 42
2 3
18 28
34 44
75 85
43 44
51 52
77 87
45 46
53 54
30 40
73 83
3 4
71 72
10 11
47 57
5 6
48 58
64 74
49 59
31 32
63 64
1 2
70 71
51 61
52 62
84 94
56 57
53 63
26 36
39 49
55 65
91 92
3 13
60 61
68 69
79 89
93 94
4 14
78 88
5 15
62 63
78 79
80 90
43 53
11 12
44 54
76 86
87 88
48 49
64 65
81 82
45 55
26 27
97 98
31 41
13 14
21 22
63 73
88 89
87 97
40 50
72 82
71 81
41 51
70 80
