nnodes nedges type
100 180 graph
nodename posx posy weight
0 0 0 468
1 1 0 174
2 2 0 217
3 3 0 229
4 4 0 397
5 5 0 127
6 6 0 189
7 7 0 417
8 8 0 189
9 9 0 199
10 0 1 306
11 1 1 100
12 2 1 285
13 3 1 170
14 4 1 233
15 5 1 437
16 6 1 425
17 7 1 421
18 8 1 441
19 9 1 249
20 0 2 126
21 1 2 346
22 2 2 49
23 3 2 240
24 4 2 332
25 5 2 276
26 6 2 478
27 7 2 491
28 8 2 482
29 9 2 246
30 0 3 418
31 1 3 341
32 2 3 330
33 3 3 342
34 4 3 215
35 5 3 288
36 6 3 11
37 7 3 1
38 8 3 269
39 9 3 193
40 0 4 348
41 1 4 480
42 2 4 179
43 3 4 229
44 4 4 372
45 5 4 65
46 6 4 481
47 7 4 114
48 8 4 452
49 9 4 149
50 0 5 322
51 1 5 367
52 2 5 244
53 3 5 27
54 4 5 286
55 5 5 495
56 6 5 297
57 7 5 460
58 8 5 196
59 9 5 403
60 0 6 163
61 1 6 104
62 2 6 263
63 3 6 494
64 4 6 245
65 5 6 65
66 6 6 404
67 7 6 185
68 8 6 261
69 9 6 64
70 0 7 224
71 1 7 422
72 2 7 346
73 3 7 354
74 4 7 124
75 5 7 449
76 6 7 496
77 7 7 479
78 8 7 364
79 9 7 275
80 0 8 154
81 1 8 155
82 2 8 335
83 3 8 166
84 4 8 83
85 5 8 291
86 6 8 269
87 7 8 470
88 8 8 74
89 9 8 310
90 0 9 36
91 1 9 165
92 2 9 218
93 3 9 410
94 4 9 60
95 5 9 209
96 6 9 199
97 7 9 383
98 8 9 432
99 9 9 39
endpoint1 endpoint2
54 55
86 87
92 93
40 41
72 73
18 19
0 10
34 35
50 60
66 76
94 95
1 11
80 81
96 97
6 7
19 29
44 45
52 53
76 77
84 85
20 30
25 26
21 31
88 98
27 28
35 36
4 5
37 38
14 24
14 15
82 92
11 21
81 91
55 56
12 22
0 1
17 18
33 34
13 23
8 18
42 52
74 84
9 19
15 16
22 32
7 8
6 16
67 68
22 23
35 45
36 46
8 9
37 47
2 12
60 70
65 66
58 59
12 13
20 21
56 66
89 99
54 64
15 25
67 77
73 74
69 79
50 51
16 26
32 42
66 67
17 27
23 24
33 43
75 76
83 84
38 39
90 91
77 78
85 86
62 72
24 25
57 58
10 20
23 33
7 17
42 43
74 75
28 29
36 37
61 62
46 56
30 31
46 47
82 83
27 37
59 69
98 99
65 75
95 96
28 38
16 17
32 33
29 39
61 71
83 93
86 96
85 95
24 34
58 68
25 35
47 48
38 48
57 67
68 78
41 42
2 3
18 28
34 44
75 85
43 44
51 52
77 87
45 46
53 54
30 40
73 83
3 4
71 72
10 11
47 57
5 6
48 58
64 74
49 59
31 32
63 64
1 2
70 71
51 61
52 62
84 94
56 57
53 63
26 36
39 49
55 65
91 92
3 13
60 61
68 69
79 89
93 94
4 14
78 88
5 15
62 63
78 79
80 90
43 53
11 12
44 54
76 86
87 88
48 49
64 65
81 82
45 55
26 27
97 98
31 41
13 14
21 22
63 73
88 89
87 97
40 50
72 82
71 81
41 51
70 80
