nnodes nedges type
70 600 graph
nodename posx posy weight
0 -6.141963133753175 0.5827563222624575 144
1 -4.882538084595816 1.5684353710496817 345
2 -5.711338566121807 2.620515643620698 276
3 -6.947893047186049 0.5546765426728384 121
4 -6.847479099034838 2.48934294417364 188
5 -6.482073200877673 2.5636929473522345 110
6 -6.59221419920991 1.8349205097515826 471
7 -5.492635936869653 1.0569481192552475 66
8 -4.847935882710881 2.0322679688720546 91
9 -6.40394386379165 1.3379591519817273 410
10 -7.019719958703983 1.2422775997334343 95
11 -7.057372194911927 0.9702090784952915 197
12 -5.596923031722727 1.4575624291945817 403
13 -7.308712114640338 0.9442127560335797 442
14 -6.4290038103218095 0.39423109888956975 439
15 -6.36767301091702 0.8117583878200594 212
16 -6.118233383811223 1.6948690097443861 384
17 -6.788845318376015 2.140005050273219 396
18 -6.095163261263136 2.174111434836396 251
19 -5.138560679327284 1.782623127076832 475
20 -7.580742023521343 1.3612556777467455 152
21 -6.120656521354933 2.5672142102267093 313
22 -5.279496882720301 2.1219269615046814 482
23 -7.426645258375781 2.1334541580823307 21
24 -6.710759630223102 0.30915345081639184 236
25 -6.786866866594116 1.7654207868090217 93
26 -5.423909460784572 2.0132685320810255 10
27 -4.846345741933888 1.193133390359688 412
28 -5.793337195574157 1.7250561376169362 101
29 -5.233443422016745 1.2119927173514145 147
30 -4.963216813566336 0.644582250725532 215
31 -6.50107953318414 0.04584561225865651 203
32 -5.944362046906712 0.8370263724745968 370
33 -5.836758722976131 1.2267579928855206 262
34 -7.216031837507675 2.2590891646885476 233
35 -5.487752467344705 2.432824407257499 494
36 -6.4429041491715315 1.6807307437225218 259
37 -6.723643251269637 0.6202856155890745 306
38 -6.330347480450304 0.26464404820772797 382
39 -5.401752116956484 0.3220794228628252 457
40 -5.519664072864643 0.8516721242190485 209
41 -5.721815243006282 2.2420922970401773 337
42 -6.719070132381632 0.9332310262812347 211
43 -5.479279828928807 1.634163590682903 326
44 -6.426415188158325 2.19108052369164 132
45 -7.023752415085779 0.34623833828730416 134
46 -5.9615695620471705 1.5968353043000825 203
47 -4.880975848364312 0.9271630681492091 352
48 -6.49321511423542 1.1820301386942604 367
49 -5.529940990085471 2.254918808729131 407
50 -7.637343767081649 1.604220320365064 469
51 -6.712314899456888 1.9026988945446617 322
52 -5.253601931559849 1.3757049207791365 101
53 -5.460499211537092 0.062019401527423045 5
54 -5.929665762895348 2.387067560480729 115
55 -6.00259924426345 0.4983860646814624 259
56 -7.047583740946014 2.0174748150526076 343
57 -6.947615750040093 1.534093700364344 191
58 -6.130290997443816 -0.06591830563288578 134
59 -7.262293802427876 0.5899154324711424 362
60 -7.255896552396949 1.3088118023302004 305
61 -7.351747215699844 1.088141197756735 466
62 -5.805295351401865 -0.015202570291086204 212
63 -6.101501349371195 0.9521239234557366 376
64 -7.25900783902802 1.697092616889323 222
65 -6.545768975941938 2.877119426769689 119
66 -5.4639055170557675 0.5530654600205235 194
67 -5.3332961578569815 0.7767726197490905 435
68 -5.735475563751468 0.36513663336194363 147
69 -6.196370966793318 1.3172192521818653 154
endpoint1 endpoint2
32 54
33 55
23 60
4 36
17 20
33 41
24 66
6 54
17 46
10 64
14 31
43 63
39 45
48 59
45 61
1 28
2 27
51 60
52 63
26 54
22 48
20 32
12 69
6 23
36 67
0 67
7 22
22 42
29 37
35 46
59 61
6 41
61 63
18 36
12 50
36 55
30 69
13 51
42 67
1 21
1 15
4 12
46 52
57 60
23 50
21 46
58 59
48 68
29 62
3 55
16 29
4 48
2 64
8 51
11 46
16 51
3 68
54 64
9 20
38 60
45 47
16 66
44 68
45 64
26 56
0 59
46 63
57 69
21 55
19 27
2 33
22 36
29 55
27 43
33 60
16 20
28 44
41 44
18 22
9 59
16 42
6 61
4 69
13 37
28 67
18 48
12 62
43 56
13 63
18 67
33 68
51 57
25 46
58 68
15 39
27 32
33 53
59 64
54 56
34 50
32 46
13 68
9 60
33 47
16 33
40 62
36 44
31 52
29 68
18 43
42 60
14 29
40 68
43 49
1 18
13 18
21 57
52 57
26 52
22 54
56 60
0 69
32 37
23 45
6 47
36 43
7 46
31 61
35 54
18 34
6 65
12 44
3 65
36 49
43 54
17 63
37 52
38 59
2 16
47 66
25 56
15 53
2 10
9 68
60 64
25 34
28 57
7 9
20 23
3 57
15 64
7 39
5 51
42 46
40 50
36 56
37 61
0 7
2 5
24 42
10 69
28 48
11 67
23 35
17 23
32 41
22 28
18 20
27 67
40 57
1 67
17 41
7 58
37 38
11 63
18 46
38 53
53 67
64 69
11 21
44 61
41 69
48 56
18 65
19 60
2 28
1 49
26 43
0 42
20 37
1 43
23 56
36 64
8 35
0 64
31 40
55 63
29 40
9 34
6 42
29 66
35 51
42 58
16 57
48 63
45 57
1 16
13 16
19 43
35 69
0 33
22 52
46 49
20 44
57 63
6 11
47 52
7 18
16 26
18 32
17 61
37 50
44 51
24 25
11 25
24 63
19 48
2 8
7 11
14 66
5 23
9 44
16 17
38 68
40 46
4 60
15 66
31 36
63 68
11 34
42 44
17 54
7 63
11 56
38 48
14 57
18 68
15 60
13 28
32 53
14 69
62 67
17 21
7 30
32 43
27 69
33 42
4 65
14 30
38 43
43 60
17 65
11 23
48 58
66 69
24 51
51 61
1 55
25 50
5 25
12 68
6 22
0 66
16 37
6 40
30 53
31 48
42 56
30 68
44 54
48 49
12 15
45 55
1 22
0 13
0 35
24 32
46 55
20 46
12 67
57 61
47 54
37 69
32 57
22 44
9 51
37 48
9 21
45 48
0 4
25 60
28 31
26 59
24 39
46 62
29 30
47 63
4 16
34 64
26 37
14 64
3 61
27 40
16 19
30 39
10 41
7 35
22 25
50 64
6 60
28 66
5 64
15 16
67 68
14 63
1 26
15 62
56 69
20 60
23 65
21 49
26 44
29 49
3 34
36 69
32 45
35 40
40 61
10 58
7 54
11 51
15 25
44 57
48 60
45 60
49 57
0 8
24 53
1 53
19 38
0 46
56 59
1 47
21 36
4 44
2 44
8 39
0 68
7 17
55 59
5 33
32 36
59 60
9 38
16 39
36 42
16 61
12 51
10 15
11 14
42 64
2 19
50 57
3 10
19 47
0 37
27 63
1 32
25 35
6 15
28 56
37 67
8 46
7 14
29 61
25 69
40 43
4 49
31 59
5 52
9 49
6 59
40 49
51 65
37 62
5 69
38 61
10 16
20 64
26 31
12 30
15 51
19 52
24 41
4 18
28 55
26 35
11 64
29 54
3 63
27 42
16 21
6 24
33 51
4 56
32 40
63 64
31 32
16 43
13 36
38 52
12 63
39 49
0 29
24 48
14 39
3 30
58 69
33 52
23 57
30 44
39 67
34 51
5 38
33 46
40 63
17 35
31 55
12 54
43 48
39 46
13 55
49 63
13 17
19 66
3 7
15 47
21 56
19 40
2 48
52 58
9 66
23 54
28 35
8 41
22 41
29 34
16 25
34 36
9 14
18 35
36 50
13 48
37 51
44 50
9 16
48 53
10 23
24 62
3 12
21 43
4 21
34 69
15 67
5 50
9 55
12 36
51 67
43 46
7 60
9 25
15 23
39 58
11 31
26 29
0 24
14 56
24 43
10 66
25 42
21 52
28 49
19 28
26 33
14 68
3 33
30 43
22 29
27 66
16 45
6 48
12 35
7 53
13 34
11 62
14 25
53 66
10 25
15 28
11 20
41 68
1 30
22 67
19 63
2 29
0 53
24 50
14 37
15 32
5 26
62 69
59 69
34 49
32 33
5 36
55 62
6 43
10 38
52 65
17 33
11 55
42 59
38 45
36 53
8 16
17 59
42 69
14 44
1 9
20 45
12 66
27 58
1 35
23 48
47 55
8 43
32 56
22 47
33 37
25 64
16 27
4 54
10 33
8 49
7 43
31 62
18 33
9 12
54 66
10 11
17 60
31 68
9 22
48 55
0 3
14 55
45 66
28 30
24 38
3 20
25 39
4 23
19 25
2 35
5 22
14 67
27 41
33 62
6 37
38 69
4 61
17 19
7 32
40 53
54 69
10 50
28 65
37 58
11 59
10 28
15 17
11 17
26 27
41 65
12 26
18 69
1 27
46 64
14 32
51 55
