nnodes nedges type
70 600 graph
nodename posx posy weight
0 5.560472225701644 -4.311195942173991 143
1 5.037192894342819 -3.2257470989554498 217
2 5.233453445436431 -5.0358068528037165 86
3 4.837087842527538 -4.173107001067108 411
4 5.651006006994781 -4.699101671399421 122
5 4.816492052819153 -3.7317575831028664 53
6 5.249930001592906 -3.459242263706079 358
7 5.013607494688885 -4.88981556813698 181
8 5.942638062339818 -3.0627686059509394 16
9 5.916438075404077 -3.6035398208849143 107
10 5.508346379983726 -2.719444317915801 78
11 5.5817100320613475 -3.0296880457568585 139
12 4.957732785070602 -2.226703284319168 21
13 5.271600536962892 -2.8145583081490337 497
14 6.382051884288274 -3.311521708259286 82
15 4.021060375617477 -4.540285571951805 30
16 5.111873368950268 -3.9978920154193047 67
17 4.932632003912253 -3.4998291690225134 460
18 4.968314659136216 -2.9505546720303464 44
19 5.340897642195707 -2.6364390160008426 498
20 4.46633852052726 -2.555372752238192 67
21 4.362762214447388 -3.40485508664795 330
22 3.6443599608772352 -3.777356274966048 223
23 6.384747689670087 -3.898855279530427 333
24 6.179418219184253 -3.7517462108433524 257
25 4.297797523265855 -2.8375503435830605 17
26 4.34605275489494 -3.7445024999651615 455
27 4.045303816125814 -2.8187285378522975 255
28 4.714578309585967 -2.255997820457329 208
29 6.308212899052561 -4.334719667155689 199
30 5.848808996553807 -4.138699872530954 436
31 3.9904952554875837 -4.3339233672542825 180
32 4.077537057427935 -3.876160991035586 78
33 5.963827995738753 -4.638589040714999 241
34 5.378473426691834 -3.905674888635311 76
35 6.279327667250826 -3.0862654761459756 320
36 3.7377205575466963 -3.8600634580700874 375
37 5.297424758252579 -2.2666964239654663 247
38 5.808657471455295 -3.210396797158417 442
39 4.660393616586512 -3.2835130183209107 184
40 5.87557667180695 -4.378736318011522 186
41 5.432430799322332 -3.340702608076849 315
42 3.5807315728588973 -3.37237525979787 197
43 6.334417924969179 -3.608337459912616 421
44 4.716269145762934 -3.1104533866558546 400
45 5.37558975759441 -4.79401794535646 263
46 5.039193877967906 -3.803070604549873 289
47 5.753275800145148 -2.7844561880963763 74
48 6.260881196428419 -4.166862206761651 122
49 4.594990294304296 -3.6078268190713665 100
50 3.976956863167372 -3.6455739940308476 367
51 5.315433755184643 -4.440238514086382 323
52 4.59947248967027 -4.068450464063432 101
53 4.278881781940726 -4.531390983509606 107
54 4.677942631853845 -4.988429355186232 489
55 3.8972042788646446 -3.2692863134405323 53
56 5.649223727305337 -3.7633595318992903 27
57 4.38074734791155 -4.91922860879283 437
58 4.59947386589007 -4.296246788814363 434
59 5.510090163410939 -4.872002488890326 430
60 4.752914388163135 -2.731131472269408 441
61 5.180252982973767 -4.510728496297798 56
62 3.8889352948275024 -3.0057582529414955 1
63 4.300000172892549 -4.698286081766008 459
64 4.362804369792961 -3.0190643453731796 105
65 4.716670589236562 -4.473001549399246 211
66 5.963334909775862 -4.948550371983111 491
67 4.264428432375447 -4.25244279019961 121
68 5.641107360626372 -3.524988742721684 499
69 4.755089849443067 -4.871164597248351 473
endpoint1 endpoint2
62 64
27 46
21 28
32 44
5 57
30 51
10 61
42 62
17 64
49 58
13 20
19 65
24 52
25 49
19 39
26 54
0 45
5 24
27 39
0 67
22 42
5 34
9 39
33 34
16 38
60 62
34 41
7 44
10 14
18 62
9 19
42 67
45 54
49 51
50 56
1 15
25 58
19 44
21 46
7 15
33 59
30 61
4 48
41 43
31 56
5 53
16 51
36 62
13 44
28 68
44 46
38 60
45 47
0 5
2 7
0 59
33 67
21 55
4 17
19 27
34 65
5 20
3 60
16 20
23 33
4 63
34 59
50 65
31 33
5 62
11 39
41 44
16 42
6 61
4 69
36 37
17 43
13 37
42 53
53 69
39 54
64 67
15 57
13 25
2 30
24 47
1 51
15 39
4 24
2 56
22 63
20 27
27 32
30 47
13 68
5 39
9 60
24 68
6 52
30 49
36 44
17 44
41 63
18 43
43 49
48 61
12 19
49 56
14 41
3 4
1 52
25 55
51 62
21 57
4 7
2 51
52 57
22 54
56 60
20 34
1 46
28 34
55 58
5 32
59 63
25 67
6 47
30 56
23 45
17 37
8 14
18 34
6 65
45 52
2 16
24 61
68 69
1 13
15 53
8 64
2 10
26 63
0 38
5 15
20 41
60 64
57 66
34 68
7 9
32 60
25 68
17 30
50 68
5 51
11 32
9 48
42 46
16 53
10 55
9 26
10 17
20 65
26 28
0 7
19 55
0 61
47 56
6 25
21 31
4 57
39 69
32 41
63 67
27 67
16 44
6 51
12 34
1 67
17 41
13 35
37 38
14 24
11 21
0 30
12 22
13 23
0 52
46 68
23 66
52 60
2 54
22 61
5 27
3 39
23 56
6 16
30 45
28 37
34 48
0 64
31 40
5 37
55 63
33 45
1 68
52 64
17 34
41 61
31 54
29 66
35 51
11 52
38 44
15 26
39 41
13 54
44 52
0 21
12 13
45 57
24 56
3 6
52 59
32 65
20 44
53 58
2 43
32 39
29 33
61 65
3 50
2 69
8 48
15 69
7 40
31 63
17 27
18 32
9 13
38 39
18 58
10 20
50 52
25 62
4 8
46 56
25 32
26 39
7 11
29 58
3 59
30 33
10 43
63 68
5 49
18 27
51 66
8 29
41 49
7 63
11 56
5 66
12 25
15 60
13 28
24 44
14 35
46 67
4 29
14 69
17 21
7 30
8 62
40 59
30 50
17 47
41 58
42 49
14 30
38 43
39 50
11 23
44 63
22 64
1 55
58 64
2 52
27 36
21 38
28 39
8 37
31 42
5 35
10 39
35 53
18 39
12 49
8 17
39 43
0 23
13 14
43 66
1 8
2 15
20 46
1 34
57 61
23 51
48 67
5 44
6 35
2 67
17 25
11 47
54 67
9 21
18 56
14 18
16 65
49 53
11 27
27 28
25 60
15 49
45 65
0 58
5 11
29 30
3 23
4 16
19 24
2 32
32 48
22 39
23 38
10 41
40 54
4 68
41 55
18 51
9 30
39 55
11 16
44 66
1 26
24 46
46 65
20 60
1 60
25 47
19 33
22 62
3 34
33 54
6 29
21 27
54 59
39 65
34 53
36 69
35 40
33 40
24 67
6 55
40 61
30 48
18 42
38 41
12 18
45 60
19 64
15 45
21 58
19 38
0 46
46 50
53 61
6 20
21 36
7 17
0 68
34 38
17 38
8 13
31 50
11 40
18 37
6 64
11 14
42 64
38 58
43 68
32 69
24 34
9 69
57 67
4 43
19 21
8 46
7 14
3 54
9 47
40 43
10 44
2 65
7 36
16 52
6 59
51 65
8 26
31 65
44 47
38 61
10 16
26 31
0 6
15 51
56 64
3 25
10 68
47 57
19 26
3 63
27 42
8 59
22 31
5 61
40 56
12 33
6 50
17 42
7 59
13 36
37 39
39 49
13 62
44 60
0 29
3 30
33 52
33 46
6 53
34 45
31 55
35 48
16 56
43 48
39 46
65 67
30 65
7 65
50 60
0 10
47 68
3 7
26 53
56 61
46 48
22 55
53 59
1 45
4 46
5 47
61 66
3 51
29 34
17 36
37 41
9 14
17 62
9 16
55 64
2 17
14 49
25 63
45 68
20 42
3 18
1 38
6 13
4 21
19 23
26 38
32 61
5 40
29 59
3 56
6 39
34 63
17 29
22 26
5 50
11 35
18 26
40 51
36 57
17 55
13 41
37 60
18 52
5 67
16 69
15 23
13 29
3 27
51 53
19 28
53 55
21 30
4 58
28 47
34 54
17 22
31 34
40 58
41 59
7 53
13 34
10 25
13 60
44 62
45 63
1 30
15 58
22 67
13 22
0 53
46 69
1 48
26 40
22 50
46 47
5 26
6 17
21 39
54 63
4 33
34 49
0 65
9 33
16 36
49 65
31 49
29 65
26 69
36 53
8 16
39 40
17 59
11 13
7 67
45 56
50 58
3 9
25 52
26 51
35 68
0 34
53 57
57 62
23 48
21 32
4 40
8 43
58 61
61 64
38 66
5 55
11 44
6 68
12 47
54 66
13 46
31 68
18 59
49 54
4 9
46 57
47 60
5 22
41 46
31 39
11 37
23 29
16 40
41 48
13 39
5 65
38 49
10 28
25 28
67 69
39 52
11 17
41 65
1 27
15 63
10 64
4 30
2 58
