nnodes nedges type
70 600 graph
nodename posx posy weight
0 -2.1696412192536765 -0.6066624835795217 288
1 -3.2782913514228778 0.2254468740436339 6
2 -1.8467086418744796 -1.0832573214009589 45
3 -1.3591703986514605 -1.4393357980179566 131
4 -3.237512241137513 -0.28892786666004633 83
5 -1.8374095334054295 0.06710344839283201 341
6 -2.5198773855933623 -0.9575165693578874 499
7 -2.9266176457428865 0.601882219857721 254
8 -1.4314424481264174 -0.6088246966436944 169
9 -2.990192263849327 -1.01653127334754 31
10 -1.5847346126247137 0.1374127786710888 38
11 -2.8483631127386584 -1.2899063641946036 424
12 -1.4946517877064405 -1.3396784586296733 19
13 -2.5709518565412828 -1.7030581867126222 461
14 -2.7439444839132214 -1.5026085147159243 34
15 -3.7908136474715457 -0.8197189459700677 357
16 -3.393003263901822 -0.6301826862074554 433
17 -2.6632765826448304 0.9409269058496702 147
18 -3.599340119539286 -0.40364420917001287 406
19 -3.3155551010255997 -1.2066747490935528 134
20 -1.2676976221280136 -0.23970921575564857 3
21 -3.749503816036025 0.014339505168578412 356
22 -2.298104764370887 0.5558800348543951 263
23 -1.1405981449509883 0.1599981821205823 140
24 -2.2430586215626533 -1.7724119376945922 179
25 -2.3185053755953544 -1.3491770382755397 377
26 -3.2575590582251337 -0.9735505687199815 382
27 -2.813822270846718 -0.890877282598774 375
28 -2.4266988238545806 -0.0022174394722436334 74
29 -1.4704321398756213 0.5266621383385601 229
30 -2.6474579311793676 -1.818286154155779 148
31 -2.8922646922341997 0.3062548968363732 110
32 -2.716114407517239 -0.40315309086310813 68
33 -3.0361456487397827 -0.02623847534643707 420
34 -2.095228094696187 -0.01679445116901067 202
35 -1.5632468338496939 -0.8829813774787929 353
36 -2.6662766787130825 -0.16290124530557354 165
37 -2.538487057135717 -0.6281069020473674 133
38 -2.7162758561116673 0.032722968289136026 416
39 -1.1688259472660771 -0.9468858989272259 401
40 -2.153515080989233 -1.2353976778200115 55
41 -3.3650849513084604 -1.4882484097802906 21
42 -0.958526657952625 -0.4005825550713044 116
43 -1.8066756831667485 -0.7056734982823193 237
44 -1.985564257564919 0.8346614475604236 422
45 -2.079688568008023 -0.993552244685524 194
46 -2.1256688182606003 -1.6819965015621676 74
47 -1.6013617086338783 -0.34113091085808767 460
48 -2.173968915611683 -0.3298355008174353 44
49 -3.33368288777867 0.648847924372019 339
50 -3.5906220394945016 0.10897664193682231 17
51 -2.212085848485424 0.25811882846860734 469
52 -1.2616606249147813 -0.7477486143794775 496
53 -1.839035063498902 -1.5446736421260805 436
54 -1.2125212078252967 -1.2625653608338498 259
55 -2.8569620623979985 -0.6438293289354109 120
56 -1.8191672641765748 0.7034376179964026 231
57 -1.4170702048788433 -0.21116162558291166 221
58 -3.1588291100561743 -1.2119583161842031 322
59 -2.4093257142293396 0.3671201526816502 160
60 -1.9302685730532165 0.54626208559426 376
61 -0.9410215595037705 -0.766085701936009 466
62 -2.693400778909915 0.580053008555725 166
63 -3.1418524144160775 -1.605369395958521 173
64 -1.7543311643205444 -1.7821479048080109 179
65 -1.9787222491413112 -0.4284785311407793 135
66 -1.424185377688117 0.2661993854272167 219
67 -2.2528777510374014 -0.7852836345691717 13
68 -1.645480630369319 -1.6349186747211886 105
69 -3.2276952340033356 -0.43597481943603367 100
endpoint1 endpoint2
11 68
20 25
27 46
33 55
54 58
8 63
7 25
32 44
18 19
52 68
7 55
42 62
13 58
13 20
19 65
2 27
22 65
0 55
24 52
51 60
4 5
35 65
22 48
3 40
57 59
54 61
28 32
2 47
8 38
5 34
59 61
33 34
52 67
8 12
7 44
31 51
18 36
16 60
37 54
11 15
18 62
42 67
1 21
2 18
1 15
25 58
2 12
24 33
6 14
2 38
7 15
48 68
9 40
40 42
30 61
4 48
2 64
41 43
31 56
5 53
11 46
18 31
40 48
6 58
36 62
54 64
37 63
38 60
0 5
27 31
33 67
20 54
4 17
22 36
5 20
23 33
34 59
5 62
9 59
42 43
40 55
36 37
13 37
37 56
14 26
38 55
43 56
15 19
11 19
14 38
20 61
1 51
23 64
58 68
51 57
19 32
0 40
29 48
6 18
32 46
13 68
55 61
16 33
34 44
17 44
39 47
0 19
19 67
2 25
3 4
4 7
52 57
26 52
0 47
27 57
58 62
55 58
25 67
6 47
10 34
34 39
17 37
35 54
18 34
26 65
6 65
3 65
43 54
37 52
38 59
45 52
10 22
14 48
4 14
2 10
0 38
57 66
47 51
37 66
8 47
32 60
29 60
3 57
20 23
16 31
23 42
30 35
25 68
21 22
8 53
31 58
11 32
9 48
17 48
37 61
18 55
38 50
10 17
11 28
26 28
19 55
4 19
33 50
23 35
34 57
8 60
35 36
10 62
53 67
43 58
64 69
41 69
48 56
1 31
22 66
0 52
23 66
19 34
3 39
27 34
6 16
22 23
55 63
5 37
31 40
8 9
16 57
65 66
0 21
42 68
22 69
43 64
1 10
19 43
26 50
0 33
32 65
53 58
1 44
2 43
9 43
16 26
25 65
4 53
34 37
8 48
37 40
9 13
12 46
3 67
13 47
38 57
39 60
24 63
0 56
24 37
27 48
60 66
25 32
47 61
2 34
26 39
23 36
40 46
10 43
7 33
22 27
5 49
11 34
31 36
18 27
16 55
40 52
36 58
10 53
31 66
13 40
37 59
9 24
14 23
5 66
0 25
12 25
56 67
13 28
0 63
46 67
14 35
1 62
25 41
51 52
2 61
22 56
14 69
62 67
30 40
4 59
28 40
32 43
29 45
27 69
24 65
9 63
16 46
30 50
1 65
43 60
15 31
17 65
0 16
7 69
48 58
49 59
0 54
51 61
1 55
2 52
26 41
56 57
53 63
1 41
21 38
4 34
0 66
29 38
9 32
16 37
10 39
16 59
6 66
42 66
43 66
0 13
50 59
14 45
3 8
21 69
32 67
3 46
23 51
47 54
8 44
5 44
3 52
9 41
38 67
4 55
5 54
9 51
6 69
8 24
17 51
13 45
37 48
9 21
24 27
16 65
0 4
12 28
2 6
26 59
24 39
26 37
22 39
27 40
22 25
31 38
11 36
23 28
16 41
7 57
41 55
18 51
9 30
67 68
41 64
13 26
46 65
25 47
21 49
19 33
27 33
6 29
21 27
36 69
8 32
32 45
31 47
16 32
6 55
52 69
38 41
43 62
30 67
66 67
13 19
3 5
51 63
15 45
21 58
52 56
22 49
5 7
3 43
27 38
53 61
6 20
28 33
2 44
8 39
7 17
0 68
29 36
36 42
34 38
7 47
31 50
35 55
26 64
18 63
42 64
45 53
1 20
49 50
2 19
47 67
0 37
32 69
9 69
6 15
28 56
8 46
32 59
48 69
20 22
3 54
16 30
25 69
17 31
31 59
5 52
35 60
6 59
12 42
36 63
54 65
51 65
28 69
37 62
9 27
5 69
15 21
14 58
27 30
1 7
24 41
20 55
57 68
4 18
32 50
20 29
30 37
28 45
8 59
32 40
12 33
18 49
9 28
19 35
22 60
59 67
27 35
23 57
6 19
8 34
32 47
13 67
30 54
36 45
11 53
35 48
18 40
42 61
38 47
43 48
17 69
13 55
0 20
1 17
50 60
24 55
14 46
1 11
25 54
21 56
22 55
46 48
20 35
3 45
47 53
28 35
2 42
5 47
29 34
48 64
9 36
61 66
2 68
31 60
37 41
9 14
12 45
36 50
45 51
14 49
25 63
4 15
0 39
60 65
6 13
4 21
6 39
30 32
10 42
18 26
12 36
10 52
13 41
37 60
41 67
12 24
56 66
3 27
47 59
28 49
26 33
14 68
11 66
33 49
23 34
30 43
34 54
17 22
22 29
29 46
18 21
33 43
16 45
14 25
40 64
10 25
43 61
0 31
48 57
14 37
46 69
51 58
4 27
2 55
5 26
20 38
62 69
4 33
36 65
32 33
55 62
35 44
9 33
33 44
16 36
52 65
7 50
26 69
18 38
42 59
38 45
17 59
39 40
13 53
11 13
0 22
12 14
13 15
43 67
0 12
24 57
1 9
15 41
2 14
35 68
32 66
46 54
20 45
3 47
27 58
53 57
47 55
4 40
5 45
30 63
9 12
12 47
10 11
17 60
8 23
31 68
13 46
48 55
11 24
0 3
8 67
2 9
5 12
29 31
20 52
1 36
47 60
34 67
7 10
22 38
29 57
38 69
10 40
50 67
11 37
9 53
36 59
13 39
28 65
38 49
10 28
64 65
26 27
44 65
15 63
13 27
24 45
46 64
15 37
19 30
