nnodes nedges type
70 600 graph
nodename posx posy weight
0 -0.0939668609981964 -5.311207237987681 300
1 -1.8622686150144923 -4.782125917384812 129
2 -2.07538373271588 -3.6144501371740514 213
3 -1.9907084497904284 -3.308994336757782 93
4 -1.0242387568650715 -4.1657244593132905 395
5 -2.00791549693227 -3.054493474683164 408
6 -1.0292851774605531 -3.7633969291632696 384
7 -0.6079246978014593 -5.707882831436355 416
8 -1.1075110502821481 -4.503416739841194 492
9 -1.550165622872283 -3.6137825352467843 364
10 -1.322103606477318 -2.968035223883107 73
11 -1.509318119109233 -4.594703506132891 460
12 -0.46068227689676944 -3.12442013768483 205
13 -1.337974383884836 -4.727444578857734 12
14 -0.30277041331941446 -3.788770781010977 194
15 -0.2591952516743849 -3.2848795744390027 241
16 -1.5531513429146813 -5.230736096172073 202
17 -2.508338344246814 -3.9666712215959135 252
18 -1.4123238165922976 -3.834053553799671 207
19 -0.5481886077402538 -3.4519380889473896 450
20 -0.47616546170901297 -4.1644936797845515 206
21 -0.839602309008932 -4.983170742075193 491
22 -0.6439697449176245 -5.089470441570616 494
23 -1.1706482725559952 -5.353729198129676 398
24 0.24765796431366108 -3.5852005305709715 435
25 -0.11704832980230288 -4.22763070525897 15
26 -2.0290410470059452 -5.422056310026595 461
27 -2.0827660415391125 -4.116679372635627 391
28 -0.35618618971654503 -4.537885274315533 434
29 -2.22192702702114 -4.623022898830574 453
30 -0.5261145256912488 -4.706343407243804 332
31 0.19900219468536137 -4.386273817763796 445
32 -1.5410979059715821 -4.795591696736207 280
33 -2.018816430934413 -4.481377222499879 339
34 -0.2970873021848986 -4.946294189003598 411
35 -0.7238271114241205 -4.113605738324279 345
36 -2.1745218233287065 -5.09799071254568 416
37 -1.2349813685788409 -3.1701369300188427 214
38 -0.34179097188797486 -2.8024091786910046 460
39 -1.7625951820153611 -5.312319657284301 56
40 -1.2325047687450725 -4.155510418381052 187
41 -0.7494243016347399 -4.289819512920983 243
42 0.19243104160663543 -4.137538409123641 419
43 -1.5342356661706935 -4.1412730333023875 38
44 -0.16139489501237844 -3.664143160923024 241
45 -0.9979399891028561 -5.088811880722981 21
46 -0.46712030834941926 -5.293809807255744 334
47 -1.2698887439723199 -5.565407311105982 249
48 -0.9208112112670525 -2.8750636594798045 126
49 -1.5101870531387027 -3.2698531723911533 500
50 -0.9140340993179031 -3.514073355325956 231
51 -0.8520507631654605 -3.269957670539822 438
52 -2.2436029202608987 -4.318571693429897 157
53 -0.05869247444021566 -4.908589171614154 210
54 -1.9709056778689984 -5.025849231983233 244
55 -0.9638481591795326 -3.1118076844172373 15
56 -2.1370106639914828 -3.7678762155758907 311
57 -2.216770540698375 -3.257418141648525 205
58 -1.3212432152333653 -3.518304838212072 301
59 -2.4445426827453867 -4.612280638213913 136
60 -1.6490191294076548 -3.1151474995985713 359
61 -0.9592602100534766 -4.664509227313246 72
62 0.12164192382837745 -4.696527133119496 339
63 -0.6408903927706214 -3.6606987117268597 241
64 -1.6786688553653297 -3.883169215443376 4
65 -0.6348669558410545 -4.917115848289201 320
66 -1.335616900080779 -5.323875725452881 227
67 -1.7211104707731557 -4.283378639286996 26
68 -2.2117660755122692 -3.9855337504264985 328
69 -0.159551470758671 -4.016083484678044 261
endpoint1 endpoint2
11 68
20 25
6 28
21 28
32 44
18 19
33 41
23 26
30 51
10 61
17 64
39 45
51 60
25 49
52 63
35 65
0 45
27 39
23 53
57 59
21 37
32 35
22 42
55 56
61 69
35 46
59 61
37 44
11 41
26 67
18 36
43 52
44 55
14 50
25 58
15 43
19 44
32 68
27 60
1 33
57 60
6 14
4 42
37 68
8 45
3 55
9 40
33 59
16 29
6 32
4 48
2 64
41 43
18 31
6 58
54 64
43 45
8 25
10 19
15 48
4 11
19 53
5 10
1 58
25 37
47 62
21 55
28 54
34 65
20 28
23 33
16 20
30 36
8 58
50 65
7 34
4 69
10 48
37 56
11 61
18 48
42 53
15 19
11 19
0 28
14 60
19 58
33 68
14 38
51 57
58 68
19 32
26 45
3 37
27 32
59 64
21 26
39 64
8 33
31 46
16 33
34 44
41 63
18 43
43 49
15 24
44 58
1 18
13 18
1 52
15 44
0 47
5 6
9 67
6 21
4 45
28 34
0 69
55 58
9 37
17 37
31 61
26 65
43 54
65 69
13 49
18 60
9 17
45 52
50 54
8 64
21 66
2 10
24 35
9 68
19 20
34 68
9 46
33 57
40 44
30 35
35 63
18 29
40 50
36 56
10 55
51 64
41 51
5 68
38 50
25 31
16 68
39 59
12 31
56 65
0 61
46 61
20 48
27 55
10 69
23 69
47 56
4 19
26 32
20 30
33 50
28 46
22 28
63 67
23 25
36 39
13 35
17 67
44 61
0 30
1 31
15 33
21 62
2 54
0 42
5 27
1 43
21 24
39 66
34 48
7 21
22 23
55 63
30 55
52 64
8 9
34 42
29 66
38 44
36 52
17 68
13 54
65 66
22 69
2 23
0 11
15 46
19 43
52 59
22 52
20 44
4 47
8 42
9 43
6 45
4 53
2 69
15 69
31 63
11 45
35 56
9 13
8 22
13 47
37 50
44 51
8 66
4 8
26 61
60 66
47 61
30 31
7 11
22 33
14 66
9 44
23 36
40 46
30 33
4 60
10 43
22 27
5 49
11 34
12 37
54 68
8 29
41 49
18 53
38 48
39 53
0 25
56 67
19 57
0 63
24 44
51 52
10 67
19 31
28 50
32 53
11 69
20 24
27 47
21 29
4 59
28 40
30 40
17 21
7 30
31 45
5 58
8 62
24 65
16 46
40 59
10 60
11 49
18 44
14 30
40 65
45 62
22 64
13 21
2 26
24 51
20 57
15 35
58 64
20 39
59 68
1 41
23 58
36 66
7 23
0 66
52 66
37 45
11 54
9 10
12 49
7 66
55 68
48 49
1 22
14 45
1 8
2 15
12 67
27 61
47 54
21 47
6 9
22 44
29 63
3 52
9 41
23 41
6 35
16 28
4 55
8 50
35 58
9 51
6 69
3 69
36 61
13 45
38 63
16 65
11 27
12 28
26 59
20 53
1 59
4 16
4 62
10 41
17 18
22 25
23 28
6 60
28 66
37 57
18 51
12 61
11 16
1 26
13 26
20 60
1 61
62 65
27 33
6 29
4 37
34 53
5 56
24 67
4 67
10 58
17 45
42 63
14 28
15 25
12 18
66 67
49 57
13 19
19 64
0 8
2 50
35 64
53 61
27 38
32 36
29 36
3 49
9 38
36 42
60 63
31 50
37 43
11 40
18 37
12 51
10 15
18 63
45 53
49 50
43 68
50 57
14 51
47 67
3 10
3 16
1 32
25 35
20 22
29 61
30 34
8 52
5 52
35 60
12 42
43 44
28 69
37 62
18 54
14 16
45 46
20 64
11 29
44 69
15 51
2 4
5 9
20 55
1 57
57 68
32 50
3 63
23 32
16 21
32 40
22 31
27 64
41 53
13 36
42 50
14 27
12 63
43 59
11 18
20 62
51 56
23 67
15 38
21 63
4 25
5 28
3 36
21 25
4 39
8 34
35 42
9 35
6 53
10 56
41 62
42 61
40 69
39 46
7 65
45 58
13 17
24 55
14 46
25 54
19 40
35 66
32 64
9 66
23 54
48 64
61 66
29 34
6 44
4 52
49 68
8 21
65 68
13 48
55 64
2 17
14 49
3 12
1 12
25 63
8 65
2 11
20 42
27 49
28 58
2 37
32 61
5 40
33 56
30 32
34 63
5 50
40 51
8 28
13 41
24 31
38 51
12 24
0 62
46 66
3 27
27 54
11 66
33 49
23 34
6 30
21 30
39 68
28 47
30 43
31 34
5 59
9 56
6 48
4 64
10 63
17 40
41 59
14 25
38 42
43 61
39 51
11 20
48 57
2 29
0 53
25 51
2 55
23 59
6 17
4 33
7 20
13 65
55 62
29 39
30 52
36 47
10 38
8 10
17 33
35 50
9 11
43 50
17 59
13 53
12 14
49 61
13 15
50 58
19 42
0 34
56 63
46 54
20 45
1 35
60 68
6 8
21 32
28 61
58 61
32 56
7 13
29 32
25 64
8 49
7 43
5 55
35 59
6 68
54 66
10 11
17 60
8 23
13 46
9 22
3 14
2 9
24 38
60 67
21 41
34 67
29 57
3 58
23 39
40 47
16 18
8 56
50 67
41 46
5 48
51 69
7 62
41 48
11 59
14 20
12 60
64 65
44 65
26 27
14 62
1 27
13 27
3 29
10 64
15 37
28 51
2 58
