nnodes nedges type
70 600 graph
nodename posx posy weight
0 -2.0496035527806193 3.936557216337138 151
1 -1.4901797702331374 5.91905292286602 156
2 -2.0957760322228243 4.125281823958628 225
3 -3.5891106261136927 6.3630975778773635 367
4 -1.1127912598381193 4.779290162204434 172
5 -2.865775056435948 5.358106913294065 295
6 -2.952166001582511 5.721078611504339 113
7 -1.79513740297995 6.317731654822231 10
8 -1.380263491530749 5.279207294501811 200
9 -3.476431179648233 5.791655727705666 445
10 -2.923189572585305 4.0989605746469255 288
11 -2.74558116484667 6.304189589610827 268
12 -2.3777237005068894 4.1500182899578455 77
13 -3.3868170323472957 5.58068320104452 291
14 -2.5094075205970596 5.6673228415426635 98
15 -2.226191779662894 4.294811441481795 266
16 -3.28679709806481 4.960810791472658 462
17 -2.7834274170940434 5.782452508282875 347
18 -2.1563079456819074 4.680860031786981 412
19 -2.85491770056259 6.463497709229028 81
20 -1.1349007776496707 5.331625098410078 449
21 -2.552264946162391 4.080379389359111 304
22 -1.608201809079245 4.5444338789174274 294
23 -2.156363256055037 6.14079871697385 389
24 -1.8493576571249968 4.958552220786746 196
25 -2.4321222281663704 4.701255083707248 23
26 -3.4323821916652455 4.409016651868135 470
27 -3.055643106419314 6.414351698575858 435
28 -1.6626523793843202 5.853377586605506 212
29 -3.3886126211169683 6.038845079899525 166
30 -2.8061099549004678 3.800195951414253 302
31 -1.6699622722571805 5.382377227366587 238
32 -2.829091901507177 4.325793030280843 318
33 -2.176762638514578 6.741368470008293 305
34 -1.6707303259369533 6.12579312500209 72
35 -3.191647663312404 5.461452611904475 60
36 -2.431681022091824 6.1612524568242035 360
37 -1.9317675635190357 5.306788204358139 70
38 -1.303845841729755 5.649962634798194 2
39 -2.864610856095371 4.647311925334806 285
40 -2.6233571693815745 4.7524983412661514 285
41 -3.408220114816464 4.813603491299469 452
42 -2.2877875473752143 5.5890430924446 273
43 -3.7899168946461033 4.770587701978768 253
44 -3.6616339126060815 4.453189714228319 328
45 -2.464287775794495 6.47172237756694 82
46 -1.4671335046215503 4.323934386453709 467
47 -3.7466241845360577 5.047125464185164 298
48 -3.7506367609331095 6.025806955006608 183
49 -2.361292149723466 5.098047473807525 442
50 -3.850247603591047 5.281610061246617 310
51 -1.8014566441405107 3.921332518127459 140
52 -2.742493742453602 5.545385909336208 321
53 -3.552136056347212 5.232349110738559 141
54 -3.4625038664794134 4.162671483671469 77
55 -1.1425555654100523 5.040305483571337 16
56 -1.9934981465200419 5.8509381859156 368
57 -2.520691773830058 5.251371329710276 326
58 -1.5908378413606892 4.738224517256536 251
59 -2.274977047416495 6.022171564967288 465
60 -2.0668755417803597 5.608546602769453 113
61 -3.174438003487931 6.220744830224094 358
62 -2.200393692466434 5.293798808216358 494
63 -1.8598834926881282 4.470931828260683 326
64 -3.0969132697413477 4.461304646495761 412
65 -3.20846579147545 4.088080130879029 17
66 -2.9141808770843127 5.114928724472934 297
67 -3.594913811351496 5.547373761516121 291
68 -3.102898329901801 4.897013585298061 4
69 -2.1068925340648876 4.974931282528851 493
endpoint1 endpoint2
26 47
11 68
62 64
3 35
20 25
6 28
30 41
36 68
8 63
5 57
9 62
24 66
13 32
14 31
15 30
24 52
20 58
5 24
53 62
12 69
21 37
5 34
9 39
6 41
17 39
35 52
26 67
10 14
9 19
48 50
43 69
24 59
14 50
47 64
1 15
26 49
27 60
6 14
47 49
32 58
20 21
29 62
9 40
40 42
2 64
8 51
17 24
7 37
5 53
9 50
36 62
54 64
8 25
13 44
37 63
28 68
18 57
24 28
49 52
26 30
8 69
2 7
57 69
47 62
23 33
6 27
22 30
63 65
42 43
7 56
38 55
39 54
13 63
44 67
13 25
2 30
25 46
22 63
33 53
6 18
4 38
8 33
31 46
5 39
35 43
17 44
7 49
31 52
11 50
38 46
43 49
30 64
39 47
0 19
15 44
46 51
5 6
27 57
23 55
58 62
32 37
22 40
5 32
61 67
59 63
6 47
34 39
17 37
37 42
35 54
36 49
43 54
17 63
45 52
24 61
47 66
25 56
15 53
26 63
46 58
5 15
9 68
60 64
57 66
4 20
32 60
5 41
23 42
6 38
30 35
50 68
31 58
16 53
36 56
37 61
24 30
5 8
1 56
26 32
5 18
16 22
6 25
39 69
28 46
34 57
8 60
22 28
5 60
31 35
29 47
18 20
27 67
16 44
40 57
17 41
18 46
12 56
17 67
13 61
0 30
12 22
13 23
24 49
58 66
20 37
6 16
39 66
21 24
28 37
34 48
0 64
22 23
55 63
13 66
16 35
10 57
17 34
29 66
26 68
36 52
39 41
0 21
45 57
13 16
19 69
43 64
14 47
2 49
26 50
12 65
27 59
57 63
47 52
6 11
48 65
9 43
25 65
6 45
30 62
10 32
34 37
17 27
15 69
11 45
35 56
16 48
17 61
44 51
9 23
24 25
39 60
24 63
19 48
28 29
27 48
47 61
37 64
26 39
14 66
23 36
6 36
10 43
34 60
41 47
31 36
5 49
63 68
11 34
9 54
6 62
36 58
31 66
13 40
11 56
37 59
14 23
10 31
25 29
15 22
39 53
44 64
14 57
12 25
56 67
0 63
24 44
1 62
25 41
32 53
22 56
5 16
34 55
17 21
32 43
5 58
27 69
33 42
23 27
6 49
1 65
7 52
40 65
53 65
7 69
12 16
66 69
2 26
24 51
19 36
52 62
2 52
56 57
22 51
12 68
3 41
4 34
8 37
0 66
31 42
35 47
6 40
36 40
34 40
35 53
26 66
42 56
16 59
6 66
62 63
43 53
39 43
13 52
42 66
49 60
13 14
43 66
47 65
25 59
15 40
21 69
19 45
32 67
47 54
28 62
3 52
33 36
17 25
35 58
16 50
12 40
36 61
18 56
14 18
45 48
49 53
39 62
4 10
5 11
3 23
28 53
2 32
23 38
16 19
10 41
8 57
41 45
7 35
17 18
40 54
6 60
18 51
5 64
43 57
15 16
64 66
18 66
15 62
13 26
19 59
0 49
51 54
25 47
4 31
6 29
7 24
17 45
18 42
42 63
14 28
40 67
39 44
13 57
13 19
0 8
52 56
26 55
22 49
53 61
57 58
8 39
29 36
18 37
16 61
12 51
17 56
37 53
11 14
1 20
24 60
57 67
37 67
16 30
21 23
4 49
10 44
2 65
41 42
31 59
9 49
6 59
9 27
18 54
14 16
5 69
10 16
16 67
15 21
12 30
13 31
26 57
27 52
10 68
57 68
21 54
2 62
32 50
22 37
5 19
11 64
29 54
4 56
8 59
7 29
32 40
11 38
16 43
40 56
7 59
13 36
38 52
12 63
43 59
11 18
44 60
18 64
19 61
24 48
20 62
23 67
58 69
22 60
5 28
20 36
27 35
59 67
39 67
8 34
31 41
29 41
9 35
1 69
34 45
49 67
17 35
31 55
29 67
35 48
42 61
12 54
39 46
30 65
49 63
19 66
0 10
14 46
0 32
22 55
32 64
3 45
27 56
1 45
58 63
7 19
59 62
6 44
10 35
2 68
11 42
35 57
12 45
36 50
65 68
24 62
4 15
45 68
20 42
27 49
1 38
47 50
2 37
22 32
5 40
3 56
33 56
23 37
10 42
50 69
63 69
5 50
11 35
9 55
40 51
12 36
36 57
10 52
7 60
13 41
38 51
15 23
39 58
11 31
41 67
0 24
12 24
20 49
3 27
10 66
1 63
21 52
4 28
11 66
62 66
23 34
6 30
16 23
4 58
7 31
32 42
35 39
18 47
40 64
17 66
39 51
13 60
0 31
15 58
20 56
51 58
15 32
19 37
2 55
52 61
22 50
5 26
59 69
1 42
34 49
0 65
29 39
35 44
9 33
52 65
35 50
42 59
16 58
38 45
39 40
13 53
0 22
55 69
12 14
1 23
25 52
15 41
53 57
3 47
60 68
1 35
6 8
9 64
4 40
28 61
2 40
32 56
61 64
25 64
38 66
2 66
15 68
31 62
35 59
3 66
36 60
54 66
17 60
8 23
18 59
38 62
10 21
16 64
45 66
24 38
46 57
1 36
21 41
14 67
33 62
40 47
6 37
10 40
41 46
5 48
9 53
18 24
23 29
40 53
54 69
51 69
11 59
14 20
38 49
39 52
11 17
26 27
15 63
19 56
46 64
1 61
15 37
21 50
