nnodes nedges type
70 600 graph
nodename posx posy weight
0 3.8482650507365808 -3.7784178713184686 252
1 3.376194847494954 -2.8398790819480473 126
2 4.673055727257204 -2.9455342644889857 369
3 2.747298963346087 -4.182907004060049 56
4 2.188493609139852 -3.343326361373888 397
5 4.466657056575685 -2.291067759626125 109
6 3.226236134540417 -3.5431944859860214 294
7 3.8081684242629468 -2.94339802521803 429
8 4.135664298534559 -3.106825771885753 99
9 2.5581550076420676 -4.049950955603611 416
10 2.731706190703364 -1.703277154172771 133
11 4.055506080689834 -2.2340884385313347 403
12 4.0501188923362195 -2.5635123494881213 344
13 3.2227517032911233 -2.251991390787508 27
14 3.128955591953089 -4.191151970942544 294
15 2.9783477327274075 -2.8706198093679003 119
16 3.677097690368385 -3.101980017912027 185
17 3.3620380891694808 -3.6918181901728166 186
18 3.1171510551367976 -2.562629416599744 85
19 2.75792365150435 -3.0366216813420985 22
20 2.9555839009074023 -2.4066960238698023 316
21 4.09842091747055 -2.764809147034862 325
22 3.9812189383925474 -2.082351117097334 25
23 4.535197051614787 -3.6782800606219426 51
24 2.617424601973639 -3.8172284252878623 450
25 2.3968281498616495 -3.266658961104265 331
26 4.0472159255884765 -4.35087702526662 133
27 4.145362182017497 -3.634066853542137 315
28 2.3168575337448227 -2.3934500906438676 156
29 2.404534651546539 -3.462832311302368 473
30 3.4573877790939456 -3.958662628406231 187
31 2.0005288512563943 -2.863954932199429 464
32 4.243278553966874 -2.573325657449063 484
33 3.8048473133194607 -2.009268535042539 374
34 2.2960141258557045 -4.009529204586194 431
35 1.920041565573862 -3.2254036859080073 170
36 2.043763594192878 -2.721791813556479 68
37 2.5268050763417573 -2.067342706304214 326
38 3.8253320144218512 -1.73652026783759 461
39 4.403987509825736 -3.1923311319182854 385
40 3.5164847202649803 -2.5006452209293957 126
41 3.681360881061043 -2.150666875471361 160
42 3.00773184828529 -3.7877949808772517 212
43 3.8659870175048545 -3.5017936582949067 461
44 3.3546737061814755 -3.068252846209695 153
45 3.747152072680419 -4.349151185811025 428
46 2.9613564784291606 -4.1155063995201475 367
47 2.668145504121638 -2.833808592063491 75
48 3.8199679498021823 -3.947244275767574 396
49 2.619473645495056 -2.2647319726293698 355
50 3.5759243846223896 -4.405633558348087 432
51 3.122360672339427 -1.7107856133709731 171
52 2.957997868734625 -3.411668500297458 407
53 3.6409339605513598 -3.4357683848561233 400
54 4.744113874721512 -2.808161221006157 162
55 4.400284088678135 -4.0880957538261775 42
56 4.657964722633841 -3.167533114271372 43
57 4.152854743509325 -3.3635516674921977 429
58 3.3683894769463287 -1.893260432575331 196
59 4.779770417839367 -3.3632218588551135 479
60 2.7916326611513114 -1.9648582874061713 244
61 3.722734971811163 -2.6881071442825344 464
62 4.05806464825989 -4.0012419787306595 411
63 2.566807671591195 -3.5475845396004693 238
64 3.2536035215688877 -4.278811932506502 181
65 4.735907742517119 -2.2142560445562878 366
66 2.6897835739042075 -2.5703334308180934 225
67 2.174988386151842 -2.57837807867198 149
68 3.4453165628538915 -1.6921679864088872 70
69 3.163088936816588 -3.2116696033080134 248
endpoint1 endpoint2
4 36
28 41
8 63
32 44
9 62
24 66
1 64
34 46
17 46
0 17
48 59
12 17
49 58
22 65
13 20
14 43
1 54
25 49
51 60
2 53
0 45
23 53
0 67
55 56
61 69
29 37
16 38
10 36
17 39
17 57
8 18
39 42
44 55
18 62
9 19
1 21
49 51
2 12
32 68
46 52
20 47
1 33
23 50
37 68
7 15
32 58
5 43
20 21
16 29
6 32
40 48
43 45
13 44
28 68
18 57
38 60
10 19
39 57
44 68
0 5
15 48
4 11
2 7
26 56
0 59
46 63
47 62
26 34
11 65
6 27
5 62
11 39
18 22
9 29
42 53
14 26
39 54
12 20
33 68
24 47
20 61
25 46
4 24
29 48
21 26
30 47
34 50
8 33
13 68
29 42
34 44
17 44
31 52
35 49
42 60
14 29
15 24
30 64
1 18
13 18
47 69
3 4
52 57
22 54
1 46
23 55
6 21
28 34
8 40
32 37
0 69
22 40
3 48
25 67
23 45
30 56
16 24
49 69
7 46
11 43
8 20
13 49
10 22
1 13
8 64
15 53
45 69
20 41
25 34
57 66
4 20
19 20
8 47
21 22
30 35
15 64
5 51
35 63
16 53
6 56
43 47
17 48
31 64
14 17
5 68
0 7
12 31
15 50
13 30
19 55
0 61
33 65
5 8
20 48
21 53
19 29
3 62
27 45
33 50
16 22
6 25
30 42
28 46
32 41
63 67
22 28
5 60
16 44
1 67
13 35
38 53
17 67
39 48
13 61
64 69
0 30
12 22
22 66
14 36
58 66
21 62
52 60
0 42
5 27
6 16
30 45
34 48
13 66
6 42
1 68
52 64
17 34
7 51
41 61
34 42
29 66
18 41
44 52
1 16
13 16
43 64
2 23
0 11
3 6
1 10
19 43
26 50
20 44
3 44
27 59
57 63
23 49
8 42
16 26
6 45
30 62
15 69
17 27
8 48
37 40
31 63
18 32
9 13
36 51
8 22
13 47
44 51
18 58
24 25
20 68
1 3
24 37
5 13
60 66
47 61
29 58
16 17
40 46
6 36
38 68
34 60
8 55
17 28
22 27
36 58
51 66
41 49
14 23
39 53
20 67
14 57
18 68
47 58
19 31
32 53
22 56
14 69
5 16
23 61
21 29
30 40
28 40
8 62
27 69
23 27
16 46
40 59
41 58
11 49
14 30
40 65
12 58
39 50
0 16
12 16
1 29
66 69
21 60
52 62
0 44
56 57
1 41
21 38
4 34
2 46
7 23
55 57
30 53
52 66
8 11
11 54
35 53
6 66
39 43
13 52
0 23
42 66
1 22
14 45
1 8
25 59
53 56
60 69
57 61
6 9
54 55
9 41
16 28
23 41
38 67
34 35
6 69
12 40
14 18
39 62
0 4
15 49
26 59
46 62
20 53
47 63
21 40
19 24
32 48
22 39
18 25
9 52
16 41
10 51
17 52
28 66
37 57
9 30
18 51
12 61
11 16
0 27
12 27
18 66
56 69
19 33
2 59
26 44
27 33
59 65
30 46
54 59
21 27
39 65
32 45
7 24
4 67
52 69
17 45
41 56
11 51
40 67
43 62
44 57
12 18
50 62
0 46
22 49
6 20
55 59
36 42
7 47
61 62
26 64
6 64
12 51
17 56
8 19
42 64
0 15
19 47
2 13
9 69
1 32
25 35
4 43
32 59
29 61
20 22
23 43
25 69
4 49
10 44
15 65
40 49
12 42
54 65
43 44
17 49
13 43
9 27
24 29
45 46
15 21
0 6
3 25
27 52
10 68
25 36
4 18
27 42
16 21
6 24
5 61
11 38
35 37
27 64
23 30
40 56
12 33
13 36
42 50
14 27
12 63
1 24
19 61
24 48
3 30
58 69
21 63
19 35
22 60
30 44
4 39
13 67
5 38
31 41
9 35
24 69
30 54
1 69
34 45
49 67
7 48
11 53
42 61
12 54
44 59
7 65
1 17
49 63
2 22
24 55
1 11
21 56
19 40
2 48
53 59
23 54
47 53
28 35
61 66
30 57
4 52
7 41
9 14
16 63
3 64
10 13
8 21
17 62
37 51
48 53
55 64
39 61
2 17
50 55
8 65
21 65
19 49
24 36
3 18
25 33
57 65
21 43
34 63
31 37
13 41
11 57
25 30
39 58
26 29
19 54
24 43
3 27
1 63
25 42
10 66
21 52
19 28
52 54
22 59
29 52
53 55
27 44
8 61
7 31
5 59
29 46
33 43
16 45
40 58
6 48
14 25
40 64
15 28
17 66
13 60
12 23
45 63
13 22
19 63
24 50
46 69
51 58
25 51
19 37
2 55
52 61
0 43
1 42
23 59
21 39
32 33
55 62
35 44
6 43
7 50
16 58
38 45
12 48
36 53
43 50
11 13
1 23
0 12
25 52
15 41
19 42
32 66
3 47
9 64
53 57
57 62
6 8
58 61
22 47
3 53
33 37
25 64
38 66
16 27
10 33
17 26
7 43
15 68
11 44
6 68
3 66
48 55
16 64
20 69
0 3
50 53
1 2
4 9
20 52
47 60
34 67
7 10
22 38
27 41
16 18
7 32
11 37
9 53
42 45
16 40
6 63
12 38
54 69
51 69
7 62
13 39
42 55
14 20
10 28
25 28
39 52
41 65
56 68
14 32
15 37
19 30
2 58
