nnodes nedges type
70 600 graph
nodename posx posy weight
0 -1.7940116086285904 -4.881060048582584 120
1 -1.8387133190144243 -4.679035836679042 365
2 -4.001499293214974 -3.743435484274483 13
3 -2.571090108174891 -4.919147184731675 273
4 -1.6504961304882053 -4.660780028925367 170
5 -2.5523889866750773 -3.519832140331198 467
6 -3.7420619700181685 -4.873303426601355 67
7 -2.940330519272857 -4.119761139458164 369
8 -1.4617926914507222 -4.105265887909308 488
9 -1.6973520619076474 -3.7426223022654583 38
10 -3.146487180706981 -5.165323283723137 22
11 -2.506812609136758 -5.25775254046544 218
12 -2.6839947391700854 -3.3513162568615966 449
13 -3.3448716507528227 -3.824706552796663 372
14 -3.1126481367607792 -3.053158169276516 364
15 -3.0554253458337977 -4.905233109947318 308
16 -2.553311889992235 -4.2683780039934165 182
17 -3.8768018528872106 -4.682434419550138 416
18 -2.1160899237228037 -3.5417282683341953 7
19 -3.5087737791829516 -4.650314483015432 205
20 -3.0362934496301115 -3.534412691870421 22
21 -2.902573843986478 -2.748533847102145 346
22 -3.86729456581771 -4.228850932381628 479
23 -3.3856971689394904 -3.447513644368216 423
24 -2.9377130916009992 -3.339190903789842 347
25 -1.4012250515719242 -3.872070706967 352
26 -2.1187375077293393 -4.523027005337163 246
27 -2.7552996635091476 -2.92189703349663 320
28 -2.252615199925329 -3.0838644224566987 243
29 -2.866040459788185 -4.475703937587109 323
30 -2.68681560164134 -3.975750472943694 76
31 -3.260127880630815 -4.647366307167031 265
32 -2.7456422795233837 -3.633328551407271 442
33 -1.204862636294892 -4.119777897152541 273
34 -2.7775009284678474 -4.688916413746973 368
35 -2.3716728320039087 -4.1756524143521245 310
36 -2.223969760920846 -5.309706078823228 414
37 -4.056492432582112 -3.4771584150310706 53
38 -1.5045267036604244 -4.453793599549725 106
39 -2.107033063016595 -4.0902920989450635 428
40 -2.860394183743891 -5.30118390728543 458
41 -2.575317205675108 -2.8009683281517836 315
42 -3.599847478216991 -3.623005277560971 233
43 -3.6869139616753515 -4.03864414718189 261
44 -1.720136004491088 -3.098868375407607 108
45 -2.575729489525679 -3.8334782785387023 289
46 -3.828423914201988 -4.511131221134443 136
47 -2.0754217801092594 -5.12413450231925 143
48 -3.2953021176548103 -3.974935433505966 276
49 -1.9426864033949975 -3.6490559082964222 23
50 -2.7141502785776446 -5.047858797966662 351
51 -2.095859637550171 -4.320906711517092 60
52 -3.6367479544874697 -4.957861771470857 71
53 -2.177135372325298 -4.838908699597637 413
54 -1.8349505123079013 -3.8554106220260436 482
55 -2.3805549349357675 -4.761798078286235 119
56 -3.1143012736728988 -4.433033474644759 184
57 -2.5084559036120675 -5.559337495635138 455
58 -2.1523899893213736 -3.8415858272686028 5
59 -3.474047020619328 -2.81176465766015 393
60 -2.9090234061534725 -5.6582241018120465 166
61 -3.886879299107009 -4.08452366070245 233
62 -1.9959028305157782 -3.263248135021494 401
63 -1.8191786832057255 -5.220336298102443 388
64 -2.1265253519302143 -2.8484784498891216 234
65 -3.3856223162675803 -5.297536406839993 82
66 -3.5011439480722246 -5.126723884044051 218
67 -3.392555939003868 -4.229860956252384 267
68 -3.6345337540181246 -3.083345682063214 274
69 -3.6102914334404477 -3.349764809754018 199
endpoint1 endpoint2
26 47
22 57
3 35
21 28
4 36
8 63
35 41
9 62
33 41
16 47
1 64
7 55
13 32
15 30
11 22
1 28
0 55
20 58
1 54
25 49
22 48
5 24
56 58
20 32
12 69
23 53
4 35
32 35
7 22
5 34
29 37
35 46
59 61
10 36
17 39
35 52
18 36
16 60
6 67
43 52
17 57
30 69
42 67
48 50
45 54
43 69
14 50
1 15
21 68
2 12
32 68
1 33
37 68
32 58
48 68
10 47
11 46
16 51
17 50
24 28
10 19
39 57
11 26
44 68
0 5
15 48
45 64
24 40
20 54
47 62
34 65
32 49
3 60
6 27
7 34
41 44
5 62
50 65
16 42
37 56
10 26
43 56
13 63
11 19
15 57
23 64
4 24
2 56
0 40
59 64
33 53
23 62
32 46
31 46
30 49
7 49
31 52
35 49
18 43
12 53
15 24
39 47
13 56
12 19
51 62
46 51
4 45
58 62
34 39
7 46
37 42
35 54
18 34
16 62
3 65
36 49
9 17
55 65
48 52
45 52
50 54
47 66
45 69
2 10
26 63
5 15
27 62
21 44
19 20
20 23
29 60
16 31
30 35
18 29
42 46
9 48
13 42
9 26
5 68
38 50
10 17
25 31
15 20
14 59
1 6
15 50
24 42
46 61
5 8
4 19
5 18
3 62
16 22
30 42
4 57
17 23
7 28
63 67
22 28
18 20
7 58
42 51
15 29
39 48
0 30
41 69
51 55
22 66
1 49
23 66
52 60
26 43
0 42
5 27
3 39
21 24
54 62
13 66
22 23
35 45
9 34
30 55
34 42
26 68
18 41
38 44
12 55
36 52
17 68
15 26
44 52
1 16
13 16
19 69
2 23
3 6
25 53
26 50
35 69
0 33
46 49
20 44
57 63
47 52
6 11
2 43
48 65
16 26
30 62
2 69
7 40
16 48
38 39
3 67
17 61
24 25
45 50
1 3
4 8
19 48
20 43
27 48
21 42
2 34
26 39
32 62
7 11
5 23
29 58
9 44
33 63
40 46
15 66
50 66
8 55
5 49
18 27
16 55
10 53
17 54
41 49
31 66
8 29
11 56
37 59
10 31
44 64
41 66
15 60
21 51
52 55
22 56
5 16
29 51
23 61
6 31
30 40
35 38
27 69
23 27
30 50
10 60
38 43
12 58
17 65
7 69
48 58
12 16
49 59
13 21
14 42
51 61
58 64
15 35
19 36
2 52
56 57
6 22
36 66
32 34
13 64
55 57
9 32
36 40
34 40
8 11
35 53
18 39
6 66
44 54
45 55
49 60
2 21
14 45
1 8
2 15
32 67
0 35
1 34
47 54
37 69
2 41
8 44
7 12
5 44
29 63
16 28
38 67
6 35
10 46
34 35
7 42
31 57
5 54
11 47
6 69
18 56
38 63
25 26
12 28
45 65
28 31
4 10
0 58
24 39
4 16
19 24
5 21
14 64
11 36
18 25
23 28
17 52
11 58
18 51
42 52
67 68
15 16
56 69
0 49
10 65
1 60
21 49
32 55
5 30
29 49
6 29
8 32
7 24
13 69
40 61
30 48
10 58
7 54
29 69
11 51
18 42
40 67
43 62
12 18
2 24
24 53
20 59
5 7
53 61
57 58
23 52
4 44
8 39
29 36
9 38
16 39
6 46
30 59
10 37
16 61
13 50
48 51
38 58
1 20
0 15
21 67
9 69
25 35
7 14
32 59
20 22
30 34
4 49
7 36
11 33
12 42
36 63
51 65
13 43
31 65
26 31
14 58
12 30
15 51
19 52
46 60
3 25
1 57
28 55
19 26
26 35
29 54
27 42
33 51
30 37
28 45
22 31
5 61
31 32
27 64
18 23
23 30
40 56
36 38
17 42
11 60
43 59
11 18
0 29
12 21
18 64
19 61
14 39
23 67
4 25
20 36
4 39
7 26
32 47
13 67
16 34
6 53
30 54
10 56
49 67
42 61
16 56
38 47
65 67
13 55
7 65
48 62
45 58
22 68
19 66
43 65
0 10
50 60
14 46
1 11
25 54
0 32
20 35
3 45
27 56
12 64
23 54
6 10
28 35
8 41
7 19
3 51
9 36
33 39
31 60
37 41
9 14
16 63
38 56
10 23
24 62
3 12
4 15
20 42
1 38
25 33
26 38
32 61
9 45
6 39
34 63
8 54
31 67
5 67
38 51
10 30
13 29
24 43
46 66
33 64
27 54
10 66
28 49
26 33
22 59
14 68
20 31
34 54
17 22
22 29
29 46
35 39
6 48
12 35
17 40
7 53
41 59
53 66
17 66
41 68
22 67
19 63
2 29
13 22
46 69
20 56
14 37
51 58
58 67
26 40
5 26
59 69
21 39
4 33
36 65
13 65
29 39
6 43
34 43
52 65
16 58
38 45
12 48
36 53
43 50
8 16
13 15
1 9
19 42
2 14
32 66
56 63
0 34
3 47
53 57
1 35
23 48
21 32
4 40
7 13
22 47
4 54
8 49
5 55
18 33
12 47
31 68
48 55
55 66
16 64
25 27
20 69
3 14
45 66
4 9
0 57
47 60
5 22
33 62
30 38
10 40
34 61
8 56
31 39
9 53
42 45
16 40
40 53
8 30
7 62
13 39
37 58
18 50
14 20
5 65
15 17
26 27
12 26
13 27
24 45
14 32
1 61
25 40
4 30
