nnodes nedges type
70 600 graph
nodename posx posy weight
0 0.2982512890474645 -3.257541560466038 100
1 1.4075355351510768 -3.5436694256977757 188
2 -0.20561955102516 -2.5480779184305056 197
3 0.40208044449488245 -2.668505344762916 455
4 -0.34513547516689685 -2.1933635851874134 103
5 -0.16909149210555557 -1.7519620915998022 417
6 0.29608056154324947 -1.3089347544493362 183
7 -0.07011156267863276 -2.796161786361509 263
8 1.6503560659897645 -1.3518802144557258 179
9 0.4835992173297089 -2.9375784906733116 295
10 1.6852529477423388 -3.48403703006571 342
11 2.0169248556238277 -2.710985373606859 352
12 2.119932467360362 -1.882346777467879 340
13 1.1259485269636347 -1.0730992240738395 364
14 1.2168397250276695 -2.948134129016647 189
15 -0.2175431926631582 -1.9812295326574432 423
16 0.8121342417780852 -1.1341779012993023 386
17 -0.5788778819290274 -2.4720279112915655 244
18 1.7476722653045877 -2.5748332033248515 126
19 1.052342385939349 -1.7155155915307103 283
20 1.3208571068793986 -1.8711632394883178 325
21 -0.5784232093365207 -3.1224233613106542 350
22 0.527419376298415 -1.443357482484416 115
23 0.5380623140285683 -1.8244572557656478 447
24 0.0825618015275634 -3.0632959335800884 47
25 -0.25308810181454483 -3.2045403684847673 186
26 -0.003110484270361561 -2.3898163901057963 348
27 0.8284424835819592 -3.719533790155796 192
28 1.0069698471964605 -3.5161223311977543 100
29 1.8065844208774993 -3.132497906918957 166
30 0.04718155991094282 -2.088666108064923 73
31 1.2367246062324255 -1.6352300729965474 483
32 1.2696579078303363 -2.158060585079635 68
33 0.875267026808586 -3.3909280833115933 157
34 0.14961366658694 -3.6784957198239128 136
35 -0.09323227010210415 -3.66112883431121 403
36 0.9398644705462194 -2.5567804336739757 140
37 0.8541631903154066 -3.047258312003278 496
38 0.5043142033784438 -3.8754751914195245 356
39 1.1722765653738538 -2.504702784552842 415
40 0.563447931847835 -3.6291629833237833 125
41 1.1938611328527025 -1.4278514545407845 297
42 0.8591425502595965 -2.2385090232909084 436
43 0.5210542995090693 -2.4390387499719783 146
44 1.5296074344901847 -2.73448138763488 315
45 0.6182530947577441 -3.2083021472180024 470
46 0.8562677133619669 -1.738178074369251 211
47 1.6743037802146847 -2.975956064405013 307
48 0.8665756436892238 -2.883084365037593 106
49 0.803643595072036 -2.431848034555229 32
50 -0.6979030642153805 -2.8250234270595227 475
51 -0.07429933998162357 -3.472833873092529 248
52 -0.3865163130063455 -1.5995331949613298 369
53 0.45419886228556966 -1.2422903311848854 108
54 1.8149950562151729 -1.7934308882081949 94
55 -0.764291688551774 -2.3195031273057864 390
56 0.0021350982050302447 -1.5860933854348003 454
57 0.8355830540880975 -3.9845946059983004 27
58 0.7418373590034988 -2.0408516764988605 369
59 -0.4780868713659136 -2.0101239917317297 396
60 -0.1847320646724542 -2.918428690508637 452
61 1.1948168844948552 -3.2233124745606294 397
62 1.9378693868907304 -2.6086194236609987 93
63 1.9358096020508941 -2.1889563072519977 473
64 -0.12100234002383749 -1.3472757122696144 308
65 0.5358797443276385 -1.6856408223113137 251
66 1.587437121086317 -1.9735516434497196 269
67 0.12671928865664062 -2.7049668655995687 411
68 1.4693353176325858 -2.3664889201964803 123
69 0.4032339272011923 -2.131483515236867 459
endpoint1 endpoint2
5 31
54 58
4 36
8 63
32 44
31 44
7 25
9 62
23 26
13 32
11 48
42 62
38 40
53 64
17 64
39 45
13 58
44 56
7 68
0 17
1 28
13 20
2 27
14 43
51 60
19 39
56 58
22 48
3 40
1 40
23 53
21 37
28 32
2 47
0 67
32 35
29 37
9 39
33 34
6 41
30 58
36 41
10 36
8 12
37 44
61 63
35 52
18 36
10 14
43 52
30 69
44 55
42 67
0 14
50 56
24 59
25 58
19 44
26 49
0 36
24 33
1 33
57 60
37 68
7 15
29 62
3 55
6 32
4 48
7 37
41 43
5 53
31 56
11 46
40 48
43 45
37 63
38 60
16 66
39 57
50 51
12 29
15 48
2 7
26 56
33 67
46 63
47 62
2 33
14 65
11 65
3 60
34 59
9 59
16 42
36 37
41 54
18 48
13 63
44 67
14 60
12 20
1 25
19 58
2 30
51 57
21 48
19 32
0 40
29 48
20 27
59 64
23 62
39 64
5 39
9 60
33 47
34 44
7 49
29 68
35 49
18 43
14 29
30 64
0 19
12 19
49 56
25 55
21 57
26 52
6 21
28 34
58 62
0 69
22 40
23 45
8 14
7 46
49 69
12 44
43 54
8 20
65 69
9 17
42 65
14 48
25 56
15 53
45 69
0 38
24 35
3 19
19 20
28 57
8 47
32 60
33 57
16 31
4 50
8 53
18 29
42 46
16 53
6 56
9 26
24 30
38 50
15 20
39 59
11 28
26 28
13 30
19 55
20 48
25 43
6 7
21 53
19 29
52 53
2 63
20 30
3 62
27 45
16 22
39 69
30 42
34 57
7 28
23 25
7 58
11 63
42 51
14 24
53 67
43 58
64 69
39 48
0 30
12 22
1 31
13 23
24 49
20 63
23 66
15 33
4 26
52 60
26 43
20 37
3 39
27 34
6 16
30 45
39 66
34 48
5 37
29 40
30 55
36 46
52 64
7 51
41 61
37 47
31 54
26 68
15 26
45 57
22 69
2 23
43 64
50 61
24 56
15 46
22 52
20 44
12 65
1 44
23 49
48 65
29 33
3 50
16 26
2 69
17 27
7 40
31 63
18 32
17 61
24 25
50 52
14 54
1 3
45 67
4 8
26 61
0 56
46 56
27 48
4 22
19 22
32 62
5 23
38 68
30 33
4 60
6 36
41 47
31 36
16 55
36 58
37 59
10 31
15 22
14 57
15 60
46 67
3 26
21 51
28 50
52 55
26 46
32 53
5 16
27 47
17 21
5 58
35 38
9 63
16 46
4 65
14 30
53 65
17 65
15 31
44 63
45 62
1 29
51 61
25 50
58 64
2 52
12 68
3 41
54 60
31 42
29 38
10 39
34 40
11 54
9 10
6 66
62 63
12 49
17 58
13 52
44 54
43 66
47 65
26 48
32 67
0 35
20 46
53 56
23 51
28 62
29 63
7 42
9 51
24 27
16 65
39 62
15 49
2 6
26 59
24 39
46 62
20 53
3 23
21 40
32 48
7 35
50 64
11 36
51 68
37 57
11 58
10 29
43 57
67 68
41 64
0 27
18 66
33 69
14 33
46 65
4 31
59 65
39 65
13 69
31 47
9 61
40 61
4 67
10 58
52 69
41 56
15 25
30 67
0 18
45 60
19 64
2 24
3 5
1 53
15 45
0 46
56 59
22 49
1 47
6 20
8 39
7 17
55 59
29 36
3 49
61 68
10 37
34 38
8 13
37 43
35 55
18 37
6 64
9 18
45 53
47 67
1 14
15 42
46 53
9 69
47 48
7 14
20 22
31 59
11 33
9 49
16 52
6 59
40 49
51 65
17 49
31 65
18 54
5 69
38 61
14 16
15 21
56 64
46 60
5 9
1 57
19 26
20 29
23 32
30 37
22 31
18 23
9 58
23 30
41 53
37 39
14 27
53 68
39 49
15 56
0 51
24 48
25 45
22 60
20 36
59 67
7 26
55 60
5 38
49 67
35 48
42 61
38 47
30 65
49 63
22 68
19 66
43 65
50 60
24 55
52 58
46 48
3 45
1 45
21 34
2 42
61 66
3 51
33 39
23 44
25 66
10 35
7 41
3 64
36 50
37 51
18 61
45 51
26 60
0 39
24 36
27 49
1 38
21 43
4 21
28 58
34 69
19 23
37 65
26 38
22 32
32 61
6 39
30 32
8 54
42 47
16 54
43 46
13 41
37 60
9 25
5 67
0 24
56 66
13 29
24 43
14 34
46 66
19 28
26 33
5 17
62 66
3 33
33 49
16 23
6 30
27 44
24 64
10 63
1 66
42 48
14 25
43 61
11 20
44 62
41 68
48 57
15 58
19 63
46 69
1 48
4 27
2 55
62 69
59 69
34 49
32 33
31 43
5 36
29 39
33 44
52 65
34 43
37 46
26 69
38 45
8 16
39 40
13 53
12 14
43 67
2 20
14 44
19 42
12 66
1 35
4 40
2 40
58 61
48 66
9 42
8 49
16 49
6 68
36 60
10 11
17 60
13 46
9 22
16 64
49 54
11 24
27 29
4 9
45 66
2 9
28 30
24 38
20 52
3 20
1 36
4 23
34 67
14 67
29 57
16 18
23 39
10 40
34 61
17 19
50 67
41 46
18 24
42 45
54 69
51 69
36 59
41 48
37 58
25 28
67 69
18 69
46 64
3 29
21 50
