nnodes nedges type
70 600 graph
nodename posx posy weight
0 3.620295077970669 -2.3385841830831664 487
1 2.039213622142776 -1.4172323545856673 499
2 3.494619797339433 -2.946415268729271 310
3 3.8382167487269494 -3.2577884193756477 356
4 4.150548566987771 -1.5416500105711968 22
5 4.230924453486652 -2.331965738787186 123
6 2.940941316100676 -2.182775616320569 424
7 3.938515614504465 -1.6854649772766197 426
8 3.376088799272538 -1.0723839869847467 421
9 3.1911404982630116 -2.2575023702856862 424
10 4.23559492829672 -2.1586783931845233 476
11 3.520782474803376 -1.741946533748504 413
12 2.9888703666931598 -2.4589366641270063 94
13 2.0895417027447336 -2.619768928391998 330
14 2.0963582951073776 -1.6433529158778495 189
15 2.9456367442581635 -3.779575521239121 162
16 3.5614986593210007 -2.1539168918783176 48
17 1.8428047475896119 -2.07356258776482 11
18 2.7771336778418094 -1.2810107593137838 135
19 2.061947755072443 -3.0130261412428876 223
20 3.503869495281948 -2.5860360512070057 117
21 2.8604602582108978 -0.9663089967094982 392
22 3.609687821547518 -1.3566140849656319 492
23 2.3658102036399264 -2.6075286503338617 75
24 4.000706185627654 -2.5759905009557773 133
25 2.6585043437851876 -2.352271717754622 118
26 2.283843127404076 -3.367519500541603 152
27 4.122349167396951 -1.8489432539787136 346
28 3.4061473633252444 -1.982890635463946 86
29 2.998676532506395 -2.9523979789107173 84
30 1.7107076524602192 -2.249779999662536 439
31 2.327050004002009 -2.354243007963358 184
32 3.7604689510707 -1.2571715727603634 148
33 4.105866091107722 -3.1275040692033924 356
34 2.586494947008579 -1.6100824304480528 209
35 2.38012970079473 -3.1901067278948565 23
36 3.625030861688193 -3.489034514574112 62
37 1.7938030366532238 -3.0550749017793093 184
38 3.707824505620732 -2.893377300583886 73
39 3.23080636568976 -3.7073425213079965 292
40 2.429634679675684 -1.9692653854017423 162
41 1.9992083614819867 -1.9169700686463516 111
42 3.205731306904401 -0.9987518700296875 365
43 3.4527784928111114 -3.5025786802756524 62
44 2.9515122513082632 -1.7439088599021895 225
45 1.3759789508101108 -2.2325988150009435 236
46 3.08773218549155 -2.624359112267545 54
47 1.880322008361586 -2.403079691214787 135
48 3.870197732767003 -2.0236554165792984 216
49 2.7234416511294732 -1.213333559747394 494
50 2.3224334279445307 -1.50397944257438 280
51 1.8807622332510803 -2.6448515756349913 381
52 3.249431967823519 -3.325371392025255 283
53 3.0060588609015118 -1.547649866309441 172
54 2.5220731464917576 -3.77958561072786 217
55 4.192474958159967 -2.7650785185223423 417
56 2.540601168080534 -3.016820905558135 346
57 3.8583739179041534 -2.449033579111639 140
58 3.2694038253927418 -3.1410847324805875 232
59 3.176580905372178 -1.714746348733864 415
60 2.6339405906741726 -2.7659459126893293 136
61 3.2906990990526013 -1.433119787928502 54
62 2.8545369498924127 -3.066590521270243 193
63 2.6388607742804533 -3.4688276253008126 2
64 2.3076864951799965 -2.0938507539176907 359
65 2.0001540891321445 -3.1657832147623868 239
66 2.804669722902453 -3.457761533590167 99
67 2.5951964282397837 -2.006323728364014 21
68 4.007042352153621 -2.9125033637942277 234
69 2.2862067211310975 -1.144700398602781 451
endpoint1 endpoint2
26 47
22 57
11 68
27 46
54 58
29 44
35 41
6 54
17 46
14 31
38 40
12 59
17 64
11 22
7 68
48 59
2 27
0 55
20 58
25 49
58 65
19 39
35 65
26 54
22 48
53 62
1 40
6 23
28 32
55 56
29 37
30 58
60 62
7 44
42 57
6 67
12 50
8 18
37 54
48 50
2 18
50 56
0 14
0 36
27 60
37 68
32 58
5 43
48 68
30 61
31 56
18 31
40 48
28 68
37 63
24 28
49 52
39 57
26 30
50 51
12 29
27 31
8 69
4 11
45 64
46 63
47 62
32 49
6 27
41 44
16 42
28 67
37 56
9 29
42 53
53 69
0 28
15 57
13 25
25 46
26 45
20 27
59 64
6 18
54 56
31 46
9 60
24 68
16 33
40 62
10 59
17 44
29 68
18 43
12 53
30 64
13 56
44 58
48 61
12 19
14 41
25 55
19 41
52 57
26 52
46 51
9 67
23 55
6 21
28 34
8 40
22 40
5 32
55 58
3 48
29 35
61 67
6 47
30 56
17 37
49 69
18 34
9 15
16 62
10 12
43 54
13 49
37 52
44 49
9 17
2 16
47 66
3 13
1 13
2 10
26 63
60 64
25 34
34 68
7 9
29 60
3 57
16 31
21 22
30 35
15 64
8 53
9 48
36 56
10 55
43 47
41 51
5 68
38 50
15 20
0 7
14 59
56 65
0 61
5 8
46 61
6 7
19 29
29 53
3 62
23 35
4 57
22 28
35 36
12 34
36 39
1 67
53 67
64 69
41 69
19 60
23 66
25 44
26 43
0 42
36 64
7 21
13 66
9 34
41 61
31 54
29 66
11 52
36 52
15 26
7 64
12 13
1 16
22 69
14 47
25 53
19 43
0 33
1 44
57 63
6 11
7 18
5 46
29 33
9 43
33 38
25 65
23 47
10 32
8 48
31 63
37 40
18 32
16 48
38 39
36 51
55 67
11 25
0 2
3 15
21 64
4 8
28 29
20 43
1 37
57 64
60 66
30 31
14 66
33 63
16 17
34 60
8 55
9 54
16 55
36 58
18 53
14 23
38 48
12 25
56 67
19 57
46 67
14 35
51 52
25 41
22 56
11 69
33 48
31 45
7 52
11 49
42 49
38 43
17 65
11 23
24 51
14 42
2 52
0 44
12 68
23 58
54 60
2 46
13 64
29 38
6 40
8 11
31 48
16 59
12 49
36 54
8 17
39 43
43 66
14 45
47 65
1 8
19 45
26 48
20 46
12 67
27 61
1 34
57 61
37 69
2 41
32 57
22 44
5 44
29 63
3 52
9 41
6 35
4 55
2 67
34 35
8 50
11 47
6 69
13 45
9 21
24 27
14 18
39 62
12 28
27 28
25 60
19 50
2 6
3 23
21 40
4 16
19 24
34 64
33 61
6 26
8 57
41 45
22 25
18 25
9 52
23 28
4 68
11 58
18 51
14 21
44 66
56 69
13 26
19 59
51 54
10 65
29 49
27 33
33 54
30 46
21 27
8 32
7 24
31 47
9 61
17 45
18 42
42 63
38 41
30 67
45 60
13 19
2 24
24 53
20 59
35 64
22 49
3 43
27 38
57 58
6 20
4 44
9 38
16 39
60 63
34 38
61 62
35 55
43 55
13 50
44 48
9 18
42 64
1 20
43 68
14 51
21 67
4 13
2 13
24 34
3 16
57 67
25 35
28 56
32 59
22 34
20 22
21 23
30 34
15 65
17 31
5 52
40 49
54 65
36 63
17 49
37 62
14 16
10 16
39 56
12 30
0 60
33 66
5 9
20 55
10 68
4 18
20 29
27 42
30 37
28 45
8 59
63 64
5 61
11 38
31 32
10 49
7 59
11 60
42 50
38 52
12 63
10 27
43 59
11 18
0 29
14 61
18 64
51 56
19 35
0 41
20 36
6 19
28 36
34 51
8 34
32 47
31 41
13 67
40 63
1 69
7 48
29 67
11 53
42 61
17 69
39 46
65 67
0 20
1 17
22 68
0 10
50 60
3 7
1 11
19 40
46 48
20 35
53 59
1 45
21 34
4 46
33 39
23 44
25 66
31 60
9 14
17 62
13 48
45 51
0 1
24 62
3 12
25 63
15 52
0 39
24 36
46 59
25 33
4 21
28 58
34 69
26 38
19 23
22 32
32 61
29 59
3 56
23 37
6 39
40 45
30 32
17 29
31 37
5 50
35 62
6 57
40 51
51 67
8 28
7 60
20 66
12 24
56 66
0 62
20 49
10 66
51 53
2 60
20 31
62 66
27 44
3 33
23 34
28 47
35 39
9 56
6 48
41 59
18 47
17 66
13 60
48 57
12 23
1 30
66 68
15 58
19 63
25 51
58 67
4 27
20 38
59 69
4 33
5 36
29 39
9 33
16 58
36 53
39 40
7 67
42 69
0 22
49 61
13 15
0 12
14 44
25 52
22 53
9 64
60 68
6 8
28 61
2 40
3 53
9 42
23 46
2 66
17 26
15 68
31 62
8 49
11 44
35 59
12 47
10 11
18 59
24 26
9 22
38 62
16 64
20 69
11 24
0 3
25 61
15 54
2 9
26 58
29 31
21 41
34 67
2 35
33 62
40 47
10 40
41 46
22 24
50 67
7 32
40 53
12 38
5 65
10 28
64 65
39 52
44 65
0 26
41 65
14 62
1 61
25 40
15 37
19 30
