nnodes nedges type
70 600 graph
nodename posx posy weight
0 -3.787856937648327 -0.0561468338823642 353
1 -3.159605800560505 -1.7582223385288518 158
2 -4.26238604257622 -0.530988542247442 142
3 -4.47661505802776 -0.13005834391426915 412
4 -5.17379102284913 -1.8170761845562 288
5 -4.733261141319138 -1.4302045229230638 394
6 -4.174836455172616 -0.9782969620999149 499
7 -4.497137463397485 -1.3210555979786704 349
8 -4.208643779651356 -0.013833560915591988 369
9 -5.534583853744592 -1.3008383759943811 266
10 -4.941178223330366 -1.8415506577236107 449
11 -4.784736986650417 -0.1288401203893364 287
12 -3.342195319215406 -2.104888683269396 244
13 -3.4794711941602343 -0.25220692605661016 304
14 -5.393544112625165 -1.7250078379470124 155
15 -3.628393722331603 -1.4844857611460063 318
16 -4.525082070247819 -0.7409373752294374 365
17 -4.277671165076398 0.2084863039514594 373
18 -3.8423470141292957 -1.0835568898001056 296
19 -4.682387211121175 -1.7398441079917064 25
20 -4.741267921237305 -0.887080876232998 205
21 -3.199919309697185 -0.7158576949166611 152
22 -4.06470556964547 -0.07687407617496635 483
23 -3.6645882595649675 -2.4252572947926647 381
24 -3.6686498857854093 0.15464197877561506 323
25 -4.04803561906115 -1.606345506717797 349
26 -5.519430416683358 -1.0456080763567666 65
27 -3.153644889484783 -1.0375279120860763 481
28 -4.6331951502215425 -2.282256291273135 424
29 -3.369114345175001 -1.7659997283087991 210
30 -3.3080184292743358 -1.3156772647287787 498
31 -4.703169702206228 0.14655213251680388 208
32 -3.4494125113412872 -0.48924209565650084 297
33 -5.045597496189697 -0.03242512303276721 417
34 -3.291721192011163 -0.8322961296666007 170
35 -5.255667252701364 -2.269880139912047 149
36 -5.755722236381376 -0.8087803403895676 434
37 -4.749496286974348 -0.7272593226447064 381
38 -3.9208386829224775 -2.1020373582566476 350
39 -2.9667243175467544 -1.57003355968672 470
40 -5.19172565442567 -0.846678885805209 52
41 -3.894305893122019 -0.7961436215424571 105
42 -3.5530466078580356 -2.0343045040987215 313
43 -3.145583066888243 -1.2523587466584312 351
44 -4.324010127054338 -1.579533872144037 430
45 -4.8807098711141315 -0.5624168045555716 210
46 -4.561629479385238 -2.555690883632191 104
47 -5.2090302561009265 -0.5388087443840361 474
48 -5.0342607972269935 -1.0395021160956686 231
49 -5.088165436459314 -2.353940516031024 213
50 -3.6874253554121634 -0.6999347791225339 81
51 -4.301648442944424 -1.863273360492372 478
52 -3.732674926102881 -0.3498416358620655 38
53 -4.104444809252023 -2.5691927009741993 449
54 -3.9434135345152113 -1.2691623655022668 336
55 -5.606483815887985 -0.3812934079453139 102
56 -5.37589721089392 -1.306218852848759 130
57 -4.696345421511002 -2.004417335335656 332
58 -4.631633655208461 -0.5102228592678016 207
59 -4.153462211631314 -2.1218042995073976 162
60 -5.461514436315112 -1.566301056548641 321
61 -3.126039460806646 -0.3578907300434669 305
62 -4.0646596351799715 -0.5717546042285993 482
63 -4.456400042060235 -1.0948842361047615 104
64 -3.514916077268188 -1.055566802624022 473
65 -4.457090200429357 -2.1705275913026596 71
66 -5.024161553440529 -1.5221558707055827 8
67 -3.6426808246995384 -1.9024287285999728 351
68 -3.8465493560918693 -1.81566204223362 478
69 -5.2561026712593 -0.15022874193248664 73
endpoint1 endpoint2
32 54
5 31
29 50
20 25
30 41
8 63
29 44
27 68
18 19
1 64
18 45
40 66
13 58
7 68
0 17
49 58
22 65
2 27
1 54
19 39
26 54
22 48
20 32
3 40
23 53
6 23
57 59
7 22
55 56
35 46
6 41
60 62
34 41
7 44
37 44
11 41
61 63
37 54
44 55
9 19
18 62
25 58
15 43
26 49
32 68
24 33
6 14
37 68
28 63
2 38
32 58
29 62
3 55
9 40
4 48
7 37
41 43
5 53
9 50
3 68
12 41
17 50
18 57
9 20
38 60
10 19
8 69
19 53
0 59
46 63
3 22
25 37
4 17
14 65
11 65
27 43
4 63
7 34
27 65
42 43
18 22
7 56
18 48
42 53
10 26
18 67
2 30
0 50
20 61
0 40
22 63
29 48
27 32
39 64
4 38
13 68
33 47
16 33
6 52
40 62
38 46
48 61
45 59
19 67
2 25
15 44
21 57
4 7
35 67
0 47
56 60
46 51
6 21
4 45
2 45
7 16
3 48
9 37
10 34
17 37
31 61
18 34
16 62
12 44
43 54
37 52
44 49
45 52
2 16
50 54
14 48
47 66
3 13
1 13
15 53
45 69
2 10
26 63
60 64
25 34
6 12
21 44
4 20
37 66
19 20
3 57
9 46
16 31
6 38
21 22
23 42
10 45
40 44
15 64
31 58
36 56
43 47
38 50
25 31
20 48
3 24
10 69
6 7
4 19
28 48
2 63
52 53
19 29
22 58
20 30
29 53
30 42
4 57
32 41
5 60
18 20
9 57
16 44
12 34
7 58
11 63
12 56
15 29
0 30
48 56
18 65
22 66
46 68
58 66
19 34
2 54
22 61
6 16
21 24
30 45
7 21
5 37
16 35
1 68
34 42
17 34
11 52
35 51
29 66
42 58
36 52
0 21
13 16
50 61
0 11
1 10
25 53
0 33
22 52
27 59
28 60
6 45
7 40
35 56
16 48
12 46
37 50
10 20
14 54
3 15
21 64
5 13
28 59
37 64
26 39
32 62
22 33
14 66
16 17
50 66
63 68
31 36
16 55
36 58
51 66
28 64
11 56
38 48
39 53
14 57
12 25
13 28
20 50
5 16
11 69
3 32
62 67
27 47
6 31
31 45
4 65
10 60
13 33
18 44
42 49
38 43
40 65
44 63
49 59
19 62
24 51
25 50
19 36
2 52
26 41
5 25
59 68
1 41
8 37
7 23
6 40
34 40
17 32
7 45
42 56
30 68
37 55
44 54
48 49
45 55
15 40
21 69
12 67
27 61
60 69
6 9
8 44
32 57
5 44
3 52
9 41
16 28
10 46
5 54
11 47
54 67
8 24
13 45
44 45
24 27
39 62
11 27
12 28
25 60
0 58
26 37
5 21
34 58
18 25
23 28
40 54
4 68
17 52
28 66
11 58
5 64
38 54
15 16
0 27
12 27
15 62
56 69
46 65
14 33
20 60
10 65
23 65
19 33
22 62
30 46
31 47
16 32
17 45
41 56
11 51
18 42
43 62
15 25
0 18
12 18
14 40
20 59
51 63
2 50
26 55
20 33
27 38
23 52
2 44
7 47
37 43
18 37
6 64
36 48
10 15
13 50
44 48
42 64
24 60
1 14
21 67
19 47
32 69
24 34
3 16
9 69
27 63
57 67
4 43
37 67
28 56
7 14
22 34
29 61
3 54
9 47
33 58
23 43
6 33
4 49
15 65
9 49
51 65
8 26
37 62
20 64
14 58
1 7
15 51
24 41
5 9
20 55
57 68
26 35
27 42
4 56
22 31
31 32
35 37
9 58
23 30
16 43
40 56
7 59
9 28
64 68
13 62
12 21
15 56
2 31
19 35
0 41
59 67
30 44
21 25
7 26
31 41
5 38
29 41
35 42
30 54
36 45
10 56
31 55
42 61
40 69
12 54
65 67
48 62
2 22
14 46
25 54
19 40
2 48
52 58
3 45
53 59
6 10
4 46
8 41
32 38
22 41
5 47
3 51
16 25
6 44
10 35
49 68
7 41
16 63
8 21
17 62
65 68
44 50
55 64
45 51
39 61
2 17
0 1
14 49
25 63
45 68
19 49
2 11
5 14
3 18
60 65
1 38
7 8
29 59
4 51
10 42
34 63
8 54
7 38
31 37
5 50
15 67
63 69
9 55
13 41
11 57
5 67
38 51
0 62
27 54
51 53
23 68
21 52
19 28
52 54
26 33
32 52
20 31
3 33
16 23
39 68
34 54
8 61
32 42
63 66
5 59
29 46
24 64
40 58
1 66
41 59
13 34
11 62
53 66
12 57
10 25
39 51
11 20
12 23
1 30
22 67
13 22
2 29
25 51
58 67
46 47
6 17
21 39
4 33
54 63
29 39
6 43
30 52
36 47
10 38
17 33
7 50
18 38
16 58
36 53
43 50
8 16
17 59
55 69
13 15
19 68
2 20
50 58
20 45
3 47
4 40
2 40
8 43
22 47
61 64
29 32
23 46
25 64
30 63
2 66
15 68
35 59
36 60
48 55
49 54
45 66
28 30
2 9
46 57
20 52
27 51
21 41
4 23
7 10
33 62
23 39
16 18
6 37
10 40
8 56
22 24
16 40
6 63
12 38
8 30
14 20
10 28
25 28
39 52
11 17
44 65
41 65
14 62
18 69
1 27
15 63
13 27
0 48
24 45
