nnodes nedges type
70 200 graph
nodename posx posy weight
0 -1.4728293336434644 2.662338209531955 156
1 -5.064706150381331 3.5478419250562028 457
2 -4.10834324066873 1.2555919295627376 50
3 -2.5738055015206744 1.250038881553736 380
4 -2.360191859797263 4.045839873302695 438
5 -5.443102710833918 3.379849660117298 87
6 -1.6533459725195074 4.561438279187209 323
7 -3.1404254486007246 3.3721203686693753 5
8 -4.922045602068002 2.8219993407724657 2
9 -3.9762284366694014 5.387405423148426 327
10 -2.037626682360147 4.686287380154274 98
11 -1.4887606622805296 3.97297617381843 115
12 -1.704758135604842 3.0959110042930273 8
13 -4.260610545792481 1.8180372685620398 40
14 -4.390204014451445 4.044434811186124 407
15 -3.4581780662968833 3.8652227328348405 204
16 -2.9152367480827457 4.1738936094390615 52
17 -1.9684822740218566 1.459128775928976 129
18 -4.75739022208885 2.4242158694385716 162
19 -2.6825416461360607 3.6939871371766193 483
20 -3.85567475618542 2.500585527705284 170
21 -3.1053582548838166 2.235506871981951 428
22 -3.8554411495625223 3.5375555636624916 273
23 -3.6803619422287706 2.7461940614851548 266
24 -2.3523255825951312 4.541112826584761 117
25 -2.429763300479377 5.80740223717618 439
26 -3.2565160768558865 5.121704389375875 110
27 -4.586294751629982 4.468106981317795 67
28 -1.8783768041264277 1.7285014875969376 265
29 -3.715439119772309 4.931388523535662 455
30 -2.259253161619658 0.773526029474437 457
31 -2.9527941981190264 1.3869613521800102 396
32 -4.242959481051486 3.0792062931450075 263
33 -2.61736649363891 3.218349457348102 117
34 -3.55066243578301 4.333310923118155 291
35 -1.6729337333535295 4.211512577213497 26
36 -1.9188772928335776 4.0139607881654635 379
37 -2.2569025924894643 2.6635785452918155 302
38 -0.9091620635113566 3.8217492033744196 290
39 -1.7192575941558879 2.733812726916145 401
40 -3.183384452290991 1.7946036051802585 340
41 -5.101454798262048 4.582006415576269 301
42 -3.4861933988166527 3.611552892526624 170
43 -4.840914587721696 2.0758386717325106 7
44 -3.374084676815 3.007415166771038 255
45 -3.613053750215409 2.3128051656265405 353
46 -3.7698315305903596 1.4259376817908511 291
47 -0.9514888662975709 3.0933376222581366 250
48 -4.599626135047177 3.7220561915498704 125
49 -2.884172444808137 4.5949892089101 158
50 -3.251123012172968 1.2411647597904885 347
51 -3.365276754183051 4.52252038583407 208
52 -3.4889331183252033 1.9003660286924986 213
53 -2.4731589037333173 2.272062534956982 5
54 -3.4291845142516384 3.1990006400503948 273
55 -3.9557900295424377 4.337254635541005 60
56 -2.6638392217439053 2.6124922860007542 272
57 -2.897447193896509 3.155743129935717 457
58 -4.9338908724096955 3.9990145171834235 65
59 -2.3177762615053283 5.242142651407395 152
60 -4.338980289520579 3.2706185141172717 20
61 -2.6219442163305984 2.1605700754619095 324
62 -3.7779225893843744 3.9544081309275922 243
63 -2.327600518160891 3.449542571308499 473
64 -4.247683259253107 2.742169704631318 481
65 -4.54979310745041 4.867961438333396 147
66 -4.746720630158197 3.2007786849823106 213
67 -1.8473676833234123 2.3818905244620843 269
68 -2.579610930170476 4.837012822158734 62
69 -3.741346407879006 5.866609538803977 421
endpoint1 endpoint2
23 51
11 68
62 64
36 68
32 44
13 17
22 68
9 51
46 61
18 45
22 55
47 56
52 53
39 45
5 18
11 67
45 48
44 56
0 17
4 57
8 60
6 44
12 28
15 49
1 54
25 49
7 58
51 60
16 63
3 23
8 21
53 67
41 69
16 19
50 64
17 39
20 63
58 66
5 14
20 42
19 34
27 49
43 52
37 54
12 61
23 56
32 61
34 48
44 66
41 64
4 51
2 18
22 26
19 59
1 15
20 60
3 28
26 68
19 44
0 36
27 60
32 55
29 49
33 54
7 15
29 62
26 29
32 45
40 61
14 34
54 64
32 65
42 63
20 44
34 54
32 42
35 39
7 40
10 63
51 63
18 32
7 53
38 39
4 6
15 45
2 50
52 56
42 48
40 64
34 65
49 55
7 34
31 33
24 63
13 22
8 13
16 42
37 56
20 43
18 48
57 64
14 26
59 69
14 66
0 28
16 36
7 33
16 55
21 67
12 37
26 69
20 40
14 23
29 48
28 56
39 53
20 22
21 23
4 49
19 68
29 42
15 60
11 33
0 63
7 49
51 65
22 53
46 54
13 43
28 50
27 58
57 62
14 16
24 29
30 40
3 53
28 40
31 45
5 58
19 67
10 33
33 42
24 54
14 41
19 52
33 66
21 57
6 68
18 44
56 60
13 46
43 60
26 35
2 45
39 63
55 58
49 59
14 55
19 62
10 34
9 58
8 14
24 51
12 33
28 30
0 57
15 35
24 38
58 64
36 49
2 52
20 52
56 57
5 22
4 34
33 62
55 57
4 61
18 64
35 47
50 67
16 37
2 31
37 45
3 30
21 63
12 49
11 59
27 62
9 68
36 54
54 57
23 42
6 38
25 68
43 66
17 30
19 56
1 8
8 27
