nnodes nedges type
70 200 graph
nodename posx posy weight
0 -2.2588207089952186 -1.7865946442187028 163
1 -1.5257039957069027 -2.6903251165950834 288
2 0.13325327059278014 0.3297579833232882 281
3 -1.977553446955812 -1.254067385647476 478
4 -3.4272293238005145 -2.208972811588646 363
5 -0.755407834985911 0.35424455791302556 292
6 -0.11675191189639797 0.8115801131401125 55
7 -1.2967640905960114 -0.6551999100592435 290
8 0.004477475695544914 -1.0702796692100784 149
9 -1.8292098399387462 1.1897461824641224 94
10 -0.12766225132276163 -0.382750592123928 261
11 -3.700136953003549 -0.7235380859365115 163
12 -2.309837097040426 -3.4515072500424724 356
13 -1.339821917522626 1.7864414473779375 326
14 -4.064808245791276 -0.023354954937981016 229
15 -2.9712807646378967 -1.7977124010421666 91
16 -1.6684322480354068 -1.722411415758419 243
17 -3.5567643330128744 -0.3357939207519168 131
18 -2.2735968136566793 0.14504436042138677 417
19 -1.5887542148558698 -0.8170163167151899 64
20 0.3802328849789718 -0.12089371062993559 160
21 -2.4615927857035897 0.8994305965543284 337
22 -0.8394572293101529 -0.25771725014077546 426
23 -1.4754385104247483 -0.15495003846739394 463
24 0.5204819999611745 -1.2020042831373505 318
25 -0.8746253069573424 -1.6934040222426845 381
26 -2.2814338586414706 -2.354259349159179 73
27 -1.1601421680854989 -2.094809295043425 32
28 -1.5659456214956944 0.24363908781565138 290
29 -0.8505608937096287 -2.68675462575305 318
30 -2.2504936992509466 1.5405647412396604 16
31 -0.081055065575942 -1.4054804719634277 148
32 0.7332476977724233 -2.3253838925798225 468
33 -0.4055664963833862 0.541136559562141 436
34 0.6133396055239655 -0.8837611625898186 290
35 -2.921366622793088 -1.0312685941265118 420
36 -0.014497581907777576 -1.93910092478173 73
37 -3.1795583737685136 -1.4614776539034027 327
38 -0.7936067184471383 -1.1750526935327779 340
39 -2.5597396153311203 -0.91299788903193 388
40 -0.6829388770851975 0.02114962230022702 65
41 -2.385481871060746 -2.035648359539026 272
42 -2.8453754583940722 0.2228460065226161 417
43 -1.9132290146009572 -0.6820292189295033 171
44 -1.0177922729910105 -0.8197062609164619 265
45 -3.5487483546879535 0.3234024148264793 294
46 -2.262143435882259 -0.8870519742020152 216
47 0.372732081206586 -2.530186025151755 475
48 -0.19584584579278108 1.806210713898951 460
49 -2.537372150844558 -0.31298156270952754 210
50 -1.924894247677964 0.0006647773393617178 6
51 -2.6628316528091998 -1.648151709679271 289
52 -3.297523267759073 0.22512611744774824 365
53 -1.3990843627326979 0.7273134646894386 244
54 0.9222732812114548 -0.07510145864122049 448
55 0.5293447179267403 0.822560078775262 344
56 -3.1964088252442187 -0.47535060922160854 332
57 -2.796639177590787 -0.585107674411669 139
58 -1.6460775784202053 -2.2433465402006187 231
59 -1.6325045114467311 1.546295093373237 256
60 -2.056242540500619 -0.04351493191234537 327
61 -2.5671564500689588 0.6036678684633767 306
62 -0.5746906554087169 -2.1261550920520103 167
63 -3.2196073344380673 -1.0780833070851081 376
64 -1.2806777528079303 -0.056695434383520774 105
65 -2.9823727934083504 0.9851457847148387 132
66 -1.8914324000592724 0.6918240589312473 351
67 -1.4844549480556903 -1.13547277370613 55
68 -1.032900724224191 0.8900381939080232 458
69 -1.868609175058798 -2.0949023256241417 151
endpoint1 endpoint2
54 55
3 35
37 69
49 63
38 67
6 54
13 30
2 5
41 57
21 53
18 56
6 10
39 45
30 66
28 35
33 50
0 17
48 59
61 66
7 28
5 60
29 47
11 42
1 67
16 63
3 23
18 46
38 53
4 16
12 69
26 37
22 39
4 35
0 1
16 38
24 62
17 18
22 66
10 36
35 52
2 54
17 57
5 64
43 57
22 23
1 26
31 54
24 33
38 44
39 41
5 67
21 46
59 65
7 64
7 15
30 61
33 40
50 61
6 55
0 62
15 46
11 51
35 69
8 25
18 42
46 49
28 49
23 49
27 44
44 57
39 57
3 50
34 54
16 26
63 66
31 34
6 48
11 45
2 7
9 13
35 56
51 63
20 54
52 56
40 64
31 69
14 65
5 20
45 50
44 62
27 43
22 43
3 49
28 44
50 52
42 43
25 62
40 55
51 58
37 56
42 53
11 14
19 22
43 56
23 59
3 38
5 23
8 36
0 15
36 47
52 65
33 68
24 47
37 46
36 58
7 50
16 58
11 56
43 50
25 29
20 22
23 43
19 68
18 68
9 60
34 44
14 35
1 62
25 41
40 68
29 51
20 24
23 61
29 32
9 42
49 56
25 64
23 46
27 69
7 43
0 60
41 58
13 33
20 55
5 9
21 57
18 44
8 23
42 49
46 51
53 60
17 65
48 55
0 69
22 31
13 21
27 29
18 23
37 42
28 30
51 61
37 39
11 60
9 28
53 68
3 41
19 25
7 10
39 49
6 22
64 68
3 58
44 60
41 46
50 67
16 40
40 53
42 56
23 67
46 58
19 35
27 62
39 43
10 28
7 66
67 69
64 65
39 67
39 52
11 17
7 26
6 53
14 45
19 56
49 67
46 64
40 50
42 61
24 32
3 46
