nnodes nedges type
70 200 graph
nodename posx posy weight
0 -3.725668848427897 5.0460343471249836 463
1 -5.625752595313558 1.7504174133037818 229
2 -4.85124464043145 1.8536499544504152 118
3 -2.9413458872294758 1.8005106761098721 350
4 -1.7845899461624293 3.88986591994978 231
5 -3.369972362739905 1.568501927709963 132
6 -4.3433566587634385 1.2703060482250763 308
7 -2.8824252631002167 4.267529093351148 216
8 -4.777463934173727 2.184230090931111 449
9 -3.033193639019095 2.5991798273678732 78
10 -4.461282104426406 3.7256111494657054 53
11 -2.612523739748104 0.8853191034749499 478
12 -2.614441439790442 2.5100291256823084 281
13 -5.0752210400722255 2.681079974217486 45
14 -3.9797650529455737 3.4299619907273344 42
15 -3.424218615088223 2.0846060309085725 173
16 -3.259688361973541 2.194115259019745 49
17 -3.6044654737365422 4.035837325295663 340
18 -4.390387818014619 1.798498603016458 434
19 -2.442153148544473 3.2971102942205555 393
20 -3.6478680824519456 3.6640996452564023 24
21 -3.8433917480304483 2.9344509313073583 191
22 -4.755199520983666 2.9033407546852983 460
23 -5.521699803050191 3.436981201225066 239
24 -1.7573179188650796 2.8052034138821087 182
25 -2.1959838338900113 4.086198136871227 434
26 -5.1499567570217 3.9924905907330763 389
27 -2.3858916725221615 2.0754119526144916 245
28 -3.558205475142264 3.078677305222956 341
29 -5.370635134197669 1.9862631950385898 396
30 -4.886728439624502 4.914218609984963 290
31 -2.5582408891859796 3.6188950038031593 44
32 -4.884460393025071 3.203894259924678 181
33 -3.632132283741001 4.548721851514004 238
34 -4.118580251704102 2.5417706584369344 181
35 -4.610059119453558 2.4318920686648604 239
36 -2.17180922317172 2.757183932748878 355
37 -5.859752856842997 2.0919388076714567 164
38 -4.147968147696665 2.2648648201088104 366
39 -3.0656691144739874 4.843926246914375 94
40 -5.518628453310045 3.074350835950889 159
41 -3.7750401492171544 2.5083725673918775 341
42 -4.92161910767263 3.454890022037978 228
43 -3.8821272664192468 3.7352244932995027 348
44 -2.475675574301671 1.6018361747147618 208
45 -3.4271800915559645 0.9084817090299475 337
46 -3.368489265504885 4.79986380475164 33
47 -2.489441650481277 2.4210402359846883 457
48 -4.0559421362240515 1.9179186741931307 122
49 -4.6132257089364295 4.530680624305413 476
50 -5.4492605644496335 1.3471412484181353 138
51 -3.795800819539996 0.6596300855339016 25
52 -4.666574174160128 0.8060219444287203 11
53 -1.648707953535588 3.204389117510524 75
54 -1.5449949917348207 2.153623407323654 255
55 -2.9621044222223873 3.5797155707078074 291
56 -4.848440636869996 4.3157467906647415 82
57 -2.0563402475107493 3.3938053463338376 58
58 -1.7383284724484793 4.818943484617201 310
59 -3.003175204385115 4.058964723919211 362
60 -3.254791087566482 2.6296818159850583 40
61 -4.46735091212433 3.0656437913651726 389
62 -5.472852677616975 2.542457426813407 392
63 -2.987567690960523 3.1128310250375097 316
64 -4.389508036951097 4.4999932742798885 442
65 -3.2793894810980673 3.482045004666462 394
66 -2.379115028400499 1.0600057635008264 442
67 -4.014353984619113 4.663429094276269 126
68 -3.822533399498929 1.399098008803951 492
69 -5.231114516162464 4.275364908860619 169
endpoint1 endpoint2
43 48
17 69
38 50
20 65
17 20
0 7
10 46
27 68
1 6
16 47
2 5
7 55
18 45
37 48
28 48
28 35
23 35
7 19
5 47
22 28
16 44
8 68
2 6
9 14
21 59
13 35
1 40
9 16
64 69
13 61
38 56
18 61
5 21
33 61
22 42
10 41
6 41
5 63
31 38
60 62
51 68
7 57
20 42
3 18
26 43
8 18
11 15
9 19
32 61
23 56
34 48
2 18
34 63
19 59
3 11
34 42
15 43
20 60
24 31
57 60
10 30
58 59
21 27
3 55
22 69
16 32
19 28
57 63
29 52
33 49
30 43
4 58
28 47
7 31
22 29
4 53
27 31
27 66
40 69
14 40
24 53
26 56
9 13
46 63
55 67
3 60
0 31
61 68
9 38
50 52
3 15
21 64
26 61
17 43
0 56
13 37
17 56
2 34
44 48
32 62
36 65
33 63
10 43
17 28
7 33
36 47
9 54
8 10
17 33
25 57
19 47
2 13
21 48
22 63
4 43
7 14
23 62
12 14
20 67
17 31
41 42
7 36
15 65
10 59
35 60
24 44
7 49
51 52
14 29
37 62
44 47
1 35
6 8
21 32
20 24
28 61
2 40
34 55
17 21
32 43
8 62
13 18
4 54
15 51
9 12
25 55
17 47
15 44
54 66
19 41
25 36
42 49
53 60
2 62
27 57
10 21
0 69
14 55
18 23
1 2
26 65
15 35
8 20
25 39
13 49
21 41
53 63
27 36
3 41
48 52
6 22
45 52
16 18
55 57
12 21
10 40
14 39
23 67
15 38
16 59
6 66
26 42
9 31
39 43
12 60
3 36
34 68
25 28
59 67
64 65
12 15
41 65
2 21
35 42
15 63
5 51
36 45
40 50
13 42
20 46
