nnodes nedges type
70 200 graph
nodename posx posy weight
0 -6.033932475769385 -7.680134450228145 65
1 -4.4195511176184485 -5.616859298302015 191
2 -5.748026966442004 -7.4113606189832515 117
3 -5.36325273193262 -5.371666475196139 153
4 -4.174077132004621 -6.734717746707517 282
5 -6.18855015613341 -8.290121338310207 94
6 -2.905129710054534 -8.41034166231564 314
7 -4.914303658322238 -8.691747069165126 141
8 -3.4401858597281887 -6.389567465097558 296
9 -4.558740689669391 -6.560654058688504 478
10 -3.5964729929278145 -5.761387486063504 436
11 -2.7038013918290984 -7.166758810660569 207
12 -4.320600447573346 -5.900203491211268 79
13 -5.282248652359083 -7.797057462077846 408
14 -4.006722178991829 -8.143843577859174 16
15 -4.477442829561817 -7.982433890875452 219
16 -3.5378062054657238 -7.61303661734419 361
17 -2.398785884811042 -6.919711638381879 443
18 -3.758780135447307 -7.2422172078303735 237
19 -5.606228589968467 -8.374422493142132 406
20 -4.8227720607907605 -4.6000230841953 387
21 -5.693198725968318 -5.803826625087365 399
22 -5.125209435731839 -5.29761819617586 153
23 -3.2925552050617686 -4.962086125830435 30
24 -5.25566365708819 -5.807840425138153 402
25 -3.714045012742836 -4.986930944890012 87
26 -5.171239233453853 -7.357641640131904 139
27 -5.516134767055852 -6.8960996746186805 245
28 -4.065577165589229 -5.376230042167086 29
29 -4.231425852903403 -4.796211220933138 147
30 -3.8959030456631605 -6.36717797335269 280
31 -2.2527245195656893 -7.954470105491215 151
32 -1.7459071868554732 -7.880478588010237 435
33 -2.8805184296657043 -6.13202565690474 208
34 -5.616215073188087 -5.450808465104598 350
35 -2.1523647880175667 -6.409399875716084 437
36 -3.1036291301440144 -8.727217536402406 161
37 -3.4042652442360857 -7.465182879945936 385
38 -5.272452837253698 -8.160638527959057 105
39 -4.90340637353576 -9.291693608816805 466
40 -4.925291973907158 -7.569744988030926 238
41 -4.743681473025616 -5.581629920877194 169
42 -2.734620070081884 -7.751247789078071 475
43 -4.415036625428612 -8.40464832405335 18
44 -4.688912959350642 -8.222156569338088 284
45 -2.581145557874233 -5.425466702873327 256
46 -4.824114327191201 -5.216303669150711 281
47 -3.9997312597897046 -7.771374371462992 111
48 -1.8851365756035185 -7.020298828190283 164
49 -3.2189550722993534 -7.824591067848631 43
50 -5.039372324465948 -6.407184675409119 26
51 -3.02124847495367 -5.952155713924556 4
52 -1.7229206197175104 -6.653864088420276 111
53 -2.3911691582016728 -7.531367257839291 440
54 -3.9722553679982773 -8.835615898776473 458
55 -6.266742616383216 -7.101531866446459 386
56 -3.1942058864760803 -6.778451079331547 329
57 -4.467990842950979 -6.924209026962114 202
58 -2.8968092112986406 -6.472113505911713 316
59 -6.448906203822377 -5.69601927384645 372
60 -5.464243870429315 -6.313177527431512 68
61 -4.2703089642210985 -7.3101784392566564 409
62 -3.5741300434627803 -8.270284123596747 170
63 -1.882350917038568 -6.043451378265921 98
64 -5.823568839942259 -6.43305723070476 83
65 -5.0892531023061505 -7.114102746911569 173
66 -6.3590768713341115 -6.508157681431188 131
67 -3.2492750186911223 -5.499808486211137 485
68 -5.3296963025394 -6.646771395840363 46
69 -4.142957022644228 -6.0979368874907305 393
endpoint1 endpoint2
9 26
23 51
47 54
1 34
15 27
57 61
30 41
0 7
50 60
30 51
2 5
34 46
35 58
46 61
12 40
52 58
24 27
14 18
45 48
10 18
58 63
1 28
49 58
22 28
19 65
2 68
16 44
12 34
17 62
65 68
12 56
9 16
64 69
48 53
45 51
27 40
61 69
10 41
12 22
11 36
12 50
11 58
18 51
8 18
47 50
38 54
37 65
26 38
43 57
6 16
54 62
0 27
33 45
56 69
11 35
10 57
25 58
16 54
21 68
4 12
8 9
41 50
57 60
21 46
5 43
6 32
31 47
2 64
8 51
15 61
7 54
3 27
11 51
26 50
56 62
28 68
43 62
32 52
30 67
14 68
4 47
28 60
8 42
7 18
61 65
3 50
8 61
32 42
49 57
13 19
29 46
14 53
16 26
7 40
14 40
31 63
4 11
16 48
38 39
52 56
1 58
57 69
13 47
34 65
43 61
38 57
28 33
12 23
45 63
16 42
46 69
6 61
28 29
4 69
18 37
38 55
37 53
3 59
33 63
1 25
36 47
17 33
15 42
8 29
16 58
59 64
33 53
21 26
20 22
30 47
13 68
38 65
2 65
24 57
37 62
9 64
43 49
24 29
14 16
44 47
4 40
2 40
6 31
49 56
27 30
0 9
7 43
5 55
2 4
11 49
35 67
8 23
40 65
37 49
9 67
9 22
5 19
30 37
28 45
22 64
30 56
1 55
36 49
3 41
59 68
15 18
13 62
44 60
13 64
1 24
22 24
19 61
11 37
23 29
21 66
14 39
3 30
35 53
51 69
36 54
60 64
17 58
57 66
22 60
8 17
4 20
25 28
67 69
21 25
0 26
33 57
40 44
55 60
41 65
10 45
35 42
13 27
11 32
3 29
2 15
