nnodes nedges type
70 200 graph
nodename posx posy weight
0 2.5647509638279335 2.5488842733897483 364
1 1.5521459000627644 0.42898248439368075 234
2 3.969676743550623 3.223865969682678 463
3 1.8058280008786622 1.0131644373067326 451
4 0.7626595238862495 1.5623623237760766 412
5 4.050370429319527 2.3224346640092395 250
6 2.6036840989300916 0.3436552515041158 49
7 3.2383143662263927 1.571787829932179 2
8 3.67998435168951 2.8151064458327517 134
9 3.1627146569094453 2.4307495309610445 461
10 3.9493090273368376 0.878831410115209 336
11 0.9990212707831083 3.1450427007033777 18
12 0.8718394098224511 2.190449923620799 415
13 3.3554286901306067 1.840323289416194 187
14 2.7707322165764006 1.0841569716388852 194
15 1.986082384997824 1.9318008028859477 57
16 3.1195578905544457 0.7575095470283356 253
17 3.3251216751194965 -0.37041110021829443 267
18 4.078830527050943 1.5982745439415598 421
19 3.6279282520894913 2.122523506846731 174
20 2.3039440189823672 1.145262410097842 311
21 1.2277857081316843 1.3310321349344145 438
22 2.222520244245884 0.3950534024048502 475
23 1.2443858005967174 0.2530852353292168 370
24 2.6743669662221667 2.9431589904185507 71
25 1.1303138360947695 1.829031901753012 471
26 2.352950104980324 3.6377561458034977 337
27 4.482070553999752 2.9283618027372564 88
28 1.7672049276905788 2.4431101037597056 361
29 1.7248495337028087 3.208842353498388 153
30 2.345682256133482 1.793977465784337 475
31 0.4819458463252025 2.7164617726368 87
32 2.656390977471009 1.6722564315675643 390
33 2.0566688348059228 0.9121830420410395 193
34 1.3849038731757495 2.0615788408674054 78
35 2.1759851357513535 3.2172736034787284 308
36 2.5122033322691344 -0.38577018526754125 466
37 2.4143380026048886 4.518526535987593 321
38 2.534510383323755 4.086536258222243 367
39 3.5373680728331043 0.6563221940134376 359
40 4.095002972782191 1.026312415831296 297
41 1.2541836341423096 3.3333268063078623 277
42 1.3563796702478965 2.4440731646312224 295
43 -0.3865717843631736 1.0675765817728982 195
44 1.9353691959221142 1.460707052678211 439
45 2.9200133147238625 2.221396370846719 187
46 4.1736803984393465 2.6222597874429714 58
47 5.771668567611307 1.9979303021380461 356
48 3.754604946565974 3.443979660574469 377
49 4.5350572669721165 1.8590646325073528 330
50 1.7029654304534263 1.7816687992321987 125
51 2.598921657711819 3.314901469488454 396
52 3.0931038540090885 3.580036259976192 430
53 1.6312369161084328 3.618161910078926 173
54 3.4737196795084353 4.007105818696776 120
55 0.6549501238276977 1.1956473033974746 199
56 4.624014641652921 -0.3413612923336267 201
57 2.019185611374159 2.671120576072206 30
58 0.5178131477312437 4.024428979887973 348
59 3.032384730180981 1.264486747471261 362
60 2.7018427871237853 0.7259994549023782 72
61 4.61488073069018 1.048473024928767 275
62 2.269189752967602 2.4020421714668823 49
63 1.819911251393134 -0.08462567640900072 443
64 3.677338469369186 0.4645102934373846 233
65 3.997565688113266 1.358897944118687 29
66 3.365166614642729 2.6407328688267504 12
67 1.1822457317934196 2.859910821213434 338
68 3.2391202009464877 3.0713914053628746 323
69 0.5075191350330278 2.264029365013259 143
endpoint1 endpoint2
22 57
20 25
4 41
25 31
15 20
34 35
3 7
9 51
26 53
32 64
56 61
15 30
30 66
7 68
6 44
18 20
8 15
24 52
16 44
11 42
46 62
3 23
1 59
42 51
26 54
37 51
28 53
19 24
53 67
13 61
14 64
27 40
41 45
19 60
9 52
17 39
46 68
45 68
51 68
35 52
12 50
11 58
10 14
38 54
4 21
62 68
6 16
30 45
39 66
1 21
22 23
13 66
18 66
0 14
50 69
14 50
8 54
1 15
46 65
20 60
35 51
24 33
31 67
26 44
1 33
47 49
6 14
14 22
4 42
59 65
3 55
41 67
32 45
13 16
0 11
35 69
25 42
13 44
9 65
9 20
24 28
10 19
6 30
5 46
27 66
7 40
16 45
20 59
0 59
40 64
12 57
15 28
4 44
45 50
3 60
0 68
0 2
7 34
25 62
8 13
0 53
27 48
17 56
42 53
30 31
37 53
12 62
33 63
16 17
13 65
7 20
2 19
0 15
5 49
11 34
42 44
25 57
21 67
0 50
51 66
57 67
4 43
32 59
55 69
25 69
12 25
8 52
24 57
16 33
13 28
34 44
7 49
12 42
42 60
24 29
21 32
62 67
15 21
21 29
61 64
11 29
34 55
29 32
2 66
10 60
51 62
41 58
15 44
54 66
27 52
52 57
35 67
14 30
13 46
28 55
32 50
23 55
13 59
45 49
22 40
5 32
8 59
0 3
5 61
19 62
28 30
10 49
6 65
3 20
26 41
17 63
1 36
20 39
37 52
7 10
2 46
33 62
5 35
12 21
18 64
29 38
5 48
0 51
24 48
6 63
16 40
36 59
26 66
0 38
21 63
60 64
57 66
4 20
7 9
20 23
31 41
9 35
0 13
0 48
19 45
