nnodes nedges type
25 40 graph
nodename posx posy weight
0 0 0 20
1 1 0 76
2 2 0 39
3 3 0 88
4 4 0 63
5 0 1 18
6 1 1 19
7 2 1 97
8 3 1 81
9 4 1 9
10 0 2 96
11 1 2 83
12 2 2 35
13 3 2 44
14 4 2 83
15 0 3 81
16 1 3 63
17 2 3 67
18 3 3 6
19 4 3 100
20 0 4 9
21 1 4 23
22 2 4 96
23 3 4 56
24 4 4 70
endpoint1 endpoint2
11 16
8 13
10 11
22 23
5 6
7 12
15 20
8 9
10 15
15 16
1 6
16 21
18 19
1 2
16 17
18 23
4 9
6 7
12 13
20 21
12 17
3 4
9 14
6 11
14 19
19 24
0 5
2 3
17 22
11 12
23 24
0 1
2 7
17 18
5 10
13 14
21 22
3 8
13 18
7 8
