nnodes nedges type
25 40 graph
nodename posx posy weight
0 0 0 73
1 1 0 5
2 2 0 64
3 3 0 28
4 4 0 30
5 0 1 41
6 1 1 63
7 2 1 45
8 3 1 4
9 4 1 6
10 0 2 97
11 1 2 26
12 2 2 54
13 3 2 89
14 4 2 15
15 0 3 23
16 1 3 78
17 2 3 1
18 3 3 82
19 4 3 92
20 0 4 63
21 1 4 83
22 2 4 95
23 3 4 76
24 4 4 37
endpoint1 endpoint2
11 16
8 13
10 11
22 23
5 6
7 12
15 20
8 9
10 15
15 16
1 6
16 21
18 19
1 2
16 17
18 23
4 9
6 7
12 13
20 21
12 17
3 4
9 14
6 11
14 19
19 24
0 5
2 3
17 22
11 12
23 24
0 1
2 7
17 18
5 10
13 14
21 22
3 8
13 18
7 8
