nnodes nedges type
25 40 graph
nodename posx posy weight
0 0 0 18
1 1 0 72
2 2 0 46
3 3 0 92
4 4 0 74
5 0 1 33
6 1 1 68
7 2 1 1
8 3 1 38
9 4 1 36
10 0 2 88
11 1 2 3
12 2 2 23
13 3 2 73
14 4 2 95
15 0 3 33
16 1 3 45
17 2 3 43
18 3 3 41
19 4 3 58
20 0 4 41
21 1 4 79
22 2 4 46
23 3 4 78
24 4 4 27
endpoint1 endpoint2
11 16
8 13
10 11
22 23
5 6
7 12
15 20
8 9
10 15
15 16
1 6
16 21
18 19
1 2
16 17
18 23
4 9
6 7
12 13
20 21
12 17
3 4
9 14
6 11
14 19
19 24
0 5
2 3
17 22
11 12
23 24
0 1
2 7
17 18
5 10
13 14
21 22
3 8
13 18
7 8
