nnodes nedges type
25 40 graph
nodename posx posy weight
0 0 0 64
1 1 0 40
2 2 0 31
3 3 0 95
4 4 0 78
5 0 1 82
6 1 1 30
7 2 1 3
8 3 1 56
9 4 1 52
10 0 2 58
11 1 2 48
12 2 2 79
13 3 2 30
14 4 2 100
15 0 3 46
16 1 3 33
17 2 3 14
18 3 3 6
19 4 3 52
20 0 4 70
21 1 4 77
22 2 4 16
23 3 4 5
24 4 4 99
endpoint1 endpoint2
11 16
8 13
10 11
22 23
5 6
7 12
15 20
8 9
10 15
15 16
1 6
16 21
18 19
1 2
16 17
18 23
4 9
6 7
12 13
20 21
12 17
3 4
9 14
6 11
14 19
19 24
0 5
2 3
17 22
11 12
23 24
0 1
2 7
17 18
5 10
13 14
21 22
3 8
13 18
7 8
