nnodes nedges type
20 50 graph
nodename posx posy weight
0 -3.621099388157601 -0.240966799129193 96
1 -2.2683051962062297 0.7054307977527868 28
2 -1.8713345692064336 0.019416384880859117 74
3 -1.659599652307498 -0.6132495352762487 86
4 -2.9365017445055224 -0.7979638525185673 61
5 -1.1832117981141752 -2.3708593486232377 8
6 -2.74619947813532 -2.0793657978741416 54
7 -0.7904735323149268 -1.419611385463957 19
8 -3.4588712456811246 -1.79857782691396 26
9 -2.265827912447945 -0.5337487861822562 86
10 -3.056268795568902 0.09225601638411926 31
11 -0.8868119226203908 -0.3848154922645734 15
12 -1.2320635618109024 -1.9067289865175554 37
13 -3.360999779582969 -1.158895850035997 36
14 -2.122711038130564 -2.779214899459593 49
15 -2.6811744159012925 -1.0935504028537042 34
16 -1.3305684842958903 0.14875478424035166 5
17 -1.9141928797661665 -1.568033986385283 41
18 -1.9067215218722706 -1.0488602909685742 7
19 -2.2564564397280282 -1.7465592012731828 69
endpoint1 endpoint2
3 15
6 9
1 3
8 13
4 8
7 12
4 18
3 11
5 19
10 15
13 17
0 10
9 18
7 11
6 17
3 17
6 14
1 2
2 19
4 19
9 11
9 17
15 18
0 4
1 10
3 16
6 15
16 18
4 10
12 14
14 19
5 17
10 13
13 15
7 18
2 10
9 16
3 9
13 19
15 17
3 12
6 8
5 7
0 13
2 11
12 19
8 18
7 17
0 9
3 4
