nnodes nedges type
20 50 graph
nodename posx posy weight
0 0.05070026344675647 -0.5669825246109702 82
1 -0.2861334541852295 -0.018738634307466577 14
2 -1.3129114573072425 -0.016292551235066705 18
3 -0.7046722741547099 -0.7685810168761826 47
4 0.13016508117571537 0.7166615309451806 78
5 -0.9079218356005307 -1.3709869108967971 48
6 0.12435192402114048 -2.15229904211522 9
7 -0.29898621725244057 -1.1128303231845205 29
8 -1.5162238134795316 -1.867068719582185 89
9 -2.099754603951173 0.361577596774186 34
10 -0.42301826663705033 0.62435702177785 72
11 0.5160304385612351 -0.3479468393327583 10
12 0.7083343605886531 -1.4314584287039742 45
13 -1.445689893090085 -0.6623497000576722 97
14 1.4272106374274898 -0.5388083622726337 3
15 -1.724875645103525 -1.1677956890058874 19
16 -1.101956498433826 0.9145588929490284 16
17 0.7285319467987821 0.6450189053288714 93
18 -0.38695343654386594 -1.7534600097096504 74
19 -0.9981512895532266 -2.738077685934454 4
endpoint1 endpoint2
3 15
8 13
10 17
5 6
0 14
5 13
1 17
3 11
8 19
18 19
0 10
7 11
0 3
3 7
1 11
5 8
6 7
1 16
5 18
1 5
0 11
15 18
0 4
1 10
4 10
2 16
6 18
3 13
13 15
0 18
2 10
0 12
12 18
9 16
4 16
6 12
11 12
4 11
0 1
9 13
2 7
11 17
10 16
5 7
4 17
0 13
3 18
1 7
2 15
7 8
