nnodes nedges type
20 50 graph
nodename posx posy weight
0 1.858467685129609 -4.933710580604 4
1 0.13668000055811336 -4.311109399342624 25
2 0.9865067479727784 -3.8300666939812182 43
3 1.4261068824891683 -3.1942052229543165 64
4 -1.0971133554050634 -4.684897264698399 55
5 0.20544934177128685 -2.91857232080844 87
6 1.148587490195266 -5.780513288512892 23
7 -0.09197578633382407 -4.957353151285926 51
8 -0.570977269521933 -4.458152081283111 9
9 0.19487432325285073 -3.7449864187585975 1
10 1.579412368285473 -3.8610273798596735 50
11 0.4966242141490056 -5.366942221319092 24
12 2.2588614650306553 -3.6444614657905325 19
13 1.2051402300502199 -2.4214147244699014 93
14 -0.8039803855034535 -3.544584623375303 37
15 -1.3932128688878336 -3.7937336677438385 5
16 0.8373658056218785 -4.47612221847564 42
17 0.8781295338557249 -3.194046499758926 37
18 1.2096856993295453 -4.655851365625531 91
19 -0.21711096619061254 -3.4412717374605446 12
endpoint1 endpoint2
11 16
4 7
4 8
5 13
5 19
8 9
13 17
8 19
0 16
7 16
15 19
3 17
1 2
8 14
16 17
2 9
1 14
10 18
7 19
0 11
12 17
9 17
1 10
8 15
2 16
17 19
3 13
6 11
5 17
8 11
10 13
0 18
1 4
0 12
7 18
4 14
2 10
9 16
2 3
3 19
2 17
3 12
5 16
10 16
4 15
5 14
1 18
3 18
7 8
6 16
