nnodes nedges type
20 50 graph
nodename posx posy weight
0 -2.6290925792099182 2.442713086240769 76
1 -5.316491262978734 2.0772138044780233 14
2 -3.37479959808352 1.3915887824593056 97
3 -2.8186066310859186 1.498174307809074 58
4 -2.912486063920696 -0.37373756564596206 18
5 -4.223657771475907 2.2318438444738304 27
6 -3.298594578303093 0.10921848393259083 87
7 -3.5165959737976005 -0.5598648937812019 49
8 -4.276909930249533 -0.12967130368922294 5
9 -4.286212558263372 0.308069717609587 67
10 -5.159700523438737 0.2180030273126042 87
11 -4.060573164940657 1.6297535917355908 54
12 -2.6984326479436134 0.31112513485053417 79
13 -1.4873851680684407 2.2341502569842486 51
14 -5.2487987520164125 1.3373043546745325 66
15 -4.173211642343534 1.0090827736893153 1
16 -2.2981312250633215 0.7401747742321659 96
17 -3.6465118332405533 0.6253553096048419 95
18 -4.880904558729592 0.9018055293501267 66
19 -1.7945538784042745 1.1822289172303393 32
endpoint1 endpoint2
4 8
7 12
3 11
10 15
4 12
11 14
12 16
9 18
2 5
6 17
3 17
6 7
2 9
1 14
8 10
1 5
9 17
3 16
11 18
8 15
2 16
2 6
5 11
4 16
9 10
5 15
14 15
3 19
13 19
8 17
6 12
16 19
2 17
7 9
17 18
15 17
12 15
11 17
6 8
4 6
0 13
4 17
2 11
12 19
1 18
10 14
8 18
7 17
2 15
0 2
