nnodes nedges type
20 50 graph
nodename posx posy weight
0 0.5087009432012698 0.4044508345721173 19
1 2.1594194596705667 -1.6372115653311685 87
2 1.2783570324060802 -1.072621202299785 82
3 0.9856076108476208 -0.1505337339459575 78
4 1.8530535604339577 1.1974748142299947 25
5 0.2420058297633889 -0.42394703728639027 98
6 0.4382689772989033 0.9432339716745819 91
7 2.707253385332563 -0.39050037848243946 100
8 1.7047319032090682 0.5898642991915305 78
9 2.7955585226135247 1.2375828566631366 34
10 1.7942099544935368 -0.18666335180900234 11
11 1.0429318166756554 1.815029771797801 32
12 2.3060103912669367 -0.3200258806809539 12
13 2.1088759719714174 1.861125386618499 6
14 1.6143809580065165 -0.7952215141538153 3
15 0.9113806267559204 -1.3361493007390726 12
16 1.3804518624554074 -0.05237413937438432 67
17 2.628047246314983 0.5274850720761944 25
18 2.530405897895831 -0.8706778949667416 79
19 1.1693199780566674 1.1174543446826857 30
endpoint1 endpoint2
10 17
2 18
5 6
4 8
1 15
8 9
10 15
8 19
0 16
13 17
2 12
12 16
3 7
2 5
0 3
3 14
8 14
4 9
1 14
9 17
7 10
3 6
16 18
11 13
1 7
12 14
6 11
8 11
10 19
4 16
2 10
12 18
5 15
14 15
0 5
2 3
13 19
8 17
0 8
17 18
4 6
5 16
8 12
14 16
0 19
4 17
1 18
0 6
3 8
7 17
