nnodes nedges type
20 50 graph
nodename posx posy weight
0 -1.862894324095638 -1.8790675471932854 37
1 -1.2869794623442112 -1.054079169360502 63
2 -1.0786129709917758 -1.8301611788102299 23
3 -2.311390422450091 -1.2926919655983111 24
4 -1.9078470081806518 0.11154097315276518 15
5 -1.1910598833902202 -2.9016491291861133 8
6 -1.0432971872877748 0.24799020266621638 46
7 -2.4257693197916255 -1.907482876096989 37
8 -3.1458495240875624 -1.6743976998125403 75
9 -2.1389055794470706 -2.865616111167372 38
10 -0.36703038047941017 -0.6337500612071607 84
11 -1.5065521808201838 -0.6276391818368744 18
12 -2.6460818727643773 0.842869180520587 29
13 -2.1595238174154474 -0.2776499160149736 41
14 -2.443700805798266 -0.8066332902224335 55
15 -0.4681394623168852 -1.3722297162887902 17
16 -0.3182837497662711 -2.273636383913523 14
17 -1.1907370020117 -2.3871604841891116 33
18 -2.8248374825863443 -0.7683284488322322 53
19 -1.464932076663974 -1.370842035496617 5
endpoint1 endpoint2
5 9
4 18
1 17
0 7
1 15
10 15
5 19
3 11
0 16
11 14
3 7
2 5
15 19
7 11
3 14
8 14
4 19
12 13
6 10
1 14
0 17
9 17
1 10
11 13
3 13
14 19
6 11
7 18
2 10
2 3
3 19
0 8
2 17
7 9
7 8
2 7
0 1
15 17
4 6
0 19
0 13
1 18
3 8
3 18
13 18
8 18
6 13
0 9
11 15
15 16
