nnodes nedges type
20 50 graph
nodename posx posy weight
0 -3.652329291322755 -1.1164781482222939 94
1 -4.218077614147542 -1.2144663937343991 1
2 -5.1866336332785785 -2.0330733538416386 10
3 -2.765617122264943 -2.177643363697498 61
4 -2.8226033431883395 -2.831987035852079 28
5 -4.667123845292364 -2.7712466662170763 60
6 -3.4428733694414357 -2.534163209951513 26
7 -3.834140797552966 -1.9411376274565866 34
8 -3.770697903241055 -4.250791929055017 2
9 -3.4173184395495033 -1.9796450548550812 91
10 -4.808066495764586 -1.4655658498647242 89
11 -3.260822294649207 -3.1587678208187824 79
12 -4.18773336338255 -2.4740982598289314 68
13 -2.957138243183901 -0.7370271383927441 59
14 -3.3539693206825962 -3.6102779921594297 83
15 -2.3354088262571544 -3.46939618293437 50
16 -2.1045241163162727 -2.168445100660231 53
17 -2.229632578526989 -0.3158564740094065 26
18 -2.7717400978144675 -1.3052966383211682 2
19 -4.074467273176097 -3.3075768883221084 30
endpoint1 endpoint2
11 16
3 15
4 7
5 6
7 12
0 7
13 17
8 19
0 10
2 12
0 3
2 5
6 14
1 2
8 14
4 9
6 7
4 19
5 12
13 16
7 19
9 11
3 6
7 10
1 10
6 18
12 14
5 11
14 19
1 13
8 11
4 14
7 18
4 16
2 10
0 18
14 15
1 9
17 18
5 10
4 6
1 12
3 12
4 15
12 19
13 18
0 9
11 15
3 4
9 12
