nnodes nedges type
20 50 graph
nodename posx posy weight
0 -1.728401146673644 -1.6970947890383632 53
1 -2.408545672461274 -1.3575327909604893 90
2 -0.6459463333631237 -1.306468435280739 40
3 0.136520684997935 -1.5746397398808427 58
4 -0.5753604426406944 -2.3238299429251827 20
5 -2.151055452788482 -0.6470941454033147 6
6 -1.3790529215183889 -2.033524105767701 37
7 -1.2270241622720819 -2.4034887438070642 75
8 -0.47435466703227475 -3.1833494118237917 74
9 -0.22220194841471447 -0.5585254114778955 38
10 -0.345924992310646 -1.8883071447201816 55
11 -1.3966691486565412 -3.4407453521265348 70
12 -1.8908910013209144 -3.0510386355868664 46
13 0.6173796949819307 -2.7220699023342663 40
14 -1.3473263647393372 -0.3506155375494373 13
15 -1.3465894557980076 -2.9516599826024867 15
16 -1.2158417041122958 -1.137423206524018 66
17 -2.429171530892858 -2.6713597871283126 46
18 -2.0452042505128394 -2.1178385547130825 28
19 -0.24124737761384876 -2.7863666686090123 59
endpoint1 endpoint2
8 13
4 8
0 2
1 17
1 6
7 16
15 19
7 11
11 19
2 19
0 15
4 19
2 9
3 10
1 14
8 10
10 18
1 5
12 17
15 18
3 6
3 4
0 4
8 15
6 18
9 14
6 11
10 13
10 19
0 12
9 10
0 5
2 3
6 12
2 14
15 17
17 18
2 7
12 15
11 17
4 6
5 16
8 12
10 16
4 15
1 18
5 14
7 17
7 8
6 16
