nnodes nedges type
300 500 graph
nodename posx posy weight
0 4.9216539223466444 -1.3661086376613363 31
1 2.1543932024723063 2.1865939080101167 13
2 2.194117428586154 -4.371504545699363 4
3 5.908994780102779 -2.741017484965655 85
4 2.0852276959804232 -5.068116963491521 7
5 7.536141416038565 -0.09476681519882603 56
6 4.338438728626854 -3.2071157513735913 24
7 2.5503396116558936 2.4415747553833174 10
8 1.768398970861331 0.20709297705683904 40
9 7.4928465713500785 -3.401492166408815 74
10 5.055838336427063 -2.3957689659655843 80
11 3.364083958391994 -1.2980027610653602 79
12 5.55390651932315 -5.171708472312897 27
13 6.612743910816611 -1.2923190997657865 68
14 5.370499732477525 -0.7888195292894293 19
15 2.1227068342395827 0.8779631215515794 92
16 -0.33563552458857576 0.4991407266685636 16
17 -1.042509022828826 -1.4749741384613582 82
18 7.188572175869718 0.37342498453842554 18
19 3.715878980080806 -0.2653141479626275 75
20 6.604746703676988 -0.762028903929974 50
21 4.322615524285455 2.2669458601219947 80
22 1.9313829431275298 -4.471042288948938 86
23 5.8611171042257935 0.37604972767201506 89
24 5.847122682912604 -0.29218863382228266 36
25 3.1961103599480816 0.5152029000828648 41
26 4.923228551917877 -6.27362397885952 2
27 6.707542361386161 -1.2549307060142818 13
28 2.695805796563214 -1.9002894327679585 92
29 2.8584995766024273 -4.393923245016354 33
30 3.5993708082383136 -2.8929037738283028 71
31 2.2985183286739166 -1.3372609704587273 39
32 2.852504248731774 -4.055869363999747 8
33 1.9940985034868506 -3.306378663899927 76
34 2.5088895847923762 -1.7903181151953418 74
35 3.8894074559017655 2.5789587928626556 73
36 3.8771613500632807 -1.805242787435226 28
37 5.671599558519151 -2.1307322758857703 63
38 -2.46330933142643 -3.003820216797931 31
39 4.077525478160223 -6.458820709040922 71
40 4.746142682547298 -2.9971634497989412 64
41 2.7421572707995368 0.024677025131990316 84
42 3.3787936501252567 -4.14353662583914 66
43 7.054592706640095 -0.23116547414266891 70
44 0.024724306135448838 -3.0222255094619763 60
45 4.198369403109522 -1.2407814494687577 23
46 3.8594745099201373 2.017608606682378 9
47 -0.06004388137823121 0.6379237029196402 5
48 6.350690530661732 -4.208155911829772 82
49 3.9574714058048976 -0.784913181065202 82
50 3.457217184648049 -3.8214156287666485 39
51 4.9540428565077494 0.2905492372453519 5
52 0.8441948793519807 -2.0649807134331053 67
53 2.8162930092805554 -2.2749986340142376 5
54 1.1580370473389952 -2.239861421686993 93
55 -0.5598317029838419 -2.8617873495547466 92
56 4.311728257575503 -4.686647751497206 59
57 6.973535634111411 -1.011718623474677 74
58 -1.3168360712092184 -2.566001876952763 5
59 3.90623148190659 -0.09875959041909356 95
60 1.2103070782015013 -0.552205541457298 33
61 3.5161148601286145 -5.77822505116316 84
62 -0.6125538471753237 1.1535233369259392 60
63 2.6155833541932036 0.5136555134299664 11
64 6.065958453345705 1.1780974196983796 93
65 4.873498740535314 -3.614238811203899 90
66 0.8457488940354496 -1.516454525669789 53
67 6.149118413086591 -2.4002878210375993 94
68 5.239981427741761 -4.576638066455012 16
69 2.1597998287563334 -0.06547598106757616 77
70 3.999646158542488 -3.487052299928101 69
71 -0.9239657544006904 -0.3275776704796687 87
72 3.2374935721508526 1.2082909200982217 87
73 -0.4855553086443186 -2.2258675125304346 19
74 5.774809851043606 1.2070979086665836 61
75 3.122165308801266 -2.77497435132472 35
76 4.063936539312204 0.7296456089668979 34
77 0.3536803767515747 -0.8937478844302994 80
78 4.8656248268807 0.6971433321417474 65
79 -0.008895643298348823 -2.461663372923097 6
80 1.1211745892803529 -0.0805377691137116 61
81 4.728555432646793 -2.3650895709242814 87
82 1.834796091818277 2.381514251279466 34
83 3.8026866755885385 -1.9637148756184513 27
84 -0.24579298226930335 2.5949279231279188 18
85 1.0168582506193702 0.4164573416504884 50
86 4.565895991898916 -2.1271318552803886 65
87 0.6213565986541758 -5.2258750412738095 50
88 4.130907290465031 -0.8979922956953317 93
89 2.3803189254036585 -4.326297421891617 98
90 4.5377214209458225 -5.265647172194222 18
91 6.02441141261876 -4.763129011942945 6
92 -1.3164776561560152 0.5570989209937177 27
93 8.2521830198924 -0.8996034225094304 24
94 -0.8586284961915744 -3.8249138710079804 18
95 3.2057463503928267 -3.251815908161531 81
96 5.076536565908557 -5.062128478447905 21
97 6.080019072742892 -0.7739914792257774 100
98 4.300508541757935 -2.195979431771251 3
99 6.752566329431843 0.9188027901835872 18
100 2.6841512340179015 1.1095009228727484 64
101 5.7067924459470545 -2.3298678117650815 82
102 6.191941632134165 -1.9922983137123782 45
103 0.12800601319265673 -1.6486233595537045 33
104 7.552889111200673 1.1967840157376595 30
105 7.136604351124565 -5.0088038978556275 26
106 1.3138202204054767 1.2846664858608197 19
107 4.671137575842472 -3.803364281501359 93
108 3.4273863434761336 -5.694111002635334 78
109 6.713450598080158 0.16470833284841951 64
110 3.6995449103545983 -1.628559601636943 4
111 2.057644795634222 -3.1546211373901842 68
112 -0.5870448795189663 -0.9225586639809642 22
113 2.8108955966183027 -0.6755655123903519 83
114 0.11043339226026737 -1.12036024218108 31
115 3.7532898143883466 -2.3813067664858316 68
116 5.4337301082788505 -5.242687301684589 55
117 1.8385296144026688 -0.8489183047868627 85
118 0.2523800614739568 -2.6267138471628035 57
119 4.416763662982123 0.15793720393681615 90
120 4.487409060635185 1.4743116442406243 61
121 4.72037383846933 1.446841575121334 21
122 2.7862880902327904 -0.5718464401936577 45
123 3.9037685900200403 -3.792181749883903 23
124 6.604900802690647 -3.562337774098976 70
125 2.448682214088124 3.5825797668009036 29
126 2.6666662394626592 -0.9794561569043841 36
127 5.1447060295168185 -1.6245991692492354 4
128 0.4922700165349067 -4.421593874973874 55
129 3.1549118636535143 0.13807466140507169 59
130 -0.22584201101722154 -0.6984549338684305 67
131 1.0587571332497532 -4.7637798019685125 38
132 2.1843132893738813 -2.5794738151055907 52
133 2.2299326109265327 -2.0001547457659345 51
134 7.303537341003217 0.240374113018816 72
135 4.8481905625905775 -1.8130185876874791 87
136 -0.229572215300865 -1.8823987399219968 27
137 3.0776810593622375 -6.032990596726787 79
138 4.959126819688329 -0.5195648897552323 33
139 5.759598316041026 0.0727845439400655 93
140 5.085363789224809 1.0844584351658897 69
141 1.5091838656178937 1.0904445906737028 49
142 6.167015372377983 -1.6951746335853497 60
143 3.119159643062849 -4.020011729459828 84
144 4.5509989466823475 -0.3297771964653567 15
145 6.993642218629755 -0.5184817407687619 11
146 3.4408017520345084 -2.0586543173486436 64
147 2.9401408605934143 -5.804540267831857 88
148 4.169329636684513 -2.619307475969343 82
149 5.053839788718203 -3.1306286847392606 81
150 1.4901299926298779 -0.5509370702618662 3
151 6.214405280775114 -3.3060241922687745 28
152 -1.3512460702152727 -0.7506902354209357 13
153 0.4580536397633209 0.2796081427989175 72
154 1.8121913132223868 -3.1870392066974262 48
155 3.916873266585156 -3.940689681196158 71
156 1.5451487316685908 -3.7908913832628177 82
157 6.250490049278141 -0.05532821170716128 15
158 6.272524394693553 2.2955887382306197 36
159 7.265097705220011 -1.3368996945409208 68
160 3.612669311015455 -4.4342593201064835 46
161 3.4367302202110936 2.220205572517746 16
162 1.8710000968206761 -0.3381285047877766 22
163 3.8037671636095927 1.7960995566741333 96
164 3.0733373444023853 -3.538694099705206 86
165 0.3206006909306174 -2.2160634399282837 8
166 0.4792784723014896 -3.530228484191313 72
167 2.1113927920634907 2.5658163061181156 72
168 6.96675433002811 -4.306937921094545 45
169 6.566783486693037 0.25931694443330927 68
170 5.16367751548086 2.8552647904526265 18
171 4.092678738734237 -4.725610301762621 77
172 6.36268898292799 -6.338173895501788 22
173 -0.25012472426420385 -0.30440671962238597 58
174 2.8771785498495324 -1.2146643425013819 69
175 1.966283396351535 -5.919073532960539 1
176 4.395271835580694 0.3412549639811092 50
177 0.73915738161137 -3.4881652055808563 51
178 6.108759335258691 -4.603935233192609 92
179 5.4928862120635475 1.4182983053736684 47
180 6.530410486940362 -2.4583534181873286 93
181 0.5873065755042057 -0.8840086250668415 97
182 4.972099159037542 -3.4722673752684172 73
183 6.366841807047629 1.010651251325269 30
184 5.4896970295281955 2.117199802227157 17
185 3.59046166024091 -3.089824075961188 100
186 5.2121872205018045 -5.371989124922796 17
187 6.944817522170644 -1.6953669177861004 7
188 8.266649129129679 -0.042715064354188655 13
189 0.8134157513411994 -1.2611894600467233 95
190 -0.8745808699836554 3.53044243455121 83
191 3.8569130689153504 -5.759902210699701 26
192 4.26001443566394 -1.4756875119543829 20
193 2.0255989237590075 -2.0010791198402473 63
194 6.06202726297606 -1.7562254171899228 97
195 6.109687844138081 -0.3678744266609063 100
196 3.7459191473409352 0.6169261564825619 73
197 1.5464640610818987 -5.69260243243338 68
198 5.808021089038762 0.566914024483024 49
199 4.770455560548781 -0.8108364289733504 46
200 3.0812498358883347 1.3368862870072136 8
201 1.071731437585305 0.21199002262482133 53
202 7.959360594790236 -1.9650766016463506 74
203 5.387567916566669 -0.9943162368194586 93
204 1.970404054049712 -3.8063360420536845 51
205 0.5189720463507048 -3.6979510855969924 12
206 2.572455498638529 -2.6692939636747273 63
207 2.0368731370149624 -0.4545527997199927 9
208 2.9764087347446466 0.7258989798262051 31
209 2.882758994453856 -1.9446098151824665 29
210 -0.16932295012562917 -1.3596749248056492 12
211 2.3879193550423863 -3.8317959050856736 18
212 7.202284019557312 -3.678119876323955 95
213 5.14236715595336 0.5872091673149076 1
214 6.623814892159038 -3.3449535462069306 75
215 3.0983677523207436 -0.1760665056980193 69
216 4.722160451525636 -6.703196358919448 82
217 4.378803493671603 -2.8918565586449945 28
218 1.3730896329460862 -4.282764205771943 13
219 0.7019289470328616 1.9237357491822826 63
220 5.0898774645531875 2.2508745285172473 81
221 3.2475550222486884 -3.634642972956755 50
222 -0.026462778243006073 0.018316471489459224 83
223 3.4680386806465062 -2.6820825145469134 86
224 1.7758005941529447 -1.2632652611996151 18
225 1.4573615481075581 -3.0126243118527833 98
226 4.244010212019068 2.806042027101132 53
227 4.741329564650813 -1.4611605784259738 89
228 2.7587546176434943 -3.2995204806948593 67
229 -2.0693383947373687 -2.0616852577895304 74
230 1.4258431410795331 -3.5829289795597687 36
231 4.6894738242094895 -1.0888479599298684 15
232 1.127550669410155 1.4278898775163384 21
233 4.280532520418946 -5.601814150472564 64
234 1.709518441163761 2.920591325259232 38
235 3.468851193501923 3.378992245793027 28
236 0.42495420403751594 1.5176713620641016 51
237 1.2420879828156774 -3.9370340422319856 4
238 4.234150924726679 0.9210614624674441 51
239 1.0477699746982678 -0.45725879606623554 4
240 2.4978303491990927 -0.23738168260926554 88
241 5.153687675032925 1.6817775337848568 72
242 5.667481513482035 -0.562086264784547 42
243 0.2025488923070683 -1.883264486022295 60
244 6.981160938681621 3.233453764855437 51
245 1.7576288906014903 -1.8791023133730065 60
246 1.8351865460075967 -2.5931350263231834 73
247 3.1622338402157326 -1.7672971210093529 55
248 7.228800130123627 -4.853117633952509 36
249 5.083740914934058 -2.7046313029457894 20
250 5.895393340555914 -3.230527078824968 78
251 2.1729932337334614 -3.750380774779623 10
252 -1.4901443613566012 4.409584044314234 46
253 7.7500922931922815 -1.8281764713256683 89
254 1.0024550382939215 1.7253634277258385 93
255 2.073454708518126 -6.231903910908085 71
256 3.515989228886338 -0.04295986481409527 60
257 -1.4248843792880321 -1.7834219823580313 51
258 4.412617755190038 -5.4286615811743815 36
259 5.90509520074774 -4.085938364938931 78
260 7.723894322005841 -2.332833888741966 63
261 4.31897621350926 -4.172388376483804 41
262 2.358350533735379 0.6773664801840648 20
263 6.393923632341629 -3.5822102886703324 22
264 2.4417463401875947 -2.928426898645558 17
265 0.9836568719477794 -5.157794064531697 68
266 2.2602472839935337 1.0719060687126158 28
267 3.9446972702293195 -4.113777634026688 64
268 4.961407182280125 1.039615913163038 39
269 1.5456657293303895 -2.338519685469749 62
270 8.152545362388096 -2.8533744197435857 81
271 2.7761570951912757 -4.68691664430912 12
272 4.805465644110356 -4.706900606816739 50
273 0.7901044134362054 0.2704747987403409 48
274 3.3672147169782374 1.6854092516218395 94
275 6.833249460264077 -2.236928740696366 78
276 1.6787659384117155 -1.038568640928769 2
277 5.599366095764309 -2.9618831382254847 70
278 -0.07570637145294401 -4.065244028397426 37
279 5.413698047075247 -3.7436600655836565 93
280 7.451443538923156 -3.0400924263155886 41
281 6.708221959013182 -5.428326402596037 16
282 0.3886008814391247 -3.29834324998399 58
283 6.235946836577631 0.25671180768477037 86
284 1.9526797381950227 0.7865804723615399 34
285 2.436868524322211 -4.683860785469431 4
286 2.6080809206292366 1.7799798313029995 36
287 2.845533386779712 -3.7510776905522167 29
288 2.4971938248111805 1.5331143652879202 35
289 8.305781653273778 -3.7008933497412375 57
290 1.6362232862284676 -2.8149833497286005 11
291 0.3398126633872987 -3.043269714860795 15
292 3.112031962126844 3.0543786074966883 72
293 4.094855820361163 1.265693197010425 45
294 1.5495303028137142 -2.124202987749884 37
295 3.4095204272398534 -0.48853108103725584 15
296 3.8442064262295026 -0.9851723574733248 74
297 -2.649360954754885 -0.5951499177340912 77
298 4.17169102396269 -0.0763584469293517 73
299 6.173210911205794 -1.0037779438944157 39
endpoint1 endpoint2
103 291
8 63
201 236
49 223
218 287
1 288
98 142
4 255
194 260
19 200
36 101
211 282
182 272
20 169
53 133
132 276
37 194
191 267
168 248
118 290
196 198
226 274
158 244
75 290
76 121
51 238
16 60
76 293
55 71
133 287
31 103
88 242
67 192
0 14
60 215
204 294
9 124
124 168
99 134
18 242
70 206
7 15
145 253
44 294
59 262
135 249
110 148
29 175
217 227
187 214
182 214
30 86
122 133
164 182
207 240
98 250
116 272
17 229
28 54
2 33
158 220
156 271
264 295
72 113
53 177
30 36
226 292
171 263
90 216
104 157
114 117
260 289
100 284
0 149
92 222
66 73
10 217
160 272
13 263
122 269
95 192
141 181
150 224
123 221
2 221
113 298
0 199
86 203
54 205
75 261
212 277
17 189
218 285
78 199
209 227
86 135
63 266
160 251
34 83
41 296
84 190
12 248
13 198
81 247
230 278
189 209
14 159
32 148
11 162
140 293
19 98
174 296
105 172
15 150
110 223
150 273
77 282
240 262
0 213
154 155
164 230
33 269
187 242
240 284
162 224
74 78
165 218
207 295
6 56
19 268
138 192
95 267
139 142
22 75
86 256
80 100
0 83
8 266
6 160
70 217
220 238
9 178
25 119
65 259
138 203
46 120
47 106
80 130
40 101
139 268
148 192
131 264
66 246
34 290
13 203
83 277
78 176
103 152
31 207
146 209
0 102
98 182
173 243
40 70
143 206
94 205
35 238
4 221
46 220
50 271
69 76
139 283
58 210
241 298
71 219
161 219
14 295
142 280
75 156
109 199
241 268
169 242
28 83
208 240
90 91
189 201
53 127
97 134
56 258
74 283
166 251
5 99
5 134
24 37
183 213
61 90
97 195
103 257
47 254
31 225
228 285
147 255
114 118
40 96
26 191
127 283
99 179
12 267
161 213
211 223
224 245
81 231
245 246
194 242
68 151
95 237
119 140
234 288
25 117
155 185
28 117
66 69
129 276
254 266
123 209
22 156
54 60
48 280
150 222
243 245
3 182
97 183
115 221
157 180
77 207
42 56
261 271
88 203
55 205
79 112
121 170
43 203
53 251
102 277
141 208
116 124
111 264
34 111
180 270
69 126
138 145
50 111
95 211
32 269
100 238
74 121
10 185
78 163
108 116
225 251
8 126
19 215
125 167
155 249
29 149
184 226
245 294
173 201
52 80
7 35
159 253
21 288
52 245
42 147
197 237
48 182
49 195
40 296
51 227
223 247
232 284
6 86
168 259
0 27
208 293
231 238
145 188
159 275
57 101
158 183
161 292
160 287
119 122
76 157
155 258
44 118
204 271
33 54
79 130
65 186
37 81
55 278
176 296
34 150
129 138
126 196
208 284
29 246
39 147
55 73
137 171
162 165
39 96
97 249
37 231
185 230
11 247
53 132
15 82
210 276
115 223
67 151
132 164
259 277
146 231
89 193
163 208
38 58
74 169
23 121
139 176
85 117
19 208
83 228
41 126
192 298
63 286
37 279
34 206
65 180
4 156
11 75
29 61
14 97
48 91
15 200
167 266
24 119
20 227
143 249
126 146
9 253
137 191
2 143
62 153
32 50
59 179
63 122
235 274
93 188
64 213
31 199
5 299
15 256
70 148
113 245
2 108
248 289
110 113
84 236
3 227
87 230
204 265
23 57
72 121
89 171
239 247
19 144
65 261
13 93
98 185
152 297
46 100
208 286
42 204
49 63
174 294
0 10
136 230
26 172
68 267
45 75
75 98
105 214
106 236
73 118
140 242
190 252
47 136
34 36
232 239
25 100
178 261
132 204
28 193
150 153
99 139
72 266
52 166
160 233
42 279
86 107
91 151
264 291
45 120
125 292
6 83
135 174
88 115
11 299
176 215
30 246
135 275
58 94
33 223
64 184
25 76
57 187
240 276
117 294
24 64
31 193
65 223
274 288
126 193
46 121
1 100
75 221
201 240
89 251
80 153
79 243
164 285
68 233
215 266
107 221
119 138
51 198
273 284
102 127
50 81
162 288
164 217
137 197
223 287
28 115
90 123
145 169
106 266
209 224
65 123
88 240
140 184
40 115
69 85
206 245
37 124
192 215
194 199
154 245
174 240
23 203
151 194
30 267
132 154
2 205
112 273
52 237
259 281
225 228
26 258
53 126
88 110
150 276
181 246
82 292
59 83
79 156
21 140
264 267
102 202
42 146
274 295
128 290
70 171
106 262
36 144
51 293
58 229
8 80
