nnodes nedges type
300 500 graph
nodename posx posy weight
0 -15.652988605427089 -0.20849391969327974 16
1 -13.449526219181235 5.608051669870888 86
2 -9.334263221715666 0.142211756112557 4
3 -12.232048002979077 4.71660166144715 87
4 -14.1573216564011 -4.281574108500146 92
5 -15.870140134406254 -1.8769294370965268 63
6 -13.394748048391136 2.172571199776855 32
7 -14.19758504622324 -1.7020759711176867 86
8 -17.006135783976216 1.8439400666690529 26
9 -15.468862409607494 1.8656562494555757 93
10 -18.009855097646394 4.387455757169513 4
11 -11.917362288446107 -1.7267237130711561 14
12 -10.547491178269965 6.697521297400315 91
13 -15.352781120740627 0.9788613555319867 18
14 -16.248689124583787 -1.3127026128738544 60
15 -11.603979827480337 4.5063113369382215 97
16 -14.580871378455525 -0.34838899474391116 40
17 -9.738142975114567 -0.2668351529006048 22
18 -12.571918913334233 3.273985832117458 17
19 -12.814910046502733 3.317536849579007 8
20 -10.947832778434073 6.213835890704636 36
21 -13.982770885318747 5.412369911507754 60
22 -8.26226251115 -1.669223301117175 23
23 -11.019211914662414 -0.11709057137598505 37
24 -14.910713545527132 4.581040115657809 68
25 -13.457940690996084 -0.04395112127795005 18
26 -11.454679377117438 5.189435986753272 91
27 -16.018039778760073 1.0701667879001246 29
28 -11.725246896961371 -1.6326584638820947 57
29 -12.869843400058794 4.186476073829513 90
30 -13.716299147171718 7.246873708066585 75
31 -13.812198733511897 4.121005882783978 1
32 -14.620929041698508 -1.331596477546322 14
33 -13.885319083424136 -3.164825735606819 22
34 -13.569786916843498 5.377770337350339 60
35 -15.600834372499193 -1.0417203437254172 45
36 -15.717261424585093 4.95802034359552 32
37 -14.185662881417972 0.29946615757796985 45
38 -7.995148800552517 3.679263185109308 37
39 -13.278850462244792 5.450686371062742 44
40 -9.293491501683746 -1.9326168423008707 48
41 -10.582890694532207 3.629378776475521 28
42 -10.286368208310469 1.8876471216247843 79
43 -13.457792197674225 -0.6537385632351204 46
44 -12.574053595620846 -1.9357492308976432 34
45 -13.468222420138101 4.40690540459241 27
46 -10.099789664862335 2.3942786468469164 22
47 -10.59643137894512 -0.5038971640396662 47
48 -15.133793377815053 4.617258207274133 48
49 -8.555694533329389 -0.3108860726030876 23
50 -9.548159798304706 -0.9996541394205604 2
51 -11.44124294876672 1.642507587279513 27
52 -11.902452740642213 -1.9366118651840574 8
53 -9.389084059406814 3.2649215348108003 5
54 -13.85136818816822 2.3525563349321916 24
55 -8.844517408083417 3.5634186845604585 21
56 -9.765320850517206 2.709731729463474 74
57 -9.75313730113848 1.181358120873281 96
58 -10.932733902099212 0.7393571700517759 95
59 -12.616608426231265 4.053488971018261 32
60 -11.887328238506429 0.11595021322875396 3
61 -13.935473257056906 1.8354729849025395 1
62 -12.87429274199177 1.6370145280393937 71
63 -8.216280464603509 3.2851655991439945 12
64 -8.258213768921054 2.6160521299063313 82
65 -15.333136332342843 0.7200979430893808 54
66 -13.677443294468972 0.6320363881182753 33
67 -13.620345730323887 2.1276545764859884 21
68 -7.177545026390572 2.0691186230272867 43
69 -12.21097829771072 0.1919089339240929 65
70 -12.148557982133248 5.898453973508576 16
71 -14.878940928684598 0.9268049666769435 11
72 -7.3139392603313125 1.146934886338103 59
73 -9.640230780469118 0.15305046910669315 8
74 -11.725353719603076 -1.1364969310624118 12
75 -10.09600532655514 -0.6541223218800659 16
76 -14.634208612903107 4.274031435651063 43
77 -14.811805939880273 3.579929244198664 7
78 -15.823067437748245 2.3073920970619524 89
79 -10.402161062780554 7.872170142666525 5
80 -16.18806815500222 0.07457136116718052 71
81 -12.373084210595545 2.8208547634964116 49
82 -8.064579919417138 1.7107884198397325 30
83 -8.71140345139801 0.7954411718963649 63
84 -14.077925497068165 1.0629933105300986 33
85 -13.967048682955532 3.7974573478847304 5
86 -10.012352238966457 5.976146002870818 50
87 -11.439919536851272 3.1411303528093573 48
88 -13.19126098075671 -1.1162055951205623 89
89 -12.46031005949569 2.5906339240556386 72
90 -8.692769308829357 -1.3616770793176178 42
91 -10.0713095491437 -0.9626825354271067 17
92 -13.74313431962564 3.3754540365713783 31
93 -15.611155470814095 2.5304145512489993 23
94 -11.162456963975124 4.8807522058635655 22
95 -14.215745936741387 3.8284466220732845 32
96 -11.103772226686107 -0.8560299028233704 64
97 -12.666909058505741 -1.458593340602951 10
98 -11.256143394309355 4.585586185403682 90
99 -10.867529526552136 1.4354327511019853 14
100 -17.160287593494655 3.0528456939488793 90
101 -9.721651918540442 4.4609669660991695 8
102 -11.139351187532991 0.19732249689616718 54
103 -9.219397943210769 3.9380063707096578 94
104 -15.561283065206178 0.04494917588943872 44
105 -14.293036787574717 2.4674326493991923 23
106 -9.070071541979525 1.7475211300708664 48
107 -13.854969704786267 0.8415577071036862 19
108 -10.597683499566442 3.7750318516342367 4
109 -7.934985835752231 3.3494504661875943 12
110 -9.59797401404448 3.5421941268547243 80
111 -12.38325312607065 1.5098204424534594 1
112 -12.232910395283284 4.158296771740611 52
113 -9.07748774130211 2.6574664352922865 91
114 -11.675065049505811 6.420200578515479 16
115 -12.372337334733592 6.703989718319869 56
116 -13.857005555563815 -0.3747698055575906 5
117 -11.142070373690649 6.121956080834001 73
118 -12.670471492748574 4.857382470506798 1
119 -11.264166514946595 3.3010630653734845 73
120 -15.057087258151885 5.139455908792194 30
121 -9.280986286882639 1.9635725584093382 50
122 -15.047542721155768 2.6266359545163853 86
123 -11.826117427155143 -0.21966834675395655 70
124 -14.763294823947524 2.186515396118708 67
125 -10.014072208160382 0.2579188665879798 82
126 -17.016741678195327 0.08060023468224226 26
127 -13.131481243561593 -2.8677358000782567 32
128 -12.947451560451627 5.063592144015148 22
129 -17.35886669793307 1.2253346055544212 58
130 -9.461983811093116 2.1455814227709133 99
131 -11.346238147570995 -1.043458492863668 31
132 -14.189351923962873 0.8561180924695136 42
133 -12.113883066093694 -0.13638105447527935 9
134 -8.41114635108038 2.792453662933705 9
135 -12.122982998995989 5.6308277918369924 30
136 -12.797997755543177 0.36241170557853025 49
137 -10.208232905282665 3.359508196308312 92
138 -11.703019930432086 1.352707610594657 17
139 -9.982784522979417 1.566892295459939 39
140 -8.373933193059772 2.493680310092157 49
141 -13.239197689251542 -2.0457920406461927 48
142 -11.59408054538029 2.2071976899984422 80
143 -8.577009961087873 4.32882798328206 73
144 -13.021858330156665 3.6811087724909006 94
145 -11.876963878931031 6.1922061559084165 99
146 -13.108110025794952 2.174602226498516 14
147 -13.238769377632673 0.8851578471116419 20
148 -10.460739472260096 1.6248865230142568 34
149 -8.793784757053723 -0.17217728706091176 90
150 -8.711526029527786 1.4047956353434126 43
151 -13.209511375507615 0.5131839996268112 31
152 -17.043603996837472 2.8635397463334273 19
153 -11.72093230262384 1.1655442248308745 10
154 -10.225670320109645 4.602268625492021 4
155 -9.289467534608201 0.30716038695575715 88
156 -15.938266887418733 2.9202462594331657 51
157 -8.99324609608044 3.2952651938255215 70
158 -13.661524865331483 -0.8100203106750357 68
159 -15.944622878533005 6.8023387198860465 15
160 -15.68912748038101 3.7932066060588667 32
161 -14.90469722729872 4.184996017726991 40
162 -13.780687314054923 4.5381057116515615 38
163 -13.965348124963107 1.2843767514071864 59
164 -13.274649477688193 1.658561802733975 12
165 -15.332343929187113 5.046547225508847 64
166 -10.497425805566149 0.7197287151116872 11
167 -7.09189333807533 2.9201205054081 82
168 -13.33467063005622 5.957762073877568 43
169 -12.082024752977077 -1.0965832331882102 51
170 -15.650822316320545 1.4022958840732471 94
171 -13.770785949017224 0.2572718349808214 78
172 -12.379985959645158 4.297690154090947 80
173 -10.546226618149067 5.389828823406521 82
174 -10.88412673154525 5.317154650908684 70
175 -9.302440462094902 3.9545139732075465 48
176 -11.503285388892964 3.7963650726941904 25
177 -16.882744523573106 3.915245044663519 55
178 -13.930688023406464 -1.301880512487991 11
179 -14.604589308307208 0.12737221255596048 28
180 -15.726221031888393 5.110811969417071 97
181 -9.844137919243202 3.6011339449534576 95
182 -13.964493764470765 3.6042766014572725 62
183 -9.10356036755075 1.8302397799911299 51
184 -10.33261450848435 0.3253001632675175 94
185 -15.425985933124032 5.636882304728068 93
186 -12.917874666731235 3.1422758610785624 61
187 -9.628124639329425 -1.7369165385234198 10
188 -10.369905884800659 -0.6828640651415457 41
189 -15.05975260259623 2.8353654595031217 90
190 -8.713062910128563 0.728105761105782 96
191 -12.077334787266901 5.116249740299714 93
192 -11.752356382983502 0.6561620998730106 34
193 -11.827622780833451 1.8706385079736823 89
194 -13.38723435530085 1.2524140603749159 91
195 -10.232966868795309 0.7781766772964614 64
196 -10.898470016303014 2.3331603901141866 22
197 -11.08781478509773 2.04288912893779 82
198 -10.550389900321157 0.9301473692378629 50
199 -11.652862535344738 2.544893618195703 99
200 -13.9649649924627 -1.0254389536071555 57
201 -11.161445764027459 2.817396602864444 89
202 -13.032121407511255 1.1128501058273188 35
203 -13.033802161334881 -1.0142779873270558 28
204 -10.767603132572598 3.675411245195354 88
205 -14.311625615621866 1.2858527743025827 43
206 -14.167099525259573 5.874631366344712 61
207 -10.73251227724325 -1.7568154339376154 76
208 -9.272282826528917 4.769073653770279 10
209 -9.743885777264646 -2.4997636077852645 99
210 -12.806758922831559 5.678799008731373 3
211 -14.479698159738545 -0.7501623110768959 34
212 -12.467638011070122 -0.338848195029225 34
213 -14.472882714184525 2.5088497062509196 21
214 -10.291496116274178 -1.1629761052667174 72
215 -15.26054044263224 2.4603131850046354 46
216 -16.972868657055734 -0.7166592564708281 92
217 -11.00667843982176 4.244309824479595 23
218 -13.590700782103783 1.8643330557732531 14
219 -16.098856602919785 3.38476509247049 54
220 -13.350573066864357 2.59825041791817 66
221 -11.958845015688546 3.513018152773425 18
222 -9.687616798942758 7.5771405726591645 2
223 -13.751306135093625 -2.1170333729377604 87
224 -10.967334567012752 2.929630824802077 71
225 -12.319384383160868 0.464743070441075 73
226 -16.166456517690538 4.2891580589707266 73
227 -12.623810094438689 1.5651022172763822 32
228 -11.60881726475844 -1.7948097854423808 50
229 -12.939281933684914 6.794781072690127 44
230 -9.078608812324276 5.103363342849 41
231 -13.459455229010963 4.062025800969481 40
232 -13.005344228423645 2.9361040805925502 54
233 -14.740798159699436 -1.8817579901675097 67
234 -14.993331314257471 0.7772772588448992 78
235 -13.042977518498171 1.9093044270292046 97
236 -15.478616205174033 3.476858269061483 80
237 -7.580174486977604 -0.9151149961977042 44
238 -11.221086193800213 -0.00016466067270439963 8
239 -16.150418627585076 4.141986824533009 68
240 -10.26957259062352 2.833467533488833 49
241 -14.543399795503992 3.6441723347854293 11
242 -10.40850070961741 0.5178775582620702 19
243 -12.507256903852998 3.87447028393316 99
244 -16.309671329622788 3.134879532044565 16
245 -8.954849150148114 0.03621453772462675 73
246 -12.526072011419846 3.5179164580691347 75
247 -9.539956052226392 6.3117753103883985 95
248 -11.890926475857798 1.572560795496787 34
249 -12.287463926280234 1.4225729525059423 67
250 -12.755313324827146 -0.26138456373709196 12
251 -11.098948968170946 -1.4043358815689 62
252 -10.443172746340158 3.17519369174059 11
253 -14.273073345332872 4.249468595816013 65
254 -13.407739159384237 -1.8667393248806539 71
255 -14.797592933322175 3.0964289570346937 15
256 -7.9923038386117184 4.1367653346163795 3
257 -16.79216629087098 1.1663021629616162 74
258 -10.657600748319966 4.094566027377386 96
259 -14.160102027520136 2.865003978812755 28
260 -13.537338922675044 3.284226957327843 71
261 -14.930368996806797 -0.6572291549657583 88
262 -13.70052709930792 5.106211589637559 8
263 -16.204610626152366 6.396555666595389 83
264 -9.562805181137028 1.530946394618567 50
265 -14.059135693629328 -0.193392568942095 52
266 -12.288773696715626 -2.6559957411196278 69
267 -13.271631302144902 -0.9831106244547443 14
268 -10.700205178853537 1.7451077434628997 20
269 -12.396915124139813 -0.20473135904409703 97
270 -15.626957176586366 0.6581951341950215 78
271 -10.761686767029218 2.3929303783863745 33
272 -14.176504690232084 3.407394443861242 53
273 -12.263942869016644 4.751167290490939 22
274 -9.305764769859623 2.6741687699353522 34
275 -11.442178203080628 1.8180279719395231 91
276 -11.875155051007676 0.9245690500045884 33
277 -8.969831087892853 -1.216553731164083 58
278 -10.35571625591262 -0.24890579480691627 21
279 -16.76196765840504 2.4663334876333005 26
280 -12.481998796977727 5.701338820652039 80
281 -12.447203942725663 -1.2709634630842082 74
282 -11.56104147183319 -1.3547803005249606 54
283 -9.605988093839585 1.2931282996648685 44
284 -9.89672482772091 2.382986678121155 43
285 -11.857928833898434 3.2590563788517266 72
286 -11.493569319104294 0.27292291041355304 31
287 -16.930426417792567 4.5355624196895095 10
288 -13.139428447748084 0.22510237250210857 15
289 -17.160928046703244 -1.1915297486485934 85
290 -9.637700030632933 2.4925130374287505 85
291 -14.859265282705621 0.3654510063760315 82
292 -12.13594470609313 1.9971713452988205 3
293 -14.398745544960327 5.211555609719669 47
294 -16.06470982777127 0.8249450877333775 46
295 -9.993574909601591 4.205725825471832 41
296 -12.165524670676612 1.6573022542058313 9
297 -14.762105565239267 1.964343926045922 49
298 -8.565221652192301 1.0935842640387812 39
299 -10.507975197039038 -0.06316859791440964 11
endpoint1 endpoint2
18 19
112 271
133 251
148 264
54 92
146 213
200 282
223 266
127 223
173 247
174 176
96 184
56 101
236 241
124 270
2 130
96 158
62 132
91 282
131 269
23 214
193 196
156 259
28 131
136 286
205 220
95 213
64 284
34 144
187 251
2 73
95 243
152 219
171 265
201 284
208 252
65 200
24 259
56 108
38 140
67 186
189 272
134 284
278 282
89 142
94 101
141 169
71 93
195 292
107 234
243 253
20 115
90 209
153 212
228 254
197 227
138 194
275 284
162 220
83 125
142 196
158 171
27 132
41 197
147 225
16 88
23 228
59 85
69 102
91 245
31 144
42 275
211 270
18 296
28 44
153 221
29 168
56 268
15 154
119 196
121 157
211 250
145 280
69 111
41 295
88 286
6 18
128 186
16 132
54 171
149 198
55 82
246 249
140 167
45 59
157 204
133 276
152 226
202 212
64 157
145 273
91 195
169 192
211 233
138 139
57 299
254 265
205 218
66 288
7 16
5 32
3 48
9 37
227 269
139 290
40 75
51 123
197 248
173 273
182 221
76 182
95 161
93 244
64 109
105 182
122 235
177 185
45 95
37 66
142 285
69 286
59 280
238 242
139 252
87 201
18 29
5 289
8 27
53 295
89 201
154 175
39 59
99 276
72 298
110 230
39 293
158 179
49 187
240 295
9 77
107 296
97 123
61 85
1 210
104 211
139 245
76 105
49 73
51 285
228 282
121 298
96 155
116 281
7 97
19 199
47 190
114 174
148 192
43 97
21 24
31 161
13 66
8 279
137 252
138 242
59 135
264 284
98 144
46 198
2 23
28 60
53 264
32 267
75 123
95 255
89 220
191 285
29 210
22 237
31 297
164 292
101 295
20 94
45 262
47 102
128 229
156 219
103 252
170 189
132 235
3 246
53 224
89 146
116 194
205 291
242 283
43 250
23 193
80 216
48 120
169 251
189 232
13 78
172 217
93 160
246 260
197 283
108 285
104 297
57 73
151 261
81 231
11 69
172 186
61 234
113 190
268 275
224 235
202 275
86 174
188 277
171 250
114 210
92 218
151 292
26 41
54 147
158 203
180 263
205 265
60 164
113 137
66 136
109 274
97 169
124 260
179 218
116 223
77 186
267 288
150 274
48 244
75 184
42 299
37 69
176 292
199 204
119 130
188 225
100 244
133 136
177 239
232 248
271 286
112 232
124 259
196 240
80 257
8 126
173 295
78 244
87 274
220 260
186 285
131 286
18 273
44 127
68 140
193 201
204 221
62 199
268 278
2 90
29 262
77 120
19 272
35 158
41 55
77 219
107 151
87 186
196 290
51 106
111 151
68 72
60 125
1 26
105 163
14 216
116 203
160 287
16 116
103 290
12 79
100 156
67 136
12 222
178 233
58 153
60 133
139 298
126 289
197 240
133 267
199 268
12 173
202 205
105 164
123 288
84 215
26 174
66 265
122 279
17 286
30 168
66 291
75 155
34 76
81 111
65 213
29 94
49 298
213 220
198 249
266 282
60 250
45 172
89 235
34 115
205 294
193 220
243 252
255 272
200 265
17 150
111 196
182 215
225 249
19 243
102 296
52 133
165 182
1 162
61 124
56 166
119 258
29 54
56 140
57 181
226 293
87 199
151 178
41 154
118 172
6 288
80 129
15 18
44 203
214 299
238 276
218 275
119 199
78 253
59 119
110 113
16 80
148 217
144 194
55 143
108 176
61 111
160 219
83 274
53 256
43 163
133 248
3 181
45 253
25 276
19 118
8 177
196 224
137 199
20 86
32 116
125 183
141 211
159 185
71 194
42 258
281 299
94 258
57 268
138 146
123 203
11 207
192 225
138 296
29 92
226 236
142 192
166 250
95 160
58 242
18 241
58 296
59 81
155 264
71 116
113 134
184 197
84 249
195 264
12 145
18 232
0 84
45 206
61 84
143 181
231 260
218 255
49 237
213 236
102 207
122 161
82 155
153 238
46 99
70 172
33 254
45 182
125 188
149 277
1 185
22 50
172 176
4 33
202 297
163 227
10 177
183 252
51 81
19 259
259 272
74 192
35 126
50 58
21 191
175 271
56 63
112 293
77 239
36 241
70 117
78 257
59 260
192 227
193 235
38 175
11 44
47 123
99 193
198 286
164 259
44 74
77 180
140 183
121 150
93 241
14 261
25 132
41 98
110 196
98 117
21 162
186 227
66 227
86 230
129 152
41 46
121 196
31 273
153 193
113 240
207 209
199 276
107 170
176 201
84 225
73 102
