nnodes nedges type
300 500 graph
nodename posx posy weight
0 0.49181162179812005 7.465627752873665 60
1 1.665370141218419 8.326279449640994 45
2 0.13727830332250818 10.565859722617455 62
3 0.9419374289380905 14.957412186147549 10
4 -0.44610288194284275 9.24348346960027 2
5 8.900732521962302 7.56581298691313 35
6 4.16651706355207 6.620895874318403 47
7 0.3115679243676385 11.90781676092165 63
8 -1.4560690738259703 9.867580368269264 59
9 7.890546783138628 12.184524714367017 57
10 2.085747064819667 8.668528954340196 71
11 -0.7253088851792514 10.482052120876517 57
12 3.6632000577329342 9.744431040479396 67
13 0.5674879572669012 11.628177796626327 27
14 0.9939198805097722 11.356508349379922 61
15 3.5256551653854884 12.956399932491466 67
16 5.679677605003475 8.077175801063646 43
17 3.5576688631731517 7.528786294881894 99
18 6.850862478628672 9.140396216120616 48
19 6.6197357630715965 7.892002852214493 55
20 1.9157386486376329 13.152332361103662 97
21 1.7118580528632565 12.182757308662316 4
22 5.73336300690011 11.889878195691901 15
23 8.488650924585682 8.81877187901674 52
24 1.8912477993989756 11.672262922160803 70
25 7.039890753239067 10.396000441251319 57
26 3.7065568306486436 5.35443363020242 72
27 2.645781198026006 11.426255711181113 11
28 0.8622114935856838 8.252214867207162 28
29 0.4565256572049161 4.106526668638273 41
30 2.476918201222412 9.769816801246108 4
31 1.5814713588533695 11.316589986074456 81
32 7.2003402235630105 8.731650067361477 96
33 6.011414132505263 10.64274115426406 51
34 3.09006766055976 12.352161991738319 16
35 3.865125528329485 6.678324662932962 8
36 3.104592030775038 8.413541162534528 91
37 -0.8808321760438257 9.710975973225654 86
38 0.8071027056895984 12.502456369516203 55
39 4.495778403685123 11.258909611756113 34
40 2.662791377955793 13.052536299413681 21
41 4.8311681368820825 12.06846752305003 92
42 3.935026204421368 7.757480616713144 86
43 3.6664214260923407 10.563875196786343 31
44 1.304236431519569 7.789619924233027 24
45 6.796329713812808 11.448338796188233 46
46 5.017018430324758 8.343376291649761 22
47 1.898373138041751 12.056065530983144 92
48 1.9869850246673164 11.459817678155373 96
49 4.455815830383535 10.14414016612704 34
50 -0.9024199675662733 9.286226127416347 68
51 2.665142739551091 6.570435163620233 38
52 4.442586727834166 7.078303649585642 71
53 5.8332864365782084 8.461641830081167 33
54 2.8216374685252683 8.07268466638634 53
55 6.966095852243119 10.26206563096143 18
56 0.7471043953585108 10.152158093366392 63
57 0.927573395412749 9.709050759978814 24
58 0.6307869156978395 7.510153628338659 62
59 6.034189090242363 7.279761719237666 10
60 2.3572983324557564 14.61485953139848 87
61 0.04667565812988517 5.711707946658317 21
62 5.519830218165344 10.588081526153125 32
63 2.132646996501052 5.295697124236255 3
64 2.077543032374968 10.926976496118947 64
65 -1.8307053716966164 10.191314850715031 2
66 0.2334786782501337 6.852551817079931 39
67 2.9909573270658303 10.127510215338829 33
68 4.291700750172577 8.086830023493201 10
69 2.530687556678013 7.01424130648906 7
70 1.183214857351786 9.46107245156864 20
71 1.835181897467889 6.568105945983312 97
72 1.2316645997825928 13.668298392327323 93
73 0.1582089429613071 6.367339063993377 90
74 5.358596357777885 6.843299844836822 32
75 2.3292580002345615 10.377103494746695 19
76 4.50052203479491 9.48656275280482 34
77 6.573652685404311 9.764164741811463 64
78 7.148175815466075 12.162254219502378 50
79 3.2868269786849718 13.769211064874877 84
80 5.97425065897418 8.521851832025778 21
81 4.409444890285877 7.47898923035658 37
82 6.8039491654505 5.9920169340326535 18
83 -0.03844954607765673 11.286877255338252 40
84 2.841120932120285 9.05361846842621 89
85 5.406055184358501 11.046223295516215 34
86 2.781914668924156 13.747880968487495 37
87 4.790945158760342 11.035080708754915 59
88 -1.6731195378587254 8.688410350149363 56
89 5.25973724413658 13.041466410896259 93
90 0.8878136994599651 12.116297398856643 36
91 5.642726794890326 13.027677293981728 73
92 4.588703660873566 10.824435126603884 60
93 6.082308318534339 11.813819032666814 55
94 7.6691138359901245 7.588598488919604 46
95 3.5862947740320315 15.098792648866938 86
96 4.360359149002521 10.914546736978417 34
97 0.2674992725036362 7.202493417932285 81
98 4.567337781527728 8.683990991404237 43
99 6.097007662909152 7.087965703912244 74
100 6.140179851290845 11.28627995891639 98
101 4.307274071847833 11.914319097566057 9
102 0.04061328571392697 12.541661312410092 44
103 1.3465922126158962 11.993406468492077 35
104 0.8359894428133472 5.801495295139938 52
105 1.9540318310390952 9.959486677989986 5
106 5.808676880118711 6.88630494526402 8
107 2.01810179663173 11.824913673897909 24
108 5.292272323425353 10.787705721082128 80
109 8.107217683968607 11.549176026347334 53
110 4.742074043167144 12.603832764354747 97
111 3.078653420782985 9.283608217448268 4
112 -0.10349062559051994 10.133162543635809 12
113 -0.5360787654862581 7.143336888370151 38
114 4.479721378968634 6.7903598022742875 42
115 5.476712360734105 8.880996335701761 84
116 1.871100253102022 7.537167268364601 28
117 5.162025182051066 12.025867647534872 7
118 3.449770182519411 12.859302868796966 49
119 2.592981672162229 10.888698952413428 47
120 -2.8033476774254993 9.493076485428714 11
121 -1.5981738586052385 8.421082303568525 16
122 2.811639541145591 7.7335250994376095 74
123 0.7314365521147765 9.289866588183147 13
124 6.171564737557881 12.28339546019987 18
125 -1.2665081177670552 11.728309102849167 49
126 4.040576590630589 8.724014380411438 98
127 2.5514273535643723 7.593943324591028 70
128 1.752756019670803 8.222470813775683 4
129 -0.13656852217622195 11.826429791099839 28
130 2.181008435745423 13.295074815112336 100
131 3.1834777073495215 6.8705314079642354 80
132 3.718079838749916 7.070682589418208 2
133 1.762556501905487 8.664488326077674 92
134 0.3856111818739109 10.408466659585185 38
135 -0.8555734107387195 9.26537625317831 82
136 5.951840336663392 9.25163059940254 35
137 5.559804407545741 12.135103264124107 62
138 3.590095617934791 12.60231763505997 49
139 4.17475392633208 10.776506062135502 48
140 5.835590895253577 9.713726121484603 73
141 0.9438241423445148 10.93219704096917 99
142 5.27650894437702 7.174334488251509 42
143 -0.7327347043757637 9.07852807763871 65
144 4.088979135754169 8.83147811322246 56
145 2.9525533758259623 8.72192449152049 54
146 2.865299664758205 6.872858708277766 22
147 4.445882845108856 8.492777614692208 75
148 5.887512322361135 9.932835601127136 90
149 -1.0709770614201064 7.317253433457281 85
150 1.2106920606515312 12.746702822600536 54
151 5.1586488446156835 7.430547294856342 40
152 3.30536827626853 12.50319379363538 62
153 3.1360735733989094 9.649266369751917 3
154 1.1770400223669266 14.6333988584255 14
155 3.3216353955837246 5.9171527713134795 20
156 3.039307280059926 10.383552437612785 76
157 -0.4808449706451123 6.430746761870405 54
158 6.433553896773779 11.73607071577806 39
159 3.4436204976333946 13.76490839505986 75
160 -0.7729659780070693 8.58920717195896 4
161 1.8495167109082817 13.591486962835543 68
162 4.776111499969293 9.503373826651515 94
163 3.4864226667640366 11.1232506978348 29
164 -0.06111529257000814 9.746985648867515 56
165 3.1771461363337905 11.406843708485018 92
166 0.4794167670018226 14.51587907709187 81
167 3.5157927187522753 5.648146468379546 96
168 6.040716367050011 8.90465996404257 87
169 5.076829837383311 8.823095137365689 68
170 5.224268114708063 10.561559729359015 99
171 1.7336741367608903 9.985950971470656 40
172 1.5329696803755035 11.773865050308 33
173 3.545233528529582 9.801196526700302 75
174 5.5734640336421934 11.385396450860672 38
175 1.3392905397406096 8.678645467895196 23
176 1.5648284973407327 10.513073895998655 26
177 1.84433169429348 7.728320041585275 100
178 2.5971107022221007 11.984022995818822 61
179 0.06578898328666938 7.480438103729194 84
180 1.5173429659003044 12.134274653639817 72
181 6.902490378661847 12.281468995844941 80
182 4.848513034393982 8.454605483381627 29
183 4.465631491487226 13.283328241306227 74
184 5.448855692804854 9.096435849472806 47
185 1.9743676058367623 6.242318574966693 19
186 -1.1699372640186116 6.550638900295705 56
187 1.670578946240042 6.75730360307107 89
188 -0.518388174741672 10.680332520928873 37
189 0.46442691784059315 9.136901282595318 79
190 0.8963045568710399 7.038902078213158 24
191 2.556985715415035 13.362983032772963 23
192 3.1141264116161986 14.03144715509212 44
193 -0.5126680962668847 9.382527424148012 94
194 1.2132864894611823 10.139498621737895 87
195 0.6233600786191099 7.613735456123297 62
196 2.0769163522426215 7.687084160248803 44
197 0.9773681458589624 7.461191185383521 11
198 -0.9746803842766759 12.647103200213524 21
199 3.1750540180873945 7.381241927311876 7
200 -1.6363576618344808 11.350319664819443 25
201 3.7528111206531487 12.066366163340508 47
202 3.9710469264586243 6.960735857605285 62
203 2.8598521688582395 7.268005282430329 23
204 1.712892101569203 10.489884811917948 25
205 0.5737664213427419 9.995324479787733 36
206 2.2702091849142074 12.219729473848892 67
207 1.1339278234464631 7.0582810580487925 60
208 1.4650920066991768 6.6633830864682135 30
209 2.6161652336605314 10.433140746121799 35
210 4.19776437817044 13.71190658103805 41
211 3.4627486014631423 6.5808137869679655 18
212 7.241088203696694 11.7859564712361 69
213 5.3062996065784445 12.48163028177737 54
214 2.895881696199696 10.982051603914769 44
215 2.0811459823672864 9.645263517387447 97
216 2.356228822809051 9.664263546735953 51
217 3.9316778890629207 9.460766587703997 82
218 2.917010744420144 7.8592949684072595 28
219 3.293488505516592 10.74447197222723 89
220 4.101656167956467 10.039030681921949 3
221 4.758671895542314 6.352951402447628 62
222 4.64223630092325 13.983422324758823 8
223 0.45937816270208653 6.296192921754775 32
224 5.1113732515118455 9.644506946282569 6
225 0.709760875166425 10.953422230037226 25
226 -0.4754286267004398 10.928869492509355 66
227 4.855756801618049 12.91610638503823 46
228 5.409456434288338 10.353943222853355 94
229 4.024584685541408 13.537963757524032 75
230 6.194805864440788 10.036255470422383 12
231 1.909667784336591 9.225799212447189 56
232 4.710103264224861 11.703907127108188 73
233 2.371699015597097 8.060117626450022 40
234 3.6426848728558703 11.543350964146027 70
235 3.3458736986967135 6.37662231354878 96
236 3.43854455716764 10.163137819222753 13
237 1.081975603994509 5.053132677954823 40
238 5.5259128170732845 12.606786965429912 12
239 0.11094832459083084 9.186455016664057 20
240 5.999415630606112 7.648947015359658 13
241 1.4436953909779668 9.798111440594285 85
242 1.0669995896432598 5.169162051151665 47
243 3.882604928906965 8.333924142753213 97
244 -1.1824129443455986 9.357998994708167 41
245 7.004618353355542 8.184783839275358 99
246 3.270636230996844 8.270117202308777 75
247 2.8399097063735415 12.385333700039261 91
248 1.7351509741862594 14.956166417457267 48
249 5.589080641330391 9.962396664828772 70
250 3.7773120245458185 11.559630145524126 57
251 0.816577691757651 9.517150410464387 31
252 4.690110109281084 13.63939721938641 64
253 4.933774723652266 10.203091573409331 98
254 -1.7289733461496861 11.380234304144512 29
255 4.524541025679082 7.4514511344005046 36
256 -0.7638770214173476 11.217005247190917 51
257 1.681947012252299 12.60147571278044 11
258 4.340988775280847 9.00070564190536 5
259 -0.8659058587117957 11.993403889746665 90
260 0.04090910604741531 8.269350500371178 24
261 4.094750683057604 5.990107818086742 40
262 5.3042453869562465 9.32847568785599 36
263 -1.2517420119249671 10.288342515306866 45
264 4.12187895806295 12.74869831184393 9
265 0.36333886281882344 11.34099931435337 64
266 4.819486563473449 7.863232559303631 64
267 4.819160379752048 10.303491997425684 39
268 6.615635869404993 9.328171933126052 30
269 5.024288651720559 7.069503001585255 89
270 3.7550203051194138 7.484886218019131 55
271 4.655746858294777 12.890410672056609 70
272 4.721924743752309 8.067815034327536 94
273 -0.1429222295050271 8.096126326493026 68
274 -1.5760174925494528 9.495196630081768 17
275 0.9304262370661335 7.976775500460087 78
276 4.476586398739246 11.932903154742807 62
277 4.966180971509635 6.965677251631212 32
278 1.5952214560816855 13.84077272131831 46
279 5.470235062166065 7.335696079836466 64
280 -1.321438927684052 10.400586212508443 33
281 5.688737552863973 9.549615266992982 93
282 3.3306500818828724 8.56478506932121 68
283 2.290883437289841 6.224353528626026 46
284 1.3690675843560745 6.4376885218732545 34
285 6.387999510350133 8.594546317725374 60
286 0.4277279899522744 10.792226124463259 55
287 1.5307870472090397 7.14330449230134 84
288 -0.3700080509804806 11.686290643500243 28
289 6.20778694180501 7.920619004245297 87
290 0.6550558638370937 8.427712089596284 92
291 -1.0810605401485307 9.991102152834232 93
292 2.3525661469695036 8.634909447379252 4
293 0.46945060578728354 9.671985331543691 85
294 1.4021985550768123 11.264598280323128 28
295 3.7601173697274017 14.342762169095105 35
296 3.214129347518432 13.155109833343209 37
297 3.205423098871873 11.940488208729366 33
298 -0.41875377736443015 8.674109417328795 57
299 2.9697967253256565 11.435822449655047 51
endpoint1 endpoint2
15 172
171 176
112 176
0 175
33 55
34 191
224 236
17 131
213 234
33 41
119 165
113 195
100 281
67 219
39 238
93 253
44 251
57 216
11 244
65 188
42 289
46 142
66 290
115 182
182 266
94 289
39 85
178 227
115 220
190 195
198 259
31 214
107 152
76 87
154 166
37 189
47 90
13 150
74 168
75 286
71 283
205 251
87 96
16 277
170 219
67 282
207 273
22 148
27 219
213 252
235 282
47 297
108 117
154 161
216 220
83 125
193 273
104 287
66 104
174 249
133 204
171 189
54 132
37 244
207 260
79 271
159 252
76 111
110 159
52 246
75 194
139 201
27 236
7 56
54 208
89 91
128 292
107 172
132 221
60 229
33 249
209 234
7 103
24 47
137 139
155 261
20 27
134 231
45 109
54 177
4 175
144 253
21 296
68 184
128 246
75 209
32 115
36 292
51 145
42 207
169 266
1 189
195 283
118 276
107 209
18 249
68 243
40 150
112 143
122 202
243 246
89 222
106 147
75 214
17 182
41 91
14 48
156 247
46 173
14 90
163 236
206 294
0 287
83 160
138 192
26 237
33 140
26 151
76 139
34 101
48 103
193 291
206 234
44 122
44 287
21 31
89 276
272 281
290 292
19 277
44 196
77 169
168 262
126 140
38 225
143 149
16 224
122 231
73 197
176 178
175 218
138 232
15 86
79 278
33 45
52 255
217 243
53 162
10 176
214 236
126 292
33 158
19 230
88 239
48 156
34 119
39 234
21 176
76 151
136 258
97 208
205 260
30 177
153 215
261 266
41 183
28 194
187 203
1 105
96 169
203 217
180 209
159 161
56 188
129 205
35 74
84 98
174 250
96 229
11 225
152 183
100 181
84 292
40 165
97 195
158 227
28 291
123 176
146 272
33 168
119 173
115 245
15 22
11 298
188 286
102 257
76 268
39 152
71 179
129 198
186 237
103 288
254 259
98 202
86 210
149 223
162 249
6 269
46 285
164 298
81 147
142 211
217 281
105 156
35 235
144 182
50 274
151 240
156 253
67 119
16 285
127 145
54 147
41 299
147 182
39 124
128 190
205 265
75 153
49 110
200 256
31 48
73 190
108 297
5 94
225 226
69 84
14 206
171 175
42 255
111 246
14 293
167 187
72 192
185 211
72 166
112 274
208 242
40 79
27 276
54 216
238 271
231 241
100 276
116 123
161 248
78 158
91 271
59 82
63 261
63 223
49 233
179 187
108 115
36 173
97 157
138 214
101 264
188 280
44 66
142 240
74 167
85 220
36 145
191 295
11 254
68 145
60 278
153 282
115 269
199 246
89 93
43 62
125 200
225 239
140 267
164 280
233 292
159 191
62 276
12 255
57 193
37 193
36 211
47 265
64 297
28 199
215 294
53 114
217 266
125 263
230 232
168 279
76 147
14 204
195 208
84 196
50 226
218 246
153 219
6 279
16 52
97 160
113 273
1 287
133 144
115 240
43 216
23 32
165 250
131 145
84 270
47 250
241 275
228 230
201 232
121 186
111 171
56 216
128 293
75 219
90 294
77 170
83 107
165 264
30 96
158 181
2 31
7 102
103 165
38 278
192 222
90 134
204 214
3 278
50 121
269 270
185 197
164 241
190 223
250 267
6 283
101 220
110 137
38 47
197 298
1 17
92 214
148 224
2 290
206 247
183 295
84 209
169 199
122 277
241 299
132 279
62 80
0 223
174 212
59 258
10 35
284 287
24 251
256 286
70 273
133 284
126 282
84 216
184 249
87 271
37 65
45 213
267 272
9 45
79 95
164 205
165 217
176 241
177 197
50 256
31 105
102 256
114 218
155 199
98 249
58 231
81 282
86 257
8 293
39 258
97 287
153 162
130 152
147 148
72 90
64 215
13 171
24 201
197 233
25 253
27 225
222 227
119 171
133 135
187 275
188 200
252 264
107 161
116 282
120 274
141 216
139 156
98 99
145 236
172 176
12 75
70 209
141 259
79 210
0 260
146 287
134 143
46 221
253 262
29 242
262 289
75 163
218 258
92 117
80 182
21 191
50 179
24 130
190 275
140 285
53 230
195 239
205 215
112 293
71 218
189 244
58 61
117 296
163 232
173 209
263 286
27 118
4 288
6 68
246 258
226 265
38 129
51 155
162 184
10 127
185 287
127 132
121 263
31 150
182 262
119 257
215 231
16 18
66 157
11 37
173 228
136 170
56 239
146 218
80 142
162 262
22 78
55 148
43 87
49 184
145 215
41 210
156 231
92 262
