nnodes nedges type
300 500 graph
nodename posx posy weight
0 -7.258166764924728 3.9333784688210316 45
1 -7.88566669301747 -1.247967656905455 18
2 -8.013975775036679 1.4851947774742842 5
3 -10.523092180288685 -1.5474243909795642 58
4 -13.015274166816681 -1.2853427590623363 81
5 -7.523553509764556 1.224132971508435 47
6 -13.3415869145475 1.5000411956105357 63
7 -6.8381295660214425 -5.8895108390931545 16
8 -9.976920668582798 -2.50200105081281 70
9 -7.023160280211293 2.6697211751436734 83
10 -9.21254985044913 3.2306627034239774 44
11 -10.293296944156479 -2.1722409475883993 7
12 -4.764213960269114 4.028529992868345 14
13 -7.74496587190034 -0.9714484794779153 47
14 -7.255393907281077 -0.43972279453236135 28
15 -11.649171970543811 0.41210299940405504 40
16 -8.24231174275827 -1.3152581460299968 29
17 -9.176333069765198 0.9189902081901052 41
18 -8.414562438365337 -0.433602387934552 68
19 -9.775120377687982 2.3590024500498044 43
20 -9.68289561062735 2.688321000903229 30
21 -9.634034722068188 -2.1139611867644925 55
22 -10.175071498657713 -3.274192564872834 46
23 -12.952439887030712 -2.214387857944775 43
24 -7.529703968002289 1.4581292444896925 72
25 -12.854070441843573 -3.0378739499749936 22
26 -7.288131910277974 -0.953625150903184 40
27 -13.735733143659711 3.3384719688475393 19
28 -12.774385726423187 -0.5783312309097669 14
29 -7.171790661291405 -0.01228722206849274 25
30 -7.024815577663706 3.0497930766665458 93
31 -12.445986215472148 -0.15714894939738222 66
32 -13.099447725416331 0.36361342846996525 94
33 -5.897023861734305 1.3930508891713334 16
34 -6.780924481983181 1.4168118016089728 87
35 -13.532088262134785 1.7837945450671404 19
36 -12.835578682047597 1.9451658800096288 65
37 -7.844174190688316 1.368293449596235 74
38 -8.521411212671888 4.253691096530223 3
39 -10.440373351636397 2.4450366794568534 34
40 -11.622861473821986 -2.4156897335205447 97
41 -8.382369016123404 -4.050219280066131 64
42 -12.582065055320665 1.2591234657925197 18
43 -6.909588298338851 -0.22970734160962367 3
44 -10.548821940647704 2.1544598178519734 42
45 -12.596528650737017 -0.7267446362623927 10
46 -8.716273497577095 0.5204882725516772 17
47 -8.23133164649675 4.058238637790276 100
48 -9.829989853401907 5.925059719301175 15
49 -10.874482971080111 -2.5067809990289738 57
50 -10.666742583709333 0.031119491172768125 97
51 -9.554404529758868 3.762798782787357 49
52 -11.347854328058983 1.796747901044593 65
53 -7.507715595129961 2.7826185402911974 25
54 -6.384241826306863 -2.7146876179361477 45
55 -11.717539680112237 4.768889104208487 74
56 -14.91498584435508 2.029400130568558 85
57 -12.186386800897752 3.869467235017008 63
58 -13.55082966999991 -0.21531918559712884 100
59 -6.906349246339538 1.6976439897019526 60
60 -14.150522558150751 -0.381465281402955 38
61 -8.436656830505294 3.2687955226293606 76
62 -10.804262918047435 4.301805155800651 84
63 -6.576381152520353 0.5868827621015886 54
64 -8.847805415298295 4.249400380941645 73
65 -9.322497597366203 0.09358296630192163 34
66 -9.755894121332501 0.9730774810453486 91
67 -11.708855643403881 -3.0815548368090804 80
68 -11.885665731778708 -0.12059160110495551 18
69 -12.920492774779603 0.08140380876283407 98
70 -13.763642585664916 -0.1973975254619162 13
71 -11.033360354578464 1.127762524027328 51
72 -7.583810417345453 -1.426936427862689 24
73 -10.91333107681221 0.7642273245846464 48
74 -12.365489930331998 1.7394452591756806 16
75 -7.527132028109533 -2.3620016437350984 31
76 -11.381026001933014 -0.9074620327390648 96
77 -13.55984435280437 5.051635390708236 83
78 -7.7317965874994785 -0.5673014761688756 4
79 -8.665329195949154 0.8023173521091552 87
80 -11.670914466600346 2.5614480707057714 95
81 -9.49454547002082 0.6305298136930187 60
82 -7.379818307060454 0.8977480177321429 24
83 -9.587413131595651 -0.7075689602570011 13
84 -8.64521531125943 3.656058933202119 91
85 -9.509933858782878 0.49783677993004394 97
86 -7.554649871519532 -1.108177416563174 49
87 -12.553319156591822 -2.447359292642329 91
88 -10.386052331877302 -1.2871186416009108 82
89 -12.130786812654387 -1.5924941017203071 19
90 -10.476634215349097 -0.16885141104980197 21
91 -6.850031708615956 -2.1449957057140354 75
92 -7.786885827536914 1.8401039675324184 30
93 -7.983122182949203 -2.858282684506948 58
94 -9.827798161308708 -3.196905940964994 30
95 -4.1943821655866795 -0.07699603618332515 9
96 -8.251529196814516 -3.091295185921758 38
97 -11.642939412686518 -1.5279887436503832 94
98 -12.98098454466047 4.344504448228659 79
99 -11.184424966861439 -2.752602174039172 32
100 -13.01325699462786 0.8354261258917365 12
101 -7.924524856867596 -3.852790684140139 8
102 -13.841701924735103 -1.3019796917402031 46
103 -5.66759282411068 -2.3812818967136864 48
104 -13.073785698213447 -1.826775642682384 57
105 -11.48334436970849 -2.478843479193535 90
106 -13.86474663484048 2.9313537070383857 42
107 -9.242337875403317 -3.077689816629354 29
108 -8.07296165700451 -1.5388704627064866 3
109 -7.11161412392183 3.211146644864753 38
110 -9.883515401698034 1.8851882115072203 10
111 -9.536706405886424 -2.3459081099449075 32
112 -7.004815165560325 -3.3820382413983854 17
113 -11.16143303086813 5.386188116281477 61
114 -7.641358051523736 3.7629683241385883 66
115 -7.294422943389321 0.09651966698910389 88
116 -8.37397696549505 2.48922805217156 84
117 -11.853259355084015 -4.482799207101853 21
118 -10.417265416822753 -0.4078106658083737 3
119 -8.759615989289767 1.6253787224806877 11
120 -8.803264712881306 -2.5541088828474323 97
121 -11.334831641735457 -1.83385130398396 10
122 -11.133189771909512 -0.18106746973754048 94
123 -8.675301003998005 -2.290041342780124 69
124 -10.803694717719951 -0.2535430831632783 25
125 -10.233415791275043 1.2288045401078644 63
126 -6.032892612176462 4.034380150906673 16
127 -9.078643848135243 2.158513709205528 100
128 -9.116799212077995 1.3736495135192832 17
129 -11.0612032975077 -1.1510882676439327 38
130 -8.99257565759696 2.8226803926608177 53
131 -11.65620716374199 1.2561723531376592 60
132 -11.660927672467325 1.0583683589190604 28
133 -9.811300441632913 -1.0839379693636695 77
134 -7.973371030639581 4.003746833018715 69
135 -7.965641263795355 0.809568418427775 32
136 -8.540135940331803 -1.5481509141598135 50
137 -8.57119529650905 5.012365383124367 59
138 -5.793337877840624 3.4033519015340152 76
139 -9.643992938727829 4.598059359247114 24
140 -7.393829842400825 -2.8222069975539914 59
141 -10.98951981097394 3.1874741395590243 68
142 -6.4445321930900885 0.06370556121460012 27
143 -10.907684629123628 3.6806421844721378 42
144 -12.361673897134668 2.6116169468456403 81
145 -10.734523486246339 2.8459998338573533 73
146 -9.681440297044329 -0.3360461426195721 68
147 -12.73631715382809 2.9680095723238153 5
148 -7.975329708890844 -0.7745494632921743 48
149 -4.94697534611976 -0.44405719797359405 26
150 -12.245818305863065 -1.784654936044906 8
151 -6.086033838258087 -0.7168344848287446 17
152 -12.478545487324316 -0.4074709922225976 33
153 -11.209253873659698 -0.893462081629068 54
154 -5.514876704905533 -0.08016487722323107 14
155 -4.942144612558221 -1.8293202531304438 67
156 -7.022317993841281 -1.654069061525417 24
157 -8.779411784095867 2.0149461274266485 61
158 -10.474006523334067 -1.799888865491249 86
159 -9.522087686312867 -1.611313687581825 4
160 -13.607902287932143 -2.030625248454427 29
161 -11.015527563869627 -1.3627248421247118 17
162 -11.881718326392905 2.2264483198745277 62
163 -8.984251973916257 0.15438804904284134 78
164 -12.643841031789982 1.439007097899877 10
165 -8.39345703534669 0.6172627827449806 32
166 -8.378695904752998 -2.9027867451397937 67
167 -13.117264367914043 6.242268620646949 64
168 -8.9885769398754 2.4092696071100193 47
169 -9.068435427303905 -3.958489895779644 61
170 -10.426345184641578 1.183476344941971 20
171 -6.416587472484191 -1.9986037032111628 75
172 -7.29875614362232 1.26931361178099 19
173 -10.397414272894181 2.827130284600963 24
174 -13.305770617821176 0.10639831639113763 22
175 -11.628281745831865 0.013923239159858816 76
176 -12.667861896365137 -1.9040189436011126 8
177 -10.474492357459935 -2.289136934555832 52
178 -7.8703308885582794 -2.689429036395101 78
179 -6.634049869520209 2.9718929498445936 69
180 -8.999573215629377 1.7061707470391199 77
181 -9.82690615311342 2.6962190901953185 87
182 -11.441308525144814 2.8706348857915813 60
183 -11.354317017848393 0.5147837417738591 41
184 -10.465154667231255 4.714057952437158 31
185 -11.367363587400549 -0.34371929454911204 55
186 -11.976400915747869 1.1482769823162033 32
187 -11.933117768410519 1.9659305232553985 40
188 -7.334466754277225 4.905965511291513 64
189 -9.636923334193774 -1.4871986341121977 31
190 -10.207149483143814 2.9089570553654016 51
191 -9.36533043076204 -0.9103823991226139 18
192 -13.346203910556003 3.336174942422325 74
193 -6.706192033740393 0.35550256564876626 64
194 -8.475255980705546 -2.2943319493259775 52
195 -8.941997131663461 -1.002577034644627 12
196 -11.379692828604744 0.7325908072634563 9
197 -13.996362909689394 -0.7864787579765552 27
198 -7.133186097462508 2.14672972268769 64
199 -9.776155465279588 3.372314213982748 52
200 -8.18627398342846 2.018179303997399 50
201 -9.231935108408074 -2.5388587193366887 29
202 -9.633864895977434 -3.9916617425333887 26
203 -8.511810964972632 -0.7268774341336549 23
204 -12.974018167693629 1.3005096414597959 62
205 -6.478418361633887 -0.17070480972979593 62
206 -13.274443084990619 0.8313142873887814 62
207 -12.237546267903122 0.7294972003149879 13
208 -12.935211438428842 2.238873386772312 25
209 -7.851055573272203 0.7235938056597465 34
210 -8.870466930336526 0.9136050963356134 35
211 -11.313340639298705 -4.673948541506143 89
212 -12.811374248244897 4.083600814997432 55
213 -9.247184250372387 3.7334985457759116 46
214 -6.337561660636101 1.9632582714510254 100
215 -7.9583490034356235 2.468657951951642 52
216 -8.852987882109677 -0.6163762306007384 2
217 -6.8744171944049794 -1.3817767812841004 88
218 -11.219476432317348 3.3661724501291452 38
219 -8.710745344023483 -0.18493598100996553 5
220 -9.482060660982008 1.3336520323245358 58
221 -11.866653152936378 3.3372078129803637 24
222 -8.880736155852405 3.3720655667125974 48
223 -10.326872627185601 -3.505948064734276 84
224 -10.24574307698067 -3.8411727712819523 97
225 -11.0681284865723 -1.7400653131995634 65
226 -6.135277810057833 -4.185218926889105 85
227 -10.056690748585686 4.677025466843821 24
228 -9.198634205042213 2.2822902074056652 59
229 -12.160036205247138 -0.298622427226562 7
230 -10.483685671321272 -2.969418382010781 8
231 -12.007039890235282 2.024268553166286 61
232 -10.747564559201294 1.0505167355677194 73
233 -6.465642547507205 -1.7468459389200635 97
234 -5.125287896104763 1.5896974733008746 82
235 -11.687204665685568 -0.4168509858729813 81
236 -7.8546771259255 3.2694929179718 73
237 -14.970411413891206 3.4756925876935116 75
238 -10.215860645615706 -0.4899718666355087 89
239 -6.654953668229789 -0.17075009328428134 66
240 -11.52220642674565 3.273740250353048 68
241 -10.020595795597803 0.041170026242663235 81
242 -10.390484374617538 1.5173516578762138 35
243 -8.502802256847263 1.0378845946729083 2
244 -7.306902656578383 2.615673789212654 47
245 -11.827117295987652 -2.5291073353042455 69
246 -15.011870556083922 -0.4317683605975717 75
247 -11.996005442698904 0.40063016193040407 38
248 -11.976354472632202 4.108636281146669 96
249 -11.740625628079654 3.8537253129622058 59
250 -13.976734394069947 -1.6582402060757786 17
251 -10.93568851027347 1.3175081295577047 9
252 -10.409298880940609 0.4304185298332303 32
253 -9.889347543926933 1.3869642419615273 100
254 -9.330475362457499 2.321797418801495 91
255 -11.9806786532716 -3.0411581125245037 78
256 -9.11373508689486 3.2445890961187684 29
257 -10.607374211740165 -0.5317419202197498 14
258 -5.897905128478228 1.1196894199046399 90
259 -9.469430036218272 0.0958579681088301 75
260 -9.004788978567799 -0.13960542943790422 8
261 -12.149431094187717 2.432370629700751 24
262 -10.427782138543481 0.5710235475715116 73
263 -7.122161676559569 0.48481128698869486 4
264 -6.217104648151019 5.069287251402604 79
265 -6.554176176580665 1.3665488903431648 89
266 -5.937921825738424 0.7911269053961963 21
267 -10.017400824876377 3.1914997292260527 91
268 -10.518246777599584 3.3912716133966017 42
269 -9.480858595523879 -3.151516952197548 86
270 -11.581075235096828 1.7352912488077081 20
271 -5.002763469581912 0.6787389333785135 28
272 -12.561442752091324 5.258549475228997 14
273 -11.104436863531873 -3.392644194038694 89
274 -7.263139579231427 -4.861338092839566 88
275 -7.097972263635343 -2.8301058459150448 76
276 -9.744354891619778 3.6619913363134504 31
277 -11.12375736485294 3.6648440095717287 39
278 -10.869922461721169 -1.549582586984016 95
279 -7.688415053847358 -1.8355938385562793 78
280 -7.39164113489022 4.233109074844825 34
281 -11.224122783580615 1.8280347960859487 5
282 -11.949909818126178 -0.9256606266634181 72
283 -9.229794353783465 -0.9330818415429073 57
284 -11.284221384247102 2.361744264911876 60
285 -5.8453083577376646 2.1617979819807895 34
286 -14.101109831314812 1.9457042903193746 95
287 -10.67265567865093 1.4195653564063417 10
288 -12.51188674673737 0.4364659983103768 39
289 -10.156013543914268 -1.7351661033459382 89
290 -11.886879034105652 2.9102316648551794 47
291 -6.745901553063151 0.9589736480935742 96
292 -5.417560991231816 1.720005175916684 58
293 -9.035709338435373 -0.30339596357902826 54
294 -9.081626369781405 -1.5433288889707735 58
295 -10.595049957893439 4.288466214756879 10
296 -8.395997890614293 5.63347034729507 56
297 -10.069265790624033 -0.7424357477304597 9
298 -12.239275729292904 -0.6831681775402896 69
299 -6.25981782916602 -1.3974628274316554 66
endpoint1 endpoint2
51 221
111 201
231 284
70 246
10 61
188 236
208 261
109 280
15 298
23 97
139 184
12 138
49 177
175 282
90 152
92 239
2 214
79 136
62 240
148 279
103 149
187 251
76 121
42 174
252 257
140 299
64 296
169 269
120 283
165 263
129 262
19 44
234 265
133 195
118 259
26 219
84 280
40 161
43 156
255 273
187 240
52 74
4 185
19 131
28 174
75 205
233 269
31 70
14 172
55 227
218 267
46 85
235 245
50 287
179 200
34 200
49 159
27 208
84 168
57 182
81 133
90 216
9 59
75 194
130 209
68 73
145 262
243 262
107 194
2 30
8 245
44 254
73 100
57 290
14 195
34 292
5 29
78 178
73 80
196 298
81 170
162 287
79 116
110 242
38 139
20 222
126 264
182 218
131 208
143 144
37 259
159 289
184 276
42 261
25 160
39 220
227 295
102 250
96 194
146 257
66 135
182 290
141 281
73 163
124 297
189 203
29 299
79 125
143 295
121 175
114 200
13 148
17 81
3 238
150 273
66 257
32 70
93 279
13 275
270 276
142 148
91 148
103 140
213 228
15 241
163 216
104 152
143 248
115 243
180 222
181 200
68 76
193 265
43 82
17 219
173 181
185 247
83 210
270 287
80 221
32 204
18 294
127 244
153 278
165 195
212 290
163 193
112 226
157 215
163 283
82 180
46 191
63 271
18 263
87 225
219 297
2 219
35 162
63 72
90 282
88 90
65 260
10 277
3 90
36 52
76 185
262 288
168 170
188 264
41 223
96 136
135 200
35 69
37 228
144 208
143 184
106 237
49 97
58 60
34 37
142 258
140 201
46 253
35 56
32 150
58 175
189 201
253 256
76 176
96 169
86 156
107 178
51 190
229 241
149 258
84 199
41 140
44 290
181 187
0 116
20 127
99 298
82 135
259 287
152 204
171 239
27 98
119 173
253 281
122 129
182 204
214 265
194 216
11 111
117 273
72 111
6 31
220 232
162 249
45 129
203 241
203 260
146 238
238 283
192 261
28 206
13 259
84 213
217 293
13 239
116 254
83 195
32 187
216 293
141 284
105 133
162 196
218 281
1 159
74 286
132 238
183 288
97 252
78 151
60 69
207 278
209 266
20 157
83 185
118 189
19 128
101 194
133 136
201 225
22 120
38 134
47 276
21 257
88 111
92 168
124 259
209 216
173 295
28 250
249 277
235 242
11 146
146 148
220 260
107 273
108 191
51 215
129 159
131 175
5 63
177 224
108 115
31 76
177 278
172 285
228 287
2 110
45 160
71 173
101 274
144 284
62 267
91 112
94 120
257 289
17 241
48 113
54 279
75 107
71 225
59 172
53 258
36 206
9 61
81 118
128 260
46 291
44 170
77 212
20 110
134 256
189 278
93 194
64 127
30 134
42 232
52 183
139 145
39 199
9 92
85 297
50 235
73 90
125 231
127 199
31 50
11 40
3 94
157 172
102 174
157 198
78 243
73 232
85 200
16 219
186 231
64 137
29 154
59 291
142 151
174 247
99 111
9 138
22 225
143 249
66 85
189 191
210 228
72 148
141 199
82 265
170 284
124 158
207 281
166 171
86 108
211 273
17 254
104 105
28 257
170 247
16 43
78 219
133 153
146 294
89 124
19 61
130 276
7 274
83 216
121 269
52 170
57 212
180 232
93 120
119 283
191 289
263 265
63 198
169 224
129 150
76 238
8 278
111 202
130 143
34 142
76 297
45 270
5 81
24 293
53 254
244 265
97 255
47 53
242 253
251 293
106 144
66 190
95 154
36 187
161 175
203 279
19 236
113 249
159 166
33 236
186 229
44 267
38 109
241 262
219 238
67 158
109 126
164 290
38 51
40 89
124 196
80 261
26 148
120 156
48 137
44 71
127 165
10 243
5 109
21 195
98 249
146 170
66 252
125 157
158 195
157 267
65 165
190 240
43 172
131 185
65 86
6 221
153 196
227 256
65 241
88 122
128 242
223 278
1 135
285 292
55 147
116 256
114 137
69 118
127 252
76 97
177 297
132 147
167 272
8 16
52 268
159 260
67 87
248 272
96 112
33 233
87 102
125 175
254 268
205 215
20 182
65 183
82 115
155 299
80 248
24 116
29 209
197 229
108 123
90 253
162 277
83 123
132 206
29 203
39 132
170 186
180 210
110 196
44 261
73 125
4 23
129 230
145 240
74 232
15 281
124 232
68 183
122 164
18 50
85 122
47 84
20 213
92 220
161 293
59 209
144 207
50 191
25 40
107 230
