nnodes nedges type
300 500 graph
nodename posx posy weight
0 -4.36162688009293 12.23508790297475 37
1 -1.341874085706263 15.111528443502122 95
2 -1.2790195394114492 14.24041879322188 26
3 -4.233312729585827 13.42922857621361 14
4 -6.869745285937077 16.40059856994279 30
5 -1.971169927362816 16.494454706400106 42
6 -4.1328773023540455 11.489175687114313 61
7 -5.064391054033258 11.238123846771694 23
8 -2.53678221893109 12.987084140901924 99
9 -2.619963284182105 15.827224396950093 88
10 -3.5235854367129917 11.455674754382546 99
11 -1.8840013645600366 13.585352864629094 44
12 -1.2368975037947971 15.752160930787507 72
13 -4.5308330605703615 14.39142345142981 82
14 -4.215124592775718 17.530130305510347 8
15 -1.7238965436297071 10.810591078686217 91
16 -4.240620971998726 9.912645192585105 88
17 -2.550147431333169 14.19847688032477 100
18 -0.24053390658484908 10.985799187867057 80
19 -1.8019417048049464 14.721072802673605 72
20 -4.88028736720594 16.705763493499944 67
21 -3.305680154971322 10.456475917535085 77
22 -7.432269185619199 12.991499764055233 21
23 -5.567175352364579 16.97265920964066 98
24 -1.9317150810806087 11.401051432214265 89
25 -2.78553342066263 15.082683193799689 87
26 -1.7224891256754296 16.85448452222131 77
27 -1.3195908972052424 12.421710336247763 73
28 -6.438199470545204 13.907723300612131 56
29 -6.958944366350218 12.359221108009967 72
30 0.6446796307307495 13.230219222574918 79
31 -5.493147388903113 13.911630481188958 89
32 -1.6972689607125382 15.907681787053093 47
33 -5.677821012811615 15.964050287938298 29
34 -1.4422354090720786 13.068718608509684 72
35 -5.415213061357529 14.428787049851389 62
36 -4.205420783300376 15.575201152108347 29
37 -2.310233927858868 16.57318429243685 65
38 -2.4373177677334605 12.780444549433062 88
39 -2.927405276681859 14.685761954645542 6
40 -0.335234226063409 14.758035257715335 94
41 1.1587514874365237 14.618151283955369 69
42 -1.2664304011800254 13.674785791012937 13
43 -4.849710307603625 12.50866274028671 45
44 -4.230577929518785 17.859630082549884 70
45 -0.6049148153775612 15.301521943638221 44
46 -1.5068972231974032 12.116906337173734 37
47 -7.055262057926856 15.14615893817719 8
48 -2.5854809301697563 9.105516052168092 68
49 -5.006053213612293 16.505842760352387 31
50 -6.076833664866817 11.295310663481978 10
51 -8.053688508343562 14.107992800217751 66
52 -6.1577282527403785 10.380439162821348 62
53 0.5750064945226485 14.270875084066432 71
54 -3.436263522297325 13.622242251047199 32
55 -3.033161451051046 14.749795394374061 84
56 -6.897824374337656 18.003503202402545 56
57 -3.418251388875453 16.676370783264648 51
58 -0.7170838979540721 11.695725344132075 12
59 0.27922352000880213 12.777962173751854 51
60 -6.848805789094734 12.97030745556165 18
61 -5.484427758802055 11.331581630210922 86
62 -7.003405893047419 14.696117531928858 7
63 -3.7247913777939217 15.792573080638498 86
64 -3.9761603078632777 8.956532100397586 30
65 -3.0575498952731235 10.245356303006895 66
66 -2.672358259504613 11.350430367497916 16
67 -5.150782694508365 15.461078919482153 10
68 0.2529520959939758 13.314945131683748 60
69 -3.0100626229694143 17.267273885709614 64
70 -5.992349912470176 14.815401478884977 73
71 -7.9135580373851555 15.908897601374179 52
72 -2.9109364187971627 10.047360079284736 24
73 -4.263906907780819 9.504787922473245 57
74 -3.9962819766560167 14.54820577965948 43
75 -6.250860218441307 16.823717858913835 63
76 -0.09221757801961682 14.1495200526757 93
77 -2.4592539690380244 11.236837802513337 63
78 -3.8547629813781987 8.023060720213211 48
79 -3.9908633158496807 11.314943104812228 44
80 -1.7244277311061995 10.14310707047142 81
81 -1.1322693493777558 12.552629235828912 59
82 -4.219874313167961 12.901426604130274 45
83 -3.095824370034446 16.413826144758804 47
84 -6.638932144298387 11.502088604430789 83
85 -8.785491929879989 12.845857773411556 62
86 -4.160596211539421 14.815506410806698 53
87 -5.342334196707167 11.545316346651521 72
88 -7.854721157854904 12.991342306205397 1
89 -5.152707990785802 15.355888370062662 74
90 -4.470281208838849 8.04585262148884 4
91 -3.826147910528109 13.874683068311242 40
92 -4.531258606443305 10.963828621467735 43
93 -6.277841324443643 13.571182274109644 17
94 -6.565350222736829 14.990831539081364 35
95 -5.443024090436668 15.797064674299634 31
96 -3.121180411351971 18.37642869434064 4
97 -6.603597189546707 13.179273524559754 25
98 -5.999390198353683 10.603252825593174 75
99 -6.78429432661466 11.960588760587859 19
100 -2.8967202062339115 13.329272070854525 93
101 -2.845521291152377 11.956230624330672 83
102 -5.3149151702343245 10.94131411710576 27
103 -1.7733506742251905 14.250107571768567 21
104 -5.723214148201114 12.213630248020623 11
105 -3.0273002614796076 13.150171676265574 83
106 -4.072814952565962 13.236908212231352 21
107 -7.662823591196207 13.955011483378167 62
108 -5.259139181520332 12.564778927416992 49
109 -5.686076367624453 9.868351221204005 16
110 -2.7987578085945803 10.6796453655053 77
111 -5.067110519060543 17.135123144414752 20
112 -4.2477300068473145 16.514602488885544 50
113 -3.1264975816944816 16.56625183842697 9
114 -1.0020404824259157 15.993533848407699 53
115 -3.9003152379984543 12.516260064412306 65
116 0.5158253808165613 12.924457566422072 85
117 -7.408092473979572 11.883205590096699 32
118 -3.475917374238857 15.659763654215908 26
119 -0.39363147281079536 13.23775301151422 62
120 -5.963533596482477 14.556128044425938 87
121 -2.7583289358291054 11.670349906182484 6
122 -4.316256068797723 11.144561168179756 31
123 -7.147825294773998 11.414296612260292 68
124 -7.184278161486093 15.308843537781302 86
125 -5.781668620359497 13.49413860913813 88
126 -2.9233978115047616 13.501149743708865 66
127 -6.281629305115556 12.726269508947917 19
128 -5.4463295692061715 9.801182622483635 34
129 -5.128595550460051 13.408880436154563 90
130 -2.7735025108455584 15.558922595774833 14
131 -5.108910471556021 10.064036034258377 31
132 1.871533376655411 13.272504155106812 26
133 -9.27769797010811 14.489985804385073 68
134 -6.317626130496413 12.952995221665873 77
135 -5.631932550597855 10.132589601727739 64
136 -1.4398044046004015 16.8478202522138 30
137 -4.165937592074291 9.230311638371969 88
138 -4.169898108231592 10.278112733749518 34
139 -1.8622665150564104 12.349049423788879 6
140 -7.818158133865207 14.05955138793736 42
141 -3.9289026433070204 14.919972131159708 52
142 -6.980042020100574 11.459957529940455 57
143 -1.8540892022725537 15.674658737509096 65
144 -5.782705922369088 15.066914924542118 82
145 -5.44923841501 16.46374532688685 68
146 -3.7808649474298948 15.385027029085144 76
147 -0.02278550261030112 15.046249472691567 43
148 -0.31125225795602485 13.713867931830848 8
149 -5.276724831402987 12.7399515609793 73
150 -2.874381561858488 9.257702165074091 2
151 -4.284724726024799 12.373847778020592 16
152 -7.44956216346478 14.83981519537659 41
153 -4.10275249523941 14.299334651158917 94
154 -0.8077924449789304 13.344268135950328 37
155 -8.546649286565524 14.008700417756474 29
156 -4.709138779971295 16.103729848847074 28
157 -7.693274055145469 11.888991981438329 56
158 -4.148504518013357 12.5413375976429 48
159 -3.463269210410379 14.270583028214086 47
160 -2.9370639620596415 16.010180366630316 26
161 -2.3054139203662984 14.496285740348519 39
162 -5.968000636764311 9.771225232993123 83
163 -6.404290432807513 11.643208712195763 13
164 -7.3320933836071465 13.35646204569326 42
165 -0.89415710819892 13.92603086798881 18
166 -3.2457884655789724 9.7666866456836 9
167 -6.2236010877999135 14.129423032520823 8
168 -0.12064702914194128 13.652488445759788 31
169 -0.6466185720758086 15.078993599808234 45
170 -3.8553361471760925 13.274920482591655 68
171 -2.9875017773605177 12.48522237762323 88
172 -3.25412466048763 15.799658988602076 13
173 -1.634004250989485 11.181194083168306 66
174 -1.0491055501660895 11.170700539075028 91
175 -2.197361580747033 11.013557785443636 28
176 -1.153263828164839 10.927239788283824 66
177 -1.8907489239390338 12.999495977313044 81
178 -4.37881224911698 15.397608487965845 97
179 -2.2952700559892887 14.766184158247084 35
180 -2.6859951841641094 10.292510474218014 44
181 -6.757167782281378 14.508744242101608 92
182 -2.2030934888561946 10.643555355040114 59
183 -2.0052932769578855 14.179673569362102 44
184 -6.473070813905907 14.437999082326156 78
185 -1.0935699390681923 8.116224313260108 13
186 -5.466119420810775 15.388422303895863 53
187 -6.816755769469534 10.115323111955313 82
188 -3.6208035166897856 9.64679207866174 85
189 -3.538679354942906 13.057279670451896 17
190 -1.482705748391104 14.936618920766396 13
191 -6.187399895001416 13.132235259049612 21
192 -0.31285851694149136 15.613148938080089 76
193 -4.63924355666673 16.304834766358354 12
194 -4.984174956868966 13.732455301173237 53
195 -10.2911938410673 12.55189363186866 4
196 -4.71929132561247 14.674450683171713 30
197 -5.855872826556524 12.454295862456606 10
198 -3.59872567114838 14.444547974756084 86
199 -6.049691873425782 17.671520602095548 60
200 -5.705242702991201 16.268822228539577 30
201 -6.379353012266556 15.265816297325127 38
202 -7.052118689396898 11.116149434572938 94
203 -2.1331355459623578 12.127026195423381 98
204 -4.653260398875942 10.877315652900045 93
205 -1.010048529728988 14.559192341869746 75
206 -0.806192542165549 12.328987124058616 39
207 -4.70930152882867 10.502789730756689 47
208 -4.847974887953964 13.087694893388553 44
209 -1.4937522339809608 14.290520549290603 100
210 -3.1850739422948737 17.263147186058365 18
211 -3.945127348632131 16.098569184394503 19
212 -3.5576003344552984 17.357286348494437 76
213 -3.7395666515539725 12.12905865937137 28
214 -6.535068570221218 16.730802113451777 3
215 -2.0050718453999568 18.770018676909537 57
216 -0.35443619092410905 14.319595955813833 67
217 -3.523150135931308 14.098867743064412 20
218 -3.6787348899881067 11.576270266162265 53
219 -1.5401340077725083 9.263875019877872 79
220 -6.266000433898223 15.689843445282612 65
221 -0.01271232126842935 13.010605735197569 50
222 -8.043722909938408 12.102721277081342 60
223 -2.810918529054571 13.912374976521694 87
224 -2.2017736529482894 16.372981202938885 13
225 -1.0633476954739023 9.920028840480347 94
226 0.017665899683517585 11.538823908901659 73
227 -6.712274431520437 10.62745155872242 28
228 -7.3151175336789835 11.682244206672644 83
229 -7.341951128384953 16.856242266501223 5
230 -7.411079634420018 13.62014023792317 30
231 -2.443093963942718 17.660396984749976 32
232 1.0541176842874678 10.974724213687466 50
233 -1.8254326072679155 15.127505144099555 32
234 -6.1282187165483375 12.366657747321062 38
235 -5.186545974784551 8.833366828526826 1
236 -1.6851397851807155 14.460785565151985 10
237 -1.9616314445069492 10.254179310661602 12
238 -1.5261792953940858 12.99069709353223 60
239 -8.7032759140266 12.348265654675817 74
240 1.5113717201287538 9.571388151698667 59
241 -2.3124929515523753 15.51514413821456 66
242 0.6759441008725376 10.39558164064095 12
243 -4.258127485774425 16.906755482204318 90
244 -9.189380387862311 12.849991112365819 77
245 -0.42416234745898923 11.723635954576215 33
246 -7.141552570633267 16.105971089608836 82
247 -2.346118403762312 13.779793157083667 84
248 -5.510387105652065 11.083634100441177 67
249 -5.344863195297795 13.251492009498227 98
250 -2.5870179385956256 16.083150629647733 27
251 -5.213211406458086 11.980517727208548 29
252 -8.51577363510071 15.893424546774485 93
253 0.45548723844367994 15.12351175271403 20
254 -4.848423359583465 9.880879959109384 35
255 -7.200225021945967 12.362293016993696 21
256 -3.1503145876158856 11.1198611581466 74
257 -2.1084860763347253 17.73440614516885 27
258 -5.3111421169741195 16.187087325437137 64
259 -3.679527530916211 11.244533864244378 42
260 -2.8341006697158324 16.485512279368006 13
261 -7.306742199593539 14.17465229888313 71
262 -2.366888955994629 13.536760345530716 31
263 -6.636948320178759 12.387521840974067 26
264 -3.6516598851215867 13.265070161799533 2
265 -3.0739266756254944 12.220144539968125 64
266 -4.733494999701036 13.618829156092884 30
267 -3.4866802887974475 16.996826517068506 53
268 -4.205391920353936 15.94917363898835 43
269 -3.924153421450549 10.063825205924367 79
270 -7.307882121114732 10.57433707819637 63
271 -2.03211065482736 15.333179957580258 2
272 -6.025441126741552 13.22922099133631 74
273 -4.681573728305328 12.185431284746661 61
274 -2.695300127084805 12.245745223859158 7
275 -4.543053960879887 11.609480339682817 19
276 -5.137765466940882 14.744655867072993 29
277 -5.586002086365203 17.98756209286297 85
278 -7.442137398521647 15.008091272189061 66
279 -1.9190866179673984 11.682961437783064 55
280 -6.22438650338516 15.928083594051754 95
281 -6.183659257557979 14.960579068491123 28
282 -2.2179669560579596 13.23734399514658 9
283 -5.560106996968983 11.796334437738745 89
284 -3.8879856877671526 12.810227911161013 84
285 -2.245562760014499 15.509522022264623 27
286 -5.506813282590146 13.740058240079827 51
287 -1.1182491121508682 11.70070913525591 32
288 -4.7953324696039985 17.227849591063823 82
289 -3.919636792694877 10.655754709741627 99
290 -0.926141452018021 12.248542503253148 61
291 -3.3740222279966416 14.837758771066294 38
292 -3.161925097727621 10.723408951994728 34
293 0.5841118151738677 15.983968983808277 92
294 -0.9414165691558561 12.992388738000107 9
295 -6.38805007429821 14.264384884566592 19
296 -3.72645072024315 17.5893757588021 87
297 2.049688188936232 10.391823265265016 24
298 -4.898042669502894 16.2004872132993 32
299 -6.933325807871469 13.875410363301679 58
endpoint1 endpoint2
69 260
27 68
196 223
54 213
28 88
164 299
89 94
74 161
56 75
36 159
149 275
51 181
7 213
100 154
74 149
50 117
112 141
172 200
273 274
236 264
81 139
17 158
236 294
25 103
146 285
125 194
126 208
166 237
81 173
48 292
34 177
115 191
14 298
58 59
159 233
91 146
73 92
178 295
149 202
79 82
141 276
73 166
5 291
223 262
19 105
54 217
36 296
165 294
226 232
206 216
149 158
167 196
15 294
38 290
91 223
74 189
268 291
2 168
161 209
179 238
224 241
185 219
115 170
54 91
46 237
6 87
6 105
3 121
36 146
179 209
100 183
118 285
184 234
72 207
248 254
134 249
54 82
31 280
164 222
31 82
197 299
123 134
60 117
8 115
126 177
175 292
66 122
111 268
25 190
14 83
81 221
282 291
43 122
6 182
91 159
77 204
22 239
79 289
44 49
148 238
88 244
77 282
38 247
1 39
43 158
81 103
13 217
22 230
99 270
64 289
177 274
5 231
122 131
51 133
102 259
139 279
141 198
121 289
35 198
224 260
43 104
25 178
118 145
67 299
186 258
29 140
104 249
173 259
74 83
83 143
4 214
164 191
32 247
50 187
100 159
175 218
220 229
274 282
113 258
260 268
24 245
171 241
10 109
119 245
36 268
34 81
148 190
158 248
260 267
63 95
114 236
128 207
22 278
1 119
153 249
130 161
55 67
126 190
3 208
238 265
89 146
8 203
120 261
90 137
50 135
160 262
34 205
13 273
168 221
62 255
57 276
8 209
118 156
47 144
93 134
102 104
110 275
107 127
58 182
207 289
49 86
86 189
25 271
46 119
165 169
139 170
77 174
73 150
5 143
106 291
22 163
43 106
43 286
30 40
62 200
24 65
156 186
124 230
125 208
28 95
28 208
97 144
92 188
27 262
49 277
92 218
104 272
138 162
281 295
192 209
22 51
100 153
2 217
61 227
93 152
118 267
9 32
54 86
161 177
251 263
24 110
33 156
74 193
127 170
65 122
40 116
267 288
142 230
35 220
151 283
149 263
141 170
160 257
165 233
38 105
54 55
95 211
195 244
99 295
79 218
105 198
102 163
44 210
94 220
55 224
144 186
68 216
164 181
163 273
52 187
35 197
151 272
168 290
211 271
151 218
32 260
39 284
34 165
34 58
121 203
26 233
167 228
8 101
103 247
22 85
60 194
256 292
67 112
43 108
50 97
50 123
37 216
17 130
53 165
17 45
167 276
150 180
106 171
52 99
232 297
213 265
128 235
1 19
93 194
183 271
107 184
87 135
28 230
43 234
160 268
29 129
59 165
217 247
20 281
103 271
152 220
21 284
34 139
176 226
160 172
107 155
208 275
177 206
76 282
84 222
193 220
24 171
94 140
118 153
0 91
167 181
89 268
75 246
118 179
4 186
40 285
12 42
124 295
199 258
216 221
43 194
134 276
1 136
39 159
256 265
101 158
183 209
200 298
19 165
100 151
16 21
94 272
13 211
80 121
129 298
17 143
6 50
38 82
226 287
19 113
142 204
114 253
63 141
22 263
146 243
139 174
52 102
81 176
3 120
143 236
111 280
66 274
194 264
69 231
47 191
129 265
99 157
120 246
97 125
78 137
89 286
8 34
0 79
203 290
52 254
259 264
72 188
201 280
75 89
11 172
21 237
238 287
182 219
46 100
30 226
112 212
30 132
41 216
127 157
182 279
87 255
7 289
204 256
99 104
175 206
31 181
25 285
226 242
109 270
223 282
72 137
24 225
125 261
7 84
1 12
121 287
129 283
43 92
180 254
193 210
71 94
91 266
184 258
43 251
16 122
42 279
7 131
23 37
40 45
82 108
33 268
16 137
8 54
63 69
10 262
37 210
201 266
61 204
79 166
72 176
40 293
103 250
249 281
61 128
243 258
49 186
62 120
72 110
186 214
197 207
27 66
135 137
31 284
138 292
130 178
0 249
0 269
29 98
171 251
169 179
93 197
243 267
240 242
147 209
102 138
61 266
63 250
96 267
26 210
163 227
115 218
124 252
88 164
203 247
11 55
212 298
84 134
57 114
23 124
180 203
15 138
234 248
73 235
145 278
9 217
98 122
183 223
116 226
186 194
136 212
168 253
205 285
162 228
20 250
39 63
11 24
42 223
65 150
179 198
7 108
155 230
3 159
70 108
215 231
33 181
18 24
120 184
10 151
189 292
88 117
256 279
159 266
70 288
27 294
36 144
25 141
43 87
12 260
194 217
231 296
