nnodes nedges type
300 500 graph
nodename posx posy weight
0 -2.903464469174077 9.517823925259796 73
1 -1.3953930233468814 6.514267885688054 54
2 3.4400067243009227 5.149732542746358 30
3 -0.07688843621157267 5.215346312055264 12
4 1.0481207123300489 9.392376315944206 36
5 -2.5384784778354543 6.969161416461606 68
6 -0.4299776396825694 11.606152131730498 80
7 -0.5887903132248913 9.243952514014644 60
8 4.4889445808766135 6.6000840603124 71
9 -2.900549848563155 8.857721164630801 50
10 0.3434065736975868 7.996595509848794 86
11 -1.9551952054768258 7.653230475625639 91
12 -3.31123695010711 8.531162296722595 7
13 0.5147065292635815 3.590989696734514 42
14 -0.12898594344206354 3.4699310468144335 22
15 -2.0783202736086253 7.2627302872196395 61
16 1.126624260029605 7.182075533591021 61
17 2.590119229890657 6.126436850134296 24
18 3.0154842188447444 5.501193930558772 25
19 0.15381781134394693 3.2803085748614307 44
20 -1.9369494258477704 3.8362069490656308 69
21 1.3091339123661005 8.657839907624755 1
22 1.421251665630662 4.540856298018626 38
23 1.4006665446783653 3.114243692648997 85
24 -1.0437412999640308 11.891852503117113 18
25 0.37423362539551175 4.9948880832874085 5
26 -2.698602483084246 8.618789250817425 16
27 -0.9673770451663126 5.778144644697137 5
28 -0.6003376736384178 9.676587730636859 83
29 3.144443872659341 2.6701668037811315 86
30 0.5219144635278451 2.597462686993568 31
31 1.7952588507077452 9.04504206681569 77
32 3.570932200005818 6.7592866805031715 92
33 1.615095284422844 4.053466230517388 2
34 -0.4524390238901119 8.995796761661795 73
35 -2.8201016871812947 5.7171017601553 5
36 -1.035887195850147 6.239418736926707 30
37 1.9268706119990286 8.452865843740918 35
38 1.810971683408298 6.016041692081099 28
39 1.8424060642393891 10.329569063352636 12
40 2.105050890289382 10.287073496894305 19
41 -3.2902564442797497 8.708640817115441 67
42 -0.050383015637793606 3.9399874581208723 73
43 2.547272951384084 5.671652906880133 28
44 -0.797779983706673 9.334888169876509 68
45 1.2280058155133007 8.496419085334637 60
46 0.2781203964886951 7.732124085055473 32
47 3.8614484038424313 8.059200956127597 32
48 4.0585874466038225 7.388502173276147 95
49 -2.7680953008884353 6.52375268787399 4
50 1.9668086194859848 4.329092216730971 3
51 1.2435533467675757 7.591380786024793 64
52 -0.16144465355773238 6.968887019115343 16
53 -2.9542873864366355 7.5020670869034465 14
54 1.3661117377336984 4.258643980903242 31
55 -4.908787093788925 6.3229194978759145 99
56 -2.520983198570595 4.508543820994974 20
57 2.1605575149533953 8.784791522211478 2
58 4.2562216474498245 9.816154592207443 88
59 0.8625599993254718 7.336327091867196 4
60 -2.909831095534158 5.065689943713255 73
61 2.484889889931847 3.6040535534141283 94
62 -2.685080914008013 7.470544414806158 98
63 0.06232583281791022 5.633861041502292 56
64 0.4735802869815213 7.200501648019926 76
65 0.8862086200753676 5.12705143631388 76
66 -1.4369425396293483 3.7906593901762347 59
67 -2.750297686868696 11.331295754161472 46
68 -2.488815686519647 10.367152430655036 73
69 1.4722225493523944 10.647895650313748 25
70 -1.1135478420201987 9.194949189751936 47
71 -1.2077057314522714 6.173182723577736 18
72 -2.118872542623402 8.382385421957533 90
73 -2.0547488305516373 10.288313105139 67
74 0.18265454218844943 8.705233652925804 27
75 -3.318922800653876 6.007228021474692 67
76 -0.04550640122419181 8.972731765756865 99
77 1.019462890095312 4.445998853283685 17
78 -0.4784184179997242 4.857785938283554 75
79 -1.512935460778004 6.230074816955867 94
80 -1.20459314613827 4.672033530485275 30
81 -0.3081736072689207 11.98567057885732 56
82 -1.12095883624064 10.372790580878712 26
83 1.7205819854045097 3.6052319095862018 33
84 1.302365175150252 1.2369853155064554 2
85 0.4923508324440193 5.7170720876672165 15
86 0.8864967747775699 10.460850773311739 64
87 -3.7239936907840767 9.39049186584294 72
88 1.389743597681443 5.953656468708078 71
89 -1.8222621521951663 2.724106455428315 22
90 -0.9344208059306688 7.668997750072716 68
91 -2.6923781045949164 7.185314799429751 19
92 -1.2466695649492177 3.9910044214708047 74
93 -0.5877300714377942 8.698870558193398 19
94 3.3373165609347732 7.992507122751645 60
95 3.2636364169726813 9.654316183140308 92
96 -0.9924680374210164 3.04569563880411 13
97 2.1389272050641956 9.545066350292478 98
98 1.8110396144174254 11.69417405363548 2
99 2.401427349175661 9.200230975870301 36
100 1.7012611779035254 8.042934433155182 39
101 1.8992103544973187 7.754494926636057 16
102 -4.030113674973769 6.979029920382113 93
103 -4.874899153503352 6.574910885952918 30
104 -3.3509561279395665 4.51825100357901 46
105 -4.032875326133918 5.43342219389293 20
106 -1.5626922092597215 8.822420525675549 66
107 -1.1435467417572422 2.8609125665062063 4
108 -1.177942841473549 5.479631465761416 2
109 -2.380071889591379 9.191556124210102 3
110 1.1503666343180368 5.106804618768501 91
111 1.5135677489132136 5.136030584267071 76
112 3.2345524765983553 8.364351415434186 99
113 -1.5948155081088535 8.98689031362728 52
114 2.771250223911371 5.886603859802877 75
115 1.939732452389652 5.846136882213027 58
116 0.2593712048847951 10.413188349445234 68
117 -0.6774698265116851 11.302456055374027 59
118 -2.9009195799796754 7.832401422834833 65
119 0.8384361103958407 8.288166954863991 29
120 2.68175159625843 7.586435716527868 76
121 1.7682343923090023 10.013590254771401 62
122 0.040827232119204464 10.354826495927439 55
123 1.498181996131619 11.962977494220041 16
124 -0.4976170627430856 7.954112970137033 38
125 2.89345172934042 6.7991624573158616 43
126 -3.4375167448294905 6.43734937984277 24
127 3.4422443098215183 8.937081112809123 11
128 3.9006347776143597 11.993216795388213 40
129 -2.6846583157565678 9.057168747457684 50
130 2.3674191824274273 4.4203647307209755 75
131 1.1521617469357677 6.266981162723806 95
132 -2.182556298638465 4.118700233377049 72
133 -1.1830960502766443 9.021621787218159 76
134 2.2860045643187763 4.975503023828101 89
135 -1.0271776152343692 3.613479857441409 18
136 -3.2000286199531525 4.613468548243022 67
137 -2.0056803314375067 11.624275094831589 100
138 -2.183898724707258 2.8833172864287695 52
139 0.3987905279748264 11.112523513471146 5
140 -2.1926797551566097 6.350043840419301 86
141 -2.265675242576775 10.554801444108818 60
142 2.0615662851428316 3.3730593552599646 89
143 0.8502957105092964 9.637529207873023 53
144 -2.788671867488161 4.084349581775867 97
145 2.267931549959712 11.16418005934636 98
146 1.2162891905690283 6.762485654021023 40
147 -1.3153459832033874 4.378248895378454 43
148 -1.2961586144150783 12.693000076333519 78
149 -2.6330547812461527 4.522668625947334 27
150 -1.9572672374899025 9.59704122778539 48
151 -3.192034229069409 6.74887105964347 47
152 -0.6172927281213967 2.7346561992424854 79
153 -3.7357563629612907 5.959106267043553 31
154 4.566815109232325 3.6293709560096357 84
155 0.8649592275723154 4.18545682383823 75
156 -2.7122252702438634 2.560981220732034 100
157 -2.524822967665207 2.975019129291369 35
158 -0.16597367688402884 4.963208917180698 23
159 2.131058544036236 11.427542218137232 35
160 -2.321638511542935 7.707711004958797 86
161 1.7519739314801446 8.911506241199461 57
162 3.8669913242279796 9.04577001079942 31
163 3.786139656319906 8.442811166457716 95
164 1.7199306477414738 2.88282256402458 96
165 2.8327117872767404 7.9748995376235445 83
166 2.641522565054231 8.282752877617524 89
167 1.9572910785844078 6.61352315580947 63
168 -0.6247964563609165 4.338809241440945 58
169 3.0146090512994395 6.406250440647747 58
170 -0.36054082243178454 7.222967672230951 82
171 -0.3273758851186475 3.5847873228779843 15
172 -2.9108944487570914 7.205768645544326 79
173 1.5254743684708512 7.22301027434238 35
174 -0.6444340675520753 7.326210633701102 96
175 -0.4011168439691216 5.798615452423765 19
176 -1.584031444367679 9.481797531057774 76
177 1.2769515075994244 5.494480222969666 57
178 0.3204773069337516 6.2439287736214135 70
179 2.7639495068609747 6.9992821730565655 69
180 2.8455283842502674 9.595946023651855 78
181 1.3355292641250385 6.765372323951859 8
182 -0.10422081192508618 8.199966294687268 34
183 -2.1205621406179813 10.786416592235275 89
184 -0.7403545433462713 7.592150679084091 30
185 -0.430401230645651 8.709648261136937 83
186 -2.3643791615937833 5.4148736923718355 79
187 -2.7747087634495697 10.104462951572472 59
188 -1.7864819751052705 5.4805803192704685 80
189 -1.7279439747665837 6.812365313907297 40
190 3.044378484704288 9.05677362943828 87
191 0.8038737380146093 4.016620141143192 28
192 3.447006434782584 4.178429523303032 29
193 2.2640410293693902 5.268250808725472 74
194 -1.1656384386289187 8.899365938583228 87
195 -1.3701004337829252 7.292530056519886 83
196 -0.6003984009621326 5.313293552453457 98
197 1.51801539919639 7.947141788144816 87
198 0.6446285190164355 4.160925644581973 13
199 -3.859796546654394 7.194575200147641 54
200 1.5502919249264246 8.154869724715038 3
201 -1.74164353006266 11.276351320021973 3
202 1.3137395077388516 10.819131102275454 3
203 -0.88679067832396 4.40479240681196 7
204 0.6496202637328203 8.556525548078062 59
205 -2.7239750522755917 6.187144462886763 90
206 2.002660298021081 5.520779514455201 84
207 -2.211040528149534 5.873559322651929 38
208 -0.9558863942026044 4.764611242378691 54
209 1.2881551062865069 3.461551279623836 1
210 4.240190769246794 7.561044933902615 52
211 -0.8024300383282684 8.32899246934453 58
212 -1.1147850850382997 8.443965175652552 10
213 -1.288005858298051 10.739991028933273 49
214 -0.1834742171484178 7.3393896240812415 44
215 1.103732425665216 6.0506765383118735 65
216 1.6224634054142542 9.568637569930855 13
217 2.604351672435221 8.695452628451653 32
218 -3.4435603904453522 7.583114189661505 55
219 1.4293526288017477 6.463971105106543 23
220 -2.896660851580104 3.2988501182328642 52
221 -2.650887569760286 8.381265603047124 95
222 -1.5872329599237989 11.960019485194087 95
223 3.0570775241261963 7.119587497254031 63
224 3.6248384117058525 7.274269875716199 71
225 1.849643164187343 9.518933076130756 70
226 -0.9935434442462168 6.957911640784234 59
227 -2.6904943174248137 6.903310300791526 90
228 2.9075766928583673 3.0900287864226295 97
229 0.3566957409704513 11.877610948434684 61
230 0.25272435105566504 9.431171635126043 71
231 -3.623708358881589 8.627818747166156 99
232 -3.7387111264913973 7.91264169795942 30
233 -0.5856876085433337 6.47799744989963 89
234 3.396784376763788 9.428169231690182 69
235 -2.2508761792972396 5.322555076657071 86
236 -1.5117071933889763 6.6838880549076665 11
237 -1.6971020999479955 4.700530413736316 6
238 2.853003595365348 4.255010868188564 17
239 0.7831721826415967 11.936402413544327 88
240 2.228925025320208 7.308547956878834 15
241 3.075719778214599 11.144952860051665 31
242 1.5846191767938327 5.881436329904268 39
243 -0.8631978656090445 6.967412131104308 52
244 0.4305697981957113 11.236448266506178 17
245 -1.515627868008697 5.1377393085630025 56
246 -1.848267534887154 8.426927633075241 79
247 -3.10025751754837 5.506158818110044 16
248 2.6305192618581463 10.680934674245433 95
249 -3.8092629578880213 4.371200576092782 37
250 -0.5332660401126159 10.462918667217702 65
251 -0.48573767206372326 10.987961282715995 96
252 -3.4461199802444322 12.238488658386027 38
253 1.1826272735682217 9.48672851670302 27
254 2.769214905797704 7.307146215942655 88
255 2.7943603006662685 10.410631322529541 32
256 -0.5661393726628161 6.133682156250346 67
257 0.581188054477721 3.236496029687697 5
258 0.7680758935844275 6.186552928599589 92
259 3.5491275687140447 6.097400069796397 84
260 -2.175102334259763 7.6701963741927575 30
261 1.8997350013164518 10.721838389799112 17
262 -0.1275752941007129 6.09160879413751 64
263 -0.737483175300178 10.300412365460593 81
264 -0.9089985682208286 7.4569406192150005 96
265 -3.2260642588417743 6.285958779995938 19
266 -3.7346712399621382 5.486283750440253 95
267 0.5052467748900795 7.0285001857731935 29
268 2.0178212749870945 4.078932185726112 21
269 0.6953194658163808 8.059398989212815 60
270 -4.441386221655498 5.880766715505131 78
271 -0.5397829932948016 4.13757155795473 48
272 -2.778503778937577 4.298002734458224 98
273 -2.3572995928244467 3.6673917517517447 78
274 1.0994555457150046 9.081600335959855 93
275 0.42340288524159586 4.210508406002976 49
276 2.605040740522027 4.805452995003456 69
277 3.2544046334121255 4.542688717335199 80
278 -3.0619856964552117 8.281223510033236 18
279 2.340032319261781 6.80170440060593 83
280 0.2761782233805651 5.946420770194097 33
281 1.8443990894915059 6.454867212742581 86
282 -5.6611361838167795 5.6544976138018 90
283 -1.6806130000615491 8.31963394664401 40
284 -1.385615165270666 7.9408788759927 70
285 -2.8000815696141306 4.923771696454622 86
286 -1.996354386637186 8.853938795213587 91
287 3.48220818050908 5.915814605367657 9
288 2.808225820943781 9.170886470726959 99
289 -2.5226271136153158 5.551172324028954 54
290 -1.4776811269633938 10.2466578689612 20
291 3.726684613297723 4.333325024838037 49
292 1.0807723889636038 2.469096565792326 44
293 -0.5509120876954631 3.9711057307115367 87
294 -4.374899592865818 7.521905440565056 4
295 -1.1092000710005128 10.79290344522058 24
296 0.8899212289211054 5.286508559228211 10
297 2.754818160612871 7.833244444598358 86
298 3.094367734025093 6.587949439382745 2
299 -1.2801865420446854 11.879589967391658 79
endpoint1 endpoint2
15 172
140 226
11 90
59 264
35 132
189 218
41 160
121 190
51 112
66 168
59 240
71 260
20 220
100 281
75 172
51 181
36 256
206 240
207 226
86 123
140 153
14 77
22 42
196 198
92 158
32 146
124 212
51 269
36 184
150 160
3 236
144 265
19 209
254 296
195 286
161 230
1 170
129 227
79 280
38 64
237 262
129 133
99 253
30 275
173 233
28 295
70 250
25 267
100 211
1 151
182 214
79 195
165 173
115 120
78 108
170 184
67 201
78 245
245 273
97 288
102 186
256 264
168 186
68 231
53 151
175 245
170 236
51 214
68 290
45 116
117 148
15 214
93 189
3 77
25 268
6 222
40 297
208 256
111 168
188 205
76 170
248 288
46 215
215 275
191 203
243 262
21 86
170 262
62 264
86 261
80 188
177 181
175 242
25 80
18 291
118 140
159 229
1 207
174 204
89 92
39 180
77 164
155 208
78 96
100 190
181 281
46 170
97 119
93 286
58 288
43 131
57 269
97 180
118 185
7 46
203 235
214 219
139 290
23 130
176 284
265 284
36 186
242 297
278 294
10 225
74 214
242 259
121 145
184 283
166 223
34 106
10 90
193 298
106 214
192 193
122 213
109 194
54 280
23 42
75 126
59 280
10 45
119 181
82 137
56 289
20 271
233 243
6 229
114 279
91 160
7 82
110 111
43 219
98 248
230 250
181 242
69 253
39 244
115 134
44 122
121 230
155 292
35 189
110 276
79 172
114 224
92 132
44 174
127 210
28 93
21 279
11 182
20 235
128 241
67 73
200 253
223 279
134 268
193 258
71 174
47 190
40 139
73 106
116 263
67 252
41 113
37 94
77 110
101 120
55 265
264 284
134 142
201 250
45 57
69 239
70 184
116 251
9 218
138 147
189 245
89 220
0 246
54 77
105 136
216 217
74 212
61 291
212 260
278 286
215 281
111 279
127 274
28 150
17 276
270 282
75 149
84 292
48 120
82 244
135 245
49 124
88 177
227 232
131 179
37 59
37 162
224 288
107 171
5 108
82 187
245 285
141 222
47 179
104 207
289 293
263 299
16 46
3 177
56 245
124 230
16 167
131 184
65 85
4 202
5 75
227 247
28 117
98 241
158 203
18 115
104 220
63 195
26 211
90 175
153 285
30 257
78 88
14 152
163 200
1 256
72 133
253 261
6 239
10 226
246 290
170 269
42 108
158 296
73 263
28 274
189 243
88 134
31 269
192 228
4 93
71 158
167 197
17 111
92 107
121 255
80 196
6 139
9 72
11 227
160 236
34 64
32 48
33 257
124 243
85 174
77 193
110 158
109 260
31 197
65 219
7 176
110 115
96 152
16 258
206 238
0 87
122 216
81 229
205 270
4 37
39 95
178 233
17 45
50 85
86 202
13 130
71 140
36 178
90 246
153 294
27 147
83 110
52 256
82 176
5 246
293 296
7 212
124 146
63 110
64 178
109 176
22 146
46 143
185 200
165 200
111 209
53 174
172 231
4 217
260 278
26 106
25 158
60 208
278 283
83 228
185 283
72 264
206 277
47 48
126 236
184 221
195 246
213 251
52 194
94 297
95 112
16 173
271 280
13 142
10 16
224 259
66 196
62 227
209 257
206 262
6 24
65 167
2 88
66 152
129 183
38 191
144 157
103 126
120 161
49 272
61 155
0 150
205 236
26 187
12 194
4 39
115 178
49 105
279 298
70 124
50 238
263 295
99 240
88 200
197 298
56 104
28 113
130 169
76 263
13 293
29 238
181 258
38 215
64 170
6 183
65 171
83 257
24 213
38 169
130 134
226 267
107 157
13 147
147 247
52 146
180 254
68 251
110 198
166 182
108 188
120 234
150 213
19 158
159 234
92 144
125 254
20 135
172 260
196 214
237 285
44 176
21 269
225 255
33 131
64 101
21 74
60 199
157 273
86 251
119 284
183 201
3 275
149 208
81 250
24 201
274 288
113 264
280 281
256 258
66 272
145 202
154 192
155 242
126 151
27 170
186 266
194 230
174 211
188 233
8 179
70 141
146 287
16 179
135 257
205 227
35 247
92 208
98 139
132 237
219 223
180 241
102 231
133 197
18 281
82 250
20 156
9 286
76 253
9 133
26 199
210 298
94 223
186 249
59 125
160 289
200 216
14 208
5 12
136 245
39 248
117 229
140 235
95 217
267 274
91 233
147 171
85 280
99 121
108 256
26 87
101 204
85 258
227 235
265 266
26 232
37 161
110 114
61 277
69 97
169 217
