nnodes nedges type
300 500 graph
nodename posx posy weight
0 -6.967481359028176 9.728013177251835 17
1 -6.929115127525801 8.874388883532951 80
2 -10.945530201688776 9.699707697171686 17
3 -7.974787256263649 12.13085155227209 50
4 -7.870890394415594 11.054258521015887 43
5 -5.605034218404616 11.029015453449906 66
6 -6.002495670133775 6.636077895850972 26
7 -8.350973098344864 6.7302051051998 71
8 -6.235212804393562 8.640660995763161 51
9 -6.624061708002975 9.933132362406623 98
10 -9.632933961683609 8.924178937665356 49
11 -11.04047959699231 13.563419025400583 40
12 -10.593032767221024 10.006424869113461 3
13 -8.791445317256686 9.399711159472835 31
14 -10.165768324068472 13.73811057575775 92
15 -7.523967984290909 9.126590478597862 32
16 -6.901487020970985 5.546786409084365 83
17 -10.500745208082714 12.966068660334322 20
18 -8.390140825554058 9.636722438727732 73
19 -11.613921736438298 6.5645197488936535 16
20 -6.802308182415111 11.535416350762778 42
21 -10.957759723355808 7.803026180296969 84
22 -5.133013272450809 12.034792502380224 62
23 -8.629781192148712 9.021110666204626 85
24 -8.983553421440762 11.004652905424228 2
25 -5.876692322274471 14.965486427056165 35
26 -10.905250709750756 11.505501341790527 40
27 -11.801619980524954 8.237830558522354 41
28 -8.349229630046015 11.429312741705877 9
29 -6.7013452776335365 13.622570876788195 8
30 -7.516364614486632 4.632532399919923 45
31 -7.015051081529577 7.874493362195686 35
32 -6.157861418409826 10.85053771481669 3
33 -7.069271047585479 7.2786382795160725 91
34 -4.919023274076597 9.247913198260061 79
35 -11.735743894909895 13.136639554533042 68
36 -9.920771962847118 8.190053398821167 21
37 -6.77307633431806 9.567852584165303 74
38 -7.887342373984686 10.098711732579304 67
39 -2.972340308156645 10.426289817477176 81
40 -3.507986875954533 12.209314991351835 53
41 -9.090454998737378 9.845213999950756 66
42 -9.380501496885714 13.179293203470058 68
43 -10.406015098496075 11.92806775520845 33
44 -9.41363555953861 12.60317236916363 73
45 -11.14462830034059 5.4986619009753115 68
46 -10.291460516174707 11.10640636759165 32
47 -8.354857357703965 9.170417666065784 37
48 -7.931249870718556 6.133787610017509 14
49 -8.053561536549907 13.20834388645599 75
50 -4.361896296272059 11.360886910448327 27
51 -12.439811756919164 11.983359406755875 83
52 -7.428776206587305 6.702034865157594 96
53 -8.71750036449544 10.62636275825178 63
54 -9.181017552987077 10.506452970936653 65
55 -10.504550366594533 8.663078641870376 52
56 -5.253096234457369 9.107020921387472 13
57 -15.148688624805684 9.131523099279804 99
58 -10.546644944226522 9.113374681655985 40
59 -6.93846553300339 6.262440053977417 51
60 -5.882710293788295 8.099775168266268 19
61 -11.522382642024326 10.690823790831557 63
62 -10.011982006341917 10.505293117564097 81
63 -12.170772820269907 9.197339990022233 90
64 -9.661833828000342 10.464035016502804 67
65 -4.972871393040733 10.084208442063442 9
66 -10.61417117942138 7.601697274236293 90
67 -6.516932556277658 9.716508169481562 11
68 -6.578166581280429 8.012228769353916 60
69 -11.58963542982127 7.673785319466319 68
70 -8.163458660327853 10.31639735638647 49
71 -9.032163019126823 6.55966252959531 8
72 -9.218415136506517 6.944324196542206 29
73 -10.112149618671335 10.273296233752534 62
74 -5.281461883806806 6.674175947904196 99
75 -9.681914161430452 14.066037144964795 93
76 -8.72230405720483 14.041024607357443 58
77 -7.055118942148846 15.00628007370576 31
78 -6.848979554746472 9.269368313588625 44
79 -9.27483411060797 7.804098888863006 58
80 -7.958551414360218 8.28191904173918 16
81 -7.754984222542861 5.927428066246773 30
82 -6.278020099753591 11.273276104693375 72
83 -7.487206128137352 7.079883376335091 6
84 -8.450156771122755 7.677461551222989 68
85 -10.324735582706289 6.498265594257094 24
86 -9.420108243218902 8.618180173842521 66
87 -6.282039459731476 8.247136977903207 32
88 -6.8741847091547825 6.034079479495726 95
89 -12.17145481295452 8.65829748509932 33
90 -8.869809440689618 12.173341588259428 7
91 -2.4414746239508824 12.589753809611105 66
92 -11.258247311310459 8.415449837241978 58
93 -8.881398295157325 13.106300110778875 67
94 -13.48846386747308 12.690074848087221 93
95 -5.849286068002165 15.509294234584312 66
96 -4.41686159641738 8.693474850823836 59
97 -9.721150476892502 7.2974555712545115 4
98 -11.570508368089833 10.899925042927388 9
99 -9.002709580152 7.646748766294708 39
100 -13.55507344171188 8.224426642725813 84
101 -7.243867671085462 10.948610114627813 53
102 -10.316740420376517 13.393415275620839 17
103 -9.378948469158711 11.830560847149762 23
104 -8.82356925671186 12.435757664463956 10
105 -9.855888165098975 15.355958582598843 11
106 -7.664123757923752 7.809943958814378 84
107 -5.369652942498499 13.23876029468825 65
108 -5.285576390343163 7.576460767910976 63
109 -12.018379964398806 6.916796097979491 59
110 -6.82568558738306 10.968467945218514 63
111 -8.43177514368078 13.020814532425096 44
112 -5.972192499756926 12.736412652011266 51
113 -7.4910478614050735 8.388375266727712 19
114 -10.7405357727512 10.081607473155646 22
115 -7.442494352701674 12.318310546008261 96
116 -6.5414928831369 12.817151090753068 80
117 -7.102732671445156 7.036521630318029 59
118 -8.08703521088495 8.663606538458248 37
119 -6.564232840680401 10.188679527740723 51
120 -8.312145081359091 10.557584938611946 48
121 -8.877754026142284 10.85397382725258 39
122 -6.58038697719702 12.383401751891569 68
123 -4.538846242291405 14.484692029565263 53
124 -11.041237770249795 10.892489507202846 16
125 -12.262136772516213 11.988847362072658 14
126 -4.093163246904076 7.467164523526665 90
127 -10.06005476310768 6.690343515290506 30
128 -5.514502171141448 11.777689333659824 58
129 -11.936721037739057 10.656063111208082 51
130 -4.8557848698869455 7.658316099280962 23
131 -9.140898865865081 9.580129484296986 58
132 -8.193410242316576 14.052535762191372 83
133 -9.825114616322463 7.407219548191117 22
134 -10.432742588207702 12.442811668436049 70
135 -6.170711430865439 12.376112761750424 65
136 -8.462402910653179 6.946868421884408 42
137 -11.372835382036465 8.932774402679721 100
138 -7.232292081133196 8.292874006527942 17
139 -7.348223457528574 11.74002982086698 64
140 -6.904621332298438 12.141506005442688 2
141 -13.992874954206416 9.376931792983635 66
142 -5.319392205336278 10.330266929067296 22
143 -8.61543380450964 4.462685784708665 20
144 -4.390501934363561 12.88664048406753 11
145 -10.877294060141542 8.09237838267853 2
146 -12.703420514140406 11.331153735756617 38
147 -8.054981112826772 7.198212351830032 99
148 -11.147968058260595 14.491938554946175 60
149 -11.277419195344121 9.862547741819242 83
150 -11.235025363602537 11.622698200041476 20
151 -11.29841339267471 13.33939362703162 92
152 -10.96604267544672 12.053580631461843 75
153 -9.813671718675826 9.1839912635057 24
154 -8.714373471588301 5.758077364435885 5
155 -9.42629732111363 10.37537204848317 55
156 -7.549183231315008 10.458226713318604 71
157 -12.680185342878845 8.241886546128626 28
158 -7.939461821527804 10.735427344551862 98
159 -5.6608325286173935 10.08102062514804 100
160 -6.6708193116826076 8.645569052072524 98
161 -9.944835617127257 5.1855324742184745 25
162 -8.379516874693483 12.744203448211763 72
163 -7.6269803554845215 11.273994593640365 40
164 -8.158852432816273 7.824630927376957 75
165 -12.595429473307204 10.013751394339936 12
166 -8.669309947253467 9.896744396190659 85
167 -12.329208293086356 10.283117768601466 86
168 -7.5601483342483435 10.780516159659804 21
169 -6.727561109593541 5.8202312225837405 23
170 -8.170306175303415 13.0109934433059 31
171 -6.1551166363001615 11.749434032804592 56
172 -11.026721479871144 9.00102352193546 12
173 -4.30151849295461 13.932466928090832 9
174 -12.725056078910885 5.768671467425661 48
175 -11.874228052605856 13.56340139271945 52
176 -9.055430334837112 13.523683861390658 73
177 -5.717676160172279 11.398178451812877 10
178 -10.132426839244008 7.844025776784949 66
179 -11.489313804840782 11.374864828251983 99
180 -9.6779608247777 8.120498324644608 71
181 -9.542111098204897 11.583140256812381 20
182 -10.708233141002248 6.351556873010072 29
183 -8.777959382959075 11.66437428835513 28
184 -5.03363484008269 10.582186365950712 26
185 -7.247263173537626 10.159737949939077 63
186 -8.114786131935555 14.380644266184564 90
187 -4.942699713265227 9.63260180582924 58
188 -8.150116273085402 5.7471584648398855 71
189 -11.331067385820134 10.311054113104554 86
190 -9.192747708218626 12.147044998422508 95
191 -10.268518974794771 7.368652473017277 77
192 -8.473662572629015 8.679870028367061 68
193 -12.196382964531262 12.382758771267385 61
194 -5.265852689189538 8.122500509610012 75
195 -8.020583484749828 8.996328867465571 66
196 -6.626000510060243 9.172703230631196 37
197 -5.854990277392918 12.09828939836967 54
198 -9.239277132545132 12.490474550584565 46
199 -5.426814143741727 8.331624111731047 16
200 -10.51206540446034 11.401536097754692 37
201 -9.379395247488285 13.47300466804366 33
202 -6.234369028859356 9.379747753925363 2
203 -5.854291553576583 7.053270888419277 6
204 -13.441863883852854 10.748522180213278 72
205 -7.757141453512978 6.888779345003304 79
206 -9.822490830394116 10.083528192313064 34
207 -12.653303293850037 9.636238159256068 65
208 -11.154991244397912 12.9771130862769 77
209 -6.535953628296628 8.168845407762088 75
210 -7.726235444499802 9.605980090682067 18
211 -8.842644179564026 11.270297483494927 9
212 -9.600675760962734 9.169906609534488 96
213 -8.035364974171856 6.876252429948396 30
214 -9.269365649303003 14.885209096767708 16
215 -9.089351357893934 8.229133105158429 47
216 -3.163609575907746 9.110886352563297 57
217 -11.841548567218679 9.314850737333364 65
218 -7.261893691579875 13.69332426303791 86
219 -11.84539896330722 9.534179110162944 25
220 -8.251423017816801 9.403698645241926 78
221 -10.585587895801792 7.8352983663877716 17
222 -12.320150880813125 7.289438028939816 46
223 -8.831232250837258 7.47322564635282 73
224 -3.8234776976190408 10.348611525993395 1
225 -5.596191653887073 12.653128740092871 30
226 -8.585306265492205 8.575528367276274 14
227 -10.508329323986993 9.707112593530159 75
228 -6.269196331408143 12.02053550636544 59
229 -9.135487192587712 8.65447876898666 57
230 -12.080153830038006 8.664463255977461 65
231 -9.615916339006619 12.358253748867664 35
232 -12.80511232486539 10.62095183226589 87
233 -7.164159800376128 12.823409805574585 67
234 -5.522550318712838 13.724202362788075 81
235 -11.809214065348177 12.47336053856065 67
236 -6.591765410575285 6.647565201792644 50
237 -7.782544632397865 12.001166799886915 35
238 -11.579161734904142 12.385038195513358 32
239 -10.636494877472293 10.32391940582024 45
240 -9.862139090970343 11.130661235071482 81
241 -7.406636537859901 7.784846975281979 12
242 -12.044450694759146 8.359569802414569 65
243 -11.17343028204577 10.120659765712148 70
244 -7.423859735348774 10.45912060449214 59
245 -8.298274355247994 7.238933283440104 49
246 -10.19937623204584 9.100991838469776 95
247 -10.068301146150752 16.485297496398207 22
248 -7.419064090585296 14.225951032896937 37
249 -8.007484559134841 11.42718820079731 25
250 -11.750754019279762 6.533009593309097 45
251 -8.155196765479419 10.96550492258196 6
252 -4.0966827918381705 11.230783913675943 87
253 -6.746756533506387 7.843917865040308 8
254 -10.066560482900869 11.655087627711815 33
255 -5.990883783423216 8.83546967040371 92
256 -10.383816323956681 13.178972797064404 89
257 -7.658002544241713 12.968564254849165 63
258 -4.242000167196218 10.166731267187915 71
259 -9.422354919598106 6.467425183097806 38
260 -9.20645408907669 5.5916143110469605 90
261 -6.569302363530229 10.476587938988999 45
262 -11.492945900977515 9.26170960622765 18
263 -5.420688818813964 10.421063631588648 92
264 -4.368833400416858 8.459066336519045 34
265 -4.850811597188774 9.88016599703278 74
266 -8.45336899733326 5.9875765157749745 55
267 -9.94560370988506 7.238349334023138 17
268 -10.090924418029841 8.96449924715091 68
269 -13.359708779722178 11.689331930513905 84
270 -5.581376411972579 8.535446934682229 7
271 -8.991047326979816 10.097224195830618 97
272 -7.140497847434239 11.153721365886517 28
273 -8.8792501214458 8.732443779738663 40
274 -3.983527471161987 6.890682868860867 50
275 -7.4350393117774445 9.905369194073772 32
276 -9.828451082921285 13.02261588740852 28
277 -9.78992502231258 10.870022625036498 93
278 -7.238481186202173 9.126375846425097 81
279 -9.542555561642992 8.259954757790641 81
280 -10.584112977466539 6.819387660028224 67
281 -10.691644414439047 8.316227065343995 52
282 -4.657247606624721 8.618925392504817 16
283 -4.530864379777949 11.019546091832682 99
284 -10.323670014149537 17.540263576520072 76
285 -4.683699552125884 11.184780475183004 45
286 -6.105046351238953 9.603102752907095 7
287 -9.463627453822259 10.151433407860825 83
288 -8.219714029328593 9.769348366297558 52
289 -7.828921931944733 7.479659345772176 63
290 -11.002412414361523 9.387023510582644 66
291 -6.75897278393792 10.313993301915438 21
292 -9.56376339436764 11.134939636961345 79
293 -5.942881564325399 10.502216288324362 85
294 -6.398400002485792 5.870233318459735 40
295 -9.42500517359867 6.935023456031847 63
296 -7.868233599856509 7.89626678448635 51
297 -11.342813985816951 7.958931834613262 39
298 -6.3387090477525305 14.284552569472513 5
299 -7.838002135023419 12.22422006333956 44
endpoint1 endpoint2
38 275
83 273
273 281
135 139
26 98
139 257
155 244
43 235
206 240
62 279
146 189
71 223
135 234
182 266
203 294
1 194
120 198
46 271
56 108
51 269
90 240
11 134
141 207
104 181
163 190
10 215
28 275
161 259
110 293
2 64
61 207
73 166
124 211
164 295
152 200
113 253
64 243
4 237
18 211
9 101
116 272
48 236
55 153
168 291
121 254
121 261
158 220
5 20
156 271
115 170
156 293
0 192
196 210
126 194
166 287
212 221
253 278
21 229
145 153
78 119
72 154
7 192
121 292
12 262
28 287
81 83
272 286
72 213
31 205
35 134
51 235
237 251
1 18
230 246
126 274
10 73
155 246
58 79
63 230
78 147
32 275
195 289
116 298
44 132
5 32
151 193
267 280
9 37
272 299
119 293
239 292
92 172
12 131
87 159
23 86
87 278
37 278
18 277
89 182
6 169
190 200
99 296
32 171
160 164
86 191
26 114
152 240
181 200
120 292
176 214
229 289
70 78
130 282
68 106
63 262
111 248
181 277
38 103
25 77
60 282
150 193
162 251
247 284
28 93
117 188
137 221
223 279
40 252
285 293
1 31
120 273
73 227
66 246
151 256
219 297
85 180
9 187
55 63
217 243
259 267
1 68
153 206
227 262
12 55
228 244
5 122
23 210
3 44
118 268
219 242
81 245
119 128
84 166
79 178
210 275
66 133
47 241
232 269
12 46
47 120
137 207
42 170
47 223
32 140
5 252
95 298
44 103
127 133
174 250
103 176
93 134
20 291
41 47
37 209
266 294
148 256
4 90
202 270
196 288
139 170
4 233
20 67
163 171
15 60
201 208
33 71
150 256
113 164
118 286
86 99
75 105
6 31
53 189
9 275
103 276
58 155
114 268
70 139
0 270
35 235
15 31
2 268
29 248
16 83
139 185
80 275
92 127
120 249
59 296
116 228
54 181
34 282
13 163
115 272
177 258
226 246
22 285
226 271
29 122
278 291
64 251
246 290
162 190
77 186
87 130
97 296
71 191
211 237
80 205
33 278
53 278
39 216
52 192
160 203
212 239
156 166
110 249
20 225
22 197
133 281
199 286
22 82
30 81
14 175
1 138
23 229
58 219
242 281
155 249
206 231
18 273
75 151
23 38
85 295
133 215
288 291
51 94
146 193
149 212
112 144
110 158
74 294
66 180
153 192
259 295
21 109
107 173
114 217
73 254
26 44
80 209
150 227
32 283
7 245
136 280
231 257
4 37
98 200
36 206
5 56
72 212
263 293
163 197
47 118
27 280
153 243
4 119
122 249
48 260
69 268
70 212
80 117
199 209
50 197
0 263
10 15
57 141
157 172
232 243
21 262
51 151
88 106
70 275
8 226
9 244
101 139
114 165
19 182
136 241
39 252
9 160
216 264
43 292
114 290
124 125
164 229
178 245
42 176
188 259
29 107
97 295
131 229
27 189
169 213
8 265
67 296
201 299
55 172
265 293
14 104
153 220
99 229
76 104
264 270
102 201
21 250
63 167
26 124
104 158
54 114
74 270
86 288
89 124
61 155
46 190
194 264
168 299
87 136
41 215
124 149
155 240
68 245
36 226
281 290
40 144
167 290
102 238
108 199
105 247
13 166
138 245
41 62
54 168
113 119
34 142
111 176
25 234
101 166
60 253
241 255
55 97
80 180
154 205
218 237
236 289
259 279
24 251
17 181
163 210
50 265
135 177
137 287
24 62
190 276
8 202
117 253
123 234
73 240
1 38
160 261
41 272
106 215
19 297
183 240
53 181
178 290
43 183
124 238
43 46
65 291
15 158
145 191
82 263
184 291
98 290
96 286
20 49
0 183
13 267
83 213
168 195
48 266
180 227
121 229
48 84
93 186
4 64
131 185
1 278
18 47
138 210
142 244
64 227
24 288
67 110
166 206
62 134
75 170
230 242
127 136
89 100
111 121
185 255
130 274
195 279
80 296
128 135
80 213
29 132
205 266
86 212
112 139
102 198
217 242
82 120
140 211
107 128
77 298
54 192
79 113
73 129
83 253
76 186
179 219
21 191
168 177
125 175
10 297
42 254
27 217
150 208
80 226
3 53
160 202
115 163
41 172
49 256
108 236
70 158
21 222
133 147
287 288
143 154
258 282
166 210
129 204
15 185
51 167
86 268
3 20
92 227
34 202
103 179
220 244
12 200
202 251
58 145
40 91
260 295
221 295
212 268
131 195
45 280
11 17
159 272
224 263
31 113
56 68
106 220
55 178
