nnodes nedges type
300 500 graph
nodename posx posy weight
0 -3.575965949384454 -7.658019226522673 10
1 -7.1044173376853985 -6.333792441227908 57
2 -5.0940710971908505 -0.900168838814084 90
3 -9.023331855040503 -6.487586147891457 77
4 -7.223256383271157 -6.755333343274565 29
5 -2.8640651475790397 -5.52773514131896 74
6 -4.178893713491677 -4.1096455556789815 18
7 -5.202659176366923 -8.747983908144324 95
8 -3.7626871156065156 -4.047777256350963 87
9 -6.766999751062699 -3.5792633677619303 28
10 -5.839027870133921 -6.542376901777339 62
11 -7.432155630566087 -5.553421491839789 2
12 -4.3294796973947545 -3.065437448393269 59
13 -5.988858474016513 -4.46966883843328 98
14 -4.877339432841786 -6.048231337104615 66
15 -4.831889273108178 -6.348525944791355 37
16 -9.610055532615789 -0.9222574252721003 28
17 -2.383028249993319 1.5359957107601907 88
18 -2.2995922261579933 -4.7287306372701705 60
19 -6.705264066463135 -6.388839875183937 84
20 -9.00104919826481 -5.902357783665969 55
21 -8.716255466215904 -5.025719613238489 36
22 -7.420607763069163 -5.383459204914177 39
23 -4.053435819480353 -8.528101806843281 13
24 -5.074186695363111 -4.153304417447773 43
25 -8.187169256105555 -8.873042747341435 43
26 -3.3553881987837877 -0.5588648700837083 37
27 -6.716706945061282 -6.042760867933557 84
28 -4.625456283230639 -2.808303521952181 86
29 -5.336000233408052 -5.4055365738782495 78
30 -7.18764051730036 -3.3285165610573504 6
31 -4.59581284258222 -0.6789372912893119 23
32 -6.525226096282744 -3.5322042019854045 64
33 -5.324346422739789 -7.881906046102234 26
34 -5.259322978424225 -3.7107131663484836 75
35 -6.051062909606999 -4.925803880097961 38
36 -6.901417867200744 -5.751642888280544 47
37 -4.619660654227602 -7.35652061374579 42
38 -4.817836226252879 -7.047256774968094 19
39 -6.180883466483329 -6.937178346364479 83
40 -4.946980119900177 -2.30800572049028 39
41 -3.7292238078530016 -2.8936453123483523 35
42 -6.471796512549209 -3.9662177971958985 83
43 -2.087619574797528 -2.554591381527595 34
44 -5.5291482334587325 -1.1757176280100665 82
45 -8.224151207469392 -5.623785312777042 37
46 -6.84034375443496 -2.835266326110344 77
47 -4.556423546644143 -3.288008994975926 45
48 -4.642468681681289 -5.622817266810446 15
49 -6.662729617141639 0.6582775083610695 30
50 -8.578621858745002 -2.491310727548053 33
51 -7.599037422920102 -6.600676486441603 51
52 -6.16630461005476 1.4147649243443432 82
53 -8.986260480037583 -2.7938837624588344 49
54 -6.366579631218326 0.05871887662281944 38
55 -8.813324170370114 -4.047371430761553 9
56 -1.386010934095659 -5.045043381037191 16
57 -4.5825057387204815 1.3381018953767088 72
58 -4.288247733472891 -5.472959258875505 93
59 -5.698185692928458 -4.3283384283007695 8
60 -2.834820774191409 -5.679150955766731 2
61 -6.5379907810173 -3.1305915932463857 56
62 -1.217934317290826 -5.795806092638662 90
63 -5.089580265361641 -7.1733108748194 5
64 -7.848137763159626 -4.701858778082759 85
65 -3.466320212684819 -6.91472389811105 9
66 -4.284862821573729 -1.257980811252749 31
67 -1.5229886264898966 -3.328063781219826 10
68 -1.4508833957245033 -4.632717847410766 84
69 -5.292484288226589 -5.101636663816004 78
70 -9.831622331372479 -3.3418689137141238 66
71 -1.7351144659748363 -5.255282346670416 7
72 -2.9150423095604183 -5.051866565408777 58
73 -2.1021846412729537 -5.703368741965038 53
74 -8.84679040457166 -4.320706316765133 31
75 -6.590857098866484 -0.7609484438570828 44
76 -3.3407201443410255 -6.415520697294996 28
77 -2.473319567553454 -2.31255729798735 46
78 -1.9861677997665372 -2.0249983735884705 90
79 -3.857644256934549 -3.2365217361024117 77
80 -7.475869039662079 -9.115544261400183 20
81 -6.696216253923487 -5.250538126643262 15
82 -3.850874312150048 -5.6051452964848 69
83 -2.944589027441787 -2.575128387328849 15
84 -5.421297253221999 -5.731645342737444 83
85 -6.740087310867003 -8.650938234500602 64
86 -7.196917805543055 -4.8807140154660456 88
87 -6.029791309369382 -6.228563366363923 36
88 -7.296824528415603 -3.9664408204662007 62
89 -2.9423314841404347 -3.4603277721894856 53
90 -6.627807300956645 -2.8726074226733394 83
91 -3.90660298447897 -7.553413031836449 21
92 -7.497499087269481 -3.287590140324667 34
93 -6.3183908435191665 -2.0676317430190627 31
94 -4.34837483304845 -2.3704768578970277 64
95 -7.918192715667587 -5.211181765703337 100
96 -3.77593003384265 -5.831043031237571 37
97 -4.368248023118814 -6.311025470658008 11
98 -1.030245486053728 -2.48554597656413 91
99 -1.7828137822675343 -4.144588879485829 26
100 -7.952390638943154 -7.160856397549427 39
101 -0.3942895053288454 -5.052363636909893 96
102 -3.2270601813522575 0.26058187404132127 89
103 -3.577354935768378 -3.6578587258187807 81
104 -4.831476335805809 -5.710186099506317 11
105 -3.2453933883562955 -4.129899968394456 66
106 -7.896306239404411 -1.4664534756669794 52
107 -5.557968066727379 -1.2690592559851805 82
108 -2.106918818009712 -6.771174123089857 27
109 -4.39098847081797 -4.0443488330556585 49
110 -5.835160651852534 -7.232738480854846 75
111 -6.181718581552352 -6.686381854644361 100
112 -9.138039236192332 -3.4980784781425527 96
113 -7.633679684513534 -0.8511968087746852 30
114 -2.3464733120691292 -7.168629503994063 65
115 -8.258034576330383 -3.444676217105729 65
116 -4.361164110419842 -7.219099852814898 81
117 -3.3269010943848567 -6.615674722300159 78
118 -8.06186672703356 -5.008857678269726 66
119 -8.94826309355299 -5.454113034828119 80
120 -6.0060339182826725 -2.191284031846541 48
121 -2.0597864075958054 -4.520864653341173 37
122 -5.609105814345483 -7.411883209713341 26
123 -5.566738629689431 -0.7607156340311771 59
124 -6.80195745234177 1.0258972720554145 47
125 -6.611570900023679 -4.260058283899673 93
126 -3.6348554199785355 -4.568528638735425 50
127 -4.53131871514063 -5.182750526307966 66
128 -5.575288437327032 -1.5188920145402995 91
129 -6.689730667820053 -0.9882343423106105 33
130 -5.633611980723662 -3.248473651530793 65
131 -6.105228902612728 -5.057727291033611 29
132 -6.057347699040088 -5.747188343359499 96
133 -7.452584338074391 -0.4130032308052808 78
134 -4.624134208891257 -8.325732442247686 40
135 -4.830865413582059 -4.1586572462551965 27
136 -3.0854239128127734 -4.676516794087823 55
137 -7.450235567883928 -2.974504662650523 15
138 -1.3106546499196219 -3.3131146395272593 80
139 -4.9814925872391305 -5.49547230795553 24
140 -3.981843441709927 -1.0330268718467353 62
141 -4.728790358766756 -1.0588385825621813 25
142 -5.606144293601063 -5.77004501500787 19
143 -7.418191392361136 -7.848805065583143 99
144 -10.880822693413553 -2.9271660484666553 7
145 -9.643059952106173 -2.8785326135798153 95
146 -4.101751702727532 -7.183814542697808 67
147 -8.275269373548564 -4.761932972324789 44
148 -8.135283554523502 -3.748262962854648 94
149 -3.0672333653165107 -5.802827444751529 80
150 -6.572649287855527 -1.4577324633041093 44
151 -4.782411076050923 1.4361311932194423 92
152 -2.905443047325703 -0.8665629176038329 9
153 0.05140534896168476 -5.499615425286653 95
154 -1.3236955753527042 -4.720201929198094 86
155 -4.44827221235523 -6.115751579384065 36
156 -6.919863829507713 -2.41086306853712 12
157 -8.722018331477283 -1.8217884274303848 13
158 -6.120046354741749 -3.376870957424808 59
159 -2.427140025251589 -6.136112519598609 60
160 -2.721633127485311 -8.424183493101847 100
161 -4.870765968545126 -0.0020131514886779587 46
162 -2.8324784578481412 -2.732604826397462 78
163 0.2595074636634919 -2.1638432044933773 56
164 -5.678667279546097 -2.5457175204809537 57
165 -3.859679160495383 -1.9123621203560253 100
166 -0.3566924164497595 -4.419757196680355 84
167 -0.9953435151605559 -4.707231673076494 91
168 -9.223034204255693 -3.768303261952644 98
169 -5.090774138321219 -2.1411378069955456 29
170 -7.541302479197721 0.39917927417084276 61
171 -3.3139926616210813 -0.9627970728189995 78
172 -8.554750343022507 -1.9617085944023196 25
173 -0.19598748877256497 -2.114809269431418 94
174 -2.725028683600735 -2.0961039178956984 7
175 -3.105549858230313 -1.5837800645282472 34
176 -2.3379986790009233 -3.2074167091756927 34
177 -5.645019461899089 -2.4169038794757216 48
178 -8.079890891434921 -6.213986322567808 82
179 -5.235765093345536 -4.496170688671164 94
180 -0.2131590782316356 -2.6914732516344304 66
181 -9.47538752481138 -4.023862905832638 60
182 -0.5277260437016006 -1.5850392996806537 45
183 -1.40824859932778 -7.343189744921662 87
184 -2.5795490729839115 -4.521212424021304 62
185 -7.055772511728033 -7.827005720420841 73
186 -6.880053838971906 -1.694368999667609 60
187 -7.206037321484927 -0.09688460055905497 3
188 -2.4900321960244307 -5.555486543217125 43
189 -3.5428489550858218 -7.266380479876853 91
190 -4.0786413952859215 0.8663965784884459 22
191 -5.547399310931862 -6.7998787289412785 70
192 -4.754467814414202 -6.774932688688518 61
193 -4.3642521513453145 -4.5208009085631815 81
194 -0.9431691067990111 -5.114068787788127 28
195 -6.469580535012133 -4.998134371948936 89
196 -2.9722370284939297 -6.26216108374771 22
197 -7.665506755351125 -3.934621399453668 67
198 -3.950056782392518 -5.811615188308729 34
199 -8.967068749747952 -5.06530875218423 92
200 -3.0612175317604 -7.680505254102575 85
201 -8.212049548713912 -7.790580344462116 21
202 -6.128344311729024 0.26211676340067785 59
203 -8.09269497200628 -2.952690624348016 41
204 -4.600167010098955 -3.8153659935811053 11
205 -6.361127025829117 -7.378537645049675 26
206 -5.324437226558487 -2.033708976991327 2
207 -0.06655983025888 -3.156918845763371 66
208 -3.1812733049005653 -3.1459296386139974 39
209 -2.870418527225963 -2.131429625565664 3
210 -3.0143001785513106 -7.809060262849032 38
211 -3.01735517334674 -6.003128751479126 13
212 -5.201297365889652 -3.1897844050476696 11
213 -3.8362588004981846 -2.314569195095867 24
214 -6.410287269950519 -5.385277007187992 12
215 -0.987226167561454 -3.597992258864518 10
216 -5.851074011327002 -5.534643897851201 47
217 -8.27105345071217 -2.4803699095322242 96
218 -5.978166182517666 -7.467347897011515 81
219 -6.37343710301251 -4.661564132219572 78
220 -3.1190622909939294 -5.089765878117573 7
221 -2.787096675144425 -6.652507516737346 67
222 -7.98751387414219 -7.500266101474696 9
223 -6.218172869937329 -4.2741989097994635 51
224 -3.45034827968065 -1.6597834656976813 4
225 -3.2646750960635926 0.32313597604306304 70
226 -3.89128658512748 2.1646558357076535 87
227 -8.157256801548076 -4.368635775413332 75
228 -4.2123423141588665 -3.5224775815370486 39
229 -7.7322632517740715 -1.9169155320697802 32
230 -2.512949568454476 -1.3331914170844992 35
231 -4.549169647494592 -1.1973885727213878 78
232 -2.710354975887516 -4.324085006766509 29
233 -0.787126142613075 -3.269617216358172 22
234 -6.645531836982897 -5.658695676360599 6
235 -2.51323537012146 -3.6476154575300077 87
236 -3.1902665648960364 -8.352199446368704 24
237 -7.813231653664281 -4.345239319438487 37
238 -6.8074713246690335 -3.8879055524550945 54
239 -8.0646348385547 -0.3510628261753027 38
240 -1.8664286903456073 -1.6403385944709676 26
241 -4.907972172838907 -8.400570511663048 84
242 -4.714615866542702 -0.06927623662535388 51
243 -8.202093133330052 -6.564314038129802 6
244 -6.294054002488768 -3.561695493794632 51
245 -5.392633046685716 -3.0209187632410757 87
246 -1.7647883506242883 1.1428378316576717 68
247 -1.9404634220646801 -4.232792882919215 91
248 -7.374353189500779 -5.837214956174884 84
249 -1.4793768540259342 -6.032923022805055 50
250 -1.5574108843533143 -3.78361023500748 64
251 -2.840805970629679 -3.157844288353948 81
252 -3.043115148514777 -1.2371351036181701 72
253 -3.2942799868873376 -4.4945422061911975 31
254 -1.6970078762603338 -2.4097260894240264 83
255 -3.389657505137698 -3.9308354619049894 5
256 -5.35775429867118 -6.171201997722861 81
257 -3.416991073517945 -2.357909183992583 74
258 -7.008364990535873 -1.4189771745733077 68
259 -5.451194519785882 -0.5341465682310521 94
260 -4.5701263631462945 -2.432782380478261 8
261 -2.084873178308788 -2.7230130602019904 30
262 -2.6902299247408226 -2.8172018272615236 94
263 -1.403346772146562 -2.876697267920108 94
264 -5.672797755895269 -6.224333358425056 62
265 -3.7030855857316887 -8.165668490845743 6
266 -4.498614286856106 -3.682668661339895 20
267 -9.919530828585303 -1.3694710263052086 22
268 -7.037073885806083 -4.520380660698863 56
269 -5.478617225066226 -2.4580466095680458 15
270 -4.847805588670596 -5.190677579624866 63
271 -5.484174690359885 -4.17000662163002 42
272 -1.8256997892699314 -6.3980318144261 66
273 -7.609786909450852 -1.590484609012192 16
274 -6.433547789669349 -6.542952222062559 14
275 -6.470909146647692 -7.861909417895375 14
276 -4.302286031504157 -1.8942090597240213 92
277 -1.0559852169881152 -6.435473685263033 45
278 -6.730568109599105 -1.7479732718256813 77
279 -6.9671097310227985 -2.9643434795329786 35
280 -7.766945935828502 -3.429029647761473 16
281 -8.656433624355905 -6.5082667785620245 35
282 -5.331212982800248 0.9220725058660524 86
283 -6.018121827971383 -1.181554692090963 9
284 -6.501772482598159 -5.803553726226713 23
285 -5.159295730954928 -2.794094854327893 25
286 -2.8047738698770677 -1.297328065624738 2
287 -1.2732543152442273 -6.7662257943486805 76
288 -2.669882194066781 0.3543152628598943 62
289 -3.178768658638123 -7.210866230507199 30
290 -6.336652354769258 -0.8373044469719637 83
291 -5.045914105428872 -0.0912320157208159 1
292 -4.4678449468804144 -4.741698104664134 9
293 -4.63303344013715 -2.2248936022727066 93
294 -5.657143854818604 0.7173682673473304 26
295 -9.734226760601187 -4.5678005051198625 36
296 -2.514380220423134 -8.921511897380242 24
297 -3.669408746333756 -0.6001120689747118 61
298 -1.077088742126355 -3.97260223287829 25
299 -5.21558889615182 1.2481158782320867 96
endpoint1 endpoint2
86 90
19 143
81 248
72 211
290 291
1 64
189 218
223 266
144 145
172 239
89 94
56 220
88 197
90 290
140 165
79 253
111 292
244 270
182 254
87 132
92 120
36 238
81 223
69 116
126 228
63 117
12 212
4 178
8 18
60 249
66 93
23 241
3 11
123 294
24 132
206 251
156 245
76 146
179 268
116 265
161 297
14 84
44 129
213 252
78 263
9 284
129 133
233 235
95 248
19 131
93 164
141 276
197 227
55 197
10 19
199 281
262 286
50 168
154 250
51 214
134 236
31 190
46 130
120 212
15 214
187 239
197 280
171 224
264 275
0 149
135 271
256 271
89 103
102 151
61 269
67 250
96 264
24 94
29 135
231 286
65 211
115 268
57 161
162 293
121 188
188 196
48 132
189 277
50 273
13 155
35 125
12 105
109 149
2 186
18 249
240 297
97 270
141 293
215 247
234 268
56 153
8 40
227 295
90 212
130 137
165 209
114 200
137 280
10 22
102 175
67 194
150 273
71 184
120 259
93 238
21 22
197 199
84 256
213 228
119 181
42 46
63 185
187 283
138 262
49 161
109 135
106 283
103 209
193 212
32 214
136 270
19 29
211 272
122 256
100 111
4 132
8 266
52 202
81 88
152 162
129 156
24 127
5 198
172 280
30 95
65 73
136 154
43 208
156 197
42 280
60 76
41 130
165 204
29 191
228 257
89 253
131 204
41 78
98 138
108 146
59 234
83 224
23 91
45 74
159 198
123 283
104 193
31 174
179 228
230 276
82 253
75 123
39 81
128 169
115 279
79 261
176 251
142 193
200 241
22 92
125 260
131 219
27 131
245 276
150 279
127 274
242 283
4 22
69 131
88 177
22 27
86 219
167 263
118 168
50 92
164 212
11 179
135 169
228 285
71 149
152 242
126 139
71 298
80 185
42 227
84 87
140 225
86 248
193 204
87 192
38 216
28 208
145 157
66 171
89 250
221 289
221 236
13 158
83 247
76 188
5 136
37 104
6 135
68 240
81 216
42 244
97 221
70 115
54 258
133 229
228 232
34 40
74 88
53 74
146 284
260 276
130 164
0 23
52 299
235 253
41 266
59 103
69 84
129 202
8 198
87 248
124 133
87 214
35 264
33 264
291 297
59 158
6 204
35 58
238 271
181 203
258 283
35 197
13 271
200 296
105 127
225 288
38 122
165 252
56 138
1 84
15 76
266 292
4 205
167 287
167 194
28 120
162 263
67 207
194 272
44 66
112 197
30 245
230 254
119 227
32 293
119 281
38 196
21 148
6 29
251 298
11 51
54 291
165 297
228 262
67 77
67 180
158 285
10 110
72 126
122 205
136 208
61 219
40 278
90 92
246 288
83 254
107 177
125 178
148 203
179 271
229 244
0 37
193 220
82 84
159 232
123 206
291 299
272 289
81 131
171 257
60 155
65 192
259 282
6 228
67 162
55 95
19 243
148 244
82 188
84 110
192 289
93 273
73 251
84 195
220 247
63 122
32 203
208 213
79 135
89 162
77 255
45 234
49 239
208 235
127 211
33 134
53 203
55 145
34 127
175 286
33 91
10 198
174 257
87 111
62 71
94 283
97 216
129 150
64 280
101 121
44 164
32 158
42 61
61 186
6 79
155 189
104 270
60 253
40 107
99 188
28 224
85 205
103 162
179 255
93 113
12 276
2 213
82 91
288 297
61 217
75 120
36 84
98 176
191 274
202 242
121 174
26 260
13 147
68 221
119 243
142 234
185 281
58 220
41 235
72 103
108 188
32 61
58 198
72 196
164 231
7 38
86 218
37 210
99 254
42 47
65 265
20 100
109 245
20 237
63 134
14 179
117 220
158 279
176 215
123 141
195 264
12 24
205 241
258 279
62 159
42 216
66 77
25 143
116 200
99 176
27 191
12 266
47 176
17 288
157 267
126 255
184 204
84 264
109 212
214 234
164 244
79 175
196 221
4 201
13 34
210 221
205 234
75 170
9 206
40 140
195 279
63 270
124 151
53 157
18 253
160 265
104 219
118 131
141 259
83 177
16 157
15 127
166 277
228 292
35 139
200 287
228 245
31 291
167 247
48 135
37 191
59 237
5 121
195 284
43 89
206 278
190 226
9 42
28 271
138 250
79 260
243 281
191 192
160 289
62 154
106 203
84 192
157 278
31 150
114 149
1 222
69 130
128 161
45 118
137 237
79 269
108 114
27 234
173 263
98 163
67 166
95 274
39 155
64 238
1 27
159 183
5 117
96 253
128 130
