nnodes nedges type
300 500 graph
nodename posx posy weight
0 -1.7006936234148138 2.3609563558877187 44
1 -5.269422600982607 -0.896380542093105 84
2 -1.437035404431612 0.7151241101384201 27
3 -5.684772089223611 -1.3973870419562409 81
4 -0.09226418341662856 0.8797386834297602 5
5 -5.977377024913414 -0.11371504290674285 82
6 2.467446574939519 -3.7912109814289217 32
7 -3.3376006635503064 -2.6628136210432656 85
8 -0.331772955890303 3.347638661815864 98
9 -0.8901713680418208 3.2057828412352767 39
10 -3.1836211535944803 2.377852445487226 37
11 -4.039519214257895 2.723572141497975 5
12 -3.1135666253191023 -2.8466383617566637 81
13 -5.930557107146527 0.7231267398878585 26
14 -2.2340415648852088 -1.9948013704548986 77
15 -5.208097272624313 3.9675852919111496 48
16 -0.46475025387389735 -0.015815808440114133 89
17 -5.624791442438157 1.7581552676400336 100
18 -7.343562019364484 0.15770526408853397 58
19 -3.2117313806059586 -1.523174167170413 54
20 -4.544429715251614 -4.5073870967003025 71
21 -1.8298577428981064 -3.0150519651032055 100
22 -6.393263912412399 -1.088337625543597 63
23 -1.407694089428597 1.4905347238926772 72
24 -3.492584586879648 -3.5659282885419072 66
25 -3.990856178996335 -1.6398073409152145 62
26 -1.594791719090714 0.41443657503976 2
27 -3.0669958167125504 3.5417742991229524 73
28 -0.003668020123762147 0.6729608949790555 22
29 -1.1572591988803769 -3.583977791367326 65
30 0.3372772711933822 0.9630799603086562 1
31 -3.099782241658106 -1.6350986027916923 16
32 -1.8480411491183448 2.9032840246530003 23
33 -0.6879163259008532 -2.490394836276246 89
34 -3.2757742182685123 3.424960114942025 20
35 -0.12656879544150834 -1.4123044464847276 22
36 -5.540466091344541 2.193268561985723 65
37 -1.8982886919424364 0.60621901737538 51
38 -3.8700770341926507 0.7647226706227908 40
39 1.119941973060376 1.537092764087805 20
40 -2.6977132918183346 -3.4865053023755825 58
41 -3.012048079871154 0.8893524196754923 30
42 -1.1159677148140432 -2.0867917366539777 55
43 -4.548030132941714 -4.93117368384253 92
44 -1.340413497569456 -0.7672925810168923 10
45 0.6311592221202851 -0.6363445061384079 9
46 -6.446830287068447 0.3715251037361511 88
47 -3.5971133070209165 1.3907269034208798 43
48 -5.354375025717862 3.1454787295232167 82
49 0.5763040982682351 2.7738802444161266 17
50 -3.141304006075576 -1.2255594078306973 6
51 -6.744086292691203 -2.756335723860128 81
52 1.0983598814960824 -3.3526482366754995 25
53 -3.550954194882895 2.3639465778255158 61
54 3.2529688901930816 -1.1652581106382072 66
55 -2.7194869736062413 1.5573214777340354 35
56 -4.048315034500078 1.1804764913613799 85
57 -5.159487432387968 0.8928527818416528 69
58 0.33175106196930887 -1.4430482790840802 66
59 2.594877548167294 0.4974059563725691 15
60 -4.539058927107247 0.010385382183421448 83
61 -1.4777142823535176 -1.6090970159505127 91
62 -0.7607644524936062 -2.013308284186892 85
63 0.0429022030423247 -0.2412149784087994 77
64 -6.6907145752863375 1.2370455861346183 79
65 -3.4752753031096097 -5.563255923115702 30
66 0.8055841672383087 1.952391655882079 75
67 -1.506036997603103 -1.9264909345411365 17
68 -4.928047903255675 1.4851291663361623 24
69 -4.369576718355644 -3.852583124271629 18
70 0.3585480455527974 1.4157413631904345 1
71 -1.8388222168269792 0.28264387921869355 2
72 -1.6136998081049971 -2.590851664730649 59
73 -3.6722422922165983 0.4374419714204394 80
74 1.986909189051748 3.327066985841936 68
75 -2.1635135868559345 -0.19972613607040515 97
76 -3.7991408245993394 0.28177227238636643 4
77 -5.739993101135846 1.2732508193521945 58
78 -4.373157765005423 -4.077798043600433 20
79 -2.325829014811859 -2.1737895564727103 23
80 -3.6620581654862745 1.9778098439195357 85
81 -4.736649414181594 -3.269676106999856 5
82 -0.0019630430396154 -4.45457524695041 43
83 -5.372489439421175 -0.19518782089434292 9
84 -4.218654763914049 1.8684990143095048 57
85 -5.693651235241482 -1.7208205506611551 11
86 -1.0801770869405907 -5.360827621775085 15
87 -2.8144445179448816 -0.5447650596113723 61
88 -0.6791390120569418 -0.7063639389359344 66
89 -7.124426635327691 -2.628631936887742 47
90 -4.081353744513005 -2.544493584572651 33
91 -5.765203329022579 -2.11552289204411 61
92 -0.865103346446372 2.5461395457838116 92
93 -2.417568751902458 2.1546481941798445 11
94 -1.0534674928888403 2.0401072285535573 3
95 -1.1270607655784235 0.8875958602862922 38
96 -5.481267628616223 -2.9512722547331256 8
97 2.1709247806383876 -2.006924904552408 89
98 1.111641364384426 -0.926062780395521 47
99 -3.3786549911669645 1.5010002312707402 17
100 0.6971941355446428 -0.8383323483931996 75
101 -6.884094895690386 -0.16627413099989785 99
102 -1.123978178753703 3.553585605674209 71
103 -2.3062416565650734 2.6125820396456607 81
104 -0.10318961665574058 -3.923291522426381 68
105 -6.647130938552536 -1.6908928651742214 7
106 -2.598653059972892 4.895720954436511 35
107 -1.3094033457699572 0.6540720727545025 88
108 0.7523709230173521 -1.4570283632870835 68
109 -0.8644847943759326 -0.15846860343117103 47
110 -7.509785127104021 -0.23007088418489963 12
111 -2.1291177345523615 -2.4517229214572067 56
112 -1.431459866606688 3.9595610132574635 45
113 -4.457418192174165 1.7215420206829959 67
114 -3.1774713861535298 -0.0012561871714402394 43
115 -2.876402205281635 1.3694629783826908 31
116 -2.6858782781145902 0.8240641678810618 98
117 0.6557452544711445 -3.446291975927117 25
118 -2.740414083973798 -0.7491817348881298 71
119 -6.047116819691967 -2.890463442929459 50
120 -4.281869302282603 -2.602638153445403 62
121 -2.0373496258408568 -3.9823857326777015 30
122 -2.2220518110079954 -2.698025274736044 32
123 0.1978748883823168 -0.9735581323403657 10
124 -5.103044174931001 1.5345984932079384 85
125 -1.4425420341937687 -4.473791467357542 16
126 -2.0102872212253295 0.7829011912977935 44
127 2.685449713505701 -2.382826207404549 47
128 -3.5307347592056546 -2.4550144659424613 80
129 -2.429009073170347 0.7101736842637719 50
130 -1.902915112282699 -1.7902288129094421 24
131 -5.168898047156273 -2.182280395547348 91
132 -5.52903506270141 -3.1752578920281924 60
133 -6.715716254167885 -3.2840756938676487 50
134 1.4091407900742552 -2.0333186433493555 78
135 -3.08952497056278 -4.151014437567985 55
136 -7.245116613523626 -1.7795703404752694 71
137 0.7892184297078833 -0.4796587852943394 43
138 -7.773984367324131 1.9048468807150307 70
139 -1.9452535247927087 3.276756258057082 7
140 -7.094238038436539 1.613333458188253 74
141 -5.871181083436872 0.03989647026604959 97
142 -5.092317023413002 -1.2612694162246962 45
143 1.7686382023585794 1.120133037651482 100
144 0.6494283138057274 2.4393346141546375 32
145 -4.7563247960921835 -1.5671967555763564 72
146 0.2757603211510002 -0.6358527563208088 34
147 -5.461897039118343 -3.9119025134587058 77
148 -3.262724531316337 4.8808783054140115 60
149 -0.507743490823217 4.108942218119955 13
150 -4.9108339288467 -0.19311261766658191 54
151 -3.2748102816791183 -2.2500983352880635 52
152 -0.5938713872180029 2.986192460519367 29
153 -4.216517730641282 2.2529382247008103 38
154 0.9587948574740481 0.3341094621560237 17
155 -6.234012979923672 0.3003165172984092 98
156 -0.6406096413577411 -1.2885522183632994 23
157 -2.1887226772938058 -1.4273163070228356 70
158 -3.9678160126335533 -0.3150444150939166 65
159 -1.950706768170186 4.241279357050375 91
160 0.5231209431301229 -0.07828961638440755 26
161 -4.199756291203317 -3.302147513903275 32
162 -5.124712451370919 -0.4754143435982308 15
163 -0.7185662761637907 0.1960057265636022 53
164 -5.298306272069926 1.3322639649613706 24
165 -7.043643421665645 -0.7625901561689993 43
166 -4.264237583589806 2.8754713798751874 81
167 -3.677169261198685 -2.16749168263597 98
168 -1.03164544969306 -2.451068883461059 59
169 -3.2896849738912346 -0.05174212136365726 95
170 -1.4130136034394813 2.8615599475239706 40
171 -0.9083319780339888 5.140267738695863 83
172 -0.9398670203248651 -0.7705347609099042 20
173 0.05949019751846316 -1.409748964473116 83
174 -1.2545696800113801 1.480804781843272 31
175 -0.006865589482940759 -1.965342042515074 77
176 -0.8795913523712963 0.5955218160369539 81
177 -3.9258482630990135 -0.08952227559636608 37
178 -0.5739029917696455 -2.8873585178378987 73
179 -2.499422125796094 -0.992254671210682 27
180 -1.7331822770308023 4.687565690450093 76
181 -4.774120364476026 -0.8987783450133127 87
182 -4.034661191042238 -4.10213929153523 59
183 -4.115934860914341 3.274894465980546 35
184 -3.587176488352578 -0.9129800290484822 47
185 1.7410237009848228 -1.6663057342275431 19
186 -3.3349826974921233 -2.8819064239992973 14
187 -0.013131375431048874 0.027361662332832062 74
188 -3.9073187013910555 -1.1356076861786026 70
189 -0.8131952522819358 -3.115523665646803 13
190 -3.2576872200918117 0.18920452983914154 82
191 -2.8769219025056 1.89667107190801 65
192 -5.62590653165101 -1.1321738452924301 18
193 -1.947857422424585 -5.051052187126473 7
194 -4.867438164611138 0.36042960454710504 50
195 -2.776438469441071 -3.0709118187775113 10
196 -2.022446113365071 -4.365180365163253 18
197 -0.5700891655462484 1.7141017518189086 65
198 -1.00495952201398 -1.1543551237808556 48
199 1.7692414899272224 -0.775994645806869 32
200 -3.3658301605036645 3.90016743913242 6
201 -5.475784368218763 0.3018318199191176 69
202 -3.4860125768494323 -0.5697252883933813 67
203 -6.022169187040877 2.6442460968985015 53
204 -4.468686897587603 -1.9561787434899849 43
205 -1.8911352263896473 -3.1971987043348977 42
206 -4.873350068121792 -2.769995009299233 8
207 -3.504576715915912 2.966808809819911 69
208 3.7348412539069655 0.7337532278385496 6
209 1.2819306958596177 0.27950619120318776 94
210 -1.6244524990477305 1.2282601224305636 7
211 1.985296650258282 2.517401984821622 98
212 0.08488153407597887 -2.650547369456185 23
213 -2.4189219681882728 -0.06626539122711006 59
214 -1.2078522670521008 -0.2604046881276149 79
215 -3.0550645664051013 -2.1482953849300115 2
216 -5.329743688568638 1.645945490488661 55
217 -2.388049611856845 1.1384606736139817 100
218 -2.349151661439701 -3.581734671513872 38
219 -1.148908643014195 -3.46421577774766 12
220 1.9363390190476713 -1.251862943951418 72
221 -0.31904523481457864 1.4215856608721966 41
222 -5.3268243225670995 -4.3450782335190405 65
223 -2.3197760474277707 -1.025504928236121 29
224 -4.750096951984392 0.3244165893671302 68
225 -5.124859178879865 2.6355037604790112 93
226 -0.9408836847981168 0.24416010758856363 14
227 1.1659606491107406 2.3748194291613776 70
228 -2.428220448257767 -2.413660456871254 60
229 0.5990606951362003 -2.3004249964075565 94
230 -0.626080854865273 -3.7829629668944373 15
231 -8.67212216433617 -0.26372992229128367 30
232 -4.556087978156807 -2.103718583588567 6
233 -6.220969145119653 -1.964306207877403 87
234 -4.090493144354314 3.8455768782616278 77
235 -2.8590343263555726 0.6671605880148201 74
236 0.2365497007075047 -3.6039562619935737 82
237 -3.042915395894705 2.5078488549843803 60
238 -4.520429204369618 2.8070968435380763 17
239 -2.786387075497432 -3.8534710144615487 41
240 -2.3458855630573052 0.42746431191274664 4
241 -3.77955620413827 -3.146314944940063 28
242 -2.6506619293785874 -3.3690602356552093 34
243 -3.8992881796958985 5.1589891697620605 32
244 -6.882047015114354 3.543964209651501 89
245 -5.1240239676018176 2.2864898083726186 12
246 -2.90997351936705 -1.4695899461217055 82
247 -0.7499196940065611 1.2315417771988535 38
248 -2.4030179457778984 -1.327751645805824 47
249 -4.264694202639921 -1.286142815657248 34
250 -3.7335186719947626 -1.578158935647966 6
251 -0.3910290913847663 0.854899944071192 5
252 -4.138641875456817 2.079639619543949 100
253 -0.01629819819654529 1.895966641583292 22
254 -1.010159127303959 -1.3066443910131778 25
255 -5.530895133685084 -2.088396609526739 56
256 -4.673000735600933 -1.8341293746994594 89
257 0.1121016775634449 0.16343170807932092 70
258 -4.796492693705865 -3.025369262673297 55
259 -3.9632309557033576 -1.9706857825293043 62
260 -3.290440563397714 1.9395082419947907 28
261 -3.389687027906429 0.5890260619397089 48
262 -2.423054631829752 -6.118055354972576 34
263 0.4671262850094607 -3.5358846234656482 24
264 -6.606336029720501 -0.5694372357187598 39
265 -0.265800934668168 -4.783743366827435 22
266 -2.5697642925269157 -7.269094871866538 69
267 -0.2962200610439474 -2.7424534960286917 47
268 -2.741907408307815 2.426349944137893 91
269 -0.2885751513730602 2.115744571251402 50
270 -6.16062834727199 1.3212151581250215 79
271 -2.674437863325726 3.394340408245199 29
272 -2.089566554487164 -0.887910633024853 9
273 -2.439027173812811 2.7184892742226543 64
274 -1.2962453480047624 -0.5417909467096449 28
275 1.449285493992733 1.0826615764919358 92
276 -1.1517859747243382 -4.504925849546282 8
277 -1.765714638342086 -1.9795354581151663 20
278 -1.6403710225684875 1.762093056936016 41
279 -2.144342197821961 1.9888659484033608 54
280 -4.038931999409611 -0.01567617098032021 61
281 0.45190781900190286 -3.0050515491911978 56
282 -2.115890475701819 1.444077008185291 90
283 -4.550497678478539 -0.504149188227885 34
284 -1.1566469471648257 -2.7041724355493444 27
285 -3.2610809682327235 -3.5800566748419382 40
286 -3.3380354587410235 -5.220653081423433 43
287 -2.8186345985826806 -4.5844994306513644 45
288 -0.02369168075732409 2.6132096333719232 89
289 -0.2794094219178697 -0.9939397730424253 75
290 -2.275594141076224 -0.4527850789074331 39
291 -4.235285862221404 0.9711485309952866 65
292 -3.6464791668351193 -4.392856686660906 70
293 -4.2572938486847445 -0.7839913432816442 57
294 -0.8906729368384538 1.7365324367495156 49
295 -0.5879898468316355 -0.24987442618696648 45
296 -1.669581187337395 1.3823259727803894 90
297 -7.063764956274814 -1.5651379982991722 37
298 -3.8882478226759574 -0.5880281362187448 9
299 -2.6624733046070825 0.4202456056899864 65
endpoint1 endpoint2
184 232
128 184
188 246
198 213
190 246
272 284
165 192
113 270
49 197
135 161
24 241
280 283
30 66
4 209
46 216
262 266
71 260
142 250
104 168
45 61
162 164
146 163
56 177
55 139
75 130
149 253
32 273
7 292
52 220
2 214
25 162
190 249
58 185
99 238
202 283
94 176
67 186
79 250
156 223
168 173
14 50
44 107
216 225
7 232
175 236
160 214
93 103
35 172
18 140
14 298
158 213
146 199
23 163
99 114
3 297
63 88
0 112
9 139
240 282
28 295
116 176
262 286
101 270
5 249
11 268
229 254
127 134
47 183
61 87
0 170
71 235
181 184
18 22
24 125
236 276
188 215
27 103
163 223
89 91
44 67
145 179
16 95
84 201
76 158
96 255
65 135
37 282
14 72
12 72
248 254
31 167
13 68
153 166
108 198
50 241
69 147
63 173
16 154
35 134
162 293
0 253
26 274
167 250
1 155
163 187
116 268
35 67
70 92
36 77
246 277
161 182
91 181
227 269
128 205
227 275
278 294
193 286
195 205
129 260
64 138
161 222
97 98
60 293
72 195
115 282
90 223
19 242
26 296
68 76
33 230
32 93
155 270
179 240
126 254
163 251
251 278
115 210
4 71
31 285
75 296
38 188
5 77
102 288
51 297
66 275
129 278
175 281
12 256
55 107
194 213
124 150
147 206
207 225
37 116
38 279
63 98
73 280
207 271
111 239
35 257
62 215
196 219
146 209
120 195
25 283
203 244
32 159
93 174
3 90
73 184
166 238
79 118
27 148
131 204
261 299
169 181
174 295
126 153
62 146
63 107
112 171
109 173
22 145
179 228
29 277
192 204
121 218
29 33
91 145
44 299
83 256
99 113
75 294
172 226
26 261
31 248
22 264
4 226
120 150
130 219
8 66
161 250
119 232
5 13
184 250
7 228
184 259
83 291
110 297
186 204
57 177
153 216
10 53
57 155
83 162
67 205
55 118
154 220
14 218
85 101
175 274
86 262
42 122
21 172
195 218
32 53
121 228
43 286
34 55
224 235
91 133
63 160
130 179
30 288
47 116
114 248
41 109
14 42
23 92
2 217
102 237
157 259
44 137
77 245
272 274
11 80
9 32
30 257
84 153
191 278
111 189
109 274
197 251
210 213
197 279
214 289
131 206
68 203
0 23
57 113
111 290
136 233
115 150
25 130
96 259
98 123
3 46
137 154
107 235
90 182
38 202
152 269
13 83
141 158
196 285
106 159
105 142
23 116
200 243
36 140
88 248
67 198
21 78
106 200
170 197
43 81
75 177
39 251
184 261
21 40
15 166
80 240
31 76
202 248
98 160
1 233
60 142
142 206
12 61
197 247
62 289
141 194
59 208
190 237
10 290
48 113
182 286
77 224
42 295
8 32
279 296
185 199
24 204
0 99
190 217
9 152
163 197
87 169
237 252
122 249
123 253
146 160
11 124
130 267
81 85
167 188
19 151
17 38
118 184
31 50
273 299
175 189
213 274
66 211
181 192
0 152
174 269
87 250
33 58
16 30
24 218
50 71
150 201
217 226
196 287
56 116
31 111
100 163
32 92
62 122
37 272
56 166
23 221
41 240
85 293
183 207
33 263
250 256
41 53
113 245
29 193
56 216
53 68
64 68
103 207
194 264
36 260
1 50
156 226
280 291
215 249
44 277
37 95
230 284
213 247
177 299
191 271
81 151
1 224
187 221
252 261
71 257
6 97
158 188
158 293
191 217
118 277
131 249
82 117
74 227
200 260
76 116
162 192
132 204
95 269
177 204
93 217
94 217
14 168
45 289
30 143
64 110
37 103
33 79
136 264
157 280
111 242
30 187
12 206
29 265
18 165
47 298
54 220
117 178
109 289
95 169
40 246
110 231
51 132
191 207
145 258
53 234
151 248
9 288
78 132
7 248
214 240
58 176
130 178
19 250
37 172
213 290
157 214
210 221
45 275
139 271
33 254
184 272
84 93
12 287
28 129
70 88
72 123
3 145
239 241
110 165
62 212
2 75
41 60
73 191
51 119
16 179
99 261
198 295
84 245
223 293
170 268
73 235
146 156
67 228
151 228
195 239
174 240
27 80
187 254
19 129
157 168
114 283
156 212
139 180
224 298
120 151
122 135
69 215
7 258
82 219
38 99
178 189
117 229
86 230
164 225
188 255
20 120
251 274
124 291
52 125
9 144
144 154
142 201
167 195
35 108
218 276
80 164
55 113
100 175
219 281
87 116
59 209
131 233
217 291
