nnodes nedges type
30 70 graph
nodename posx posy weight
0 -2.546834009692129 -0.9045283625839693 64
1 -0.6825066092384678 1.2486439200249384 137
2 -3.641673404748087 -0.4221936399407545 275
3 -0.058804753373773236 -0.009147647526283784 425
4 -0.6129116947594936 -0.2011412100660097 75
5 -0.14988150184642485 0.426595269422967 398
6 -1.1017861182971314 0.8325876318469183 170
7 -1.1395750425853788 0.3283754812842132 275
8 -2.5504312207200805 0.10413833963151257 105
9 -1.440040562085578 1.3422069448352585 218
10 -1.7177299741312744 0.09544226197652722 386
11 -1.327539841535037 -0.25659216666626034 428
12 -1.2244251800863069 -0.7155082996785265 222
13 -3.0869877935082197 1.3429251371528932 416
14 0.359432500758019 1.339659805115611 114
15 -2.7808814869154532 -0.5288022738457101 395
16 -2.138353466890626 0.9823358643818774 7
17 -3.2230799415011995 0.5691873122791545 497
18 -2.1075817649795203 -0.019485905909064006 198
19 -1.248831356034254 1.6948670695640944 300
20 -0.35892544162161816 -1.338298187633034 462
21 -2.7036030963434174 -1.7169867942805053 10
22 -0.4514820552571772 2.3423473899742677 171
23 -0.39496851161512403 0.8137401596725095 5
24 -1.605902049049228 -1.2723564762407888 348
25 -1.753515944092225 -0.6693157643565096 364
26 -1.5288733296292536 2.360255926934554 92
27 -2.07469426948755 0.4578152631096483 399
28 1.0439533084455088 0.09098547715536853 330
29 -2.2205715737917346 1.4492955080485515 289
endpoint1 endpoint2
0 27
1 3
10 11
3 25
6 9
8 13
1 26
2 8
10 15
11 23
25 27
1 6
0 10
19 22
9 18
16 17
12 20
0 21
19 29
26 29
7 24
10 12
13 16
1 14
16 29
1 5
4 23
7 19
13 29
11 27
15 18
11 18
8 16
14 23
8 25
4 5
18 24
3 23
12 25
4 16
12 18
6 23
1 9
6 12
5 28
16 19
11 12
17 27
4 11
15 17
4 20
11 15
1 22
5 10
18 25
8 12
5 7
1 27
15 21
9 23
5 14
18 29
16 27
1 7
2 15
19 23
10 29
7 8
6 16
21 24
