nnodes nedges type
30 70 graph
nodename posx posy weight
0 1.9857521054740286 6.059103091982317 290
1 2.40525547455807 4.375890989152506 174
2 0.32386998934968164 4.880132425995119 443
3 1.5006371059153212 3.4657317428100463 40
4 0.33154527323228056 3.849204997063 298
5 -1.5783516939538054 4.860368779887321 305
6 -0.4817324569709608 4.593244359019054 414
7 0.5624931597689409 1.9846861631515222 335
8 1.001967500832591 4.294460459345747 384
9 2.1682148897438207 3.541127386633179 1
10 0.9528684329048391 4.94551490958908 92
11 1.676850023449861 5.453564277442383 204
12 -1.4990774958053845 4.077144410656068 292
13 1.310919709495198 4.920632499281905 493
14 0.9140338147809157 3.177546370122295 72
15 -1.3420863397180607 3.5653726876565073 221
16 -0.539717805535491 5.050308048150518 117
17 -0.8348182120081811 2.9297166065399365 25
18 -1.0473845287191519 4.915365396647178 129
19 -0.28107070554300334 5.4582752252036375 244
20 3.086187369401612 2.9402774178129834 409
21 0.09971848349477946 2.7254460044506557 500
22 -0.7517483104738096 3.8016448908816662 293
23 0.2180970730498829 5.998997980911149 366
24 1.0739767620325398 5.992108271317128 8
25 -0.2565202736617834 4.355260459822413 328
26 1.4357625875988804 4.073154650156809 175
27 0.512057618678881 5.5582059472064405 137
28 0.5231586685594586 3.2912024498074093 166
29 -0.1322228743849004 3.51772753973362 472
endpoint1 endpoint2
9 26
18 22
1 3
7 21
8 13
2 18
2 8
21 28
13 26
26 28
5 19
3 21
11 23
8 9
18 19
8 28
11 24
3 14
2 19
6 29
26 29
0 24
3 10
5 12
24 27
4 13
16 22
2 23
19 25
10 27
12 17
16 25
22 28
5 22
16 18
11 13
8 25
7 14
2 6
4 28
9 20
1 13
12 25
4 14
16 23
10 24
11 26
3 9
15 29
12 18
22 29
13 19
2 24
6 12
2 14
3 26
15 17
6 19
22 25
4 6
21 22
10 16
4 17
0 13
17 21
2 25
6 27
8 27
15 16
6 16
