nnodes nedges type
30 70 graph
nodename posx posy weight
0 -2.3824063745306248 0.7212403157306562 478
1 -2.4477497472855325 1.0512863723224521 81
2 -3.883300737243504 1.3239224723289822 449
3 -3.735003044571076 -0.71334600574888 408
4 -4.802486765822569 -0.6469042203444183 88
5 -3.071926719988913 0.6388667640962252 143
6 -3.3138741895738457 1.378687634745478 173
7 -4.841185182145236 1.0371707472303517 272
8 -1.6686666453893038 -1.1088921753956102 3
9 -2.378418399417944 -0.7210078984370933 439
10 -1.8888879192310437 -0.4041418504357958 356
11 -2.5421971420793916 0.028348834876693936 483
12 -3.820265879948477 -0.05305986692561475 424
13 -3.9718860097033795 0.9400780739466068 287
14 -3.8870148449670734 2.336028048289682 281
15 -4.535919781556318 0.2167989820218859 289
16 -0.8714644150793126 2.297511786240516 433
17 -2.6121906983001097 -1.6653874644355577 214
18 -3.1647138230482335 1.6114006637136953 50
19 -1.655776812878094 1.542586939159125 396
20 -3.6174331666591786 0.2878384920685836 192
21 -3.1935397584124168 -0.7032916659838053 366
22 -1.970245808458713 1.367538684220544 184
23 -5.708509964929849 0.19307354034541502 20
24 -2.351924929799021 0.03187806569949337 47
25 -2.4899059669422643 2.4521978801801962 392
26 -1.6884953752167742 0.2858088907805706 416
27 -3.3580974901897416 2.7778147770801183 130
28 -3.4697667529574936 -0.8805966134746236 29
29 -4.321954425617435 1.947031993503599 500
endpoint1 endpoint2
9 26
2 29
18 22
2 18
1 26
5 13
3 11
8 9
4 12
5 26
2 12
25 27
19 22
1 6
10 26
11 19
6 14
7 20
1 2
17 28
6 29
20 21
5 12
0 24
5 18
3 20
8 10
12 24
1 5
4 23
19 25
0 11
9 17
13 29
1 10
2 15
9 24
12 28
2 27
18 20
7 23
12 21
7 14
2 6
22 24
8 11
13 15
10 24
3 9
0 5
8 17
16 19
10 28
14 29
22 25
1 22
0 26
14 25
0 19
0 13
15 28
0 6
18 29
6 20
11 20
5 20
20 28
0 9
3 4
21 24
