nnodes nedges type
30 70 graph
nodename posx posy weight
0 0.5822432431559847 0.06475086989029365 135
1 -0.24237020064257486 -1.5449538528374078 154
2 1.8955743061202242 -0.4374955333868263 271
3 0.26295721112936077 0.6947253384757365 447
4 0.039803252626861144 -0.38499429339637736 475
5 1.4637823674515777 -1.3236770523273111 55
6 -0.8808114014160587 0.11781897357330827 59
7 0.9904508182649719 0.41211024555108294 223
8 0.5594905888488152 -2.2964181398461965 310
9 1.1196862369535663 -0.3795301837296088 398
10 -0.9617132305213917 1.402727272667263 55
11 2.061745589741105 0.7707910430467151 487
12 0.24724801638599628 -0.8148359006819574 14
13 -0.2236390873696496 -2.0571123287721913 317
14 0.23008973112720862 -1.725696380946646 114
15 0.8679042781335703 -0.7875752064786331 437
16 1.3065304579180679 -0.03047069032900417 469
17 -1.6375928493082523 2.256766199097564 60
18 -0.27653865369069325 0.0698301079881177 248
19 2.5316689674478283 -1.753561717971615 285
20 1.1588321613086416 1.000640892180219 445
21 0.7376521576381159 -1.337198459647746 231
22 0.324742600974883 1.4545312486090012 213
23 -0.4744948507726663 -0.5014624029326592 59
24 2.093821123429137 -1.0032714958135598 295
25 -1.0041512193215292 -1.6034324797048207 100
26 -1.5406108623845303 -1.1815816571632949 380
27 1.1601326231952656 -2.461126282021393 7
28 -0.32988086429627245 0.7421544651711125 137
29 -1.3943368493860133 -0.5490445862580651 384
endpoint1 endpoint2
3 15
5 9
7 21
1 21
10 17
13 26
5 19
7 16
2 12
3 28
12 16
3 7
7 11
2 5
13 21
7 20
8 14
4 9
1 25
9 15
12 13
26 29
6 10
4 23
3 6
0 4
15 18
9 24
10 22
8 15
23 25
12 21
0 22
2 16
25 29
4 28
20 22
9 20
23 29
4 14
5 24
1 4
19 24
4 16
7 18
0 5
5 21
6 12
12 23
6 26
0 23
12 15
15 24
4 6
1 12
3 22
23 28
5 27
14 25
2 11
13 27
5 14
9 23
18 29
20 28
11 20
1 8
16 20
8 27
15 16
