nnodes nedges type
30 70 graph
nodename posx posy weight
0 1.1556757563965627 1.1086283778111563 288
1 0.009694788362187684 2.419114874578424 226
2 0.7913803875503964 2.4238379127986502 322
3 -0.5803823289487696 1.0254415970721202 57
4 1.1162992588865022 0.3089938319176057 98
5 2.1192874832300617 2.0993575514234997 454
6 -0.11486233466980188 3.3409601910261997 241
7 0.46989127312043194 3.4806299974484105 5
8 0.27662535983599945 1.2890553438420296 439
9 1.900285854720678 1.6868344362036434 437
10 2.1492473380698818 2.7568547712290505 439
11 -1.102878418977128 3.1051695322585826 168
12 -1.5441759831198705 0.8208581172886477 227
13 -0.674491929615722 1.9786292456969639 380
14 -1.2947935302944908 2.717626611272231 277
15 0.010159394163179385 1.944063098309966 178
16 -0.04546302168317003 0.03061476195515765 214
17 -1.1742518823599966 1.116067613239225 380
18 1.0159031475479687 1.582914378059736 403
19 -0.8244664314715987 -0.08934992871713088 126
20 0.5761514317713357 0.9496541152326966 355
21 1.0906607649992826 2.200429167477563 24
22 -0.5483197098798549 1.5586776469539805 112
23 1.5334862882534428 2.8304436723410755 121
24 0.05700125492653066 0.538997205731984 222
25 -1.605118104379716 1.952069079209238 492
26 1.8832916040624625 0.408631030553558 272
27 0.8133203092975959 3.416216691721047 77
28 0.7606984356228385 1.5759659732636677 291
29 1.8224028470188562 1.0332179635429213 307
endpoint1 endpoint2
9 26
1 21
3 25
8 13
1 3
2 18
28 29
15 20
4 18
8 9
13 17
2 22
1 6
8 28
2 5
3 17
18 23
20 26
3 24
8 24
6 7
7 15
0 15
0 21
0 24
1 14
3 20
9 28
16 22
17 24
12 17
1 28
3 16
2 27
7 23
11 13
4 28
2 6
3 13
6 11
18 24
13 15
21 23
2 20
4 16
19 24
2 10
13 28
9 10
17 22
3 19
0 5
4 29
12 15
22 25
5 10
13 14
14 25
15 21
1 27
21 29
9 23
1 18
4 26
18 29
20 28
8 18
6 27
23 27
11 25
