nnodes nedges type
30 70 graph
nodename posx posy weight
0 1.8400310237074362 3.324220467156519 266
1 3.184565251464781 0.915024059834371 398
2 1.0014670856890704 2.2025654987202135 413
3 0.776292849339651 0.9155055187363694 153
4 1.5009870597922843 2.5029734839176587 499
5 1.5668286696380722 2.1138671669488733 245
6 2.2809637630102206 1.0489610519060828 356
7 0.9217310429124769 1.5717244028565682 433
8 1.7309707738514153 2.8529235973127474 325
9 1.1983016242116282 1.3063104643453451 151
10 3.397006647224941 3.4346967888498474 495
11 2.087502813463998 1.4741115556820914 202
12 3.5364113289060675 2.2824143460156514 353
13 2.606354234821912 1.8769178803585316 253
14 1.3278961073078301 0.8851054402832073 215
15 0.5969696214607141 2.0448465465194428 389
16 2.0144668018779956 0.5347258498665343 458
17 2.006225305663811 3.862111038144488 48
18 -0.08372218109188462 3.088084265359284 314
19 0.5950302422752717 4.575711105094618 499
20 0.43368968245417505 3.4958369391464283 447
21 2.6064882275582693 2.328965444515325 2
22 2.357127477206295 3.2857560447558813 446
23 2.0867676025069963 2.154083558521459 68
24 2.9318739418646937 2.629181519951665 331
25 0.7664427334582286 3.021968484501657 269
26 -0.23541826935852064 2.0528212452014234 60
27 3.3557801916725203 1.7556375820459753 444
28 1.185249484952935 3.7744199399951612 320
29 0.18308467582952026 1.3956100580039577 339
endpoint1 endpoint2
5 9
22 23
5 13
6 21
18 26
7 25
11 23
9 29
10 21
8 9
17 25
11 14
16 21
11 24
2 5
1 11
0 28
6 14
2 26
6 7
15 23
17 28
21 27
12 13
24 27
12 24
2 23
4 13
9 11
15 18
4 24
5 22
3 16
22 28
10 22
7 23
8 25
0 22
7 14
4 28
19 28
22 24
1 13
8 21
15 29
14 15
18 28
5 21
2 3
19 20
4 11
3 5
4 29
13 23
14 16
7 26
8 22
4 15
1 27
0 13
2 11
5 14
17 21
5 20
6 13
3 29
2 25
23 27
12 23
0 2
