nnodes nedges type
30 70 graph
nodename posx posy weight
0 0.2904883956856241 1.9924727959482125 451
1 -0.5076357818479483 2.358178365272885 51
2 0.7259329416054056 2.922412879690479 43
3 1.7687660815349735 0.941690239730376 452
4 -0.29014466239246645 -1.2406071114524924 366
5 -0.8633771421883008 1.2754987401671434 113
6 0.9960181128525755 2.606351175006557 149
7 0.028804659833510115 2.3758785090156227 165
8 1.7867528614588617 -0.020328506336240074 77
9 1.0565081191098926 -0.054471172695914394 315
10 -0.8590742263713773 -2.164844410723354 459
11 1.5767286559574716 1.8169016369606865 313
12 1.2528791737364053 1.9418960245303198 67
13 -0.1534755538722466 -0.1587813224990925 436
14 -0.645352477240413 1.4396477165598651 55
15 2.0002290063849886 1.4547103709250748 55
16 -0.32419275474339876 3.48439037430872 177
17 -0.5833791779465703 -0.12250242096298358 148
18 1.9516920469756749 -0.6043896180298438 88
19 0.727227107058746 0.7880240210341843 487
20 1.0519897085010905 1.1573206190465588 353
21 -0.6637341931731182 0.7736782400100092 184
22 0.923367206071815 -0.462971151326774 209
23 2.3622033782655603 2.4215472567990837 337
24 0.3784592592129083 1.0211874279880715 279
25 0.30563588722121376 -0.0667414509898268 477
26 0.5692034232394284 1.8354016640527944 300
27 0.12560588521244967 0.7190098353259159 79
28 1.7420486852804777 0.5069318797446623 269
29 -0.20207049482520847 1.4944012229640706 366
endpoint1 endpoint2
1 21
18 22
12 27
1 26
11 28
24 26
20 29
11 23
8 19
25 27
1 6
9 18
15 19
11 19
9 25
13 21
7 20
2 26
27 29
12 20
6 7
1 16
0 24
1 14
26 29
9 28
14 27
5 25
19 25
9 24
6 15
5 29
0 29
19 21
4 10
2 16
20 22
14 19
6 11
0 12
4 25
18 28
17 22
13 19
5 21
6 12
3 26
0 5
19 20
3 19
25 28
17 27
2 7
9 27
26 27
24 29
20 24
8 22
0 19
5 7
2 11
3 8
17 21
0 6
20 28
11 20
15 28
11 15
12 23
0 2
