nnodes nedges type
30 70 graph
nodename posx posy weight
0 3.256648224469254 0.48345531807029196 459
1 0.1785965056317909 1.7488114825284917 43
2 0.0886868455239479 -0.7942425381024247 89
3 0.7311170671108973 -0.01871275473129299 141
4 -0.032525171503913035 -1.9144078062357706 423
5 1.3681291660855672 -0.05118287079199352 289
6 0.14832867541019393 -0.1581861126595579 144
7 -1.1420010920438033 -0.6727040076694506 408
8 0.9893151148801874 -1.5641682176948581 370
9 -2.0270582478382604 0.9533178561079554 276
10 1.355306213489395 -0.8919366116586087 206
11 0.298280790058844 0.7495319865663589 378
12 0.7519616708744034 0.4101104691632358 57
13 0.4369892096363096 -1.0525589946707998 141
14 1.275379447503929 0.962628501840362 237
15 -1.240145508044485 -1.2745288568263584 250
16 -0.07990918850347002 0.5617807785467933 158
17 -0.6101613567044277 1.208026394129379 283
18 1.9211265084118587 1.0715900797157334 88
19 -1.123610244857997 0.21679794288196014 318
20 -0.884122699302295 0.021517012783817076 197
21 2.1318256024157844 0.31697840750824086 389
22 -0.3130012635313792 0.3112728223380844 261
23 -0.13410918159664992 1.6823523959582518 251
24 -1.1655191100202422 1.393884598620432 387
25 0.7411652216157958 -0.7834583369659132 311
26 -0.5574642422967218 -1.5760687109863465 486
27 -0.37497948746723575 -0.7322533182763599 159
28 0.5150209503783676 1.4000687789978152 491
29 1.0897035813277525 1.2129534405713724 66
endpoint1 endpoint2
13 22
15 27
11 16
3 25
8 13
15 20
11 28
13 26
17 20
5 13
1 17
11 23
10 21
3 28
2 12
11 14
12 16
3 7
1 29
11 19
2 26
7 20
6 14
16 17
0 21
17 28
1 14
16 29
4 13
2 13
6 25
10 27
6 22
3 16
9 24
12 28
5 29
11 25
1 24
3 13
5 11
23 29
2 20
16 23
2 10
4 25
12 29
6 12
23 24
12 22
6 19
11 17
26 27
1 22
7 26
20 24
6 8
4 15
21 29
19 27
13 27
4 26
18 29
6 20
3 18
16 27
14 21
16 20
9 19
6 16
