nnodes nedges type
30 50 graph
nodename posx posy weight
0 2.569912478594956 -1.1766631206780316 1850
1 1.999047205232913 0.12907606599875443 1111
2 1.0016451780544846 0.3029986086700911 4743
3 4.822867620276265 1.6706066560185213 3799
4 3.566458576128789 1.5981999031487175 2450
5 -0.12549411191845022 2.242373827409905 1721
6 2.0993338928108805 3.723577197804026 3969
7 0.888819786331965 1.2616319258411852 3865
8 0.3895808044912927 3.558230840964571 1251
9 4.149222786375592 2.888115479817604 3419
10 2.937991412886323 1.8015775329563926 3140
11 1.8916850972398733 -0.7441606034692176 2389
12 2.7298746825494256 2.6017351233770856 3549
13 2.595423818438112 0.03763554820835008 2207
14 1.364182386413868 -0.6385136892839149 1302
15 2.5910679289584295 1.3397417178023299 1674
16 2.0484075516514935 0.9879037235446654 1329
17 1.5639083440324524 1.709104107082992 1568
18 3.5309084069567604 0.6185573770145322 1476
19 0.6305151508169324 0.1458981917614294 4936
20 3.3122227465125342 2.6839579837097354 3273
21 0.8749765269244255 1.7312690163305475 3207
22 1.3420234434675482 2.715394572337497 4750
23 0.46828924534636124 2.632928525327626 1479
24 4.566211679447609 0.2938498264759871 2052
25 2.24436054136676 3.202176214947666 1501
26 4.025938523079598 1.9296841936386997 3005
27 3.446119574624155 1.0158538362037346 1385
28 1.7354433572464472 2.291328397309483 1077
29 1.0003513202291905 2.970428321123754 1254
endpoint1 endpoint2
20 25
12 27
10 17
8 23
17 29
21 28
15 20
1 15
16 21
7 16
10 26
20 26
4 9
1 16
24 27
13 16
10 18
7 19
15 18
6 22
12 28
5 29
11 13
25 29
4 10
9 20
1 13
21 23
12 25
4 16
1 19
17 22
5 21
6 12
7 22
2 14
3 26
2 17
0 1
22 25
26 27
13 14
8 22
23 28
2 11
13 27
15 28
17 21
4 26
3 4
