nnodes nedges type
30 50 graph
nodename posx posy weight
0 -0.18713927020466645 7.325188785384692 1867
1 -2.077671529746565 7.705387636486443 4644
2 1.6272670093689803 5.591209499052316 3321
3 -1.0053705379058708 3.0482787230735977 4061
4 0.889277206117828 5.640152963189915 3765
5 -2.606178471341746 9.69653814922074 4082
6 0.46284137428928557 6.225074160772333 1540
7 -2.1908527875866683 4.394764103844886 3089
8 -0.5277441277120446 2.8433192901140307 4111
9 -1.317596379547072 6.840719381876619 1504
10 -3.869923620805478 8.80013966464003 2090
11 0.7109266508235552 4.301428198130068 1243
12 -0.9675854681788879 4.8760393707647465 3288
13 -0.4668237399123997 5.999563801259823 2551
14 -1.7782436148191478 5.143127784724807 4045
15 0.8856870251412229 6.603643439891087 1248
16 -1.469808528347208 5.5644479798905255 1720
17 0.4491559365113092 4.9736709877175995 3431
18 -1.3277066831980764 1.9699545326293155 2773
19 -0.3907487785691573 5.366319521335963 4694
20 -1.8842853105046415 3.780699667601886 2854
21 -2.7604176997172862 8.579826627238713 4590
22 1.48391335831351 4.779360603763613 1918
23 -0.9304993464831339 5.8990737887813545 3276
24 -2.0535412603726013 5.807107730332853 4016
25 1.7743057962040267 6.482112519829467 4236
26 -1.0166349613751315 4.2283986871850905 3917
27 -0.051185537659171 4.582348358538154 1822
28 -1.2342189990638432 3.7227708902603616 4986
29 -0.17798947368574605 3.800667180614668 1970
endpoint1 endpoint2
1 21
7 12
17 29
26 28
10 21
2 22
3 28
4 22
11 19
20 26
4 19
12 13
26 29
11 22
8 20
6 25
8 29
11 27
17 23
7 28
2 15
14 23
27 28
7 14
13 15
14 24
19 24
9 16
17 22
1 9
5 21
16 26
12 29
14 20
3 26
16 19
2 17
6 27
26 27
4 6
13 14
12 19
9 23
0 6
3 18
20 28
2 25
3 29
0 9
12 23
