nnodes nedges type
30 50 graph
nodename posx posy weight
0 -0.38852372620270026 -3.715586077265899 2674
1 -0.20503105697226173 -0.23810240659781878 3384
2 0.4290755037328272 -1.4302707217388935 2698
3 2.0269471613372 -2.6498972033756303 1919
4 -2.044421383216229 -4.635374220312103 4465
5 -2.3445946370376096 -2.34489452978639 4733
6 0.29745680698573923 -0.24534680858713973 2402
7 -1.1966546037397527 -1.1688882235175218 3800
8 -0.35269338566630115 -1.161915256755935 1420
9 -0.6819155688902518 -1.9732129709894604 3656
10 0.13316410029889847 -2.2250461445060905 3268
11 -0.14576146366022794 -4.51036894646234 3862
12 0.815066913268922 -2.872265567663144 3892
13 1.3602291746729755 -2.0644246235621195 4949
14 -2.9347741040340045 -3.8887615633062103 3221
15 -1.083579208852172 -3.5613694776433555 4273
16 -1.071717917930222 -4.802890381743963 4402
17 0.31273558017118874 -3.8333066247572054 4858
18 -1.783746880358581 -1.3910326652562897 1912
19 1.3883271914036075 -0.7294921999026021 2301
20 -1.606249000750402 -2.186666339712917 4897
21 1.49469042242842 -3.4960709514986816 4513
22 -2.7693251991312566 -1.5733730990988777 4978
23 0.7312639001157883 -2.2921462113093867 3863
24 -0.3855015145733124 -3.0605851973660103 2538
25 -1.8330197016977812 -3.4830377735794174 2856
26 -1.0213105168169097 -0.5477886634475363 4368
27 -0.976827133578231 -2.8262118605648174 1231
28 -1.4163572832377227 -1.8103121399983688 1431
29 0.5696016920564889 -0.9486518420036304 1628
endpoint1 endpoint2
9 26
11 16
1 26
2 8
18 26
25 27
2 12
8 28
11 24
7 29
13 21
1 2
7 20
2 19
6 29
9 15
0 15
19 29
24 27
2 9
18 27
8 10
2 23
5 25
10 27
13 29
5 22
22 28
20 27
2 6
9 20
24 28
0 25
3 13
10 13
4 16
0 12
4 25
6 26
23 24
17 27
11 17
3 12
14 25
5 7
17 21
1 8
5 20
12 23
15 16
