nnodes nedges type
30 50 graph
nodename posx posy weight
0 -5.590173508351134 -0.492864194379278 4254
1 -0.4664371195762917 -2.7532997162814565 2872
2 -4.433522830836706 -1.0475910557459711 3220
3 -2.87052485145032 -0.09489638076730213 3791
4 -3.600024555688317 -0.8607204522569905 1970
5 -0.9861724542797572 -1.2556851524116863 3023
6 -5.541306611362141 -1.291260144466998 2839
7 -6.567683757914165 -1.7259506506597317 4736
8 -4.403365195805558 -1.737195275819227 4234
9 -1.6637603704210489 0.4337528896867269 3820
10 -3.472406280263234 -2.6750093100529684 4062
11 -1.9420940609729276 -1.0417131614589539 1431
12 -4.343165551192446 1.2286700488665079 3539
13 -2.614247280761619 -1.1541863738431422 1891
14 -2.8277643781766786 1.3661929477517378 3746
15 -4.357849664053406 0.43921098614122067 4616
16 -5.230243512477325 0.18311777483674435 3450
17 -1.5104351121097481 -0.10619533427037964 3093
18 -2.529370997615596 -0.14948242362505507 2782
19 -1.4230875515694335 -2.1355040089202424 3239
20 -2.394626630880593 -0.4861491775540588 3063
21 -3.3632032816854913 -1.6060655513250304 3422
22 -2.562080507771305 -2.1985098537876966 1875
23 -1.779333984836343 0.972322152231325 3306
24 -3.5151662280125096 1.37878655614762 2459
25 -3.4890838099041996 -0.08003436457727549 4509
26 -2.030109472397203 -2.204374149000368 4341
27 -3.72052777285041 -3.7792504184337585 2991
28 -2.395518903566592 0.8706330013129618 4973
29 -4.264803590727396 -0.43356322112288737 1700
endpoint1 endpoint2
4 8
2 8
19 26
4 18
22 26
3 11
0 16
3 28
5 26
12 16
10 26
3 17
6 7
20 21
13 25
3 20
8 10
9 28
16 29
4 13
11 22
9 11
8 29
10 27
17 23
14 23
11 13
14 28
9 14
12 14
6 16
5 17
14 24
11 26
1 19
18 28
13 19
17 18
20 23
12 15
6 8
18 25
21 22
4 15
2 21
24 25
13 18
2 25
3 29
0 2
