nnodes nedges type
30 50 graph
nodename posx posy weight
0 0.5590148678676932 1.3449537919280743 3638
1 -0.49153944203126393 2.1243135663418085 2038
2 1.8870209573615806 0.8571008063060493 1989
3 -0.018759663534643208 1.1117409243956613 2776
4 3.2119167473046484 -0.8487992044465043 3855
5 -1.4485293241542567 4.102921595862882 3725
6 -0.7607348312986012 3.228880739818676 1715
7 1.423889248863512 2.4499189544031013 3923
8 1.9597572904085678 2.9293179113384813 3812
9 0.2247755675573426 2.3648999614137916 4112
10 2.9016571163837326 2.9635459318037087 1554
11 1.3663087094156356 0.17871212542597623 4468
12 0.7307197935540757 2.1771197204213024 4662
13 -0.3233299068891388 0.5908888598053814 1749
14 0.7773697267559363 0.5747902707371244 2343
15 -0.004605928814870859 3.5042347947015324 1816
16 3.389232707558094 0.8641447078759366 3435
17 2.6966558255830972 1.3295234240106826 1865
18 2.513943750045013 0.010688950704728778 4781
19 2.3855816641753265 2.561381655069364 3441
20 3.097927513643384 2.0147467520611775 2122
21 1.7262558306244538 2.0891597205538073 2858
22 -2.2897200371737028 0.8174674299334923 1460
23 0.24580045729905037 -0.5553388169702062 2413
24 1.5392142341878456 -0.530480056612625 4128
25 0.7649390435126225 3.070568990698416 1617
26 1.3829019486500405 1.184819397462802 3430
27 1.6286201300169216 3.448627158170172 2100
28 1.27778691434787 3.115164932385906 3668
29 -1.2635571348192616 1.1991369559311862 3203
endpoint1 endpoint2
6 9
1 3
2 18
5 6
4 18
21 28
7 12
0 7
7 25
25 27
14 26
11 14
1 29
2 26
16 17
0 9
1 25
21 27
20 21
9 21
0 11
19 25
13 29
7 10
11 18
12 28
14 23
6 15
16 18
19 21
17 19
21 26
12 14
18 24
7 27
8 21
14 24
1 9
22 29
3 26
2 14
12 15
8 12
13 14
2 21
0 13
10 20
16 20
17 26
8 27
