nnodes nedges type
30 50 graph
nodename posx posy weight
0 -1.7869539457167911 1.5548678294737688 1795
1 -0.15572862996222128 -1.9562406503346683 4219
2 -2.9560935336794043 1.6727053538433898 3769
3 1.7021263989504924 -0.6190664272223674 4297
4 -1.6674340387575546 -0.39342863633832065 3659
5 -1.2842921803206722 -1.7636420407925588 1786
6 1.1039083288589036 0.22014569234636847 4652
7 -0.5618941829398968 1.561566620042507 1201
8 2.76839470329766 -0.9498963737257171 4680
9 -0.05406249711526776 -0.813668232244811 3130
10 0.6554668039590398 -0.9036864356710994 2333
11 -0.991305788541423 0.913933937411508 1921
12 -1.6942627863868047 0.3648912035091268 1384
13 0.07585176530999822 1.2159769640892093 1868
14 1.9354481185236985 1.0913604645929327 3043
15 1.1701997791980845 -1.3866196293879036 1560
16 -0.3479259316008067 -0.11607561426407705 4648
17 0.5026243804293199 0.643573430665786 4366
18 -0.048305116443623966 0.3251007055877178 2555
19 1.69996597661763 2.9257596354154445 4028
20 0.16215769197248103 2.4644538547530135 2626
21 -0.6461696318674369 1.9846337254416333 1040
22 -0.7008483097368102 0.9822499212557588 2506
23 1.0674581475008433 -2.085072680785908 1368
24 -2.890178849680775 0.5171793876062339 2087
25 -1.6730346223369168 2.2405126791448127 2894
26 -1.0759730285041518 -0.2912555409762007 3007
27 0.6572082394541507 1.4734822543355173 1936
28 1.1041963343426728 2.003217103062063 2617
29 -1.9326122234932779 -1.2569609431148396 4948
endpoint1 endpoint2
9 26
3 15
18 22
0 7
18 26
4 22
12 16
9 18
7 11
6 17
13 21
6 14
0 21
15 23
9 15
21 27
26 29
3 10
6 10
13 16
12 24
1 5
3 6
1 10
27 28
5 29
11 13
14 28
6 18
19 28
20 22
4 5
7 27
7 18
0 12
11 26
13 28
10 23
2 24
11 12
11 17
21 22
10 16
12 26
3 8
20 28
13 18
6 27
11 25
0 2
