nnodes nedges type
30 50 graph
nodename posx posy weight
0 0.5595855586129185 0.510344757956872 4463
1 -0.5558563019470639 -1.0480056898129961 1452
2 -1.8505292594813685 -1.4926464512927222 1843
3 -3.1727765126367267 -1.830938757519555 2999
4 -1.4326823666836344 0.9341418602949354 2545
5 0.0016187337733599503 -1.9195482498077563 4400
6 -2.857959390676237 -0.5972451409233721 3956
7 -1.7969029754026007 -0.9026333429214186 2179
8 -4.434912490112787 -1.4642055948694996 3538
9 -2.721740107115534 2.1705287082816955 4893
10 -2.039848378476651 -2.3153161536488334 1874
11 -3.33867330716759 0.017020310050436898 4745
12 -4.925166984489689 -0.9052087731142946 2812
13 -1.2059706692045664 -0.6551110905018002 4078
14 -4.4692098245946195 -0.06746180870191922 3234
15 -3.860104744613982 -1.0093594063952227 2866
16 -4.180069255288071 -2.0248117338158536 3193
17 -1.436904419796226 1.9558443021340934 1546
18 -2.7900008296637595 -1.0949894659079609 2379
19 -3.6911656120754364 1.1787699019097553 1324
20 -4.598405472049272 0.8655244197873532 4577
21 -3.742041477488538 0.6557620254153861 4060
22 -1.6627325034755747 0.1612935134823787 1461
23 -0.9256752485303636 -2.0996893120664017 1281
24 -3.921690995163322 -0.3863804689639907 2586
25 -2.5412634682881037 -1.8551950452157278 4206
26 -0.49427906859301035 0.123223363831062 4505
27 -2.291938052435975 0.2424519517899077 2880
28 -2.4298304615303468 1.4870851120853956 3988
29 -2.6737092209376727 0.882560107068985 1831
endpoint1 endpoint2
1 26
13 26
4 27
9 29
2 22
6 24
12 16
5 23
8 14
6 7
6 29
17 28
21 27
19 29
3 10
9 28
12 24
2 23
1 5
6 25
11 27
3 6
15 18
3 16
22 28
7 10
19 28
12 14
1 23
14 19
1 13
7 27
18 24
14 15
2 3
10 23
19 20
4 29
0 26
18 25
20 24
4 17
3 8
4 26
13 18
2 25
1 7
14 21
11 15
15 16
