nnodes nedges type
30 50 graph
nodename posx posy weight
0 -3.064838138506349 -2.668159473451157 4585
1 -0.33429109600744017 -4.355283917954442 2701
2 -0.9725303308077617 -4.566770927513858 4891
3 -2.4602261496957385 -1.8771268967767218 2240
4 -1.8426655805970313 -4.001899660313898 1901
5 -0.5086926120174015 0.8938889045169114 1520
6 0.08662746145295294 -5.444250280531145 2773
7 -1.109227454764476 -1.858755984461518 4381
8 -2.0750913491145173 -2.8110675694623835 4718
9 -2.0097050852799887 -1.98077880773181 4818
10 1.5357668717571131 -2.5316819748692883 4489
11 -0.5352378145059328 -0.20872386260612802 4416
12 -0.008957266529229105 -2.377825278557105 4846
13 -2.403010982211579 -3.415408144512931 3659
14 -0.7818690530375094 -1.2869660053991454 3902
15 -1.2489394004061372 -2.6931170752466893 3326
16 0.7692812563335354 -3.3642776072276184 4174
17 -0.12539218345550066 -1.3236382093700514 4502
18 -1.9144969935480116 -1.4515691810753852 1532
19 -1.421696791120785 -0.7435778133900585 4590
20 -2.514227147554307 -0.6504834502308889 2579
21 0.6883381167643342 -0.5309440428548278 1970
22 0.2637549349423206 -3.638480463244696 1325
23 -0.3936030877012636 1.92822234300205 4639
24 -3.2955576534101696 -1.4475579265484708 4627
25 0.7273492537694795 -1.7299996733499459 2948
26 -0.2497794746561421 -2.680843497999129 2830
27 -1.290773520649756 -3.5306990039366912 1954
28 -1.4985915747076952 -4.397733390359287 4900
29 -0.7900341400429529 -3.4746991745689435 4595
endpoint1 endpoint2
15 27
14 17
2 29
4 8
28 29
22 26
4 27
8 9
1 6
18 19
17 25
12 16
11 14
1 29
5 23
11 19
15 26
9 15
1 16
3 20
25 26
12 17
8 29
1 28
9 24
2 27
17 19
9 14
12 14
5 11
3 13
1 4
7 18
13 28
3 19
22 29
11 21
12 29
0 8
19 20
7 9
21 25
26 27
7 26
10 16
10 25
13 27
3 8
8 18
0 9
