nnodes nedges type
300 500 graph
nodename posx posy weight
0 -1.2048045029720915 8.58993579062195 4157
1 -3.8048432581780993 1.620942780770008 3805
2 -5.600041329262585 5.127188307488085 1704
3 -4.548810078349849 0.4911166918694463 1779
4 -2.4544394112405463 1.3393287280034158 3490
5 -3.0787061451470814 7.891709362836616 4001
6 0.18711972898620868 8.206423364888488 4038
7 -3.6774815142767885 2.6145719996306944 3790
8 -0.6303702511827249 3.6140215376085605 4885
9 -3.5844552872875712 1.8081087075510363 4573
10 -1.5756960076595956 3.172925480967555 2450
11 -2.6142099197708135 3.4263594093654492 4582
12 2.111520113670211 5.976814759399935 4219
13 0.2576754018986284 5.65737611839254 3926
14 -5.491449196335966 0.7369811443828406 3829
15 -1.136237551576796 2.109595320336645 4379
16 -0.6695884275862551 4.395934706346703 3490
17 1.1488744707530858 4.895760917300291 1205
18 -3.9506858992361487 1.738080214408242 1556
19 -0.3488923077265348 0.3738956687355087 3157
20 -4.2213861543564075 1.3136968008165597 1914
21 -2.077875385893344 3.9121302895146077 4044
22 -0.4351387209897062 3.9364847022863216 2903
23 -3.871514752199761 6.62742635459021 2680
24 -2.599868199207209 6.4160338753901875 2610
25 -1.7906997592058003 1.1143720073195633 1643
26 -4.20359241634956 3.0172734005197563 2345
27 -1.7561040605208342 2.1650167376283513 2062
28 -1.6001379472795925 2.7007098170679815 2230
29 -2.1434748922577533 6.064044407125654 2175
30 -1.01749699030789 8.089308089174367 2085
31 -2.902125270713972 4.378262663768431 1160
32 -4.081511343863874 5.208499620702563 1624
33 -2.789336731515349 -1.2333829603462556 1900
34 -3.380899566391144 8.16318007588074 3675
35 1.4922544033795462 4.259926577434198 3799
36 -0.08834289309846745 6.654601094391403 2353
37 -2.789222388794734 2.230478536744399 2186
38 -2.048384832975657 8.990342937001282 1700
39 -3.5171563314817225 5.444284490969579 2055
40 0.7405286884253554 3.4838478659267826 4364
41 -0.038791466662106866 4.139082507764593 1565
42 -2.648186175580433 2.830701884273607 4601
43 1.519038925852276 1.4324061771775896 3447
44 -1.039659463480579 5.355645172888649 3410
45 -2.3518096263298602 3.0494862065793282 4447
46 1.1093666521046492 6.558547374802862 3344
47 -4.6926886991320655 3.944466001233446 4692
48 0.6289566723246962 2.3932733845126366 2349
49 0.8784279565369025 8.213287181394353 3058
50 -2.4620040434438706 8.390239020188577 3166
51 -1.6147165159741872 3.535697400147788 4602
52 -1.7140145956194481 5.227817356212049 3281
53 -3.02480772464715 8.829029368579786 2565
54 -6.459756457955245 3.860209335474474 2887
55 -2.6354578474302772 4.570334337180428 4078
56 -0.48672517840381757 2.2987532131014907 3254
57 -3.4740714464674096 1.2181963956650737 4597
58 0.5519903131359634 4.501635231257611 3253
59 -1.6299325129468722 0.4726301872273858 1957
60 -0.3124189273851125 8.663404830563444 4975
61 -2.384939664468375 0.4085148067923018 2022
62 -0.37453743919008553 7.043455545880946 4520
63 -4.715753796073648 2.651292144023968 2563
64 2.993038580833759 4.608888727838032 3963
65 -3.3320407445725713 3.250661770295152 1893
66 -2.110947877480545 2.82946090300704 3328
67 -4.7035723751647245 5.559610067582311 4699
68 2.1117073055181934 9.095679650909362 4568
69 0.5623069113699932 0.6870376407602595 3868
70 1.5075493895650562 3.810163175177004 1585
71 1.2818069685966638 4.0722599890322995 2168
72 1.6799510487666072 8.069811510818761 2240
73 -0.2612050960645316 2.749687109847821 2778
74 -2.4369378095519467 5.282812617709446 3396
75 -1.4894184509754578 3.788872896316018 2241
76 -2.7403118603363255 7.268492567553373 2641
77 -3.531456848342268 5.599622051064646 1575
78 -3.716392374472372 6.940524773811303 1501
79 -5.320808720817065 6.05015089648747 3080
80 -0.022592940806230002 2.203533282933265 3425
81 -3.9218683574768827 4.677362033292373 1852
82 -1.4839244943267522 6.74190356523285 3053
83 -4.334942524398434 3.462229683928179 2853
84 -2.2833068239512513 7.652421413825419 2686
85 -0.36977611026252044 7.6553604526714345 4689
86 -2.5866220301499814 3.7726643203243344 4271
87 -2.912648672473341 8.090560489408139 2410
88 -5.1004164265284215 6.680341980217281 2526
89 -0.9019000791680257 4.425189323656214 4675
90 -0.368508465242695 1.640329844123158 2888
91 -1.5459961095223818 5.663140536525216 3392
92 -1.2502343825992348 7.412407131100145 1721
93 -3.3064135754140103 6.097798648440726 4324
94 -4.961959895018619 3.32251881670909 1000
95 -3.8863482672632164 8.017084700920066 2597
96 -3.9508849736004694 -0.14600359734227328 2033
97 2.2845250417932794 6.247995866272202 4542
98 -5.097216163475053 4.493721541876317 2215
99 2.1954072382691776 5.355874585657523 1000
100 0.04156541475855675 0.8345928702285387 3393
101 2.509388089057442 4.316243839551867 3557
102 -0.20363347817378377 3.727574083001061 3312
103 5.256065477270133 2.529692346780078 4133
104 -3.883684437660939 7.587045382055266 1941
105 -2.4915662104102525 4.766485525539533 3407
106 -4.07167049716001 2.4153627141083467 4723
107 -1.7856638989254912 6.705612227215617 4432
108 0.18813932505636424 2.4494733960850246 4819
109 -4.900223651063358 6.545906179578076 1110
110 -0.0015489489887138554 3.198942777324432 3943
111 -0.6136179658807203 7.143219957043466 1956
112 -3.9946833084264175 4.096940728474479 1786
113 -4.341004909605771 2.457046819477183 2007
114 -2.26431227223308 -0.027662761927747657 4538
115 -0.36088783838911265 4.8553815455398635 2598
116 -4.141647780689157 3.823025237280379 3189
117 0.8306838622701778 2.19828749121337 3278
118 -0.4438220446835592 -0.5371628587758944 1589
119 2.3340314882671342 7.5144155768620475 2141
120 -3.3683124375701934 3.968695874111831 3357
121 -1.452872905258099 2.4263057321396992 2704
122 -2.350972453543858 7.107761893487868 1709
123 0.5999655355976571 5.693806281033298 2901
124 0.13277138918035578 1.861736354689369 1005
125 1.041784857868528 0.2959420072973946 3569
126 -5.273845124597002 5.528397559584304 1455
127 -4.206596761548437 2.775089969184928 4988
128 -4.681450739199227 7.16329115137607 4119
129 -0.9170276502398536 8.842763152541174 4404
130 -0.6483086244913724 5.084337199673975 2704
131 -2.0146427050438 1.7269658590718244 1799
132 0.12750929266887365 8.557975527069159 3207
133 -5.6848173239019 5.52013039719538 4397
134 -2.2244319011277933 4.1048188428136685 3487
135 -2.876062838435538 0.05532757133205272 4016
136 -0.11287207976166132 4.404193179303141 4662
137 0.5076973721551207 7.273549305764413 2520
138 0.039771298742741025 1.4208650590014351 2720
139 2.342113413487283 3.9125240100027088 1328
140 -2.014676526650968 6.276549941066309 1489
141 -5.710868286617749 1.8481811471140555 4842
142 -5.705574662233083 6.767719416897455 2407
143 1.2335234125012333 2.289132666056962 2714
144 -1.148444989046281 7.5835269279076645 3548
145 -4.673504399614701 3.514396218728764 2881
146 3.3673768580458674 5.157116240225706 1834
147 -3.087363193659673 0.7814641302231036 4805
148 -1.1640187736052374 6.181151455999377 3425
149 -1.934190049984363 7.950186129092488 3385
150 1.9814395917851295 2.4585738464197084 2653
151 -0.4954697909048197 3.161382057235779 4187
152 4.1752443929704315 2.9186812575413663 4990
153 -5.004502817811564 1.5012965789790236 1083
154 -4.460093008159544 6.163031716964697 2305
155 -0.10625374127022384 6.955582245426835 3408
156 -4.005688591820748 7.158090986666156 4548
157 -1.3126854923535902 5.617407494848723 2185
158 -0.7928752570217182 2.025978063364771 2564
159 1.3375227897979651 8.173560614687549 2961
160 -1.2267794193524344 9.453581872133496 3623
161 0.12809009533872096 6.348206460509078 2144
162 -4.266432473822163 4.941371193747203 2161
163 1.6509611253763465 6.378123376076288 4393
164 -2.4602819845352415 1.5625258608426447 3809
165 -2.567706095382917 0.9869630950071171 4376
166 -3.94223518021019 9.199754674959678 2998
167 2.3692108654170947 2.687013195613407 1277
168 -3.153528228208682 4.245779893782258 3273
169 -0.9571783770913512 3.6330329302536173 4160
170 -1.911639617004601 3.2301270764636025 1083
171 -5.563209516953979 4.2973750061459866 4098
172 -1.594082579534938 5.070535175981711 3802
173 -3.300781499991113 4.707443320783278 4608
174 -0.12049337570964298 4.709289934463482 3467
175 -2.922267455655602 3.06848243661783 3566
176 -4.477203838047661 7.581804253742743 2342
177 -0.9482488739764442 2.536393638319412 3838
178 1.519270641682368 3.045904555928473 4773
179 -2.4026463823964446 6.631804593699717 2762
180 -2.547215747547508 5.17506838169593 1139
181 -0.7977097200862386 7.272807098164319 1044
182 -1.0510723236865198 5.936937727661325 1799
183 0.032003846529081614 7.278218590400658 4971
184 0.32136329978015715 1.6119206028729074 2488
185 -4.088326576941768 8.628419948190686 1758
186 -5.6014600409284085 2.6241063145127788 4023
187 -1.7062263823537662 4.27203812531741 1095
188 -1.1998457905624615 3.256869822704012 1933
189 1.133033958637331 4.253413815087269 1762
190 -4.254314970854854 8.202958315544567 4974
191 -2.5195827852743777 2.265908020764401 1636
192 1.7005552619615545 1.8848300126012754 4231
193 -0.7101165451812282 5.866175473231815 3367
194 -2.3376449699100106 9.529937921153685 2388
195 -1.1410549043435572 3.0992219577856615 1535
196 0.5197575804127252 6.060998205067112 4618
197 -1.9375382611084946 6.478767017736077 3154
198 -0.7219246251499606 -0.16908881916115928 4231
199 1.3761619966399743 5.736110466615966 1056
200 -4.387672027827881 4.3228890187657365 4737
201 -3.1238575289630597 -0.837473895248917 3476
202 4.18939237079166 4.7126611094435695 1063
203 1.1331440498456886 2.769902101989726 4458
204 -1.976605891273631 8.308945996489939 1060
205 -1.8704417515023049 9.721229465542486 3663
206 1.0737929681868637 1.7897239893487265 1713
207 -3.388587982426177 3.79346789421433 2593
208 -2.0659487734759594 4.614528181903652 1894
209 0.44737208743107654 7.524469471066348 1930
210 1.4418705158079999 3.449945787838562 1691
211 1.9913544205255853 5.07277341355017 2787
212 -2.0383182287025203 2.3859707515265 1416
213 2.181391017843628 3.4471150573466693 4039
214 -2.795890847315654 4.856739160818083 4232
215 0.33043515283292724 8.787196359315868 3083
216 -2.193214251458524 5.382993734613755 4963
217 1.8708118462923695 5.650534883531695 4974
218 0.33857762306134886 7.163299944457478 4716
219 -0.7717639142285032 5.496001171055096 1398
220 -1.3945301395055627 1.9185938990368665 4610
221 -1.1450478200258534 4.67458182358487 2042
222 1.918395636673315 4.605555629542268 2570
223 -2.9658077405713703 5.994754257588538 4056
224 -3.313157938850319 6.441834421917575 1590
225 -0.374297485282702 5.246167799342614 3991
226 -3.0373032452858353 4.849774750540709 4675
227 2.991855297808993 3.4316857435875763 4018
228 0.06816046722807731 5.506122613464034 2487
229 -1.1589987456258644 1.9413892958811965 4731
230 0.9133504668300527 2.74193523681641 1815
231 1.2681705343229923 6.999749973702715 1142
232 -1.2387188765136588 4.240645611898002 4697
233 -2.162381827094814 0.6792884620201627 4256
234 0.4461729810342388 6.45005395523575 2169
235 0.20654064884328235 2.6381567879805226 3267
236 -3.4575872289074288 6.301536964281621 1740
237 -4.119756998664485 4.675381935247545 1335
238 -2.2601978952426145 5.687478137097133 4486
239 -0.08461080773537676 3.8850366270986787 4734
240 -5.245841706316467 2.378888755780474 2655
241 -1.6046212045675121 1.0645293979039074 1639
242 -2.087682341889742 4.915462176694266 3806
243 -2.838645031006704 4.119286484115767 2254
244 1.8048599362580038 6.7703502745714 1714
245 -3.139242713967233 1.3969729185197768 3272
246 -1.6581125964965342 -0.7202070432823438 3530
247 0.33274840879782525 5.1285672722750375 1196
248 2.513510174920818 2.5326434153750466 1651
249 -4.284128797870145 1.5680196163892037 2786
250 -0.5727158365365463 0.4160960466019867 4901
251 -0.5349796804804196 6.373842739215039 1197
252 -1.1924766861110951 0.30185502144610804 2375
253 -3.8517176561019224 3.5968968515194164 4611
254 -5.987960666133197 3.779703748852827 4377
255 -2.753847445209535 6.144131220327678 4397
256 -2.6112293651135725 8.204749803682388 4142
257 0.457072408730387 6.71773933161802 3540
258 -3.9542748128450302 5.580378790594873 4890
259 -3.43405759302816 5.953533863261685 1361
260 0.4882326749902704 3.188214462531899 3796
261 0.9219132713521001 2.8653248304518337 1103
262 1.7902330304508838 3.187675650429712 2542
263 -5.331897181294997 4.9307817299490235 2164
264 -3.174553055434416 3.3265388534257303 4015
265 -1.5077047714117628 6.317884578771302 4292
266 -3.8414451324381678 5.259121951146884 2554
267 -0.36119417369672724 1.347816758430609 4347
268 3.53529729866121 1.8832710525693328 3299
269 -3.294975325118156 7.30706277913886 4003
270 1.2428663014041141 5.210910677910419 4245
271 -5.728918885261593 3.7677326417452845 1393
272 1.261686904630689 5.362885245434232 2896
273 -1.1313292337247225 2.425481666679905 1649
274 -6.312190445387248 5.429419095588158 4647
275 -2.9539858484872594 3.6703037947409536 1014
276 -2.754681125985889 6.7414974297867785 1868
277 -4.277382841252838 7.872546087155733 2589
278 -5.075840108324219 2.048696046750067 3905
279 -4.988675440815619 5.551386751338598 2941
280 0.763341534349373 5.154556887469531 3519
281 -1.3744820708723169 4.963418927718564 3128
282 1.0506742311410784 3.710999326827216 3276
283 -1.8818551505988959 3.8271564558536424 2084
284 -5.841726086783832 3.2141430854075113 1818
285 1.522917503111286 4.502992042726211 1251
286 -1.5826688207374784 5.878338538698698 4988
287 0.5632224330125747 3.9571451264220947 4921
288 -5.9588014575024175 5.737954037941584 2140
289 -1.6573151280063336 7.9190110394056505 4052
290 -0.9777297712977584 1.4389605074767278 2094
291 -3.3657172552839745 0.1844267919617451 1509
292 -1.278168869430994 1.254788899001505 1914
293 0.8225807209681565 5.727291732941762 2520
294 -3.691447043136929 2.824723711245269 3663
295 -4.497004294020974 4.586175528070663 1183
296 -5.059600605989797 3.97002444523898 2344
297 0.0029770803066514816 1.5824283046166876 3922
298 0.8174576948029105 4.4761246315444945 4276
299 0.5037702482908606 5.468592247281072 3426
endpoint1 endpoint2
140 226
182 281
30 160
32 207
85 289
42 294
96 201
70 136
148 255
81 180
198 290
12 17
169 177
73 158
111 123
66 264
84 95
56 58
193 196
136 286
63 278
29 130
116 296
66 239
68 159
63 83
100 206
74 89
69 184
29 214
133 142
82 144
11 15
221 228
195 203
87 276
157 225
229 245
101 150
52 219
62 251
56 158
67 288
94 296
174 216
12 211
115 280
52 74
27 241
60 257
24 266
15 108
22 121
25 267
5 223
180 182
43 260
25 37
11 226
112 187
88 279
94 275
176 185
62 196
162 253
182 183
178 239
151 169
64 202
33 135
228 280
15 19
134 145
41 71
47 86
0 149
219 283
210 248
52 169
181 272
28 134
39 276
55 170
75 229
23 266
131 151
91 134
1 207
27 229
154 179
7 168
20 240
71 143
8 115
89 225
220 283
117 203
7 264
9 121
207 236
8 89
76 149
140 155
22 40
163 231
137 231
191 275
100 292
76 216
105 138
197 276
271 274
115 234
209 228
15 188
92 111
136 242
219 293
86 106
107 236
80 230
119 159
88 274
83 186
167 261
196 280
10 55
138 192
26 237
213 282
65 249
16 270
84 204
217 222
151 267
168 232
73 75
107 251
75 238
47 133
273 292
111 204
11 208
13 172
115 265
97 146
164 191
249 291
189 282
285 293
91 214
50 276
32 74
20 37
113 296
72 215
49 231
103 152
196 270
9 278
188 232
36 46
45 57
4 114
206 210
107 256
5 122
161 225
193 216
70 203
220 297
7 18
8 48
79 81
177 261
28 292
85 129
98 171
90 252
183 257
62 179
32 98
195 207
219 257
56 188
144 215
177 191
107 238
27 86
175 214
219 225
22 130
264 266
261 285
80 262
104 259
158 175
55 255
45 281
258 276
10 121
109 133
75 180
270 285
18 131
24 91
79 128
36 91
97 196
30 286
9 63
208 238
35 282
124 230
157 187
233 250
77 214
32 154
191 233
22 282
189 280
86 281
17 262
12 231
13 239
87 104
170 253
31 42
120 223
37 195
263 288
81 105
191 264
78 88
113 116
41 170
119 163
165 212
51 239
93 172
71 139
128 224
124 177
168 172
214 283
32 109
195 287
136 260
57 61
29 156
71 213
147 191
40 41
115 281
221 281
8 187
110 151
24 265
140 289
178 282
52 157
105 144
200 243
55 224
157 251
81 294
47 63
23 276
200 296
78 265
165 252
102 110
189 230
235 272
110 273
28 164
190 204
108 206
57 153
75 195
197 281
173 253
54 296
115 247
35 228
189 285
83 240
31 112
35 117
60 194
1 165
58 71
3 135
13 244
0 87
84 182
128 185
279 296
210 285
83 173
102 123
182 298
114 246
137 193
85 251
22 108
127 175
217 257
248 268
17 115
56 59
98 126
6 159
18 113
39 126
95 109
64 285
93 176
226 275
99 247
4 80
51 120
214 295
2 154
143 158
82 197
216 226
271 295
24 34
59 291
44 130
51 208
2 200
192 230
100 290
22 225
171 295
253 284
10 235
238 269
55 226
83 98
22 172
14 249
48 124
153 186
159 209
135 241
155 293
127 245
53 289
21 264
101 211
29 193
26 264
228 281
91 92
52 140
147 233
157 242
101 272
161 247
179 208
51 177
89 102
39 242
148 199
170 212
39 200
3 278
5 38
149 197
19 118
177 241
217 285
139 167
112 254
145 171
4 113
152 227
111 132
8 90
67 226
204 205
55 162
43 125
136 210
91 299
110 174
113 141
222 239
51 243
259 279
8 21
107 157
114 201
63 153
61 292
28 102
231 244
61 135
41 193
116 120
177 184
31 148
37 65
150 213
8 260
134 232
36 196
192 248
203 227
38 160
273 290
53 95
6 218
256 277
38 289
150 297
57 96
16 212
118 252
39 258
50 129
10 66
142 156
181 276
21 52
184 230
78 269
185 194
273 283
39 162
65 258
52 122
247 287
31 86
231 234
168 263
121 297
214 259
23 93
71 199
25 220
100 125
69 297
88 190
173 216
174 211
65 283
35 139
173 242
93 173
246 252
44 188
271 278
37 294
44 218
235 250
42 212
115 151
82 224
5 166
116 226
6 181
0 209
146 227
232 247
46 228
80 151
111 161
189 299
85 234
44 74
16 223
81 295
230 298
82 219
23 277
117 229
83 264
127 200
221 275
163 247
74 77
259 286
49 85
26 113
42 188
243 286
58 251
111 148
59 114
27 177
216 237
72 231
17 123
73 102
28 51
170 290
