nnodes nedges type
300 500 graph
nodename posx posy weight
0 -5.310816068741453 7.2946979469460835 4920
1 -2.394855604870624 11.281405991207563 3909
2 0.6917390692114057 4.354851347346548 4984
3 -2.0502475038794454 6.199846667121076 3289
4 -3.9056685929153026 6.822734423002639 4171
5 -0.6430866541458979 9.222156817581196 1122
6 0.7067451450182793 6.48138350635718 1590
7 1.0086885071040044 9.670323116804157 1642
8 -2.1343750876993637 7.712129711124829 4594
9 0.26645442401393615 10.481510548533995 3275
10 -4.157262284806403 3.658310769249401 4438
11 1.1624298712507544 5.400364778525571 1180
12 -1.49043774105614 5.744700366606239 1926
13 -2.7475358940293604 6.391943944268213 2744
14 -3.564878842759809 8.526326616781875 2808
15 -3.610656747271978 9.543779562439719 4200
16 -6.666102334416949 6.585395338905888 4704
17 -4.744942944436156 6.201492568518971 2256
18 -0.5261645290352297 10.598805508680613 1782
19 -1.2253633980924763 4.8063737797346615 1646
20 1.2309966631246836 4.561127888066616 2151
21 -1.812381012938085 9.312155001730146 1978
22 -4.462193399869115 9.543988571418693 2180
23 -5.312033083281934 8.060929905194758 3879
24 -0.7214396345382333 7.139390412247532 1851
25 -3.1419102617300045 3.215806049207852 2260
26 -2.429650423865871 9.471396087751152 3134
27 0.4941785561057767 5.282048180054791 2631
28 -3.89781185819618 10.26567270718958 4819
29 -4.405350223869753 10.157509285929827 2939
30 -2.6654646150660954 6.5696183322180985 1451
31 2.2048868681577747 8.455203346656027 2238
32 -4.081866778510464 7.546176483126764 3904
33 -1.689950266957039 4.704662378023219 3470
34 -0.9743317408426398 5.865812430864087 2055
35 -2.1293996445805385 5.223338238398238 4755
36 -0.2390451922076865 7.146966098854584 2625
37 -1.4984769765937864 8.912190224485416 3740
38 -2.5397776030778716 4.458935222694731 1023
39 -0.477477466957839 8.516045336857335 1594
40 -1.682888140842506 2.9356860384217027 1331
41 0.16847589304125302 3.6815069548870056 2657
42 -0.9366852214646575 6.343067050023867 4166
43 0.4935205885628343 4.57235422128783 1873
44 1.246943996174476 8.880989997157876 3919
45 -2.8358678417432186 5.272988277776534 4882
46 -2.506874909410483 10.95458171015356 2006
47 -4.3077823111749485 7.530718086055804 2897
48 -4.634696409866598 4.0053070799950286 2760
49 -4.9769680611033875 3.797322238749841 4301
50 -1.4136449600810037 5.068362614315433 1276
51 -3.0275615177667707 4.710856614479177 3043
52 1.3685333188925548 3.867452929022978 4815
53 1.3282838422075596 8.4612500896269 1286
54 -0.9196641545384623 9.64105515274617 3974
55 0.3587861173363906 6.704029659916511 3209
56 -0.16984656322329908 1.9952894165693327 3495
57 -5.7337883738779665 9.294675680546339 1499
58 -0.5557768602275626 2.958702428299271 2323
59 2.5023195292955034 6.824215618241241 4103
60 -2.1973947847080963 1.778744474665098 2133
61 -0.8437900477209044 4.230707588643338 3863
62 1.7327718922000526 6.389653231874592 1892
63 -0.6637436467950113 1.7174270195096935 3846
64 -3.866831449484183 8.87556966539069 2094
65 1.1288932593081655 3.7996131241492845 3995
66 -1.2235302903162104 7.470094281294645 3273
67 -7.42346584205654 4.657135209046092 1665
68 -1.7121905533182031 5.895080377100824 3306
69 0.2909052860291675 6.354154690316575 3566
70 -6.2759643358937724 5.153010491473433 3472
71 -2.193530540964567 8.4229100263487 1209
72 3.3555670587506827 7.922563112163433 2330
73 0.45214001239413976 2.5800306444059817 4703
74 -0.06034279561992556 3.7466344790672914 2507
75 -5.319305315436589 4.349549756458802 2389
76 -5.281457643914356 5.0533677007603055 3670
77 1.6892027290742635 9.453299338260646 3269
78 -0.36210069916677046 11.43475334418892 2426
79 -3.5618367393247383 8.663728984330945 3901
80 2.4707734707291906 5.739973987037107 3513
81 2.253628456481251 7.227063366041417 2606
82 1.00855308420381 5.0244613486780345 2148
83 0.03524962452657838 6.928759540137348 1552
84 -3.1020427892292983 10.450548023463233 4048
85 -0.6558532344581526 6.966702700313929 2147
86 -3.308134523660711 10.166013926275083 4050
87 -1.9550309614318497 6.744336796769483 1965
88 -4.440783287598086 9.166146712131965 3034
89 -0.298222799727147 4.756291268827211 4643
90 2.0203523024190777 5.266944770108645 4225
91 -4.4081962034183 11.289557957585918 1616
92 -5.237738933100031 6.574940502423324 4786
93 -2.276039111504166 7.916924320434595 2082
94 0.1604659278092787 8.78102276629611 3607
95 -2.388520232671013 5.52845106361525 2912
96 -1.6271093211043783 6.477171539979918 3136
97 -4.416737199435938 6.6447074947813745 2620
98 -1.7676309449996537 3.8105129887682474 1215
99 -1.1760732553877982 8.887729079190509 1078
100 -0.41925389927412077 2.1310797483969766 4273
101 -0.24690555899120487 7.4055741691658525 4873
102 -3.537880554101702 3.6518765417344237 3795
103 -1.8306069572272836 10.09888574115733 1296
104 0.7266843484740587 5.455420728669609 2958
105 0.21788471209245183 6.188547177719981 1724
106 2.5805781437396007 6.134029679822047 4523
107 -2.9929644230933268 2.944852455390661 3240
108 -4.051814329748496 8.169786013867606 2306
109 -2.135490258118724 7.466687533806813 4905
110 -1.2125533710645717 10.77852533794504 4068
111 0.8901805363409662 7.686526474228911 4343
112 -5.569443894585014 9.305019775380478 3162
113 3.1675598964522647 5.021261357395067 1067
114 0.3287125607494252 5.614814985348972 1546
115 -3.017991797654624 9.087473102276238 1518
116 -3.132087249031473 6.821819578086205 4185
117 -4.013364997231281 4.669299110096141 4552
118 2.8829383893614366 6.9528138335367355 1474
119 0.2565922352686796 2.973272111551794 3030
120 -0.4070398661347009 9.47491572367219 2193
121 0.7024133939374243 3.5903483171895156 4236
122 -4.269524349933345 3.157897532546106 2112
123 -5.212429452267205 6.035215190631332 1941
124 -2.534044267138616 6.232716761863793 4890
125 1.5035232828879856 9.427041402733039 3695
126 -0.4598378028629106 7.608220206376039 1211
127 0.03228405250961873 7.857808009346557 3461
128 -4.23596676669385 8.7099819747841 1999
129 -3.177301200848397 4.034834418062073 1672
130 -2.7842911598414233 5.724590556193371 1701
131 2.3519047008899783 6.4283287726049165 3385
132 -0.40403352667807596 4.050843106490175 3436
133 -1.3237054335549179 7.201796386539351 4889
134 0.2940491734644969 5.345419231208884 3276
135 -2.7984441585438766 8.564394833524268 1596
136 -3.2281366392900144 7.7400218160559575 3911
137 0.3471626108486597 9.673714385371749 2296
138 -2.8960587066382533 7.656956282012125 4581
139 -1.343491663420183 5.952594640181609 2043
140 0.3759458247539964 7.782355736070266 3252
141 -3.322489186530475 5.640258578441451 3932
142 -5.7987182853770465 7.538846387139484 2715
143 -0.9799761760229453 8.91951358153521 3223
144 -2.960234875542861 7.928524562079471 2449
145 -2.5694117432838435 4.89740977381258 3622
146 -1.7204386072040108 9.589164124061712 1703
147 1.7683102692720776 6.731725977480839 4859
148 -3.723063097734382 3.216997803701504 2678
149 -2.268998918383134 8.900835729403981 1682
150 -4.440912608914777 8.27011905331769 1358
151 -2.1652854255282774 3.4860618479086405 1359
152 -2.2290978977776703 5.841641341778585 1823
153 -0.666356503312052 4.925007711733427 3109
154 -1.8650439526954325 8.391665591392893 4340
155 -1.483090736221653 2.9752854513766565 1665
156 -2.577349443791144 8.050889463069618 3480
157 0.7314183967923189 7.88471966362322 3425
158 -4.926387883401245 4.9720482619726045 2352
159 -1.8655121127676213 7.8060421081676585 4249
160 -0.6244217814456904 3.210479690264255 3518
161 -0.5332297251326569 4.458905790607247 4187
162 2.0770543392162013 7.021776909384024 4967
163 -2.2496424311639673 4.389729917158183 4062
164 -3.7923284946153206 6.761321034236762 4932
165 -5.6284607751306766 8.461074311034219 3864
166 -3.2751040397226476 8.314030641248507 3210
167 -5.871763647739874 6.776189858703903 2056
168 1.494593191983023 9.247101041959523 2718
169 1.3493723999328504 6.792926263409858 3544
170 0.6205471798915639 11.218699484608683 3104
171 -4.102207199879097 9.930412752587443 3121
172 1.7439355710171565 4.4225192970473906 3998
173 0.5727526987318189 7.779580432852092 2822
174 -4.079601321434703 7.21816566524374 3478
175 -2.836328556826658 3.2339150260100684 4993
176 -4.228999463027923 4.07876749605312 3497
177 -0.5753879160319925 10.897678571404436 1128
178 0.25744417093221167 12.101666211325515 4987
179 2.086279316581582 7.884850829190972 3618
180 -1.3001837125724938 3.230810841560838 1159
181 1.6297120037949309 7.485552042514835 4716
182 -2.733129579420417 2.4949345178271924 2810
183 -3.533791638380731 5.775269291610653 4206
184 1.378575159698938 5.930145391998383 3369
185 3.111801497030961 4.470065592310311 4369
186 2.596050370128101 4.745043900861049 3064
187 3.313279828288117 4.9776095536658715 2847
188 -0.5598132707250179 3.7687678562535427 1343
189 1.2112662843209028 6.744074756791304 3009
190 3.1554252907694433 6.301931657138934 3017
191 -4.073501904840491 8.605705517320931 4490
192 -1.5616700348178412 7.84968167830897 3287
193 1.9625683181124818 4.7409777105099336 3929
194 0.6016984216521849 8.42645880809744 1868
195 -3.6951841835382537 5.048859711292849 4468
196 -4.97211283254423 8.074039991170046 1527
197 -2.1743305083196294 4.172759679058736 3749
198 2.6526151922756025 8.995586587894232 3276
199 -1.5653492190593978 11.304900355303456 3504
200 -1.169717907495586 12.084706312424803 2635
201 1.827710644373164 7.301961727136331 2880
202 -4.242506182653945 4.753905063398576 4373
203 -0.2025816192833803 7.945621002976654 4331
204 -0.4422906329523311 12.245577689051112 4127
205 -3.8779451234232742 10.673642966545806 1140
206 -4.636693256650278 5.576766421309002 4137
207 -6.640183252540952 10.002308215806375 4695
208 -4.937971929582221 5.522149564704035 1151
209 -1.4183184179472073 6.508597707777759 4061
210 -1.2507567677900482 10.001105870595344 3326
211 0.8015025480526845 6.106266218070162 3259
212 1.1818711095129892 8.1640813940095 1246
213 0.137807199957285 5.11633255216699 2878
214 -3.9222879008845846 6.119191496524898 1513
215 -5.368577906360763 3.827897530639456 3430
216 -1.7392453162233834 7.32883302264715 2086
217 -1.8895777135980425 4.55662473277077 3310
218 -2.270395210243592 5.041731881342827 4197
219 -3.0488146747388862 5.914141807188942 1320
220 1.4137121025980985 3.0924938163524334 2472
221 -4.536701880893099 6.913428726885072 3433
222 -3.939544312451569 4.285468149578746 2494
223 -2.4906917738677667 7.028659574100792 3881
224 1.1435044677798276 10.220666310480484 2955
225 -1.093137025129275 2.556767360212388 4296
226 -0.5722335174390741 8.250931952815106 4726
227 0.682860263053318 7.160091688750974 4845
228 1.0525842549238322 11.863998844608448 4996
229 -0.2781098903680842 9.989424797271585 3134
230 -3.3656165762907815 6.532090415201674 2964
231 -3.5068814584957186 9.02255745515369 3856
232 -0.15132485717317323 10.149695075200425 3281
233 -2.514569844048446 8.494105610730127 3587
234 0.3891495688898404 8.18290026302664 2262
235 -2.9326898387276885 4.251961841714645 2822
236 -4.549534419541434 7.1297051508684595 3799
237 -1.1426796920784894 7.7957231775224205 1302
238 -2.9275037959311816 10.637328944109917 3210
239 -1.4988476017602375 3.798574177385531 3125
240 2.098975662623677 10.900923733546959 1585
241 -4.005933545976406 5.6006713519242455 3270
242 -1.817706549958291 3.5016798973633954 1759
243 -4.7727943156309305 8.805499263835674 1482
244 -4.8895482222044455 8.840817410840145 1377
245 -0.21658428623533277 5.860932035708106 2913
246 -1.1382540820510698 10.125450710911018 4290
247 -2.8634507185514115 3.705092512662429 3304
248 1.2364777530543554 11.46986581090293 1984
249 -3.7526656788664727 6.3108173173381426 3479
250 1.3675105617247145 4.1250208747808434 2317
251 -2.7078647231077775 3.5608408968669627 3628
252 -3.0853935094357516 7.006761688636431 3276
253 0.6082847814718527 9.853196859394988 3928
254 -0.02472757093411385 3.027578078173681 3875
255 0.6087374739959014 7.514187849333723 4075
256 -0.1242901240317562 6.605522920465062 3284
257 -4.079710278553879 3.0164035266381286 4570
258 -3.352518011037182 7.270627217490012 4964
259 -3.370631568543112 2.9219050830125766 2781
260 -3.2982999925242877 4.961674309167825 4724
261 -0.9594351212752343 8.547510788213698 3142
262 -3.7926722383945246 8.175765794841666 1020
263 1.6996428808874326 5.461276966718793 4985
264 -2.272114083378033 9.49212437253227 1952
265 -4.8479285017662885 7.496224757749851 2920
266 1.1680905804685566 5.8209424781058505 2877
267 -3.7041020592970266 10.113144500591215 2811
268 -0.6405077514449765 4.144695585450616 4835
269 -1.7230114886033823 10.55112521819776 4033
270 1.5776020356618914 7.8408550433322866 1263
271 -3.3434307145091093 8.12242953270016 2908
272 -1.7944633781877528 6.879993228325807 3761
273 -2.4061396796064614 10.155350307796466 1262
274 -4.729879312791686 6.708620649358021 3192
275 -0.7704834191346533 6.326860338277417 1710
276 3.80963810962596 6.789542839876935 3408
277 0.2006761821667932 2.455762859427046 1233
278 -0.9580751704557416 8.25598759107204 1729
279 -3.162704107781457 9.073082130866004 2319
280 -1.4631472255696523 3.2112978276099966 4355
281 -1.8017898793602525 8.772005129369541 3461
282 -0.0761226541820168 4.59215688146328 1667
283 -0.9819337197672915 3.3881999828462734 2450
284 -3.7866352039313234 5.311781093317479 1001
285 -5.3686508814069605 8.319906523742619 1770
286 -3.135933552812349 5.676194476092059 4908
287 0.4040269307551008 9.138221360154773 4484
288 1.1159199952843954 9.042626151887067 2793
289 -4.8458769735223095 5.267455496553672 2953
290 -3.822432404073528 7.40172902579914 1264
291 -1.5082741044130563 9.69001461304226 4414
292 0.9075603049725602 9.197668949847953 4195
293 0.5282215097586068 7.028557254395568 3053
294 1.8645272962666553 5.402034087483727 2437
295 -2.324492981251744 9.697410023793358 4646
296 -0.40061595151603563 6.054068214951211 2696
297 -1.3223937960442678 5.632696278746028 1568
298 -1.5843105549928678 8.251533031388929 1082
299 -0.42147069540999615 5.494720155333144 2011
endpoint1 endpoint2
231 262
97 219
14 231
101 245
146 264
24 203
109 236
126 288
123 174
124 221
2 104
62 162
5 237
132 218
213 266
50 275
156 192
179 212
33 95
36 256
169 194
85 87
13 284
85 298
65 188
83 278
68 159
209 272
242 254
61 69
113 263
122 182
139 219
149 171
108 298
143 293
32 136
19 235
44 212
101 261
125 179
104 181
5 154
161 297
154 262
32 221
82 299
93 144
70 206
147 190
159 233
43 293
208 221
133 237
83 184
121 193
90 266
34 133
0 285
155 182
6 296
148 235
101 270
112 207
174 279
138 191
121 254
55 173
85 173
84 269
41 155
143 269
146 216
98 161
202 249
1 103
51 257
5 226
62 294
243 262
117 123
44 224
169 299
66 99
193 294
127 149
90 185
153 188
59 276
126 227
78 178
51 197
43 160
250 266
7 168
124 223
149 273
51 183
258 260
135 290
116 249
108 174
12 283
141 174
111 234
4 45
138 149
224 229
120 226
87 218
122 202
144 244
62 83
38 214
194 226
133 226
166 265
99 291
153 209
11 43
251 280
128 205
137 201
33 139
35 251
127 266
23 243
24 134
168 181
211 293
91 267
7 287
98 260
149 238
30 271
218 247
89 275
15 64
59 147
17 30
132 172
26 237
222 251
6 82
69 211
61 129
116 274
3 24
52 172
69 263
17 289
73 220
10 175
33 50
44 287
28 46
17 142
100 254
43 58
57 128
71 144
0 290
50 161
102 284
78 228
80 190
141 217
10 76
2 161
39 203
93 154
68 299
37 94
52 90
209 275
22 23
87 223
1 205
144 149
7 170
114 245
202 284
164 166
159 261
170 178
48 289
92 116
37 154
4 47
77 240
114 294
105 255
103 264
192 226
26 79
33 151
201 227
11 186
24 226
130 219
85 114
78 246
139 272
34 211
256 299
173 203
19 296
66 156
29 84
151 182
131 179
54 126
155 160
93 209
4 233
16 92
126 139
141 222
83 212
175 197
274 289
45 129
163 195
208 260
20 245
109 281
47 116
44 198
121 161
143 233
25 151
191 221
131 266
8 223
49 148
263 266
35 164
127 255
34 282
101 255
59 270
246 278
42 135
36 209
29 64
84 135
141 284
246 264
115 233
13 290
117 215
27 140
87 130
136 233
150 274
157 226
115 150
129 202
38 268
130 260
99 109
18 143
165 243
197 218
141 158
64 264
261 264
25 260
58 151
192 275
13 144
66 87
107 180
8 231
235 242
50 286
74 188
25 60
64 97
48 235
7 111
74 134
150 271
53 287
193 201
59 72
214 252
168 229
110 273
4 167
75 195
98 160
152 206
10 148
14 21
197 247
176 202
143 226
4 241
44 253
131 263
63 254
147 296
90 184
147 179
2 220
191 295
5 177
68 145
1 200
65 263
116 133
74 250
17 164
32 156
14 28
69 216
214 262
96 296
249 265
217 299
93 115
71 103
31 173
116 230
8 39
0 221
69 157
36 42
60 63
6 203
50 197
164 196
73 188
228 240
124 296
83 152
103 229
199 291
138 286
8 95
175 239
138 159
88 136
21 120
3 109
94 194
27 268
85 126
9 253
15 156
164 183
155 197
10 122
111 275
5 9
95 218
104 105
148 175
10 259
19 139
99 229
77 118
252 272
226 287
118 172
44 173
225 242
24 237
67 70
203 281
101 189
40 100
39 291
96 154
88 231
87 136
42 239
206 236
39 101
41 114
117 289
153 280
27 89
52 254
34 45
23 174
77 210
232 261
106 169
110 120
85 227
35 245
140 261
37 258
165 236
79 149
55 162
272 278
86 233
279 291
279 281
56 283
271 285
177 204
51 96
5 253
116 219
32 97
2 11
150 243
282 299
12 85
145 242
3 163
153 268
119 180
108 112
139 213
212 292
49 206
14 22
40 89
104 153
81 256
39 292
71 87
128 166
13 209
107 117
109 256
137 295
21 278
94 203
38 151
40 102
145 176
243 267
233 295
56 73
170 200
101 133
156 252
12 230
54 146
195 230
76 97
3 183
115 273
157 181
11 55
130 141
38 45
64 196
36 53
237 297
261 298
163 259
94 212
30 105
216 249
163 188
74 180
14 258
46 54
59 90
241 297
80 105
219 235
74 225
93 166
22 279
79 290
55 66
11 189
106 184
13 145
128 230
85 234
14 174
9 248
47 79
166 210
120 125
27 184
20 52
13 272
72 198
268 277
141 152
264 267
187 294
2 119
42 55
117 218
180 217
192 271
141 195
142 243
10 102
