nnodes nedges type
300 500 graph
nodename posx posy weight
0 -1.729196569843187 -3.2291497101546005 1143
1 -5.925498012981776 -3.4796078187891433 3973
2 -2.6449146836483384 -4.746506161420632 1262
3 -5.512051674308989 -7.124564480586041 2823
4 -0.6552656973793277 -0.9032777005842977 2388
5 -2.0902679556551287 -3.050076421936019 2647
6 -5.519528215376747 -1.3811738771699427 3095
7 -4.241356676736214 -6.9882500874372555 3739
8 -5.689444478308921 -8.396463529200295 4459
9 -0.6878216964858969 -7.283501324061256 4352
10 -7.426868402101727 -2.385003963397668 1530
11 -3.7269994959855417 -8.325853870781325 4566
12 -4.605400685047355 -7.616749055688482 1740
13 0.2729409638914946 -2.6490934979705933 2555
14 -3.7183281690024765 -3.1578325675220733 2136
15 1.5648356818538551 -4.83117377293291 2235
16 -0.8949861390260612 -7.465310398534122 1726
17 -6.0818127065420295 -0.08717641793825635 3145
18 -4.617001029639177 -7.270117414458513 3344
19 -1.0613860585183732 -4.7722181550589235 1120
20 -1.1963483891731121 -2.3510282776545024 1447
21 -5.411821325513709 -4.69907668409906 4370
22 -4.376627833939522 -5.891042445365922 3985
23 -4.212699537137963 -0.623825010983034 3618
24 3.2730691055786 -4.199742728899501 4794
25 -2.827037803094944 -4.558442886410836 2792
26 1.4649665857411618 -1.8675174602856177 4644
27 0.8493298111003452 -7.95581246544177 1355
28 -2.1227181841176446 -2.779905095659726 1164
29 -6.700489951025081 -1.930476750880545 4803
30 -0.3326450908123281 -7.042176385171112 3908
31 -1.7612250740909232 -6.242661642109523 3458
32 2.145785300364068 -4.043673347152066 2757
33 -5.89761936921497 -4.9037127422896125 1971
34 -4.749527673022977 -5.63183352989747 2708
35 -4.481071753407337 -1.8825407820318127 2390
36 -1.292262944171595 -3.0349873104324034 4602
37 -3.8458821128572676 -6.534169895360925 1128
38 -5.018578487412679 -6.044657991765606 1084
39 -4.7676153058762285 -7.565344785941455 3088
40 -5.324193450390502 -2.727246409258023 2806
41 -2.1446524930390853 -8.596139626413688 2467
42 0.26296450723059733 -3.452931146224815 3475
43 -4.517430674973639 -9.2207931684997 1811
44 -1.9535333227357825 -7.222060337478692 1296
45 -4.07380287878596 -2.882261696937233 1767
46 -7.384221403486402 -1.9820966492092797 1414
47 -4.881389638275234 -4.601208666442532 1072
48 1.977213987232867 -5.5693775086657435 3368
49 -4.049665491188114 -5.650199967680271 3585
50 -4.833849141247734 -0.3509159023087952 1645
51 -1.4379208089473348 -8.570544809251643 1997
52 -5.614394062011514 -2.950044715397679 2038
53 0.011564435552765375 -2.912796661483342 1019
54 1.4354404604547577 -0.9668399977822586 1913
55 -2.289235269284641 -6.889048312963545 4496
56 -6.241803220485071 -4.33379191078293 3623
57 -3.668279438192441 -3.977765646456985 3280
58 -4.726702630858056 -5.106215427296574 3203
59 -4.794310751530336 -1.0397160265762173 3654
60 -2.417972886125767 -2.5908166328652213 4262
61 -5.454338989994469 -5.150035669425824 1220
62 -4.154514865769658 -5.14995071470277 4895
63 -4.871103796444601 -2.5235804570369047 3058
64 -2.9181582122460967 -7.559995494047569 4596
65 -5.0062631261832085 -5.054587676043498 3157
66 -4.099054333993166 -2.3057317119000444 1927
67 -3.0813122635428045 -6.064431091268205 2235
68 -6.363402544091381 -5.4942635822214925 4191
69 -2.3131727485181597 -3.5504692975090575 3051
70 -2.168179725022608 -4.315940644873647 2509
71 -4.557072290837098 -8.73777218732373 2053
72 -2.880739093942981 -1.9493976133960869 1240
73 -4.858816895058517 -6.656032612599259 2503
74 -7.191141560125348 -6.995907930828916 1364
75 0.3775807168012868 -3.025845211066039 3203
76 -5.590274780187565 -5.675690071985473 1199
77 -3.530188951746254 -2.531769017686414 4644
78 -0.4967567447198235 -2.1449225003584877 3389
79 -4.327133684902535 -6.368014716047803 3550
80 -0.3297735990289334 -6.220805751209265 1775
81 -3.485751067882294 -7.465079505125988 4383
82 -6.829074484313379 -4.758197137975956 1326
83 -7.02416872565019 -2.3784683334349195 3428
84 -2.2954089000065427 -6.510054054901414 4487
85 -2.152229808318758 -1.925481053804213 3193
86 -3.7103870935557346 -4.8261586286168825 3552
87 0.07969580556738863 -6.466655424013238 3187
88 0.568875604284653 -5.610322446672141 2812
89 -2.6268905569144647 -4.339694465622405 2126
90 -2.8917244481503963 -5.284858812009949 3850
91 -1.491355455151781 -3.9058554271865096 2668
92 -0.3008063085879839 -7.548791417076421 3162
93 -2.107796108276922 -2.2491854309970463 2139
94 -3.279568602136723 -7.996288795279129 1918
95 -0.72163313962402 -2.1687378919694726 2186
96 -2.5425446904969586 -0.626671135152612 4655
97 -5.44141453305105 -1.2358213217807525 4734
98 -3.3945304611121148 -0.2675879102796326 4850
99 -5.5115498506876515 -6.707459524046075 3252
100 1.5917292282758841 -3.6655862281673635 3080
101 -3.0945338102605433 -0.9026369812837135 1741
102 -3.8776581171574165 -7.726753305007438 3817
103 -3.8070826534072366 -4.0704613937078635 1705
104 -1.3548611621654867 -7.172301360010627 3936
105 -2.8872941848643934 -5.909678036105982 4621
106 -2.9850069810334 -3.166639635761084 3587
107 -4.781977428668249 -2.4174111595217234 2731
108 -7.278714975195255 -3.0242960830096797 1110
109 -2.608511863961463 -3.998785324928488 2906
110 -2.2625491617558846 -3.0753081844075703 3705
111 -4.756531697503228 -1.951850162740828 4686
112 -7.297213888130381 -4.195646337964676 2060
113 -4.22371574018878 -3.7956730791205784 1534
114 -2.3666828402052413 0.2123019464786617 1699
115 -1.2235803125482425 -3.617462591354529 1909
116 0.8208961948783287 -5.587561328334318 2546
117 -3.4702198560620303 -8.177020720229809 3499
118 5.121944355586643 -1.998638308321088 4084
119 -6.034695429571371 -4.653720580266349 2702
120 -5.359981698268919 -7.778753861236073 3243
121 -6.503604170397295 -9.533024835330812 1961
122 -2.2368394300411203 -9.381094919368028 1444
123 -2.8686636028967296 -0.23360267407013025 1418
124 -3.080308017632022 0.3772053380831692 4640
125 1.2539160120858908 -2.0792718052797348 2199
126 -6.012216925560213 -1.649574199226101 1065
127 -0.09357629097068325 -1.8347770959999223 2195
128 -3.464115421817995 -5.070025751501497 2088
129 -1.4142754824183201 -4.734653103564931 4149
130 -1.1745718656042765 -0.10390927507978148 3648
131 0.3994284531792961 -4.304334659357995 2996
132 1.3703384437808905 -4.218533782147788 1452
133 -1.9007376670438472 -4.407129095460741 1450
134 -2.5920999658480253 -1.51529835505694 3006
135 -2.9072505659221513 -3.8639753930402243 1388
136 -3.7758641093118968 -7.425547513526781 1821
137 -3.440444631921984 -5.957892066988942 1245
138 -4.679029650076299 -1.5705491719663818 2575
139 -5.596482292018666 -6.9285299652001795 1344
140 -0.14902504631371538 -4.454182370006405 1127
141 -2.595321874398028 -7.655214719285603 3572
142 -3.7773640027130537 -2.5426054018254276 4757
143 -4.419630637589807 -4.5732459168093405 3498
144 -0.2128588373649396 -5.40578360084519 2242
145 -6.1439394068107545 -2.63232005912506 2461
146 -1.3238740380094771 -4.502309041837234 2245
147 -2.7726893860347777 -2.1760047583269415 2716
148 -3.988400918845098 -3.543256277409979 2729
149 -1.4500271978534445 -2.1453097212084797 2134
150 -3.014284344931425 -8.17525537780858 1216
151 -2.7802186589015205 -1.658756106826881 3407
152 -1.5451866444144966 -4.083973706225778 4029
153 -0.8367959551009977 -6.432473442871759 4799
154 -3.2561175888848775 -2.8973922115967454 1563
155 -6.72856035267443 -4.179812847475441 3678
156 -5.663686707420529 -5.592081336539596 3225
157 -2.1801095430958193 -1.3288288748432158 4729
158 -1.219378509713323 -5.5955744150804865 1893
159 -4.721759398364909 -2.8503545831802666 2380
160 -3.9067711009700936 -1.0216532126935869 3428
161 -1.6952085348333716 -1.6896967080563903 4249
162 -4.6936915275573226 -6.3032427680577 1245
163 -1.8953844157261872 -2.5606835525890475 3595
164 -2.2367919539304046 -5.308995497551026 4107
165 -2.4141300702588957 -7.749295978737354 1710
166 -3.4967339954492322 -5.517770755027657 2073
167 0.3400454698300806 -5.22092760173016 4436
168 -2.739631377262784 -5.34815908431823 1606
169 -0.7025324268766874 -3.4538938036894042 1689
170 -1.8482421039126071 -3.6478279787186985 4780
171 -6.3245784970237935 -3.4798980669016304 4426
172 -3.817816149654272 -0.7801993173748512 2822
173 -1.34417683952936 -1.2591689034448976 1135
174 -5.381368450116406 -3.7974295039260677 2953
175 -0.487600827941908 -1.3074005475286912 4401
176 -2.1716237003051515 -7.081855657868608 3312
177 -3.930262973717524 -1.6421550208041156 2885
178 -6.62893690755014 -7.905651641536971 1236
179 -1.8191836503830452 -5.556320593537782 1891
180 -4.804756650584781 -3.670813533223951 3879
181 -3.2852543826457565 -3.486523516704438 4748
182 -1.4170871070849123 -3.198926638683808 2050
183 -5.252270351729661 -5.714932172032206 1365
184 -1.1013371913645915 -6.145112834072475 2932
185 -0.363036485050308 -6.071739843168565 3751
186 -3.982656161784291 -3.8154981630664473 3531
187 -1.7822731560821117 -7.922458259647899 4548
188 -2.92263865544762 -3.2177918296791703 3998
189 -1.5452771827105485 -0.7439787346496143 2413
190 -0.44632029508268756 -3.7516400905778915 3007
191 1.9742222646649132 -8.497546235928036 4671
192 -7.144036901597567 -3.7722651115520103 1605
193 -6.7881476153995175 -7.276588394286021 1408
194 -1.969902661884 -1.1284620188200296 1020
195 -3.3090859539805626 -1.2477436291356854 1825
196 -5.138882366999512 -5.49097716994354 1943
197 -2.3782311824136726 -2.134533681818583 1785
198 -1.9993726265180822 -0.3816791003396491 2484
199 -1.9521740823830238 -5.891693300520883 3825
200 -3.808749443914174 -5.973919417341588 2169
201 -1.845245609580688 -8.973702360146742 3668
202 0.21953888284326942 -4.337230975877508 2901
203 -4.349501150835891 -2.4200342677256126 1117
204 -3.855517924424624 -1.9539702692136736 3175
205 -4.1189467313058055 -3.395295569376007 2495
206 3.9221819079733637 -1.6788743926840333 1027
207 0.6228925960466722 -5.249909043937038 1138
208 0.9117527422297526 -6.822557137326929 1550
209 0.39531145642182386 -4.641848248457521 3637
210 -6.354346652144721 -4.5592912155001954 2111
211 2.6557831190112635 -1.467723477034219 4082
212 -7.683619879960664 -5.808245197618475 1417
213 -6.325138489269902 -2.1271750130828506 2378
214 -0.7026386643232954 -5.861902786881952 1922
215 -4.880734607179905 -3.4351886317024243 2083
216 -1.769362248117876 -6.644954043114241 4826
217 -1.065164522132111 -5.29181552895872 3480
218 -0.7692854734063072 -2.8595502291893258 4650
219 0.6417684856804767 -6.765317604937544 1151
220 -4.31032991087739 -5.650295805178801 2768
221 0.4179394707110256 -1.1500467719206704 1023
222 -3.737802739356018 -4.414327939318075 4218
223 -0.36108009492194 -1.677426746065643 2323
224 -5.815314254203707 -8.569524424590451 1812
225 -4.294892386669995 -8.501979735270341 3859
226 -0.1410826654932461 -0.8196216515635548 2338
227 -3.1612334522775773 -8.827966416762617 1984
228 -2.4216320097022574 -5.967616247711101 3720
229 -0.8915995058935754 -2.5212830439721055 1381
230 -5.385399519753099 -4.181843025801955 4584
231 -2.8565993626181743 0.6759668508831435 4042
232 -3.444548481060077 -6.956140076416427 2248
233 -2.5818056809255374 -7.2631751478170115 3703
234 -1.6397546051004839 -2.9665709386833266 3664
235 -0.8467681448887724 -7.773441336373402 4154
236 -2.913591253119727 -6.856028762311915 4834
237 -3.029182891808549 -4.426899018378987 4342
238 0.5982898716617706 -6.037242686739153 1732
239 -5.751174870559135 -3.726503941135269 3967
240 -1.6750052714561163 -8.77264303699949 2499
241 -1.4457079814853098 -7.8632176317257745 4135
242 -2.301484157412761 -0.7773712533224817 3993
243 -5.155807766379038 -5.985102859263374 2616
244 1.0236443818600571 -3.854591250005 1489
245 -0.3056829481363016 -5.6338800257811705 1488
246 -1.5090911363313233 -4.905488405127192 2955
247 -0.9472393778369275 -4.508185450263776 2510
248 -4.080582959716313 -6.347225890221805 1921
249 -1.67422249168147 -2.5535726094811033 4822
250 -0.3122463229032808 -4.55638060056571 3976
251 -3.5814411131286015 -2.142476513348612 2124
252 -2.32822735676321 1.4880682644544752 3172
253 -1.4164256366425592 -6.859600120541868 1274
254 -5.338441557147217 -1.8095678830938768 4478
255 -1.5999067537469234 -0.43003086415911185 2719
256 -0.9702143734585069 -5.2100579803118645 1537
257 -3.231470403382062 -2.153397481109923 4074
258 -4.116850529133824 -9.615968620647728 3245
259 -5.470125984049793 -4.439187778330705 3674
260 -0.8238874336880938 -3.37803295762317 1503
261 -5.720285751565501 -6.494784840155949 4763
262 -5.3685218414612335 -3.1732471557127235 1905
263 0.36083515672284894 0.3449189991408103 4446
264 1.123663602651552 -4.313006526458692 4002
265 -2.0969566060160156 -8.144526315100741 1025
266 -6.089577694703102 -4.9809509690421425 2478
267 -3.9540197589877564 -5.001069767176483 4808
268 -3.5282387676849023 -5.198518188590736 4649
269 -4.08055760824826 -7.760602508171871 2785
270 -3.837831952093492 0.03936279774489803 1382
271 -5.9643745691389105 -2.825584359396598 1312
272 -1.1612199386220154 -1.5985936460490566 4868
273 -1.1452218967833372 -3.1330294061441304 2216
274 -2.151316702470294 -5.15178464170568 1563
275 -6.129627839708047 -3.6675937322714054 4281
276 -3.024170097657019 -0.9447300588918824 4186
277 -0.2752325135587368 -4.960498632184355 2575
278 -1.151335727953932 -0.6345845800971425 4792
279 -5.154944661480668 -1.152110742161574 3977
280 -4.243043781260378 -7.240227685628553 2867
281 -2.1119406417636597 -5.504839600837495 4446
282 -4.767513032038993 -4.030405436022994 3719
283 -0.322073327843733 -6.878863822819189 1463
284 -4.68016127432417 -0.9636515384757828 3535
285 -5.967410748824123 -2.63756411029544 4904
286 0.09376976930936504 -5.9176317946123635 2543
287 -1.3021348108163486 -10.147019503619083 4842
288 -6.148892821064926 -3.2596725021440536 1178
289 0.5416150814603268 -2.762289437213122 4036
290 -4.951623802464433 -4.245977816510027 4699
291 -0.7324700676138935 -4.050133430225018 4581
292 -5.205361453282982 -2.058778475177226 4980
293 -2.6250338798677983 -1.0021682917708312 1625
294 -0.5040699317008829 -6.633582830247669 3349
295 -1.0123158714223763 -1.3401733345557452 4025
296 -6.421635594169609 -1.5097432508047108 2687
297 -1.3606020800552976 -5.90839751636218 2216
298 -2.117926304283862 -4.430831901915935 3809
299 -0.2967770127931999 -2.980437362824313 2034
endpoint1 endpoint2
45 204
61 82
10 271
164 246
70 246
153 236
90 233
181 222
285 290
124 270
106 257
101 284
74 139
59 204
192 210
207 264
87 216
85 276
103 268
110 260
7 44
109 273
31 89
202 247
28 77
189 272
213 275
198 293
1 21
183 261
53 250
247 298
35 96
21 68
5 154
108 171
194 197
195 292
84 187
135 249
60 257
34 268
112 275
133 247
226 263
127 299
171 292
150 187
58 105
101 270
41 94
19 214
47 73
44 233
103 215
220 261
242 278
3 22
109 163
98 257
121 224
186 203
36 95
250 281
201 233
172 242
114 252
54 125
152 245
20 78
35 205
133 299
36 146
159 177
137 139
58 68
57 290
180 239
77 159
127 149
3 178
237 274
5 277
94 165
51 235
223 255
265 283
65 76
55 241
19 228
30 253
69 78
193 261
4 249
37 156
93 251
155 282
75 132
195 234
73 200
161 197
49 99
0 69
30 179
1 192
157 177
158 250
110 147
26 226
44 184
36 291
40 119
184 283
170 217
25 135
38 259
109 168
89 182
152 181
71 117
136 216
34 62
7 61
2 146
70 267
262 284
194 276
176 214
21 196
91 209
109 135
67 102
82 288
1 56
42 273
95 197
164 237
69 142
289 295
16 44
183 228
274 291
131 182
72 182
110 135
145 159
16 187
23 142
138 257
14 181
140 170
158 281
12 22
21 205
93 198
2 135
129 217
149 278
216 241
146 164
218 223
89 128
99 156
154 237
219 297
105 236
28 190
29 40
11 94
111 213
105 246
201 287
34 143
164 216
63 181
164 166
190 264
14 47
2 49
43 102
185 235
146 185
128 179
88 132
19 152
109 199
60 161
19 291
39 81
36 85
35 177
253 294
113 230
56 112
130 161
55 67
40 83
67 196
100 167
84 217
93 242
120 261
156 239
11 225
22 168
48 207
14 66
72 197
64 162
103 142
85 160
166 262
54 221
144 153
253 281
70 144
8 99
149 154
200 222
107 276
38 236
147 203
72 111
0 85
45 205
72 204
103 135
39 71
79 267
148 170
80 245
46 285
86 180
138 271
96 157
15 140
180 205
153 158
254 288
92 240
80 297
159 292
255 293
88 153
114 134
186 267
142 279
26 211
111 215
6 40
148 159
152 218
25 281
74 193
49 90
167 246
101 163
57 248
51 187
137 176
87 277
126 159
62 281
24 32
40 154
115 188
60 298
11 73
254 279
6 35
62 220
173 234
124 293
140 289
242 293
53 125
123 147
183 259
199 286
210 230
164 268
72 295
32 100
36 106
185 286
20 53
37 274
159 215
19 298
33 180
55 281
9 141
143 222
106 134
66 180
122 165
196 290
115 247
188 204
207 208
157 218
32 244
11 258
59 107
84 200
174 259
13 244
244 250
20 163
65 186
209 286
91 135
217 238
188 237
165 297
176 235
106 181
104 274
134 173
148 230
138 160
68 212
14 197
60 72
34 280
217 247
231 276
113 143
162 232
223 229
19 260
213 296
190 298
149 170
47 210
90 298
163 260
64 253
145 174
45 172
229 234
116 217
131 214
20 194
76 282
115 152
169 202
17 279
96 226
36 75
5 163
179 232
18 141
95 221
169 246
189 197
28 69
158 168
27 30
106 282
25 137
93 273
61 243
45 89
195 255
91 234
220 237
5 257
34 56
67 133
225 280
13 36
58 156
137 267
133 256
31 84
1 266
163 175
14 222
129 218
41 104
57 77
61 230
11 240
66 147
40 63
92 184
188 197
80 158
50 270
57 251
108 145
52 296
90 103
62 282
7 117
150 248
90 129
70 93
69 113
282 288
12 94
77 293
47 267
55 64
159 259
138 284
39 224
18 76
174 275
36 272
47 171
3 18
136 243
179 234
147 169
97 204
89 274
45 239
81 120
79 166
227 233
53 95
22 86
165 269
161 295
27 191
18 269
103 174
36 229
39 280
33 49
23 270
22 119
151 170
203 254
167 283
88 294
133 135
56 271
57 135
26 100
164 184
51 141
243 267
81 199
143 148
58 200
42 291
69 297
109 205
9 277
35 50
265 280
88 202
249 299
225 227
135 186
92 208
206 211
256 281
199 294
140 184
118 206
19 207
0 133
160 254
63 285
1 35
61 215
19 129
84 141
25 106
29 296
275 282
58 107
20 69
86 298
52 186
161 249
39 248
21 162
16 245
127 226
22 38
65 162
79 269
272 293
151 177
186 188
157 161
117 176
128 290
134 147
110 229
94 232
62 266
102 280
215 271
97 285
