nnodes nedges type
300 500 graph
nodename posx posy weight
0 7.456278071705715 0.10250850367828757 2092
1 12.854592734758832 -0.12469169208937994 1943
2 6.701093273211583 -0.8389889395995843 3193
3 10.150307563231733 2.5591070428336393 4908
4 8.50335640954175 -1.4561231536118455 3419
5 10.549138106406279 -3.261342675232222 4782
6 12.870788700944923 3.0297161684649465 4894
7 8.266671794378636 -7.145468744904813 1784
8 9.649565867086437 1.6677239574416838 2641
9 10.015388184101312 0.07415230778517787 4522
10 14.410238296293064 -0.7744030143616845 3156
11 6.578693290149813 -3.424228871937374 3564
12 11.14279706759288 -2.463595878503813 1634
13 8.855174604503494 -2.36258736933401 4212
14 8.158524916221808 -0.5789513779500086 4713
15 11.106265882299061 -0.6627365119144542 1127
16 12.880300315408961 1.1646071777986593 2866
17 11.119195731706936 -0.14822008163725747 3057
18 9.960462811625971 4.39058071220759 4198
19 12.42789126664675 -1.0281103155506823 1178
20 8.021669451853521 1.7785331154290616 2759
21 7.046527001132847 -3.8651883866874743 4230
22 9.610081219228432 -4.449057908361101 3916
23 9.098913726897855 -2.3917972934303 4255
24 9.953529741240446 -5.156245550800484 1876
25 12.251885856692246 -1.676080884196566 4525
26 10.02868333851033 -2.803168767132185 3691
27 10.163686112708174 -2.0690507182438522 2024
28 11.662473151695732 -0.16986774998747434 3508
29 9.021855497052242 -0.6757878020494517 2520
30 9.631228605174568 -5.235788901382649 1806
31 8.216183927057312 -2.4791994410858846 1650
32 12.738015721534529 -2.8561024126403476 1823
33 14.784892300489178 -2.692422849197187 3806
34 8.388491340037048 1.2237043280179623 2102
35 9.627006997362818 2.1859881393481033 2763
36 8.320231597375491 -0.1160942917988411 1486
37 9.942765545947879 0.6129929021236163 3104
38 10.105862152836222 -0.9444819634715546 1268
39 6.868719275058385 0.5338113931410621 2655
40 7.949909413795036 -4.192990391506245 4602
41 10.816046286132357 -1.8954363876964926 2540
42 6.167234116307975 -2.6233140517543805 4123
43 12.182085109420843 -3.580744240418338 3927
44 12.430439708604798 -6.46286445957826 2063
45 8.735723945547461 -3.0765526057358428 4834
46 8.092284723815764 0.0824702670264851 4354
47 9.011187148826364 0.22508058938617578 3697
48 8.276784108025572 -0.43348311853273336 4758
49 14.42121210249071 -0.5520789479652819 3951
50 7.847328331485108 3.945459662260434 1893
51 13.446895738868129 -1.4519259593860943 4972
52 12.027542127975508 -3.8400951051923946 4198
53 6.668699051821644 1.1198630463760826 1183
54 7.630646145627571 -0.6858215377751035 4569
55 10.235188291388486 1.7156561462541169 1985
56 7.570228594807477 -0.8460092504469315 4522
57 13.563072306896649 -4.144056825169267 2542
58 10.775508136354503 -2.2095784553708695 4507
59 10.470634778615636 -3.8729271696350254 3341
60 11.066139556754573 -2.729615161422549 3310
61 10.006164542981663 -3.9449289460714856 1326
62 13.478919483952208 -2.3143244976993818 1061
63 5.623944341425376 -1.2083345786831372 3614
64 7.380552967608858 -1.4788325322651823 4292
65 6.341338609879231 -3.427278346210558 1143
66 9.363028235694246 1.3547572720233958 1857
67 11.495687145745633 -1.275869934698314 1485
68 7.287923091420347 -3.6897864660346276 3953
69 7.452180238913397 -0.3386980145984004 3003
70 5.700906885375499 -1.6471703236115443 2759
71 6.617549987357536 0.1420465206392515 1117
72 7.092858457986394 -3.6805927235942564 4251
73 7.907752145743003 -1.124263436651581 3693
74 6.428123741721114 -1.4378606508927592 1620
75 12.681316226574307 -3.8052675652369627 3752
76 8.406262968589132 -3.954377351096956 1823
77 6.949585611119061 0.9798736474690006 1643
78 9.246941905363721 3.6733138280830433 1852
79 11.350932180652718 -4.656170043810572 2467
80 12.680563427987005 -0.7339329404860755 2309
81 12.255247354378703 2.695252273642683 4587
82 7.769753547505441 -3.9728702095019424 3215
83 8.656599088091024 -5.927900380936623 1348
84 4.983669858444939 -0.842499866859786 2889
85 9.812393909256986 -1.1982561803887801 4556
86 8.713462441657054 -0.2997488945378328 4100
87 6.914968123330721 -2.185070689320644 2141
88 7.6213633690562315 1.550756627162453 2203
89 6.807864541397945 -2.992915789610427 2119
90 12.688885105880066 -3.1598574769186203 1767
91 9.664653903394129 -2.806374808388029 3948
92 6.791156250007721 -0.17636220996247634 4745
93 10.045850407966391 -5.982054170423986 1111
94 7.194846187305783 -1.2284722729992916 1520
95 6.5412315363540126 -0.9975962835384825 1144
96 9.391673436521339 0.17678599208224105 4382
97 10.906371074386003 0.4790148806410404 1326
98 9.085865727413687 -4.221412742125457 1267
99 7.086418949549919 -2.371254892126204 2124
100 8.489199778601446 1.7609635149050824 2354
101 10.816056480673113 -1.059271223181848 1917
102 13.772538751703731 -1.8240318298691092 4296
103 11.588583329960201 1.6859415825516435 4031
104 13.375509282293294 1.1248159544183558 3800
105 8.811038026298236 -3.1727625545131337 4033
106 6.459564680257815 -2.565932601236399 2766
107 10.397187677341751 -4.373520475278414 4405
108 9.929117108804425 -3.4779078049829173 3402
109 9.458454785302099 -5.575294680828305 3842
110 6.13218197564324 -0.5482932939765369 1391
111 9.30565791138967 -3.6226620281819284 4673
112 11.75308592720778 3.055342966598406 2422
113 10.424179111412597 -5.402040490088192 1028
114 7.426568704579737 -2.5557696213314123 4459
115 10.929741328677105 1.6043272382399845 3704
116 6.558586190967448 1.6209123289155563 2078
117 11.867823310162986 -4.158684663620518 3622
118 7.162215849065998 -2.8747590415034807 1064
119 12.381670338886254 1.4510959165173167 4443
120 11.596305062885612 -4.94008777888031 1414
121 11.001592196595553 2.318073827290884 4004
122 11.890606708645441 1.9764674419789448 3858
123 13.219792663238307 -1.3153782201887083 4904
124 5.781281883631144 -0.4625231801230519 4986
125 10.604388872664474 0.19870030579872824 2242
126 5.603195684954925 0.2192490277220211 4083
127 12.210195524371887 1.8602974483522003 3803
128 4.962438565706678 -3.302904721321662 2063
129 8.285431546330821 3.2404254136368915 1935
130 11.011607966199724 -4.945584477513749 3195
131 8.207386147935402 -4.742978373480399 2489
132 11.778747016906225 -0.7266448348660203 2176
133 10.048139342945252 0.9584088383117682 3430
134 10.44570192303501 1.8109723281918224 1757
135 13.658020126675414 -3.9021872047169315 4538
136 8.358511867196837 0.8858071094549927 4354
137 11.521137359001665 0.10973048975574057 3533
138 8.972828491959234 1.7186077703265867 2635
139 7.195999971828891 0.4279953097813555 4218
140 13.180856083231957 -1.0833724836206806 3003
141 10.598532986320002 -5.357232885550384 2664
142 11.58001502326421 -2.3778596729903145 4060
143 14.178838054384608 0.6091868782280331 3887
144 8.720625367273174 2.472666471600156 3748
145 12.869842487042964 -4.283776336460975 1417
146 9.536438367036332 -2.0905305407165287 4172
147 9.79583714689834 3.163797904478208 4020
148 11.852090943137508 -0.3574796420981469 3437
149 11.936345608849232 2.642074241765572 4689
150 8.075299846928308 1.5772557076292053 3243
151 8.43529873387103 -3.1140216442034054 3145
152 12.765201664816214 -2.146218336097916 4929
153 9.247151924585935 -3.899514653498235 4988
154 13.550481407735813 -4.096997663442922 4449
155 8.736296004799023 -4.61092782962319 4457
156 5.8772953178187946 1.596744384938517 2053
157 11.174079392511613 -4.871893528799733 2967
158 6.74054633728258 -0.5597611599011918 3559
159 13.837472323637419 -1.840442753481252 3604
160 7.510094991575573 0.5970102463662097 2249
161 8.417061545421696 2.8259210855817742 2305
162 11.98109701939934 0.46595000670963715 2344
163 11.80404136516849 -4.65561195224615 2836
164 12.839412229004735 -1.8091094788532471 2104
165 13.487393469563232 -0.6024771071577045 1182
166 10.891858571648493 -3.315823226926139 3141
167 11.876986391710098 -1.424859694190023 1582
168 8.021083748986902 0.9751876577762899 4819
169 12.586938871543127 0.4301361585229201 1356
170 12.97915603708369 1.7284004685091767 4951
171 7.884424659331782 -3.3083702073147636 2481
172 9.715825917584079 1.0905550863344933 4816
173 12.622132085336975 -2.422830393739601 2230
174 7.27388857506331 1.3799753503827226 1378
175 8.583743666246358 -3.856675521738503 4392
176 5.808440804016811 -1.220483093825155 3524
177 12.521188552398648 -4.235584299833188 2450
178 11.496699211837731 -1.735229764036215 1020
179 7.373471539152024 -3.6792752440532803 4560
180 12.426243672074412 0.803377294462188 2069
181 12.573818167093078 0.716132846300435 3355
182 8.632664699926147 0.9246638551909999 3207
183 7.773321098704794 2.737026140948695 2098
184 9.51250397066221 -1.7128467048201321 1699
185 10.3380680840357 -4.8475219386936175 4234
186 7.615754894449628 0.3165081725648243 3195
187 5.464274100575945 0.918371064819507 2898
188 9.822127673030762 -0.40966023855558187 3638
189 13.458433439243477 -3.46029700257328 2650
190 13.135942810333253 -0.18780224291157527 2163
191 8.222182936604684 -4.488407355668412 1813
192 9.961799339248273 1.2547597696332882 2577
193 11.947221291588985 0.21356823855330012 4256
194 10.03102536075687 -2.5188502855867565 2707
195 6.986394955191069 0.16032538392624546 4610
196 8.75682146698319 0.8020476675515285 3769
197 8.516027570028736 -1.8578697915576294 1702
198 9.457460292191247 -0.9236745377412235 2793
199 13.096305351792388 1.4885891237036053 4510
200 13.327868884575548 -2.0684798656393983 1920
201 6.225649281905821 -1.6659004612777848 2040
202 13.285742773578546 -0.20867673519294683 1826
203 8.942760196515254 -1.3148467364931316 4782
204 9.594193579108856 -0.032427487810760484 1045
205 7.902307949830276 -2.0730831003137626 2880
206 9.945989135111123 1.583026974562406 1289
207 6.633323575917154 -4.067676792561579 4895
208 9.96532227298875 -2.18492812841327 3609
209 8.925367258658559 1.3392831128413825 2608
210 9.762953392337831 -0.7558794170348142 1434
211 11.591608798864407 2.0095173238006296 2557
212 14.101519138610888 -2.6533264585291643 4360
213 9.276562231191184 -4.6848539262613595 2649
214 10.33255734436474 -1.8094086901911801 3702
215 6.547633794550917 0.6492681058582433 2899
216 12.024765663612671 -3.2491745648268338 4109
217 11.413802719791729 0.33468994635547233 3044
218 11.545883156240723 -3.3879813013599795 2932
219 10.669591423980545 -6.002035546459935 4190
220 6.203688411473625 -2.858868554001222 4774
221 12.113751256423718 -2.032158110930672 3271
222 9.019714549930676 2.375056146418484 4434
223 9.68671671217515 -3.3410398708023292 2394
224 13.196560323176888 0.11795509987167199 4827
225 10.839673861344917 -0.36871538932905945 1302
226 8.777976310238724 -4.919885512724547 2335
227 8.156222182672359 -0.15667298964588308 4233
228 10.445817928792515 1.9792394900117825 3077
229 6.098761001821294 -1.9545835597429704 4739
230 9.854349154205929 0.4492338887172718 3946
231 8.78758173501345 -1.5781655231891165 3612
232 11.822388212118264 -1.4171450568566955 2737
233 6.414647079476353 0.413575854638891 3359
234 12.073497556487784 -0.32027945119114065 1614
235 11.328740317086442 -1.666431456729598 3523
236 10.489759297833332 1.054171902751776 2924
237 13.245261256651403 -4.592265512586063 2505
238 7.753201610718503 -2.834892627044019 2999
239 10.701010147624615 -3.913701533942886 2663
240 8.683316750523955 -2.3531981246470672 1306
241 7.4435561495399405 -3.1707682698968553 2049
242 9.907116272901918 -4.216758268568601 4481
243 7.954523142625539 -0.2989411703591112 3218
244 12.224882145709657 -2.206970188995627 4193
245 10.729090139966925 -1.642880255142962 3555
246 10.593216798116357 -4.3906991039511185 1228
247 12.541285841328431 -1.0479705593304187 3508
248 6.982951912896289 -5.813743156180893 2511
249 12.979117612775378 -7.437099726162713 1917
250 9.342028996906139 2.171451165334784 4581
251 10.99606013006501 2.1056978957962285 4980
252 7.010908915595907 -1.5045553798785145 4354
253 11.759064694552846 0.9631587649598848 4071
254 9.616517211598726 -0.3524186783675024 2724
255 5.551798595003271 -3.914927114907483 1907
256 12.779295666428894 -3.3658837309637115 4354
257 14.66376944125254 0.2389153438048774 2650
258 9.052614028464498 0.46796149391643177 1319
259 11.63571434150738 -0.9595394206674731 4511
260 7.7192442570337185 -1.9266250595727181 4586
261 8.428943504059447 -2.591246351494519 4630
262 9.814426352142204 -3.6763478167041597 4937
263 12.186285846862326 -0.2948592524906103 4918
264 11.554928907578272 -2.906179284061038 1105
265 9.343707208798907 -4.411554021249128 3800
266 9.538952684075504 -0.6122649533390808 4705
267 9.28150796619376 1.2511712341261128 3106
268 9.329141257477383 -3.116824144535265 1393
269 7.158957652641876 3.41194324322731 2988
270 11.868491982116435 -0.7369267593152775 1104
271 6.411831226661625 -2.2162661465359657 4390
272 7.6711127708114235 -4.614735181850512 4997
273 10.604054039058624 -7.231192615601413 2203
274 6.755094147363213 -1.144003651993971 2819
275 11.390164000665319 2.648542659482872 3783
276 11.402156488745026 -4.106910189018037 1300
277 14.142901427656966 -1.9530114532664267 4663
278 7.889685283268532 -8.225196064546987 2164
279 11.791724917314946 -3.904603906553113 1039
280 7.844515211495069 2.3135296172968243 4665
281 12.42237580257835 -0.7393255328234205 2661
282 11.843205849850712 -5.369171200583398 1628
283 12.899004464306804 1.0149714424381933 1032
284 10.325110809085661 -2.607264028231002 2464
285 11.019374382800857 -2.043665624327791 1446
286 8.217482044775354 -3.6318913448886407 4921
287 12.05799335590568 -2.9842234323045376 1621
288 10.646800356781934 -3.4812125025551848 2591
289 11.764787630381747 1.1635194215779292 3353
290 14.566847598251432 -1.313827686769892 1817
291 9.301710177399842 -4.191979637793571 1012
292 9.866757585918037 -1.3647782058696378 3269
293 11.512892069316774 1.1259525493185747 2655
294 8.11045024451176 -1.384872668669858 1771
295 10.339904697534186 -3.3822231865556414 2131
296 6.047298350271591 -0.06082529405588738 3647
297 10.522394185474907 -1.112247790697465 1569
298 8.365801798649105 -0.9375976824630157 2281
299 12.380466144292473 -3.4593194024575316 4725
endpoint1 endpoint2
0 86
101 235
44 282
67 137
59 264
89 94
26 98
1 28
67 80
244 270
216 244
153 157
82 205
168 204
125 148
84 95
204 261
62 75
70 215
45 223
59 61
236 294
5 214
112 121
26 142
30 111
158 160
194 287
175 291
24 59
244 277
34 215
96 139
86 267
37 225
27 60
42 252
60 299
94 296
53 168
169 247
34 133
108 238
69 203
208 265
198 284
64 243
259 289
99 274
76 272
177 218
27 291
244 288
192 198
19 162
91 292
139 201
28 67
122 162
275 293
64 294
102 290
4 99
40 99
184 295
19 58
49 190
68 238
38 227
136 254
103 170
31 153
43 111
34 88
263 270
188 240
60 279
184 208
22 295
176 271
0 100
48 174
101 221
14 29
31 294
252 260
65 76
89 255
8 150
42 70
45 59
42 207
58 101
8 115
120 141
119 251
159 190
6 122
112 211
216 246
24 191
78 147
18 147
240 271
136 209
9 37
173 212
73 210
147 161
175 207
178 225
259 270
2 71
200 259
132 165
261 268
202 281
214 292
25 256
90 299
130 163
46 203
41 194
166 223
97 263
33 57
81 103
79 256
9 137
132 202
74 260
17 193
1 143
182 206
104 190
61 242
119 148
34 160
45 114
117 295
151 205
188 209
166 285
169 170
36 182
153 239
142 247
50 161
103 206
158 186
67 214
160 274
72 241
91 226
8 172
24 282
68 201
106 176
178 216
13 292
167 210
61 141
163 189
1 10
23 91
46 168
185 279
16 253
58 60
68 155
34 172
73 95
52 79
148 164
60 262
108 264
67 152
208 240
1 283
26 105
17 180
177 287
178 284
55 230
162 270
0 2
145 264
91 218
48 233
21 42
83 291
31 151
60 295
28 140
47 144
115 169
27 245
132 293
47 254
203 297
32 173
81 127
109 262
56 238
26 235
8 134
41 184
69 88
51 290
107 276
194 268
1 167
182 230
7 278
3 133
194 242
38 198
5 58
121 206
134 250
115 267
88 222
162 211
3 222
90 232
49 277
142 245
100 280
243 266
190 263
87 114
75 173
58 239
0 54
179 213
38 231
211 228
48 258
180 263
56 150
23 262
59 163
130 295
251 289
175 194
134 253
228 293
53 160
55 289
90 120
276 279
103 193
67 193
41 221
107 213
105 108
69 126
183 222
4 146
113 130
148 285
138 251
189 237
199 234
192 228
107 120
167 264
13 45
86 184
47 217
45 260
94 220
22 82
96 292
45 286
39 296
17 266
154 256
195 298
142 152
21 40
131 286
45 91
236 283
16 162
250 258
8 136
12 61
133 258
31 106
32 244
121 293
25 140
194 266
117 287
56 171
117 237
97 127
28 133
136 280
15 85
0 77
40 61
181 293
97 188
197 214
129 138
190 217
149 199
196 230
191 241
219 273
205 231
12 225
14 197
48 260
77 243
11 82
32 264
11 205
217 247
160 182
74 229
31 203
113 262
86 205
28 80
225 270
114 241
65 70
62 140
179 220
51 189
37 134
181 234
123 287
111 240
71 215
57 279
235 263
36 252
101 230
43 159
172 222
38 132
261 272
7 83
74 186
86 138
45 191
14 92
111 118
20 55
16 127
98 286
179 241
245 292
171 262
39 160
146 268
2 114
0 110
52 285
54 203
35 204
98 242
118 241
14 39
118 274
107 219
72 240
73 198
89 286
63 73
100 228
173 218
137 253
174 183
223 285
47 94
148 224
75 282
94 95
151 288
254 292
115 149
12 276
78 144
62 247
179 229
93 107
75 157
48 64
24 213
0 124
95 252
172 225
246 268
29 298
51 270
37 186
25 297
36 266
87 158
1 181
104 289
14 210
107 284
43 256
97 204
110 274
29 85
162 225
132 173
102 212
202 257
29 198
102 167
164 264
30 246
71 176
110 201
17 270
41 281
48 266
21 151
34 161
155 295
29 258
3 275
36 195
158 229
27 203
77 116
128 220
124 229
131 185
208 259
79 213
116 160
148 253
285 292
184 298
20 56
139 156
44 249
76 153
66 266
87 105
17 281
122 228
96 206
53 296
90 200
123 165
15 101
71 136
248 272
125 266
135 287
85 203
96 258
85 188
43 154
268 286
36 86
10 33
26 76
153 265
4 197
64 241
86 298
30 141
69 94
58 85
4 9
25 132
60 67
92 227
96 230
15 167
68 131
5 22
38 204
269 280
23 29
232 254
27 234
29 196
123 169
187 195
80 263
26 146
38 146
5 107
147 228
224 263
185 288
26 166
106 220
