nnodes nedges type
300 500 graph
nodename posx posy weight
0 4.347933136686799 1.544751064399346 4996
1 1.8149970487181672 6.203181960024304 2826
2 1.3293799128338497 5.56465126735353 2660
3 -0.768970118012238 5.569024662826613 2335
4 2.022687608295107 4.666045319241041 3560
5 0.5914816529501168 6.181035807676601 2759
6 0.7372797349500737 2.538271462358126 2992
7 -2.2992364594251797 5.686684324571329 1858
8 -0.6853767334802537 5.052038471817941 2199
9 2.942017182437604 2.8053948945521046 1371
10 1.5167549091036825 3.4666998420106876 1285
11 2.2729960812098366 4.455835888161387 1828
12 1.0424188882056284 8.202739459511502 3972
13 3.1140766445177044 5.025993634977938 2237
14 2.1931536248789487 9.081967517024031 3165
15 -1.639374187440355 7.792506084690424 2967
16 2.0750755937400434 2.905087839363729 1865
17 1.3823917755933421 7.4741049905244585 1807
18 1.000250709764442 6.644544817891226 1328
19 2.2563500773601746 1.5360252974992614 3159
20 3.448179924020553 4.213193865675001 3850
21 0.12280096071225577 5.599450400573386 4078
22 3.303788367820371 3.346498960995174 3212
23 3.8517980659265656 3.835942305060097 4082
24 2.27624550712825 3.7988599419657025 4308
25 2.593091329077648 0.43682750761132066 2058
26 1.2721173964732895 4.207123002971191 3804
27 2.3974333485342942 0.19081629733127342 4643
28 2.776403941318789 2.3111921987131963 2124
29 -0.24641466339103898 6.749565278469063 4724
30 0.0612382326118512 -0.2610036577913876 1662
31 -0.43835500490390295 7.511942855124686 4368
32 1.9819452215700333 6.536687825549109 2775
33 1.0526705495039872 4.100380192709529 1925
34 3.214104831189463 4.863050460302936 3493
35 1.6193742429523312 3.339160416354282 3970
36 5.051962205370055 1.9593743356619506 3867
37 2.9312531144486367 8.247522761959543 1173
38 0.7777442900431779 1.2690354310635485 1024
39 4.2327318134770655 4.469487573248644 1472
40 5.338321470004453 4.223370886031371 4963
41 0.48073641210416745 0.9528963261364582 3850
42 0.5467641945241937 5.312614402664862 4044
43 -0.0887074502291178 6.61953969219696 2279
44 1.0068170366519136 6.696410969687986 2314
45 5.368140899888445 3.326550235739405 3426
46 2.604813167713115 6.370701760646278 1929
47 -0.9042189371261441 1.4997556649945103 2416
48 3.478729424378395 5.802977778533768 2058
49 -1.7638976685788095 8.17998467272369 4200
50 -1.4645293770204133 4.299800664429639 3624
51 2.1868358709790443 7.992752229380967 3560
52 5.224512237902154 0.6234595737216247 4937
53 -0.5807869574741142 8.769225286891878 3934
54 0.6704320360100172 9.733165850202917 3469
55 -1.6520877673888392 6.534024297759266 3188
56 3.250577094460736 6.193497015576262 3901
57 1.8241556474069534 10.225922581694912 2235
58 4.290632473478567 3.171182570303668 2219
59 2.3257888782600378 7.625838195623359 1837
60 -0.7026964107194106 2.196982716094986 2567
61 0.9268689138589913 8.96169572692541 2225
62 1.37761152257005 6.695074977329571 1431
63 -2.5952048105154577 4.228049047812549 4736
64 4.912328538239001 5.970379083919528 1419
65 -1.7970927100097283 3.0471186027682005 1319
66 -2.593717652249999 2.2406726829799664 1264
67 0.9080425983587486 4.41674407379973 4835
68 4.753445714286064 3.7015516681378746 3150
69 5.1562365069989795 6.391059418697166 4144
70 3.468126746691865 7.542540796456164 1230
71 3.486047683854389 3.867661117915845 2823
72 -2.0852451231165374 6.142407200899354 3091
73 3.384165704409299 5.411819904603704 3452
74 4.584884522858586 2.5974902225237715 4003
75 4.401335047815654 4.496516486522731 3235
76 0.14290619704017052 8.216293607326989 4082
77 1.5576837493288287 1.5834928496115315 2232
78 -0.032771640947263946 3.511631290311025 1714
79 1.6273754175913548 7.725496501056645 4261
80 0.17645919575696023 6.840127347705003 1318
81 5.030183915125905 1.4837564050382177 1470
82 0.2030054661828714 2.6209166993683892 2759
83 2.836548668172126 1.7145749907516452 4527
84 6.760040474876379 3.666349262137441 2502
85 1.822219250376272 6.778070592195207 2183
86 4.457037386336441 7.491999338786252 2804
87 5.483016897378023 3.419222793363835 3929
88 7.328283985562546 5.778508068106369 3095
89 4.470728694267522 3.5447728692319616 3897
90 2.547405979257326 0.7869485969475463 4172
91 4.487989494816844 6.622181901071401 1197
92 0.6327256694801628 -0.1687487121367736 4437
93 2.502487625375377 5.5673592511043175 4927
94 2.3295825050718104 6.031621060589955 2444
95 4.234314596060956 6.37162875806263 4451
96 -0.7096774008755617 5.851744101601669 2056
97 1.0426120278218065 3.966802206624159 4753
98 5.541749838228643 5.608934302614358 3595
99 -0.2892713674501716 4.475982701763984 3911
100 0.4780617138598839 4.4988431453927245 4857
101 -1.836709240196885 0.5890973134661491 3644
102 1.843232808242262 4.882741636915664 2493
103 0.6588936563161208 6.833615041600113 4653
104 0.044736441645583165 6.05347899730902 2956
105 3.5312371568968874 7.268616149341396 4369
106 3.312791603364024 4.354650423419084 2060
107 2.1942579497962043 1.8896345882457966 1633
108 3.3162591887612476 6.312370831316415 2200
109 2.6185865187095847 5.219611012820514 1441
110 2.7610113389313735 9.371512191356073 3706
111 3.912274889047017 5.412506162404431 2650
112 -0.5382885601821593 5.705092934194823 1024
113 1.7231316137388875 8.464289596269067 1100
114 3.143059631606961 2.345833076553932 3782
115 0.5464759818496133 8.407870696650834 4898
116 0.39326448928381763 1.876141120628462 3111
117 -1.9222339682586878 4.1999224564772035 1066
118 2.3055581056753347 4.12916698170131 4495
119 -1.3230871304605816 4.893547971708589 1052
120 -0.9900150251354892 5.743774829389802 1658
121 -1.1757959363991362 8.946967231225347 1608
122 4.243375560358242 3.990000893886283 1768
123 5.378071030685642 3.9810064739950017 2903
124 0.6422051085566206 2.864640710778337 3964
125 3.9812573640402102 2.6968913848894944 1011
126 3.713111012766738 6.273083403490382 2151
127 1.4867390795579956 3.169627166142897 1326
128 0.5248193117358861 3.137989740946256 4098
129 5.728020866326156 3.187992101633767 4065
130 -0.3773008528341133 3.1185378398330417 2670
131 -2.8577016224657146 4.252795811051008 4224
132 -1.5208297820977006 1.9338938492710191 1485
133 -0.46641215004522896 3.934356459392527 1882
134 4.787668489023526 6.8575606628520696 3842
135 6.206178671011882 6.6064980920155625 4031
136 3.3465845999834127 7.837468180761075 3909
137 3.124756943461727 1.7393417793807278 1475
138 4.703837721324515 2.3202131128041703 4115
139 1.6807338558166534 5.5435899061184895 4349
140 -2.24348964698892 5.594781034436406 2513
141 -1.055108032684032 0.8604208282191925 4204
142 3.9458271955874524 4.591243374716295 1576
143 -1.5824011184897664 4.664623124940663 4001
144 2.3095282991939836 6.620012992690311 4679
145 -0.7616599247668643 4.695254406571859 2624
146 -1.9020171840296984 7.880291214484238 4776
147 -1.2909285458405215 5.989977281903503 2988
148 -1.4996409345842994 8.751999548957466 3549
149 -1.6335210902661321 8.229414325594224 1571
150 2.5240158324874757 7.80357613614855 4016
151 -0.9047605296988552 7.1138832118572815 1832
152 1.63884547703705 0.9906319726831018 1282
153 -2.899103069505059 4.551311527374532 4228
154 3.5416373701536847 3.043480332237743 1784
155 3.2688161286914474 8.170043732575184 2418
156 1.7157615112087872 5.689262005561191 3841
157 -0.21683856394658285 8.88627841314215 3630
158 0.38546878574849397 4.819351212373366 1726
159 -0.8454787586904927 9.68985147267796 1446
160 6.631938134831358 2.7097451899864624 1154
161 -0.5833856901977004 1.9983413053036116 2008
162 2.2332920680817443 3.57662945792094 2782
163 2.2620799489319765 4.690328902853239 3565
164 2.4415592024363675 6.7649385197196965 2211
165 1.3580830286654966 6.8528863735792624 4554
166 0.2644545355877704 2.6749259669633108 1653
167 1.1994937215161545 8.503095351965072 2581
168 -0.24472834975367713 1.286539925822516 3676
169 0.22466843508315434 4.165125066801979 2679
170 1.3736859624818794 3.7141329923536697 2676
171 2.7535253265191604 5.651892038303416 3643
172 -0.4668261176200303 4.795322218709085 4119
173 1.9991352329422294 7.857723199181381 4846
174 1.3238833849763083 9.190547259487564 2712
175 2.177490411446948 2.4681178462290347 2358
176 -1.366089823392152 3.6663617713412875 1101
177 2.7780666659643325 7.751154518022614 3126
178 0.22457067434597022 1.3131709659654953 3848
179 3.5737843822928768 5.594333588335978 2098
180 -2.6220664249240744 6.118670680869994 3781
181 0.5462079581853055 7.264572571074944 4828
182 6.722152360467074 4.9230170413704055 2175
183 0.9090107627338153 1.6012822975811571 2638
184 -2.9964297158891187 4.314723119140984 3442
185 2.237346415317543 0.5903691776497074 3290
186 -0.2721038457679476 2.69958489815762 2263
187 -1.8402791270099408 5.871389998349161 1937
188 1.1264535341520021 1.9563718542652013 4448
189 1.8458347823736607 3.2678116907895864 1558
190 -2.0425206365049497 2.0896466355502237 2552
191 1.333970116789018 7.234524616920253 4410
192 4.788311160173029 0.0840947637352817 1901
193 -0.9396754390492864 0.1964276111933399 1924
194 4.53781633013966 5.199553023626568 4177
195 -1.8207592237305708 7.37760396423036 1824
196 6.543034055633253 6.928274230018192 1767
197 -1.2009701846401726 4.508302270086882 3984
198 3.8604182334068744 4.954153885335598 4685
199 0.8457389913247132 6.012914533974849 4185
200 3.9607936817797427 1.221245126161371 4651
201 0.20929412629709437 5.465883930134482 3698
202 4.027026935228324 6.90864339242339 3768
203 4.822203086429822 5.5737033088882395 1435
204 2.8393948274115406 6.549418333212423 2411
205 -2.5539358119307125 7.664428736236353 1706
206 3.48544063721493 7.018545120209042 1357
207 4.956696279959946 2.9319645008357895 4438
208 3.3509112544196467 2.133127818053804 2911
209 0.20652742856317055 6.0939056782211765 3111
210 0.8263535582838297 3.4604468614455595 2810
211 3.046718952929029 6.868551967944713 4465
212 0.5429817084165292 3.4071606307910316 4726
213 -0.7939970595166917 8.074300138196348 1542
214 4.798477733328531 8.608580914237281 4520
215 -0.3514420724195713 1.469784823156115 3629
216 3.5601646541414973 9.330541825193466 3746
217 -1.359008992839994 3.4041474918932946 1742
218 -0.17636488814583745 4.904621766155986 2011
219 6.221814136839669 5.877376305046604 2037
220 3.8081438097168907 7.562701215565397 1835
221 2.90659188742019 2.2910261822930322 4510
222 -2.3168552443612414 3.679229432470851 1469
223 1.9534083178777286 2.086076789529666 3714
224 -2.838940309561908 5.197272183869607 2516
225 -1.2274022910485138 3.076473473845983 1294
226 -0.17593585648018925 3.3299928325817683 1387
227 2.5089355430405464 5.182636871425372 1301
228 2.7128768234562255 3.3379747354723666 1492
229 3.2414323197817345 3.716926253234177 4339
230 1.4777322508980968 5.241460158187871 1259
231 1.818453553980667 1.6377030439224098 1656
232 4.056916177162331 9.084193648426911 3430
233 -0.7989547837618273 3.055439597203303 3481
234 -4.0352927535041685 6.705106271695975 1861
235 2.3775346186477324 2.1464284693151683 2249
236 1.7188651148857887 7.591501578118207 1541
237 2.4887507244333227 3.544634993510191 2887
238 4.274758207510572 5.908351013602076 3736
239 -0.3792731132716012 2.55980066988272 1879
240 0.7430941827408414 4.6475345479937795 1019
241 -1.0023036687153564 3.7843039838962595 1512
242 0.04323865077214095 4.609247066931002 1248
243 -1.2438747674939838 6.771443301722931 3627
244 5.184330425965214 4.642471607643698 4053
245 1.6533826142742285 2.852952008208783 3838
246 2.9972134470888316 5.412063975384456 3674
247 1.2284567352238063 8.709786209158807 4754
248 -0.2774556610775248 6.357251091804722 2398
249 2.980341058136147 7.502068734798738 3940
250 1.692273485770737 7.017645994253468 1511
251 -0.7680646062831951 3.3215289849792127 3784
252 4.297596954457331 5.6488218601311795 2744
253 -1.7426541312908994 10.100448127127807 1722
254 0.5288759653853334 5.669858106133793 3012
255 -0.15686435360892742 7.501756546939823 4620
256 2.819542531553168 6.029275580564132 1829
257 -1.7027033865319237 5.779259123512066 1837
258 0.0237442997525677 7.718893891208915 4513
259 3.301373001060816 6.821135552451098 2435
260 -1.7986831147896103 5.27155226096914 2284
261 3.846791714253858 3.013876362925974 3212
262 0.3571064347731984 3.476921245166613 4313
263 2.5434703911017915 8.622240857640621 2364
264 5.262135265706714 4.815541500892152 4395
265 2.6641288085100046 4.898375725800869 4258
266 1.9130268934146248 2.6735902779288225 1802
267 -2.3593266864351587 4.768475867782371 2211
268 5.327279645339446 6.416432679209497 1889
269 -1.2228504345639946 4.608261960439715 4348
270 1.6403774454166944 4.452673694462475 3787
271 0.7948857574935738 7.402557698636111 1693
272 -0.5573460898049547 6.910945481370143 3410
273 1.1980143839587403 5.446242520856789 3489
274 5.4307249082646925 7.248570831653692 4882
275 2.6760082702745263 4.471163839684093 2087
276 -0.41047938156795255 10.123514895512207 2398
277 6.127910855936666 5.455282948661207 1838
278 -0.7031678143339797 3.6943840004373145 3548
279 4.211965073040951 6.791249582261776 4208
280 -1.6676000441592032 6.944805850265393 2024
281 0.6113233124011741 8.870760984704532 3168
282 -0.7732018031152341 2.6190236129627453 1732
283 1.0556355791235403 2.30370080334034 2992
284 -2.185381790910033 3.193589752729785 4224
285 4.366875359924895 7.314069368434484 1793
286 0.7859850462781848 10.923726725191953 3942
287 0.6944509719846078 7.852081047205199 2209
288 2.8486256503513117 4.0350724987685425 4818
289 4.056448055129603 4.306671046801114 3799
290 0.6782923248431562 0.21313835233860431 4113
291 1.901543660747527 3.5498785972616305 4927
292 3.5269431146756225 2.474274852666463 3255
293 -2.8333318742919085 7.950910560128412 3684
294 5.686558084254442 6.749232000120277 1144
295 4.186626122855809 1.14855635190459 4333
296 1.1541707220863322 2.833002003662966 2706
297 4.484450673425634 4.1668158936892645 1750
298 -2.7537540072645728 6.610365303418557 4778
299 4.315986081125973 4.864307380068256 4897
endpoint1 endpoint2
30 41
121 205
61 76
77 114
1 201
118 299
124 231
17 46
275 296
56 220
29 96
32 113
43 213
90 152
40 142
123 289
139 158
48 259
98 277
96 269
144 220
207 264
175 231
23 204
69 279
59 61
246 279
13 89
246 265
113 281
79 115
69 194
42 67
170 266
9 245
62 104
42 210
127 278
107 283
24 33
115 191
7 15
32 179
19 292
54 167
10 283
214 220
21 242
44 181
158 270
72 147
46 85
235 245
94 108
1 163
33 67
134 202
175 245
19 27
66 225
26 34
49 159
8 212
102 246
9 261
189 229
24 125
82 130
75 194
212 270
105 263
131 197
51 136
76 271
10 100
23 106
102 189
192 295
109 156
54 159
54 276
25 223
95 238
50 241
28 90
6 282
198 270
12 53
53 213
78 199
63 145
13 18
161 278
117 257
64 179
42 243
11 246
95 108
75 154
85 191
182 264
147 278
86 232
133 226
55 260
20 118
250 255
91 171
104 145
61 174
56 203
56 256
187 201
82 168
142 229
258 287
87 98
145 217
21 44
12 247
153 176
1 80
0 114
45 138
212 283
154 175
191 230
196 294
93 211
238 274
72 298
177 216
100 172
230 250
144 204
155 250
122 123
217 222
190 233
82 241
245 291
132 141
73 75
144 248
167 258
4 71
24 275
265 270
173 259
67 170
207 221
8 104
199 272
180 195
0 52
117 284
7 269
126 150
103 164
73 106
158 197
39 203
154 237
128 188
6 189
50 239
148 276
73 86
196 219
203 244
221 231
10 228
145 170
3 241
97 254
18 247
122 238
38 107
181 257
80 104
48 285
139 227
58 264
144 246
149 205
32 150
163 291
46 275
2 256
176 251
73 139
163 265
1 105
39 227
195 258
64 111
115 157
29 151
138 154
32 62
54 286
169 251
146 272
65 197
2 118
233 241
56 265
43 199
36 137
31 104
162 265
35 109
143 224
91 126
119 225
119 120
37 285
11 230
22 163
65 130
34 93
106 223
50 99
97 226
29 51
4 59
98 202
17 21
94 156
125 208
197 260
117 186
74 81
146 293
233 284
47 82
128 233
178 223
180 205
165 287
83 221
45 198
19 175
33 201
11 245
175 228
18 287
171 199
33 35
208 229
105 268
133 169
116 223
34 111
48 109
195 293
34 73
119 267
114 292
51 206
263 281
36 87
197 218
29 269
119 184
7 187
178 282
49 53
115 121
203 219
38 152
230 237
111 142
163 273
4 10
292 295
155 279
56 164
35 82
22 39
106 252
264 268
38 92
227 240
24 235
45 160
164 273
179 206
71 292
0 138
34 194
166 172
5 151
204 271
24 93
5 177
239 245
297 299
114 266
227 261
126 289
60 116
57 110
58 237
60 217
119 248
60 82
99 128
3 43
136 202
185 200
70 238
74 229
197 267
41 168
124 296
43 55
2 96
198 249
203 277
21 262
76 80
80 147
47 101
13 288
22 89
210 237
162 188
79 227
12 103
183 290
140 280
209 255
179 194
94 106
140 145
18 104
4 156
34 275
28 266
31 271
126 246
28 288
217 226
270 291
37 62
67 162
117 180
20 227
236 254
83 237
256 265
26 176
134 177
16 210
121 253
81 200
41 283
186 283
124 158
16 127
168 193
103 172
97 100
173 199
165 250
1 211
102 108
164 202
152 208
251 269
111 171
148 243
22 107
110 232
183 185
82 183
258 272
142 246
120 272
64 135
170 289
70 211
54 57
19 283
22 292
35 137
152 215
99 240
14 191
62 139
10 118
97 118
6 10
12 249
179 229
158 209
288 297
70 236
46 252
226 242
24 262
56 111
238 294
171 288
150 167
143 242
56 85
84 123
130 218
95 299
5 100
186 251
87 125
16 122
48 275
69 285
143 172
102 242
269 282
171 259
99 254
7 153
172 260
33 169
38 186
133 158
40 89
156 209
229 288
43 85
44 93
10 221
249 259
9 288
31 157
194 297
9 175
78 132
6 161
71 109
5 271
16 128
32 42
20 142
222 269
187 224
49 72
77 78
109 238
51 110
11 288
218 273
183 296
58 200
149 255
141 178
97 266
75 111
215 251
169 230
129 289
128 189
46 136
234 298
174 181
127 288
202 211
68 275
95 105
116 226
225 296
106 244
99 112
50 72
112 273
228 265
94 181
167 236
3 104
56 206
210 233
165 258
109 165
43 280
186 262
88 277
15 281
22 229
173 263
5 218
119 172
23 114
120 158
134 264
236 250
82 210
243 298
166 175
128 130
