nnodes nedges type
300 500 graph
nodename posx posy weight
0 -4.831772325103495 8.523073592611343 3863
1 -3.2514786182827837 5.426866824381884 4223
2 0.8711190734733754 6.629129754883624 1131
3 -0.862769425177626 3.266002812582186 4802
4 0.4127643423613801 9.079366097553303 4185
5 -1.5544909191835838 9.861092119360995 4307
6 -6.923345263060279 10.881187075415951 2562
7 3.4489950356042396 7.674034308818905 3893
8 -3.840896961591063 7.54170933191732 2636
9 3.6235567599696434 6.906303338816309 3887
10 0.291875841852934 10.140115105173845 4379
11 3.7226572399134805 5.946390696021327 4920
12 0.3012657711063258 8.872729466241044 4215
13 -5.775190067542341 10.54242348915792 2550
14 -0.948469329577177 4.022524964335781 3056
15 -2.174186454175328 10.354371225970851 1937
16 0.7051828966456497 5.86096543963367 2949
17 -4.2353370919035 5.054442832326825 2332
18 2.833403037791688 7.431323553780541 4397
19 -2.0810049507835413 3.912433040970565 2400
20 -2.8450429697845143 8.467791558857112 1776
21 -3.8692508589453647 9.608836996857592 1237
22 -1.9467890241059103 8.743979696214485 2159
23 -0.29523186675520124 8.728141863099156 2385
24 -1.4498607996642354 4.846230316162103 4914
25 -5.915096040167493 9.701361596743364 1221
26 -2.7371262301231156 5.420157193723393 4866
27 1.5567597748405155 8.612193134174829 3423
28 -1.7767374241207343 9.697183339624694 4035
29 -3.187043936575596 3.6499070578940045 2886
30 -0.4785772852501785 1.8007500559423657 4991
31 -1.328308322868823 8.429968658494257 4885
32 -2.631010437445585 5.775216278605818 1153
33 -1.5135123640813 10.46461082235175 1076
34 -7.367157146742596 8.476425056667946 4457
35 -0.6735330934896951 10.344679319736423 2736
36 -0.9646084971625719 8.772877784032797 3591
37 1.6411121074977957 6.198904937977531 2942
38 1.0811947987120458 8.085849413969589 3830
39 2.1989026765519832 6.2910460214144805 2231
40 -3.3913805817617164 6.878359303545651 2398
41 2.026694757024003 7.109044973423415 2658
42 -4.460511265027501 8.489687394460871 1765
43 1.503380700912826 7.339735018633968 4132
44 -0.977075510557014 9.940356833993409 2960
45 0.38504705280881174 7.046456549754999 1150
46 -5.953647698419861 6.057616729163485 4556
47 -0.26194533240478846 4.456957038078392 3743
48 -1.7233337786284988 6.285737247184763 3017
49 -3.0273598686998078 8.444152164372735 1628
50 -3.209452249662653 4.452223921877478 3368
51 -3.320837024359982 5.400112811315962 1777
52 1.016263006116521 11.38898221348946 2241
53 -0.6049161769973237 12.196994615217717 1608
54 -0.8017466562852493 7.542456374452575 1496
55 1.2548403670207644 7.28680877806045 3949
56 -1.2895907986493507 9.637694918650517 4197
57 -1.074009009029528 6.481722694485127 3477
58 1.0853076984517236 7.368854539207462 3915
59 -4.364354950919685 7.281251260722116 4487
60 -3.0038825457681733 5.628096843896368 4883
61 -0.7522718033997147 10.773542480607931 3346
62 -0.9487841713136006 10.768479710535694 3817
63 -4.181558578541302 6.540097469348369 1367
64 -2.645446461877353 8.063923467171158 2418
65 -1.0737390574278416 6.828741885311726 3972
66 0.5268880754453678 3.7017147642283548 2361
67 -0.33218371143248027 3.5823448539881575 1271
68 1.8276575978006928 4.564904519756009 4489
69 3.5073115217654616 8.059710780211823 1834
70 0.165412672772473 6.066319788327677 1355
71 -2.4830495761567235 11.426326719201601 4429
72 -4.638857091302066 7.6304189636075135 2971
73 0.626144954680298 4.812754208341869 4431
74 0.15145039430795168 8.413085195869483 2476
75 -5.7395738028659 4.14292568002576 4737
76 1.3750409838882527 2.882432157696157 2942
77 2.6455063050440932 6.536409758685646 3984
78 -3.347900688359838 6.154788528033308 1846
79 -0.18361408427401776 7.750936782464748 3115
80 -0.490768914178914 6.322763368238896 2572
81 2.360789384267667 8.329798915287032 2545
82 -0.5583754131937589 10.81855561978199 3675
83 -0.2177146708063821 6.984445019670745 1557
84 -2.0281394508484434 7.755377932390448 1320
85 -0.6826069757230901 3.8873743744827105 1882
86 -3.359370251896305 3.5261709379047237 2654
87 -1.194262375370561 7.454733120497964 4275
88 -1.3368973502705777 7.817573516394367 2509
89 1.0827518122120166 7.072463631625186 3800
90 1.8152218994984248 3.7396756425924096 3859
91 -0.8879284442174152 4.780468753010735 4090
92 -6.277640116375037 6.4949116690477195 1160
93 -1.71381712433349 4.172804844475461 2967
94 -5.106432167285799 11.327343953816637 3230
95 -2.3491513267473607 10.623226405955817 2752
96 -3.160343448774579 9.479778901816205 4009
97 -0.6134632553027648 10.091669325584718 4669
98 0.0006839925995776458 3.536443084938522 3826
99 -3.157720431480502 7.492536765093476 3787
100 1.4247006301520597 8.586719221110497 2718
101 -1.382497059116628 6.022913322261518 1732
102 -2.054297526916069 9.328264011022226 3499
103 -1.0602885054138753 8.51887174665991 3448
104 -0.2033339132116454 4.085581464015769 3302
105 -2.6840530362735247 6.7894671502937385 4258
106 2.0074110921758237 8.92992850496974 2891
107 -3.534777005504236 8.215068229862228 4238
108 -1.4920845041375714 9.39215946057735 1840
109 3.7287085154830475 4.483392035983501 3321
110 0.8595623760418787 4.121298558930435 3175
111 -2.902068939199851 10.086057903170335 3896
112 -0.6141565045280094 8.987948484356256 2760
113 2.2210650727411085 7.2758965107465885 2367
114 -1.5139060836632794 5.098851748246778 1604
115 -1.5874251834234117 8.658297293719743 3093
116 -2.2484926750463767 4.7347319984917 1749
117 -1.1916626884908765 10.81641141961533 3778
118 -3.849506489569747 6.215945467994644 4778
119 -4.682307112611329 9.053437716410537 2388
120 -4.272205882943361 5.381976173798483 2703
121 -3.783328527477685 3.553648345210357 1658
122 -5.26396752791605 7.373623664121924 4527
123 -4.131713212786917 4.808018044264232 4689
124 -5.503978197506534 6.504485346220546 2175
125 -0.35718366873346347 5.854583540888487 4577
126 -0.11727796859003235 4.925877582060849 4220
127 -2.118342639284955 9.79415386451191 2832
128 -2.4539377026646765 5.504208079649519 4235
129 -0.31935504323980707 5.148878652229398 4899
130 -2.6511607660604066 7.561105377772299 4626
131 -1.792540497809846 5.596179756784747 3799
132 -3.966944713196559 4.839663811282196 2423
133 0.1775762668997774 7.578247387470438 3086
134 -4.112695431489496 5.4236621968690795 4450
135 -7.208041556836501 13.88733317878019 3431
136 -0.5074741325215419 6.748792021681801 3999
137 -0.41315541727113325 10.87078348073754 3032
138 3.6676959783065612 7.199694366967804 1270
139 0.28025226857031077 9.932062652293748 4966
140 -4.086442168893768 10.851552389921986 2744
141 -3.5565970014603727 7.195849978734165 1715
142 1.6805000472857088 6.748109585178398 4615
143 -0.2348083844303086 4.380296585524994 4120
144 -5.080152922194911 5.889422883792459 4454
145 0.20922589781552542 9.10983715264829 1972
146 -3.9592977091791526 7.200530500637007 4656
147 -1.4222221020309493 9.309403293004026 4596
148 -3.8417487258430945 8.796663645567312 4941
149 -2.1697850451916083 8.323838250882922 1959
150 -0.6132744648641566 6.6851263591130765 4504
151 0.27230302813319796 5.719155377403102 3861
152 -0.6500684840058734 8.00083082045863 2144
153 -5.567033015249187 7.607840761934567 1220
154 -3.2138100595702577 5.9000914516144425 3399
155 -1.1255238190242147 9.147573226535526 1986
156 1.9790976360740271 5.176464006710787 4202
157 -1.4662251394152683 2.9667166657795536 1194
158 -2.5760232971698116 5.994229081818318 3147
159 2.5370890978836087 8.328232549509528 3382
160 -2.057351788267885 11.362981086792232 2071
161 1.4690394120479036 9.677514587541083 4606
162 -1.27457693915446 3.689608976965354 1950
163 -5.6512315309636945 5.999371323557601 4513
164 -5.953696877040593 8.93789844641036 1918
165 -1.1367614052561827 8.6446815606247 3030
166 -2.4361266110581177 6.560793416967556 4805
167 -2.2053753845987 9.241554780357216 3940
168 -0.5505274858089315 5.11451062961126 3248
169 -5.324941660219423 7.1757818174566355 4825
170 0.3165645984528594 6.851784215789936 3607
171 -3.5422437854841533 5.132215564292551 2929
172 1.2366811895427976 5.835834906623532 2971
173 -1.8363722077972182 10.646106668195968 2928
174 -2.306102829765646 8.150270188436325 4473
175 -1.222900253976437 5.703065895244816 1601
176 0.1009887611770143 8.086055288122532 4153
177 1.217041512125554 9.359367888234685 1695
178 -3.518956724038918 5.6111613251056625 3708
179 -2.2746506646722233 4.343866361169132 1305
180 1.404527708578101 3.4382929554140564 3315
181 3.1873656514502264 9.78237875578324 4723
182 -0.23186506054778536 6.453750563779028 3608
183 -1.5608966887355462 7.131243177542478 4699
184 -2.042060348748505 3.482794198562598 4012
185 -2.220087204932497 7.4813765371828085 2067
186 -5.150941757066343 7.306705086394974 1732
187 -1.511453183089335 11.660274027679908 3791
188 -0.755581581146699 8.232036252151952 4677
189 -1.2813063747052513 5.766270846755194 2940
190 -7.944402572750053 14.620360280907317 3178
191 1.121610619402902 9.669637516816504 2166
192 -1.9798110125427457 7.353785392336172 4074
193 0.5536695128775748 10.682181829374032 2773
194 2.8949385557058145 9.067465137736455 3114
195 -4.291849583137835 10.161963700940445 3127
196 -4.614453833829655 10.096475141716398 2652
197 -1.587460645936694 1.6896987858943373 4538
198 -3.316487062514087 11.202324368714997 3565
199 -6.4700092911532785 13.125546402530357 1997
200 0.9384731969858329 10.533533736636112 3791
201 -4.528696026643359 8.102052484396642 1756
202 0.4230371522818763 8.790011898903181 2380
203 2.5536277515339076 9.90949940607756 4853
204 -1.5223544019023572 4.3469533931678415 4519
205 0.37958881861625465 5.399586032981583 4466
206 3.6918566666271726 8.55675173998899 3239
207 1.1118171416246307 8.915083891797536 4593
208 -1.1803884298544485 5.159798196587051 1204
209 -3.6561933053015387 7.73794297014868 4987
210 -5.757984785933324 12.294080350086002 2729
211 -3.105655757239593 10.37923159976733 4986
212 1.5157114603930546 8.131201229999235 3241
213 2.540798737565333 7.945730673035644 3888
214 -2.5028479082823027 8.495335069939987 2647
215 -4.213179812015864 3.872400906337936 3224
216 0.9580958719787965 8.776426432447813 2782
217 -2.2782657993099695 3.812847470866085 4721
218 -4.76880486042731 8.277948556689802 3331
219 -3.953499071010556 4.023309147295769 3291
220 -5.08442872419358 5.249235037175906 3244
221 1.2475907971691642 6.237084400366157 1560
222 0.672729862298721 9.405873731540408 3387
223 1.7092578940066536 9.475556720634373 1499
224 0.9296670221042969 4.754505403996532 3790
225 -2.7507010218018277 9.680780818370986 2750
226 -3.333993443238476 8.866652667726028 4047
227 -3.7871633109888485 6.517022002448721 1982
228 -2.580311360131219 4.886564369627508 2611
229 -2.269836407616416 4.556182016059202 2400
230 -0.9670805924100406 5.405899569560988 2059
231 -2.493540079813078 7.230355826003702 2206
232 -1.92769054766553 11.071098636516687 4474
233 -2.2245906267344355 3.392966249269422 1646
234 -1.3256410686674553 7.697354059487112 2501
235 -2.7927883107986795 7.5736140640344125 2406
236 -3.0343158448411653 8.198820939260276 2141
237 0.8787210276020114 7.279203772276309 2337
238 -2.34605042984724 8.953888031429457 2200
239 0.11538367985763819 10.35455292994216 4897
240 0.8763756008191692 8.13435645900548 3255
241 -4.362736588363261 10.166883846180957 2647
242 2.2969535815635234 5.709745863835314 3877
243 -0.6906239595317921 4.8486295204836924 3528
244 1.0035918988658747 5.675792783362925 3070
245 -1.0278499611181884 6.046457975717005 3261
246 -2.887070620865756 7.116659734290586 4925
247 -0.1714786582882553 8.104842981193189 4990
248 2.484909746439427 5.069579486406695 4920
249 1.2308842289147564 4.518724857384551 1827
250 2.524267064544731 10.08308697735168 3166
251 -1.3345256575566895 4.5297354679181225 4713
252 -3.40752048763554 6.647645944897213 4841
253 -3.5880084290815666 6.266901448817179 1035
254 0.806401877773038 8.662848904876242 3366
255 -6.17676032965069 8.449729927258312 3129
256 -0.601628742086332 3.0180633016309186 2204
257 -2.7503223983262384 8.953177591707878 1327
258 -3.760662744209439 2.4180185720909386 4659
259 -2.104345195151028 6.999420620908993 1022
260 -3.951766611903809 6.173372934745602 1347
261 -2.6921170199085376 11.063165300485089 1344
262 -3.468436877308025 9.935025209132924 4076
263 0.049996011895936394 10.83471937396211 3692
264 -0.04379254177094814 11.621501644798743 2929
265 -1.4588351804487483 5.554023081905621 2139
266 0.9854367606538773 7.775902376461947 2212
267 2.9543663452733138 4.2402945499459275 3436
268 2.345067157248624 6.65946759148542 1328
269 -0.027728696310874087 9.597072839561894 4484
270 -4.211970552857159 5.9204129684800995 4044
271 -2.4825257381882886 12.742755741326437 4857
272 2.676947597364124 5.284056083240231 1008
273 -3.445042980171292 9.076140456182687 1523
274 -1.9424853327947338 4.5336814817484825 2305
275 0.6847891355065941 7.653166075250124 2853
276 0.45696934475368906 5.2849269089764705 2460
277 -2.9607922290182724 7.766162721759176 3725
278 -2.9793409187548723 5.023999673182103 3368
279 2.346340558995794 9.095217628928452 3523
280 0.22848666497121595 6.407727483716886 2822
281 0.7848149989891292 9.976101652753501 2914
282 2.0161009465973017 7.763626884174792 1063
283 -1.5316493829984086 6.835052573552312 1351
284 -5.422774525975713 4.42616751675995 1667
285 -4.421053032208764 6.718472547525491 1195
286 -4.7491586095030645 5.06648059696512 2728
287 -2.3517606675605762 7.325403973015233 2759
288 -3.909883878126116 9.08911943550342 3867
289 0.23270412224581397 4.747365546423324 3509
290 -3.4486160599370317 10.593149647092543 3044
291 -0.44435844685110604 7.281332086100971 2249
292 -0.2352445231654911 5.827511420753243 1585
293 -4.801186510561069 6.731944594877546 1997
294 -4.1419794278287965 8.599946295804866 1164
295 -0.5060618279267008 9.912542436214556 1258
296 1.804383528743779 5.738231627317975 1884
297 -2.0661378350922632 5.393795904836199 4821
298 -3.027980373095528 3.15861042164578 2386
299 -2.9181504643611254 9.196037476005774 2108
endpoint1 endpoint2
100 106
95 198
216 275
123 270
59 78
102 235
107 252
289 292
19 143
63 163
26 120
102 295
73 180
170 172
48 130
85 230
158 185
22 65
62 269
73 224
184 274
216 282
40 148
53 62
161 266
139 239
107 130
74 89
84 128
79 115
15 238
75 286
55 125
80 168
33 239
131 253
141 169
79 145
33 277
2 38
27 82
24 80
148 167
68 172
0 201
227 228
140 290
108 238
49 201
97 155
47 73
70 182
207 240
105 185
125 166
175 278
91 245
3 129
131 136
264 295
147 173
116 292
11 39
212 247
270 293
228 229
74 240
45 133
64 294
94 196
44 202
99 283
60 229
170 205
85 98
110 205
61 269
77 159
43 275
70 101
167 291
55 170
144 253
12 223
116 134
152 214
154 179
56 222
23 133
205 230
84 115
141 174
54 136
101 252
126 204
60 260
99 246
196 273
12 165
157 197
231 245
114 162
135 199
156 276
87 245
283 291
27 221
63 124
230 265
236 257
95 115
100 247
225 262
148 262
56 236
129 189
22 127
18 55
141 236
101 179
91 256
241 294
104 205
55 177
167 173
184 229
28 137
174 225
105 235
16 143
54 188
35 36
130 155
25 119
74 254
40 214
191 239
133 152
26 158
118 220
7 194
59 118
245 280
118 246
122 253
131 243
150 230
185 226
9 268
63 72
117 155
178 228
54 80
235 288
192 235
0 255
113 237
114 245
58 142
105 270
140 262
151 291
97 117
43 266
13 196
199 210
231 273
99 293
35 56
106 145
172 248
20 231
29 204
54 103
146 252
65 297
16 79
88 246
245 276
70 296
87 247
81 212
39 249
74 152
107 238
152 183
103 299
5 23
156 268
202 292
290 299
0 273
151 172
70 265
96 160
8 236
215 278
111 149
177 222
183 189
8 294
41 280
42 227
150 237
156 267
78 274
62 200
112 149
46 285
20 108
31 238
207 223
5 238
49 277
165 188
94 210
86 128
31 127
151 292
165 287
150 283
117 232
54 147
67 274
154 235
205 221
23 58
174 238
20 287
88 165
47 125
51 118
176 281
24 157
80 266
111 290
209 231
224 276
32 230
211 288
206 279
79 188
65 275
99 115
279 282
79 83
70 133
85 143
26 259
5 97
50 286
63 235
57 235
144 293
194 223
175 234
97 239
66 224
44 127
216 269
69 282
145 247
76 110
99 227
251 277
208 233
123 178
49 84
247 259
48 182
51 227
77 172
41 106
42 225
87 257
174 259
128 131
66 251
136 280
24 93
176 191
8 32
38 222
40 265
19 116
38 176
64 192
172 276
137 193
106 181
1 19
135 190
12 139
188 269
129 221
204 245
59 96
84 88
67 224
176 182
166 185
15 82
114 158
64 285
3 184
274 278
129 131
0 122
37 43
109 272
21 232
212 275
158 260
242 296
226 238
222 295
137 281
38 58
58 244
134 285
120 284
124 169
127 273
159 194
37 224
28 155
32 297
63 286
22 149
31 170
4 43
185 209
51 208
60 189
89 268
88 174
182 189
119 186
15 111
1 287
260 285
112 234
207 213
64 234
98 251
50 131
175 244
166 171
72 277
45 208
28 257
126 249
0 72
221 272
185 188
60 146
113 266
149 166
102 261
103 207
12 263
1 50
57 289
2 57
44 112
88 150
123 220
104 217
177 269
174 183
178 219
52 139
257 262
10 193
121 278
36 96
268 296
32 217
78 186
71 127
78 259
219 233
10 35
182 291
132 166
198 262
12 45
8 21
51 270
5 211
10 23
65 126
130 218
79 237
40 120
120 123
211 241
173 187
14 91
136 243
39 254
74 155
6 13
8 260
194 250
91 151
23 188
88 176
48 93
104 243
82 160
63 134
166 253
36 136
90 224
65 105
98 249
12 266
112 216
1 63
62 225
80 101
17 252
155 295
29 258
130 178
37 172
222 279
97 145
83 142
73 182
108 254
213 268
23 103
229 297
81 275
9 206
7 268
114 175
161 239
159 216
0 164
91 229
83 192
168 208
112 139
230 274
162 243
30 256
60 171
2 242
113 138
33 187
31 49
110 143
47 114
232 263
28 115
29 123
8 153
32 118
14 189
4 115
34 255
168 276
147 214
89 136
80 83
100 237
146 201
221 282
100 203
24 116
141 278
17 60
24 26
191 250
18 213
231 246
200 216
240 291
61 127
68 110
130 236
149 235
119 257
193 202
168 228
92 293
228 298
45 237
91 143
37 58
2 280
146 299
102 165
167 195
238 273
71 271
64 103
