nnodes nedges type
100 300 graph
nodename posx posy weight
0 -0.46020260545918584 -1.977735647413232 168
1 -0.8195338677065144 -3.2554085702385476 29
2 -1.0655500264649287 -5.633084691586517 175
3 -2.254537025712843 -4.335437181645236 370
4 0.9251342308257838 -5.409357394510937 111
5 0.8332083200606745 -4.368359437564912 52
6 -0.5242371280644252 -2.4478008742867288 368
7 0.15339602439630165 -6.481366370092282 465
8 -1.74723010990372 -1.7213579875570109 429
9 -1.9686926705310195 -2.3187875806988716 13
10 -0.37943398308049087 -5.991472426436552 477
11 -0.06067545229577186 -5.68213355237135 411
12 0.014722290263573915 -4.481395502480872 312
13 -0.38298928420678024 -5.098751425373473 392
14 -1.450156173245591 -5.6126299828203505 255
15 -1.099205097630611 -2.5006715528874364 9
16 -1.835825789027598 -4.143246712945917 141
17 1.098849105309927 -3.0813165202889867 261
18 -2.572488487153492 -4.78166846150696 365
19 -0.527449487361896 -3.3657378011110914 492
20 -1.0321488230001108 -1.9195932153233632 363
21 -2.4100644238022673 -3.355316391307521 453
22 -1.6140526707538188 -3.020727910825652 387
23 -3.1510123677142134 -4.586602583928072 294
24 -3.0536855287300555 -5.073676329609133 392
25 0.4644812249245102 -3.5692125824275003 138
26 -2.625738233701625 -5.678251797321999 64
27 -1.9482816313496256 -3.131763620694336 198
28 -1.6541032022574444 -3.7738501210753257 158
29 -0.9480972849861921 -4.538940086094983 442
30 -1.9284392006620643 -4.781966562295299 84
31 -0.8364625641498025 -4.442868871236746 432
32 -1.2190026612774087 -4.100185085811741 102
33 0.11654677148024328 -3.2685483868982033 377
34 -0.4325605672893582 -6.446039463194535 355
35 -0.19817017200745468 -3.6301376135641408 442
36 1.1271733431305726 -3.9410800228037988 134
37 -2.755649549363298 -3.9344348536578035 35
38 -0.9967449759619472 -5.364555573774398 338
39 0.08520059110261788 -4.007307676554077 300
40 0.29934204058819425 -4.483972096366317 214
41 -3.1024233297529467 -3.3877332880680995 369
42 0.7035729587160742 -4.008632683222362 399
43 -0.6075027459368184 -4.600787885362678 7
44 0.23585287061676538 -5.5053900857605225 154
45 0.5327103589530566 -5.248824566054535 225
46 0.5876855187395136 -2.6218927001278707 445
47 -0.9110653983906001 -6.292877917862162 350
48 -1.508322402088027 -6.554036257690537 90
49 -0.24162082727276096 -2.6638592551505798 409
50 -1.7500973684209584 -5.1504590504886565 382
51 -0.5544697012529689 -4.0768066245154415 321
52 -1.5029870256141327 -3.6165958407994165 368
53 -0.1813379429369541 -5.4956430686790325 191
54 0.8058323526619287 -4.806654730633088 485
55 -0.677364334032794 -3.7208262214565195 405
56 -1.5666824809342235 -5.195292884479087 370
57 -2.158681310458207 -5.690129275207252 49
58 0.2985000851620144 -5.796135159197799 9
59 -1.7830137891484341 -6.015415886879033 115
60 -2.1377945548468857 -6.73383457389387 218
61 0.28355638309568476 -5.254100849487881 291
62 -1.229398719735907 -6.541071894981988 268
63 1.8900357090336104 -4.3613065931289405 492
64 -2.5934778506272576 -4.357599740737203 384
65 -1.1154895944685252 -3.587526406169266 49
66 -1.5964465484968984 -2.5909018164163764 324
67 -2.0834715014834058 -5.003650452851095 277
68 0.6351775473139086 -3.176876625079683 137
69 -1.4844667804168723 -4.06037865397257 495
70 -0.6022093999650793 -3.123545808423096 186
71 -0.557690735627759 -5.631462074409974 248
72 -0.058573375392742315 -3.1809138245709154 335
73 0.4798804290953223 -4.666406411176086 183
74 -2.3472874699789337 -2.8934089916928656 289
75 1.568167118737402 -5.199588536391391 377
76 0.04237156692088334 -2.5691620961893733 211
77 -1.2938242300371265 -4.905935456164726 327
78 0.2127870697085321 -3.0644749244474565 2
79 1.3540011445513125 -6.296634758022619 269
80 -0.6686789203265675 -5.978840420892931 384
81 -2.4621727259784736 -5.101528331598412 455
82 1.7259646974122953 -3.587851884871212 407
83 2.0306080426137947 -5.109435608248461 449
84 -1.6098586991811847 -5.810094114504286 415
85 -2.4230389951940516 -6.274343373353895 21
86 -2.3778422719210504 -2.241655170422606 490
87 -1.9121818649729982 -3.648152185077052 39
88 0.952651755942149 -4.49763872843293 287
89 -2.715306285388856 -3.751490626760175 359
90 -1.170145658815077 -3.2496640667564956 328
91 -0.8775531103334627 -3.004728154418234 52
92 -0.16686350931112356 -6.448438602272366 244
93 0.2746786615002118 -2.374423457344213 391
94 -0.6863951772109727 -5.146121481273074 431
95 0.3897191322593759 -3.903754167522622 443
96 -1.5275196787800922 -4.56582967274207 112
97 -0.3954954952192905 -4.165521773856618 70
98 0.08914234352700921 -4.9235893691488055 387
99 -1.222172168123541 -4.394245452305439 25
endpoint1 endpoint2
42 72
30 65
31 93
36 73
20 86
12 78
25 31
0 20
15 20
36 68
3 52
2 84
15 74
16 28
58 98
19 66
29 44
69 90
26 94
5 54
17 46
16 50
13 32
17 51
56 61
14 80
45 88
71 97
91 97
18 56
32 51
70 96
16 22
32 38
46 97
11 84
19 76
34 57
28 97
13 73
17 36
8 15
51 73
43 81
26 59
41 52
5 11
13 35
65 87
55 87
13 48
40 95
31 90
59 71
43 58
1 40
14 64
56 98
65 73
2 47
48 56
31 96
29 37
51 94
24 62
22 66
68 70
63 83
53 92
84 97
1 49
35 52
1 38
32 74
39 42
12 61
28 77
23 56
22 32
21 24
28 37
2 80
21 90
36 46
27 77
44 88
0 49
89 96
12 36
54 71
4 12
51 54
49 87
16 57
6 76
31 67
19 33
59 92
27 99
43 51
18 52
57 60
6 29
22 86
21 27
3 96
11 31
16 29
13 69
73 92
53 99
57 96
58 94
55 96
63 88
34 47
18 31
75 82
15 46
22 52
21 52
37 74
9 20
18 57
45 47
48 60
39 68
12 95
50 51
7 80
15 72
14 53
51 87
24 64
5 10
52 56
94 99
8 22
5 76
65 91
13 47
20 33
0 46
81 85
4 44
28 33
44 62
66 89
42 90
22 43
36 95
52 76
43 95
10 77
43 96
77 81
49 88
28 59
2 34
30 89
38 58
54 63
39 54
69 72
1 20
32 33
21 89
14 60
39 78
27 91
16 95
30 99
21 86
50 81
11 96
87 99
43 90
51 66
4 13
38 45
36 53
34 88
43 50
42 54
6 15
25 35
87 89
9 90
11 13
16 70
97 99
30 47
0 91
37 67
0 22
12 14
16 30
14 57
21 23
55 61
51 91
27 70
33 82
39 94
2 3
25 52
3 26
51 65
36 63
43 44
30 77
14 29
29 68
10 67
1 35
12 77
2 40
32 56
30 87
55 72
12 19
29 32
48 85
43 78
33 93
75 79
73 83
5 55
7 43
72 91
13 31
26 57
39 99
70 73
29 71
6 68
64 84
28 55
38 62
62 92
66 86
36 88
15 78
30 56
5 61
33 88
19 51
43 94
40 75
9 28
25 39
40 94
19 98
3 41
81 87
14 67
11 79
25 73
46 93
29 38
32 96
13 77
30 53
56 71
2 31
51 80
42 45
51 69
60 85
23 67
3 19
74 87
49 90
40 91
55 91
59 67
67 69
97 98
6 19
4 39
39 52
1 22
21 91
36 82
10 45
34 62
35 97
58 92
15 64
72 95
38 85
1 69
13 80
58 75
45 72
80 84
32 67
50 94
13 42
12 54
