nnodes nedges type
100 300 graph
nodename posx posy weight
0 -0.3499685138650873 3.190582890986263 395
1 -0.8588810560187954 0.45045916234161554 126
2 2.038014885060107 1.6210996490893546 302
3 2.543832868500574 3.1222165053072155 461
4 2.9431824091387115 1.7471353572132198 100
5 -0.4099700039896185 1.4156538325414914 269
6 0.2027755692520855 0.6733163431508491 323
7 -1.4609832873010478 1.3004296366310113 19
8 -0.061081815680696934 0.7882730571114791 323
9 0.879196275932295 -0.23758943905967697 68
10 0.7561400889715701 3.8951791488850103 462
11 1.3567307275115015 0.2414023800834922 97
12 1.4986572094104937 1.077900357207589 182
13 3.206424298201513 2.674979242597213 244
14 0.6220076924970226 1.6030807911702256 107
15 -0.21747885227707686 1.7507175674335438 193
16 2.8754128583732568 0.1807884533089781 441
17 -0.0038767065505740765 1.6762195717233581 103
18 -1.344161981783863 3.1273054391072606 127
19 -1.5340791574821906 2.1293585863344395 51
20 0.07705634233604806 3.365638934746997 162
21 2.406578175549109 -0.381393296082484 36
22 2.788295473953881 1.355033437171112 105
23 -0.7401941567900074 1.7784675090449944 398
24 1.7011994091126963 1.332421975067056 194
25 1.119231166163596 0.5676745778396717 240
26 2.081318932560153 3.8928891514923554 148
27 1.3609969066997605 1.5886642654808096 19
28 1.188072127054604 2.4551379016665065 345
29 0.024148066790279542 0.39020010113895187 275
30 1.4346622878843156 3.526550023887214 458
31 -0.20563416170849952 2.816229585010831 229
32 1.1232863355289935 1.233191769530337 422
33 2.0277223263818964 2.716139764060252 316
34 0.4753508680146994 -0.5955249484493759 460
35 -0.5390768505515319 3.983651246377468 249
36 -0.01018753912651759 1.2798679990493487 74
37 2.3491477291258147 2.922343675933739 109
38 1.7910625967222549 2.3742796310514422 228
39 -0.9670910181452544 -0.15174613871748505 228
40 -0.32943711265155023 0.4084939782239341 71
41 -0.39248341164807193 0.1887994146690159 445
42 -0.48259515234046724 3.512315118626117 357
43 2.754328067871451 1.9094022550976346 339
44 2.163269170472482 2.1513301175543083 10
45 -0.2603377637629238 2.451314838222288 28
46 1.3679611363723316 -0.7218473558215845 469
47 1.129729531882135 3.05565081104501 364
48 1.1093008460721732 1.7601217673164513 407
49 0.9757167197819496 0.9665926022505762 148
50 0.9171204733650373 2.5192192765630486 38
51 2.0834539347298233 0.3504301409471342 384
52 2.8584376272709457 1.023770324001007 23
53 0.5030630565718318 1.9139798191653934 380
54 -2.0387555155266743 0.24297351957953467 389
55 2.0769932993816265 1.0651452590062902 205
56 1.6278257654287096 -0.38846107661682466 464
57 0.9072841028921973 3.121497583656505 156
58 1.049647471090535 3.4474407513942404 406
59 1.2533745716769744 -1.1011597215480022 385
60 1.7914106757216475 3.784077966645309 246
61 -0.18848326407046442 -0.70703213523586 167
62 2.375377668540898 0.9395613706595856 258
63 0.9269249376052959 0.17626628959972657 200
64 -0.7518322178395582 2.8376118581845593 165
65 0.30565778532827775 2.6152726151850683 380
66 2.2194737575874512 0.5253764210675419 66
67 0.7505129875193425 2.117946516003389 299
68 -1.3294418128865828 2.4470144720061926 307
69 0.35598235205403356 0.17687729329132593 407
70 1.3454164914820765 2.112058214317789 255
71 1.457913109331759 2.8287202516378036 463
72 -0.9976004166832175 1.569976023889783 431
73 2.2375042986922833 1.6294599121840025 249
74 -1.24335491066254 0.9037052446721195 267
75 1.3250972489810595 -0.05959645896032635 317
76 0.33827049486647703 -0.30871500787330824 57
77 -1.3016571106428327 2.7917153796877967 143
78 0.17441215174303007 3.08882526987125 184
79 0.20163214352969872 2.0621808021865147 31
80 2.9175498136513496 2.1828025364809776 466
81 -0.12128484546447986 0.9957985880485188 56
82 2.3716825157094594 2.4058924110920206 63
83 1.7912147826649802 3.0640358730156514 308
84 1.4973207743099939 1.934984111303876 396
85 0.505585236149528 1.099804265448529 308
86 0.1089069504544048 3.6911511457869977 411
87 0.6921651347989496 1.3814072279385035 257
88 0.4775757605479226 3.125149708993375 219
89 -0.9168752231491157 1.2781875564315932 494
90 -0.7926326178581711 2.1474886239812263 126
91 -0.4433807692880249 0.9983468702934434 457
92 0.46342077313826463 2.4313688513195113 173
93 -1.4010081612396958 1.533914002684999 52
94 0.6368052842519913 0.2764040706072776 282
95 -1.4029594480150394 0.6380070292521607 19
96 1.979800180586598 0.8286843590964796 38
97 -0.12022632013587949 0.07634864736693603 165
98 -0.5387906645321002 2.3067799879481714 487
99 1.2093773003043058 0.8408137103575921 55
endpoint1 endpoint2
35 88
77 86
38 50
28 62
0 20
30 84
48 67
29 63
64 78
1 17
23 98
9 62
15 50
13 83
68 95
2 78
34 46
21 56
12 40
38 84
6 7
20 30
7 19
11 27
15 73
36 84
18 20
57 92
7 41
20 58
53 89
45 65
1 54
21 59
53 86
77 79
49 94
55 87
75 97
36 67
28 32
12 80
8 38
64 72
39 72
56 85
24 62
22 25
58 88
38 73
79 88
14 49
25 63
23 81
61 63
11 41
85 93
2 11
21 62
27 49
5 64
3 80
2 37
26 38
17 78
30 88
44 55
95 97
16 75
49 51
40 98
29 40
35 45
10 42
63 69
34 97
1 15
41 61
4 12
3 28
2 12
74 90
24 33
70 81
54 74
43 51
57 60
22 62
21 46
12 79
44 52
15 88
42 68
21 96
0 90
25 81
69 76
7 77
31 47
63 79
72 74
10 47
69 89
24 67
56 66
32 94
50 85
25 53
36 97
11 51
80 82
71 87
74 95
53 58
71 96
38 60
20 31
27 44
66 84
0 71
17 84
30 43
58 60
48 65
26 30
8 61
67 83
63 66
39 81
28 98
1 93
28 47
17 27
75 76
38 80
45 64
29 91
17 40
32 91
46 63
31 72
3 22
2 50
45 90
75 96
56 99
20 28
27 43
74 97
49 55
81 90
47 83
36 95
62 82
28 44
41 89
7 74
20 68
65 98
13 22
2 70
9 59
58 84
46 69
53 91
29 94
31 50
90 92
36 48
43 55
57 64
5 79
70 88
87 90
10 26
27 37
4 22
6 17
48 51
28 38
91 93
0 65
23 36
67 88
66 73
7 90
50 57
5 49
11 34
9 99
23 87
4 13
11 55
18 93
29 65
33 73
53 75
68 98
24 96
47 48
82 84
57 67
49 91
33 53
24 94
48 69
4 38
12 14
33 47
17 98
14 44
72 94
29 87
68 89
1 9
50 71
41 63
15 41
3 71
3 26
71 86
92 96
49 81
31 65
20 90
19 31
27 97
67 76
44 47
14 69
45 99
37 83
2 66
2 4
14 92
46 51
5 6
45 89
70 92
10 83
27 57
70 99
6 24
11 85
34 56
59 63
47 79
48 82
1 95
34 39
8 14
14 42
20 57
70 71
62 96
84 99
57 82
90 93
55 84
5 25
28 79
12 63
32 63
81 87
24 85
72 79
19 72
2 16
52 87
17 19
9 32
22 24
14 48
3 13
34 40
32 83
31 48
78 88
11 99
18 90
23 67
17 53
32 70
28 65
37 58
33 60
25 34
6 12
38 49
1 97
41 76
25 87
0 79
48 73
10 45
8 74
47 65
68 90
1 74
45 85
