nnodes nedges type
100 300 graph
nodename posx posy weight
0 0.15849486704901705 2.6633573668529977 371
1 0.8644913396645518 4.9875586469668045 80
2 -1.3673155129570085 6.425265917715096 137
3 -0.624431576075372 4.028888066838518 472
4 1.4400230778329957 4.547550421922554 142
5 1.1399573254299882 3.998712590044192 298
6 0.3515055606265313 4.02400563060126 280
7 -1.0711437440310565 4.974536783451247 355
8 -1.4410677887523764 4.392990233739114 425
9 -0.37784621803642054 2.987855077299011 441
10 0.7367225701817182 4.57198508314688 25
11 -0.9199168682069833 4.628516296910556 175
12 -1.6579867490375704 5.688818896801235 53
13 -3.137540296331376 3.5594521584963315 278
14 1.1558871689303079 2.994448400517573 479
15 0.037305765541235554 6.720240975242755 232
16 -0.781490697905877 6.233175956061545 17
17 -2.7365778482744707 5.417003300320552 486
18 -0.7292130219177871 4.610496583986094 400
19 -2.2937528444391364 4.871301885369275 61
20 0.2174940455281036 5.287483235481753 181
21 -0.2993155421152219 5.224781691745042 330
22 -0.9152273855455482 6.831139790068912 222
23 -1.0592825236179721 1.7490931880793965 360
24 -1.3683097385651606 2.9238416346029017 276
25 -1.409165034731903 2.244766475827861 65
26 -1.4472201858130775 4.799650343072899 307
27 0.25527019601834283 6.195391947396474 55
28 1.7914242340143 3.947039113436132 10
29 -1.0650529543757474 6.306800231916211 315
30 -0.4651468685871612 3.4731482099054496 329
31 -2.0366955958754933 4.376619364479596 324
32 -1.926081776129458 4.983459859884741 130
33 0.1703317920706123 4.561660093053916 395
34 -1.4908039425443917 3.333988061771038 179
35 -2.60935326830901 4.185022021328698 156
36 0.935914514005821 2.660608268862379 13
37 0.23142015427136284 3.1931233812293587 362
38 -0.6518645289233751 5.27416570600993 297
39 -0.18018422454480204 6.00086052406913 74
40 -0.450502646384043 6.274377757954367 356
41 -1.624042968171707 4.081978412699795 44
42 -3.044672552752148 5.174538999562503 69
43 -0.23850204821688764 3.691061517054339 66
44 0.538503874826175 2.8736828245740442 316
45 -0.6834227861460827 4.295739857465524 233
46 0.05090660603185236 4.1953024522129185 42
47 -1.082286617492304 5.363570186271538 493
48 1.449290409599994 5.610111214323687 412
49 -1.069848571977379 3.500777536027385 370
50 -1.780831361319798 4.664296074671255 46
51 -0.07136617823676622 4.676850768504051 37
52 0.7907806519778479 5.7302850353446155 359
53 -0.3864339290336581 7.438450721147656 454
54 -2.0494368568325103 3.465321956725429 416
55 -1.5110193029215528 2.777958275819772 197
56 -2.870563144582585 4.484617068354011 74
57 0.7798093554478479 6.656853873843071 493
58 0.9802646016500753 3.651204092541872 106
59 -2.2171086647592224 5.978621401049044 427
60 -0.08936856472694495 4.03641317816895 472
61 -1.886142727157461 4.103467290718417 6
62 -2.078864757239497 3.0410288687509066 199
63 -1.6905718019523173 5.243615065477513 85
64 -2.290140754626843 3.738938937233774 77
65 0.33918090440572973 2.2744090954513867 135
66 -1.861391476432556 2.9413156719238427 299
67 0.4870977781830399 5.9091523249209486 183
68 -0.9550226418285679 5.706551059866849 286
69 -0.7340668734980162 5.706750111269548 93
70 1.7867370772887903 3.1831699683122756 272
71 -1.4534408357929238 3.638079120978439 189
72 -0.5916456018636663 2.559518959013584 168
73 0.7644114153099539 3.466323281146666 367
74 0.08264944323096317 5.603306800176945 445
75 0.23696535510315037 3.7201711784541183 353
76 -0.005088108045357679 5.050014814751054 403
77 -2.112759395441278 6.043168498064664 107
78 -0.3994755147901491 3.994445150784021 471
79 1.4640575265091205 3.9961408226605446 423
80 -1.3435296769335656 5.170091462256601 66
81 -2.4812267669373536 2.1768417239886797 100
82 0.886256883767021 5.202797187492383 363
83 -1.9474097070521237 5.445428385049234 263
84 0.5379581302999855 3.947797885849364 197
85 -1.8501209480571426 3.6727190262820515 24
86 -0.7561870287878221 3.3370518292963443 263
87 0.2881600831979829 4.728014256720493 60
88 -0.28271381714808125 2.7192714373985862 86
89 -1.6531712057571708 6.203206655898313 235
90 -1.3361519094824326 3.8884691003309997 8
91 -1.0105621022251414 2.9563008891731877 465
92 -0.5924756467585012 2.712860280736031 314
93 -2.717364440858496 4.8609388592058815 395
94 0.018829081011166877 2.429608236820119 166
95 -1.3131146404549041 5.952562574249166 178
96 1.3560008564084567 4.319022448891215 302
97 1.0633803730028135 5.067663062511569 418
98 1.4017741409810458 5.0583135507061705 186
99 -0.35066461930630444 6.071055622599482 267
endpoint1 endpoint2
15 27
13 55
16 68
7 12
6 28
24 92
49 63
17 95
58 98
22 68
1 6
24 66
9 62
63 89
73 82
1 11
52 68
31 74
96 97
31 71
52 98
30 66
65 78
19 91
20 75
25 66
6 44
46 84
29 47
2 27
18 20
26 83
23 25
1 67
85 90
0 58
13 35
4 82
9 72
10 70
11 63
3 85
76 82
60 79
25 91
3 61
27 40
45 51
11 21
11 83
8 78
21 84
41 45
7 97
58 87
10 51
5 14
29 76
9 75
74 84
4 98
28 58
10 86
7 8
30 88
9 45
8 35
17 83
34 63
33 45
41 85
63 69
66 72
3 11
19 59
36 46
33 69
53 95
2 12
7 60
46 52
20 47
40 89
16 69
25 81
92 94
30 46
69 76
21 50
19 69
58 94
83 89
38 87
3 6
21 74
18 82
23 91
43 85
78 87
3 68
34 81
17 50
73 96
84 86
0 84
22 59
21 33
37 71
45 47
7 71
58 60
28 98
4 58
26 30
9 43
16 26
22 29
18 72
2 69
57 99
15 48
41 83
7 40
6 48
50 86
5 10
84 88
1 58
74 80
55 86
65 91
30 73
3 43
25 90
30 92
39 51
19 89
45 50
10 20
33 60
16 20
91 94
37 87
5 99
73 90
47 76
68 71
14 37
45 67
54 91
2 8
79 84
11 40
31 50
7 56
20 43
3 94
17 56
49 88
65 70
14 79
10 87
32 62
35 80
4 33
66 90
74 98
31 43
36 92
76 97
9 33
4 60
50 66
6 43
33 44
40 52
36 58
10 78
18 38
42 59
80 89
71 92
34 88
49 91
64 93
82 84
61 80
1 98
15 22
32 59
11 75
20 67
19 83
0 25
6 33
39 77
55 61
47 85
14 44
46 76
18 83
24 44
12 42
78 84
0 34
5 72
38 46
53 57
18 54
50 99
6 8
38 61
45 46
55 72
56 90
29 32
62 86
79 97
6 96
39 80
60 96
0 9
22 74
59 99
51 75
14 30
46 51
89 95
27 57
77 90
64 71
45 49
51 98
16 21
30 80
11 24
59 63
39 87
63 93
3 76
78 95
12 33
23 92
57 82
26 41
42 50
30 75
20 39
10 27
18 60
7 61
6 91
34 78
76 92
33 97
34 61
16 80
52 87
41 91
29 83
26 87
8 64
78 88
37 45
12 38
11 54
1 79
24 35
3 75
18 90
19 35
48 96
55 91
5 28
62 71
32 60
39 67
8 34
32 47
49 60
55 60
12 26
26 93
1 27
51 90
15 63
27 89
43 87
2 77
17 35
15 40
46 64
8 93
29 67
18 95
20 51
41 51
13 42
45 85
34 90
