nnodes nedges type
100 300 graph
nodename posx posy weight
0 -2.7244837604076273 -6.583311009830786 114
1 -5.209722884685426 -3.191679446501338 499
2 -4.796660619308212 -3.2547893142425655 224
3 -2.95843049003791 -5.605966056095763 110
4 -1.0634102284594984 -4.475461248110851 169
5 -2.5769335937993385 -2.673113046601432 462
6 -5.4926788396090265 -5.1145254802045095 185
7 -2.2805619459065616 -5.617213188383383 135
8 -2.1441913115679285 -6.110989326847962 228
9 -1.2470878435673278 -4.546773830770735 230
10 -3.460429585145804 -4.309751135123743 39
11 -1.7059803907726832 -3.658870434286849 196
12 -3.436765089296359 -6.047584276356261 156
13 -4.2715888126692905 -4.0123346135270275 100
14 -3.257824811664918 -3.1154925210146547 165
15 -2.318263119535318 -7.128294292727811 113
16 -5.10697285081686 -4.530200968017278 108
17 -4.225398910323418 -5.8808205530294835 306
18 -1.9347230346115039 -4.966645045555918 405
19 -4.029528479138707 -5.854609686974382 197
20 -1.2202338712972112 -4.218962403309628 404
21 -4.464930455742311 -3.2184362968682994 471
22 -2.981396209115586 -4.524565725668554 78
23 -3.9611978991064767 -4.947322436746064 489
24 -1.5880930471638455 -3.2668016255332697 130
25 -1.4090326443559698 -4.961715219625616 372
26 -3.673812860107683 -5.190144303942604 77
27 -3.5773162400001124 -4.810451611941288 78
28 -4.196268719244796 -3.2607128059900563 36
29 -3.313661800047032 -4.977725026697673 294
30 -1.8282947923252302 -3.9503035658404286 365
31 -4.256158812660033 -5.288486576953499 269
32 -1.7397121384094274 -5.47416378262319 75
33 -4.2172099870084665 -2.936552709311065 179
34 -0.9900936608784203 -5.312030589405089 364
35 -2.9191570057394727 -3.0039799391075377 72
36 -4.407742355480791 -4.291708946279092 150
37 -2.3304678787093533 -4.944203194143 8
38 -2.6132911561067136 -5.602097951361254 33
39 -3.693666695342478 -5.9135187785574725 287
40 -3.7385317287467195 -3.7207228179224194 101
41 -2.4615254629255774 -4.800526838904215 163
42 -2.0791989422110153 -4.4856591585320365 329
43 -2.9969030034185975 -1.9960282645536094 352
44 -3.0749310877323115 -3.7032429391771413 308
45 -1.5078905642276264 -4.2480124669548625 47
46 -4.818037217571747 -7.028553654288512 330
47 -3.716044433020591 -5.439183610187109 460
48 -3.2099028611221536 -2.4840911999836415 300
49 -2.5128962672489044 -5.219308613974901 169
50 -4.036545371823259 -4.47662010898859 280
51 -2.561531449677657 -6.218553714678499 455
52 -2.0469909375774944 -3.754986740308846 318
53 -1.6043239798318443 -5.822553911175134 209
54 -2.475179031299394 -3.20123546943811 301
55 -4.5554897316771354 -1.8023907946650601 446
56 -4.628050074971587 -4.55070962568935 27
57 -3.069174483755222 -4.2026132491157 280
58 -2.739036275302922 -4.025479288658736 364
59 -2.856397461697041 -4.804579414039358 116
60 -4.042105979365878 -2.9956031879568132 198
61 -5.348460355608865 -5.4732910522595475 107
62 -1.881203075593099 -4.6583722826521 314
63 -3.369311002814748 -2.7740757501902507 161
64 -0.9186870577483564 -3.5503102541626106 259
65 -2.758341253426504 -5.1243665961151335 51
66 -3.5802822259543494 -3.5466007172896266 361
67 -3.803941950166843 -4.260204991284673 271
68 -2.0910415843006454 -3.14525152124111 108
69 -3.664178975984822 -3.1053647705824803 308
70 -1.3409238019999494 -2.808854369424955 416
71 -4.124508312245048 -5.4405412807270155 305
72 -4.632001217920443 -5.118836061867672 412
73 -3.305759287583462 -5.4661051749000364 6
74 -4.269080597124824 -2.429713739683711 65
75 -2.3736166556803924 -2.5187061969823703 452
76 -1.5406839979803415 -6.236469472756767 381
77 -4.177638731720886 -6.31589613231484 369
78 -1.374674941960583 -5.306120448068631 281
79 -5.512444983652252 -6.2091795270370795 411
80 -3.4163660282423782 -6.7521289568507035 301
81 -4.694518026209623 -3.6862095489883013 315
82 -2.6309598212357015 -4.264850485354577 118
83 -1.9050460057314664 -6.061605347112047 344
84 -4.1788751441797665 -4.837221318383423 27
85 -2.966939126758286 -3.3617535331448676 259
86 -4.591343570039525 -4.105329676093643 218
87 -4.844147243477707 -5.7143400614212085 167
88 -2.1947462779188314 -4.220071117542918 266
89 -2.286690210776372 -6.397023584844332 448
90 -2.7427189277809005 -5.90834808096027 459
91 -2.480898414676037 -3.6901526762878136 304
92 -2.2534985906561524 -3.356752363117236 122
93 -2.242196111444995 -6.815995213569535 445
94 -3.397271685656251 -6.576484699028387 367
95 -3.0790639516985285 -6.3994622622821895 21
96 -5.317178096081482 -4.013419440589578 487
97 -3.571666193666137 -2.552863760281889 249
98 -4.8755326215267685 -4.285540740541321 353
99 -1.6740498963982706 -2.4052749772197757 217
endpoint1 endpoint2
40 88
66 82
0 89
64 78
30 41
0 7
13 17
11 90
16 47
33 92
56 65
3 7
18 85
49 78
8 90
21 56
11 48
2 48
89 94
65 89
73 97
47 56
59 88
43 63
37 88
0 17
49 53
16 84
32 41
17 23
14 52
4 52
2 27
15 73
30 57
16 44
11 42
35 57
1 67
36 39
7 58
70 75
37 38
10 13
42 51
38 53
5 24
20 32
75 97
25 91
17 80
33 96
30 82
68 75
18 65
15 76
8 78
26 89
83 95
3 12
16 81
17 39
23 28
19 49
29 95
0 39
48 97
71 94
9 30
35 92
30 69
10 91
70 91
59 66
35 81
7 8
44 66
72 77
31 40
12 27
51 93
52 85
50 69
73 86
29 85
35 62
2 74
26 73
27 77
37 47
18 95
11 57
3 17
9 25
64 92
14 75
22 62
19 95
44 52
58 59
17 73
39 65
36 69
5 43
22 86
8 32
41 67
14 56
68 88
69 86
25 53
10 58
63 85
51 77
9 76
47 59
18 57
17 71
52 99
40 86
27 44
41 73
58 60
49 52
22 83
12 95
37 84
66 67
23 96
25 65
13 72
73 95
7 31
34 37
41 83
69 92
38 80
4 11
11 45
33 43
13 85
23 94
18 32
19 38
10 71
62 72
27 38
9 92
67 72
30 92
38 57
76 94
8 39
17 87
29 36
20 68
83 94
5 99
22 67
38 78
10 37
27 65
0 53
31 50
45 67
54 91
38 93
18 37
12 32
24 37
31 79
14 88
2 96
74 85
37 53
77 94
32 62
6 17
56 96
19 84
5 92
9 44
54 63
33 98
26 91
43 68
0 15
50 66
52 65
21 67
31 49
60 84
58 68
3 93
27 63
18 53
5 66
3 37
1 98
25 29
5 42
0 78
36 81
17 31
41 42
48 91
54 82
51 76
52 70
23 90
29 87
75 85
20 50
3 71
40 68
3 88
37 62
59 90
33 48
6 96
4 59
16 86
47 72
19 67
26 81
57 98
13 84
51 62
13 33
4 7
54 66
59 84
57 68
30 78
20 34
19 26
37 76
48 55
39 50
45 49
49 54
56 87
31 98
47 82
31 61
38 82
6 50
1 55
57 82
52 62
10 12
57 71
23 58
64 68
31 84
38 59
36 66
37 92
24 85
44 60
23 39
42 65
3 58
9 83
41 91
21 85
5 48
19 61
26 87
36 40
21 66
78 88
19 46
23 67
31 77
61 98
68 99
26 42
32 73
34 89
5 28
47 51
10 28
66 81
23 57
69 74
13 14
22 91
29 41
12 26
40 63
34 45
49 80
24 45
58 75
3 29
1 74
8 27
40 69
71 98
