nnodes nedges type
100 300 graph
nodename posx posy weight
0 2.6732130258515925 0.22962481203480137 208
1 -1.0419477046912482 0.86603044487394 241
2 1.0730621777613671 1.5947392555159008 316
3 1.403556991181717 -0.620354985990623 403
4 -1.7340611643148827 1.5892002380201438 2
5 1.8186011145782863 2.478364838655364 322
6 2.692003886845291 2.2230092315678593 448
7 0.7209246324916084 1.694080858581997 380
8 1.4766811159431301 1.9900878503641077 277
9 2.2027102904449363 1.90015387492414 189
10 1.1259098561464067 -1.5767343303407884 130
11 1.6927900651175003 0.9861898664269443 209
12 0.918009602369798 2.494613199383036 319
13 -0.35427818606438244 3.007653006969759 8
14 1.9845711608225292 1.2733795695125212 314
15 -1.320241174164833 0.25186365828625984 10
16 0.5773153678404431 -0.02462315941360944 83
17 3.0554013717748125 1.2274498122351176 264
18 0.45915885740607393 -1.4713085856276489 406
19 1.2510877321680913 0.07692554951188273 124
20 1.491752984324254 1.2148173343576132 96
21 0.4663289481749418 1.2150845547309348 195
22 1.1019411398786136 2.1290228359574064 427
23 -1.5518602985117298 1.011460693579435 78
24 0.1866250561657359 -0.4039937842927379 463
25 0.24134197426130635 -0.7530482492627922 109
26 1.618110567392582 0.5454539474158117 424
27 -1.03994867792389 2.8948716163731727 189
28 -2.018358909873402 0.31173971115880367 19
29 -0.752188378266727 0.6115745984648905 55
30 -0.7601356977161848 1.7437384005764813 108
31 0.6094100023788652 2.481081024651183 449
32 -0.5524234853247526 1.3690780740704176 426
33 0.35460149635292376 0.9216950930595571 32
34 -1.9806206445314356 0.9847366320307653 290
35 -1.9123466086941412 1.7441523495748905 195
36 -1.1907374523928342 0.44093046702600436 311
37 2.6181635245732435 2.63031485360725 188
38 1.6656457497537973 -0.1496758914306817 133
39 1.1323703486093728 0.2562380182937092 104
40 -0.1926641359727487 0.6557828070546958 411
41 -1.2488724774854196 1.0429737821007743 16
42 0.3051711455170951 3.0761708873023785 78
43 -0.2545060859620152 -1.283805119297359 255
44 -1.055267460846283 -1.177187032158092 338
45 1.3461626618996896 1.3598207195917873 384
46 -0.24203868279494192 3.3819860995180786 116
47 2.0748053416178456 2.7548237084582405 229
48 0.8349391867279498 -0.22261901014133517 455
49 0.3863191858060519 0.4311711345070389 424
50 -1.2114755936951709 0.014021068938830025 261
51 0.06401347131681018 -0.09894382388045013 411
52 -0.5568040786655571 0.3580935569625814 249
53 -0.14107106480431156 -0.5921555553735075 343
54 0.5077248924128064 3.6742272529845237 465
55 1.5228305571627694 3.3215156031012985 428
56 1.395005218160457 2.222111608409494 278
57 2.4226468330206843 0.5026735782498932 285
58 -1.2658431434482909 -0.27445972396933394 336
59 -0.26431308220028893 0.9900392843792426 64
60 0.24080712798119402 1.83301052688317 93
61 0.0011080325991201082 3.1202311820939648 470
62 0.9916985283051716 -0.99339822994205 259
63 0.8958681428815926 3.0120427704020103 364
64 2.5163718210851687 0.6928225549185345 499
65 0.40910796852696873 2.1910779883952176 357
66 -0.5543418889576409 1.9268228882221905 237
67 1.9720866307545437 -0.8442946197617547 337
68 1.8888395014560955 1.6446261857416307 302
69 1.242901858134524 2.6007868805754204 205
70 1.1457889459405302 0.6859966235164812 278
71 1.6447576734476683 0.03080979426720779 17
72 0.8313610811645156 1.0005389737821677 101
73 -1.1192802841047926 1.3627761892274735 23
74 0.16639730158352714 0.3605292887045752 95
75 -0.19691217399159375 -0.17797295652444972 473
76 2.358105917701431 -0.20244538911349103 208
77 -1.1778092354300436 1.824185594863269 30
78 0.4758043714498014 3.031798025088368 239
79 1.2813163893871782 3.536803731371176 170
80 -0.7603537783744868 0.11118608289401025 327
81 0.971585605019295 1.9053315204099943 287
82 -0.08928220312526756 1.282252635053245 281
83 -2.0419495536744865 2.2786835908122156 182
84 -0.9035038700974106 -0.4626901297372143 162
85 0.11500047504748488 1.3315707504269811 102
86 0.09317848015820625 2.40811189351277 4
87 0.22422576356408702 2.042729800983081 178
88 -0.30722162162394956 2.6971091868899757 25
89 0.7125844538049909 -0.2035094511846106 175
90 0.6714211381394894 0.8077506160075487 485
91 -0.4453794004161463 2.1873248878694174 377
92 -0.0662274146553641 1.6879360512537116 9
93 1.1786155672938856 -0.7012297445282338 357
94 -0.8743346060939572 2.4870210107319495 112
95 2.357269445197327 1.6055123156127604 408
96 -0.24945459896907915 0.15052733497706403 124
97 2.687592505262715 0.8178065589805389 240
98 -0.27649683462382596 1.4478116771060185 455
99 1.3675880743089364 0.8533481021239382 360
endpoint1 endpoint2
1 34
25 93
5 68
30 65
9 26
7 65
23 60
6 97
3 97
86 90
8 63
41 92
46 91
4 66
59 98
33 65
14 93
36 96
39 45
30 66
28 35
10 18
25 26
41 74
39 62
56 88
42 88
3 51
1 28
33 50
42 87
51 84
35 36
7 98
2 6
49 73
41 52
45 78
15 96
57 70
32 77
19 24
10 24
31 87
59 72
7 22
64 72
26 89
2 90
56 72
5 63
27 78
4 15
45 68
68 81
26 60
32 71
49 84
40 73
43 52
49 89
64 95
12 61
70 91
1 96
26 38
30 88
48 71
12 85
42 94
13 66
55 63
33 99
26 90
0 14
63 69
29 85
27 77
42 47
33 69
40 51
20 60
89 96
26 68
8 81
41 50
40 70
23 50
14 22
38 51
61 81
22 99
31 92
15 23
22 86
29 62
45 57
24 80
7 24
63 79
46 88
14 56
1 82
60 98
63 88
6 55
29 88
39 95
38 87
7 54
75 82
20 49
45 74
59 86
96 98
58 77
72 80
3 89
59 91
32 52
65 77
12 95
16 85
32 42
61 78
36 85
27 66
2 69
50 75
11 45
24 40
46 63
39 96
19 38
40 77
85 86
20 99
52 82
3 43
93 96
60 72
23 52
81 85
5 20
13 60
30 92
9 81
91 94
59 75
30 83
31 99
56 86
16 20
22 30
12 98
8 66
58 84
51 58
65 81
36 48
60 66
8 19
65 70
34 66
67 71
27 86
25 74
21 89
12 20
76 97
2 92
11 81
7 33
30 52
29 84
3 10
69 82
40 52
21 48
2 56
1 32
57 67
11 70
41 77
7 14
25 80
39 53
11 75
12 91
2 82
3 99
21 92
40 96
11 92
63 78
52 75
2 20
13 81
73 80
24 44
16 52
70 76
26 70
2 14
32 66
30 77
46 54
74 92
71 99
51 52
31 82
33 48
15 21
16 67
39 71
5 45
47 95
4 59
49 96
81 99
19 52
17 47
15 44
60 94
56 60
20 95
64 71
22 37
11 64
28 34
51 98
49 99
33 51
31 81
39 74
38 62
30 80
45 49
50 53
49 59
16 24
21 82
46 87
22 31
1 2
23 83
8 14
31 61
20 57
18 89
31 78
53 87
29 74
34 84
35 94
74 82
89 90
70 89
28 52
59 68
60 78
20 39
39 49
56 97
40 81
55 65
47 81
17 19
41 91
39 90
18 24
7 45
72 85
36 59
0 38
25 96
90 94
16 59
66 96
21 63
42 55
32 73
5 65
70 90
7 66
7 9
73 77
37 95
77 98
0 26
7 79
30 35
61 73
21 22
39 76
56 81
24 58
51 90
15 40
75 89
