nnodes nedges type
100 300 graph
nodename posx posy weight
0 4.764772678642896 4.406592165394989 194
1 5.476785981698995 9.324962036176737 249
2 5.075220912642533 6.971969791670168 324
3 4.74006341916561 7.4052479199821475 261
4 5.707687527449011 6.526065694197691 282
5 1.736559869066234 8.240585736186205 164
6 4.596538504135967 9.864779196323552 25
7 4.014944965412695 5.363108814332516 67
8 2.7328201156249117 7.587876559639286 7
9 3.6490993269487295 7.122377070401 483
10 6.166927393572098 7.824643010155063 187
11 5.820016407136375 6.35697940668385 67
12 4.985050316751642 5.421800670164039 173
13 4.7084980968220025 9.101797366531866 194
14 2.9373482810064884 6.737497735873662 376
15 5.404517686031536 6.65613704188057 139
16 4.933998344031545 5.701723593339847 456
17 6.392971780611615 7.050548424678898 406
18 4.01404603916309 9.54167409999703 384
19 4.122428232640322 6.624143229907747 250
20 4.670677176857445 8.101009942105925 70
21 3.6248457050261234 8.1947462260839 258
22 2.9830130468802905 8.72591062042552 360
23 2.319609997709367 8.139770594165292 482
24 3.1052803131364652 5.921098213044874 202
25 3.599477347952331 6.839766949260037 472
26 3.53007470081514 5.98780839361249 131
27 2.0619956534518185 6.713663105971296 180
28 3.9696692777938174 6.414196682379469 302
29 3.645396464448873 6.6012073963711995 216
30 4.017667899833127 5.786497037305714 106
31 2.7127594259298355 7.917103780280126 231
32 4.489470149150721 7.960021095134475 239
33 3.465546635207012 5.649928956718833 172
34 3.147775828810279 9.092656938100388 118
35 4.92056068171094 9.263725768085687 408
36 1.970011040872199 5.190341478614532 490
37 3.3802215608179687 7.342295389296253 287
38 2.6251366070636335 7.29822241807802 381
39 3.037785871952523 5.185901165733039 162
40 4.375513289251399 8.317285329019509 251
41 3.8505459233437564 7.643470093231092 136
42 2.400475275387243 7.958620052732588 254
43 4.071833345275739 8.905408568038656 294
44 5.505496286860262 6.161116534027768 460
45 2.1617565699567995 7.1380404301567175 130
46 3.2671642611148872 8.468497448246097 442
47 5.026847068499895 8.196695709160114 352
48 4.13233944915068 4.970301035173356 24
49 2.490029801043581 8.485958621377133 54
50 4.672819576217607 5.127093801526562 238
51 1.7157974796354913 7.295610184169773 64
52 3.827448777623142 6.12567163009316 174
53 2.457485103807888 9.724632186433643 405
54 5.6303530127904855 7.084588180152373 166
55 2.44453759688353 5.8965876795442105 467
56 5.980412951196056 8.23050090841007 329
57 3.119159254225954 6.262824193937644 172
58 4.233152567311968 6.064594719048475 6
59 4.744889673260055 6.981418785838084 86
60 1.9706043186117779 6.236783675059774 371
61 4.178157249425106 7.317586131247883 96
62 2.443239691109892 6.047448656957265 208
63 4.99680117689657 7.503905324094843 112
64 6.1018138026968245 6.7273751238402015 294
65 3.443407004333998 7.660922540948877 139
66 1.6368419009042727 7.603304077607911 373
67 4.408547780815589 5.6226027350857635 443
68 5.463999029953916 5.444209658903755 156
69 5.321591509096569 8.947813992893776 144
70 3.2163178083754476 6.432013768718956 419
71 5.906998308690757 5.82510133156814 46
72 2.872312303162532 8.382782551758531 142
73 5.8677410204579825 7.555511382399349 26
74 4.465887886339366 7.273194078757104 283
75 3.6981116194744796 8.455190577219202 162
76 6.026619276557279 8.655678485625929 378
77 5.256653965963077 7.315017939006507 2
78 3.6506407245892376 9.302803325233972 326
79 5.10253931742083 7.779972750262785 425
80 5.214523150548938 8.503781124227755 429
81 2.2132771284497057 7.635297731285372 352
82 5.259480053022024 5.676401068970344 466
83 3.144161858385517 9.450839736952023 197
84 4.180663734815753 8.421670012187107 158
85 2.3591688618027704 6.922853273134892 29
86 4.505972079697933 6.80752049105006 46
87 5.622876145942759 8.40315150127473 31
88 4.0169780217240865 7.904670013835589 177
89 3.4037764184169275 4.7751847904982085 370
90 3.350831801123502 8.122111331059026 300
91 3.696349698245607 7.33457120477357 282
92 2.4042774334696975 5.574059992007274 306
93 5.390122148879761 7.944452101707077 253
94 4.820913161217689 6.152553917043964 275
95 2.918708131830022 5.362421107611999 256
96 2.8754503439390136 7.068984147115703 484
97 2.4080704307979204 6.383744248284501 150
98 3.442622313458904 8.794162754978283 328
99 4.753075065770312 6.391279881239561 478
endpoint1 endpoint2
82 86
15 20
5 81
30 41
0 89
48 67
41 81
33 92
31 57
22 75
11 47
65 84
53 83
27 55
10 69
74 94
59 88
25 88
17 64
11 67
33 50
32 38
41 74
12 17
36 89
13 20
19 65
57 92
16 44
3 79
79 86
4 71
35 76
32 90
43 81
37 38
9 72
59 82
8 21
32 77
14 77
4 16
19 24
25 91
86 93
76 93
33 61
23 38
16 19
31 96
37 54
31 38
4 73
2 28
43 75
7 44
4 68
26 67
26 60
8 31
12 50
27 49
9 30
74 84
20 37
11 15
76 87
9 19
32 61
67 68
22 85
61 91
29 59
2 80
9 45
73 76
33 99
40 98
67 89
1 87
52 90
31 37
63 69
30 55
54 80
16 54
14 33
63 86
54 71
66 98
21 49
57 60
45 97
32 58
64 79
48 68
73 79
86 91
9 40
58 99
46 88
21 93
61 75
81 97
2 64
41 80
9 61
40 61
57 96
54 93
47 59
12 52
23 49
47 99
20 84
12 95
27 81
45 60
5 96
36 85
43 79
23 24
72 90
20 59
41 59
46 63
18 98
26 55
23 75
70 91
34 65
15 28
75 96
14 65
29 55
20 73
62 95
91 94
42 90
29 98
47 83
17 87
4 63
27 92
15 58
13 22
4 74
79 91
9 59
8 66
14 37
49 75
32 88
3 21
6 87
4 99
17 77
34 49
44 67
25 74
19 73
29 39
24 60
63 68
90 96
48 94
14 51
2 30
26 86
8 95
31 49
28 85
43 90
46 53
61 99
1 32
57 67
49 91
19 94
20 80
62 70
7 67
6 18
3 99
62 85
3 54
20 22
69 75
81 96
58 96
10 44
27 70
50 58
0 12
63 91
44 94
25 52
50 82
21 70
19 96
25 41
14 29
76 79
13 56
45 46
37 70
2 87
67 82
6 34
42 85
83 98
60 96
8 70
64 99
72 91
75 79
13 84
26 57
51 62
15 44
7 52
35 78
9 78
8 23
65 90
19 26
9 67
52 97
0 82
24 26
70 99
61 86
59 74
8 40
7 16
48 58
25 27
12 82
42 86
32 40
7 29
16 24
51 85
65 97
23 83
50 77
46 74
63 93
62 96
40 56
35 77
72 88
85 91
3 65
29 74
34 84
25 39
22 51
38 52
70 89
10 84
25 84
31 84
5 22
33 97
40 47
26 88
44 79
35 98
15 56
2 93
1 13
74 77
37 45
18 90
7 62
28 65
11 59
2 57
87 88
33 52
12 15
45 55
66 92
8 34
14 62
2 94
24 58
40 63
5 51
48 92
18 80
22 78
25 59
42 46
13 93
52 71
3 29
43 47
28 70
