nnodes nedges type
100 300 graph
nodename posx posy weight
0 3.15597573942952 -2.5921108339113075 323
1 3.429069038497787 -2.9567510496950296 459
2 1.8126112886413606 -3.207210700569613 498
3 3.9171530823350458 -0.43831867140120256 483
4 2.578706903135257 -4.643568759870327 331
5 2.702378097798381 -3.128424077189744 443
6 2.569942620413398 -1.2287960986350042 140
7 3.899049249197536 -3.933922877502695 447
8 3.5056814316783624 -2.4432027467048476 261
9 1.571016345488973 -0.37253494544085325 161
10 2.500402454180944 -2.5054806185618097 413
11 0.3971791692560674 -3.097823872783992 122
12 3.8446356450846926 -2.447300558386695 164
13 4.5681208288700805 -3.943200925198256 401
14 3.24033008805608 -4.564462721067292 153
15 3.380702182816695 -1.5349428388042496 321
16 1.3163526909356684 -2.9092238433728212 317
17 1.1844191053176096 -4.732159010111101 462
18 0.8984910698815142 -2.633726759240486 162
19 1.6071819293044152 -1.0130577981513889 194
20 1.3028168640041395 -3.490154226263482 289
21 -0.3558997334389042 -2.333542123059821 270
22 3.369848515322406 -0.772450871910491 154
23 4.215398887404649 -4.151316274142764 423
24 1.2548880474647448 -4.3843246308089725 488
25 2.1860957764884654 -4.4228061514419625 367
26 1.5395847965787668 -1.5625404632807918 108
27 0.7512788071340722 -3.041747973078896 294
28 1.7957672398817712 -5.029251645551746 224
29 1.0726433578878107 -1.6864810883091992 425
30 4.022415958927035 -2.020179065665049 417
31 3.7857013580776484 -1.5726529033443908 328
32 2.5227525167976177 -3.7482372555006958 244
33 4.075983404554481 -3.1761889845472853 374
34 2.2159038266820743 -5.139056481560599 318
35 1.0014882130759029 -2.9895508567432145 57
36 2.1256623470526734 -0.8159323442864946 119
37 2.9128892674600917 -1.6424314261586481 87
38 2.7800074080875175 -2.1583576150507504 225
39 2.2848558994672774 -1.8649973608509003 100
40 3.5967914626414483 -3.2859146101520937 454
41 3.9180105233743907 -2.8662320669613726 157
42 0.960883183694996 -1.0232500115047287 337
43 3.9420271001372273 -3.82510338187535 369
44 1.5334715135610468 -4.3296093847990464 274
45 3.2666043125244344 -2.9168375370076802 471
46 1.6286788927832685 -3.6852457339401408 493
47 -0.09324013272004412 -3.1896752371818184 201
48 1.0289123060869136 -3.2885521228387025 458
49 2.7458653289861417 -2.667704927766615 316
50 3.594789065587101 -4.0686472845418 294
51 1.8882087060580033 -2.5176908732294416 346
52 1.5041649211664254 -2.0000861558534138 132
53 0.9476010291892295 -1.5653809075302108 231
54 -0.6894463399531686 -2.6444145846968152 75
55 2.4125387232277022 -4.929128331874126 398
56 0.6920291530451735 -1.707961310831246 473
57 3.604085041610556 -1.326258522934567 385
58 1.0428614334129076 -0.8530509390537413 91
59 0.015125551610522233 -2.2323543382743147 309
60 2.978529741062106 -1.0358155563512252 294
61 0.5637177106915595 -1.3707262318071638 178
62 2.237692619117847 -2.63045683942889 129
63 2.262892208695529 -1.2209004652028652 43
64 2.4101390856991673 -1.4375005386353512 7
65 0.22764637296767318 -2.7223981197123064 197
66 0.750716877745148 -4.790168552475626 39
67 2.635302240381347 -3.8770396998671077 86
68 4.4946757399450945 -2.2993993444729734 52
69 3.2445474078716114 -3.6902971700423497 485
70 2.3315153378806475 -0.7448977636200266 466
71 1.735339283254516 -3.366663653738638 22
72 3.2373144491503814 -4.915480426916614 496
73 3.856239110132161 -3.048068539153271 49
74 2.8449630771604224 -3.5091192565820126 270
75 1.8044379256317558 -4.563275030004595 271
76 1.6926292948786468 -1.6891953272652214 374
77 1.7246759417426192 -2.8059788145187428 306
78 0.3842049349595664 -0.7320904099612141 99
79 2.050926734448572 -3.7205135952881507 479
80 3.0744929978401245 -1.2142103735438698 277
81 2.4479225227403396 -1.9665015127279073 93
82 -0.24526320990470146 -3.844661830332189 218
83 1.1074901922369347 -3.856692787632825 127
84 2.023133539180067 -1.5631699717427148 401
85 2.764857418482464 -4.254707576957706 282
86 0.9068396316395737 -2.278860099570198 374
87 3.422120238311874 -4.302224930094891 8
88 2.256238874078069 -3.3666380688160324 93
89 0.7715674456775055 -3.8599282848843903 25
90 1.4059194159014576 -2.1814818108814378 262
91 0.4774316058725564 -1.9855034859723175 336
92 3.2112759069090635 -2.148470753600416 201
93 2.4949318231219086 -3.0450831588453884 474
94 1.9343694134267406 -4.013152351298888 310
95 0.6145103345015028 -3.653602979272731 381
96 0.6811672651191668 -4.3187828545934215 383
97 4.494190048924873 -2.978164372327952 492
98 4.306008179391343 -2.574440753752691 311
99 1.5581886627009713 -1.356847607633532 220
endpoint1 endpoint2
22 81
20 65
27 83
41 92
51 89
41 81
57 97
16 90
11 47
51 74
2 5
34 46
11 48
80 81
26 53
25 43
10 69
38 40
5 74
53 59
18 56
15 30
67 74
62 93
15 92
49 98
24 89
16 84
32 41
8 60
36 84
6 51
51 73
26 71
4 5
59 82
60 92
34 85
18 46
77 79
53 62
20 93
1 40
81 86
12 80
76 93
32 35
39 61
30 39
29 37
6 26
52 80
0 1
25 72
5 87
5 63
79 88
18 76
51 83
49 71
21 65
10 76
49 84
8 31
37 57
40 67
84 92
52 60
10 29
25 86
44 66
16 75
27 88
50 69
14 50
44 88
75 87
46 65
33 69
16 56
8 81
33 74
53 76
13 41
1 33
57 60
32 55
64 92
37 68
8 45
24 93
58 70
86 91
2 85
8 32
13 69
73 92
18 71
2 64
15 70
41 43
38 90
12 41
36 62
9 76
4 94
42 63
46 49
31 70
62 79
59 91
77 88
17 71
47 52
72 97
57 63
67 77
34 75
35 86
11 66
81 95
64 76
6 99
69 79
18 21
7 93
42 99
8 69
38 80
40 69
16 48
5 10
4 83
27 53
56 59
20 94
24 25
64 70
56 99
11 65
3 60
51 99
44 62
67 93
47 83
1 30
22 30
88 94
1 88
19 63
74 75
23 31
3 15
45 67
53 91
28 67
71 89
34 87
2 96
57 64
1 37
14 79
37 56
64 80
13 50
82 83
42 64
25 85
44 48
95 96
11 19
29 58
19 84
49 50
44 67
51 92
17 28
58 90
51 64
21 86
26 86
63 81
78 91
38 94
38 45
1 32
24 96
22 63
6 15
4 43
14 23
17 72
15 22
20 67
27 85
8 33
32 46
77 99
52 61
51 91
60 99
40 62
48 91
69 85
40 49
78 84
54 65
26 70
26 51
91 99
10 67
74 92
18 94
51 52
59 90
35 49
9 64
19 31
8 43
58 61
30 87
11 29
7 92
8 49
6 49
18 99
94 96
46 51
37 49
77 90
23 55
55 66
42 76
46 55
15 31
70 99
15 93
0 16
5 32
28 96
48 79
2 88
16 24
5 98
79 90
36 38
35 54
0 57
75 95
19 36
20 39
53 63
76 81
28 79
42 65
48 52
14 67
45 52
7 72
33 62
39 90
5 48
79 89
9 53
32 83
74 77
48 95
4 14
58 86
18 90
1 50
26 63
15 38
48 96
12 49
11 59
1 39
6 81
14 73
70 90
1 97
16 71
0 92
82 96
12 15
11 17
0 79
40 97
69 71
15 64
66 75
47 65
38 88
12 43
36 99
68 85
50 94
14 87
12 67
27 61
