nnodes nedges type
100 300 graph
nodename posx posy weight
0 -3.3568517914261977 -0.9833886881566178 177
1 -2.2406519643164584 -1.449534962885507 308
2 -2.0413939700751236 -2.902972393796179 125
3 -5.282852830191764 -2.8973526158655623 480
4 -4.013719421728918 -2.8059464077216862 178
5 -5.1480395168689945 -0.3477927810126833 444
6 -4.689079087287288 -2.836035423168885 273
7 -5.017342145083681 -2.3354523885888097 172
8 -5.514836390605265 -1.4383952704028187 253
9 -4.447919327526437 -2.3290251246813614 140
10 -4.618202779278274 -3.963659154623343 429
11 -3.467698275254553 -3.561501682121279 270
12 -2.0173507362265877 -1.8943556591276598 254
13 -3.0609668410308437 -3.7971337030584644 200
14 -4.136389853462926 -0.5488875487782946 334
15 -4.392940916647197 -2.4516103096496806 328
16 -6.365225931387812 -0.6248504575889254 367
17 -3.1911957487933162 -3.5840692417765796 490
18 -2.9153384021783375 -2.621165207987445 410
19 -3.601808960973248 -2.8505929237563845 25
20 -4.955877917178625 -3.436760551777248 47
21 -5.699257163131543 -1.6470854311468281 331
22 -2.767666034813514 -1.7021429278576936 131
23 -3.3870555531195303 -2.1874660283634633 33
24 -2.3549567925205843 -1.6331241174519566 130
25 -5.728320950922163 -2.048407747980897 260
26 -4.120712449956747 -1.5569986664839313 434
27 -5.003716600735344 -1.8803024269059807 364
28 -3.305837523486329 -4.16206992635994 254
29 -4.602664299487012 -0.8509787595344879 258
30 -5.8999436412883615 -3.6729050621386024 487
31 -4.638635295796522 -2.123004261115065 465
32 -6.288125963768792 -2.4072314281741405 299
33 -4.196111999640194 0.38429933882009204 442
34 -3.0983262443910964 -2.903125685157648 128
35 -2.051949350437495 -3.5615233957431283 199
36 -3.836026256575074 -0.9933434239240617 435
37 -2.896765625467201 -0.7750967575583267 115
38 -4.70465434611208 -3.31148818653299 144
39 -3.6364659900522884 -1.5622442460044337 224
40 -1.7973965628111106 -2.6492355281491458 375
41 -4.88016772428424 -1.3657207930015183 242
42 -4.083254977721178 -2.0689962234251373 379
43 -3.4266783222550945 -0.5265906900263132 159
44 -2.9550832232509037 -0.05282299713673463 250
45 -1.417849337289105 -2.5000686295859746 42
46 -5.26580719763857 -2.3899786833525 494
47 -3.706270935021841 0.11281715665466485 20
48 -3.9664534735126296 -3.380950794359701 346
49 -5.005514359691775 -0.9797283963816951 459
50 -4.741253204643399 -0.40026763128764903 460
51 -1.6649076651846035 -0.9985738394722211 332
52 -3.5888893108651656 -2.2938506523562188 128
53 -3.127427267801652 -2.656635005883266 472
54 -4.971670073074726 -2.8507650332918146 215
55 -5.640498711734794 -0.8836993083967143 127
56 -4.644104437149119 -1.762906282834142 352
57 -4.801995324976818 -4.112622496459057 177
58 -5.79181132808196 -2.57128749352397 140
59 -2.930040396303411 -1.763269423472965 186
60 -1.6514765458866512 -1.8880270679678322 180
61 -2.1314419434200733 -3.1652605191508596 457
62 -4.0869485444655025 -1.1741705748664906 166
63 -3.62573341931184 -0.8004095054676129 495
64 -5.290688314724871 -3.313985052516359 252
65 -3.995368075198979 -3.817680449550974 322
66 -5.711333085723742 -4.270452312749895 285
67 -2.211986514641783 -2.5628713453220517 209
68 -3.6101746223926447 -4.136905125457915 82
69 -6.29172154681746 -3.1065851588130977 171
70 -4.329353493343353 -0.7775089959158431 160
71 -3.0065451836850348 -1.2849314155002662 432
72 -5.336093967726805 -1.193069656990077 228
73 -2.630927332420839 -2.4082283692611397 8
74 -4.3656328592804545 -1.613988870682233 223
75 -5.389988942151326 -2.0427486132217783 6
76 -1.9736005400116374 -0.7085659981098011 124
77 -2.213532587471362 -1.8696922545545567 353
78 -3.8097664063818932 -1.8291591645597787 40
79 -3.27663074169767 -1.1864831030026621 376
80 -4.326245659685467 -3.4142446210809374 51
81 -5.06278137087468 -3.7029898453912984 437
82 -2.7858123626477505 -2.2839767736519008 352
83 -2.4221351805993003 -4.127720353647129 424
84 -6.233838166874633 -1.3708938369852262 347
85 -6.344560476068404 -1.9648640393189973 63
86 -3.5312408114974527 -3.2640689530285405 283
87 -4.7473760448780435 0.4846391185676049 241
88 -5.8026189414865135 -3.128697876302373 313
89 -3.092695018386945 -3.1976664343891814 91
90 -3.9396415776501588 -4.154658297666416 345
91 -5.554325635562297 -0.3919788019525043 207
92 -5.294727487056517 -0.814709385045786 496
93 -3.343390079673218 -0.09587982004992508 306
94 -4.320948875964036 -3.6720305716539436 204
95 -2.1269616957327386 -1.0637250208962417 388
96 -2.659910566999194 -0.5130869849450533 122
97 -3.7304350891751743 0.927812788597086 182
98 -3.976339406642217 -2.378887153948978 350
99 -2.7603333789170956 -3.192395828352541 309
endpoint1 endpoint2
32 54
15 27
5 31
67 79
12 78
34 73
15 89
23 60
55 75
9 41
23 98
17 20
11 90
2 67
83 86
59 98
27 73
20 48
27 55
26 53
14 31
13 45
62 78
77 89
75 98
6 10
14 71
11 67
65 78
36 78
15 92
20 75
64 75
62 93
4 57
59 77
2 89
24 76
46 84
56 75
11 89
8 15
21 78
37 41
4 71
18 35
57 81
70 75
59 82
26 54
55 87
28 53
59 71
35 82
1 40
6 23
23 53
48 53
56 98
33 96
39 72
22 95
0 1
63 70
5 63
31 38
36 56
27 78
32 84
3 74
8 31
8 84
43 97
77 82
24 98
30 69
3 80
87 91
9 88
9 19
7 8
19 23
86 94
15 86
34 63
22 26
14 50
54 80
17 34
38 89
51 67
1 60
2 12
68 86
75 88
29 79
13 54
4 42
1 99
15 23
17 73
48 68
55 74
28 42
44 71
56 92
63 79
47 74
53 99
16 91
79 82
8 91
7 54
70 79
4 94
27 54
10 66
38 41
12 52
52 54
52 99
10 19
6 30
4 58
12 95
45 60
16 85
2 86
31 34
73 95
44 87
24 53
46 72
26 79
75 81
40 77
4 6
45 77
18 98
39 96
0 46
9 79
4 17
59 70
48 81
11 39
88 94
0 53
46 69
49 75
65 81
46 56
3 21
43 96
1 37
25 32
57 64
19 37
4 22
77 96
7 20
13 65
15 57
29 84
10 38
93 95
0 50
16 55
6 62
53 94
15 39
75 91
50 92
80 89
74 86
32 72
22 96
38 48
25 29
25 80
21 26
36 70
27 85
25 69
21 92
90 98
33 47
7 36
22 73
18 83
24 44
13 94
7 49
31 52
26 70
18 43
25 41
14 29
22 53
19 42
20 90
27 58
43 49
3 32
39 56
39 71
9 42
81 99
61 77
31 58
9 63
8 70
31 62
4 65
59 99
1 52
3 4
16 49
7 52
3 66
42 49
70 92
18 59
36 77
11 64
17 86
48 82
54 85
47 79
73 89
18 23
58 85
6 50
2 71
29 93
14 42
18 34
41 98
44 96
6 65
36 49
52 62
74 82
0 44
26 36
0 95
7 10
4 34
36 93
11 80
34 61
17 19
15 56
21 85
41 91
19 61
9 98
34 40
25 56
23 29
33 91
23 86
69 81
18 90
18 24
17 53
31 48
40 53
9 68
10 90
22 60
64 94
39 43
62 71
45 95
34 68
7 9
10 28
5 41
86 89
4 39
9 46
3 98
46 94
39 76
61 73
13 67
21 72
30 54
19 56
26 72
51 79
17 35
33 70
18 80
27 74
87 97
74 78
31 64
20 46
