nnodes nedges type
100 300 graph
nodename posx posy weight
0 -1.6444740718503243 5.276801657149384 391
1 0.969674911382147 4.408701504893754 464
2 -1.9584446760346457 3.5649859648931117 356
3 -1.4948183372340462 3.2950371999119437 245
4 -2.71180360842818 4.645511373431632 435
5 0.462873899782126 2.4475728212199845 249
6 1.3812268348119383 1.9965930973185062 155
7 1.1463699578121158 3.8962406904563616 391
8 1.3463951994598002 1.4688308136077097 114
9 -0.14627988309852882 3.330699131236292 472
10 -0.21973348947542476 4.0162211363604285 221
11 0.38252562795713907 4.045899571537554 23
12 0.07839916368789618 2.567593836964262 342
13 2.1783294203730055 3.199701082470093 224
14 -0.37064641172361135 2.1316977723600474 124
15 -1.2264992164162989 2.980264290248679 413
16 -0.4490625378454214 3.220178574910584 47
17 1.459982151426661 3.71704775105643 285
18 -0.02258200405602118 5.529972219096258 275
19 -1.7990780725849442 2.7009959252649773 168
20 0.8877366503024112 4.75885900579102 128
21 -1.2315595238668307 4.75039725880684 153
22 0.09692171351962792 3.755493618985813 422
23 -1.4275929408882613 3.743095769643472 299
24 0.5314229139450684 4.689914030512976 456
25 0.12565349795693223 4.6422360445478965 89
26 -0.8868966497757438 4.346947976762469 409
27 0.7490443982691102 1.6209814632864057 60
28 0.27923449541338236 3.298460804182187 51
29 -0.45038581116747783 3.616479474579691 288
30 -1.8618106731534998 4.321467735860853 202
31 0.8568812750191782 5.4563599497366235 495
32 -2.028335795384051 1.4206645373987572 58
33 -0.2881643774758626 5.1790324671522425 331
34 -0.23615356949382652 4.402932651407225 116
35 -0.6322898587830504 1.5109137097097243 419
36 -0.8562481190603205 6.067793751747736 109
37 1.5288412649775915 5.424288044348277 121
38 -0.6865138698681563 4.127083617541681 468
39 0.9790967219282971 4.144623514146731 14
40 -1.7334321461053668 3.236233047260773 440
41 0.8457198311981164 3.4933893920443757 449
42 -0.7572469676891785 1.764443675095546 403
43 -0.6671818091336331 4.375590431489423 254
44 -2.664031008225191 2.5850935773655426 401
45 0.813366825969272 3.1435431206096016 192
46 -1.0764141368175077 2.7470126750381496 335
47 -2.042111266501469 3.890942947672105 469
48 1.028627029142482 5.6812132796126 77
49 0.577343070457644 3.2489681121827845 486
50 2.5236658307244104 2.464926396635983 224
51 -1.5674569494846313 2.443677192967255 305
52 -1.5348823796636069 4.37746177253892 275
53 -2.219028877693457 3.5791659118381745 338
54 1.703677534570615 3.4623729423430456 36
55 -0.5766088981026314 1.828142130084808 61
56 -0.8955573893710451 4.801483787206901 52
57 -1.6113950793637146 4.869908444713016 128
58 -1.0223092311990252 2.445423837874769 378
59 1.7606563722157997 4.463854224625813 365
60 1.7914938815103263 3.9824570498250265 463
61 1.9834690652464655 2.381709903045345 309
62 1.2932637272623067 4.6551907973603015 248
63 -0.6623393215303027 3.768127536205393 394
64 0.021009230778560296 2.9905318741663702 95
65 0.13645454356561235 1.940150995826923 370
66 -0.5574886480288466 2.077112593749841 494
67 -1.6078664514871697 1.913271975865259 169
68 1.7448309577799126 2.6991720294154913 94
69 -1.596481933741635 3.75970953301927 138
70 1.2424639153986041 2.823451209562603 111
71 -0.17590862232115934 2.4642314755254047 450
72 1.5203313574948119 2.957855778038876 407
73 -0.6141745995768559 4.980515357145332 300
74 0.5271267937419276 2.7851255506239614 188
75 -0.8473021532349596 3.1290700722106943 165
76 -1.2331080943302504 2.3333091006750935 256
77 2.0857485028341696 3.790403609765833 217
78 -0.5725658225267204 3.2058289457517875 437
79 -0.08898513926246417 1.3076688207389167 224
80 1.3452458880597757 3.1820953939713936 470
81 0.9468853605544998 2.4616675619319 174
82 0.6703274878154272 2.252911092047688 297
83 0.5140610641598025 3.6797594969388627 2
84 2.556649638135933 3.1734760110337783 327
85 -1.182093763053666 3.2297732070149436 19
86 0.4501314556548779 2.1000979386968135 429
87 0.7863539755190271 5.401917593691973 353
88 2.041618944153358 4.194102686412148 3
89 0.0240633627073526 4.286076063196923 161
90 0.5230133823763156 1.0310304438338749 480
91 1.2933909224547058 4.355706303013786 362
92 0.5816618160337699 5.088337922186579 161
93 -0.0033008201210204574 4.8572336100951965 30
94 0.36714800440307943 1.2490164645722461 217
95 -0.8772902838604815 5.436318029110939 480
96 0.2908715292770202 5.405615584261267 443
97 1.2169503893718494 1.8465177505955284 26
98 -0.42281826071314454 1.0345886623934515 227
99 -0.8979995598830368 2.0156121860532425 100
endpoint1 endpoint2
10 95
67 79
1 34
5 68
36 73
14 74
6 28
39 70
86 90
17 20
32 44
67 85
10 46
0 10
33 92
38 86
39 92
19 55
30 51
49 78
8 90
50 84
15 47
80 81
59 87
94 97
74 94
6 7
21 53
20 88
1 45
32 51
64 88
16 22
28 46
34 57
0 4
43 76
18 20
25 60
8 68
38 83
7 41
16 63
6 70
5 11
12 45
10 70
42 51
47 63
38 53
56 58
35 82
23 53
30 95
13 61
29 56
9 82
32 35
48 56
48 77
31 96
24 62
22 25
43 75
52 67
8 12
17 39
63 83
24 49
18 91
18 36
85 93
70 84
80 91
55 90
14 78
34 69
26 38
64 66
22 85
72 77
9 34
3 11
51 78
1 68
36 57
29 66
26 49
24 33
13 41
53 76
80 88
59 92
27 99
24 31
22 62
65 66
8 81
20 87
9 91
16 69
25 92
22 45
45 97
54 59
24 93
9 40
66 94
11 93
2 23
2 64
41 43
50 70
7 37
37 96
71 74
1 10
17 45
54 93
29 69
49 82
14 28
21 52
28 68
20 89
3 44
35 86
26 33
72 97
87 93
49 97
56 89
62 81
26 30
33 38
18 21
10 63
35 79
18 87
41 96
39 96
17 61
22 49
28 73
9 92
52 96
15 28
13 60
12 81
55 76
16 39
56 73
74 75
4 69
71 76
41 99
49 75
24 37
29 75
71 89
18 48
55 85
65 70
5 79
19 22
15 19
17 77
65 75
20 78
17 82
31 43
10 43
1 25
17 28
15 57
9 33
3 10
10 38
2 75
16 55
40 52
19 47
51 66
10 78
18 38
41 49
24 34
71 83
80 89
7 63
10 93
77 84
5 66
22 63
61 80
12 72
44 53
92 95
22 34
22 87
56 93
30 47
69 75
17 31
55 99
58 74
14 35
80 83
51 65
5 72
55 82
60 68
34 72
66 85
25 83
2 40
11 29
9 42
23 99
23 46
27 80
9 63
16 89
50 72
22 74
10 73
35 78
58 79
40 78
10 11
35 67
28 74
61 86
62 92
59 74
16 64
25 78
3 63
27 42
16 83
42 86
23 45
30 56
65 97
3 14
79 90
29 80
58 85
2 26
24 38
11 60
35 94
74 82
23 73
30 75
12 63
64 81
76 81
13 49
7 10
55 65
5 22
28 39
9 83
7 72
33 62
40 47
1 24
41 91
35 98
21 85
90 97
22 24
9 98
54 86
74 77
16 40
51 69
5 15
21 63
38 47
10 28
16 71
23 57
21 25
12 15
52 89
41 65
49 60
12 26
83 91
90 98
54 83
27 74
42 46
58 75
80 84
10 64
6 79
