nnodes nedges type
100 175 graph
nodename posx posy weight
0 0 0 4022
1 1 0 1732
2 2 0 1206
3 3 0 4429
4 4 0 1365
5 5 0 1060
6 6 0 1039
7 7 0 4005
8 8 0 1029
9 9 0 3231
10 10 0 4048
11 11 0 4659
12 12 0 2384
13 13 0 4023
14 14 0 2921
15 15 0 1609
16 16 0 1110
17 17 0 3432
18 18 0 3698
19 19 0 3732
20 0 1 2353
21 1 1 4150
22 2 1 3437
23 3 1 3297
24 4 1 1970
25 5 1 2856
26 6 1 3235
27 7 1 4005
28 8 1 2299
29 9 1 4049
30 10 1 1539
31 11 1 4321
32 12 1 1429
33 13 1 2907
34 14 1 4800
35 15 1 1905
36 16 1 4720
37 17 1 1752
38 18 1 3016
39 19 1 4132
40 0 2 2204
41 1 2 2900
42 2 2 4395
43 3 2 1148
44 4 2 3987
45 5 2 1160
46 6 2 4251
47 7 2 1534
48 8 2 1166
49 9 2 1063
50 10 2 2306
51 11 2 4238
52 12 2 2878
53 13 2 3711
54 14 2 3878
55 15 2 1998
56 16 2 1183
57 17 2 4625
58 18 2 1606
59 19 2 4049
60 0 3 4548
61 1 3 2000
62 2 3 3561
63 3 3 3504
64 4 3 3194
65 5 3 4507
66 6 3 3974
67 7 3 3629
68 8 3 1377
69 9 3 4043
70 10 3 4344
71 11 3 1255
72 12 3 4902
73 13 3 1579
74 14 3 2154
75 15 3 2353
76 16 3 2545
77 17 3 3610
78 18 3 4691
79 19 3 4481
80 0 4 1530
81 1 4 2121
82 2 4 4932
83 3 4 1982
84 4 4 1437
85 5 4 3135
86 6 4 3792
87 7 4 1664
88 8 4 2188
89 9 4 1611
90 10 4 3849
91 11 4 3921
92 12 4 4758
93 13 4 2144
94 14 4 2683
95 15 4 1731
96 16 4 4893
97 17 4 1871
98 18 4 1966
99 19 4 3189
endpoint1 endpoint2
54 55
86 87
0 20
92 93
39 59
55 75
40 41
72 73
73 93
2 22
18 19
34 35
94 95
40 60
72 92
80 81
96 97
42 62
6 7
74 94
28 48
44 45
43 63
52 53
76 77
84 85
25 26
78 98
27 28
35 36
45 65
4 5
3 23
19 39
29 30
37 38
71 91
14 15
6 26
22 42
55 56
0 1
17 18
33 34
31 51
63 83
37 57
53 73
15 16
7 8
67 68
1 21
77 97
22 23
76 96
69 70
8 9
41 61
8 28
54 74
65 66
29 49
61 81
10 30
58 59
48 68
12 13
11 31
20 21
79 99
69 89
50 70
68 88
14 34
46 66
32 52
73 74
34 54
50 51
66 67
56 76
23 24
75 76
83 84
58 78
38 39
90 91
77 78
85 86
24 25
57 58
62 82
42 43
74 75
12 32
28 29
35 55
36 37
51 71
61 62
9 29
30 31
46 47
82 83
98 99
38 58
95 96
16 17
32 33
49 50
16 36
47 67
18 38
4 24
20 40
47 48
33 53
44 64
7 27
23 43
67 87
41 42
2 3
24 44
43 44
51 52
26 46
45 46
27 47
53 54
59 79
52 72
30 50
3 4
71 72
13 33
65 85
10 11
64 84
5 6
66 86
31 32
63 64
1 2
17 37
49 69
70 71
60 80
15 35
75 95
56 57
5 25
21 41
89 90
91 92
60 61
68 69
93 94
9 10
25 45
57 77
62 63
78 79
70 90
11 12
87 88
48 49
64 65
81 82
97 98
26 27
13 14
21 22
88 89
36 56
