nnodes nedges type
100 175 graph
nodename posx posy weight
0 0 0 3451
1 1 0 4038
2 2 0 3307
3 3 0 2068
4 4 0 1839
5 5 0 2555
6 6 0 2252
7 7 0 1511
8 8 0 4851
9 9 0 1596
10 10 0 3908
11 11 0 1056
12 12 0 4357
13 13 0 1154
14 14 0 4976
15 15 0 3460
16 16 0 3289
17 17 0 3887
18 18 0 1294
19 19 0 1255
20 0 1 1560
21 1 1 3622
22 2 1 4444
23 3 1 1957
24 4 1 4167
25 5 1 3778
26 6 1 1651
27 7 1 3001
28 8 1 2891
29 9 1 3537
30 10 1 3420
31 11 1 3319
32 12 1 1001
33 13 1 2263
34 14 1 3490
35 15 1 3599
36 16 1 4286
37 17 1 1631
38 18 1 3754
39 19 1 2915
40 0 2 2051
41 1 2 2997
42 2 2 4618
43 3 2 2381
44 4 2 2848
45 5 2 4473
46 6 2 2165
47 7 2 3929
48 8 2 3333
49 9 2 2972
50 10 2 3171
51 11 2 4358
52 12 2 4938
53 13 2 1534
54 14 2 2498
55 15 2 4563
56 16 2 2033
57 17 2 4093
58 18 2 4202
59 19 2 1303
60 0 3 1388
61 1 3 2037
62 2 3 1197
63 3 3 1803
64 4 3 2622
65 5 3 4388
66 6 3 1817
67 7 3 3837
68 8 3 1623
69 9 3 4787
70 10 3 3575
71 11 3 4716
72 12 3 3251
73 13 3 2359
74 14 3 1653
75 15 3 2972
76 16 3 4636
77 17 3 4519
78 18 3 2207
79 19 3 3305
80 0 4 2446
81 1 4 3807
82 2 4 2193
83 3 4 3618
84 4 4 3672
85 5 4 4217
86 6 4 3499
87 7 4 2436
88 8 4 2563
89 9 4 4972
90 10 4 2063
91 11 4 4948
92 12 4 2952
93 13 4 3263
94 14 4 3239
95 15 4 2851
96 16 4 2984
97 17 4 1686
98 18 4 3750
99 19 4 2781
endpoint1 endpoint2
54 55
86 87
0 20
92 93
39 59
55 75
40 41
72 73
73 93
2 22
18 19
34 35
94 95
40 60
72 92
80 81
96 97
42 62
6 7
74 94
28 48
44 45
43 63
52 53
76 77
84 85
25 26
78 98
27 28
35 36
45 65
4 5
3 23
19 39
29 30
37 38
71 91
14 15
6 26
22 42
55 56
0 1
17 18
33 34
31 51
63 83
37 57
53 73
15 16
7 8
67 68
1 21
77 97
22 23
76 96
69 70
8 9
41 61
8 28
54 74
65 66
29 49
61 81
10 30
58 59
48 68
12 13
11 31
20 21
79 99
69 89
50 70
68 88
14 34
46 66
32 52
73 74
34 54
50 51
66 67
56 76
23 24
75 76
83 84
58 78
38 39
90 91
77 78
85 86
24 25
57 58
62 82
42 43
74 75
12 32
28 29
35 55
36 37
51 71
61 62
9 29
30 31
46 47
82 83
98 99
38 58
95 96
16 17
32 33
49 50
16 36
47 67
18 38
4 24
20 40
47 48
33 53
44 64
7 27
23 43
67 87
41 42
2 3
24 44
43 44
51 52
26 46
45 46
27 47
53 54
59 79
52 72
30 50
3 4
71 72
13 33
65 85
10 11
64 84
5 6
66 86
31 32
63 64
1 2
17 37
49 69
70 71
60 80
15 35
75 95
56 57
5 25
21 41
89 90
91 92
60 61
68 69
93 94
9 10
25 45
57 77
62 63
78 79
70 90
11 12
87 88
48 49
64 65
81 82
97 98
26 27
13 14
21 22
88 89
36 56
