nnodes nedges type
100 175 graph
nodename posx posy weight
0 0 0 1772
1 1 0 3594
2 2 0 2251
3 3 0 2823
4 4 0 1648
5 5 0 4863
6 6 0 1655
7 7 0 2668
8 8 0 2791
9 9 0 4144
10 10 0 3942
11 11 0 1763
12 12 0 1534
13 13 0 2821
14 14 0 1371
15 15 0 1775
16 16 0 4361
17 17 0 2645
18 18 0 4944
19 19 0 2260
20 0 1 1611
21 1 1 2969
22 2 1 2703
23 3 1 2975
24 4 1 4288
25 5 1 1121
26 6 1 4065
27 7 1 3646
28 8 1 1961
29 9 1 2640
30 10 1 4198
31 11 1 3758
32 12 1 3089
33 13 1 4882
34 14 1 3233
35 15 1 3684
36 16 1 4279
37 17 1 2621
38 18 1 1012
39 19 1 2451
40 0 2 4813
41 1 2 1214
42 2 2 1463
43 3 2 3032
44 4 2 4561
45 5 2 2937
46 6 2 4033
47 7 2 4476
48 8 2 3773
49 9 2 4156
50 10 2 3352
51 11 2 1959
52 12 2 2078
53 13 2 2840
54 14 2 2895
55 15 2 1866
56 16 2 4802
57 17 2 2351
58 18 2 4532
59 19 2 4944
60 0 3 4602
61 1 3 1442
62 2 3 2306
63 3 3 4660
64 4 3 3612
65 5 3 2468
66 6 3 4343
67 7 3 4835
68 8 3 1571
69 9 3 2885
70 10 3 1720
71 11 3 4941
72 12 3 3190
73 13 3 3603
74 14 3 4265
75 15 3 1913
76 16 3 3862
77 17 3 4349
78 18 3 3399
79 19 3 3602
80 0 4 2732
81 1 4 1823
82 2 4 4445
83 3 4 2471
84 4 4 1634
85 5 4 4215
86 6 4 3784
87 7 4 1446
88 8 4 1526
89 9 4 1128
90 10 4 2887
91 11 4 2699
92 12 4 4080
93 13 4 3551
94 14 4 1341
95 15 4 2661
96 16 4 4429
97 17 4 1911
98 18 4 2332
99 19 4 4507
endpoint1 endpoint2
54 55
86 87
0 20
92 93
39 59
55 75
40 41
72 73
73 93
2 22
18 19
34 35
94 95
40 60
72 92
80 81
96 97
42 62
6 7
74 94
28 48
44 45
43 63
52 53
76 77
84 85
25 26
78 98
27 28
35 36
45 65
4 5
3 23
19 39
29 30
37 38
71 91
14 15
6 26
22 42
55 56
0 1
17 18
33 34
31 51
63 83
37 57
53 73
15 16
7 8
67 68
1 21
77 97
22 23
76 96
69 70
8 9
41 61
8 28
54 74
65 66
29 49
61 81
10 30
58 59
48 68
12 13
11 31
20 21
79 99
69 89
50 70
68 88
14 34
46 66
32 52
73 74
34 54
50 51
66 67
56 76
23 24
75 76
83 84
58 78
38 39
90 91
77 78
85 86
24 25
57 58
62 82
42 43
74 75
12 32
28 29
35 55
36 37
51 71
61 62
9 29
30 31
46 47
82 83
98 99
38 58
95 96
16 17
32 33
49 50
16 36
47 67
18 38
4 24
20 40
47 48
33 53
44 64
7 27
23 43
67 87
41 42
2 3
24 44
43 44
51 52
26 46
45 46
27 47
53 54
59 79
52 72
30 50
3 4
71 72
13 33
65 85
10 11
64 84
5 6
66 86
31 32
63 64
1 2
17 37
49 69
70 71
60 80
15 35
75 95
56 57
5 25
21 41
89 90
91 92
60 61
68 69
93 94
9 10
25 45
57 77
62 63
78 79
70 90
11 12
87 88
48 49
64 65
81 82
97 98
26 27
13 14
21 22
88 89
36 56
