nnodes nedges type
100 175 graph
nodename posx posy weight
0 0 0 2781
1 1 0 2465
2 2 0 3421
3 3 0 3621
4 4 0 1944
5 5 0 4248
6 6 0 4363
7 7 0 3699
8 8 0 4646
9 9 0 4282
10 10 0 2018
11 11 0 3023
12 12 0 2500
13 13 0 4503
14 14 0 4367
15 15 0 4393
16 16 0 4628
17 17 0 3828
18 18 0 1183
19 19 0 4829
20 0 1 2152
21 1 1 1294
22 2 1 1462
23 3 1 1843
24 4 1 3237
25 5 1 1082
26 6 1 1498
27 7 1 2718
28 8 1 1329
29 9 1 2923
30 10 1 2817
31 11 1 1977
32 12 1 3691
33 13 1 3430
34 14 1 2540
35 15 1 4117
36 16 1 3191
37 17 1 1218
38 18 1 3034
39 19 1 4799
40 0 2 4401
41 1 2 2168
42 2 2 2403
43 3 2 3986
44 4 2 3136
45 5 2 4521
46 6 2 1911
47 7 2 1970
48 8 2 2735
49 9 2 1709
50 10 2 3316
51 11 2 4725
52 12 2 1831
53 13 2 1959
54 14 2 2642
55 15 2 2785
56 16 2 3624
57 17 2 2624
58 18 2 3357
59 19 2 1834
60 0 3 4882
61 1 3 2857
62 2 3 3456
63 3 3 2034
64 4 3 3933
65 5 3 4009
66 6 3 3232
67 7 3 3218
68 8 3 4667
69 9 3 3243
70 10 3 4076
71 11 3 3566
72 12 3 1467
73 13 3 3071
74 14 3 2631
75 15 3 2410
76 16 3 4112
77 17 3 4516
78 18 3 4797
79 19 3 1569
80 0 4 3041
81 1 4 2946
82 2 4 1662
83 3 4 1263
84 4 4 4912
85 5 4 2856
86 6 4 4212
87 7 4 2006
88 8 4 1205
89 9 4 2570
90 10 4 3169
91 11 4 4126
92 12 4 4630
93 13 4 4881
94 14 4 1907
95 15 4 4451
96 16 4 1386
97 17 4 1196
98 18 4 3123
99 19 4 3828
endpoint1 endpoint2
54 55
86 87
0 20
92 93
39 59
55 75
40 41
72 73
73 93
2 22
18 19
34 35
94 95
40 60
72 92
80 81
96 97
42 62
6 7
74 94
28 48
44 45
43 63
52 53
76 77
84 85
25 26
78 98
27 28
35 36
45 65
4 5
3 23
19 39
29 30
37 38
71 91
14 15
6 26
22 42
55 56
0 1
17 18
33 34
31 51
63 83
37 57
53 73
15 16
7 8
67 68
1 21
77 97
22 23
76 96
69 70
8 9
41 61
8 28
54 74
65 66
29 49
61 81
10 30
58 59
48 68
12 13
11 31
20 21
79 99
69 89
50 70
68 88
14 34
46 66
32 52
73 74
34 54
50 51
66 67
56 76
23 24
75 76
83 84
58 78
38 39
90 91
77 78
85 86
24 25
57 58
62 82
42 43
74 75
12 32
28 29
35 55
36 37
51 71
61 62
9 29
30 31
46 47
82 83
98 99
38 58
95 96
16 17
32 33
49 50
16 36
47 67
18 38
4 24
20 40
47 48
33 53
44 64
7 27
23 43
67 87
41 42
2 3
24 44
43 44
51 52
26 46
45 46
27 47
53 54
59 79
52 72
30 50
3 4
71 72
13 33
65 85
10 11
64 84
5 6
66 86
31 32
63 64
1 2
17 37
49 69
70 71
60 80
15 35
75 95
56 57
5 25
21 41
89 90
91 92
60 61
68 69
93 94
9 10
25 45
57 77
62 63
78 79
70 90
11 12
87 88
48 49
64 65
81 82
97 98
26 27
13 14
21 22
88 89
36 56
