nnodes nedges type
100 175 graph
nodename posx posy weight
0 0 0 1616
1 1 0 4259
2 2 0 2760
3 3 0 1069
4 4 0 2604
5 5 0 1909
6 6 0 3190
7 7 0 4099
8 8 0 3296
9 9 0 2265
10 10 0 4405
11 11 0 4926
12 12 0 2311
13 13 0 2447
14 14 0 4786
15 15 0 2574
16 16 0 2734
17 17 0 3121
18 18 0 1895
19 19 0 4854
20 0 1 2774
21 1 1 4554
22 2 1 3851
23 3 1 3497
24 4 1 1896
25 5 1 2064
26 6 1 3875
27 7 1 3321
28 8 1 1383
29 9 1 4299
30 10 1 1278
31 11 1 3044
32 12 1 2020
33 13 1 4336
34 14 1 2161
35 15 1 2228
36 16 1 2232
37 17 1 1772
38 18 1 1147
39 19 1 1905
40 0 2 1525
41 1 2 2908
42 2 2 2159
43 3 2 3980
44 4 2 1935
45 5 2 3588
46 6 2 4474
47 7 2 2144
48 8 2 4785
49 9 2 4034
50 10 2 4869
51 11 2 1340
52 12 2 2854
53 13 2 1364
54 14 2 1592
55 15 2 1614
56 16 2 2540
57 17 2 2647
58 18 2 2919
59 19 2 2027
60 0 3 1957
61 1 3 4545
62 2 3 1023
63 3 3 2159
64 4 3 1270
65 5 3 2971
66 6 3 3121
67 7 3 4416
68 8 3 4537
69 9 3 1796
70 10 3 2058
71 11 3 1083
72 12 3 2993
73 13 3 2335
74 14 3 2676
75 15 3 2246
76 16 3 3566
77 17 3 1687
78 18 3 2229
79 19 3 1692
80 0 4 2274
81 1 4 4577
82 2 4 3680
83 3 4 4384
84 4 4 1622
85 5 4 1881
86 6 4 1935
87 7 4 1120
88 8 4 4693
89 9 4 1285
90 10 4 3073
91 11 4 4012
92 12 4 1678
93 13 4 3275
94 14 4 3814
95 15 4 4075
96 16 4 4241
97 17 4 1772
98 18 4 2076
99 19 4 4570
endpoint1 endpoint2
54 55
86 87
0 20
92 93
39 59
55 75
40 41
72 73
73 93
2 22
18 19
34 35
94 95
40 60
72 92
80 81
96 97
42 62
6 7
74 94
28 48
44 45
43 63
52 53
76 77
84 85
25 26
78 98
27 28
35 36
45 65
4 5
3 23
19 39
29 30
37 38
71 91
14 15
6 26
22 42
55 56
0 1
17 18
33 34
31 51
63 83
37 57
53 73
15 16
7 8
67 68
1 21
77 97
22 23
76 96
69 70
8 9
41 61
8 28
54 74
65 66
29 49
61 81
10 30
58 59
48 68
12 13
11 31
20 21
79 99
69 89
50 70
68 88
14 34
46 66
32 52
73 74
34 54
50 51
66 67
56 76
23 24
75 76
83 84
58 78
38 39
90 91
77 78
85 86
24 25
57 58
62 82
42 43
74 75
12 32
28 29
35 55
36 37
51 71
61 62
9 29
30 31
46 47
82 83
98 99
38 58
95 96
16 17
32 33
49 50
16 36
47 67
18 38
4 24
20 40
47 48
33 53
44 64
7 27
23 43
67 87
41 42
2 3
24 44
43 44
51 52
26 46
45 46
27 47
53 54
59 79
52 72
30 50
3 4
71 72
13 33
65 85
10 11
64 84
5 6
66 86
31 32
63 64
1 2
17 37
49 69
70 71
60 80
15 35
75 95
56 57
5 25
21 41
89 90
91 92
60 61
68 69
93 94
9 10
25 45
57 77
62 63
78 79
70 90
11 12
87 88
48 49
64 65
81 82
97 98
26 27
13 14
21 22
88 89
36 56
