nnodes nedges type
100 175 graph
nodename posx posy weight
0 0 0 1821
1 1 0 2306
2 2 0 3429
3 3 0 1074
4 4 0 1488
5 5 0 4458
6 6 0 2382
7 7 0 1762
8 8 0 1788
9 9 0 3753
10 10 0 3345
11 11 0 2101
12 12 0 4029
13 13 0 1707
14 14 0 3309
15 15 0 3088
16 16 0 3151
17 17 0 2880
18 18 0 1850
19 19 0 2148
20 0 1 4671
21 1 1 2357
22 2 1 2550
23 3 1 2586
24 4 1 2178
25 5 1 1709
26 6 1 1808
27 7 1 2135
28 8 1 3845
29 9 1 2549
30 10 1 3890
31 11 1 1863
32 12 1 4747
33 13 1 2770
34 14 1 3087
35 15 1 2555
36 16 1 4365
37 17 1 3633
38 18 1 2203
39 19 1 3756
40 0 2 3077
41 1 2 2860
42 2 2 4542
43 3 2 4144
44 4 2 3289
45 5 2 4576
46 6 2 1308
47 7 2 3586
48 8 2 4151
49 9 2 3269
50 10 2 4775
51 11 2 4984
52 12 2 4116
53 13 2 1579
54 14 2 2853
55 15 2 1451
56 16 2 2039
57 17 2 4459
58 18 2 2866
59 19 2 1955
60 0 3 3144
61 1 3 3153
62 2 3 4196
63 3 3 3567
64 4 3 2050
65 5 3 2127
66 6 3 1676
67 7 3 4451
68 8 3 3831
69 9 3 2483
70 10 3 3245
71 11 3 3108
72 12 3 4901
73 13 3 3859
74 14 3 4931
75 15 3 2429
76 16 3 1563
77 17 3 2218
78 18 3 1618
79 19 3 3714
80 0 4 4671
81 1 4 4220
82 2 4 1792
83 3 4 4461
84 4 4 3183
85 5 4 1605
86 6 4 4705
87 7 4 2816
88 8 4 1709
89 9 4 1835
90 10 4 2764
91 11 4 2201
92 12 4 4839
93 13 4 2296
94 14 4 1729
95 15 4 3324
96 16 4 3737
97 17 4 2403
98 18 4 4308
99 19 4 4794
endpoint1 endpoint2
54 55
86 87
0 20
92 93
39 59
55 75
40 41
72 73
73 93
2 22
18 19
34 35
94 95
40 60
72 92
80 81
96 97
42 62
6 7
74 94
28 48
44 45
43 63
52 53
76 77
84 85
25 26
78 98
27 28
35 36
45 65
4 5
3 23
19 39
29 30
37 38
71 91
14 15
6 26
22 42
55 56
0 1
17 18
33 34
31 51
63 83
37 57
53 73
15 16
7 8
67 68
1 21
77 97
22 23
76 96
69 70
8 9
41 61
8 28
54 74
65 66
29 49
61 81
10 30
58 59
48 68
12 13
11 31
20 21
79 99
69 89
50 70
68 88
14 34
46 66
32 52
73 74
34 54
50 51
66 67
56 76
23 24
75 76
83 84
58 78
38 39
90 91
77 78
85 86
24 25
57 58
62 82
42 43
74 75
12 32
28 29
35 55
36 37
51 71
61 62
9 29
30 31
46 47
82 83
98 99
38 58
95 96
16 17
32 33
49 50
16 36
47 67
18 38
4 24
20 40
47 48
33 53
44 64
7 27
23 43
67 87
41 42
2 3
24 44
43 44
51 52
26 46
45 46
27 47
53 54
59 79
52 72
30 50
3 4
71 72
13 33
65 85
10 11
64 84
5 6
66 86
31 32
63 64
1 2
17 37
49 69
70 71
60 80
15 35
75 95
56 57
5 25
21 41
89 90
91 92
60 61
68 69
93 94
9 10
25 45
57 77
62 63
78 79
70 90
11 12
87 88
48 49
64 65
81 82
97 98
26 27
13 14
21 22
88 89
36 56
