nnodes nedges type
100 175 graph
nodename posx posy weight
0 0 0 3822
1 1 0 3716
2 2 0 2423
3 3 0 3876
4 4 0 3020
5 5 0 1720
6 6 0 3841
7 7 0 2331
8 8 0 4291
9 9 0 3790
10 10 0 3304
11 11 0 4366
12 12 0 1585
13 13 0 2373
14 14 0 3827
15 15 0 4565
16 16 0 3040
17 17 0 3483
18 18 0 1475
19 19 0 1783
20 0 1 4878
21 1 1 2337
22 2 1 1359
23 3 1 1391
24 4 1 1289
25 5 1 1199
26 6 1 3873
27 7 1 2670
28 8 1 1111
29 9 1 3486
30 10 1 1407
31 11 1 3659
32 12 1 2490
33 13 1 2930
34 14 1 1189
35 15 1 4743
36 16 1 1026
37 17 1 3711
38 18 1 4661
39 19 1 3529
40 0 2 1656
41 1 2 1662
42 2 2 2156
43 3 2 3427
44 4 2 4164
45 5 2 4986
46 6 2 3491
47 7 2 2585
48 8 2 2024
49 9 2 4541
50 10 2 3810
51 11 2 2319
52 12 2 1010
53 13 2 2701
54 14 2 2388
55 15 2 1792
56 16 2 2606
57 17 2 4628
58 18 2 1723
59 19 2 3582
60 0 3 1147
61 1 3 4100
62 2 3 4260
63 3 3 3907
64 4 3 3607
65 5 3 2361
66 6 3 2840
67 7 3 1941
68 8 3 1107
69 9 3 1059
70 10 3 1425
71 11 3 1264
72 12 3 4826
73 13 3 3752
74 14 3 3654
75 15 3 4195
76 16 3 1814
77 17 3 4119
78 18 3 3237
79 19 3 4894
80 0 4 4522
81 1 4 2972
82 2 4 2682
83 3 4 1347
84 4 4 4725
85 5 4 3129
86 6 4 2469
87 7 4 3565
88 8 4 3288
89 9 4 1127
90 10 4 2185
91 11 4 2829
92 12 4 2636
93 13 4 2378
94 14 4 1903
95 15 4 1614
96 16 4 2853
97 17 4 2607
98 18 4 4553
99 19 4 4864
endpoint1 endpoint2
54 55
86 87
0 20
92 93
39 59
55 75
40 41
72 73
73 93
2 22
18 19
34 35
94 95
40 60
72 92
80 81
96 97
42 62
6 7
74 94
28 48
44 45
43 63
52 53
76 77
84 85
25 26
78 98
27 28
35 36
45 65
4 5
3 23
19 39
29 30
37 38
71 91
14 15
6 26
22 42
55 56
0 1
17 18
33 34
31 51
63 83
37 57
53 73
15 16
7 8
67 68
1 21
77 97
22 23
76 96
69 70
8 9
41 61
8 28
54 74
65 66
29 49
61 81
10 30
58 59
48 68
12 13
11 31
20 21
79 99
69 89
50 70
68 88
14 34
46 66
32 52
73 74
34 54
50 51
66 67
56 76
23 24
75 76
83 84
58 78
38 39
90 91
77 78
85 86
24 25
57 58
62 82
42 43
74 75
12 32
28 29
35 55
36 37
51 71
61 62
9 29
30 31
46 47
82 83
98 99
38 58
95 96
16 17
32 33
49 50
16 36
47 67
18 38
4 24
20 40
47 48
33 53
44 64
7 27
23 43
67 87
41 42
2 3
24 44
43 44
51 52
26 46
45 46
27 47
53 54
59 79
52 72
30 50
3 4
71 72
13 33
65 85
10 11
64 84
5 6
66 86
31 32
63 64
1 2
17 37
49 69
70 71
60 80
15 35
75 95
56 57
5 25
21 41
89 90
91 92
60 61
68 69
93 94
9 10
25 45
57 77
62 63
78 79
70 90
11 12
87 88
48 49
64 65
81 82
97 98
26 27
13 14
21 22
88 89
36 56
