nnodes nedges type
100 175 graph
nodename posx posy weight
0 0 0 2818
1 1 0 1725
2 2 0 3501
3 3 0 1520
4 4 0 4714
5 5 0 3791
6 6 0 3247
7 7 0 3570
8 8 0 1515
9 9 0 3279
10 10 0 4878
11 11 0 1619
12 12 0 2974
13 13 0 4622
14 14 0 1147
15 15 0 3344
16 16 0 3809
17 17 0 1282
18 18 0 1398
19 19 0 1161
20 0 1 2266
21 1 1 1003
22 2 1 2349
23 3 1 2083
24 4 1 3620
25 5 1 1019
26 6 1 2145
27 7 1 2128
28 8 1 3877
29 9 1 1175
30 10 1 2297
31 11 1 3110
32 12 1 1619
33 13 1 3894
34 14 1 3017
35 15 1 4965
36 16 1 2295
37 17 1 3720
38 18 1 2487
39 19 1 1754
40 0 2 1079
41 1 2 4148
42 2 2 1490
43 3 2 2316
44 4 2 3948
45 5 2 2801
46 6 2 1973
47 7 2 4807
48 8 2 4569
49 9 2 2885
50 10 2 4999
51 11 2 1178
52 12 2 3110
53 13 2 4634
54 14 2 4205
55 15 2 3413
56 16 2 3202
57 17 2 1691
58 18 2 2746
59 19 2 1199
60 0 3 4521
61 1 3 2723
62 2 3 3765
63 3 3 3235
64 4 3 3153
65 5 3 4827
66 6 3 4318
67 7 3 1093
68 8 3 1806
69 9 3 1183
70 10 3 2594
71 11 3 4543
72 12 3 4976
73 13 3 3671
74 14 3 3250
75 15 3 2601
76 16 3 4740
77 17 3 3708
78 18 3 4198
79 19 3 1113
80 0 4 1203
81 1 4 2657
82 2 4 1466
83 3 4 1397
84 4 4 3189
85 5 4 1003
86 6 4 4919
87 7 4 3961
88 8 4 2683
89 9 4 3151
90 10 4 4828
91 11 4 3441
92 12 4 1247
93 13 4 4501
94 14 4 4486
95 15 4 1899
96 16 4 4926
97 17 4 3461
98 18 4 3193
99 19 4 3587
endpoint1 endpoint2
54 55
86 87
0 20
92 93
39 59
55 75
40 41
72 73
73 93
2 22
18 19
34 35
94 95
40 60
72 92
80 81
96 97
42 62
6 7
74 94
28 48
44 45
43 63
52 53
76 77
84 85
25 26
78 98
27 28
35 36
45 65
4 5
3 23
19 39
29 30
37 38
71 91
14 15
6 26
22 42
55 56
0 1
17 18
33 34
31 51
63 83
37 57
53 73
15 16
7 8
67 68
1 21
77 97
22 23
76 96
69 70
8 9
41 61
8 28
54 74
65 66
29 49
61 81
10 30
58 59
48 68
12 13
11 31
20 21
79 99
69 89
50 70
68 88
14 34
46 66
32 52
73 74
34 54
50 51
66 67
56 76
23 24
75 76
83 84
58 78
38 39
90 91
77 78
85 86
24 25
57 58
62 82
42 43
74 75
12 32
28 29
35 55
36 37
51 71
61 62
9 29
30 31
46 47
82 83
98 99
38 58
95 96
16 17
32 33
49 50
16 36
47 67
18 38
4 24
20 40
47 48
33 53
44 64
7 27
23 43
67 87
41 42
2 3
24 44
43 44
51 52
26 46
45 46
27 47
53 54
59 79
52 72
30 50
3 4
71 72
13 33
65 85
10 11
64 84
5 6
66 86
31 32
63 64
1 2
17 37
49 69
70 71
60 80
15 35
75 95
56 57
5 25
21 41
89 90
91 92
60 61
68 69
93 94
9 10
25 45
57 77
62 63
78 79
70 90
11 12
87 88
48 49
64 65
81 82
97 98
26 27
13 14
21 22
88 89
36 56
