nnodes nedges type
200 1500 graph
nodename posx posy weight
0 -4.44189904039085 7.624775886072508 98
1 -1.4007536183640452 8.407645908340134 27
2 -2.616867735160037 6.27560410015105 54
3 -3.331671222957702 8.248754180909367 42
4 -1.529098804085496 6.894504099805248 37
5 -2.3456213187867014 5.989018309897765 30
6 -1.2765094613945962 6.592164847900046 43
7 -1.8535510236977801 7.860796375957825 64
8 -1.932919060695119 8.838618447639563 76
9 -2.1867728050332444 6.220258911085436 79
10 -2.3778674942517397 8.036566463259607 93
11 -2.735511610496789 8.08527180848956 49
12 -1.8280197373792855 8.270520841391946 22
13 -1.4139192915810006 7.3319228048856395 57
14 -3.2060556192803844 7.882538064460575 87
15 -1.7005440310178903 8.713701548464634 57
16 -3.136997142042466 8.7493021587213 86
17 -2.056858681951227 6.070231345379749 45
18 -3.921234797225558 6.518576442883169 90
19 -1.9195052467109153 6.166997206649292 10
20 -3.3579530055203426 7.423967415309777 55
21 -4.588750807216484 6.674379723197155 39
22 -4.653309938757596 7.0054768587849585 83
23 -3.79337015834956 6.424202040928628 35
24 -3.319393376137364 7.725007360476937 87
25 -2.2043431469096766 9.169517888618135 86
26 -3.3199974830025623 6.011637999614394 23
27 -1.5197987128511905 7.280680960536514 76
28 -2.9589737386915953 5.573806184891192 76
29 -3.040749997886625 8.064146605759394 85
30 -2.7620185216776614 8.712539976464049 9
31 -3.611014167790895 6.975883032936091 81
32 -1.4328142102123183 7.817013353960121 92
33 -1.99518109946812 8.355219844263178 80
34 -2.5834938240128937 8.14461751824063 96
35 -2.4139556869984564 7.122920224894911 68
36 -2.413740808560593 8.753583497445701 66
37 -4.322827777960851 8.369906587409288 53
38 -1.2332450573529976 7.3131339126690085 81
39 -2.520010937875935 7.207628744114506 4
40 -4.702186899205341 7.4225247737309035 50
41 -1.9997173350355886 5.845878723935404 77
42 -3.217372641757665 7.582789775832355 29
43 -3.951819875701512 8.19698486819631 47
44 -2.221572473952542 7.877604435664726 32
45 -4.2400891364899325 7.278781730252901 43
46 -3.0520204670387385 7.069734724529293 74
47 -3.730134749690985 7.294930468367301 57
48 -2.863869057242251 8.623093297207511 48
49 -3.0379195201039066 8.725011270256685 42
50 -1.6247480727250156 6.583748446970633 68
51 -4.202974625377493 6.381555710439083 80
52 -1.4302797506403797 6.155229237929349 39
53 -4.620442764315669 7.101413848801087 42
54 -3.413294991408832 8.835252989220256 83
55 -2.691848213901186 7.523898727502793 60
56 -2.8990211906291905 7.587052755575863 85
57 -4.458596319261205 7.876934328739537 54
58 -2.1522661535339123 6.676192827818365 84
59 -4.30568090175081 8.240905065265531 55
60 -4.127448393936496 7.537410705204315 11
61 -2.2567754950165044 8.869626612646409 20
62 -1.605793050081533 6.809747829159661 65
63 -2.696129946739384 6.975780892664814 65
64 -3.574016046778271 8.06700632605203 78
65 -1.0791814595948008 7.123789234745266 35
66 -3.0998272720183837 6.578904966930912 70
67 -3.3736793683263304 8.947752859993432 31
68 -1.7322428598891186 6.756006381592891 52
69 -3.9407568230368115 8.478136790503697 49
70 -3.494453253714555 6.917523064158939 67
71 -4.088679371267855 6.6728594688623915 48
72 -3.5914379617951906 8.873325800330756 17
73 -3.792301164895843 6.753819412830221 78
74 -1.4682233415940267 7.156898434794102 68
75 -4.255946971689244 6.977662415585638 28
76 -3.003354187578968 9.495412281584626 3
77 -1.5809883649265826 8.262043133181294 89
78 -3.955568026997467 8.007763959717742 59
79 -3.219424195470151 6.128435653617962 35
80 -2.114496526823602 7.6005333184499255 9
81 -4.4475560575518935 7.265027712158315 24
82 -2.541096950937219 6.643081729052812 95
83 -1.2606803389692272 7.5316102443756865 58
84 -2.5431340539700855 9.268595611159801 93
85 -4.62409691254141 8.204836924954906 36
86 -1.8127615554485923 8.460124462934141 86
87 -2.2828336498004176 6.90053344882569 59
88 -2.5548971901221997 5.789538311227264 72
89 -2.8761986328755604 6.475968734312344 71
90 -3.787773393849365 8.52746988699302 37
91 -3.176364642333926 8.457742378519635 11
92 -3.5600141082339065 5.956635305710551 30
93 -2.8212173660613047 6.096499569895412 61
94 -3.667491305358307 8.689738615454964 12
95 -3.533794394700239 6.739128229938243 31
96 -1.8703699321130076 8.63657169489694 41
97 -2.252258532358269 5.764791535124829 49
98 -3.139486816500258 5.981707123385975 60
99 -2.1757762368011466 6.514754078110332 79
100 -2.643564821507705 9.007341901793218 17
101 -2.366920346970747 8.975066437740399 92
102 -4.259035360140486 8.626852125308906 96
103 -2.9819490454260955 7.855807652116707 57
104 -2.4273049419854034 8.256310722555396 52
105 -3.055141549327767 7.4823534066063795 35
106 -1.683677780404493 7.35322926221037 34
107 -3.5723110188317415 8.503301109270858 40
108 -3.653922665961487 7.838333039767793 54
109 -2.2448307694289498 8.465287553940714 97
110 -4.400709140531181 8.726475385815208 51
111 -2.4507400935338763 6.008237175044264 80
112 -4.1175844857234605 8.180529431211758 45
113 -3.1451206306705313 9.18925243523921 18
114 -3.8619559722687953 6.187935926067452 91
115 -2.178692073964269 7.036146908548588 29
116 -3.2301375012872184 7.114905769084706 57
117 -3.3113273979652194 5.728282802283673 99
118 -3.2121360512014987 6.7722780004703145 89
119 -3.273389783282776 6.31069356748707 71
120 -3.3372715371857096 6.588270662690958 97
121 -3.6460614756175684 5.7535168828478405 72
122 -3.7169521522683424 7.0447950298569175 63
123 -1.423559714152802 8.107967477036395 53
124 -3.345122467577934 9.14786400386404 38
125 -1.8872578965246984 6.437526335963356 90
126 -1.9704082248778112 7.513915931638202 93
127 -2.0700765581547853 7.170450323932433 3
128 -2.7888748934602314 9.126583969684404 34
129 -3.548370591664879 8.236921678618751 59
130 -2.8215546063768477 7.146031993473362 41
131 -1.5538206848936211 7.535418308215512 14
132 -4.460327895104007 6.8019164913583845 38
133 -2.9876654791529025 8.90144546478177 78
134 -1.8433206438869927 7.710587153114834 18
135 -4.66251205484446 7.792608490810585 9
136 -1.853072964241171 7.042085887727118 59
137 -4.366041975567838 7.942117183674796 88
138 -2.1149202281155315 8.049421042846372 58
139 -2.805448720385017 8.262628029429933 26
140 -2.321046088166164 8.658989204740134 43
141 -2.938439118220354 5.959264600998452 93
142 -3.1047681690754767 8.318345880153267 95
143 -4.061273744015605 6.233472478670248 75
144 -3.600911886266679 6.378074718555994 82
145 -3.719942443477015 9.034278547260309 88
146 -2.2372016980656677 8.241587859480003 24
147 -2.6017944427448505 6.145018511370927 33
148 -4.337055845673029 6.871537677251481 98
149 -2.4136760245637805 6.780060610840021 6
150 -4.2821184989932 7.426846938335997 33
151 -3.515681085614623 7.661564238654961 51
152 -1.7679673204906718 6.388590807310597 95
153 -2.774304772124016 7.778691695841962 76
154 -1.210395087975127 8.022554344452061 73
155 -4.078575116577265 7.225079284298846 39
156 -2.745473448982443 5.602456418268619 77
157 -2.483726561495869 6.49577403198231 47
158 -2.6353824225433558 7.634294675635735 94
159 -3.667558406392292 6.045280489077449 64
160 -2.6306914314097956 8.469391747212267 74
161 -3.696642072579194 7.547879936306336 24
162 -1.5319588704037157 7.89623554322483 34
163 -4.252916524150757 7.69003595770424 10
164 -3.4460817570578293 7.172922084956241 88
165 -3.0898691972411254 6.1909396375498265 77
166 -2.855507232917526 6.608019002453584 34
167 -4.153900630446348 6.000848569429857 91
168 -4.366137668080734 6.230282493525689 7
169 -4.409783337762894 7.409310679392902 82
170 -3.0832662803983153 7.3337473759880405 8
171 -3.926518456211585 8.922898162966014 46
172 -2.675027713764203 5.79591911310902 25
173 -4.058575226396555 7.0285180330241905 66
174 -2.962064661018342 8.26809228017862 3
175 -2.1154758028358227 8.771584837824555 96
176 -3.946308613681315 7.616213875758178 53
177 -4.324967457170715 6.522889401062737 36
178 -3.4535117934337154 8.427864562376712 11
179 -2.291696132536839 7.454907115725953 61
180 -2.0589704500945145 7.812855661219594 82
181 -1.8006526032942218 6.150835392522543 23
182 -4.075319756776959 8.00642466648336 77
183 -2.6411928118640873 7.2286248674120595 29
184 -1.103289996589516 7.68238271069142 8
185 -3.7188639401937973 6.29093456743205 33
186 -1.8254090433584627 8.106796956906189 49
187 -4.137443104246792 7.850152443443763 6
188 -1.9194129798610864 6.66460546179956 10
189 -3.763576447653633 7.979500242099189 55
190 -2.774332739803264 6.767511128231552 46
191 -2.3923742261611607 6.276518155334613 78
192 -4.136130725571345 8.784926510785523 53
193 -1.7223558435817647 7.690468477872594 45
194 -2.402288697823438 7.5935655686059365 45
195 -3.521572549498526 6.208202942511661 18
196 -1.2848315902248113 6.893473168152956 70
197 -3.9745437745068393 6.773042809460343 70
198 -3.073824634204304 6.881436333868144 73
199 -1.9260973337651206 7.161396972328245 6
endpoint1 endpoint2
158 193
70 103
22 154
100 112
131 187
151 164
26 120
17 64
137 164
102 182
35 123
96 123
46 164
74 149
166 184
39 127
48 77
67 142
54 87
61 63
12 50
35 147
37 54
80 146
82 170
102 169
125 179
181 193
70 81
0 189
113 175
21 46
47 148
16 29
17 50
35 152
130 188
55 122
3 112
135 194
57 69
9 170
123 196
37 87
78 171
7 149
29 168
52 127
6 87
10 26
139 175
105 152
62 131
138 166
159 177
36 70
117 157
26 92
175 198
34 44
35 134
41 166
30 64
31 82
105 129
60 117
87 134
143 144
46 51
148 188
84 164
30 56
20 118
132 165
136 160
18 60
42 182
45 171
146 152
58 86
21 66
12 126
124 128
75 147
59 189
4 157
18 164
18 55
159 172
141 198
170 192
9 198
22 58
78 135
62 93
30 42
40 176
157 189
13 35
4 109
43 58
62 191
134 151
73 153
163 174
93 198
188 190
173 174
69 109
56 174
5 27
64 190
29 133
34 48
37 197
110 142
43 51
28 114
170 178
12 107
126 153
93 112
83 198
13 196
114 157
49 123
68 161
161 180
91 183
3 67
65 91
48 189
145 163
2 153
21 102
9 74
47 61
103 176
114 148
24 84
82 109
72 171
91 140
24 195
118 168
7 63
32 131
14 23
92 165
165 169
27 152
5 118
40 172
21 150
132 143
31 45
93 185
20 143
4 65
28 95
87 177
8 147
77 129
102 139
74 126
113 137
48 162
149 172
176 198
17 92
12 158
30 112
87 97
31 130
1 171
20 46
24 169
23 51
72 192
109 197
93 139
118 189
57 144
94 186
88 111
80 174
67 101
14 64
75 114
63 70
32 175
69 171
95 140
117 191
154 171
27 100
36 139
87 119
89 153
162 170
111 125
59 107
26 167
158 198
38 125
63 79
59 130
27 125
46 124
104 131
36 178
42 89
67 83
127 181
55 103
20 59
47 142
29 36
11 82
57 171
59 155
125 193
112 122
130 162
86 153
14 170
34 115
0 15
3 10
23 87
14 85
3 155
166 176
39 119
63 125
56 133
5 52
12 42
160 163
106 157
55 196
86 144
14 173
72 148
17 194
1 136
41 196
50 157
53 176
94 153
22 31
37 39
132 176
155 164
66 172
183 185
62 128
120 135
159 176
163 181
55 165
94 128
27 89
20 104
41 165
155 189
0 20
92 93
37 177
1 154
138 174
91 194
26 53
142 146
72 96
58 63
62 80
119 129
54 163
40 195
136 161
63 179
14 134
17 181
38 56
26 141
134 154
45 170
84 123
22 177
50 134
52 166
7 131
31 178
33 183
18 165
25 109
63 184
72 176
90 105
98 104
160 198
40 177
41 152
23 24
63 161
157 188
90 193
42 185
43 61
64 70
51 141
73 152
7 96
10 196
89 169
60 171
63 174
10 38
139 195
49 65
17 152
111 178
11 13
32 118
69 196
33 120
21 92
7 89
83 88
16 111
126 158
37 124
35 170
10 33
141 159
23 159
51 155
87 162
54 100
99 167
47 79
94 110
24 38
137 156
112 185
45 118
65 162
83 191
140 193
14 101
40 53
3 75
73 179
58 114
104 161
17 97
80 186
62 126
70 121
35 41
45 128
54 118
149 162
98 148
176 192
64 155
91 108
114 135
25 91
23 53
63 194
1 194
118 187
9 130
122 182
1 115
2 99
94 176
104 175
105 176
127 153
91 101
45 97
49 102
50 108
32 58
116 138
122 177
69 161
34 133
149 180
98 166
46 115
38 153
20 71
133 187
125 166
91 122
71 112
109 189
32 160
153 199
117 190
46 122
29 194
88 119
56 96
42 95
5 105
136 152
82 182
66 73
31 115
108 153
3 31
141 181
74 104
48 72
29 42
100 193
46 125
123 160
51 114
125 199
56 103
76 90
92 122
13 99
39 121
9 190
30 179
151 191
156 170
11 162
30 194
12 131
34 112
55 127
96 116
41 194
116 127
85 94
33 72
71 95
113 173
30 186
53 182
92 151
129 155
148 161
119 181
106 154
37 61
55 199
136 141
158 169
90 146
22 173
152 188
104 106
11 67
47 159
69 142
148 168
78 169
29 166
13 172
17 41
35 131
24 101
155 167
67 73
183 184
8 78
45 183
159 179
22 23
156 183
35 136
109 113
66 164
31 92
134 160
85 105
50 61
140 191
74 183
43 102
28 159
105 110
73 117
56 155
148 190
5 46
6 180
31 69
114 198
33 84
1 3
57 94
11 118
93 99
94 115
62 88
10 162
11 199
51 92
157 162
50 92
14 142
107 149
17 173
74 86
40 90
120 157
47 194
70 170
9 196
30 153
70 197
73 103
4 134
98 105
6 166
29 138
130 153
49 79
13 33
91 187
97 144
73 159
165 188
46 74
69 107
71 198
55 136
93 117
2 52
22 51
31 163
112 140
66 136
31 48
15 193
91 176
115 195
116 168
51 149
12 101
56 183
94 100
89 177
19 154
21 130
10 46
13 83
23 158
16 103
36 106
62 116
66 107
108 191
18 134
81 91
110 158
20 130
186 189
44 179
29 76
122 165
53 70
1 96
39 55
115 126
7 78
75 182
62 127
154 196
66 98
103 171
123 127
89 131
14 194
19 168
60 177
157 159
141 144
108 197
93 183
38 87
3 192
79 117
44 57
17 89
126 176
2 24
130 197
103 160
35 64
56 59
54 145
60 72
4 74
29 94
54 78
57 141
47 101
106 188
124 179
75 164
42 106
105 183
89 141
34 109
85 185
88 136
91 149
95 112
116 139
129 190
79 123
13 142
56 90
42 85
6 119
20 55
3 25
70 99
20 166
7 29
29 80
69 169
16 43
142 170
53 90
95 142
149 188
106 174
20 79
77 170
180 194
111 127
143 176
71 104
8 34
7 26
11 95
57 160
119 166
71 142
54 194
38 136
80 158
10 108
125 183
20 197
60 108
147 186
98 193
16 25
142 180
73 88
148 155
151 190
117 143
9 14
47 121
174 190
80 149
139 178
34 113
127 188
40 120
22 171
146 194
57 178
4 164
79 95
151 183
150 190
6 83
15 158
4 28
5 170
100 104
27 66
31 193
179 191
20 99
24 102
150 177
6 74
82 155
135 167
67 72
0 31
183 187
2 190
76 153
46 47
11 123
54 63
2 81
129 148
4 170
51 81
52 65
54 174
60 129
144 172
55 69
140 184
14 44
116 196
68 103
34 179
37 70
75 159
27 80
172 197
103 144
15 68
18 168
41 172
155 180
23 117
92 197
96 128
21 79
44 96
173 185
124 131
55 181
75 148
2 35
94 112
167 177
34 61
35 185
52 87
185 191
76 109
161 166
122 142
140 174
32 122
163 170
22 78
101 154
46 64
50 191
37 72
136 194
29 137
112 150
132 150
43 174
24 66
68 190
111 183
43 63
8 107
28 118
29 96
33 101
145 182
170 182
44 86
73 111
93 116
29 130
14 153
11 15
51 148
70 165
2 157
44 77
121 147
47 64
16 97
75 187
118 127
34 70
35 172
40 161
141 157
164 194
189 198
8 25
28 68
122 155
14 19
57 121
47 73
123 136
128 151
78 159
3 60
114 147
24 87
0 192
48 183
73 177
79 111
46 92
55 150
5 115
66 99
123 126
87 108
132 138
25 80
13 68
116 134
145 146
129 163
57 139
79 116
44 58
46 103
47 95
12 19
34 83
127 146
112 169
90 170
118 185
152 195
33 139
46 151
50 106
4 193
81 164
117 179
27 96
29 199
106 164
13 141
10 123
30 126
114 183
18 122
3 169
22 135
5 181
92 132
129 182
59 142
88 121
16 187
15 29
56 98
20 72
12 143
89 158
55 107
138 142
109 180
5 190
16 35
148 157
78 90
51 116
132 198
133 171
82 175
30 104
86 133
12 134
181 196
92 116
0 11
114 169
26 173
64 104
65 158
33 38
148 164
81 143
9 13
10 133
47 120
35 151
56 112
14 169
62 149
146 176
22 168
25 175
7 11
119 183
29 171
19 109
86 151
164 178
183 189
14 35
99 153
48 127
29 51
30 163
33 48
78 175
126 198
14 187
111 146
46 189
14 42
71 79
3 138
169 195
73 114
106 138
37 45
130 138
63 183
89 195
97 131
28 106
96 138
5 155
2 41
127 194
18 169
175 184
72 140
55 93
38 63
43 192
45 167
159 163
170 197
55 180
94 113
31 191
49 84
107 151
8 101
62 184
28 120
122 143
70 168
73 148
90 116
0 148
2 136
163 173
47 189
103 129
18 155
112 151
61 194
66 143
49 77
107 140
18 42
163 197
39 181
11 102
50 183
51 63
16 107
64 178
9 92
125 141
3 49
60 166
132 158
188 194
65 70
67 189
25 158
27 142
101 139
191 196
12 103
126 157
55 131
75 186
41 126
64 137
114 153
41 143
77 99
6 33
35 60
18 28
4 95
14 16
58 118
119 127
105 194
20 29
114 144
81 89
82 105
102 108
87 199
72 175
39 160
28 92
78 116
14 192
3 36
68 147
14 115
90 160
120 194
78 127
8 151
13 154
61 142
103 162
21 155
79 149
4 52
23 167
28 82
67 153
106 186
17 80
75 166
24 62
42 104
88 138
39 79
116 149
4 194
7 183
83 126
29 198
13 140
77 175
80 162
67 105
12 145
20 49
59 86
50 98
80 123
44 145
29 46
122 199
53 88
54 94
94 161
22 119
26 122
27 120
46 121
103 120
78 195
82 181
67 110
18 114
109 179
20 175
4 33
23 178
44 136
11 81
16 36
129 142
42 69
66 95
181 195
55 99
84 100
88 159
143 187
75 100
93 146
80 105
99 106
48 66
30 182
73 94
2 66
129 135
8 186
104 142
36 165
135 179
139 180
158 165
24 137
134 178
49 135
33 77
141 164
74 153
25 174
9 164
28 141
34 164
142 189
77 194
151 177
79 89
0 107
77 83
66 81
144 176
0 26
55 113
3 119
26 188
129 145
153 160
9 62
10 180
34 46
17 191
3 124
42 193
71 78
21 59
105 106
68 122
2 47
103 149
130 139
136 190
144 174
67 192
159 165
68 97
72 100
36 74
148 185
172 199
27 82
10 166
20 115
58 170
83 158
12 162
134 158
48 150
11 26
0 158
43 80
11 107
16 126
56 165
75 150
58 194
153 187
62 95
61 87
0 119
18 161
130 157
132 169
85 151
161 164
64 67
87 147
7 103
17 121
2 56
100 157
103 128
35 160
41 156
6 52
14 148
44 193
120 167
29 126
170 180
16 108
55 133
93 114
5 6
6 156
83 196
84 190
161 197
89 173
43 153
81 110
23 45
17 156
164 197
40 75
32 138
145 173
166 197
69 81
56 186
118 125
103 182
19 159
21 143
25 68
141 155
48 178
39 59
149 156
167 198
26 28
11 151
104 190
126 133
35 198
129 192
42 124
80 199
62 123
47 56
125 158
112 189
102 109
66 153
107 114
165 195
40 57
120 188
32 152
53 67
98 153
11 140
139 157
31 155
40 145
3 39
24 160
79 143
46 139
31 40
129 161
96 188
7 64
69 76
126 183
71 167
2 23
77 188
41 80
139 146
133 198
82 88
32 39
13 123
109 199
38 77
23 166
16 48
90 91
73 161
96 179
152 197
81 161
117 168
46 108
71 156
10 126
66 115
24 174
141 191
2 199
116 150
8 55
23 191
72 84
57 155
129 179
33 130
36 137
12 146
35 115
23 71
68 137
14 69
147 177
95 122
118 137
63 77
41 58
149 185
117 186
10 145
46 126
123 175
17 65
20 74
130 173
105 166
55 101
70 89
143 189
113 183
39 124
98 197
118 128
34 147
149 194
8 180
119 163
47 125
77 160
82 173
45 72
70 80
71 98
53 56
1 34
21 47
22 151
3 153
34 170
174 189
103 105
108 116
37 48
20 88
130 191
10 18
49 53
105 144
85 90
70 75
99 146
63 120
8 162
15 106
19 111
58 158
42 52
72 153
39 154
120 133
84 107
66 193
14 33
71 80
26 44
118 149
63 97
54 59
150 197
156 180
42 63
150 180
136 184
63 136
49 176
32 104
50 62
33 94
159 191
14 40
146 160
47 160
56 152
37 90
36 76
94 133
102 197
33 184
0 122
63 177
13 50
161 169
111 165
60 115
26 143
120 147
96 140
44 100
30 147
69 124
5 42
103 141
18 167
105 140
11 29
140 178
109 136
74 186
1 7
170 195
9 199
173 182
70 198
56 166
172 191
103 138
43 170
63 167
13 36
14 146
38 52
96 154
31 166
19 144
43 163
81 116
40 69
116 173
74 172
1 17
95 187
10 193
83 86
55 132
97 118
27 56
83 199
104 192
6 44
45 127
83 180
107 135
18 35
39 172
4 82
44 185
14 15
99 165
121 144
54 128
112 135
35 62
38 89
111 198
42 148
53 121
94 192
99 170
60 199
80 184
178 182
31 157
34 92
35 86
21 151
25 76
85 170
141 147
18 21
113 145
49 199
129 175
2 106
95 150
81 182
7 74
32 33
88 190
116 129
118 165
48 161
122 168
53 75
21 114
126 180
71 166
19 68
75 163
80 182
137 177
139 149
39 195
43 132
70 117
91 144
3 188
42 129
28 172
11 44
92 177
121 172
51 98
56 87
77 180
64 151
155 192
105 187
108 160
23 73
48 192
50 105
0 168
2 119
131 178
27 101
9 31
10 151
47 110
33 129
131 195
136 150
158 182
86 142
180 199
96 100
60 90
