nnodes nedges type
200 1500 graph
nodename posx posy weight
0 5.474574619289548 -6.112480626060413 30
1 5.530445614561778 -3.0400642140996728 81
2 6.738656686832431 -4.830152481199127 16
3 6.700785831788716 -5.2655594062499596 29
4 6.265130801852547 -5.75653113968554 81
5 6.6636038082064015 -3.6158436223208157 15
6 4.385136107191846 -3.281987743052623 17
7 6.961851151000469 -4.859764207609715 52
8 5.126581181580921 -5.6494525496379255 64
9 4.669077410101526 -2.795097362047806 53
10 3.6384576514243667 -4.415455680160036 74
11 6.8932290134621175 -5.156581164469383 30
12 5.3507412565649926 -4.381938892427567 15
13 5.132969972360995 -3.960528895840747 25
14 4.519894973006783 -4.881565598735201 15
15 5.496938383798408 -5.966030110579554 75
16 6.853541121206674 -4.603734058143761 8
17 5.673714336895772 -3.522709108812336 56
18 6.107002009264098 -4.1795240070945745 4
19 4.642365722567385 -4.412047409996038 75
20 3.9610325760235 -4.254077942381074 99
21 5.670627422964464 -3.7735433391187576 15
22 5.255421261919277 -5.9947667972537415 55
23 7.14175996308524 -4.408661318913171 30
24 5.174498323040571 -4.621713312608762 25
25 7.3253044663174425 -4.090688326734739 45
26 5.564835472457103 -4.313829401092737 87
27 6.722197706814109 -4.567282845041621 54
28 3.778643817404063 -4.771653008601586 99
29 5.372789791817638 -3.567017232739369 7
30 5.904228369579805 -2.5824087686429977 19
31 5.959487768264986 -4.856064829828895 17
32 4.721165282068006 -6.165058756116114 34
33 5.13670700058473 -3.1457613695228233 66
34 5.562583767060247 -4.083167061024302 47
35 5.867492800477631 -5.5950541840354155 49
36 5.290480834682726 -6.1498057752522115 98
37 5.5209440453457095 -4.499325191011984 49
38 7.50147051627402 -5.126833435456534 60
39 5.6439128638286995 -3.302499982731205 23
40 6.980339125206992 -4.322282648007511 85
41 6.2907188687885185 -6.511352367204074 91
42 5.652360711056913 -4.977576554178515 50
43 5.810116144698515 -3.221061187913041 73
44 7.2740721941614765 -5.091059121176514 55
45 7.135148228955479 -5.274159456101478 99
46 6.286524294062695 -4.5895020298099105 65
47 6.084975483128306 -5.9628439063865395 75
48 5.064271120766443 -3.574982429469568 45
49 4.420964510929818 -5.6758866426637 41
50 7.038089012753109 -3.828111571443199 97
51 6.978651889157147 -4.086467077948501 80
52 4.956705139297065 -4.960893309938957 71
53 6.556901197780922 -4.104706133140074 70
54 6.2988090838470985 -5.247220004623266 44
55 6.4463422457045665 -3.2411731221093283 59
56 4.871504120467857 -4.532633219156431 78
57 6.86899706216754 -3.386337138325553 25
58 4.968190778054146 -4.361445733136138 71
59 6.560203568269155 -2.914150949704005 44
60 5.4494523444318475 -5.477176795535785 50
61 5.302112213352168 -5.241963610941294 67
62 7.1776490457817745 -5.994594209799595 42
63 4.094252503932138 -4.5585280226667315 63
64 4.9836051561240975 -5.7235502380094045 95
65 6.290276168837626 -2.798115051025815 48
66 5.355426146263808 -3.8717505962925793 42
67 6.3492025182304745 -3.7175544172505206 20
68 5.557893991861966 -4.637160668547902 75
69 7.373174513012028 -4.84602167014045 60
70 7.755324642594371 -4.749359426027991 38
71 7.505652525299047 -5.487870987866466 16
72 5.901961863559349 -3.238415044156736 37
73 4.7164081592714275 -4.625958494771935 20
74 5.4218518574270815 -4.187440072269249 15
75 5.854024118748651 -5.269108726933168 38
76 5.638892568391937 -6.263011235353743 12
77 7.102444761788604 -3.4121501715361364 89
78 6.291943516740653 -4.455140395391799 49
79 4.583458013793816 -5.409734540816809 8
80 4.328294394405962 -3.74864955452327 78
81 4.582975623599007 -5.070580235106736 45
82 4.05472318091121 -4.695968826389057 30
83 5.29519249899543 -2.929989097625502 93
84 5.922244054769871 -2.9180824229007634 22
85 5.316933739773462 -3.4563203951947368 83
86 6.212009809572618 -5.108446038000747 68
87 4.526381928729013 -3.574891503555622 98
88 5.321274265690052 -3.1691353252970704 81
89 4.297734006379747 -5.097601897375192 2
90 5.736624825511939 -6.167831101261458 87
91 6.4904733152351275 -4.377952280417666 3
92 6.592576776438542 -5.353495094548005 50
93 5.137425854330898 -5.228199869772061 67
94 7.225741786359362 -5.165220495044751 80
95 5.961050790346224 -4.455780050043133 54
96 6.662529499736313 -4.2481812645017385 40
97 5.9971756308741115 -3.5276747703715907 66
98 5.0324915267833426 -3.405238699578653 69
99 5.409437667450115 -4.992041456428321 98
100 6.324509513195688 -5.540139940759175 99
101 3.838885700920193 -5.329272182283981 100
102 5.680734515317895 -5.440481149066306 76
103 5.039477852806446 -6.081281327072508 11
104 7.330890997475316 -4.365030070319557 33
105 4.0862842879348396 -3.764055801542134 82
106 5.279659027912227 -3.768575552305614 41
107 5.894736869791132 -3.8922280346228773 77
108 6.56913427050346 -5.576385094185054 68
109 5.023013903869945 -5.411684634498471 96
110 5.394159349784917 -2.6869615604304298 47
111 4.34287172594985 -5.3895079737249105 72
112 6.2791691457599805 -4.241939308054004 17
113 6.3632612249365925 -6.109587563534339 9
114 6.310495085467038 -3.255302634042239 81
115 5.780562944889548 -4.453892003564862 78
116 6.180157686389474 -3.669528302587477 51
117 6.237579179106207 -5.498206706042082 42
118 4.062280570120651 -5.011668535282596 30
119 6.770001992692168 -5.047658890111389 90
120 5.156897471713425 -5.8523790864058425 4
121 4.574541188174044 -5.262998181159359 44
122 5.532746989775728 -3.813726684963557 36
123 6.44461888844035 -5.063270533662311 40
124 7.399854778182933 -3.8900448002056836 17
125 5.112943011337345 -4.2050293221708746 46
126 5.335828211831938 -5.826814793647193 99
127 4.277432434200115 -4.8708751082728865 78
128 7.270471300553495 -3.628302460889953 64
129 6.944155222354814 -5.547481358131975 34
130 5.601098707952502 -5.84942556151438 39
131 5.878013889158273 -6.293158131838228 5
132 4.5309826293061874 -5.846100615667634 94
133 5.0230636511626745 -4.710754715065402 97
134 6.651942316284608 -5.711786613745233 18
135 6.02783210750563 -5.54428526287796 79
136 7.02512184055582 -5.3771075844663665 93
137 4.796107136520135 -5.579652608981754 72
138 5.074925564629516 -4.850515988143727 54
139 7.290554958048906 -4.689021161840216 46
140 6.748695328108274 -6.180547591497984 2
141 4.670109029618665 -4.73971634721429 97
142 6.225756689797905 -3.129120250195928 91
143 7.100983533731907 -4.5283948863019585 39
144 7.269458923891399 -4.258232719633192 43
145 4.179603825674465 -4.231986145515613 25
146 7.669007305976402 -4.603715661061972 78
147 4.831488413114593 -3.1186252247026705 44
148 6.496050420152798 -3.9343767650528014 99
149 4.5579416337706675 -4.154192226207481 80
150 6.740404206253591 -3.7747917770268398 31
151 5.901205650239142 -4.694846760974941 17
152 4.35372649405253 -4.5243910667311695 5
153 5.7738800234228105 -5.050349589703292 25
154 5.965023546644214 -6.102874456995517 68
155 6.247876917219773 -4.878579614727412 4
156 4.207272402452713 -3.472780822382309 99
157 4.70735117784366 -3.7117505585389314 43
158 6.91334137256698 -6.022546388262307 30
159 4.7768758973346985 -5.823255231597767 55
160 5.275331574145197 -5.048584302031446 58
161 4.924798463357252 -4.163821184292606 9
162 6.820708979772391 -3.1404860230381377 61
163 4.7034254648452025 -3.82280355081748 88
164 4.140930463853539 -4.3784114136280365 36
165 4.656586772917083 -3.5820479060271557 88
166 5.7693044906286906 -5.881395808051068 36
167 4.84309350947899 -3.453990664609069 98
168 6.325082488384849 -6.003004775267655 55
169 6.455654065091376 -3.4619272568380715 27
170 5.65687085428024 -3.096823717627393 23
171 4.7022697397445405 -5.432305555770256 97
172 5.413059424035949 -3.285906912623987 24
173 5.334439414953297 -5.594019740232631 9
174 4.834926883083989 -3.663610397473404 65
175 4.82265637014669 -4.3082410002169 46
176 5.982110249606946 -4.3046456260124355 21
177 4.9243537416052146 -3.1138649184375478 19
178 4.302741904953094 -4.130631795155906 23
179 6.090650099831346 -5.303509381447322 47
180 5.7446808252829005 -3.7681600948488354 35
181 6.638771259214264 -5.8697691479698575 12
182 6.847210783215065 -3.950870300593358 27
183 7.141834995054469 -4.72793505908428 30
184 4.3590698539518735 -4.727097652633579 2
185 6.012660674466822 -5.833547553403341 1
186 6.837385305642364 -3.6367859248779606 91
187 6.940107169546335 -4.248238624495854 67
188 4.734089068043864 -5.150189383111008 80
189 5.957677592405063 -4.085875185137384 74
190 6.724115100868597 -3.00105286651422 38
191 7.041472453329513 -5.735887085365154 15
192 4.586847084876386 -3.994615364749188 9
193 6.409067341857176 -4.944539179403735 20
194 4.87277721373227 -5.467903867568093 13
195 5.5766383841918135 -5.237925377692853 71
196 6.048974213356892 -3.3911820725828177 88
197 6.658368421688255 -3.446327597315059 78
198 6.149748678111286 -3.872427044926675 100
199 5.493241115756795 -4.787025555989363 63
endpoint1 endpoint2
131 187
149 184
78 86
106 170
5 84
63 151
137 164
114 173
8 87
45 78
143 188
98 194
67 142
16 38
92 158
79 85
26 67
16 181
52 105
20 82
42 67
158 160
125 179
0 14
92 119
55 125
84 102
159 195
95 107
22 148
152 179
99 108
53 168
128 172
148 167
4 185
151 186
71 131
37 63
20 89
33 67
21 55
171 189
29 55
57 182
150 195
123 181
126 194
112 119
38 190
42 53
6 87
105 152
17 196
134 171
89 103
90 159
148 198
4 24
80 89
22 166
129 151
61 74
82 151
138 161
85 107
71 72
74 137
39 99
46 51
73 119
56 153
27 95
9 37
17 37
37 42
130 137
66 161
17 182
37 187
109 142
0 153
96 141
116 192
68 99
142 148
22 35
18 55
85 125
87 148
163 169
21 75
117 199
173 181
95 197
22 58
78 135
172 184
15 73
116 167
134 151
145 177
57 106
58 88
21 84
152 157
121 133
73 106
37 116
19 34
97 124
9 88
100 159
19 147
112 138
43 162
63 175
83 174
102 126
101 120
14 154
3 90
44 195
32 117
1 16
166 192
7 94
75 134
78 145
9 65
10 81
97 172
122 156
33 114
96 169
95 163
191 193
178 188
34 66
21 141
66 156
31 36
122 167
29 78
76 175
47 85
16 92
17 98
123 125
125 156
19 166
20 24
21 150
46 134
50 125
118 163
45 129
32 154
74 198
149 163
26 101
88 97
75 173
62 96
65 189
63 80
11 54
67 149
74 193
95 158
151 152
106 190
13 151
56 81
67 124
34 111
15 179
19 180
74 121
39 83
23 160
190 197
36 61
57 144
117 182
99 192
46 114
121 179
106 185
19 76
21 161
3 23
24 176
25 38
88 141
115 171
118 180
48 80
28 164
72 86
75 195
2 116
121 180
47 105
29 195
52 100
19 85
5 106
162 170
0 49
111 125
26 167
0 160
75 107
29 43
149 199
117 184
5 83
133 174
86 134
34 120
181 199
1 190
84 88
18 113
93 150
38 116
113 181
3 146
48 78
16 39
19 99
58 138
37 134
45 70
120 121
74 157
20 177
3 155
115 190
44 130
99 111
7 14
36 81
79 93
26 75
27 75
117 138
81 131
56 116
5 69
79 194
108 133
3 115
65 107
32 92
90 149
0 181
38 102
12 82
105 125
59 169
119 179
52 120
37 39
38 191
58 156
41 188
136 179
12 176
60 127
120 135
109 155
57 77
30 167
29 160
35 137
18 179
31 93
13 55
18 194
164 165
3 97
60 118
26 130
85 106
73 118
148 189
84 165
30 57
51 84
18 170
135 155
86 165
89 199
111 167
4 120
8 123
51 191
64 161
77 123
10 52
72 176
164 171
49 160
165 180
99 176
68 107
52 173
2 60
98 104
136 192
30 43
50 86
86 183
17 167
187 198
122 139
87 172
56 192
99 185
121 132
12 109
93 118
75 128
4 140
5 26
78 143
62 69
137 146
41 129
101 103
68 187
91 177
23 134
43 50
32 118
51 146
69 196
90 123
96 147
61 102
62 76
19 155
112 130
6 34
79 189
72 165
18 33
116 182
120 177
67 161
2 150
165 175
170 186
7 86
83 97
77 142
5 12
64 141
84 192
31 150
85 175
50 67
140 193
14 101
72 172
143 197
17 97
85 199
67 113
89 188
46 135
66 148
35 41
93 184
113 151
67 175
14 31
2 104
27 144
56 75
64 155
100 188
0 45
40 148
28 32
50 117
25 196
63 83
48 163
28 87
29 95
2 99
21 112
149 171
16 75
34 108
112 174
40 155
82 87
14 126
96 199
115 165
11 46
117 181
26 116
121 178
51 100
33 142
126 189
27 31
25 37
75 117
22 129
44 150
69 170
36 37
54 91
75 194
47 104
66 73
92 99
21 169
114 176
0 161
74 104
18 119
28 188
67 139
142 172
73 80
151 166
10 156
11 173
56 103
135 185
156 194
139 186
49 56
125 184
25 55
8 89
45 76
32 79
70 92
1 46
98 192
152 174
12 93
160 173
108 120
54 196
37 52
132 195
31 97
108 143
111 130
33 72
1 80
59 147
30 197
35 154
112 193
21 196
120 129
21 53
63 101
29 53
26 83
58 157
42 51
5 77
182 193
187 189
45 183
121 126
1 49
43 97
63 98
34 187
72 122
148 183
153 164
109 113
55 74
40 108
46 198
138 175
143 146
57 85
169 198
45 193
105 110
124 139
148 190
4 144
7 133
33 189
34 37
37 40
25 107
63 178
161 174
91 173
33 84
89 119
51 190
2 179
30 150
68 109
73 126
29 177
11 199
31 189
51 92
34 60
52 86
130 158
66 182
72 177
23 115
134 146
18 68
21 73
22 73
7 106
46 67
59 180
4 134
64 185
136 193
16 129
0 75
130 153
13 33
29 97
12 110
41 119
5 25
58 184
83 176
97 169
83 91
126 159
94 100
64 183
27 61
21 130
101 111
91 137
42 168
44 180
87 189
57 122
79 103
99 166
11 146
47 78
128 150
5 11
9 72
29 149
54 135
45 117
18 25
186 189
4 68
118 174
69 181
58 115
114 116
149 152
95 170
81 178
46 95
104 162
42 120
59 65
79 130
65 186
66 149
118 161
149 161
26 99
126 176
137 141
125 147
65 179
85 176
90 173
42 133
8 13
7 47
50 197
2 96
26 106
121 168
24 60
64 147
92 110
1 169
133 194
109 195
75 127
40 43
42 140
48 91
81 165
8 131
17 75
35 78
1 162
3 25
59 84
68 142
39 74
118 138
122 185
72 88
46 123
178 198
15 18
31 114
34 127
108 154
32 73
18 116
48 73
27 127
12 54
67 85
105 170
127 183
3 7
32 64
159 199
166 191
47 136
12 94
69 155
34 175
142 180
148 155
103 108
12 188
162 186
40 120
96 117
60 107
84 97
2 172
3 157
23 198
25 168
29 59
105 122
78 167
79 95
81 129
174 193
108 112
77 85
66 83
102 167
107 168
72 150
17 192
127 165
159 181
74 130
104 107
47 158
50 155
4 163
78 174
8 166
29 165
18 182
42 48
72 157
26 185
144 196
63 109
34 184
6 178
109 112
61 184
155 191
31 95
17 178
4 115
26 128
70 185
1 9
74 180
80 83
30 172
33 195
73 116
2 40
97 110
167 184
103 144
33 188
52 72
24 116
66 188
72 139
42 181
177 190
56 163
36 119
2 35
54 184
76 109
43 169
79 160
85 137
17 172
37 161
55 91
8 100
85 122
53 97
165 178
168 191
173 178
56 170
37 72
61 82
156 157
34 52
76 100
116 162
23 139
134 138
45 154
122 137
32 113
56 194
68 92
55 139
37 194
40 186
58 185
73 135
57 112
96 149
44 77
104 181
47 64
12 102
29 155
25 70
86 199
28 68
53 124
191 194
123 136
128 151
60 196
9 79
27 53
0 81
54 132
21 138
50 65
88 180
91 129
182 183
93 189
111 194
4 69
11 61
73 177
58 112
149 167
37 108
80 188
86 102
19 171
82 99
40 62
11 50
69 189
74 197
22 109
13 155
2 25
77 190
62 103
86 121
65 178
138 149
68 153
107 110
7 46
34 136
95 155
27 107
7 191
121 175
52 145
87 98
24 172
38 70
26 195
81 164
177 198
88 114
42 82
80 161
86 139
46 158
48 196
22 135
23 186
28 167
69 168
129 182
153 197
11 182
56 98
58 135
136 154
105 160
31 125
30 97
125 189
0 52
92 125
37 145
114 174
60 86
24 186
70 91
146 190
93 154
20 174
100 124
27 193
98 182
151 160
84 133
123 162
63 147
15 139
40 114
23 91
71 96
22 145
99 107
34 172
78 93
151 185
52 117
35 151
17 61
42 79
92 115
138 176
109 166
74 152
23 193
63 126
131 173
51 66
20 101
130 184
60 140
86 151
127 164
47 153
125 127
59 170
26 81
29 164
12 179
88 196
144 182
183 186
39 145
23 102
62 135
120 138
84 112
87 133
109 152
43 99
2 46
35 138
181 183
38 181
66 162
12 170
31 94
55 68
22 194
33 81
26 48
99 135
153 179
112 153
43 179
135 148
89 196
14 133
22 197
42 178
145 187
52 161
53 136
93 97
94 113
4 153
176 184
16 140
15 76
20 121
18 51
42 189
43 57
64 66
1 26
2 136
76 135
21 87
74 167
152 154
11 97
6 164
81 118
66 143
102 123
13 95
144 146
120 166
29 127
57 110
126 154
41 117
97 112
78 146
13 199
31 173
60 166
6 46
15 195
17 157
164 196
75 92
69 193
57 119
78 106
25 158
15 42
10 93
87 89
18 141
132 133
45 122
13 81
24 192
67 162
94 194
95 175
83 98
46 90
123 139
50 169
36 148
80 198
61 124
98 112
102 157
108 185
25 78
82 105
17 143
110 156
76 171
78 116
81 176
83 107
46 93
124 191
15 56
2 31
24 48
100 176
85 196
139 154
86 103
6 19
46 138
31 41
149 175
94 95
133 182
100 191
89 138
39 193
133 199
14 122
90 171
1 199
74 122
190 198
70 134
54 76
92 183
104 146
126 185
2 17
5 100
31 142
92 104
6 13
28 58
109 193
147 169
75 113
115 166
44 154
8 54
106 165
52 153
20 66
131 193
136 148
37 151
3 27
158 195
143 181
20 160
39 68
95 123
29 46
47 132
51 193
53 88
129 181
131 185
26 122
88 122
126 171
56 99
86 131
34 125
20 56
114 175
46 166
141 178
183 198
38 113
115 180
98 196
22 159
29 39
53 161
129 142
57 166
104 135
71 136
20 80
137 175
10 106
13 15
37 153
40 115
140 150
88 159
14 86
90 143
141 171
7 13
7 162
35 103
0 3
147 197
4 23
118 157
11 79
4 166
12 38
106 153
51 69
24 97
136 176
66 81
17 198
59 114
45 187
193 195
54 58
36 68
8 168
84 147
35 132
109 117
136 183
107 163
42 193
26 135
14 43
2 188
3 141
142 143
53 133
54 61
5 34
26 89
18 175
54 172
19 122
66 163
12 171
107 152
91 169
37 189
58 72
34 177
128 182
93 103
52 74
35 178
0 112
20 115
58 170
138 194
1 151
120 153
48 150
65 114
50 51
22 181
27 186
28 145
48 101
30 149
56 165
19 27
58 194
10 161
34 59
35 187
18 161
49 75
90 194
37 175
111 168
187 197
43 56
26 144
120 160
48 141
141 193
70 169
73 155
27 179
121 135
50 189
16 117
53 144
62 70
19 145
24 68
61 193
31 52
116 172
21 95
170 180
17 114
94 96
64 179
176 183
34 77
35 169
15 93
157 177
50 77
68 167
107 132
8 20
51 150
87 161
56 186
31 149
141 155
189 196
92 171
115 122
99 171
27 55
100 138
60 181
165 195
20 141
14 24
53 67
119 198
46 98
19 60
154 195
102 149
103 164
87 110
15 168
82 97
45 107
66 144
3 180
4 78
23 169
118 164
11 52
32 159
16 57
117 175
27 148
139 146
89 137
127 156
138 147
68 155
71 126
109 199
74 123
115 160
54 77
98 171
8 159
19 74
12 155
112 162
49 154
91 150
93 134
40 46
113 133
32 173
73 170
92 143
11 179
124 197
51 104
77 174
42 80
155 198
1 167
96 99
71 108
118 137
104 114
54 95
2 113
151 165
154 180
46 126
104 129
16 189
126 168
71 146
56 100
76 95
42 91
96 122
84 94
88 153
74 148
80 115
152 171
7 23
47 140
67 143
142 176
149 194
47 125
16 180
35 144
17 58
36 191
19 97
61 145
49 60
16 195
162 190
24 131
25 59
60 111
51 161
90 140
4 41
80 106
8 44
48 67
2 67
106 159
108 116
71 128
49 53
144 186
108 139
0 4
39 157
59 124
8 68
62 155
45 65
141 163
109 164
57 70
21 40
43 119
100 108
69 129
12 39
15 106
109 123
17 52
38 185
42 52
63 131
83 138
59 117
66 193
32 81
14 33
87 142
80 88
28 133
53 187
8 169
156 180
102 194
30 48
42 63
61 188
135 160
83 147
30 67
169 176
24 152
23 96
64 127
28 109
21 58
55 160
5 33
78 180
151 198
119 135
13 161
160 182
52 76
196 199
66 160
17 183
91 168
24 159
64 118
18 78
1 14
94 140
5 42
16 151
35 181
18 167
184 195
76 113
58 171
13 43
91 161
89 123
52 163
94 119
22 37
153 186
9 80
41 154
24 126
79 173
13 36
90 195
37 174
163 175
177 180
68 80
56 173
61 111
103 131
52 89
132 145
43 163
101 121
68 185
106 116
18 40
111 176
169 172
74 172
95 187
99 188
15 47
75 135
4 137
78 144
172 173
13 197
112 128
40 189
43 152
81 109
88 169
164 198
3 64
42 173
23 157
64 82
101 137
191 198
35 192
19 49
75 188
94 104
125 132
112 135
6 39
18 26
186 190
44 176
7 60
165 170
115 125
78 115
124 162
5 119
61 122
100 139
103 174
31 157
125 157
21 151
24 90
81 95
49 118
39 162
42 159
29 72
95 150
130 198
24 50
61 115
31 154
52 61
34 87
125 150
66 145
88 190
147 157
4 79
42 134
7 50
48 161
16 58
44 53
176 197
52 149
36 132
133 180
102 141
12 157
86 124
105 178
127 159
40 153
39 195
25 94
82 89
36 60
21 123
121 172
36 131
77 180
100 160
110 196
112 163
74 99
48 95
122 186
67 128
151 175
12 60
13 138
106 163
6 107
107 192
34 96
23 70
