nnodes nedges type
200 1500 graph
nodename posx posy weight
0 4.441047269565468 0.29033327936211867 98
1 5.192158431752087 1.0044457702201484 94
2 2.6599113427979377 0.24480207702171672 34
3 4.0785268668758725 2.7501406013238534 20
4 4.501516878751049 2.181635025969164 89
5 2.3530764325037565 2.4724204842517734 74
6 2.014813984229606 1.3517102455553118 73
7 3.985325114973674 0.2864806716308492 83
8 3.6189272293625363 1.0618434199427031 46
9 2.729249684485329 2.799846754355647 35
10 3.276056832344733 2.061073119193215 18
11 4.359946243097724 0.5256843828301409 15
12 2.5718503466509293 0.47181159901770325 67
13 4.618577773379649 2.9972903286356085 46
14 4.476453368112337 2.0135231588758877 1
15 2.1175509260200744 0.8856888489252589 38
16 3.9198127900381166 0.9484122451210613 86
17 3.595946702573909 -0.14646412812456158 41
18 3.0180146573226736 0.8358749093752943 66
19 3.1727617677975735 1.8810532375980233 40
20 3.5069993997960616 2.04122039322554 86
21 3.6040523595570173 0.4785054319980397 44
22 3.955088294868935 1.911495467202272 90
23 2.2955859174366107 0.4298988552963904 87
24 2.490916072042824 0.7679039915070371 19
25 2.1828481910364834 0.6301639559381692 10
26 3.9500930583945104 -0.3343338388457884 84
27 2.6517817118107234 0.0637292107048679 17
28 4.638490311603765 0.9671778801530121 72
29 2.4365557659358013 0.5735205948653275 22
30 3.2612662873934397 2.8037488181439723 5
31 3.767066628455649 0.7337167008550972 70
32 4.123542616437541 0.7132206990511853 18
33 2.831541334621662 1.8091214346951645 87
34 3.5534928950392595 1.6420552357122722 58
35 3.099191692511945 1.7504342076468538 90
36 3.9901546407120216 1.1324441105260266 48
37 2.923326659230573 2.765326439727814 32
38 5.074406207372604 0.1121241702816833 29
39 1.9001109430375633 2.205343355011289 17
40 4.4225259547470515 2.524405241636186 68
41 4.085124864935489 1.5516833974690418 91
42 5.188019086651767 0.8765157794668486 56
43 3.384118542538967 2.4556883411401387 65
44 4.288630141950159 0.01750725360058989 96
45 2.590582085519962 1.8981048606838913 10
46 2.7028277844415474 1.5821631315570994 2
47 3.76374068710412 -0.31059298948061137 70
48 3.4064164209802654 2.939427243448656 71
49 4.499073326274151 1.245229869230956 24
50 4.191108047364436 2.5618438341522665 19
51 3.7614047796806442 2.957004501016171 29
52 2.9729364237939957 2.5552676845308815 6
53 5.134171927546939 1.2134643083782044 97
54 4.190166861798199 0.9452824413868974 7
55 3.15351256941272 1.2055093200264408 91
56 4.665935306557667 2.1132708709983126 20
57 4.8252336015292245 1.4678399226193781 38
58 5.0981567150947065 1.8756129736566194 93
59 2.9508734423254768 1.5039322286346573 57
60 3.704499879644457 -0.14464336757282759 63
61 3.6569220618217413 1.3683519986943944 28
62 3.1466267072411815 2.9082260000451825 74
63 3.142031604281747 0.9818550300310561 1
64 2.8293565047210203 0.05174629186254416 15
65 4.66874047772663 1.1646492544053344 16
66 2.4617806950194203 0.9120920784507648 96
67 5.049197155916593 2.1034565572968416 57
68 4.407150168764012 2.8293843681605613 98
69 2.258475570514198 1.7179612419837222 44
70 4.749253604747401 0.722843562333814 73
71 2.322095158008467 1.2121316165862361 23
72 4.568246016504143 1.652197415225209 31
73 3.388090813946078 0.6671909947223208 62
74 3.8386076826713587 0.46559529347734224 70
75 3.3378931175246405 1.4453532535066014 6
76 5.057107011527522 2.6937143395515966 94
77 2.6878755765786684 2.0463921518687798 76
78 3.648880569705129 2.6243664305964174 99
79 5.312831899362119 1.1166560509007375 99
80 3.1791431779617536 -0.33459177140263724 62
81 3.790402484676278 2.429489296785704 53
82 2.6390980004792834 0.8173349749552967 45
83 2.355607466123262 1.969286455646921 28
84 2.1842854141890737 2.386038218423853 31
85 3.2543854081126313 1.263252711826235 59
86 4.645759787539375 -0.2702495939940946 39
87 2.2730902387985195 2.1849366179892913 21
88 3.8502336806068396 2.2023500839714805 20
89 2.696256041151634 3.087653027116538 72
90 2.0249237180039943 1.211152215001481 35
91 4.723339212041406 2.386104786636666 94
92 4.243333870760426 2.112599985626562 37
93 4.0849935704499565 -0.5125882573236379 32
94 2.1076157992492783 1.6524004133162762 34
95 5.700979328464351 1.2875436418624058 2
96 3.482150332896965 2.2524549510275005 92
97 3.121116273209414 0.02636941155116302 9
98 3.2697178453925506 -0.2913130096747545 14
99 4.017620483796366 2.965726572741349 56
100 4.900344084468713 1.6120291593228335 48
101 4.044962499148695 2.2746772078400346 6
102 3.501373446454561 1.2121933335759012 8
103 4.132516439607049 -0.10129952952581131 21
104 4.256350084894207 2.389429315846151 62
105 3.295633497073119 0.09052460852201123 10
106 3.6518604103720325 1.8172410977269522 49
107 2.3904923300020275 1.86566024105624 96
108 2.5916916388670646 1.2313592599067003 65
109 2.740309964177931 1.3979930702595447 86
110 4.99592702527217 1.2178450909773955 22
111 4.798931431160054 0.6355760613854082 14
112 3.468058605569969 2.6813745961724766 50
113 4.3021578230328945 -0.20958240700008815 59
114 4.193671144367454 0.1895706668846303 52
115 2.9291958122587065 1.066787875799569 50
116 3.4898311058378018 0.10996868476301569 39
117 4.820398259035947 1.1008457949525585 62
118 5.286470051993843 1.5592372809792017 12
119 3.2244491988383013 0.3589976080553831 64
120 5.174395548257721 0.5399754773480989 31
121 2.2724391149452017 1.503118285412952 32
122 2.8919092249843357 2.115695449507016 83
123 3.4228972554702657 0.9892378810544129 88
124 2.221944121023498 1.0783797572389695 14
125 4.789966293255596 0.4720415071899795 3
126 2.796863320132523 2.536538729197421 17
127 2.386411317748015 1.1033924909095973 83
128 4.884042851245199 2.1467438717364606 10
129 4.63211908153597 0.33003611358512197 3
130 5.075792028023114 2.2855316013790854 54
131 3.29381807928734 1.775454868622122 53
132 4.3486322651854685 1.2868785636763642 43
133 3.9160375164235854 0.6497452745796288 16
134 5.408468993623665 0.5757898362382334 92
135 2.172296454807134 0.2724665533784034 76
136 3.039197234613485 2.2662518441695947 13
137 4.931692609451264 1.825249441780758 31
138 3.395731501786044 0.41697654715757476 68
139 3.7880319915512626 1.9311971951565667 39
140 4.300529974728537 0.9000072190872472 66
141 4.956242293500356 0.8780501096102887 99
142 2.412088450930177 0.11570039785670633 98
143 4.750457702485407 2.8745944000058086 40
144 2.1448800074412944 1.338510304698646 53
145 4.47982375831822 0.7475350640534929 5
146 4.236396861619179 1.3322175595968149 54
147 3.6420429875685363 3.3487520212746307 72
148 5.301044728617489 1.370935401637104 68
149 2.611839000962899 2.6800101393552676 44
150 4.477339463738504 0.5390373325269652 15
151 4.759669948913445 0.30497171089379377 8
152 2.5694292674311443 2.4742507081733884 15
153 2.773059878558243 -0.09145860063231905 37
154 3.8999457370451567 1.5270182330313542 82
155 3.1386729226516983 1.5416795285204878 55
156 4.181173730303317 0.4729319844269703 63
157 4.531189298349714 3.026607064293324 82
158 2.1482790897466035 1.7992276149664184 13
159 4.108510701974528 1.238604327468451 30
160 2.7865783645600444 1.0360971292418648 95
161 5.534003120353507 1.5699892105490403 80
162 4.7070189848943205 1.6866630844833854 87
163 2.084172905888013 1.957864271649242 64
164 3.6015276459714474 3.100360351591324 79
165 2.8770344174137357 0.6289807779428974 20
166 4.62307352140972 1.861019085283973 59
167 4.66718675969988 -0.0758329388286639 58
168 3.3682099577282076 -0.29184757751731377 56
169 2.7328360712216004 0.5683641608520897 8
170 3.76390907871514 1.6064155432989065 87
171 3.675981341692371 0.35795199062916316 58
172 5.242817266550158 0.34877800117057794 36
173 2.9356358234895596 -0.07437750999054683 34
174 5.182855226179918 2.0970381771546873 56
175 3.2798915969660793 3.0150168943723665 2
176 4.531722307345889 2.3815320422596655 46
177 4.9536884490895305 2.53403783178648 16
178 3.4533507692186713 -0.1121398200274207 31
179 3.268217752651059 2.241325872256441 100
180 4.314040377103978 1.982560448087489 27
181 4.0952461054635565 2.9929719012761096 5
182 2.9252571133239273 -0.3004968300105562 68
183 2.353576159317045 2.299637375949793 29
184 3.7059686936813043 2.8178718011906794 19
185 4.017155118569096 -0.1837842075482933 44
186 4.079693245254812 1.9096247040892114 49
187 5.181218680574051 1.7105549862500349 51
188 3.224982258805614 0.7287805067656096 94
189 4.343519508440728 1.575605002340969 86
190 2.728475468110312 2.3256048281530353 39
191 3.0053040284973127 0.4379294962531416 66
192 3.066901391351266 2.632186832374923 26
193 3.9070296244323655 2.948503084917063 90
194 1.8797672952743665 1.3403516427777156 86
195 4.492196948958145 0.1675402918429084 59
196 3.7218444502556154 0.12477736449890897 16
197 3.49598050020607 0.9382194318141509 7
198 2.022273781557473 0.7327717732879167 90
199 3.7048862524714083 2.485458308867283 27
endpoint1 endpoint2
14 74
23 183
122 197
22 117
154 181
51 112
61 151
135 191
35 123
91 118
45 78
46 164
88 154
93 151
115 182
48 77
29 37
2 73
76 192
61 63
79 85
16 181
19 96
137 173
158 160
31 103
16 196
127 179
18 107
22 148
129 133
59 145
26 74
101 193
13 181
76 78
24 28
136 139
35 105
111 137
39 109
44 120
123 196
57 182
22 30
8 163
29 168
109 122
41 189
155 165
15 154
28 134
104 111
30 166
56 146
36 70
57 191
4 175
171 195
103 158
30 49
63 139
137 192
31 82
144 169
3 126
8 115
70 186
58 79
21 57
8 194
12 71
2 45
167 191
10 189
160 183
38 168
85 131
22 193
32 96
14 48
145 199
36 116
97 98
22 35
62 90
103 140
34 62
15 64
197 199
52 84
41 144
43 197
8 97
70 180
92 193
58 81
21 75
101 157
50 128
19 29
22 58
160 197
58 179
66 179
31 73
86 182
55 87
97 146
134 151
122 138
90 115
1 31
110 118
76 130
43 75
44 91
7 97
10 199
94 127
97 124
83 193
29 133
19 147
62 166
29 124
73 130
74 173
44 82
128 157
41 122
97 117
59 192
172 174
29 158
18 145
31 63
91 183
75 81
51 152
170 189
44 73
27 131
83 94
12 98
19 48
55 156
42 115
40 165
41 140
82 109
107 127
39 164
54 126
44 64
124 163
80 185
6 140
100 180
10 67
18 131
25 83
85 169
93 185
42 156
11 49
170 175
12 16
61 114
20 39
40 147
79 137
108 194
91 154
90 94
73 190
8 154
44 54
88 104
179 192
35 71
39 194
24 169
60 69
6 9
109 197
1 196
26 196
118 189
28 173
92 178
98 169
99 192
83 122
104 149
71 158
80 174
61 132
0 169
110 180
2 197
16 41
73 168
2 116
7 176
36 139
20 77
80 165
10 103
35 117
3 28
21 170
158 198
88 148
21 27
47 129
34 150
94 164
5 83
158 190
14 163
181 199
37 157
8 88
84 88
49 138
70 95
18 113
93 150
5 186
118 134
100 120
142 182
73 90
92 159
26 64
154 189
47 127
174 184
52 106
63 159
135 196
109 169
146 181
20 177
166 176
23 196
7 14
48 69
30 181
77 198
56 116
55 196
36 160
61 168
41 196
46 183
138 188
85 88
57 68
59 169
81 132
26 82
108 109
80 129
6 84
155 164
139 174
37 136
40 100
45 184
138 167
90 156
1 50
3 137
32 194
68 126
54 57
78 179
106 143
16 155
0 101
20 104
61 186
136 186
63 138
18 194
48 155
26 53
45 194
36 78
22 41
78 186
43 190
133 139
86 165
37 186
40 82
23 123
28 102
138 169
51 191
159 166
146 153
96 142
115 154
43 92
99 139
78 189
5 40
31 178
43 183
63 184
72 176
187 193
145 191
124 152
22 59
61 84
9 86
12 197
0 74
19 141
163 192
43 61
134 148
122 139
32 127
140 171
53 157
36 123
97 115
78 143
6 152
52 91
111 178
44 188
74 170
96 147
25 153
43 67
104 179
125 137
25 64
111 187
32 141
54 100
1 104
96 170
170 186
81 186
47 79
50 170
124 165
66 106
35 83
140 193
72 172
3 75
44 178
8 30
9 144
48 181
58 114
81 179
103 168
19 169
106 111
108 196
23 173
92 189
81 180
121 160
46 97
106 180
75 172
125 148
56 58
112 183
6 23
49 109
48 163
54 73
129 166
8 155
9 19
101 162
28 198
124 178
80 168
82 196
102 131
87 96
24 170
25 92
88 135
14 126
93 138
20 158
113 129
95 134
26 116
51 100
155 194
66 78
105 185
12 150
60 93
138 153
70 98
109 189
74 97
7 34
69 170
54 91
59 140
22 112
8 137
27 103
123 171
16 185
61 156
19 197
40 137
21 169
25 46
115 179
9 181
1 70
81 144
119 167
106 168
36 179
58 128
137 170
96 125
46 170
84 89
49 137
21 35
7 16
156 170
36 186
56 110
132 195
79 196
102 175
32 70
152 181
12 84
69 133
92 151
57 179
151 180
27 74
13 179
108 119
35 154
130 186
107 169
35 107
55 116
112 193
65 106
21 53
171 191
105 124
68 112
33 50
69 142
16 22
37 85
123 183
36 168
130 181
61 160
83 143
55 77
33 90
109 154
0 141
4 26
32 195
34 187
37 94
57 189
5 37
160 178
0 102
43 184
31 92
55 74
8 117
85 105
89 110
71 74
18 82
63 107
48 107
11 113
105 110
37 71
119 128
51 87
132 167
38 57
65 125
45 169
28 150
4 159
78 130
51 92
25 108
136 169
63 187
31 66
13 40
144 153
49 167
159 174
50 190
73 103
59 180
4 134
9 85
31 186
17 21
0 75
55 81
62 189
29 97
87 175
22 64
73 104
36 100
0 66
18 148
102 124
14 152
110 140
116 168
8 17
45 148
95 164
170 176
2 15
41 120
98 123
137 154
132 155
79 188
75 83
2 151
149 159
34 64
112 186
114 146
21 139
81 91
82 107
62 199
49 114
4 68
14 21
73 178
145 154
104 162
52 130
42 120
114 141
6 29
63 196
85 183
108 197
74 117
3 179
97 188
116 133
87 179
2 105
22 108
78 121
10 72
86 120
114 132
43 128
96 176
22 103
106 188
80 169
66 116
20 40
45 96
65 180
88 136
21 23
4 49
121 192
11 33
32 170
36 63
128 195
57 150
129 190
95 129
36 142
112 166
59 84
50 100
113 185
80 121
9 179
118 138
28 166
72 88
75 197
7 178
121 186
46 123
12 63
52 102
76 92
156 196
105 161
86 141
60 85
24 185
32 73
73 198
110 189
7 26
104 118
16 34
2 77
148 156
76 91
77 163
132 197
133 172
12 133
34 118
37 155
60 108
84 90
32 64
0 185
146 184
12 94
4 189
35 148
30 82
35 101
24 135
3 157
148 162
4 164
51 67
52 115
108 112
18 191
113 123
59 112
85 102
4 28
69 141
26 80
27 66
51 72
109 119
56 125
77 78
67 72
30 92
182 198
42 195
65 98
138 165
33 89
159 178
115 142
11 123
47 167
128 189
4 170
61 71
153 171
160 179
34 43
15 127
130 141
41 171
66 165
175 176
72 132
18 192
24 156
50 58
163 188
0 133
27 163
47 172
12 66
34 179
56 156
27 80
119 131
127 195
130 132
72 139
3 104
25 27
50 53
18 74
96 128
170 196
7 108
124 131
70 195
10 163
29 176
185 191
38 166
24 123
17 172
43 198
11 17
85 122
145 189
165 178
168 191
22 78
30 158
94 123
103 134
17 20
0 76
76 100
13 32
97 151
51 143
33 101
93 195
121 138
68 92
16 106
71 193
36 101
73 111
100 154
83 194
55 56
40 186
81 104
102 125
106 112
161 176
93 171
39 179
29 121
57 112
170 177
78 101
25 159
191 197
17 117
56 184
41 127
31 171
112 132
21 129
186 192
60 188
25 70
82 113
70 156
27 132
80 197
18 135
65 160
44 172
28 67
145 153
98 155
79 111
11 138
123 129
17 103
60 195
105 196
34 88
127 149
40 175
38 197
65 185
88 187
90 163
44 171
67 145
92 191
2 102
76 161
39 47
95 146
88 100
16 86
19 176
6 21
70 118
110 169
39 87
96 194
42 130
7 46
34 136
70 129
96 177
149 169
123 159
126 184
19 72
61 136
179 197
3 19
59 94
13 118
110 176
23 189
129 189
106 164
17 74
15 20
9 107
162 174
0 172
93 129
95 120
7 28
100 117
123 173
71 144
133 162
136 154
34 124
55 107
19 199
138 142
90 135
70 91
118 130
63 72
94 171
59 135
123 162
125 197
15 26
31 122
152 176
11 87
12 46
130 161
5 89
49 55
21 185
59 122
60 100
64 111
2 173
8 160
117 151
84 139
52 124
17 54
42 54
5 66
155 160
15 153
59 115
45 188
159 180
109 159
146 171
34 190
53 189
128 167
2 87
150 199
8 167
106 131
52 123
105 156
37 181
97 138
121 124
44 115
193 197
54 60
75 153
93 111
103 154
88 92
15 126
43 186
30 68
86 161
40 110
60 113
65 122
140 185
50 59
163 191
57 91
2 182
116 197
46 55
69 126
75 158
97 109
4 146
51 89
33 179
38 172
77 127
155 183
105 142
180 181
164 175
114 196
49 172
168 185
4 10
142 152
19 24
131 137
16 140
17 18
72 179
120 159
68 199
145 188
1 26
124 155
16 116
59 182
153 189
12 192
40 180
6 55
63 162
83 173
101 123
14 151
91 189
140 166
54 105
96 159
22 70
101 130
10 195
36 102
41 117
4 143
64 178
25 124
79 177
13 88
40 74
43 55
62 170
45 146
53 114
76 181
46 83
71 185
94 106
78 149
31 170
114 153
41 143
140 197
107 122
126 127
17 150
113 154
40 49
3 71
189 197
32 128
14 16
53 123
78 109
27 135
104 189
17 109
77 139
119 127
125 159
18 132
14 104
91 128
110 156
18 23
186 187
118 172
122 163
149 166
78 116
7 72
104 164
50 160
17 102
112 179
46 138
28 36
32 47
88 188
13 67
39 89
116 135
58 120
170 171
26 97
121 165
106 179
36 154
56 78
34 80
56 61
88 131
70 119
110 174
93 142
75 120
115 161
21 125
101 175
46 111
13 147
33 138
20 42
96 107
25 33
133 192
28 58
113 134
94 190
123 151
38 156
61 128
137 189
55 109
114 180
53 55
20 160
100 118
142 168
81 156
119 171
46 121
103 120
178 196
52 96
17 66
105 167
107 199
35 121
0 53
19 198
59 111
63 75
47 141
67 140
69 144
57 166
10 155
33 157
125 196
150 162
63 146
10 106
102 171
49 61
92 117
60 110
23 90
45 73
138 182
166 189
11 86
78 162
151 184
33 150
63 155
41 199
84 99
140 141
39 115
11 79
34 164
56 137
2 93
7 155
174 199
16 161
35 159
136 176
107 170
183 188
1 61
115 139
63 102
34 191
55 168
150 196
117 159
106 128
34 46
126 199
130 176
5 74
23 97
45 180
144 198
74 139
3 141
169 194
99 129
7 120
50 144
73 113
153 169
117 152
102 196
18 175
63 182
107 152
162 197
113 196
134 167
120 146
48 159
138 170
90 99
43 91
27 165
11 114
59 187
4 147
61 94
30 61
16 150
112 154
136 165
157 166
12 162
55 92
47 198
33 105
145 186
115 158
22 181
30 149
69 102
131 136
20 122
130 157
68 177
110 129
4 99
97 156
159 171
21 86
121 135
12 114
64 188
89 164
37 199
58 188
41 156
81 117
63 173
157 184
31 52
72 187
42 165
32 115
33 123
90 124
10 192
104 176
16 108
37 127
75 132
77 152
78 147
34 77
19 150
3 48
139 199
15 194
8 20
62 171
70 155
7 85
62 112
102 155
34 68
88 175
18 29
42 151
87 190
2 146
44 70
50 166
56 65
75 178
10 69
178 185
114 145
82 102
65 166
102 109
32 41
147 149
65 87
145 159
54 115
92 162
76 164
96 165
58 126
81 183
26 103
83 106
85 195
20 37
6 16
66 144
85 180
53 76
98 144
7 64
101 165
46 101
83 115
77 188
139 146
125 144
15 177
91 96
56 62
85 189
109 199
147 163
23 166
44 156
190 199
22 122
8 159
11 186
126 190
87 124
15 190
71 119
20 154
54 68
1 72
94 191
154 173
7 182
52 154
5 108
6 106
10 121
96 99
88 146
93 159
67 134
95 139
81 147
47 116
13 132
33 155
36 176
19 88
58 133
133 160
135 188
102 177
158 184
107 198
0 54
140 152
4 34
104 121
47 140
92 157
9 10
35 144
5 94
49 60
31 100
16 195
162 190
1 177
20 192
24 131
141 170
53 56
0 188
113 168
8 44
118 155
48 67
29 63
30 183
129 134
4 184
36 166
37 48
150 186
157 193
30 81
107 180
84 108
85 90
80 97
105 127
16 19
16 162
108 115
77 82
133 155
83 138
67 68
1 131
8 75
46 184
51 175
74 129
21 49
43 108
28 133
33 54
53 187
56 145
4 174
5 56
6 190
102 194
52 69
136 184
135 160
63 136
55 73
4 119
64 127
138 160
14 40
146 160
1 53
5 144
8 193
28 156
73 112
131 157
64 168
51 82
6 64
10 15
83 152
49 88
14 128
140 187
50 57
115 152
99 137
53 141
119 156
35 181
185 187
130 131
101 119
138 195
30 77
4 101
18 73
72 108
31 185
20 123
132 170
10 49
37 174
62 190
65 74
11 18
67 177
140 169
90 114
47 191
124 149
53 159
71 197
100 158
29 134
185 197
41 131
60 169
31 55
75 89
111 176
65 67
145 171
73 131
166 195
27 139
17 113
41 123
83 199
0 70
3 51
21 133
66 132
54 102
1 106
44 72
46 81
124 171
52 184
128 147
66 108
21 142
24 83
81 102
35 62
18 26
118 171
79 99
99 170
68 77
69 89
19 54
27 54
3 33
85 170
40 58
116 186
49 199
70 138
73 182
79 104
48 57
11 143
75 170
66 126
20 38
85 179
88 190
74 113
28 85
67 146
22 96
6 121
100 185
102 141
105 178
24 168
68 132
13 122
143 161
74 120
63 94
122 179
22 123
9 22
33 136
77 180
80 173
102 132
67 98
108 160
92 106
3 20
24 175
0 168
18 126
113 132
42 136
116 151
63 71
128 199
57 154
41 48
103 125
41 65
133 166
9 104
66 75
34 96
35 114
20 51
