nnodes nedges type
200 1500 graph
nodename posx posy weight
0 9.487110356443685 -5.366821778991989 90
1 8.093932953656202 -7.049125893158254 32
2 8.59419007367666 -5.862068298965763 37
3 8.421852658477656 -6.574414812785409 91
4 7.4572053814538695 -6.129796634460326 1
5 7.688373615836452 -6.836868171039175 30
6 8.440469499563365 -5.6647673884333365 35
7 7.241223849783953 -4.9177316357542775 66
8 7.171004919086822 -5.1681509500164475 3
9 10.164281006705954 -4.868658275530399 97
10 7.951476200199163 -6.3904765610885095 42
11 8.780593326081265 -7.128545746332006 63
12 9.596916508872717 -6.19906877284293 13
13 9.07800833229253 -5.10366348550063 59
14 9.088473883793315 -6.499652174033215 99
15 7.725170641630778 -4.172751409658992 18
16 8.19684628351833 -7.159275128884394 28
17 8.028394302351217 -4.381476423341945 10
18 9.382820408501122 -7.0728050536232585 58
19 7.3877580523600574 -6.358139197103785 65
20 10.265219036658564 -5.1935398966258965 46
21 9.091007223038773 -7.09654380223825 82
22 7.897295554921624 -5.9179209794846726 16
23 7.317826039500194 -6.5409186080711486 98
24 9.160099119168509 -6.9949764100706675 79
25 8.047015089136046 -6.231815380611664 27
26 9.728349449992374 -5.019294595814996 20
27 9.44171678027913 -6.862404218703548 70
28 9.485139026855979 -6.497568966874964 19
29 9.755256169482514 -5.174419486816731 73
30 9.346649888131937 -7.374134826110499 57
31 8.185694554917452 -4.596983431143912 32
32 8.948582497763937 -4.71565380650128 44
33 9.313373583811625 -5.151741255964852 18
34 8.821907300580481 -6.091843940711277 16
35 9.177980251830215 -6.301024881389937 71
36 10.29357397592848 -5.356357064954733 13
37 9.462226582736081 -5.73232300034876 93
38 7.681524313955431 -5.995204923673976 91
39 8.595589817054753 -3.931753416017875 67
40 7.994834851871437 -4.578584167615353 59
41 7.946339015730077 -6.716186302498303 65
42 8.330226002840885 -6.355965804123616 85
43 7.181381467292059 -6.9290957603782495 33
44 6.810782135695908 -5.036876805111117 44
45 8.940678799518986 -5.556872122499389 87
46 8.666957136521942 -5.997345769096745 56
47 9.55919783728236 -5.838472124002831 48
48 9.9014631975064 -6.109861022681251 83
49 8.227495984632055 -6.138353716597468 8
50 8.945531376186121 -6.911821876393831 93
51 7.603091086054501 -4.63762574283075 12
52 9.004227541099132 -7.193042975724667 97
53 7.950604435743918 -4.889500130527628 16
54 8.26236449942637 -5.983921825008713 58
55 8.87395337968678 -3.977467425459929 12
56 10.324688360650487 -5.981299229683806 86
57 7.655657520387827 -4.90591160122375 27
58 9.095576089491791 -6.091222533158881 49
59 8.33897821336471 -4.774202624383059 74
60 9.10477549843345 -5.738322893615146 68
61 8.760987830713697 -5.547356581077126 5
62 6.889847756811943 -5.500236253930865 44
63 8.421671263093076 -3.7867314128601146 38
64 8.438445555074184 -5.9879307177770125 22
65 8.285727900300772 -7.436139013302841 47
66 10.465890146678738 -5.3256343391385474 66
67 6.780580518454752 -6.042281625979888 45
68 10.56795540151169 -6.1183787773081315 4
69 6.99705311857899 -5.473753442422567 16
70 8.830858613125848 -7.3939677780482365 59
71 9.464987447483653 -5.036479757999529 6
72 9.099550299099079 -4.794097335986924 54
73 6.966882838442858 -5.288038456390442 29
74 7.602389025495763 -7.2404441012980465 61
75 7.052332053492545 -4.582920367858675 80
76 7.518569078268294 -5.375194546468706 15
77 8.205274521733006 -4.952785114524328 9
78 7.275180683690358 -6.761886635245789 54
79 8.472244731621263 -5.4844527529436204 99
80 10.209400506889589 -5.861350108998204 81
81 7.147312295088651 -6.483635617197604 11
82 9.456383472270607 -6.93220059740912 78
83 7.66538233939442 -5.624988725871177 43
84 7.661295198450327 -6.202530644817242 19
85 7.859638309865832 -6.01353558710956 70
86 7.9264121524832305 -7.01689887746402 67
87 7.0718124848909545 -6.052406210219101 1
88 10.244604775968162 -5.705463836956443 43
89 10.026997827984836 -6.898397406976766 52
90 7.580733661423211 -4.3524610019497025 83
91 7.399781560329958 -4.550620583365283 25
92 7.5882997521892035 -5.749148427194034 9
93 8.517855416684926 -6.745120774000005 70
94 8.83043426523952 -5.8132511977753385 22
95 10.096959639953827 -5.6448804553885426 83
96 8.43906518878209 -4.411305459275854 19
97 8.780605811180791 -6.21450195983201 69
98 9.571728647904255 -5.131975799048474 67
99 7.702820980980242 -4.571263604120031 65
100 8.7629450929123 -4.669575292125765 45
101 10.062639532694932 -6.388226357994073 59
102 9.974483631857783 -6.252590695416876 1
103 7.1873557184672805 -5.834635616145482 48
104 8.608154254254664 -6.387059784553472 90
105 9.123324452671135 -4.115363258057666 60
106 7.887044965001145 -7.327957266832367 20
107 9.680321261467997 -4.470326904428758 4
108 7.781700106251531 -4.427239410931075 68
109 8.483365706065463 -4.222005422400882 56
110 8.84420360066618 -4.55550111019008 63
111 9.18274365083339 -6.711594186581257 28
112 10.085749345290314 -6.181038706631945 7
113 9.370432717772259 -6.441949461723467 59
114 7.7699896668802655 -4.051522788696679 4
115 9.645218604742542 -6.559027279738929 14
116 9.818956249950462 -4.130248125984523 46
117 8.664305803878415 -6.898746610992411 47
118 9.312632193361926 -4.5206241397084534 45
119 9.79737667874593 -6.253565785121147 33
120 6.919266271231479 -5.762888579422154 4
121 8.655528950985738 -5.346724460780207 81
122 7.763360249860316 -7.005322102677283 11
123 7.566094450817151 -6.666890112986088 76
124 8.793621767167188 -4.2951221682673735 26
125 6.757014543508979 -6.322749609610388 15
126 9.847850175506952 -4.470877372948302 60
127 8.64893990162655 -4.496415353747753 35
128 7.87207142176081 -6.717594346531839 65
129 8.159287075905665 -4.3084090836062465 39
130 9.936669735397254 -5.16042253999806 95
131 9.973270077354787 -6.652007176080989 65
132 8.675312456781858 -7.378738261496404 70
133 9.302071876116443 -5.823555359156573 72
134 9.878812729543517 -5.412091509363228 13
135 9.27573788294311 -5.580545809922712 20
136 9.15725488551558 -4.557701337979777 60
137 8.126130050325004 -5.06297296374683 74
138 7.524517962055429 -5.523834927991892 82
139 8.057868126249005 -5.765678623637278 53
140 8.131687568429319 -4.062422085893965 58
141 7.175357542687365 -5.710493519766987 29
142 9.362135768622279 -3.9192768945422447 89
143 8.629532841328 -4.170269099589136 51
144 8.304013686958161 -6.797418761839532 86
145 9.65567009270417 -4.239018859224833 6
146 9.61660167942121 -6.676939951935854 79
147 9.73940910684482 -4.580957859864612 70
148 9.756119411901963 -5.5293998316698145 3
149 8.963794326895906 -5.237310024305219 77
150 9.30441424551143 -4.330694395917475 62
151 9.729497239031897 -5.711155133650429 66
152 9.025977769770089 -4.310829573519653 60
153 7.299544509589206 -5.345504186053854 50
154 8.06503528350772 -5.340476788821925 35
155 8.816349234264203 -5.0380055760358715 48
156 9.587762557295598 -4.717886952611211 71
157 7.537890441804828 -6.842301503868402 80
158 9.828454234238725 -6.766047186787498 91
159 8.177613025309924 -7.360393414314622 79
160 7.15543525573624 -5.561373750699619 31
161 7.3492124889572406 -5.970246054187207 44
162 10.07781144863166 -6.515030929909076 65
163 10.200345931279243 -4.750388194114161 49
164 9.69419881169718 -4.860938680722838 4
165 9.002965754096317 -7.478661100256014 8
166 9.16706200850064 -5.987199911268342 49
167 8.677563040257661 -6.635830567503116 35
168 8.695093441435244 -4.930435627063604 62
169 9.380576355417745 -4.90999818666267 33
170 7.778493451923979 -5.210453974209594 96
171 9.53075202005039 -4.028315599586209 91
172 8.592127427443895 -7.174545708126636 82
173 10.026595274161593 -5.755168406582176 5
174 8.343848126648076 -4.1779142179287945 3
175 9.45415499555381 -6.04968561703859 65
176 8.433134550728157 -7.121018432851684 71
177 7.459029627987936 -4.375360886706692 89
178 7.549776831619568 -4.9963342861357445 3
179 8.035039550762784 -5.59609549838527 53
180 7.603327656886244 -6.381172836413911 41
181 8.430294844145733 -7.008383527996649 75
182 8.399228607918982 -5.32354475262418 86
183 8.903769704835899 -6.390838573769836 72
184 8.155636023260087 -6.470510500443751 33
185 8.777348460879605 -3.897294974130914 87
186 8.421091693232432 -4.938031084881855 24
187 7.764817545921376 -5.589895535129643 67
188 7.268745398567038 -4.8431176822526405 23
189 8.170610004445411 -5.225448506275047 38
190 8.521947098004036 -4.866832264678951 52
191 7.491567916619325 -4.887273008364821 35
192 8.87924980921789 -6.62234985985674 72
193 9.395514730798357 -5.309084284207739 24
194 10.329193002674876 -4.994746338044492 55
195 7.1280342568902215 -6.306129215031849 83
196 9.627038204215316 -7.0471430847050005 56
197 8.147122500240792 -5.524972230441082 80
198 9.809093740291798 -5.875947467301816 9
199 8.752740628838975 -5.42338746631703 85
endpoint1 endpoint2
23 183
1 64
98 186
100 199
104 130
12 59
33 154
126 169
6 98
10 97
15 143
108 150
20 58
32 77
14 77
71 100
147 185
43 120
118 129
16 38
27 115
119 162
10 153
47 124
104 137
103 115
181 193
135 197
45 71
21 46
47 148
69 135
33 59
128 172
59 145
119 187
52 112
56 115
45 47
24 139
8 69
26 179
120 127
51 169
57 69
115 132
123 196
33 60
5 62
151 179
27 65
0 109
18 187
37 56
38 190
132 183
139 175
12 183
15 154
55 115
109 156
166 173
22 166
7 125
32 193
34 189
55 170
61 74
9 60
17 189
127 174
113 193
60 117
134 162
65 102
46 192
1 52
63 105
72 127
119 134
83 155
10 12
64 119
14 48
109 142
2 181
168 181
27 167
33 199
94 141
59 189
167 180
197 199
35 180
58 168
42 46
72 143
37 164
189 190
45 164
168 188
72 109
53 149
97 123
6 160
10 175
19 138
25 119
66 179
107 136
184 186
187 199
68 194
110 118
2 135
121 133
11 98
51 59
17 127
41 113
97 124
136 198
31 161
76 96
58 186
132 146
107 129
161 179
39 182
116 174
2 158
165 167
47 71
12 107
15 46
36 97
128 157
137 148
103 187
35 171
186 197
41 139
4 83
51 152
114 127
95 163
21 102
83 94
77 143
98 116
34 66
0 94
3 59
60 184
102 104
91 140
186 191
97 165
4 90
7 63
70 144
2 144
58 117
149 154
22 87
44 64
50 164
126 139
47 58
18 131
66 151
68 151
31 45
40 59
49 198
69 176
92 188
121 161
16 83
17 91
77 129
34 84
15 170
3 41
21 159
6 22
46 137
110 170
60 61
116 130
16 74
5 120
61 139
30 112
108 170
0 35
45 98
49 103
1 196
40 41
121 194
122 176
1 117
22 120
13 144
9 102
40 129
72 199
71 113
0 169
20 164
95 127
48 80
92 137
13 137
71 151
61 157
23 65
8 81
13 107
80 126
23 182
54 93
151 167
104 131
56 102
136 158
135 190
156 193
67 83
181 199
116 119
65 153
46 165
49 138
140 154
39 126
34 145
131 163
4 179
61 62
26 64
84 129
47 127
13 187
71 133
58 138
41 178
79 197
111 131
23 87
135 196
0 190
41 42
4 186
5 52
79 93
29 174
112 113
58 149
76 79
41 187
150 184
133 144
136 140
10 16
108 133
62 153
33 66
146 172
74 132
1 57
4 161
8 164
179 189
108 109
109 121
82 157
0 29
182 192
112 199
39 148
8 77
64 122
117 122
46 190
85 97
51 177
0 140
4 25
47 165
50 148
72 121
53 185
171 194
7 141
38 182
175 182
107 164
72 130
127 169
138 174
109 148
169 199
28 158
18 170
61 179
49 94
4 120
23 123
45 170
28 102
84 123
51 191
143 152
76 141
168 182
7 114
124 129
38 160
6 57
18 52
164 171
111 172
64 79
33 110
141 197
14 56
163 168
109 134
168 189
142 156
95 196
160 198
83 168
86 183
38 42
140 171
126 151
56 175
19 37
75 128
37 115
98 99
84 178
176 179
103 189
34 49
54 180
76 97
40 71
39 177
38 45
32 118
110 126
168 171
170 179
78 103
99 190
112 130
21 131
60 162
85 166
8 23
51 155
54 100
1 104
76 177
39 63
22 93
101 183
52 186
37 101
77 142
5 12
100 142
102 158
54 134
40 166
6 37
85 175
13 77
189 193
96 161
42 123
9 114
31 159
63 197
45 111
45 128
92 189
22 111
81 180
79 106
47 93
88 98
42 98
86 123
127 144
54 144
79 136
85 177
32 35
34 138
73 189
53 73
57 142
28 198
102 131
92 109
21 167
65 181
88 135
110 178
29 88
67 157
32 169
77 178
6 118
87 121
92 100
19 188
114 185
48 194
14 65
71 112
16 42
41 54
10 149
100 169
108 153
20 61
60 84
88 149
70 101
74 104
67 139
33 47
72 94
92 129
131 189
81 144
178 192
150 175
139 186
30 106
86 135
105 171
34 121
15 137
111 133
138 139
14 83
147 187
39 121
166 190
152 174
43 122
12 93
54 85
27 117
123 185
51 123
37 52
3 13
8 64
85 94
141 167
99 110
124 126
78 166
9 48
35 154
55 199
38 133
58 146
133 159
61 167
21 196
2 166
38 103
43 104
28 137
104 106
29 53
53 191
12 34
160 187
33 163
14 181
17 186
42 194
89 101
57 76
50 149
36 64
64 195
17 179
127 168
62 136
32 107
169 198
63 107
72 97
7 133
6 71
31 69
89 198
18 58
164 173
22 199
11 25
49 174
29 111
140 182
159 161
170 199
101 146
33 197
59 191
64 162
34 60
184 198
49 86
50 92
72 177
23 115
8 99
85 123
0 146
92 195
57 103
58 95
117 197
124 153
64 185
12 198
112 149
40 178
25 117
157 187
64 71
134 149
44 85
73 104
22 51
100 153
176 180
31 163
132 156
4 86
8 17
2 156
128 159
42 118
62 77
27 61
34 73
186 195
23 41
189 199
122 154
29 115
76 178
44 75
46 84
11 146
47 78
69 93
5 11
122 124
31 145
35 82
108 191
79 133
14 106
45 134
92 167
58 115
149 152
79 108
50 162
71 173
60 194
0 87
25 81
79 130
108 197
17 130
40 61
97 188
122 172
49 196
3 192
83 110
176 193
130 197
100 189
87 106
127 147
40 149
25 90
138 148
91 156
42 133
79 114
121 168
71 163
36 135
66 116
102 128
19 182
96 105
3 16
60 71
32 59
39 77
22 143
2 123
81 165
27 97
88 113
12 151
0 60
59 84
79 153
110 186
3 166
95 121
28 166
129 183
149 188
5 199
22 113
8 138
11 183
77 170
61 155
7 195
137 160
89 159
35 119
37 146
88 150
75 109
5 191
67 138
34 148
72 95
54 83
149 197
117 134
100 194
10 157
56 104
41 79
35 124
108 145
55 97
24 128
0 185
93 148
99 104
27 199
12 94
59 157
103 108
38 131
77 92
82 169
2 172
123 192
148 162
8 191
84 138
52 115
133 158
135 174
102 167
30 85
15 158
164 177
26 190
64 101
49 186
113 165
39 110
20 186
38 100
26 33
55 174
148 169
27 66
12 35
38 189
12 178
182 198
39 150
26 185
18 88
3 139
30 165
128 189
58 165
49 91
162 199
18 192
127 171
33 82
159 187
57 84
169 197
46 54
11 112
12 66
56 156
57 197
58 61
172 197
29 183
35 176
60 152
136 163
65 195
72 139
38 62
42 181
134 152
11 24
51 129
58 85
101 145
70 195
72 105
56 163
2 35
94 112
58 196
5 22
27 41
15 77
36 198
184 199
77 121
10 50
49 85
31 77
72 178
18 50
85 122
96 135
47 178
36 126
136 194
10 170
84 181
49 78
86 181
72 185
74 94
39 186
44 199
17 124
41 135
59 61
81 104
88 166
13 89
45 147
29 121
122 144
1 21
83 90
104 181
34 70
35 172
72 167
113 155
64 86
76 179
26 30
18 135
20 28
82 104
102 111
107 112
14 26
114 117
21 108
79 111
7 73
119 196
126 142
103 170
24 94
79 141
46 133
49 106
32 46
13 68
93 182
38 84
97 179
122 173
92 191
129 163
27 146
121 166
52 138
6 21
81 84
45 102
28 34
32 37
71 124
1 192
110 169
7 46
34 136
48 52
11 184
28 192
123 159
24 61
9 98
59 94
85 184
50 106
20 152
21 22
32 171
36 56
1 74
46 113
16 68
53 193
31 116
19 190
79 152
6 7
49 157
109 187
39 69
8 139
29 192
150 170
133 162
5 87
30 97
12 143
127 137
96 120
59 108
114 174
4 32
98 199
23 179
100 124
63 72
104 134
174 180
125 197
78 197
61 147
82 175
150 173
12 134
37 154
55 96
8 91
141 172
27 198
118 133
28 181
32 176
59 156
27 119
103 111
15 99
17 61
24 25
42 79
6 89
1 180
146 176
2 173
166 183
43 117
25 175
118 156
2 92
129 153
148 163
102 164
31 104
72 151
87 140
113 164
118 151
63 103
2 87
4 172
5 58
156 186
175 197
30 50
103 157
109 118
58 155
150 182
82 152
66 171
3 125
42 192
65 97
89 107
58 64
45 198
37 92
93 111
171 199
175 194
160 180
51 80
16 158
17 32
85 134
105 133
144 173
113 197
40 110
24 157
32 109
140 185
96 138
99 135
53 143
55 191
148 184
22 44
17 25
130 133
60 153
136 164
17 170
164 175
47 199
96 129
4 10
48 100
36 112
19 24
93 97
4 153
10 160
33 180
130 156
31 76
14 140
46 65
30 159
131 142
95 193
112 151
88 160
110 139
37 169
43 62
67 180
57 110
170 183
78 99
97 112
19 151
68 166
14 158
161 183
111 191
29 120
70 154
2 154
21 89
78 106
7 90
77 146
60 189
68 173
75 85
20 133
3 71
64 87
70 157
73 143
92 170
57 120
7 83
6 137
35 84
45 132
28 92
11 60
36 147
67 114
19 170
65 184
66 147
35 42
11 53
92 184
36 154
42 97
6 123
61 142
100 191
54 151
19 179
21 155
85 190
88 131
90 171
38 76
11 42
32 149
1 112
83 121
46 111
77 182
86 113
125 170
127 154
110 198
19 184
4 51
116 149
8 54
34 128
72 83
54 71
129 188
41 50
100 173
10 120
105 190
89 148
91 127
59 86
60 88
84 86
73 195
29 46
34 155
78 80
124 195
71 147
63 149
66 68
20 56
26 163
146 191
27 192
69 144
94 168
117 132
154 190
10 155
17 59
6 103
24 130
45 73
70 83
93 146
166 189
7 13
28 182
29 32
128 170
1 92
26 76
174 188
51 124
33 150
20 95
58 150
67 92
158 165
37 130
60 101
85 91
14 89
74 153
25 174
94 154
131 172
6 198
9 53
16 161
15 107
0 107
108 114
158 172
23 104
84 106
138 184
14 32
4 30
22 160
26 47
53 188
117 159
10 180
106 128
18 180
19 117
24 104
136 183
12 172
164 186
45 180
0 128
50 144
124 143
75 152
22 42
5 34
27 93
119 132
160 181
106 139
16 159
181 182
18 175
42 57
25 103
82 144
135 158
55 71
3 101
24 158
28 107
58 72
26 49
48 110
177 187
55 190
52 74
54 167
40 199
38 60
62 182
45 166
33 105
87 154
0 158
96 130
99 143
52 162
36 113
4 154
172 190
77 119
63 164
10 48
31 79
18 48
28 121
85 120
32 124
141 193
2 137
165 176
21 86
17 121
128 132
173 193
12 193
34 50
37 199
49 76
17 155
37 168
26 155
64 90
54 110
56 196
25 148
104 176
68 94
124 147
126 155
53 153
15 44
19 41
98 127
137 150
35 169
6 47
110 147
4 81
43 54
2 155
95 161
170 191
118 194
46 80
126 130
36 110
75 189
2 10
80 192
61 98
64 138
84 197
178 190
3 57
83 186
74 78
118 170
33 117
39 59
167 198
123 138
105 193
82 102
147 149
48 169
143 193
7 75
101 188
46 98
126 140
71 174
10 76
14 193
40 145
25 86
91 152
3 180
23 169
29 66
34 143
74 195
79 118
81 168
117 175
26 110
17 94
56 79
19 69
67 122
40 152
25 95
6 11
46 146
85 189
32 39
71 126
93 141
96 196
7 40
2 127
96 179
22 122
98 171
33 137
6 115
9 96
137 187
31 137
3 21
114 186
68 130
147 168
97 195
42 139
27 98
119 173
131 192
133 167
9 105
102 190
21 172
50 99
90 186
53 54
93 159
5 179
48 85
73 83
41 58
98 189
58 133
77 167
67 81
105 166
138 140
70 89
147 182
43 121
104 121
129 141
154 191
156 175
13 189
41 76
6 100
31 100
116 124
141 170
70 80
1 34
3 153
22 151
95 104
9 162
52 192
1 83
129 134
13 182
76 77
41 181
102 163
49 53
31 109
3 113
32 90
113 161
115 133
12 80
34 165
16 19
72 112
2 90
59 151
4 167
151 176
156 189
13 175
80 143
86 149
42 199
46 184
144 192
71 80
76 157
47 155
56 145
30 48
63 136
111 156
49 176
143 145
109 150
91 192
22 184
46 50
32 199
72 126
53 132
75 155
6 177
18 172
6 64
136 191
64 199
49 88
22 192
168 180
22 179
4 13
167 181
84 162
24 119
14 139
144 166
72 142
17 168
18 54
189 191
29 107
25 137
7 105
37 76
2 62
64 166
52 82
24 126
79 173
3 82
28 122
11 18
29 100
51 139
33 97
109 129
57 107
22 77
101 135
173 175
177 180
16 118
29 134
161 195
37 198
40 182
60 169
85 159
161 188
93 175
40 69
111 176
62 161
140 160
165 184
76 184
57 108
99 188
27 139
126 152
2 48
94 97
6 157
103 184
0 70
54 137
81 109
45 127
157 176
31 60
164 198
97 173
23 157
64 82
51 153
2 152
121 144
94 104
98 119
5 14
103 177
125 132
35 81
3 56
91 141
43 46
9 146
54 121
94 192
17 99
42 125
27 54
119 121
102 147
60 182
85 170
13 72
116 186
49 199
58 127
22 105
79 104
104 166
16 82
130 198
28 38
46 136
14 113
57 136
98 145
44 53
27 151
47 88
13 152
69 75
52 149
2 20
77 187
9 126
179 193
6 8
74 120
129 185
149 182
106 184
155 192
21 162
60 67
23 73
68 131
71 118
0 168
110 183
2 196
115 168
67 128
16 40
1 79
154 170
7 177
41 65
125 161
