nnodes nedges type
200 1500 graph
nodename posx posy weight
0 -10.789271221873896 -0.1209636068526708 30
1 -7.837457112659986 0.20450633685806668 61
2 -10.999372298326197 -1.589182409568535 67
3 -8.844405701935564 0.6716904190778419 50
4 -10.308994264301372 0.11051916130709864 73
5 -10.174579104425554 -2.378892942060711 46
6 -10.565974309274406 -1.9807503142873042 9
7 -10.2544120916395 -1.2362321296155723 25
8 -8.816848917496522 1.0492160958449643 28
9 -9.858493705416773 1.149316060251025 30
10 -10.356882270011853 -1.3076737627500739 82
11 -10.73952429216531 -1.029987797868276 72
12 -9.598031564296203 -1.838130011813044 31
13 -8.744109743629451 0.5852611876313161 73
14 -7.795311179687262 -0.37477202061339093 20
15 -10.65331091730989 -2.2489501744902944 54
16 -8.515414113342215 -1.7953519016470056 21
17 -9.451105792726674 -0.6338774299405453 42
18 -10.177428247251175 -0.8344230760610712 88
19 -10.995274501721605 -1.3539243950559159 42
20 -8.672812800778063 -0.9350539285084295 16
21 -7.329493940308889 -0.7604968986010718 12
22 -9.111538580944014 -0.546229028210451 13
23 -9.004631963354303 -0.8081111686735717 14
24 -8.656577488090253 0.5273728102770974 37
25 -9.917070323963205 -0.7640075874604745 14
26 -9.453306322776822 -0.16312796522174752 64
27 -9.383144826121015 0.3176841903995245 16
28 -9.109121635830247 -1.3131206190582658 70
29 -11.223145969070336 -1.062657294500649 1
30 -11.076111425557057 0.10196530161708153 14
31 -8.245884859434382 -0.4585840300870447 21
32 -9.819286626092504 0.21495876007076348 70
33 -8.864649331984259 -0.5697799740704221 30
34 -9.624192773747811 -1.4098718703261175 68
35 -8.045838187418234 -1.1081930876249053 57
36 -10.079311161516335 -0.17697030858021012 42
37 -10.424348195783256 -0.24821886961316295 83
38 -10.493174315245787 -1.683676674668501 69
39 -10.14120307670967 -1.0431660239696823 98
40 -9.25251587226922 0.6782402967369129 9
41 -8.64316985469037 -0.27358773555778654 96
42 -11.41800083197125 -0.4840393470337172 37
43 -8.583462398524663 -0.6378843611652698 42
44 -8.948136926610816 -2.2164329093439066 47
45 -8.542076084692342 -0.8668608194186159 12
46 -11.046782367779235 0.6874082443875024 37
47 -10.07561723577631 -2.011011843773767 85
48 -9.814629841931623 -2.6806598783990543 80
49 -9.196743254681225 -2.2476338487050866 44
50 -8.14093587076783 -0.6741941182115111 10
51 -10.622260136832603 -1.4467185011838903 89
52 -10.010768933147231 -0.48385458588317154 40
53 -9.33471781544651 0.09372658152239992 99
54 -9.889086416519262 0.6502359852667253 41
55 -10.907230905494776 -0.8477069130076207 30
56 -8.952273750322835 -0.07075431672525889 42
57 -7.946683793184167 -0.8726051501761103 56
58 -9.223094457027523 -0.8489226428444119 13
59 -11.393489880982477 -0.7979144164243176 94
60 -8.597200427900912 -1.6242897995702554 5
61 -9.186049542223687 1.0939488818887912 44
62 -9.566926202546178 0.06300687995366229 52
63 -9.467309666715826 -1.501329383359063 96
64 -11.555799402551745 -0.9680905451181352 53
65 -9.013962489392416 0.9920569484140577 38
66 -9.983706954034563 -1.7505978609843187 11
67 -8.95735735181434 -1.248179458796823 43
68 -10.260286622805042 -1.5614098275893047 20
69 -11.075149359879362 -1.3390628367525028 28
70 -9.853302708195699 -1.420725228500581 19
71 -10.397008383167265 0.45891543235482807 76
72 -9.790271079374797 -1.6405101977650756 51
73 -8.945066901401804 0.29042150968470176 18
74 -8.447510096253037 -2.105229326080271 72
75 -9.737461600526212 -0.2921524174073605 98
76 -8.269810939438262 -0.7555296634621025 80
77 -9.99754404941688 1.058468871038639 97
78 -7.864057684069824 -1.39307159257292 73
79 -10.732720511394778 0.7238614471543259 61
80 -9.490435865462171 1.186658215371634 54
81 -9.994165766723917 1.4945556700709364 92
82 -10.229239852786257 0.9485803216316856 90
83 -9.378566138434763 -0.4873091476151703 70
84 -8.275307378581696 -0.09051717493020994 40
85 -7.884435721562711 -1.1476352729849972 69
86 -8.580403635357309 0.41754610228625105 77
87 -9.082441895384223 -1.6687621343574353 86
88 -8.839210672081393 -1.843982696984476 40
89 -8.134750002920477 -0.9183485135712861 64
90 -10.728250495483344 -0.20299779415971886 90
91 -8.940939464734786 0.4543719317121523 63
92 -9.898884535779121 -0.31878215072658694 99
93 -11.116509205833017 0.4061460773769677 68
94 -8.83880942451614 -2.480842358942626 46
95 -9.383404604328295 -1.7285610556209028 25
96 -9.94020501695309 -1.5965550900505965 32
97 -8.360681687534104 -1.4027155895496748 21
98 -10.776964495338069 -0.5025356214466457 73
99 -10.626482999951921 0.32412545770913553 76
100 -8.838483382655964 -1.1040991999471967 78
101 -8.327384633893288 -0.6031015770918681 5
102 -9.246394916489109 -1.0081684790578371 72
103 -9.247506693577122 -1.2687497276919197 71
104 -9.797219676667744 -0.03812746626879825 85
105 -9.940643933883571 0.42833044226674843 15
106 -10.263407849045997 0.529788435030186 49
107 -8.934234516385342 0.6072585870155689 20
108 -9.123418472197564 0.4293479908634885 96
109 -8.217841197736622 -1.5570806366805054 51
110 -9.15024966773013 -1.9452730764220427 98
111 -10.631600555048614 -0.5235570345706725 52
112 -11.088583585152117 -1.8975301848191448 5
113 -10.890053583882667 -0.3180958102069746 68
114 -10.306475449289751 0.914850493473631 97
115 -10.709825047212345 0.24765446974869046 90
116 -10.215688701286084 -0.669973481916768 5
117 -9.685114248079675 0.016458138554596866 77
118 -11.232509670854636 -0.7775984633734844 95
119 -10.114735595721562 -1.385158961657392 54
120 -8.987965211563733 -0.2472533508049708 76
121 -10.580923574510752 -0.9682825573038841 43
122 -10.00049923140118 -2.215981540448525 1
123 -9.791195478882402 0.5975967732542532 64
124 -9.344617380280141 -0.2859002503422525 22
125 -10.746692922435816 -1.7269888724456273 79
126 -10.975435257516983 -1.0768730746477306 69
127 -10.29654818973457 -2.226516510167357 76
128 -10.853919236247409 -0.5930729232310545 48
129 -8.546518920775496 -1.1480704208311285 26
130 -9.253956774985479 -1.6980699532163448 83
131 -9.970199922142383 -1.2233019084502734 34
132 -9.823056355185567 -0.8464265543658525 52
133 -10.137202663269042 -1.7240181058265345 49
134 -9.507704510416925 0.667064489278059 60
135 -8.141253042106895 -1.7146545794809753 17
136 -10.56725181231361 -1.8570987139300312 89
137 -9.421015166701398 -2.001241644780543 74
138 -9.572333568839571 -0.46219633478944067 2
139 -9.551468807727945 -2.027601206279567 49
140 -11.184280800048885 -0.33627127908384646 90
141 -8.733606582721933 -0.37251014125059273 99
142 -8.301725830555762 -1.7482655694966847 92
143 -9.315224770771874 -1.3831254206195358 45
144 -8.545608245868193 0.15773145282567325 98
145 -7.826016772346243 0.02641333545807299 35
146 -8.86327374717558 0.06717233762577121 61
147 -10.385685084121821 0.2733362900444228 96
148 -8.325157540105936 -0.2581332644931113 35
149 -9.541563810624847 -0.819057742968545 45
150 -10.581975352123456 -0.6817916047451412 70
151 -9.659862383321933 1.035028732697494 58
152 -9.202875815908094 0.035463689961053944 36
153 -8.15784385393078 0.34969950769973507 55
154 -9.988179440943696 0.7770924734370979 77
155 -11.051678377479018 -0.46167655498296195 98
156 -9.31865440214102 -2.073384776371023 58
157 -8.280769493184719 0.4715719316720864 100
158 -8.879075805860406 -2.1827341739655397 18
159 -10.802694634702673 -1.4215719990330793 73
160 -9.723786777446938 -2.275906231353347 55
161 -10.116069655368397 0.5576858723099133 44
162 -8.852858265069552 -1.488427133844933 76
163 -7.939593346581533 -0.4767553968736646 46
164 -8.022950463982447 -0.24680834764920292 2
165 -8.815663398700895 -2.0731487601688854 24
166 -9.8415448636768 -2.3445561841793285 15
167 -10.385085480055373 0.7977273916595911 88
168 -8.40980536693605 -1.157869860117463 17
169 -8.264844506867908 -1.135605833561608 97
170 -9.62719606660452 -1.1056890143816671 72
171 -8.18472764164485 0.5307582138246175 2
172 -9.593906372005307 0.8010101253306778 53
173 -10.406526141687097 -0.9612519697885714 41
174 -10.945699424944884 0.5203075678195586 49
175 -9.082322899676367 0.807542618840507 69
176 -8.800465789235288 -1.6511883845658244 29
177 -10.55015548539734 0.7959144601489238 48
178 -10.498299652524777 -0.10585165139621786 61
179 -10.195127323204291 -0.3658937798987097 81
180 -9.707635857040374 -1.94692818384329 72
181 -9.144642872752136 -0.40521412647508764 62
182 -9.470225106419512 -2.415804139899921 10
183 -9.600168458061239 0.5423556395362527 68
184 -10.34449876386311 -0.3851964645753687 20
185 -10.969224884381962 -0.16112727874955526 6
186 -10.63371375427215 -0.7732710959281207 81
187 -9.289001245307889 0.8811641405643882 92
188 -9.82555655972772 -0.5877756786057587 29
189 -8.57985670214257 -1.3446188822639882 67
190 -8.543965954546072 -0.1085014966511523 13
191 -8.245664424200834 0.19263265432955184 13
192 -11.263056702151182 -1.5823549739317915 22
193 -8.79400401045345 0.09906146628123674 43
194 -9.667245998128005 -1.2726116237776173 12
195 -9.969991227078223 0.11852835090607874 54
196 -8.806894476211815 -0.7326409760814935 92
197 -10.758024924758834 -1.1383270009126365 74
198 -10.799566930152022 0.11289471370229304 67
199 -8.169832001287517 0.006447938190282282 62
endpoint1 endpoint2
113 189
3 170
57 163
5 195
26 120
52 98
56 101
13 20
34 123
15 143
116 118
134 198
84 95
95 98
25 162
131 160
78 89
174 187
49 51
12 129
86 152
103 192
62 145
14 84
71 93
18 107
39 116
43 113
100 102
11 72
41 43
4 185
79 82
7 156
84 143
38 135
136 139
139 182
49 52
67 94
141 162
166 170
25 172
118 147
69 128
37 87
151 179
7 149
10 139
123 181
33 173
109 122
36 174
10 26
55 115
8 76
51 174
90 159
71 83
39 106
44 119
7 125
12 72
69 137
33 53
37 80
57 191
10 178
29 161
160 176
111 159
134 162
64 112
50 63
14 41
57 87
58 79
115 146
124 137
53 131
58 62
153 175
88 95
16 145
35 143
135 152
10 12
12 165
72 136
67 194
168 181
48 96
12 126
142 148
36 116
27 84
34 62
41 144
42 46
72 143
37 164
3 108
4 102
134 156
47 192
51 133
33 111
90 104
163 169
92 193
76 139
7 104
27 188
30 155
128 143
56 167
173 198
29 140
12 196
34 57
41 153
83 169
110 135
51 138
1 31
58 88
188 190
11 98
52 171
22 61
78 142
40 183
58 186
82 123
83 174
66 138
13 92
72 189
45 150
120 169
52 178
36 97
78 145
103 187
125 138
34 75
186 197
83 183
35 56
51 152
58 106
170 189
98 133
7 87
27 131
68 71
6 149
103 176
86 104
24 84
10 43
113 159
24 195
189 194
67 167
145 164
165 169
99 173
101 177
50 164
15 60
71 179
64 131
102 144
178 183
15 173
18 131
132 143
79 128
141 146
91 133
4 65
23 146
88 97
124 186
68 158
147 156
39 90
116 130
26 108
13 151
36 133
106 193
91 98
19 180
39 194
23 51
9 132
32 168
96 181
149 181
44 45
11 188
106 185
41 95
6 113
27 28
102 133
12 149
110 197
3 23
90 177
109 190
75 114
20 164
16 41
54 90
151 174
26 126
7 176
131 194
100 168
137 162
30 98
92 98
96 101
90 184
110 191
122 194
117 184
26 121
13 130
178 195
162 165
90 131
18 113
80 117
44 139
92 159
57 171
98 178
101 199
84 129
174 184
52 106
86 153
92 112
59 121
65 146
90 138
109 169
113 174
80 108
100 103
11 75
128 173
131 168
4 186
77 198
6 194
10 129
33 171
80 138
136 140
108 133
35 104
112 192
3 115
51 168
152 187
48 124
57 181
78 168
15 116
83 140
55 114
8 77
62 128
87 136
36 71
131 150
5 38
8 171
35 137
18 179
105 128
107 164
92 93
37 177
3 97
62 139
49 182
32 106
51 182
76 150
5 158
12 64
15 122
17 36
20 119
40 195
49 94
175 191
161 175
89 199
40 82
8 123
62 178
120 149
26 141
33 85
0 154
146 153
76 141
168 182
44 102
48 97
153 183
184 197
10 52
101 117
164 171
40 89
28 125
29 105
51 132
53 99
124 152
142 156
19 28
167 172
103 132
34 54
185 194
23 24
63 161
10 63
83 168
157 188
90 193
17 167
184 187
38 42
39 184
42 185
68 195
54 106
2 132
96 156
25 144
55 137
2 55
78 143
100 152
29 132
25 127
66 139
44 188
32 118
53 117
78 103
170 179
43 67
7 89
75 185
27 58
104 194
41 138
60 162
6 34
82 115
66 130
68 162
23 159
51 155
73 138
1 104
121 150
19 51
75 190
103 179
18 137
19 160
25 73
3 75
23 148
118 169
165 168
121 159
104 161
69 71
75 183
61 120
178 180
125 155
24 92
108 196
73 180
2 104
27 144
41 108
5 126
10 75
54 144
56 58
21 158
91 157
74 127
93 177
63 83
120 198
79 115
26 109
101 162
30 113
86 114
89 142
108 171
19 183
65 181
118 178
67 157
96 182
46 115
104 150
52 158
6 118
31 138
125 166
3 22
70 98
143 168
113 186
22 129
9 140
129 176
41 54
11 180
88 119
10 100
75 106
20 172
11 92
41 63
16 176
38 139
6 96
136 159
1 189
84 89
44 132
100 121
30 179
53 173
151 191
154 186
12 44
35 149
130 163
63 158
15 150
37 133
138 178
49 130
70 87
26 72
51 64
108 119
56 117
38 133
20 91
24 30
61 167
17 193
0 7
164 176
21 196
120 129
65 106
71 84
22 173
16 22
129 156
78 169
13 172
179 188
52 121
0 111
37 38
113 125
42 51
135 164
66 173
88 194
14 181
13 61
26 43
68 127
50 149
153 164
30 55
113 118
25 98
64 195
155 188
17 179
26 131
46 198
32 107
2 184
43 102
45 193
30 175
69 112
73 117
36 79
58 60
4 144
60 159
157 169
55 67
40 83
111 166
4 121
3 105
23 122
8 124
85 114
33 84
0 155
99 138
69 121
19 22
172 195
34 60
184 198
4 96
47 194
90 118
109 133
163 171
165 179
92 195
43 84
173 179
47 179
69 98
124 153
70 197
167 175
61 83
64 185
103 135
34 55
19 140
40 178
50 87
68 189
91 187
43 60
28 117
54 107
25 151
124 144
77 155
176 180
103 188
25 126
83 176
106 115
115 195
28 76
170 176
99 161
121 140
16 96
36 99
59 194
98 123
100 128
87 95
114 155
86 198
189 199
8 24
28 75
22 82
81 185
83 96
121 149
104 187
12 28
41 97
24 39
100 143
47 63
72 173
24 197
23 151
122 165
70 150
50 162
129 196
6 130
81 195
139 152
23 63
6 29
31 47
149 161
98 149
81 171
26 99
88 99
16 85
17 89
56 76
5 125
86 120
15 180
20 33
82 93
65 179
138 148
85 176
88 129
32 147
2 96
96 176
149 170
11 185
124 179
17 82
77 184
42 106
66 116
139 150
89 141
108 164
24 171
70 104
91 149
74 103
3 161
96 183
7 181
177 199
27 30
155 197
13 31
71 115
74 110
115 173
7 29
67 133
72 88
95 142
117 189
119 169
46 123
124 193
131 196
41 70
86 141
34 127
65 134
13 105
141 180
20 173
39 67
44 142
63 73
47 131
11 95
36 45
92 130
61 148
67 85
108 145
40 113
0 185
99 104
63 118
105 113
32 191
69 155
16 25
154 187
103 108
36 187
37 51
130 160
150 167
12 188
134 188
138 179
22 171
12 85
69 132
94 148
6 192
9 55
119 180
84 138
13 178
55 198
58 147
6 83
105 148
45 189
138 186
43 107
9 175
28 138
72 116
56 142
22 29
27 66
7 150
0 96
132 178
150 177
31 86
107 161
144 181
111 147
120 137
89 100
87 138
57 83
39 103
69 118
34 184
73 115
117 154
156 176
30 52
33 187
18 177
113 117
66 165
14 189
162 199
40 109
39 143
50 58
140 184
1 9
116 196
28 152
69 127
148 191
62 86
27 80
10 184
31 183
17 26
35 176
138 196
12 160
101 145
27 41
11 198
51 95
38 166
41 149
132 175
43 169
135 146
107 148
90 196
110 131
134 147
140 174
109 132
57 102
12 112
177 183
73 102
36 126
75 141
176 190
35 190
101 124
72 185
163 194
33 101
96 158
99 187
44 86
100 154
83 194
29 130
134 141
29 121
69 194
54 99
58 110
22 88
46 82
30 136
55 128
62 114
40 161
10 47
49 120
141 157
8 25
71 183
41 96
42 126
5 10
102 156
66 104
111 194
39 161
120 186
143 199
145 153
95 149
27 157
123 129
12 20
36 146
6 131
100 183
31 153
89 130
0 40
54 159
112 178
28 43
66 146
20 138
23 175
11 50
32 157
87 178
89 92
79 116
56 77
67 120
4 75
23 164
70 129
98 173
26 107
30 119
19 185
25 34
49 100
88 137
91 148
17 74
155 196
139 142
92 102
68 143
90 188
113 184
63 67
36 39
78 83
103 121
12 56
5 87
102 179
34 124
162 169
13 104
141 179
71 107
75 108
4 32
23 179
41 61
154 177
104 134
33 158
125 197
20 87
132 198
139 188
181 196
55 96
96 127
59 101
32 65
143 184
53 58
113 170
25 166
28 181
30 177
53 171
4 190
27 119
156 164
103 111
123 187
71 134
112 125
61 172
105 146
14 169
25 62
64 111
138 176
32 88
14 88
39 112
5 160
152 183
129 153
148 163
22 27
5 49
27 76
135 169
139 170
30 90
0 25
1 141
26 191
117 126
120 131
84 105
18 94
26 46
9 174
47 153
50 152
53 189
4 172
78 175
119 140
175 197
160 189
52 123
36 170
113 115
80 132
30 93
144 182
71 79
48 118
12 68
105 107
93 111
13 163
0 120
181 183
37 45
113 116
38 181
60 130
83 150
66 162
127 170
55 68
39 142
97 131
22 194
48 158
67 193
22 189
105 108
37 69
93 104
41 147
82 138
72 140
53 103
163 164
76 136
21 78
7 111
101 144
29 30
12 122
68 111
128 140
160 194
33 180
17 18
130 156
90 197
17 163
40 92
39 188
32 123
25 140
117 195
43 86
103 129
89 165
63 162
43 62
87 169
56 195
110 122
99 186
98 126
61 106
172 179
13 199
0 68
41 134
161 183
116 170
73 134
110 125
1 20
58 111
44 78
7 90
17 116
77 146
62 115
84 196
47 48
31 170
19 156
77 99
23 43
14 97
110 149
73 143
53 123
1 109
24 41
42 127
6 137
86 108
35 84
0 82
28 92
143 198
22 107
8 144
52 140
6 128
102 148
85 196
112 179
21 146
132 139
141 142
17 128
69 188
34 142
74 194
117 160
26 97
47 94
87 100
3 45
46 141
138 146
85 190
32 38
13 124
22 138
98 170
121 174
2 17
31 142
50 107
40 45
8 54
7 38
99 119
63 69
73 171
102 185
20 49
70 97
53 55
63 66
129 181
75 199
149 186
178 196
82 181
105 167
89 157
91 116
14 79
147 183
3 145
51 198
94 168
154 190
51 119
36 190
56 106
76 85
132 199
133 170
181 195
96 112
62 147
84 100
88 159
147 188
57 62
99 106
9 163
56 130
154 185
155 170
162 184
41 199
141 164
166 180
26 36
123 194
17 53
60 141
12 181
17 198
39 155
59 114
121 122
109 158
0 137
53 188
13 169
31 195
15 112
18 180
113 114
38 179
58 152
67 74
72 159
62 132
90 152
143 150
74 139
148 195
25 184
11 125
50 144
34 182
93 110
57 194
119 132
54 172
43 189
64 198
136 190
161 170
169 186
4 125
163 190
194 197
177 187
128 182
2 38
94 143
41 146
81 123
66 186
72 141
3 106
39 134
65 114
45 166
14 53
109 137
53 151
37 77
167 179
5 20
160 195
181 184
136 172
72 180
74 85
38 55
3 83
18 67
74 164
68 87
124 148
17 121
5 29
61 80
62 70
172 181
60 168
102 120
85 144
18 43
184 191
188 196
65 76
70 160
93 193
76 191
95 184
121 136
11 153
195 196
124 147
52 176
71 195
18 147
82 116
88 168
3 65
39 173
4 81
32 138
1 107
76 182
128 146
19 46
103 182
18 138
0 92
79 185
39 170
33 117
70 146
115 122
167 198
47 75
126 133
75 178
42 124
31 146
0 83
49 119
107 114
67 170
81 183
104 165
11 140
52 141
17 101
2 28
80 190
66 97
14 193
35 92
54 157
59 66
60 76
63 193
45 107
68 156
106 107
88 189
70 125
17 135
120 195
34 143
36 52
79 118
11 133
16 72
67 122
89 137
60 75
25 95
71 126
110 175
42 128
104 147
126 190
36 130
42 105
10 126
105 180
35 74
68 130
32 62
4 60
99 118
63 68
34 129
73 170
8 134
27 98
123 150
71 108
20 161
22 133
95 122
80 124
8 62
104 129
12 58
33 155
40 141
116 117
18 115
7 23
16 37
117 131
123 164
17 58
35 144
41 76
5 94
107 191
33 75
71 98
0 188
151 187
8 187
26 77
33 149
108 116
71 128
19 102
24 27
31 109
0 179
38 96
166 181
152 185
48 122
34 165
41 45
7 154
56 121
10 29
86 149
158 173
24 145
84 107
87 142
71 80
18 92
148 197
47 155
32 192
4 174
102 194
31 194
0 99
20 110
64 192
164 187
37 179
23 96
134 173
87 135
4 149
78 180
52 76
18 172
19 125
40 193
58 160
25 102
10 15
157 172
89 193
91 168
1 157
55 70
49 169
32 111
33 87
85 117
115 152
12 125
68 98
55 185
2 39
59 186
22 34
119 156
52 75
38 162
20 124
41 145
10 54
105 140
31 65
107 144
120 154
14 58
73 145
168 187
101 158
16 127
97 100
167 178
89 162
60 146
10 49
11 18
73 154
0 150
43 72
34 192
53 159
56 173
36 121
61 111
100 158
12 194
185 197
76 103
132 145
25 121
49 67
68 185
106 116
97 148
90 125
53 119
121 143
52 177
37 126
93 113
77 151
84 191
34 74
59 62
6 44
45 127
68 160
72 163
111 185
45 144
67 191
92 173
25 156
126 131
77 144
98 119
31 148
108 188
10 42
66 159
13 79
141 154
93 161
97 166
45 137
54 121
165 170
22 86
89 190
87 193
17 141
39 162
97 191
70 138
26 100
124 185
2 29
67 116
91 155
38 75
97 176
44 166
32 144
16 58
124 176
19 68
106 192
59 90
24 168
68 132
96 197
26 199
50 193
16 49
36 131
91 120
92 106
127 132
111 117
19 186
24 175
46 154
50 105
38 69
8 56
28 171
122 186
32 174
95 141
10 151
36 138
20 76
41 65
133 166
9 104
87 116
37 149
55 111
21 171
