nnodes nedges type
200 1500 graph
nodename posx posy weight
0 6.873000548924124 -0.35836836798369937 12
1 4.8858471388687095 -1.1090646451385837 83
2 5.484591079595747 -1.786674068651036 11
3 6.143808903440012 -1.0698334072612548 15
4 6.268217415174388 -3.1370954990908095 100
5 4.130311384680235 -1.9808671309665802 89
6 6.198171072143117 -0.5142531354984804 32
7 5.506232759752833 -2.2136472631221977 72
8 5.464726966884207 -2.0221735922040005 90
9 4.676653577449594 -2.035052300892939 2
10 5.398629906869156 -1.5368270196573937 17
11 5.767047286323437 -0.3326632611110866 93
12 5.028098478203298 0.10228916857252268 39
13 4.220395231135412 -1.417714042356762 92
14 4.690684397092164 -2.1915977386718426 52
15 5.201166315690016 -1.6040624507674917 92
16 5.187957442234697 0.24408320632908415 69
17 4.5804747333649765 -0.8567516148808256 8
18 4.037590378642019 -0.858428395788281 75
19 5.737711411585112 -1.5019436005781277 45
20 7.072210024516837 -1.6332830930481435 37
21 4.5522052799718145 -0.19621047964386298 5
22 4.388078889523346 -0.4196583227115236 20
23 4.14082354879171 -1.0760074277783362 30
24 5.258328046866443 -2.2601787220663008 13
25 4.504852144566346 -1.0201398173257274 76
26 5.722688134870194 -1.1738860158534894 58
27 5.493293535370894 -2.568745556490597 74
28 5.8242990291228685 -2.2695458895990344 22
29 4.884729198776535 -0.7761272590444136 14
30 4.789009081677417 -0.43678967067455476 33
31 5.172797831315525 -3.149380035296385 56
32 6.815436943084379 -1.066809021655673 29
33 7.224441821147604 -1.1803705679095475 97
34 4.6352036531902865 -1.612900863075974 22
35 6.681255307812518 -0.6665682799182616 91
36 4.332768051553355 -0.8071247453028457 27
37 6.44034928907678 -2.7053763108403523 19
38 3.875789699248953 -1.2296167749525209 60
39 5.789157119580745 -1.0127375069522446 61
40 6.232098720859988 -1.5715039808790994 59
41 5.104567252321242 -0.15307427522509306 10
42 4.2651035229850525 -1.2143192741972 78
43 3.6555785950232833 -1.3518353867766133 88
44 4.792857024947414 -2.9435176057245074 72
45 5.837252956312358 -0.6624740571099932 25
46 5.893928936495528 -2.0872815503240467 77
47 3.878719813579173 -2.5259334144636107 23
48 4.614875786447607 -2.703482570381329 39
49 3.9889855793540185 -0.6607398664512156 76
50 4.043657214397414 -1.914928674075554 69
51 4.321939375062495 -1.6858615198092446 54
52 5.001792778437508 -1.3076172631754657 44
53 5.155844704599326 -1.2214496970513977 47
54 6.056058689611579 -3.170700818841897 80
55 6.487906082474297 -0.4209033747594661 33
56 5.7753327112809245 -1.7734255524178932 69
57 5.512417529620199 -3.0459538091808227 14
58 7.466979351263467 -1.2632701603599878 21
59 4.9095551006272 -2.2430157332990834 19
60 6.127253602738026 -0.4915217013755872 72
61 6.597695593919771 -1.9413722940465896 32
62 4.721222713645058 -0.5326089305236741 60
63 6.398537563863509 -1.0203268222932524 63
64 3.8745114834827845 -2.6195255458173676 26
65 4.045926856378101 -3.0398875594364902 50
66 7.150198425689953 -2.3708844801586 3
67 4.876127489699297 -1.5602535709521412 23
68 3.9381122178454704 -1.3732674800112081 6
69 4.96901133629772 -2.525988973886602 18
70 5.630539110650701 -0.019726324851604554 93
71 4.593928494964322 0.2944586518162202 15
72 5.580500550807932 -1.9434283448617842 98
73 7.18356538940091 -1.0730854733739277 60
74 3.880186631454559 -0.8769645588172236 27
75 6.390211214392431 -1.4912907754383071 44
76 3.8986627476344635 -2.188424660217087 77
77 5.066556650150855 -0.9901279138182713 26
78 6.6767527651475 -0.8451391693391127 4
79 4.361483779436689 -2.601679961572364 95
80 7.059574808267802 -2.6417979431796725 98
81 5.1766448869481785 -2.397119867340422 15
82 6.18063468500351 0.010517634708254918 50
83 5.311054627118287 -0.8107760863400308 86
84 4.209670116651176 -1.6362556509637587 7
85 4.543052618197604 -2.329670763526411 26
86 6.558240482921019 -0.5561129205351407 7
87 4.5143017747787475 -1.2281585336560255 6
88 5.882064067190837 -3.333427617047371 49
89 4.385264895892542 -2.907784332676047 33
90 4.578811124259386 -1.383583007127102 50
91 5.690755773911431 -3.280872433176984 1
92 6.685595640263132 -1.3356643492293763 63
93 4.960378743057926 -2.107134984138752 48
94 7.074674464348613 -2.1348549116968485 27
95 5.097284640151045 -0.7785766186297065 4
96 4.238418921301056 -0.674520031565238 3
97 7.45553170363081 -1.5901717806620173 52
98 6.210815642938151 -2.7716156990728025 53
99 5.408375064166847 -1.2287731118224556 92
100 6.391660641846349 -2.5419303104938145 19
101 5.456498520859483 -3.1036633087293914 57
102 7.2115738705765144 -0.6014309576651695 32
103 5.484944493740092 -2.6875177202195775 9
104 6.780270028356154 -2.0117286478922187 46
105 5.54397904950531 -0.6171954734035696 11
106 6.110910791492132 -1.3754323780233477 16
107 4.832538746751696 -0.24973399481799718 43
108 6.772417961591127 -1.2200575141563914 94
109 5.33323764553112 -0.4674783936961462 44
110 5.810647705741449 0.10618551458770568 63
111 4.829465038906524 -2.5802691327768508 4
112 5.563672808950985 -1.2875785662822132 26
113 5.82244187304776 -2.9268738595155797 100
114 6.627197058018271 -2.9761964371739538 4
115 4.579724516800599 -1.8920551413751228 36
116 6.613613431793176 -0.12066231606136853 82
117 5.031639497587912 -1.777317262496917 1
118 4.5532042717340175 -2.5327564494189723 86
119 6.380247218061809 -1.3378290919619829 87
120 4.562028624587905 -1.726602201570217 41
121 4.605455473616668 -0.5429832045572083 66
122 5.194172632206616 -2.826097201572714 7
123 6.793178592239864 -1.7989198754674813 66
124 4.9007581415003445 -3.148827286003639 7
125 7.380918648494387 -1.969591501487126 96
126 6.701675017481319 -2.625844317445001 65
127 6.4513085908823875 0.12125952208051416 58
128 6.266010962722508 -2.0405134015302204 61
129 5.759259612588262 -2.530596557419699 99
130 6.806139403128 -0.7442552242272437 30
131 6.343818702967632 -2.211028525401125 70
132 5.895362538016389 -0.22766154707697298 26
133 5.942512973243953 -1.7049599342362385 46
134 5.008375397949058 0.346453917213284 72
135 4.293465249981362 -2.0142052586922112 76
136 6.518326779831809 -2.9344061150847844 18
137 5.551908737159889 -0.28006701862606137 99
138 6.146483786012738 -1.2682419381957821 90
139 6.919122397503692 -1.9105020123585803 85
140 4.687201738164847 -0.07700927291373606 45
141 6.521600385316564 -1.7466027632054204 54
142 5.671344733285393 -0.3996949862767664 76
143 5.201814005747757 -0.33436894982804694 3
144 6.053497074074996 0.41816666008435827 59
145 4.746181363101663 -2.8107534114663544 61
146 6.36931990236566 -0.23757737363670592 7
147 5.936140041171831 -2.6213341040208 49
148 4.503154641775764 -0.3001223078839973 12
149 7.393561419907024 -0.12263818456400791 37
150 5.204870604928538 -2.989831590767597 34
151 5.486669227678904 -0.9821664230867941 72
152 3.7359312753492775 -1.5855295919389207 51
153 6.233636001424957 -1.8635285899716785 57
154 7.006755382162009 -2.484391483777151 31
155 6.151010142483427 -2.9701434982840014 46
156 5.39672051127319 -3.440981786552279 33
157 3.855395528532422 -1.7911470836477863 37
158 5.981963812884393 -0.3871423487021722 87
159 6.966984291046374 -1.3332145116634286 100
160 4.684840396059232 -1.010645640977719 82
161 6.193669385866887 -2.422731161343427 74
162 5.994201822500846 -0.8216481181006989 26
163 6.994275457925055 -0.9692136571117067 43
164 5.0016122610997416 -3.379557224642157 29
165 5.406180390323254 0.04662159786258956 76
166 5.628939324801501 -2.6706936401308607 4
167 6.295053263554599 -0.7816218349556523 13
168 6.09947670842437 -2.8574111156503674 65
169 4.072200658740072 -0.42096870268442454 7
170 5.266074056213977 -1.9946936281313137 51
171 5.735990389211621 -0.7966145753023741 89
172 6.545104120052603 -1.049630508384206 99
173 4.3740534290555555 -2.382160809005984 87
174 6.6987781776080375 -1.5162270649583927 64
175 5.044535113566709 -0.621346429895334 69
176 3.988518079622764 -2.1530330234656367 31
177 5.946875567143513 -1.5502508407309192 93
178 6.48674379144616 -0.9204212962438519 21
179 6.077729368163103 -1.8144645551704435 13
180 5.730014128740101 -1.8511730378628606 32
181 5.136953192516448 -2.6814726921497445 65
182 6.009214633486829 0.12829088972326344 61
183 4.377498071436186 -1.3451504693861498 5
184 6.681951220821678 -2.2081668902527705 37
185 4.6930546941534566 -0.7442834123985979 26
186 4.8582970147948155 -1.865986095425701 18
187 6.899727312712379 -1.6316695262532628 3
188 5.363608562918134 -0.27114606533850694 84
189 6.7988056921856375 -2.3758423310356407 54
190 5.745243842521177 -2.2026792690929717 36
191 6.034164023142012 -0.6559638884489941 13
192 5.458707560684826 -2.3811124670548836 2
193 4.42011538307373 -2.198642242937225 91
194 5.662169212674225 -3.1570232525424196 31
195 7.333983723946341 -1.9478052543051119 74
196 6.211220486685761 -2.226130119552712 35
197 5.234588671743608 -1.4301343892402427 31
198 6.537753604420189 -2.437948817524451 76
199 4.468409875759125 -3.0926597168908696 13
endpoint1 endpoint2
50 96
74 106
9 183
29 44
67 137
95 138
22 117
8 142
52 98
41 74
35 123
20 58
25 49
84 95
88 154
57 59
166 184
43 120
57 164
148 152
119 162
47 124
11 160
20 82
76 87
61 144
181 193
60 104
46 175
51 160
109 170
9 161
48 68
69 135
34 171
117 139
160 162
79 195
157 192
14 172
3 112
26 179
135 194
146 175
39 109
80 98
43 118
69 128
17 43
112 119
132 183
5 79
133 154
10 26
107 172
89 103
1 51
4 24
171 178
73 78
51 76
24 106
6 78
107 165
24 153
62 138
8 194
56 153
55 163
75 154
4 150
6 182
33 191
34 39
132 165
82 142
135 152
161 168
72 136
84 122
33 86
0 153
58 86
25 135
7 115
37 66
78 188
5 41
154 155
9 46
29 179
31 179
52 84
35 180
17 30
164 170
23 113
8 97
47 192
85 125
14 59
89 122
87 148
7 104
177 178
95 197
153 185
9 87
16 143
0 73
112 147
81 114
144 158
180 191
74 83
11 21
87 173
27 181
52 171
75 129
167 170
78 142
4 131
100 159
161 194
52 90
19 147
41 130
6 42
66 138
68 186
91 190
40 70
28 114
51 147
145 170
168 170
43 64
101 143
69 86
56 181
93 112
4 138
62 79
29 158
18 145
21 132
17 146
164 199
1 105
76 176
39 60
121 151
17 105
62 118
178 188
54 129
60 184
62 193
118 168
28 64
53 120
92 165
79 98
99 173
47 85
19 57
34 93
3 32
110 163
29 71
69 176
95 145
98 151
104 167
61 114
52 62
56 57
112 182
59 68
25 84
45 105
108 194
110 170
147 156
25 197
50 199
98 174
7 66
28 197
106 190
126 181
77 186
19 180
20 46
114 129
23 51
13 121
91 147
38 67
3 191
26 196
190 197
99 115
32 168
34 132
2 125
4 198
152 199
177 193
71 158
100 161
27 28
40 129
114 184
96 110
68 140
38 122
115 171
32 175
59 141
46 117
103 124
87 119
3 28
24 183
75 107
54 93
92 128
46 124
47 118
174 177
178 195
106 171
126 174
86 134
59 96
8 39
28 186
76 193
59 155
151 188
119 189
108 127
35 146
54 199
19 99
37 53
79 197
67 88
12 130
49 50
141 168
109 169
2 174
38 111
21 45
166 176
147 193
105 116
16 30
78 161
27 75
13 180
179 180
130 189
82 162
86 144
14 173
0 6
66 196
33 66
128 164
79 90
8 164
27 64
56 123
24 100
136 179
182 192
40 100
138 167
146 167
44 112
36 71
129 150
5 38
61 73
26 93
103 153
160 177
113 119
58 167
63 138
31 93
113 192
120 142
22 190
26 53
2 42
59 167
35 142
18 170
41 174
133 139
175 191
8 123
67 197
32 97
70 178
25 134
58 198
153 183
119 158
52 85
77 123
81 120
136 168
82 134
3 111
4 103
25 30
26 148
62 181
23 112
1 5
19 28
4 133
5 17
78 132
136 192
9 86
10 172
89 160
16 128
17 22
60 172
61 197
49 72
187 198
26 159
51 141
90 112
21 83
22 67
43 74
44 84
55 137
75 128
136 199
83 192
103 189
34 49
112 139
60 171
79 180
82 120
13 91
15 198
115 192
62 167
57 114
121 141
9 64
132 154
85 166
50 72
46 87
75 190
178 189
40 166
82 106
31 39
72 172
20 129
23 148
57 124
94 198
21 110
95 171
76 168
47 84
90 165
75 78
116 132
29 70
87 176
73 180
129 173
106 180
88 98
61 113
20 32
23 53
60 62
42 132
44 160
3 198
81 173
83 116
11 134
16 75
87 96
34 108
43 134
116 138
8 51
48 90
72 80
94 187
81 166
38 153
41 94
77 178
108 162
50 103
90 190
39 75
72 87
142 165
54 91
95 143
36 180
42 95
59 106
32 72
80 127
5 176
9 181
57 161
26 70
100 193
119 167
12 53
15 24
20 85
125 184
92 122
114 171
65 152
84 89
18 110
146 187
183 194
113 180
98 192
27 196
30 179
105 114
117 128
30 194
58 139
77 93
150 166
37 133
117 119
46 173
51 162
70 87
12 84
105 123
128 174
57 179
151 180
58 146
135 175
40 126
168 194
152 188
34 160
35 131
24 101
150 176
72 156
39 151
89 101
71 77
0 141
74 140
2 161
171 180
72 122
13 165
0 102
130 140
136 187
135 157
83 148
137 198
21 71
115 148
105 110
59 166
78 187
6 180
7 133
31 180
12 167
89 198
72 138
1 146
26 138
28 150
93 99
59 191
167 182
22 33
84 173
110 130
111 175
3 110
97 159
28 126
68 197
141 196
163 171
0 146
27 190
101 155
72 111
18 157
130 153
77 115
24 65
74 81
48 129
28 117
57 104
12 110
19 36
2 52
5 25
64 176
18 148
40 185
81 105
75 90
111 189
40 72
134 140
120 171
96 148
104 180
71 191
94 100
42 118
62 77
112 131
3 52
77 101
13 83
72 166
93 165
62 175
29 115
33 112
1 111
21 100
95 173
27 133
129 195
61 126
84 193
103 178
108 191
18 134
3 61
81 91
45 117
102 110
13 76
141 151
18 25
97 187
189 192
120 185
98 154
121 158
24 46
61 119
119 122
125 154
65 186
32 45
88 186
14 109
35 40
74 117
39 95
7 54
67 174
69 190
1 121
92 190
101 184
106 196
54 145
45 103
90 173
91 156
1 193
190 192
9 129
120 199
11 40
50 197
53 72
9 18
124 179
125 172
1 169
21 23
115 164
99 117
67 156
53 81
128 195
117 180
9 27
121 177
19 78
27 30
102 187
70 99
75 116
3 166
22 134
11 38
69 169
73 174
36 38
54 88
53 90
94 163
131 183
11 183
19 196
8 83
21 25
5 191
122 192
131 188
100 194
123 163
5 81
6 97
61 148
135 184
137 169
67 85
84 90
18 111
109 174
3 148
22 144
152 175
4 46
99 104
29 34
104 125
142 180
92 153
2 68
78 92
15 96
139 178
55 126
24 135
117 118
46 178
34 166
1 87
148 162
10 143
41 185
5 67
105 148
3 117
49 186
109 160
4 28
63 100
11 66
34 161
131 147
150 198
117 145
160 188
113 124
132 178
80 131
14 186
127 162
85 111
14 37
2 190
27 170
128 189
131 152
171 196
8 173
7 143
33 187
54 174
61 184
60 112
8 118
48 157
109 146
168 177
68 103
36 72
167 184
9 42
40 197
76 118
130 132
61 177
63 189
13 46
111 161
1 2
168 184
22 183
170 196
26 58
27 184
28 151
53 137
19 25
59 190
51 95
60 151
23 29
101 115
49 85
72 178
38 49
165 178
95 177
52 175
15 37
19 30
172 187
30 41
34 52
130 150
6 54
10 61
157 186
72 185
91 186
62 162
54 104
16 106
56 177
60 165
63 168
49 71
157 179
88 166
62 165
48 185
170 177
191 197
15 88
112 132
40 161
25 70
45 123
31 56
17 151
164 194
113 155
48 176
122 155
98 128
81 184
36 107
94 108
60 196
19 162
24 87
91 129
165 197
9 150
45 133
69 180
1 103
129 170
94 196
121 157
24 47
61 118
139 155
86 102
24 94
6 18
14 29
145 146
129 163
81 170
8 150
71 165
66 122
19 176
81 84
14 117
8 14
50 194
27 107
9 17
16 77
77 183
42 107
35 72
91 103
25 34
133 193
138 156
147 166
22 140
63 90
121 199
29 86
67 159
36 56
2 120
83 127
177 198
36 143
102 184
86 139
158 179
34 101
111 113
25 43
84 85
23 186
8 60
36 39
41 52
100 196
12 56
15 29
158 186
20 63
84 92
138 142
90 135
0 163
113 177
80 113
100 124
54 80
129 143
42 68
78 197
133 171
82 175
6 102
181 196
26 173
113 170
3 151
95 110
48 65
78 93
151 185
10 133
47 120
123 187
16 169
19 100
42 79
45 50
83 131
108 137
3 15
59 122
120 124
109 166
0 177
74 152
115 131
7 11
28 140
56 136
146 195
128 160
29 171
16 160
130 184
108 128
35 109
1 141
15 153
51 173
87 140
168 196
26 46
104 108
50 152
53 189
56 143
33 161
24 103
6 75
46 189
84 112
138 162
32 86
143 151
34 185
128 190
119 133
17 32
19 123
43 186
137 196
175 179
30 68
72 133
57 91
115 150
99 135
7 118
55 191
57 196
0 127
112 153
40 198
24 117
25 105
83 159
170 197
99 140
7 111
11 104
177 189
97 102
98 108
18 160
63 165
31 76
55 90
3 80
25 140
15 36
19 33
22 62
61 81
31 164
15 85
132 151
101 123
85 145
39 181
87 169
2 131
76 190
95 185
121 137
47 186
17 115
55 138
5 7
78 146
172 179
161 198
21 135
6 46
83 178
164 196
4 80
42 175
120 173
15 42
75 186
2 13
24 34
64 137
102 154
47 48
87 89
10 44
49 127
110 149
94 194
39 56
81 191
7 83
129 193
5 9
9 78
27 52
125 159
108 185
132 140
81 89
28 45
68 148
35 37
186 187
120 187
28 92
53 68
2 108
94 197
123 128
81 193
64 135
91 104
114 139
85 181
50 121
93 181
40 63
97 178
44 164
2 103
78 127
98 147
66 123
103 162
15 182
56 61
50 112
70 119
20 146
39 86
73 162
46 111
13 147
2 17
0 39
40 158
28 58
72 196
20 153
42 138
63 69
92 142
9 25
104 153
13 140
61 128
15 132
37 151
147 174
29 46
151 170
119 171
106 172
52 96
41 68
42 90
6 108
82 181
158 187
13 22
31 124
162 166
60 87
109 179
44 136
151 163
26 69
8 179
11 174
160 169
106 151
52 111
125 196
54 192
102 171
107 188
55 99
40 115
96 112
90 143
5 166
7 13
33 37
69 153
128 170
8 186
119 185
106 158
52 118
41 182
102 162
105 145
14 174
15 147
23 83
44 126
7 10
63 121
29 57
12 87
131 172
117 150
12 38
36 172
112 117
83 139
10 28
112 196
21 193
26 188
32 80
43 109
36 68
2 84
129 145
153 160
30 51
160 190
19 117
41 160
67 74
1 133
4 118
138 163
90 152
146 163
80 94
43 98
27 172
105 106
32 198
53 133
128 191
55 161
10 191
15 121
0 121
19 122
20 116
133 142
136 190
63 182
157 173
12 171
161 170
18 62
24 158
70 191
57 90
25 129
30 146
142 150
22 45
62 84
81 123
82 139
63 191
1 151
37 166
55 92
97 155
11 26
168 186
26 56
59 176
167 179
176 185
35 187
77 119
23 31
81 124
101 113
10 48
85 151
40 93
42 186
187 197
26 144
45 159
11 19
73 155
18 67
110 112
11 96
177 181
34 50
37 199
19 145
6 52
101 122
49 76
4 106
116 172
7 92
83 87
46 73
47 69
101 129
15 44
73 109
55 133
77 152
78 147
118 122
89 173
34 77
41 133
59 63
79 176
106 126
107 132
67 188
53 113
1 107
11 158
69 81
56 186
62 112
84 197
114 150
21 143
132 134
60 190
81 103
10 45
3 70
116 178
45 138
92 171
118 197
46 91
68 76
52 134
77 138
6 142
10 69
102 146
119 126
24 89
23 35
6 25
66 153
70 122
17 142
91 131
38 83
28 93
11 63
67 170
129 168
76 164
7 75
119 198
46 98
31 155
127 151
20 37
23 56
45 107
46 139
88 189
2 100
21 115
149 174
117 175
5 122
61 141
137 178
19 178
65 176
45 100
95 116
48 167
53 85
152 197
83 120
51 99
56 86
10 126
92 105
1 174
143 175
44 155
67 129
41 49
46 119
131 192
86 137
87 117
162 172
91 126
111 115
48 198
32 53
13 109
14 69
28 161
2 113
103 123
36 176
76 95
77 167
10 96
156 199
34 122
24 188
8 86
88 153
29 38
52 104
135 181
139 190
103 193
162 190
20 192
62 144
32 67
159 192
95 104
100 101
11 73
5 54
81 141
119 184
174 189
123 189
37 48
76 77
83 133
155 173
40 123
39 157
24 138
116 123
140 142
99 146
192 197
48 122
72 112
151 176
9 52
35 158
18 186
0 108
61 163
139 172
12 182
86 149
42 199
23 107
64 120
120 133
84 107
163 179
57 79
115 138
99 155
30 161
94 130
119 142
109 116
0 99
135 160
67 77
88 198
111 156
39 147
97 136
51 180
58 78
72 126
53 132
167 188
10 188
130 136
64 199
63 177
30 74
31 88
14 128
89 193
24 159
48 111
47 169
28 155
177 186
69 124
124 135
2 39
27 85
54 164
19 130
136 166
135 150
65 192
175 186
40 87
8 96
45 165
168 187
7 105
124 158
56 166
55 182
58 195
98 106
173 199
185 188
110 134
169 171
187 196
67 177
50 186
55 143
98 101
62 71
10 169
25 121
107 142
188 197
48 133
28 113
140 160
22 68
25 155
112 128
186 196
86 195
14 15
57 117
52 184
55 157
61 97
89 181
125 132
112 135
141 154
39 165
65 93
14 22
75 181
77 137
6 143
27 54
10 66
15 162
38 193
17 141
97 191
28 94
14 25
22 105
46 99
100 178
10 77
66 126
139 156
31 154
34 87
20 149
3 183
28 85
122 168
36 53
95 159
88 103
17 93
56 80
2 20
105 178
106 192
112 172
147 162
16 49
70 132
26 118
7 184
27 108
99 193
62 109
179 198
35 77
112 163
46 154
39 73
131 178
117 176
99 198
9 31
106 163
17 79
131 195
102 191
158 182
107 192
34 96
60 90
26 166
28 51
