nnodes nedges type
200 1500 graph
nodename posx posy weight
0 11.961489570664057 3.2625070834290373 31
1 11.519118278821281 2.021226095630955 97
2 10.901933771773487 1.5341903607383391 38
3 11.30297542603235 3.160740833233133 43
4 10.81444633223841 2.6599797161197363 71
5 12.231240154975936 1.6371691009315545 95
6 11.172072219546882 2.7414081524356955 40
7 13.635893446833862 3.0453096528875525 16
8 12.371946262674344 3.3979409258948223 37
9 12.111609545058494 1.5171890977000664 61
10 11.589921512305423 1.0764041303006482 38
11 13.432176976522726 1.6728802778092673 23
12 12.02460387311706 1.6029930854053727 49
13 10.347084340399881 3.590744058007589 9
14 13.227518887491042 3.3190425468630633 3
15 12.219016910966205 2.8098583773405816 58
16 13.101619808648604 2.4749450986090724 87
17 10.879252684202319 3.299846252927275 25
18 12.615019112980315 3.3174711474908394 1
19 13.346277706076672 2.3122733328571266 78
20 10.786833724652263 3.6350037777264324 21
21 12.357094142134173 2.239332395105212 91
22 12.459624016561936 1.514105181307188 53
23 13.70905364303447 3.335686520181468 69
24 11.270114375837622 2.08201814446802 70
25 11.362902853513264 1.9212432204159982 44
26 12.744649851376444 3.4814616729088854 79
27 11.326978864801896 2.3955875130239237 42
28 12.680011026739692 1.9669826763864948 90
29 12.411036654428914 2.4561075871016684 84
30 11.74244836338889 3.3924460631232614 44
31 12.061478066989517 2.264110032053659 50
32 11.528318517291709 2.6619363715456887 67
33 10.556766641427677 1.836829662761344 76
34 13.392958021364974 1.7906434520236088 62
35 11.97510699215561 3.092443418265758 50
36 11.058161095635118 3.066302965792704 98
37 12.831830159199896 4.1597484172819446 96
38 10.495870605817606 2.767527064511457 31
39 13.332133573879338 2.6055963388398427 22
40 11.709409795613302 2.204490418711735 33
41 11.718403663451506 1.2930417866504877 77
42 10.397325457636477 2.770741486513285 13
43 11.180538003331819 1.8040402957765458 69
44 12.472553761850385 1.1759653884791077 3
45 12.392490191418059 1.2788631693828696 33
46 11.825803016999659 3.804264926792736 50
47 10.744267826937923 4.059584599612813 80
48 12.245671477830149 4.692194209818395 37
49 13.083438797280918 2.131420909610737 79
50 13.499950173989863 2.2066774666027293 67
51 12.988215267811805 4.04110733940554 15
52 13.683979606783264 4.143202009177255 92
53 13.020301743409098 3.774341616794347 83
54 10.65512969900421 3.2255374711317977 26
55 12.071435622859914 3.6159914384141465 66
56 13.672690362316297 2.723390736900565 1
57 12.115348269769417 2.002056718672427 54
58 11.4153665370092 4.182599341401909 53
59 13.211164909498835 3.8175760954490614 74
60 13.692547835085463 2.284882240209974 80
61 11.806803337237437 4.551021760319776 80
62 12.567248324080312 2.5470402979706113 63
63 10.244436978094818 2.5031082676942025 21
64 13.587137434624523 3.5196985989294363 67
65 11.340497775728041 4.0527678114938075 49
66 11.351774101082926 2.7568261076911953 10
67 11.857001831294864 2.661188571243997 47
68 12.043220208149648 2.8411507431723204 80
69 11.43582517063421 4.601112271040837 91
70 10.962580416560833 4.223088192024875 26
71 12.732208072241692 2.155251118737723 77
72 12.001032225031516 4.531014675847857 31
73 12.7520676926424 3.7575628968060606 70
74 11.645127974469585 1.7323765228529793 93
75 12.9406503382518 3.1903153056128977 40
76 11.567220816485808 2.218752866445249 87
77 11.077630530990549 2.250000043229713 54
78 11.404969013217904 4.403586788042808 71
79 12.549219174964549 1.7756232574888642 21
80 13.262275832067186 2.172854917916358 20
81 12.669538728398306 4.3504241304274265 7
82 11.888752872284474 1.7743021123060707 99
83 12.935067103320431 2.9563963850827615 79
84 13.275063779670697 3.075398948226693 8
85 11.449099813165915 1.7775382450936932 99
86 11.653042298897182 2.9284073158315285 87
87 10.896589289862042 3.4028583201648686 73
88 11.104414119378637 1.9757790425042496 45
89 11.20265217197581 2.9881002369794367 20
90 12.117195971958214 3.300635817499624 54
91 10.326365230682597 2.3713328047785116 95
92 12.943448186318394 1.7749249072815316 49
93 10.34149470267388 3.361872833157618 49
94 10.90895436675954 1.750059359510727 27
95 12.500351218141583 2.9200326768275535 98
96 11.554806794576935 4.034971693228528 1
97 11.253794170874816 4.497321661666596 70
98 11.575237253851538 4.205658936004999 45
99 10.87873429069044 1.782303176805832 83
100 11.463696228762062 3.014114537088261 96
101 11.767663603665785 4.114480991318218 94
102 10.149398130210978 3.2888441919573763 59
103 12.907416679827637 4.03578898582808 24
104 12.63797819619654 4.081556827568502 97
105 12.489898648249845 2.105866789070084 20
106 11.994783930441086 3.812447189814193 60
107 12.424013517916931 3.6112702242554264 7
108 13.088315686055115 3.5649276355009514 57
109 13.157784532789885 1.4513058116808082 67
110 11.112440269390346 4.069254078806203 88
111 11.916898610983417 2.472107981115368 72
112 13.05573311455806 2.9745513029658874 52
113 12.648917302032313 2.8636910566050116 84
114 12.336457485771213 4.366668475963691 60
115 13.318532526345678 3.6857471713937264 89
116 12.625899719063035 3.8903456685250424 52
117 12.340565420585403 3.256209286950553 93
118 12.714549659684161 1.681854224631864 30
119 10.375754934717799 3.0260690719775036 21
120 12.955178522979791 4.533704880185441 80
121 12.205937516545427 3.967980662051458 27
122 11.847564904224399 2.02533201411002 81
123 11.61366678393185 2.5562835925219223 50
124 10.370820007603296 2.6933767189176936 96
125 11.691932318645646 3.179849247349077 41
126 11.786967681474867 1.129801377677955 20
127 11.941503743901087 2.686921910134953 98
128 10.906270805420297 1.9749549549904535 100
129 12.11047540351295 2.4946659882970517 99
130 11.522594343966869 3.283926304637625 72
131 12.907419226691882 1.5345159312835486 5
132 11.486642591079807 3.4080328965681854 17
133 12.764915363977067 1.5195366914572128 86
134 13.539670575183873 2.5837587923809875 22
135 12.260489497909512 3.7838508248873577 75
136 13.432733029305489 3.7443254422932584 2
137 12.901452443796815 2.6474833396995074 25
138 10.973470201920291 1.3069739531183566 50
139 11.053023749582746 1.3995606450780467 58
140 10.879289390936053 2.1342345303115717 63
141 10.901911391761814 3.8541802641034923 75
142 13.034752885064595 2.663393357131684 65
143 13.504663095770407 2.4617459447439103 65
144 12.449681264692044 2.7244855490317454 50
145 13.30639082503655 2.871526790524627 34
146 11.431166013440551 1.5597367923982968 70
147 12.69555455427799 2.318241219725251 13
148 13.560149054844524 3.0430972816239157 38
149 10.626513507121645 2.993110165819009 21
150 11.262342967347832 1.241026941441321 46
151 11.08056196288896 3.2087617811248017 81
152 12.355402590033414 1.7247425091950446 8
153 11.082092167258674 3.8258694354611915 25
154 13.135238941378942 3.901770314250702 8
155 11.63497645613489 1.574455807298938 85
156 12.014074943646863 1.1864740375611507 47
157 12.008666422975239 1.343860157119809 79
158 10.510386674785964 2.5340426691582825 76
159 10.665927230287116 2.184773222603652 29
160 11.235881050875342 3.6066112828837102 21
161 10.679939436797461 3.8182118227457345 9
162 12.542919366656855 4.504872884651983 88
163 13.095039987807503 1.9481653125068674 23
164 12.250560810967746 4.2127975464833805 40
165 12.515974409625644 3.5262045815143033 44
166 10.49205263772721 3.836563467097713 11
167 10.420627523752783 2.074787665047037 10
168 12.014178256268856 4.2125686354355905 57
169 10.916423571349426 2.7451189959750923 77
170 13.826627224018326 2.8652963800196365 90
171 11.86607116641091 4.307319061994499 7
172 11.799046771964942 3.983028856320623 61
173 11.677369459063385 4.5201874677171565 53
174 12.819723681635192 2.3576534244512155 38
175 11.111375300745914 2.599171953917691 10
176 12.699570734612479 3.02671963170757 24
177 11.564390960463301 3.566230515287154 76
178 13.394645393586648 3.286293756244132 60
179 12.815325611590547 1.631902541231908 15
180 10.37441267357901 3.7572010886215823 33
181 10.178624691290747 3.090624498739846 83
182 11.008143568088625 3.6272418441093475 66
183 11.4184982621955 3.787760429594671 31
184 10.527223808131545 3.3389521555327137 28
185 12.258040190940536 1.9017929247105152 5
186 11.52196980233572 1.2840208941602582 31
187 13.575967130046145 3.2586475269914437 99
188 10.72436979738362 2.4913766282676972 69
189 11.271197828813115 3.9130831766550402 41
190 12.978155531553094 1.9183095313991614 51
191 12.237825889618655 4.521192387786214 73
192 10.775884083743854 4.371229550543042 100
193 10.598018759133293 2.1261123364819277 23
194 10.919304757493997 4.058457809597896 14
195 12.529800736684871 4.371043794790994 97
196 12.831714241262725 3.358535106726016 15
197 12.00994976130684 2.1015356181575298 17
198 12.375616552672927 4.160466332155749 35
199 11.029194207157374 2.4156005442475115 70
endpoint1 endpoint2
20 162
142 174
149 184
151 164
117 185
119 165
137 164
12 138
13 20
14 162
0 166
18 112
74 149
20 169
3 147
95 98
5 187
98 194
166 184
149 193
78 89
151 189
17 57
36 184
20 82
64 107
70 81
4 42
105 117
16 29
41 43
5 53
101 193
160 162
33 148
38 135
42 74
80 137
24 28
67 94
40 124
59 127
45 64
46 182
140 143
147 199
171 189
118 147
192 198
68 118
37 87
16 163
15 117
56 122
37 56
24 99
0 28
117 123
62 131
45 185
87 137
18 93
25 181
32 193
72 120
13 167
61 187
175 183
76 149
13 160
41 175
6 65
85 131
72 136
4 127
49 168
58 86
76 140
48 96
30 144
50 137
33 199
68 99
124 128
75 147
29 179
30 35
197 199
18 164
19 133
65 199
13 42
17 175
97 153
42 177
90 104
110 111
47 177
30 155
124 159
37 75
75 136
78 135
76 105
132 171
82 128
107 136
18 46
3 85
8 104
140 170
76 130
117 192
27 181
124 150
19 34
78 142
172 183
10 86
19 147
63 175
10 57
68 186
14 154
97 171
43 51
140 161
165 167
128 157
2 49
75 134
82 114
93 167
40 77
44 186
29 117
32 140
145 163
81 187
121 151
69 95
29 151
31 151
87 90
40 165
83 188
107 127
74 76
20 128
39 164
97 165
44 177
65 92
27 152
19 57
41 100
5 118
61 121
154 198
29 144
123 125
105 199
114 143
28 40
90 164
91 133
75 79
48 171
129 174
130 199
80 176
62 96
67 119
9 131
92 187
74 193
21 113
151 152
67 124
46 144
28 62
72 192
109 197
75 125
38 67
22 137
8 50
121 194
32 168
16 50
95 135
98 169
4 198
56 88
20 70
77 179
66 113
40 129
110 180
42 137
69 171
75 195
117 191
154 171
119 175
15 16
19 85
77 172
125 160
21 27
8 32
48 87
106 171
51 115
45 77
0 167
18 113
147 184
115 185
22 146
118 134
16 39
34 145
92 159
129 131
4 179
79 84
11 163
123 166
35 146
80 147
111 131
141 168
21 45
5 163
100 103
36 81
92 150
94 150
26 75
20 90
133 144
6 93
14 173
15 156
21 197
26 176
2 169
129 157
131 145
12 33
13 173
106 132
15 116
113 126
60 136
61 161
86 171
0 29
117 122
33 91
71 82
44 112
48 115
54 57
88 89
135 162
12 175
105 128
17 188
169 182
138 174
27 161
105 111
53 130
151 192
9 36
41 174
66 190
134 154
120 149
14 49
168 182
4 15
12 127
73 127
19 23
58 198
172 194
84 172
103 143
16 137
35 183
81 120
157 163
31 67
14 137
164 171
55 89
111 172
39 131
159 175
90 105
145 191
121 131
72 110
19 28
12 197
30 43
40 177
25 118
91 184
74 80
55 86
62 188
45 156
122 139
67 179
37 115
100 152
0 65
24 71
81 106
66 139
85 157
13 91
31 49
15 198
28 115
67 184
78 103
47 70
4 139
62 76
27 58
104 194
21 131
17 145
35 59
75 80
65 90
70 158
92 175
12 99
50 170
24 38
102 158
31 150
108 190
79 186
4 91
44 178
7 62
69 182
96 161
79 109
55 148
42 123
62 126
67 113
21 149
24 92
106 111
108 196
91 132
32 155
89 94
78 120
8 148
101 185
48 59
46 97
153 157
66 124
31 132
86 123
59 71
79 136
35 46
113 136
60 62
23 170
32 146
69 184
54 73
151 155
81 173
104 175
176 199
87 96
34 108
92 109
110 178
22 142
26 197
7 37
69 161
16 51
8 130
106 166
133 187
100 162
86 117
108 162
91 122
68 141
22 129
8 58
34 156
54 91
149 189
151 169
7 179
6 105
67 109
158 180
162 171
20 61
21 169
59 106
14 72
20 172
39 64
63 78
47 128
98 184
151 166
27 124
154 179
104 132
88 126
35 125
55 102
3 4
32 79
113 180
95 108
63 119
52 196
1 95
101 198
123 185
36 186
79 196
127 189
26 182
146 178
2 175
39 118
44 131
81 130
52 114
56 117
150 185
35 107
164 176
24 141
45 190
46 180
66 197
115 134
53 191
16 165
108 110
20 98
155 167
37 183
3 123
59 118
62 129
32 84
27 171
193 199
16 156
6 76
82 149
139 166
144 171
84 125
138 175
91 197
146 159
21 71
7 116
53 129
128 179
29 184
16 147
15 69
40 196
133 138
30 73
105 136
14 135
89 198
140 182
1 3
27 185
177 191
50 135
72 104
78 130
172 195
119 153
27 86
160 192
35 182
38 161
41 150
101 116
50 92
86 189
72 177
37 162
40 90
90 118
0 146
30 153
73 103
128 129
61 83
35 191
76 107
130 153
43 175
38 43
53 107
1 29
58 102
46 74
47 184
68 83
97 114
22 51
62 74
40 185
13 90
74 88
111 189
39 176
23 129
8 17
11 12
67 187
53 116
126 159
6 144
62 77
9 71
118 126
21 130
60 163
81 98
65 168
122 154
14 18
165 174
47 78
94 111
42 113
6 139
102 159
31 145
125 129
18 134
4 68
24 197
143 196
76 169
39 55
81 178
68 72
75 182
46 132
85 183
50 123
87 194
38 87
39 95
63 85
58 122
21 118
39 44
8 149
27 147
101 184
124 180
71 170
19 64
42 99
9 122
106 196
34 82
19 177
6 20
32 36
13 126
1 193
110 168
39 84
95 152
121 168
13 149
19 73
89 141
59 95
138 159
109 195
42 140
9 138
142 163
128 195
57 150
129 190
96 183
81 165
79 123
123 149
33 141
61 130
111 118
59 84
93 130
9 179
53 90
7 178
106 174
82 183
66 70
13 24
107 197
162 168
15 131
3 30
23 67
25 45
20 173
3 175
116 153
32 184
16 34
154 176
125 198
54 194
130 169
137 169
103 196
86 132
26 172
88 157
143 185
0 185
74 144
38 106
21 34
22 144
20 180
100 122
26 78
27 116
103 108
160 174
106 144
108 121
150 167
82 169
157 196
31 96
107 179
34 113
127 188
96 117
45 68
46 178
32 71
0 176
23 198
29 59
2 95
148 162
119 180
160 165
113 123
80 140
135 174
127 165
26 190
51 170
14 34
0 183
1 63
80 101
12 76
68 113
36 90
55 174
37 84
131 147
61 78
117 145
160 188
36 169
86 169
107 161
31 86
23 103
90 154
0 142
28 129
124 141
153 171
171 196
34 43
0 103
37 46
38 180
130 141
86 160
1 152
64 115
0 133
146 156
2 185
168 177
115 151
80 83
43 89
8 197
48 108
30 172
72 98
36 72
58 61
167 184
103 144
18 168
54 161
25 106
83 156
17 171
55 66
2 176
47 181
128 139
62 89
100 148
10 163
11 198
160 193
51 95
184 199
136 170
49 85
74 87
111 174
187 195
8 100
62 187
14 62
53 97
117 196
7 101
30 158
95 198
173 195
15 74
6 54
83 170
68 190
31 74
86 181
144 145
50 84
57 111
71 193
22 48
10 85
15 83
58 185
59 61
10 36
139 197
68 165
111 188
97 168
4 87
28 77
87 167
73 135
1 21
110 124
58 110
21 90
25 159
47 64
71 190
118 127
27 60
104 196
19 157
65 175
20 132
4 94
57 121
39 57
26 30
27 132
191 194
12 29
55 153
77 140
9 79
86 111
18 135
54 132
0 192
93 189
3 77
14 26
87 181
21 108
79 111
83 104
123 126
43 138
45 109
90 163
110 166
129 163
31 134
88 130
38 79
16 62
9 17
64 148
89 140
87 98
127 155
112 160
60 64
72 195
74 100
21 22
67 159
73 164
53 80
1 74
7 180
121 176
11 177
133 185
19 190
111 113
114 183
84 85
71 114
93 129
3 169
97 198
152 162
67 132
98 191
6 111
105 160
12 143
89 158
60 86
26 162
71 107
74 150
4 32
98 199
100 124
122 193
32 185
16 35
57 167
151 160
125 197
19 95
130 166
49 62
125 182
181 196
21 176
60 109
113 170
78 93
7 163
15 99
17 61
76 83
92 115
3 15
116 121
70 85
74 152
20 188
99 144
192 195
48 120
12 86
56 136
22 27
119 183
112 116
135 169
86 151
84 105
51 173
14 35
90 144
22 163
100 105
128 167
129 146
78 175
61 77
117 144
175 197
51 75
109 118
133 134
49 178
99 158
5 35
8 174
29 189
175 194
160 180
196 197
17 32
113 116
58 162
60 130
25 96
155 190
30 68
31 94
107 153
0 23
113 197
3 98
91 199
43 88
171 175
33 194
36 73
54 55
94 142
64 173
136 164
49 83
31 71
4 123
65 115
122 132
69 103
142 152
97 102
5 21
103 136
18 160
130 156
136 171
49 84
37 160
111 169
38 54
1 26
5 141
117 195
68 86
36 127
173 194
156 158
29 136
35 161
76 101
43 161
101 123
116 163
6 159
83 197
176 182
29 129
3 49
106 113
161 183
18 37
39 178
73 134
110 125
25 158
191 196
30 137
47 48
103 183
13 192
112 133
62 194
86 196
43 44
45 139
14 16
142 197
39 56
104 189
124 160
19 52
55 152
75 179
24 41
3 63
82 105
50 126
32 40
129 169
96 164
104 164
16 80
71 175
31 152
60 179
23 57
25 87
91 153
93 181
118 167
122 170
29 67
121 165
94 95
77 189
10 118
125 145
43 130
65 177
9 135
53 86
81 162
154 165
30 116
20 42
96 107
59 81
49 155
70 110
122 188
92 142
149 177
4 194
26 115
56 92
66 77
35 112
1 160
40 133
70 97
18 123
152 163
99 124
63 66
142 168
75 199
22 119
174 178
103 120
17 66
38 151
135 189
35 121
26 163
65 132
46 166
93 153
183 198
129 142
106 151
80 144
114 166
26 170
64 105
70 83
166 189
43 127
148 165
79 80
71 129
36 165
63 155
31 98
55 120
141 164
113 162
5 175
123 194
16 18
158 172
59 114
24 144
39 104
118 148
28 132
78 172
29 163
30 51
56 127
130 176
80 133
5 74
67 74
144 183
127 172
87 132
91 193
99 129
45 197
50 144
69 116
54 61
9 39
16 159
41 169
24 111
144 174
84 120
140 186
33 80
1 15
57 90
58 72
25 129
26 49
28 154
75 145
136 165
1 151
70 182
57 99
27 186
173 183
30 149
177 188
56 165
5 20
24 125
85 151
161 164
110 129
39 191
134 145
53 111
152 155
44 89
16 117
17 121
15 39
55 140
94 121
89 164
18 152
64 90
90 124
121 136
195 196
75 132
97 119
27 57
29 128
18 147
112 143
186 199
3 48
155 157
93 169
8 20
65 69
28 79
45 145
96 151
21 88
83 92
2 10
41 125
24 35
104 198
47 51
112 134
24 82
6 38
88 175
75 84
38 88
111 199
24 193
9 147
87 190
95 174
102 146
31 146
89 191
18 133
54 154
112 189
3 62
32 152
70 149
114 115
8 145
7 75
104 165
68 75
31 155
108 177
23 56
65 191
31 40
35 45
8 9
67 147
57 137
95 156
79 118
13 153
52 148
36 155
42 110
5 122
61 141
25 95
38 77
22 139
69 164
2 127
4 196
79 127
117 168
83 120
121 173
47 102
150 158
125 169
141 191
91 150
97 195
54 68
36 58
41 49
98 162
9 24
82 187
55 108
3 26
114 181
48 198
93 159
104 114
67 134
16 46
75 198
98 189
104 129
103 123
41 75
66 69
156 199
114 172
24 188
49 148
13 102
18 115
146 188
80 115
25 163
99 100
73 84
54 193
42 66
86 155
40 116
0 188
43 126
7 12
12 89
10 131
13 182
35 153
157 193
144 186
35 102
127 185
135 195
28 31
146 174
147 196
166 181
26 37
123 197
72 112
41 45
81 134
79 88
35 158
18 186
36 173
109 123
77 82
133 155
31 106
72 153
182 194
42 199
8 75
32 81
159 182
168 198
100 107
11 71
117 158
35 135
6 73
30 67
1 132
55 73
26 132
8 114
28 109
46 195
91 192
0 129
48 104
50 145
131 157
78 180
6 177
7 136
132 164
135 153
63 177
155 176
105 139
1 157
120 147
32 111
109 143
1 14
57 89
173 189
28 155
47 169
12 125
37 67
19 21
97 99
78 191
6 168
17 31
77 125
24 119
63 190
10 54
12 163
107 144
180 183
1 150
159 173
21 76
44 99
28 146
69 101
142 158
37 76
25 112
82 131
66 178
85 150
68 178
86 177
17 161
55 84
40 94
134 150
28 122
140 169
90 114
73 154
21 85
96 154
101 135
71 197
75 142
97 125
62 71
16 133
18 153
54 182
19 144
185 197
40 182
144 148
134 137
32 116
70 161
57 108
98 141
99 188
15 47
36 96
128 156
6 157
9 66
89 172
25 66
50 74
182 184
97 173
54 102
21 103
50 172
68 70
66 108
21 142
24 83
101 107
38 89
4 89
189 195
9 146
11 57
67 164
73 141
58 116
121 153
46 88
104 191
6 143
9 76
34 92
35 86
112 190
46 129
31 34
87 193
13 72
11 62
32 153
69 177
58 127
52 142
56 73
75 170
102 138
139 156
52 61
21 144
23 59
63 192
49 111
32 33
13 65
31 43
70 114
147 157
32 144
39 40
98 145
26 111
12 14
3 47
25 94
70 132
53 84
1 118
94 181
101 173
88 110
51 98
41 88
42 86
100 160
27 29
66 112
30 122
87 127
24 175
138 155
115 168
67 128
1 79
2 119
88 117
36 138
19 82
6 107
100 175
125 161
180 199
0 48
96 100
